 1.00000000e+06 -7.04615648e-01 -2.39132325e-03 
 1.05932636e+06 -7.04617844e-01 -2.53317874e-03 
 1.12217233e+06 -7.04620308e-01 -2.68344755e-03 
 1.18874673e+06 -7.04623073e-01 -2.84262834e-03 
 1.25927075e+06 -7.04626176e-01 -3.01124928e-03 
 1.33397869e+06 -7.04629657e-01 -3.18986977e-03 
 1.41311879e+06 -7.04633564e-01 -3.37908225e-03 
 1.49695398e+06 -7.04637948e-01 -3.57951420e-03 
 1.58576281e+06 -7.04642868e-01 -3.79183012e-03 
 1.67984034e+06 -7.04648389e-01 -4.01673373e-03 
 1.77949915e+06 -7.04654584e-01 -4.25497027e-03 
 1.88507036e+06 -7.04661536e-01 -4.50732889e-03 
 1.99690471e+06 -7.04669337e-01 -4.77464519e-03 
 2.11537380e+06 -7.04678091e-01 -5.05780396e-03 
 2.24087122e+06 -7.04687914e-01 -5.35774196e-03 
 2.37381395e+06 -7.04698937e-01 -5.67545097e-03 
 2.51464369e+06 -7.04711306e-01 -6.01198089e-03 
 2.66382834e+06 -7.04725185e-01 -6.36844309e-03 
 2.82186357e+06 -7.04740759e-01 -6.74601388e-03 
 2.98927446e+06 -7.04758235e-01 -7.14593820e-03 
 3.16661723e+06 -7.04777845e-01 -7.56953347e-03 
 3.35448110e+06 -7.04799850e-01 -8.01819358e-03 
 3.55349024e+06 -7.04824540e-01 -8.49339321e-03 
 3.76430588e+06 -7.04852245e-01 -8.99669214e-03 
 3.98762844e+06 -7.04883331e-01 -9.52973997e-03 
 4.22419991e+06 -7.04918212e-01 -1.00942808e-02 
 4.47480631e+06 -7.04957349e-01 -1.06921585e-02 
 4.74028027e+06 -7.05001261e-01 -1.13253213e-02 
 5.02150383e+06 -7.05050530e-01 -1.19958279e-02 
 5.31941137e+06 -7.05105809e-01 -1.27058524e-02 
 5.63499267e+06 -7.05167830e-01 -1.34576901e-02 
 5.96929627e+06 -7.05237412e-01 -1.42537632e-02 
 6.32343288e+06 -7.05315476e-01 -1.50966266e-02 
 6.69857912e+06 -7.05403052e-01 -1.59889740e-02 
 7.09598142e+06 -7.05501297e-01 -1.69336431e-02 
 7.51696016e+06 -7.05611507e-01 -1.79336216e-02 
 7.96291403e+06 -7.05735132e-01 -1.89920529e-02 
 8.43532472e+06 -7.05873800e-01 -2.01122408e-02 
 8.93576181e+06 -7.06029332e-01 -2.12976543e-02 
 9.46588802e+06 -7.06203768e-01 -2.25519321e-02 
 1.00274647e+07 -7.06399394e-01 -2.38788851e-02 
 1.06223576e+07 -7.06618767e-01 -2.52824995e-02 
 1.12525434e+07 -7.06864747e-01 -2.67669370e-02 
 1.19201159e+07 -7.07140537e-01 -2.83365343e-02 
 1.26272929e+07 -7.07449714e-01 -2.99958002e-02 
 1.33764242e+07 -7.07796281e-01 -3.17494102e-02 
 1.41699988e+07 -7.08184705e-01 -3.36021978e-02 
 1.50106532e+07 -7.08619978e-01 -3.55591422e-02 
 1.59011806e+07 -7.09107665e-01 -3.76253511e-02 
 1.68445397e+07 -7.09653976e-01 -3.98060385e-02 
 1.78438649e+07 -7.10265828e-01 -4.21064955e-02 
 1.89024764e+07 -7.10950920e-01 -4.45320532e-02 
 2.00238915e+07 -7.11717815e-01 -4.70880365e-02 
 2.12118361e+07 -7.12576024e-01 -4.97797071e-02 
 2.24702570e+07 -7.13536099e-01 -5.26121934e-02 
 2.38033356e+07 -7.14609730e-01 -5.55904058e-02 
 2.52155008e+07 -7.15809844e-01 -5.87189341e-02 
 2.67114446e+07 -7.17150715e-01 -6.20019257e-02 
 2.82961373e+07 -7.18648069e-01 -6.54429404e-02 
 2.99748441e+07 -7.20319189e-01 -6.90447793e-02 
 3.17531424e+07 -7.22183023e-01 -7.28092842e-02 
 3.36369407e+07 -7.24260281e-01 -7.67371047e-02 
 3.56324979e+07 -7.26573518e-01 -8.08274286e-02 
 3.77464443e+07 -7.29147208e-01 -8.50776723e-02 
 3.99858033e+07 -7.32007786e-01 -8.94831302e-02 
 4.23580154e+07 -7.35183659e-01 -9.40365777e-02 
 4.48709622e+07 -7.38705174e-01 -9.87278295e-02 
 4.75329930e+07 -7.42604531e-01 -1.03543252e-01 
 5.03529523e+07 -7.46915626e-01 -1.08465232e-01 
 5.33402096e+07 -7.51673804e-01 -1.13471611e-01 
 5.65046900e+07 -7.56915520e-01 -1.18535083e-01 
 5.98569075e+07 -7.62677873e-01 -1.23622588e-01 
 6.34079998e+07 -7.68998007e-01 -1.28694697e-01 
 6.71697655e+07 -7.75912363e-01 -1.33705032e-01 
 7.11547031e+07 -7.83455767e-01 -1.38599739e-01 
 7.53760525e+07 -7.91660340e-01 -1.43317057e-01 
 7.98478392e+07 -8.00554251e-01 -1.47787030e-01 
 8.45849207e+07 -8.10160299e-01 -1.51931396e-01 
 8.96030360e+07 -8.20494362e-01 -1.55663719e-01 
 9.49188578e+07 -8.31563746e-01 -1.58889814e-01 
 1.00550048e+08 -8.43365490e-01 -1.61508496e-01 
 1.06515316e+08 -8.55884694e-01 -1.63412701e-01 
 1.12834482e+08 -8.69092966e-01 -1.64491010e-01 
 1.19528541e+08 -8.82947072e-01 -1.64629538e-01 
 1.26619734e+08 -8.97387903e-01 -1.63714206e-01 
 1.34131621e+08 -9.12339862e-01 -1.61633292e-01 
 1.42089162e+08 -9.27710743e-01 -1.58280205e-01 
 1.50518795e+08 -9.43392193e-01 -1.53556330e-01 
 1.59448526e+08 -9.59260758e-01 -1.47373835e-01 
 1.68908027e+08 -9.75179530e-01 -1.39658253e-01 
 1.78928725e+08 -9.91000317e-01 -1.30350714e-01 
 1.89543915e+08 -1.00656625e+00 -1.19409684e-01 
 2.00788865e+08 -1.02171466e+00 -1.06812115e-01 
 2.12700937e+08 -1.03628012e+00 -9.25539419e-02 
 2.25319709e+08 -1.05009740e+00 -7.66499422e-02 
 2.38687107e+08 -1.06300421e+00 -5.91329923e-02 
 2.52847543e+08 -1.07484361e+00 -4.00528242e-02 
 2.67848067e+08 -1.08546590e+00 -1.94744172e-02 
 2.83738518e+08 -1.09473003e+00  2.52381889e-03 
 3.00571690e+08 -1.10250446e+00  2.58519065e-02 
 3.18403514e+08 -1.10866748e+00  5.04100543e-02 
 3.37293235e+08 -1.11310719e+00  7.60901713e-02 
 3.57303614e+08 -1.11572110e+00  1.02777042e-01 
 3.78501137e+08 -1.11641560e+00  1.30349099e-01 
 4.00956231e+08 -1.11510537e+00  1.58678782e-01 
 4.24743504e+08 -1.11171292e+00  1.87632481e-01 
 4.49941989e+08 -1.10616834e+00  2.17070151e-01 
 4.76635408e+08 -1.09840940e+00  2.46844649e-01 
 5.04912451e+08 -1.08838209e+00  2.76800942e-01 
 5.34867068e+08 -1.07604159e+00  3.06775287e-01 
 5.66598783e+08 -1.06135381e+00  3.36594567e-01 
 6.00213026e+08 -1.04429733e+00  3.66075907e-01 
 6.35821479e+08 -1.02486582e+00  3.95026749e-01 
 6.73542451e+08 -1.00307073e+00  4.23245521e-01 
 7.13501272e+08 -9.78944171e-01  4.50523021e-01 
 7.55830704e+08 -9.52541772e-01  4.76644619e-01 
 8.00671387e+08 -9.23945287e-01  5.01393302e-01 
 8.48172305e+08 -8.93264734e-01  5.24553561e-01 
 8.98491278e+08 -8.60639800e-01  5.45916019e-01 
 9.51795494e+08 -8.26240286e-01  5.65282649e-01 
 1.00826205e+09 -7.90265406e-01  5.82472347e-01 
 1.06807857e+09 -7.52941806e-01  5.97326559e-01 
 1.13144378e+09 -7.14520266e-01  6.09714637e-01 
 1.19856822e+09 -6.75271132e-01  6.19538552e-01 
 1.26967491e+09 -6.35478660e-01  6.26736650e-01 
 1.34500010e+09 -5.95434511e-01  6.31286148e-01 
 1.42479405e+09 -5.55430749e-01  6.33204191e-01 
 1.50932190e+09 -5.15752720e-01  6.32547353e-01 
 1.59886447e+09 -4.76672221e-01  6.29409615e-01 
 1.69371927e+09 -4.38441321e-01  6.23918958e-01 
 1.79420147e+09 -4.01287151e-01  6.16232790e-01 
 1.90064491e+09 -3.65407892e-01  6.06532523e-01 
 2.01340325e+09 -3.30970082e-01  5.95017635e-01 
 2.13285113e+09 -2.98107273e-01  5.81899563e-01 
 2.25938542e+09 -2.66919959e-01  5.67395752e-01 
 2.39342653e+09 -2.37476646e-01  5.51724133e-01 
 2.53541981e+09 -2.09815852e-01  5.35098222e-01 
 2.68583703e+09 -1.83948823e-01  5.17722998e-01 
 2.84517796e+09 -1.59862734e-01  4.99791614e-01 
 3.01397201e+09 -1.37524154e-01  4.81482950e-01 
 3.19277999e+09 -1.16882585e-01  4.62959967e-01 
 3.38219600e+09 -9.78739219e-02  4.44368786e-01 
 3.58284937e+09 -8.04237063e-02  4.25838394e-01 
 3.79540678e+09 -6.44500921e-02  4.07480864e-01 
 4.02057444e+09 -4.98664731e-02  3.89391971e-01 
 4.25910048e+09 -3.65837478e-02  3.71652122e-01 
 4.51177740e+09 -2.45122187e-02  3.54327480e-01 
 4.77944472e+09 -1.35631440e-02  3.37471211e-01 
 5.06299177e+09 -3.64996453e-03  3.21124795e-01 
 5.36336063e+09  5.31075736e-03  3.05319340e-01 
 5.68154929e+09  1.33986531e-02  2.90076854e-01 
 6.01861492e+09  2.06890790e-02  2.75411461e-01 
 6.37567742e+09  2.72528276e-02  2.61330531e-01 
 6.75392314e+09  3.31559859e-02  2.47835713e-01 
 7.15460881e+09  3.84599119e-02  2.34923873e-01 
 7.57906569e+09  4.32213007e-02  2.22587932e-01 
 8.02870406e+09  4.74923211e-02  2.10817599e-01 
 8.50501783e+09  5.13208005e-02  1.99600021e-01 
 9.00958956e+09  5.47504453e-02  1.88920343e-01 
 9.54409570e+09  5.78210823e-02  1.78762189e-01 
 1.01103121e+10  6.05689124e-02  1.69108071e-01 
 1.07101201e+10  6.30267674e-02  1.59939741e-01 
 1.13455126e+10  6.52243654e-02  1.51238477e-01 
 1.20186005e+10  6.71885594e-02  1.42985327e-01 
 1.27316203e+10  6.89435760e-02  1.35161313e-01 
 1.34869410e+10  7.05112427e-02  1.27747587e-01 
 1.42870721e+10  7.19112013e-02  1.20725566e-01 
 1.51346720e+10  7.31611080e-02  1.14077035e-01 
 1.60325570e+10  7.42768188e-02  1.07784227e-01 
 1.69837102e+10  7.52725613e-02  1.01829888e-01 
 1.79912919e+10  7.61610917e-02  9.61973179e-02 
 1.90586497e+10  7.69538399e-02  9.08704063e-02 
 2.01893300e+10  7.76610410e-02  8.58336507e-02 
 2.13870894e+10  7.82918553e-02  8.10721690e-02 
 2.26559075e+10  7.88544775e-02  7.65717033e-02 
 2.40000000e+10  7.93562352e-02  7.23186178e-02 
