 0.00000000e+00  0.00000000e+00 
 2.00000000e-11  6.14147907e-05 
 4.00000000e-11 -1.10368712e-03 
 6.00000000e-11 -2.58372283e-03 
 8.00000000e-11 -4.12527280e-03 
 1.00000000e-10 -5.64661431e-03 
 1.20000000e-10 -7.13551346e-03 
 1.40000000e-10 -8.59216160e-03 
 1.60000000e-10 -1.00187805e-02 
 1.80000000e-10 -1.14177492e-02 
 2.00000000e-10 -1.27912666e-02 
 2.20000000e-10 -1.41413387e-02 
 2.40000000e-10 -1.54697474e-02 
 2.60000000e-10 -1.67781151e-02 
 2.80000000e-10 -1.80678689e-02 
 3.00000000e-10 -1.93403139e-02 
 3.20000000e-10 -2.05965868e-02 
 3.40000000e-10 -2.18377317e-02 
 3.60000000e-10 -2.30646473e-02 
 3.80000000e-10 -2.42781636e-02 
 4.00000000e-10 -2.54789842e-02 
 4.20000000e-10 -2.66677635e-02 
 4.40000000e-10 -2.78450455e-02 
 4.60000000e-10 -2.90113403e-02 
 4.80000000e-10 -3.01670615e-02 
 5.00000000e-10 -3.13126010e-02 
 5.20000000e-10 -3.24482659e-02 
 5.40000000e-10 -3.35743511e-02 
 5.60000000e-10 -3.46910767e-02 
 5.80000000e-10 -3.57986583e-02 
 6.00000000e-10 -3.68972453e-02 
 6.20000000e-10 -3.79869884e-02 
 6.40000000e-10 -3.90679793e-02 
 6.60000000e-10 -4.01403159e-02 
 6.80000000e-10 -4.12040430e-02 
 7.00000000e-10 -4.22592157e-02 
 7.20000000e-10 -4.33058407e-02 
 7.40000000e-10 -4.43439383e-02 
 7.60000000e-10 -4.53734846e-02 
 7.80000000e-10 -4.63944716e-02 
 8.00000000e-10 -4.74068511e-02 
 8.20000000e-10 -4.84105921e-02 
 8.40000000e-10 -4.94056270e-02 
 8.60000000e-10 -5.03919067e-02 
 8.80000000e-10 -5.13693480e-02 
 9.00000000e-10 -5.23378873e-02 
 9.20000000e-10 -5.32974296e-02 
 9.40000000e-10 -5.42478997e-02 
 9.60000000e-10 -5.51891934e-02 
 9.80000000e-10 -5.61212268e-02 
 1.00000000e-09 -5.70438885e-02 
 1.02000000e-09 -5.79570881e-02 
 1.04000000e-09 -5.88607091e-02 
 1.06000000e-09 -5.97546561e-02 
 1.08000000e-09 -6.06388092e-02 
 1.10000000e-09 -6.15130695e-02 
 1.12000000e-09 -6.23773149e-02 
 1.14000000e-09 -6.32314442e-02 
 1.16000000e-09 -6.40753342e-02 
 1.18000000e-09 -6.49088824e-02 
 1.20000000e-09 -6.57319655e-02 
 1.22000000e-09 -6.65444806e-02 
 1.24000000e-09 -6.73463049e-02 
 1.26000000e-09 -6.81373356e-02 
 1.28000000e-09 -6.89174513e-02 
 1.30000000e-09 -6.96865501e-02 
 1.32000000e-09 -7.04445122e-02 
 1.34000000e-09 -7.11912370e-02 
 1.36000000e-09 -7.19266069e-02 
 1.38000000e-09 -7.26505232e-02 
 1.40000000e-09 -7.33628707e-02 
 1.42000000e-09 -7.40635527e-02 
 1.44000000e-09 -7.47524570e-02 
 1.46000000e-09 -7.54294894e-02 
 1.48000000e-09 -7.60945406e-02 
 1.50000000e-09 -7.67475192e-02 
 1.52000000e-09 -7.73883192e-02 
 1.54000000e-09 -7.80168520e-02 
 1.56000000e-09 -7.86330153e-02 
 1.58000000e-09 -7.92367236e-02 
 1.60000000e-09 -7.98278780e-02 
 1.62000000e-09 -8.04063965e-02 
 1.64000000e-09 -8.09721839e-02 
 1.66000000e-09 -8.15251616e-02 
 1.68000000e-09 -8.20652384e-02 
 1.70000000e-09 -8.25923392e-02 
 1.72000000e-09 -8.31063768e-02 
 1.74000000e-09 -8.36072797e-02 
 1.76000000e-09 -8.40949650e-02 
 1.78000000e-09 -8.45693647e-02 
 1.80000000e-09 -8.50304001e-02 
 1.82000000e-09 -8.54780072e-02 
 1.84000000e-09 -8.59121114e-02 
 1.86000000e-09 -8.63326527e-02 
 1.88000000e-09 -8.67395608e-02 
 1.90000000e-09 -8.71327796e-02 
 1.92000000e-09 -8.75122431e-02 
 1.94000000e-09 -8.78778993e-02 
 1.96000000e-09 -8.82296867e-02 
 1.98000000e-09 -8.85675572e-02 
 2.00000000e-09 -8.88914539e-02 
 2.02000000e-09 -8.92013326e-02 
 2.04000000e-09 -8.94971410e-02 
 2.06000000e-09 -8.97788392e-02 
 2.08000000e-09 -9.00463792e-02 
 2.10000000e-09 -9.02997253e-02 
 2.12000000e-09 -9.05388341e-02 
 2.14000000e-09 -9.07636742e-02 
 2.16000000e-09 -9.09742065e-02 
 2.18000000e-09 -9.11704039e-02 
 2.20000000e-09 -9.13522321e-02 
 2.22000000e-09 -9.15196682e-02 
 2.24000000e-09 -9.16726822e-02 
 2.26000000e-09 -9.18112558e-02 
 2.28000000e-09 -9.19353635e-02 
 2.30000000e-09 -9.20449912e-02 
 2.32000000e-09 -9.21401181e-02 
 2.34000000e-09 -9.22207343e-02 
 2.36000000e-09 -9.22868239e-02 
 2.38000000e-09 -9.23383810e-02 
 2.40000000e-09 -9.23753944e-02 
 2.42000000e-09 -9.23978626e-02 
 2.44000000e-09 -9.24057789e-02 
 2.46000000e-09 -9.23991463e-02 
 2.48000000e-09 -9.23779625e-02 
 2.50000000e-09 -9.23422350e-02 
 2.52000000e-09 -9.22919661e-02 
 2.54000000e-09 -9.22271675e-02 
 2.56000000e-09 -9.21478461e-02 
 2.58000000e-09 -9.20540181e-02 
 2.60000000e-09 -9.19456949e-02 
 2.62000000e-09 -9.18228969e-02 
 2.64000000e-09 -9.16856403e-02 
 2.66000000e-09 -9.15339497e-02 
 2.68000000e-09 -9.13678458e-02 
 2.70000000e-09 -9.11873577e-02 
 2.72000000e-09 -9.09925105e-02 
 2.74000000e-09 -9.07833375e-02 
 2.76000000e-09 -9.05598685e-02 
 2.78000000e-09 -9.03221412e-02 
 2.80000000e-09 -9.00701896e-02 
 2.82000000e-09 -8.98040557e-02 
 2.84000000e-09 -8.95237782e-02 
 2.86000000e-09 -8.92294033e-02 
 2.88000000e-09 -8.89209740e-02 
 2.90000000e-09 -8.85985409e-02 
 2.92000000e-09 -8.82621513e-02 
 2.94000000e-09 -8.79118601e-02 
 2.96000000e-09 -8.75477190e-02 
 2.98000000e-09 -8.71697870e-02 
 3.00000000e-09 -8.67781202e-02 
 3.02000000e-09 -8.63727818e-02 
 3.04000000e-09 -8.59538322e-02 
 3.06000000e-09 -8.55213388e-02 
 3.08000000e-09 -8.50753662e-02 
 3.10000000e-09 -8.46159859e-02 
 3.12000000e-09 -8.41432669e-02 
 3.14000000e-09 -8.36572847e-02 
 3.16000000e-09 -8.31581123e-02 
 3.18000000e-09 -8.26458295e-02 
 3.20000000e-09 -8.21205135e-02 
 3.22000000e-09 -8.15822479e-02 
 3.24000000e-09 -8.10311141e-02 
 3.26000000e-09 -8.04671996e-02 
 3.28000000e-09 -7.98905900e-02 
 3.30000000e-09 -7.93013768e-02 
 3.32000000e-09 -7.86996494e-02 
 3.34000000e-09 -7.80855033e-02 
 3.36000000e-09 -7.74590318e-02 
 3.38000000e-09 -7.68203342e-02 
 3.40000000e-09 -7.61695079e-02 
 3.42000000e-09 -7.55066559e-02 
 3.44000000e-09 -7.48318794e-02 
 3.46000000e-09 -7.41452851e-02 
 3.48000000e-09 -7.34469782e-02 
 3.50000000e-09 -7.27370689e-02 
 3.52000000e-09 -7.20156660e-02 
 3.54000000e-09 -7.12828837e-02 
 3.56000000e-09 -7.05388343e-02 
 3.58000000e-09 -6.97836354e-02 
 3.60000000e-09 -6.90174031e-02 
 3.62000000e-09 -6.82402585e-02 
 3.64000000e-09 -6.74523212e-02 
 3.66000000e-09 -6.66537157e-02 
 3.68000000e-09 -6.58445651e-02 
 3.70000000e-09 -6.50249972e-02 
 3.72000000e-09 -6.41951386e-02 
 3.74000000e-09 -6.33551204e-02 
 3.76000000e-09 -6.25050726e-02 
 3.78000000e-09 -6.16451293e-02 
 3.80000000e-09 -6.07754238e-02 
 3.82000000e-09 -5.98960935e-02 
 3.84000000e-09 -5.90072748e-02 
 3.86000000e-09 -5.81091082e-02 
 3.88000000e-09 -5.72017331e-02 
 3.90000000e-09 -5.62852930e-02 
 3.92000000e-09 -5.53599303e-02 
 3.94000000e-09 -5.44257915e-02 
 3.96000000e-09 -5.34830220e-02 
 3.98000000e-09 -5.25317709e-02 
 4.00000000e-09 -5.15721865e-02 
 4.02000000e-09 -5.06044207e-02 
 4.04000000e-09 -4.96286245e-02 
 4.06000000e-09 -4.86449524e-02 
 4.08000000e-09 -4.76535581e-02 
 4.10000000e-09 -4.66545987e-02 
 4.12000000e-09 -4.56482305e-02 
 4.14000000e-09 -4.46346128e-02 
 4.16000000e-09 -4.36139045e-02 
 4.18000000e-09 -4.25862674e-02 
 4.20000000e-09 -4.15518625e-02 
 4.22000000e-09 -4.05108540e-02 
 4.24000000e-09 -3.94634053e-02 
 4.26000000e-09 -3.84096825e-02 
 4.28000000e-09 -3.73498512e-02 
 4.30000000e-09 -3.62840797e-02 
 4.32000000e-09 -3.52125356e-02 
 4.34000000e-09 -3.41353890e-02 
 4.36000000e-09 -3.30528095e-02 
 4.38000000e-09 -3.19649692e-02 
 4.40000000e-09 -3.08720394e-02 
 4.42000000e-09 -2.97741940e-02 
 4.44000000e-09 -2.86716059e-02 
 4.46000000e-09 -2.75644506e-02 
 4.48000000e-09 -2.64529028e-02 
 4.50000000e-09 -2.53371393e-02 
 4.52000000e-09 -2.42173365e-02 
 4.54000000e-09 -2.30936725e-02 
 4.56000000e-09 -2.19663249e-02 
 4.58000000e-09 -2.08354733e-02 
 4.60000000e-09 -1.97012965e-02 
 4.62000000e-09 -1.85639753e-02 
 4.64000000e-09 -1.74236896e-02 
 4.66000000e-09 -1.62806212e-02 
 4.68000000e-09 -1.51349509e-02 
 4.70000000e-09 -1.39868617e-02 
 4.72000000e-09 -1.28365352e-02 
 4.74000000e-09 -1.16841550e-02 
 4.76000000e-09 -1.05299037e-02 
 4.78000000e-09 -9.37396557e-03 
 4.80000000e-09 -8.21652378e-03 
 4.82000000e-09 -7.05776312e-03 
 4.84000000e-09 -5.89786737e-03 
 4.86000000e-09 -4.73702172e-03 
 4.88000000e-09 -3.57541034e-03 
 4.90000000e-09 -2.41321874e-03 
 4.92000000e-09 -1.25063137e-03 
 4.94000000e-09 -8.78338990e-05 
 4.96000000e-09  1.07498905e-03 
 4.98000000e-09  2.23765176e-03 
 5.00000000e-09  3.39996959e-03 
 5.02000000e-09  4.56175687e-03 
 5.04000000e-09  5.72282909e-03 
 5.06000000e-09  6.88300077e-03 
 5.08000000e-09  8.04208762e-03 
 5.10000000e-09  9.19990447e-03 
 5.12000000e-09  1.03562674e-02 
 5.14000000e-09  1.15109917e-02 
 5.16000000e-09  1.26638939e-02 
 5.18000000e-09  1.38147898e-02 
 5.20000000e-09  1.49634967e-02 
 5.22000000e-09  1.61098311e-02 
 5.24000000e-09  1.72536108e-02 
 5.26000000e-09  1.83946532e-02 
 5.28000000e-09  1.95327771e-02 
 5.30000000e-09  2.06678008e-02 
 5.32000000e-09  2.17995439e-02 
 5.34000000e-09  2.29278260e-02 
 5.36000000e-09  2.40524678e-02 
 5.38000000e-09  2.51732898e-02 
 5.40000000e-09  2.62901142e-02 
 5.42000000e-09  2.74027628e-02 
 5.44000000e-09  2.85110589e-02 
 5.46000000e-09  2.96148260e-02 
 5.48000000e-09  3.07138888e-02 
 5.50000000e-09  3.18080722e-02 
 5.52000000e-09  3.28972027e-02 
 5.54000000e-09  3.39811067e-02 
 5.56000000e-09  3.50596124e-02 
 5.58000000e-09  3.61325482e-02 
 5.60000000e-09  3.71997439e-02 
 5.62000000e-09  3.82610297e-02 
 5.64000000e-09  3.93162375e-02 
 5.66000000e-09  4.03651996e-02 
 5.68000000e-09  4.14077498e-02 
 5.70000000e-09  4.24437224e-02 
 5.72000000e-09  4.34729536e-02 
 5.74000000e-09  4.44952798e-02 
 5.76000000e-09  4.55105393e-02 
 5.78000000e-09  4.65185711e-02 
 5.80000000e-09  4.75192158e-02 
 5.82000000e-09  4.85123148e-02 
 5.84000000e-09  4.94977111e-02 
 5.86000000e-09  5.04752487e-02 
 5.88000000e-09  5.14447731e-02 
 5.90000000e-09  5.24061310e-02 
 5.92000000e-09  5.33591707e-02 
 5.94000000e-09  5.43037414e-02 
 5.96000000e-09  5.52396942e-02 
 5.98000000e-09  5.61668812e-02 
 6.00000000e-09  5.70851564e-02 
 6.02000000e-09  5.79943747e-02 
 6.04000000e-09  5.88943932e-02 
 6.06000000e-09  5.97850697e-02 
 6.08000000e-09  6.06662643e-02 
 6.10000000e-09  6.15378380e-02 
 6.12000000e-09  6.23996540e-02 
 6.14000000e-09  6.32515765e-02 
 6.16000000e-09  6.40934718e-02 
 6.18000000e-09  6.49252074e-02 
 6.20000000e-09  6.57466531e-02 
 6.22000000e-09  6.65576795e-02 
 6.24000000e-09  6.73581598e-02 
 6.26000000e-09  6.81479681e-02 
 6.28000000e-09  6.89269810e-02 
 6.30000000e-09  6.96950762e-02 
 6.32000000e-09  7.04521337e-02 
 6.34000000e-09  7.11980348e-02 
 6.36000000e-09  7.19326630e-02 
 6.38000000e-09  7.26559033e-02 
 6.40000000e-09  7.33676429e-02 
 6.42000000e-09  7.40677706e-02 
 6.44000000e-09  7.47561771e-02 
 6.46000000e-09  7.54327551e-02 
 6.48000000e-09  7.60973990e-02 
 6.50000000e-09  7.67500053e-02 
 6.52000000e-09  7.73904724e-02 
 6.54000000e-09  7.80187006e-02 
 6.56000000e-09  7.86345922e-02 
 6.58000000e-09  7.92380514e-02 
 6.60000000e-09  7.98289844e-02 
 6.62000000e-09  8.04072995e-02 
 6.64000000e-09  8.09729069e-02 
 6.66000000e-09  8.15257188e-02 
 6.68000000e-09  8.20656497e-02 
 6.70000000e-09  8.25926157e-02 
 6.72000000e-09  8.31065353e-02 
 6.74000000e-09  8.36073289e-02 
 6.76000000e-09  8.40949192e-02 
 6.78000000e-09  8.45692306e-02 
 6.80000000e-09  8.50301900e-02 
 6.82000000e-09  8.54777261e-02 
 6.84000000e-09  8.59117699e-02 
 6.86000000e-09  8.63322544e-02 
 6.88000000e-09  8.67391149e-02 
 6.90000000e-09  8.71322886e-02 
 6.92000000e-09  8.75117151e-02 
 6.94000000e-09  8.78773359e-02 
 6.96000000e-09  8.82290950e-02 
 6.98000000e-09  8.85669380e-02 
 7.00000000e-09  8.88908134e-02 
 7.02000000e-09  8.92006713e-02 
 7.04000000e-09  8.94964643e-02 
 7.06000000e-09  8.97781471e-02 
 7.08000000e-09  9.00456765e-02 
 7.10000000e-09  9.02990116e-02 
 7.12000000e-09  9.05381137e-02 
 7.14000000e-09  9.07629464e-02 
 7.16000000e-09  9.09734753e-02 
 7.18000000e-09  9.11696684e-02 
 7.20000000e-09  9.13514959e-02 
 7.22000000e-09  9.15189300e-02 
 7.24000000e-09  9.16719456e-02 
 7.26000000e-09  9.18105192e-02 
 7.28000000e-09  9.19346302e-02 
 7.30000000e-09  9.20442596e-02 
 7.32000000e-09  9.21393912e-02 
 7.34000000e-09  9.22200106e-02 
 7.36000000e-09  9.22861059e-02 
 7.38000000e-09  9.23376673e-02 
 7.40000000e-09  9.23746874e-02 
 7.42000000e-09  9.23971608e-02 
 7.44000000e-09  9.24050846e-02 
 7.46000000e-09  9.23984578e-02 
 7.48000000e-09  9.23772821e-02 
 7.50000000e-09  9.23415611e-02 
 7.52000000e-09  9.22913006e-02 
 7.54000000e-09  9.22265089e-02 
 7.56000000e-09  9.21471964e-02 
 7.58000000e-09  9.20533756e-02 
 7.60000000e-09  9.19450615e-02 
 7.62000000e-09  9.18222711e-02 
 7.64000000e-09  9.16850237e-02 
 7.66000000e-09  9.15333409e-02 
 7.68000000e-09  9.13672464e-02 
 7.70000000e-09  9.11867661e-02 
 7.72000000e-09  9.09919283e-02 
 7.74000000e-09  9.07827633e-02 
 7.76000000e-09  9.05593038e-02 
 7.78000000e-09  9.03215844e-02 
 7.80000000e-09  9.00696423e-02 
 7.82000000e-09  8.98035164e-02 
 7.84000000e-09  8.95232483e-02 
 7.86000000e-09  8.92288814e-02 
 7.88000000e-09  8.89204615e-02 
 7.90000000e-09  8.85980363e-02 
 7.92000000e-09  8.82616559e-02 
 7.94000000e-09  8.79113726e-02 
 7.96000000e-09  8.75472406e-02 
 7.98000000e-09  8.71693163e-02 
 8.00000000e-09  8.67776585e-02 
 8.02000000e-09  8.63723278e-02 
 8.04000000e-09  8.59533871e-02 
 8.06000000e-09  8.55209013e-02 
 8.08000000e-09  8.50749374e-02 
 8.10000000e-09  8.46155646e-02 
 8.12000000e-09  8.41428541e-02 
 8.14000000e-09  8.36568791e-02 
 8.16000000e-09  8.31577152e-02 
 8.18000000e-09  8.26454395e-02 
 8.20000000e-09  8.21201317e-02 
 8.22000000e-09  8.15818731e-02 
 8.24000000e-09  8.10307473e-02 
 8.26000000e-09  8.04668398e-02 
 8.28000000e-09  7.98902380e-02 
 8.30000000e-09  7.93010315e-02 
 8.32000000e-09  7.86993118e-02 
 8.34000000e-09  7.80851722e-02 
 8.36000000e-09  7.74587081e-02 
 8.38000000e-09  7.68200170e-02 
 8.40000000e-09  7.61691980e-02 
 8.42000000e-09  7.55063522e-02 
 8.44000000e-09  7.48315828e-02 
 8.46000000e-09  7.41449946e-02 
 8.48000000e-09  7.34466945e-02 
 8.50000000e-09  7.27367911e-02 
 8.52000000e-09  7.20153950e-02 
 8.54000000e-09  7.12826184e-02 
 8.56000000e-09  7.05385755e-02 
 8.58000000e-09  6.97833822e-02 
 8.60000000e-09  6.90171562e-02 
 8.62000000e-09  6.82400170e-02 
 8.64000000e-09  6.74520859e-02 
 8.66000000e-09  6.66534856e-02 
 8.68000000e-09  6.58443409e-02 
 8.70000000e-09  6.50247782e-02 
 8.72000000e-09  6.41949254e-02 
 8.74000000e-09  6.33549121e-02 
 8.76000000e-09  6.25048698e-02 
 8.78000000e-09  6.16449314e-02 
 8.80000000e-09  6.07752313e-02 
 8.82000000e-09  5.98959056e-02 
 8.84000000e-09  5.90070921e-02 
 8.86000000e-09  5.81089300e-02 
 8.88000000e-09  5.72015599e-02 
 8.90000000e-09  5.62851241e-02 
 8.92000000e-09  5.53597664e-02 
 8.94000000e-09  5.44256318e-02 
 8.96000000e-09  5.34828669e-02 
 8.98000000e-09  5.25316199e-02 
 9.00000000e-09  5.15720400e-02 
 9.02000000e-09  5.06042781e-02 
 9.04000000e-09  4.96284862e-02 
 9.06000000e-09  4.86448179e-02 
 9.08000000e-09  4.76534279e-02 
 9.10000000e-09  4.66544721e-02 
 9.12000000e-09  4.56481078e-02 
 9.14000000e-09  4.46344937e-02 
 9.16000000e-09  4.36137892e-02 
 9.18000000e-09  4.25861554e-02 
 9.20000000e-09  4.15517543e-02 
 9.22000000e-09  4.05107491e-02 
 9.24000000e-09  3.94633039e-02 
 9.26000000e-09  3.84095842e-02 
 9.28000000e-09  3.73497564e-02 
 9.30000000e-09  3.62839879e-02 
 9.32000000e-09  3.52124470e-02 
 9.34000000e-09  3.41353033e-02 
 9.36000000e-09  3.30527270e-02 
 9.38000000e-09  3.19648894e-02 
 9.40000000e-09  3.08719627e-02 
 9.42000000e-09  2.97741198e-02 
 9.44000000e-09  2.86715347e-02 
 9.46000000e-09  2.75643818e-02 
 9.48000000e-09  2.64528368e-02 
 9.50000000e-09  2.53370758e-02 
 9.52000000e-09  2.42172756e-02 
 9.54000000e-09  2.30936139e-02 
 9.56000000e-09  2.19662688e-02 
 9.58000000e-09  2.08354194e-02 
 9.60000000e-09  1.97012451e-02 
 9.62000000e-09  1.85639260e-02 
 9.64000000e-09  1.74236426e-02 
 9.66000000e-09  1.62805761e-02 
 9.68000000e-09  1.51349081e-02 
 9.70000000e-09  1.39868207e-02 
 9.72000000e-09  1.28364963e-02 
 9.74000000e-09  1.16841179e-02 
 9.76000000e-09  1.05298687e-02 
 9.78000000e-09  9.37393218e-03 
 9.80000000e-09  8.21649233e-03 
 9.82000000e-09  7.05773326e-03 
 9.84000000e-09  5.89783935e-03 
 9.86000000e-09  4.73699520e-03 
 9.88000000e-09  3.57538558e-03 
 9.90000000e-09  2.41319539e-03 
 9.92000000e-09  1.25060968e-03 
 9.94000000e-09  8.78135587e-05 
 9.96000000e-09 -1.07500781e-03 
 9.98000000e-09 -2.23766925e-03 
 1.00000000e-08 -3.39998558e-03 
 1.00200000e-08 -4.56177168e-03 
 1.00400000e-08 -5.72284248e-03 
 1.00600000e-08 -6.88301304e-03 
 1.00800000e-08 -8.04209854e-03 
 1.01000000e-08 -9.19991434e-03 
 1.01200000e-08 -1.03562760e-02 
 1.01400000e-08 -1.15109993e-02 
 1.01600000e-08 -1.26639003e-02 
 1.01800000e-08 -1.38147953e-02 
 1.02000000e-08 -1.49635011e-02 
 1.02200000e-08 -1.61098346e-02 
 1.02400000e-08 -1.72536132e-02 
 1.02600000e-08 -1.83946548e-02 
 1.02800000e-08 -1.95327777e-02 
 1.03000000e-08 -2.06678006e-02 
 1.03200000e-08 -2.17995429e-02 
 1.03400000e-08 -2.29278243e-02 
 1.03600000e-08 -2.40524651e-02 
 1.03800000e-08 -2.51732865e-02 
 1.04000000e-08 -2.62901101e-02 
 1.04200000e-08 -2.74027580e-02 
 1.04400000e-08 -2.85110534e-02 
 1.04600000e-08 -2.96148199e-02 
 1.04800000e-08 -3.07138820e-02 
 1.05000000e-08 -3.18080649e-02 
 1.05200000e-08 -3.28971947e-02 
 1.05400000e-08 -3.39810983e-02 
 1.05600000e-08 -3.50596034e-02 
 1.05800000e-08 -3.61325387e-02 
 1.06000000e-08 -3.71997338e-02 
 1.06200000e-08 -3.82610193e-02 
 1.06400000e-08 -3.93162266e-02 
 1.06600000e-08 -4.03651883e-02 
 1.06800000e-08 -4.14077380e-02 
 1.07000000e-08 -4.24437103e-02 
 1.07200000e-08 -4.34729410e-02 
 1.07400000e-08 -4.44952669e-02 
 1.07600000e-08 -4.55105261e-02 
 1.07800000e-08 -4.65185576e-02 
 1.08000000e-08 -4.75192020e-02 
 1.08200000e-08 -4.85123007e-02 
 1.08400000e-08 -4.94976967e-02 
 1.08600000e-08 -5.04752340e-02 
 1.08800000e-08 -5.14447582e-02 
 1.09000000e-08 -5.24061159e-02 
 1.09200000e-08 -5.33591553e-02 
 1.09400000e-08 -5.43037258e-02 
 1.09600000e-08 -5.52396784e-02 
 1.09800000e-08 -5.61668653e-02 
 1.10000000e-08 -5.70851402e-02 
 1.10200000e-08 -5.79943585e-02 
 1.10400000e-08 -5.88943767e-02 
 1.10600000e-08 -5.97850532e-02 
 1.10800000e-08 -6.06662476e-02 
 1.11000000e-08 -6.15378213e-02 
 1.11200000e-08 -6.23996371e-02 
 1.11400000e-08 -6.32515596e-02 
 1.11600000e-08 -6.40934547e-02 
 1.11800000e-08 -6.49251904e-02 
 1.12000000e-08 -6.57466359e-02 
 1.12200000e-08 -6.65576624e-02 
 1.12400000e-08 -6.73581426e-02 
 1.12600000e-08 -6.81479509e-02 
 1.12800000e-08 -6.89269638e-02 
 1.13000000e-08 -6.96950590e-02 
 1.13200000e-08 -7.04521164e-02 
 1.13400000e-08 -7.11980175e-02 
 1.13600000e-08 -7.19326457e-02 
 1.13800000e-08 -7.26558861e-02 
 1.14000000e-08 -7.33676257e-02 
 1.14200000e-08 -7.40677534e-02 
 1.14400000e-08 -7.47561600e-02 
 1.14600000e-08 -7.54327380e-02 
 1.14800000e-08 -7.60973819e-02 
 1.15000000e-08 -7.67499883e-02 
 1.15200000e-08 -7.73904555e-02 
 1.15400000e-08 -7.80186838e-02 
 1.15600000e-08 -7.86345754e-02 
 1.15800000e-08 -7.92380346e-02 
 1.16000000e-08 -7.98289677e-02 
 1.16200000e-08 -8.04072829e-02 
 1.16400000e-08 -8.09728904e-02 
 1.16600000e-08 -8.15257025e-02 
 1.16800000e-08 -8.20656334e-02 
 1.17000000e-08 -8.25925995e-02 
 1.17200000e-08 -8.31065192e-02 
 1.17400000e-08 -8.36073130e-02 
 1.17600000e-08 -8.40949033e-02 
 1.17800000e-08 -8.45692149e-02 
 1.18000000e-08 -8.50301744e-02 
 1.18200000e-08 -8.54777106e-02 
 1.18400000e-08 -8.59117545e-02 
 1.18600000e-08 -8.63322392e-02 
 1.18800000e-08 -8.67390998e-02 
 1.19000000e-08 -8.71322737e-02 
 1.19200000e-08 -8.75117003e-02 
 1.19400000e-08 -8.78773212e-02 
 1.19600000e-08 -8.82290804e-02 
 1.19800000e-08 -8.85669236e-02 
 1.20000000e-08 -8.88907991e-02 
 1.20200000e-08 -8.92006572e-02 
 1.20400000e-08 -8.94964503e-02 
 1.20600000e-08 -8.97781332e-02 
 1.20800000e-08 -9.00456627e-02 
 1.21000000e-08 -9.02989980e-02 
 1.21200000e-08 -9.05381003e-02 
 1.21400000e-08 -9.07629331e-02 
 1.21600000e-08 -9.09734622e-02 
 1.21800000e-08 -9.11696554e-02 
 1.22000000e-08 -9.13514830e-02 
 1.22200000e-08 -9.15189174e-02 
 1.22400000e-08 -9.16719330e-02 
 1.22600000e-08 -9.18105069e-02 
 1.22800000e-08 -9.19346179e-02 
 1.23000000e-08 -9.20442476e-02 
 1.23200000e-08 -9.21393793e-02 
 1.23400000e-08 -9.22199989e-02 
 1.23600000e-08 -9.22860943e-02 
 1.23800000e-08 -9.23376559e-02 
 1.24000000e-08 -9.23746761e-02 
 1.24200000e-08 -9.23971497e-02 
 1.24400000e-08 -9.24050736e-02 
 1.24600000e-08 -9.23984470e-02 
 1.24800000e-08 -9.23772714e-02 
 1.25000000e-08 -9.23415505e-02 
 1.25200000e-08 -9.22912902e-02 
 1.25400000e-08 -9.22264987e-02 
 1.25600000e-08 -9.21471863e-02 
 1.25800000e-08 -9.20533657e-02 
 1.26000000e-08 -9.19450517e-02 
 1.26200000e-08 -9.18222615e-02 
 1.26400000e-08 -9.16850142e-02 
 1.26600000e-08 -9.15333316e-02 
 1.26800000e-08 -9.13672372e-02 
 1.27000000e-08 -9.11867571e-02 
 1.27200000e-08 -9.09919194e-02 
 1.27400000e-08 -9.07827546e-02 
 1.27600000e-08 -9.05592952e-02 
 1.27800000e-08 -9.03215760e-02 
 1.28000000e-08 -9.00696339e-02 
 1.28200000e-08 -8.98035083e-02 
 1.28400000e-08 -8.95232403e-02 
 1.28600000e-08 -8.92288735e-02 
 1.28800000e-08 -8.89204537e-02 
 1.29000000e-08 -8.85980286e-02 
 1.29200000e-08 -8.82616484e-02 
 1.29400000e-08 -8.79113652e-02 
 1.29600000e-08 -8.75472333e-02 
 1.29800000e-08 -8.71693092e-02 
 1.30000000e-08 -8.67776515e-02 
 1.30200000e-08 -8.63723210e-02 
 1.30400000e-08 -8.59533804e-02 
 1.30600000e-08 -8.55208947e-02 
 1.30800000e-08 -8.50749309e-02 
 1.31000000e-08 -8.46155582e-02 
 1.31200000e-08 -8.41428478e-02 
 1.31400000e-08 -8.36568730e-02 
 1.31600000e-08 -8.31577092e-02 
 1.31800000e-08 -8.26454337e-02 
 1.32000000e-08 -8.21201259e-02 
 1.32200000e-08 -8.15818675e-02 
 1.32400000e-08 -8.10307418e-02 
 1.32600000e-08 -8.04668343e-02 
 1.32800000e-08 -7.98902327e-02 
 1.33000000e-08 -7.93010263e-02 
 1.33200000e-08 -7.86993067e-02 
 1.33400000e-08 -7.80851672e-02 
 1.33600000e-08 -7.74587033e-02 
 1.33800000e-08 -7.68200122e-02 
 1.34000000e-08 -7.61691933e-02 
 1.34200000e-08 -7.55063476e-02 
 1.34400000e-08 -7.48315783e-02 
 1.34600000e-08 -7.41449902e-02 
 1.34800000e-08 -7.34466902e-02 
 1.35000000e-08 -7.27367869e-02 
 1.35200000e-08 -7.20153909e-02 
 1.35400000e-08 -7.12826144e-02 
 1.35600000e-08 -7.05385716e-02 
 1.35800000e-08 -6.97833784e-02 
 1.36000000e-08 -6.90171525e-02 
 1.36200000e-08 -6.82400134e-02 
 1.36400000e-08 -6.74520823e-02 
 1.36600000e-08 -6.66534821e-02 
 1.36800000e-08 -6.58443376e-02 
 1.37000000e-08 -6.50247749e-02 
 1.37200000e-08 -6.41949221e-02 
 1.37400000e-08 -6.33549090e-02 
 1.37600000e-08 -6.25048668e-02 
 1.37800000e-08 -6.16449284e-02 
 1.38000000e-08 -6.07752284e-02 
 1.38200000e-08 -5.98959028e-02 
 1.38400000e-08 -5.90070894e-02 
 1.38600000e-08 -5.81089273e-02 
 1.38800000e-08 -5.72015573e-02 
 1.39000000e-08 -5.62851216e-02 
 1.39200000e-08 -5.53597639e-02 
 1.39400000e-08 -5.44256294e-02 
 1.39600000e-08 -5.34828646e-02 
 1.39800000e-08 -5.25316176e-02 
 1.40000000e-08 -5.15720378e-02 
 1.40200000e-08 -5.06042759e-02 
 1.40400000e-08 -4.96284842e-02 
 1.40600000e-08 -4.86448159e-02 
 1.40800000e-08 -4.76534259e-02 
 1.41000000e-08 -4.66544702e-02 
 1.41200000e-08 -4.56481060e-02 
 1.41400000e-08 -4.46344919e-02 
 1.41600000e-08 -4.36137875e-02 
 1.41800000e-08 -4.25861538e-02 
 1.42000000e-08 -4.15517527e-02 
 1.42200000e-08 -4.05107475e-02 
 1.42400000e-08 -3.94633024e-02 
 1.42600000e-08 -3.84095828e-02 
 1.42800000e-08 -3.73497550e-02 
 1.43000000e-08 -3.62839865e-02 
 1.43200000e-08 -3.52124457e-02 
 1.43400000e-08 -3.41353020e-02 
 1.43600000e-08 -3.30527258e-02 
 1.43800000e-08 -3.19648882e-02 
 1.44000000e-08 -3.08719615e-02 
 1.44200000e-08 -2.97741187e-02 
 1.44400000e-08 -2.86715336e-02 
 1.44600000e-08 -2.75643808e-02 
 1.44800000e-08 -2.64528358e-02 
 1.45000000e-08 -2.53370748e-02 
 1.45200000e-08 -2.42172747e-02 
 1.45400000e-08 -2.30936130e-02 
 1.45600000e-08 -2.19662680e-02 
 1.45800000e-08 -2.08354186e-02 
 1.46000000e-08 -1.97012443e-02 
 1.46200000e-08 -1.85639252e-02 
 1.46400000e-08 -1.74236419e-02 
 1.46600000e-08 -1.62805754e-02 
 1.46800000e-08 -1.51349074e-02 
 1.47000000e-08 -1.39868201e-02 
 1.47200000e-08 -1.28364957e-02 
 1.47400000e-08 -1.16841173e-02 
 1.47600000e-08 -1.05298681e-02 
 1.47800000e-08 -9.37393168e-03 
 1.48000000e-08 -8.21649186e-03 
 1.48200000e-08 -7.05773281e-03 
 1.48400000e-08 -5.89783893e-03 
 1.48600000e-08 -4.73699480e-03 
 1.48800000e-08 -3.57538520e-03 
 1.49000000e-08 -2.41319504e-03 
 1.49200000e-08 -1.25060936e-03 
 1.49400000e-08 -8.78132551e-05 
 1.49600000e-08  1.07500810e-03 
 1.49800000e-08  2.23766951e-03 
 1.50000000e-08  3.39998583e-03 
 1.50200000e-08  4.56177190e-03 
 1.50400000e-08  5.72284268e-03 
 1.50600000e-08  6.88301322e-03 
 1.50800000e-08  8.04209871e-03 
 1.51000000e-08  9.19991449e-03 
 1.51200000e-08  1.03562761e-02 
 1.51400000e-08  1.15109994e-02 
 1.51600000e-08  1.26639004e-02 
 1.51800000e-08  1.38147954e-02 
 1.52000000e-08  1.49635012e-02 
 1.52200000e-08  1.61098346e-02 
 1.52400000e-08  1.72536132e-02 
 1.52600000e-08  1.83946548e-02 
 1.52800000e-08  1.95327777e-02 
 1.53000000e-08  2.06678006e-02 
 1.53200000e-08  2.17995429e-02 
 1.53400000e-08  2.29278242e-02 
 1.53600000e-08  2.40524651e-02 
 1.53800000e-08  2.51732865e-02 
 1.54000000e-08  2.62901100e-02 
 1.54200000e-08  2.74027580e-02 
 1.54400000e-08  2.85110533e-02 
 1.54600000e-08  2.96148198e-02 
 1.54800000e-08  3.07138819e-02 
 1.55000000e-08  3.18080648e-02 
 1.55200000e-08  3.28971946e-02 
 1.55400000e-08  3.39810982e-02 
 1.55600000e-08  3.50596033e-02 
 1.55800000e-08  3.61325386e-02 
 1.56000000e-08  3.71997337e-02 
 1.56200000e-08  3.82610191e-02 
 1.56400000e-08  3.93162264e-02 
 1.56600000e-08  4.03651881e-02 
 1.56800000e-08  4.14077378e-02 
 1.57000000e-08  4.24437101e-02 
 1.57200000e-08  4.34729408e-02 
 1.57400000e-08  4.44952667e-02 
 1.57600000e-08  4.55105259e-02 
 1.57800000e-08  4.65185574e-02 
 1.58000000e-08  4.75192017e-02 
 1.58200000e-08  4.85123005e-02 
 1.58400000e-08  4.94976965e-02 
 1.58600000e-08  5.04752338e-02 
 1.58800000e-08  5.14447580e-02 
 1.59000000e-08  5.24061157e-02 
 1.59200000e-08  5.33591551e-02 
 1.59400000e-08  5.43037256e-02 
 1.59600000e-08  5.52396781e-02 
 1.59800000e-08  5.61668650e-02 
 1.60000000e-08  5.70851400e-02 
 1.60200000e-08  5.79943583e-02 
 1.60400000e-08  5.88943765e-02 
 1.60600000e-08  5.97850530e-02 
 1.60800000e-08  6.06662474e-02 
 1.61000000e-08  6.15378210e-02 
 1.61200000e-08  6.23996369e-02 
 1.61400000e-08  6.32515593e-02 
 1.61600000e-08  6.40934545e-02 
 1.61800000e-08  6.49251901e-02 
 1.62000000e-08  6.57466357e-02 
 1.62200000e-08  6.65576621e-02 
 1.62400000e-08  6.73581423e-02 
 1.62600000e-08  6.81479507e-02 
 1.62800000e-08  6.89269635e-02 
 1.63000000e-08  6.96950587e-02 
 1.63200000e-08  7.04521162e-02 
 1.63400000e-08  7.11980173e-02 
 1.63600000e-08  7.19326454e-02 
 1.63800000e-08  7.26558858e-02 
 1.64000000e-08  7.33676255e-02 
 1.64200000e-08  7.40677532e-02 
 1.64400000e-08  7.47561597e-02 
 1.64600000e-08  7.54327377e-02 
 1.64800000e-08  7.60973817e-02 
 1.65000000e-08  7.67499881e-02 
 1.65200000e-08  7.73904552e-02 
 1.65400000e-08  7.80186835e-02 
 1.65600000e-08  7.86345751e-02 
 1.65800000e-08  7.92380344e-02 
 1.66000000e-08  7.98289675e-02 
 1.66200000e-08  8.04072827e-02 
 1.66400000e-08  8.09728902e-02 
 1.66600000e-08  8.15257022e-02 
 1.66800000e-08  8.20656331e-02 
 1.67000000e-08  8.25925993e-02 
 1.67200000e-08  8.31065190e-02 
 1.67400000e-08  8.36073128e-02 
 1.67600000e-08  8.40949031e-02 
 1.67800000e-08  8.45692147e-02 
 1.68000000e-08  8.50301742e-02 
 1.68200000e-08  8.54777104e-02 
 1.68400000e-08  8.59117543e-02 
 1.68600000e-08  8.63322390e-02 
 1.68800000e-08  8.67390996e-02 
 1.69000000e-08  8.71322734e-02 
 1.69200000e-08  8.75117000e-02 
 1.69400000e-08  8.78773210e-02 
 1.69600000e-08  8.82290801e-02 
 1.69800000e-08  8.85669234e-02 
 1.70000000e-08  8.88907989e-02 
 1.70200000e-08  8.92006570e-02 
 1.70400000e-08  8.94964501e-02 
 1.70600000e-08  8.97781330e-02 
 1.70800000e-08  9.00456625e-02 
 1.71000000e-08  9.02989978e-02 
 1.71200000e-08  9.05381001e-02 
 1.71400000e-08  9.07629329e-02 
 1.71600000e-08  9.09734620e-02 
 1.71800000e-08  9.11696553e-02 
 1.72000000e-08  9.13514829e-02 
 1.72200000e-08  9.15189172e-02 
 1.72400000e-08  9.16719328e-02 
 1.72600000e-08  9.18105067e-02 
 1.72800000e-08  9.19346178e-02 
 1.73000000e-08  9.20442474e-02 
 1.73200000e-08  9.21393791e-02 
 1.73400000e-08  9.22199987e-02 
 1.73600000e-08  9.22860941e-02 
 1.73800000e-08  9.23376557e-02 
 1.74000000e-08  9.23746759e-02 
 1.74200000e-08  9.23971495e-02 
 1.74400000e-08  9.24050734e-02 
 1.74600000e-08  9.23984468e-02 
 1.74800000e-08  9.23772713e-02 
 1.75000000e-08  9.23415504e-02 
 1.75200000e-08  9.22912901e-02 
 1.75400000e-08  9.22264985e-02 
 1.75600000e-08  9.21471861e-02 
 1.75800000e-08  9.20533655e-02 
 1.76000000e-08  9.19450516e-02 
 1.76200000e-08  9.18222613e-02 
 1.76400000e-08  9.16850141e-02 
 1.76600000e-08  9.15333314e-02 
 1.76800000e-08  9.13672371e-02 
 1.77000000e-08  9.11867570e-02 
 1.77200000e-08  9.09919193e-02 
 1.77400000e-08  9.07827545e-02 
 1.77600000e-08  9.05592951e-02 
 1.77800000e-08  9.03215758e-02 
 1.78000000e-08  9.00696338e-02 
 1.78200000e-08  8.98035081e-02 
 1.78400000e-08  8.95232401e-02 
 1.78600000e-08  8.92288734e-02 
 1.78800000e-08  8.89204535e-02 
 1.79000000e-08  8.85980285e-02 
 1.79200000e-08  8.82616483e-02 
 1.79400000e-08  8.79113651e-02 
 1.79600000e-08  8.75472332e-02 
 1.79800000e-08  8.71693091e-02 
 1.80000000e-08  8.67776514e-02 
 1.80200000e-08  8.63723209e-02 
 1.80400000e-08  8.59533803e-02 
 1.80600000e-08  8.55208946e-02 
 1.80800000e-08  8.50749308e-02 
 1.81000000e-08  8.46155581e-02 
 1.81200000e-08  8.41428477e-02 
 1.81400000e-08  8.36568729e-02 
 1.81600000e-08  8.31577091e-02 
 1.81800000e-08  8.26454336e-02 
 1.82000000e-08  8.21201258e-02 
 1.82200000e-08  8.15818674e-02 
 1.82400000e-08  8.10307417e-02 
 1.82600000e-08  8.04668343e-02 
 1.82800000e-08  7.98902326e-02 
 1.83000000e-08  7.93010262e-02 
 1.83200000e-08  7.86993066e-02 
 1.83400000e-08  7.80851671e-02 
 1.83600000e-08  7.74587032e-02 
 1.83800000e-08  7.68200121e-02 
 1.84000000e-08  7.61691932e-02 
 1.84200000e-08  7.55063476e-02 
 1.84400000e-08  7.48315782e-02 
 1.84600000e-08  7.41449902e-02 
 1.84800000e-08  7.34466901e-02 
 1.85000000e-08  7.27367869e-02 
 1.85200000e-08  7.20153908e-02 
 1.85400000e-08  7.12826143e-02 
 1.85600000e-08  7.05385715e-02 
 1.85800000e-08  6.97833783e-02 
 1.86000000e-08  6.90171524e-02 
 1.86200000e-08  6.82400134e-02 
 1.86400000e-08  6.74520823e-02 
 1.86600000e-08  6.66534821e-02 
 1.86800000e-08  6.58443375e-02 
 1.87000000e-08  6.50247748e-02 
 1.87200000e-08  6.41949221e-02 
 1.87400000e-08  6.33549090e-02 
 1.87600000e-08  6.25048667e-02 
 1.87800000e-08  6.16449283e-02 
 1.88000000e-08  6.07752283e-02 
 1.88200000e-08  5.98959028e-02 
 1.88400000e-08  5.90070893e-02 
 1.88600000e-08  5.81089273e-02 
 1.88800000e-08  5.72015573e-02 
 1.89000000e-08  5.62851216e-02 
 1.89200000e-08  5.53597639e-02 
 1.89400000e-08  5.44256293e-02 
 1.89600000e-08  5.34828645e-02 
 1.89800000e-08  5.25316176e-02 
 1.90000000e-08  5.15720378e-02 
 1.90200000e-08  5.06042759e-02 
 1.90400000e-08  4.96284841e-02 
 1.90600000e-08  4.86448159e-02 
 1.90800000e-08  4.76534259e-02 
 1.91000000e-08  4.66544701e-02 
 1.91200000e-08  4.56481060e-02 
 1.91400000e-08  4.46344918e-02 
 1.91600000e-08  4.36137875e-02 
 1.91800000e-08  4.25861537e-02 
 1.92000000e-08  4.15517527e-02 
 1.92200000e-08  4.05107475e-02 
 1.92400000e-08  3.94633024e-02 
 1.92600000e-08  3.84095827e-02 
 1.92800000e-08  3.73497550e-02 
 1.93000000e-08  3.62839865e-02 
 1.93200000e-08  3.52124457e-02 
 1.93400000e-08  3.41353020e-02 
 1.93600000e-08  3.30527258e-02 
 1.93800000e-08  3.19648882e-02 
 1.94000000e-08  3.08719615e-02 
 1.94200000e-08  2.97741187e-02 
 1.94400000e-08  2.86715336e-02 
 1.94600000e-08  2.75643808e-02 
 1.94800000e-08  2.64528358e-02 
 1.95000000e-08  2.53370748e-02 
 1.95200000e-08  2.42172746e-02 
 1.95400000e-08  2.30936130e-02 
 1.95600000e-08  2.19662680e-02 
 1.95800000e-08  2.08354186e-02 
 1.96000000e-08  1.97012443e-02 
 1.96200000e-08  1.85639252e-02 
 1.96400000e-08  1.74236418e-02 
 1.96600000e-08  1.62805754e-02 
 1.96800000e-08  1.51349074e-02 
 1.97000000e-08  1.39868201e-02 
 1.97200000e-08  1.28364957e-02 
 1.97400000e-08  1.16841173e-02 
 1.97600000e-08  1.05298681e-02 
 1.97800000e-08  9.37393167e-03 
 1.98000000e-08  8.21649185e-03 
 1.98200000e-08  7.05773280e-03 
 1.98400000e-08  5.89783892e-03 
 1.98600000e-08  4.73699479e-03 
 1.98800000e-08  3.57538519e-03 
 1.99000000e-08  2.41319504e-03 
 1.99200000e-08  1.25060935e-03 
 1.99400000e-08  8.78132504e-05 
 1.99600000e-08 -1.07500810e-03 
 1.99800000e-08 -2.23766952e-03 
 2.00000000e-08 -3.39998583e-03 
 2.00200000e-08 -4.56177190e-03 
 2.00400000e-08 -5.72284269e-03 
 2.00600000e-08 -6.88301323e-03 
 2.00800000e-08 -8.04209871e-03 
 2.01000000e-08 -9.19991449e-03 
 2.01200000e-08 -1.03562761e-02 
 2.01400000e-08 -1.15109994e-02 
 2.01600000e-08 -1.26639004e-02 
 2.01800000e-08 -1.38147954e-02 
 2.02000000e-08 -1.49635012e-02 
 2.02200000e-08 -1.61098346e-02 
 2.02400000e-08 -1.72536132e-02 
 2.02600000e-08 -1.83946549e-02 
 2.02800000e-08 -1.95327777e-02 
 2.03000000e-08 -2.06678006e-02 
 2.03200000e-08 -2.17995429e-02 
 2.03400000e-08 -2.29278242e-02 
 2.03600000e-08 -2.40524651e-02 
 2.03800000e-08 -2.51732865e-02 
 2.04000000e-08 -2.62901100e-02 
 2.04200000e-08 -2.74027580e-02 
 2.04400000e-08 -2.85110533e-02 
 2.04600000e-08 -2.96148198e-02 
 2.04800000e-08 -3.07138819e-02 
 2.05000000e-08 -3.18080648e-02 
 2.05200000e-08 -3.28971946e-02 
 2.05400000e-08 -3.39810982e-02 
 2.05600000e-08 -3.50596033e-02 
 2.05800000e-08 -3.61325386e-02 
 2.06000000e-08 -3.71997337e-02 
 2.06200000e-08 -3.82610191e-02 
 2.06400000e-08 -3.93162264e-02 
 2.06600000e-08 -4.03651881e-02 
 2.06800000e-08 -4.14077378e-02 
 2.07000000e-08 -4.24437101e-02 
 2.07200000e-08 -4.34729408e-02 
 2.07400000e-08 -4.44952667e-02 
 2.07600000e-08 -4.55105259e-02 
 2.07800000e-08 -4.65185574e-02 
 2.08000000e-08 -4.75192017e-02 
 2.08200000e-08 -4.85123005e-02 
 2.08400000e-08 -4.94976965e-02 
 2.08600000e-08 -5.04752338e-02 
 2.08800000e-08 -5.14447580e-02 
 2.09000000e-08 -5.24061157e-02 
 2.09200000e-08 -5.33591550e-02 
 2.09400000e-08 -5.43037256e-02 
 2.09600000e-08 -5.52396781e-02 
 2.09800000e-08 -5.61668650e-02 
 2.10000000e-08 -5.70851400e-02 
 2.10200000e-08 -5.79943583e-02 
 2.10400000e-08 -5.88943765e-02 
 2.10600000e-08 -5.97850530e-02 
 2.10800000e-08 -6.06662474e-02 
 2.11000000e-08 -6.15378210e-02 
 2.11200000e-08 -6.23996369e-02 
 2.11400000e-08 -6.32515593e-02 
 2.11600000e-08 -6.40934545e-02 
 2.11800000e-08 -6.49251901e-02 
 2.12000000e-08 -6.57466357e-02 
 2.12200000e-08 -6.65576621e-02 
 2.12400000e-08 -6.73581423e-02 
 2.12600000e-08 -6.81479507e-02 
 2.12800000e-08 -6.89269635e-02 
 2.13000000e-08 -6.96950587e-02 
 2.13200000e-08 -7.04521161e-02 
 2.13400000e-08 -7.11980173e-02 
 2.13600000e-08 -7.19326454e-02 
 2.13800000e-08 -7.26558858e-02 
 2.14000000e-08 -7.33676254e-02 
 2.14200000e-08 -7.40677532e-02 
 2.14400000e-08 -7.47561597e-02 
 2.14600000e-08 -7.54327377e-02 
 2.14800000e-08 -7.60973817e-02 
 2.15000000e-08 -7.67499881e-02 
 2.15200000e-08 -7.73904552e-02 
 2.15400000e-08 -7.80186835e-02 
 2.15600000e-08 -7.86345751e-02 
 2.15800000e-08 -7.92380344e-02 
 2.16000000e-08 -7.98289675e-02 
 2.16200000e-08 -8.04072827e-02 
 2.16400000e-08 -8.09728902e-02 
 2.16600000e-08 -8.15257022e-02 
 2.16800000e-08 -8.20656331e-02 
 2.17000000e-08 -8.25925993e-02 
 2.17200000e-08 -8.31065190e-02 
 2.17400000e-08 -8.36073128e-02 
 2.17600000e-08 -8.40949031e-02 
 2.17800000e-08 -8.45692147e-02 
 2.18000000e-08 -8.50301742e-02 
 2.18200000e-08 -8.54777104e-02 
 2.18400000e-08 -8.59117543e-02 
 2.18600000e-08 -8.63322390e-02 
 2.18800000e-08 -8.67390996e-02 
 2.19000000e-08 -8.71322734e-02 
 2.19200000e-08 -8.75117000e-02 
 2.19400000e-08 -8.78773210e-02 
 2.19600000e-08 -8.82290801e-02 
 2.19800000e-08 -8.85669234e-02 
 2.20000000e-08 -8.88907989e-02 
 2.20200000e-08 -8.92006570e-02 
 2.20400000e-08 -8.94964501e-02 
 2.20600000e-08 -8.97781330e-02 
 2.20800000e-08 -9.00456625e-02 
 2.21000000e-08 -9.02989978e-02 
 2.21200000e-08 -9.05381001e-02 
 2.21400000e-08 -9.07629329e-02 
 2.21600000e-08 -9.09734620e-02 
 2.21800000e-08 -9.11696553e-02 
 2.22000000e-08 -9.13514829e-02 
 2.22200000e-08 -9.15189172e-02 
 2.22400000e-08 -9.16719328e-02 
 2.22600000e-08 -9.18105067e-02 
 2.22800000e-08 -9.19346178e-02 
 2.23000000e-08 -9.20442474e-02 
 2.23200000e-08 -9.21393791e-02 
 2.23400000e-08 -9.22199987e-02 
 2.23600000e-08 -9.22860941e-02 
 2.23800000e-08 -9.23376557e-02 
 2.24000000e-08 -9.23746759e-02 
 2.24200000e-08 -9.23971495e-02 
 2.24400000e-08 -9.24050734e-02 
 2.24600000e-08 -9.23984468e-02 
 2.24800000e-08 -9.23772713e-02 
 2.25000000e-08 -9.23415504e-02 
 2.25200000e-08 -9.22912901e-02 
 2.25400000e-08 -9.22264985e-02 
 2.25600000e-08 -9.21471861e-02 
 2.25800000e-08 -9.20533655e-02 
 2.26000000e-08 -9.19450516e-02 
 2.26200000e-08 -9.18222613e-02 
 2.26400000e-08 -9.16850141e-02 
 2.26600000e-08 -9.15333314e-02 
 2.26800000e-08 -9.13672371e-02 
 2.27000000e-08 -9.11867570e-02 
 2.27200000e-08 -9.09919193e-02 
 2.27400000e-08 -9.07827545e-02 
 2.27600000e-08 -9.05592951e-02 
 2.27800000e-08 -9.03215758e-02 
 2.28000000e-08 -9.00696338e-02 
 2.28200000e-08 -8.98035081e-02 
 2.28400000e-08 -8.95232401e-02 
 2.28600000e-08 -8.92288734e-02 
 2.28800000e-08 -8.89204535e-02 
 2.29000000e-08 -8.85980285e-02 
 2.29200000e-08 -8.82616483e-02 
 2.29400000e-08 -8.79113651e-02 
 2.29600000e-08 -8.75472332e-02 
 2.29800000e-08 -8.71693091e-02 
 2.30000000e-08 -8.67776514e-02 
 2.30200000e-08 -8.63723209e-02 
 2.30400000e-08 -8.59533803e-02 
 2.30600000e-08 -8.55208945e-02 
 2.30800000e-08 -8.50749308e-02 
 2.31000000e-08 -8.46155581e-02 
 2.31200000e-08 -8.41428477e-02 
 2.31400000e-08 -8.36568729e-02 
 2.31600000e-08 -8.31577091e-02 
 2.31800000e-08 -8.26454336e-02 
 2.32000000e-08 -8.21201258e-02 
 2.32200000e-08 -8.15818674e-02 
 2.32400000e-08 -8.10307417e-02 
 2.32600000e-08 -8.04668343e-02 
 2.32800000e-08 -7.98902326e-02 
 2.33000000e-08 -7.93010262e-02 
 2.33200000e-08 -7.86993066e-02 
 2.33400000e-08 -7.80851671e-02 
 2.33600000e-08 -7.74587032e-02 
 2.33800000e-08 -7.68200121e-02 
 2.34000000e-08 -7.61691932e-02 
 2.34200000e-08 -7.55063476e-02 
 2.34400000e-08 -7.48315782e-02 
 2.34600000e-08 -7.41449901e-02 
 2.34800000e-08 -7.34466901e-02 
 2.35000000e-08 -7.27367869e-02 
 2.35200000e-08 -7.20153908e-02 
 2.35400000e-08 -7.12826143e-02 
 2.35600000e-08 -7.05385715e-02 
 2.35800000e-08 -6.97833783e-02 
 2.36000000e-08 -6.90171524e-02 
 2.36200000e-08 -6.82400134e-02 
 2.36400000e-08 -6.74520823e-02 
 2.36600000e-08 -6.66534821e-02 
 2.36800000e-08 -6.58443375e-02 
 2.37000000e-08 -6.50247748e-02 
 2.37200000e-08 -6.41949221e-02 
 2.37400000e-08 -6.33549090e-02 
 2.37600000e-08 -6.25048667e-02 
 2.37800000e-08 -6.16449283e-02 
 2.38000000e-08 -6.07752283e-02 
 2.38200000e-08 -5.98959028e-02 
 2.38400000e-08 -5.90070893e-02 
 2.38600000e-08 -5.81089273e-02 
 2.38800000e-08 -5.72015573e-02 
 2.39000000e-08 -5.62851216e-02 
 2.39200000e-08 -5.53597639e-02 
 2.39400000e-08 -5.44256293e-02 
 2.39600000e-08 -5.34828645e-02 
 2.39800000e-08 -5.25316176e-02 
 2.40000000e-08 -5.15720378e-02 
 2.40200000e-08 -5.06042759e-02 
 2.40400000e-08 -4.96284841e-02 
 2.40600000e-08 -4.86448159e-02 
 2.40800000e-08 -4.76534259e-02 
 2.41000000e-08 -4.66544701e-02 
 2.41200000e-08 -4.56481060e-02 
 2.41400000e-08 -4.46344918e-02 
 2.41600000e-08 -4.36137875e-02 
 2.41800000e-08 -4.25861537e-02 
 2.42000000e-08 -4.15517527e-02 
 2.42200000e-08 -4.05107475e-02 
 2.42400000e-08 -3.94633024e-02 
 2.42600000e-08 -3.84095827e-02 
 2.42800000e-08 -3.73497550e-02 
 2.43000000e-08 -3.62839865e-02 
 2.43200000e-08 -3.52124457e-02 
 2.43400000e-08 -3.41353020e-02 
 2.43600000e-08 -3.30527258e-02 
 2.43800000e-08 -3.19648882e-02 
 2.44000000e-08 -3.08719615e-02 
 2.44200000e-08 -2.97741187e-02 
 2.44400000e-08 -2.86715336e-02 
 2.44600000e-08 -2.75643808e-02 
 2.44800000e-08 -2.64528358e-02 
 2.45000000e-08 -2.53370748e-02 
 2.45200000e-08 -2.42172746e-02 
 2.45400000e-08 -2.30936130e-02 
 2.45600000e-08 -2.19662680e-02 
 2.45800000e-08 -2.08354186e-02 
 2.46000000e-08 -1.97012443e-02 
 2.46200000e-08 -1.85639252e-02 
 2.46400000e-08 -1.74236418e-02 
 2.46600000e-08 -1.62805754e-02 
 2.46800000e-08 -1.51349074e-02 
 2.47000000e-08 -1.39868201e-02 
 2.47200000e-08 -1.28364957e-02 
 2.47400000e-08 -1.16841173e-02 
 2.47600000e-08 -1.05298681e-02 
 2.47800000e-08 -9.37393167e-03 
 2.48000000e-08 -8.21649185e-03 
 2.48200000e-08 -7.05773280e-03 
 2.48400000e-08 -5.89783892e-03 
 2.48600000e-08 -4.73699479e-03 
 2.48800000e-08 -3.57538519e-03 
 2.49000000e-08 -2.41319504e-03 
 2.49200000e-08 -1.25060935e-03 
 2.49400000e-08 -8.78132500e-05 
 2.49600000e-08  1.07500810e-03 
 2.49800000e-08  2.23766952e-03 
 2.50000000e-08  3.39998583e-03 
 2.50200000e-08  4.56177190e-03 
 2.50400000e-08  5.72284269e-03 
 2.50600000e-08  6.88301323e-03 
 2.50800000e-08  8.04209871e-03 
 2.51000000e-08  9.19991449e-03 
 2.51200000e-08  1.03562761e-02 
 2.51400000e-08  1.15109994e-02 
 2.51600000e-08  1.26639004e-02 
 2.51800000e-08  1.38147954e-02 
 2.52000000e-08  1.49635012e-02 
 2.52200000e-08  1.61098346e-02 
 2.52400000e-08  1.72536132e-02 
 2.52600000e-08  1.83946549e-02 
 2.52800000e-08  1.95327777e-02 
 2.53000000e-08  2.06678006e-02 
 2.53200000e-08  2.17995429e-02 
 2.53400000e-08  2.29278242e-02 
 2.53600000e-08  2.40524651e-02 
 2.53800000e-08  2.51732865e-02 
 2.54000000e-08  2.62901100e-02 
 2.54200000e-08  2.74027580e-02 
 2.54400000e-08  2.85110533e-02 
 2.54600000e-08  2.96148198e-02 
 2.54800000e-08  3.07138819e-02 
 2.55000000e-08  3.18080648e-02 
 2.55200000e-08  3.28971946e-02 
 2.55400000e-08  3.39810982e-02 
 2.55600000e-08  3.50596033e-02 
 2.55800000e-08  3.61325386e-02 
 2.56000000e-08  3.71997337e-02 
 2.56200000e-08  3.82610191e-02 
 2.56400000e-08  3.93162264e-02 
 2.56600000e-08  4.03651881e-02 
 2.56800000e-08  4.14077378e-02 
 2.57000000e-08  4.24437101e-02 
 2.57200000e-08  4.34729408e-02 
 2.57400000e-08  4.44952667e-02 
 2.57600000e-08  4.55105259e-02 
 2.57800000e-08  4.65185574e-02 
 2.58000000e-08  4.75192017e-02 
 2.58200000e-08  4.85123005e-02 
 2.58400000e-08  4.94976965e-02 
 2.58600000e-08  5.04752338e-02 
 2.58800000e-08  5.14447580e-02 
 2.59000000e-08  5.24061157e-02 
 2.59200000e-08  5.33591550e-02 
 2.59400000e-08  5.43037256e-02 
 2.59600000e-08  5.52396781e-02 
 2.59800000e-08  5.61668650e-02 
 2.60000000e-08  5.70851400e-02 
 2.60200000e-08  5.79943583e-02 
 2.60400000e-08  5.88943765e-02 
 2.60600000e-08  5.97850530e-02 
 2.60800000e-08  6.06662474e-02 
 2.61000000e-08  6.15378210e-02 
 2.61200000e-08  6.23996369e-02 
 2.61400000e-08  6.32515593e-02 
 2.61600000e-08  6.40934545e-02 
 2.61800000e-08  6.49251901e-02 
 2.62000000e-08  6.57466357e-02 
 2.62200000e-08  6.65576621e-02 
 2.62400000e-08  6.73581423e-02 
 2.62600000e-08  6.81479507e-02 
 2.62800000e-08  6.89269635e-02 
 2.63000000e-08  6.96950587e-02 
 2.63200000e-08  7.04521161e-02 
 2.63400000e-08  7.11980173e-02 
 2.63600000e-08  7.19326454e-02 
 2.63800000e-08  7.26558858e-02 
 2.64000000e-08  7.33676254e-02 
 2.64200000e-08  7.40677532e-02 
 2.64400000e-08  7.47561597e-02 
 2.64600000e-08  7.54327377e-02 
 2.64800000e-08  7.60973817e-02 
 2.65000000e-08  7.67499881e-02 
 2.65200000e-08  7.73904552e-02 
 2.65400000e-08  7.80186835e-02 
 2.65600000e-08  7.86345751e-02 
 2.65800000e-08  7.92380344e-02 
 2.66000000e-08  7.98289675e-02 
 2.66200000e-08  8.04072827e-02 
 2.66400000e-08  8.09728902e-02 
 2.66600000e-08  8.15257022e-02 
 2.66800000e-08  8.20656331e-02 
 2.67000000e-08  8.25925993e-02 
 2.67200000e-08  8.31065190e-02 
 2.67400000e-08  8.36073127e-02 
 2.67600000e-08  8.40949031e-02 
 2.67800000e-08  8.45692147e-02 
 2.68000000e-08  8.50301742e-02 
 2.68200000e-08  8.54777104e-02 
 2.68400000e-08  8.59117543e-02 
 2.68600000e-08  8.63322390e-02 
 2.68800000e-08  8.67390996e-02 
 2.69000000e-08  8.71322734e-02 
 2.69200000e-08  8.75117000e-02 
 2.69400000e-08  8.78773210e-02 
 2.69600000e-08  8.82290801e-02 
 2.69800000e-08  8.85669234e-02 
 2.70000000e-08  8.88907989e-02 
 2.70200000e-08  8.92006570e-02 
 2.70400000e-08  8.94964501e-02 
 2.70600000e-08  8.97781330e-02 
 2.70800000e-08  9.00456625e-02 
 2.71000000e-08  9.02989978e-02 
 2.71200000e-08  9.05381001e-02 
 2.71400000e-08  9.07629329e-02 
 2.71600000e-08  9.09734620e-02 
 2.71800000e-08  9.11696553e-02 
 2.72000000e-08  9.13514829e-02 
 2.72200000e-08  9.15189172e-02 
 2.72400000e-08  9.16719328e-02 
 2.72600000e-08  9.18105067e-02 
 2.72800000e-08  9.19346178e-02 
 2.73000000e-08  9.20442474e-02 
 2.73200000e-08  9.21393791e-02 
 2.73400000e-08  9.22199987e-02 
 2.73600000e-08  9.22860941e-02 
 2.73800000e-08  9.23376557e-02 
 2.74000000e-08  9.23746759e-02 
 2.74200000e-08  9.23971495e-02 
 2.74400000e-08  9.24050734e-02 
 2.74600000e-08  9.23984468e-02 
 2.74800000e-08  9.23772713e-02 
 2.75000000e-08  9.23415504e-02 
 2.75200000e-08  9.22912901e-02 
 2.75400000e-08  9.22264985e-02 
 2.75600000e-08  9.21471861e-02 
 2.75800000e-08  9.20533655e-02 
 2.76000000e-08  9.19450516e-02 
 2.76200000e-08  9.18222613e-02 
 2.76400000e-08  9.16850141e-02 
 2.76600000e-08  9.15333314e-02 
 2.76800000e-08  9.13672371e-02 
 2.77000000e-08  9.11867570e-02 
 2.77200000e-08  9.09919193e-02 
 2.77400000e-08  9.07827545e-02 
 2.77600000e-08  9.05592951e-02 
 2.77800000e-08  9.03215758e-02 
 2.78000000e-08  9.00696338e-02 
 2.78200000e-08  8.98035081e-02 
 2.78400000e-08  8.95232401e-02 
 2.78600000e-08  8.92288734e-02 
 2.78800000e-08  8.89204535e-02 
 2.79000000e-08  8.85980285e-02 
 2.79200000e-08  8.82616483e-02 
 2.79400000e-08  8.79113651e-02 
 2.79600000e-08  8.75472332e-02 
 2.79800000e-08  8.71693091e-02 
 2.80000000e-08  8.67776514e-02 
 2.80200000e-08  8.63723209e-02 
 2.80400000e-08  8.59533803e-02 
 2.80600000e-08  8.55208945e-02 
 2.80800000e-08  8.50749308e-02 
 2.81000000e-08  8.46155581e-02 
 2.81200000e-08  8.41428477e-02 
 2.81400000e-08  8.36568729e-02 
 2.81600000e-08  8.31577091e-02 
 2.81800000e-08  8.26454336e-02 
 2.82000000e-08  8.21201258e-02 
 2.82200000e-08  8.15818674e-02 
 2.82400000e-08  8.10307417e-02 
 2.82600000e-08  8.04668343e-02 
 2.82800000e-08  7.98902326e-02 
 2.83000000e-08  7.93010262e-02 
 2.83200000e-08  7.86993066e-02 
 2.83400000e-08  7.80851671e-02 
 2.83600000e-08  7.74587032e-02 
 2.83800000e-08  7.68200121e-02 
 2.84000000e-08  7.61691932e-02 
 2.84200000e-08  7.55063476e-02 
 2.84400000e-08  7.48315782e-02 
 2.84600000e-08  7.41449901e-02 
 2.84800000e-08  7.34466901e-02 
 2.85000000e-08  7.27367869e-02 
 2.85200000e-08  7.20153908e-02 
 2.85400000e-08  7.12826143e-02 
 2.85600000e-08  7.05385715e-02 
 2.85800000e-08  6.97833783e-02 
 2.86000000e-08  6.90171524e-02 
 2.86200000e-08  6.82400134e-02 
 2.86400000e-08  6.74520823e-02 
 2.86600000e-08  6.66534821e-02 
 2.86800000e-08  6.58443375e-02 
 2.87000000e-08  6.50247748e-02 
 2.87200000e-08  6.41949221e-02 
 2.87400000e-08  6.33549090e-02 
 2.87600000e-08  6.25048667e-02 
 2.87800000e-08  6.16449283e-02 
 2.88000000e-08  6.07752283e-02 
 2.88200000e-08  5.98959028e-02 
 2.88400000e-08  5.90070893e-02 
 2.88600000e-08  5.81089273e-02 
 2.88800000e-08  5.72015573e-02 
 2.89000000e-08  5.62851216e-02 
 2.89200000e-08  5.53597639e-02 
 2.89400000e-08  5.44256293e-02 
 2.89600000e-08  5.34828645e-02 
 2.89800000e-08  5.25316176e-02 
 2.90000000e-08  5.15720378e-02 
 2.90200000e-08  5.06042759e-02 
 2.90400000e-08  4.96284841e-02 
 2.90600000e-08  4.86448159e-02 
 2.90800000e-08  4.76534259e-02 
 2.91000000e-08  4.66544701e-02 
 2.91200000e-08  4.56481060e-02 
 2.91400000e-08  4.46344918e-02 
 2.91600000e-08  4.36137875e-02 
 2.91800000e-08  4.25861537e-02 
 2.92000000e-08  4.15517527e-02 
 2.92200000e-08  4.05107475e-02 
 2.92400000e-08  3.94633024e-02 
 2.92600000e-08  3.84095827e-02 
 2.92800000e-08  3.73497550e-02 
 2.93000000e-08  3.62839865e-02 
 2.93200000e-08  3.52124457e-02 
 2.93400000e-08  3.41353020e-02 
 2.93600000e-08  3.30527258e-02 
 2.93800000e-08  3.19648882e-02 
 2.94000000e-08  3.08719615e-02 
 2.94200000e-08  2.97741187e-02 
 2.94400000e-08  2.86715336e-02 
 2.94600000e-08  2.75643808e-02 
 2.94800000e-08  2.64528358e-02 
 2.95000000e-08  2.53370748e-02 
 2.95200000e-08  2.42172746e-02 
 2.95400000e-08  2.30936130e-02 
 2.95600000e-08  2.19662680e-02 
 2.95800000e-08  2.08354186e-02 
 2.96000000e-08  1.97012443e-02 
 2.96200000e-08  1.85639252e-02 
 2.96400000e-08  1.74236418e-02 
 2.96600000e-08  1.62805754e-02 
 2.96800000e-08  1.51349074e-02 
 2.97000000e-08  1.39868201e-02 
 2.97200000e-08  1.28364957e-02 
 2.97400000e-08  1.16841173e-02 
 2.97600000e-08  1.05298681e-02 
 2.97800000e-08  9.37393167e-03 
 2.98000000e-08  8.21649185e-03 
 2.98200000e-08  7.05773280e-03 
 2.98400000e-08  5.89783892e-03 
 2.98600000e-08  4.73699479e-03 
 2.98800000e-08  3.57538519e-03 
 2.99000000e-08  2.41319504e-03 
 2.99200000e-08  1.25060935e-03 
 2.99400000e-08  8.78132503e-05 
 2.99600000e-08 -1.07500810e-03 
 2.99800000e-08 -2.23766952e-03 
 3.00000000e-08 -3.39998583e-03 
 3.00200000e-08 -4.56177190e-03 
 3.00400000e-08 -5.72284269e-03 
 3.00600000e-08 -6.88301323e-03 
 3.00800000e-08 -8.04209871e-03 
 3.01000000e-08 -9.19991449e-03 
 3.01200000e-08 -1.03562761e-02 
 3.01400000e-08 -1.15109994e-02 
 3.01600000e-08 -1.26639004e-02 
 3.01800000e-08 -1.38147954e-02 
 3.02000000e-08 -1.49635012e-02 
 3.02200000e-08 -1.61098346e-02 
 3.02400000e-08 -1.72536132e-02 
 3.02600000e-08 -1.83946549e-02 
 3.02800000e-08 -1.95327777e-02 
 3.03000000e-08 -2.06678006e-02 
 3.03200000e-08 -2.17995429e-02 
 3.03400000e-08 -2.29278242e-02 
 3.03600000e-08 -2.40524651e-02 
 3.03800000e-08 -2.51732865e-02 
 3.04000000e-08 -2.62901100e-02 
 3.04200000e-08 -2.74027580e-02 
 3.04400000e-08 -2.85110533e-02 
 3.04600000e-08 -2.96148198e-02 
 3.04800000e-08 -3.07138819e-02 
 3.05000000e-08 -3.18080648e-02 
 3.05200000e-08 -3.28971946e-02 
 3.05400000e-08 -3.39810982e-02 
 3.05600000e-08 -3.50596033e-02 
 3.05800000e-08 -3.61325386e-02 
 3.06000000e-08 -3.71997337e-02 
 3.06200000e-08 -3.82610191e-02 
 3.06400000e-08 -3.93162264e-02 
 3.06600000e-08 -4.03651881e-02 
 3.06800000e-08 -4.14077378e-02 
 3.07000000e-08 -4.24437101e-02 
 3.07200000e-08 -4.34729408e-02 
 3.07400000e-08 -4.44952667e-02 
 3.07600000e-08 -4.55105259e-02 
 3.07800000e-08 -4.65185574e-02 
 3.08000000e-08 -4.75192017e-02 
 3.08200000e-08 -4.85123005e-02 
 3.08400000e-08 -4.94976965e-02 
 3.08600000e-08 -5.04752338e-02 
 3.08800000e-08 -5.14447580e-02 
 3.09000000e-08 -5.24061157e-02 
 3.09200000e-08 -5.33591550e-02 
 3.09400000e-08 -5.43037256e-02 
 3.09600000e-08 -5.52396781e-02 
 3.09800000e-08 -5.61668650e-02 
 3.10000000e-08 -5.70851400e-02 
 3.10200000e-08 -5.79943583e-02 
 3.10400000e-08 -5.88943765e-02 
 3.10600000e-08 -5.97850530e-02 
 3.10800000e-08 -6.06662474e-02 
 3.11000000e-08 -6.15378210e-02 
 3.11200000e-08 -6.23996369e-02 
 3.11400000e-08 -6.32515593e-02 
 3.11600000e-08 -6.40934545e-02 
 3.11800000e-08 -6.49251901e-02 
 3.12000000e-08 -6.57466357e-02 
 3.12200000e-08 -6.65576621e-02 
 3.12400000e-08 -6.73581423e-02 
 3.12600000e-08 -6.81479507e-02 
 3.12800000e-08 -6.89269635e-02 
 3.13000000e-08 -6.96950587e-02 
 3.13200000e-08 -7.04521161e-02 
 3.13400000e-08 -7.11980173e-02 
 3.13600000e-08 -7.19326454e-02 
 3.13800000e-08 -7.26558858e-02 
 3.14000000e-08 -7.33676254e-02 
 3.14200000e-08 -7.40677532e-02 
 3.14400000e-08 -7.47561597e-02 
 3.14600000e-08 -7.54327377e-02 
 3.14800000e-08 -7.60973817e-02 
 3.15000000e-08 -7.67499881e-02 
 3.15200000e-08 -7.73904552e-02 
 3.15400000e-08 -7.80186835e-02 
 3.15600000e-08 -7.86345751e-02 
 3.15800000e-08 -7.92380344e-02 
 3.16000000e-08 -7.98289675e-02 
 3.16200000e-08 -8.04072827e-02 
 3.16400000e-08 -8.09728902e-02 
 3.16600000e-08 -8.15257022e-02 
 3.16800000e-08 -8.20656331e-02 
 3.17000000e-08 -8.25925993e-02 
 3.17200000e-08 -8.31065190e-02 
 3.17400000e-08 -8.36073127e-02 
 3.17600000e-08 -8.40949031e-02 
 3.17800000e-08 -8.45692147e-02 
 3.18000000e-08 -8.50301742e-02 
 3.18200000e-08 -8.54777104e-02 
 3.18400000e-08 -8.59117543e-02 
 3.18600000e-08 -8.63322390e-02 
 3.18800000e-08 -8.67390996e-02 
 3.19000000e-08 -8.71322734e-02 
 3.19200000e-08 -8.75117000e-02 
 3.19400000e-08 -8.78773210e-02 
 3.19600000e-08 -8.82290801e-02 
 3.19800000e-08 -8.85669234e-02 
 3.20000000e-08 -8.88907989e-02 
 3.20200000e-08 -8.92006570e-02 
 3.20400000e-08 -8.94964501e-02 
 3.20600000e-08 -8.97781330e-02 
 3.20800000e-08 -9.00456625e-02 
 3.21000000e-08 -9.02989978e-02 
 3.21200000e-08 -9.05381001e-02 
 3.21400000e-08 -9.07629329e-02 
 3.21600000e-08 -9.09734620e-02 
 3.21800000e-08 -9.11696553e-02 
 3.22000000e-08 -9.13514829e-02 
 3.22200000e-08 -9.15189172e-02 
 3.22400000e-08 -9.16719328e-02 
 3.22600000e-08 -9.18105067e-02 
 3.22800000e-08 -9.19346178e-02 
 3.23000000e-08 -9.20442474e-02 
 3.23200000e-08 -9.21393791e-02 
 3.23400000e-08 -9.22199987e-02 
 3.23600000e-08 -9.22860941e-02 
 3.23800000e-08 -9.23376557e-02 
 3.24000000e-08 -9.23746759e-02 
 3.24200000e-08 -9.23971495e-02 
 3.24400000e-08 -9.24050734e-02 
 3.24600000e-08 -9.23984468e-02 
 3.24800000e-08 -9.23772713e-02 
 3.25000000e-08 -9.23415504e-02 
 3.25200000e-08 -9.22912901e-02 
 3.25400000e-08 -9.22264985e-02 
 3.25600000e-08 -9.21471861e-02 
 3.25800000e-08 -9.20533655e-02 
 3.26000000e-08 -9.19450516e-02 
 3.26200000e-08 -9.18222613e-02 
 3.26400000e-08 -9.16850141e-02 
 3.26600000e-08 -9.15333314e-02 
 3.26800000e-08 -9.13672371e-02 
 3.27000000e-08 -9.11867570e-02 
 3.27200000e-08 -9.09919193e-02 
 3.27400000e-08 -9.07827545e-02 
 3.27600000e-08 -9.05592951e-02 
 3.27800000e-08 -9.03215758e-02 
 3.28000000e-08 -9.00696338e-02 
 3.28200000e-08 -8.98035081e-02 
 3.28400000e-08 -8.95232401e-02 
 3.28600000e-08 -8.92288734e-02 
 3.28800000e-08 -8.89204535e-02 
 3.29000000e-08 -8.85980285e-02 
 3.29200000e-08 -8.82616483e-02 
 3.29400000e-08 -8.79113651e-02 
 3.29600000e-08 -8.75472332e-02 
 3.29800000e-08 -8.71693091e-02 
 3.30000000e-08 -8.67776514e-02 
 3.30200000e-08 -8.63723209e-02 
 3.30400000e-08 -8.59533803e-02 
 3.30600000e-08 -8.55208946e-02 
 3.30800000e-08 -8.50749308e-02 
 3.31000000e-08 -8.46155581e-02 
 3.31200000e-08 -8.41428477e-02 
 3.31400000e-08 -8.36568729e-02 
 3.31600000e-08 -8.31577091e-02 
 3.31800000e-08 -8.26454336e-02 
 3.32000000e-08 -8.21201258e-02 
 3.32200000e-08 -8.15818674e-02 
 3.32400000e-08 -8.10307417e-02 
 3.32600000e-08 -8.04668343e-02 
 3.32800000e-08 -7.98902326e-02 
 3.33000000e-08 -7.93010262e-02 
 3.33200000e-08 -7.86993066e-02 
 3.33400000e-08 -7.80851671e-02 
 3.33600000e-08 -7.74587032e-02 
 3.33800000e-08 -7.68200121e-02 
 3.34000000e-08 -7.61691932e-02 
 3.34200000e-08 -7.55063476e-02 
 3.34400000e-08 -7.48315782e-02 
 3.34600000e-08 -7.41449901e-02 
 3.34800000e-08 -7.34466901e-02 
 3.35000000e-08 -7.27367869e-02 
 3.35200000e-08 -7.20153908e-02 
 3.35400000e-08 -7.12826143e-02 
 3.35600000e-08 -7.05385715e-02 
 3.35800000e-08 -6.97833783e-02 
 3.36000000e-08 -6.90171524e-02 
 3.36200000e-08 -6.82400134e-02 
 3.36400000e-08 -6.74520823e-02 
 3.36600000e-08 -6.66534821e-02 
 3.36800000e-08 -6.58443375e-02 
 3.37000000e-08 -6.50247748e-02 
 3.37200000e-08 -6.41949221e-02 
 3.37400000e-08 -6.33549090e-02 
 3.37600000e-08 -6.25048667e-02 
 3.37800000e-08 -6.16449283e-02 
 3.38000000e-08 -6.07752283e-02 
 3.38200000e-08 -5.98959028e-02 
 3.38400000e-08 -5.90070893e-02 
 3.38600000e-08 -5.81089273e-02 
 3.38800000e-08 -5.72015573e-02 
 3.39000000e-08 -5.62851216e-02 
 3.39200000e-08 -5.53597639e-02 
 3.39400000e-08 -5.44256293e-02 
 3.39600000e-08 -5.34828645e-02 
 3.39800000e-08 -5.25316176e-02 
 3.40000000e-08 -5.15720378e-02 
 3.40200000e-08 -5.06042759e-02 
 3.40400000e-08 -4.96284841e-02 
 3.40600000e-08 -4.86448159e-02 
 3.40800000e-08 -4.76534259e-02 
 3.41000000e-08 -4.66544701e-02 
 3.41200000e-08 -4.56481060e-02 
 3.41400000e-08 -4.46344918e-02 
 3.41600000e-08 -4.36137875e-02 
 3.41800000e-08 -4.25861537e-02 
 3.42000000e-08 -4.15517527e-02 
 3.42200000e-08 -4.05107475e-02 
 3.42400000e-08 -3.94633024e-02 
 3.42600000e-08 -3.84095827e-02 
 3.42800000e-08 -3.73497550e-02 
 3.43000000e-08 -3.62839865e-02 
 3.43200000e-08 -3.52124457e-02 
 3.43400000e-08 -3.41353020e-02 
 3.43600000e-08 -3.30527258e-02 
 3.43800000e-08 -3.19648882e-02 
 3.44000000e-08 -3.08719615e-02 
 3.44200000e-08 -2.97741187e-02 
 3.44400000e-08 -2.86715336e-02 
 3.44600000e-08 -2.75643808e-02 
 3.44800000e-08 -2.64528358e-02 
 3.45000000e-08 -2.53370748e-02 
 3.45200000e-08 -2.42172746e-02 
 3.45400000e-08 -2.30936130e-02 
 3.45600000e-08 -2.19662680e-02 
 3.45800000e-08 -2.08354186e-02 
 3.46000000e-08 -1.97012443e-02 
 3.46200000e-08 -1.85639252e-02 
 3.46400000e-08 -1.74236418e-02 
 3.46600000e-08 -1.62805754e-02 
 3.46800000e-08 -1.51349074e-02 
 3.47000000e-08 -1.39868201e-02 
 3.47200000e-08 -1.28364957e-02 
 3.47400000e-08 -1.16841173e-02 
 3.47600000e-08 -1.05298681e-02 
 3.47800000e-08 -9.37393167e-03 
 3.48000000e-08 -8.21649185e-03 
 3.48200000e-08 -7.05773280e-03 
 3.48400000e-08 -5.89783892e-03 
 3.48600000e-08 -4.73699479e-03 
 3.48800000e-08 -3.57538519e-03 
 3.49000000e-08 -2.41319504e-03 
 3.49200000e-08 -1.25060935e-03 
 3.49400000e-08 -8.78132504e-05 
 3.49600000e-08  1.07500810e-03 
 3.49800000e-08  2.23766952e-03 
 3.50000000e-08  3.39998583e-03 
 3.50200000e-08  4.56177190e-03 
 3.50400000e-08  5.72284269e-03 
 3.50600000e-08  6.88301323e-03 
 3.50800000e-08  8.04209871e-03 
 3.51000000e-08  9.19991449e-03 
 3.51200000e-08  1.03562761e-02 
 3.51400000e-08  1.15109994e-02 
 3.51600000e-08  1.26639004e-02 
 3.51800000e-08  1.38147954e-02 
 3.52000000e-08  1.49635012e-02 
 3.52200000e-08  1.61098346e-02 
 3.52400000e-08  1.72536132e-02 
 3.52600000e-08  1.83946549e-02 
 3.52800000e-08  1.95327777e-02 
 3.53000000e-08  2.06678006e-02 
 3.53200000e-08  2.17995429e-02 
 3.53400000e-08  2.29278242e-02 
 3.53600000e-08  2.40524651e-02 
 3.53800000e-08  2.51732865e-02 
 3.54000000e-08  2.62901100e-02 
 3.54200000e-08  2.74027580e-02 
 3.54400000e-08  2.85110533e-02 
 3.54600000e-08  2.96148198e-02 
 3.54800000e-08  3.07138819e-02 
 3.55000000e-08  3.18080648e-02 
 3.55200000e-08  3.28971946e-02 
 3.55400000e-08  3.39810982e-02 
 3.55600000e-08  3.50596033e-02 
 3.55800000e-08  3.61325386e-02 
 3.56000000e-08  3.71997337e-02 
 3.56200000e-08  3.82610191e-02 
 3.56400000e-08  3.93162264e-02 
 3.56600000e-08  4.03651881e-02 
 3.56800000e-08  4.14077378e-02 
 3.57000000e-08  4.24437101e-02 
 3.57200000e-08  4.34729408e-02 
 3.57400000e-08  4.44952667e-02 
 3.57600000e-08  4.55105259e-02 
 3.57800000e-08  4.65185574e-02 
 3.58000000e-08  4.75192017e-02 
 3.58200000e-08  4.85123005e-02 
 3.58400000e-08  4.94976965e-02 
 3.58600000e-08  5.04752338e-02 
 3.58800000e-08  5.14447580e-02 
 3.59000000e-08  5.24061157e-02 
 3.59200000e-08  5.33591550e-02 
 3.59400000e-08  5.43037256e-02 
 3.59600000e-08  5.52396781e-02 
 3.59800000e-08  5.61668650e-02 
 3.60000000e-08  5.70851400e-02 
 3.60200000e-08  5.79943583e-02 
 3.60400000e-08  5.88943765e-02 
 3.60600000e-08  5.97850530e-02 
 3.60800000e-08  6.06662474e-02 
 3.61000000e-08  6.15378210e-02 
 3.61200000e-08  6.23996369e-02 
 3.61400000e-08  6.32515593e-02 
 3.61600000e-08  6.40934545e-02 
 3.61800000e-08  6.49251901e-02 
 3.62000000e-08  6.57466357e-02 
 3.62200000e-08  6.65576621e-02 
 3.62400000e-08  6.73581423e-02 
 3.62600000e-08  6.81479507e-02 
 3.62800000e-08  6.89269635e-02 
 3.63000000e-08  6.96950587e-02 
 3.63200000e-08  7.04521161e-02 
 3.63400000e-08  7.11980173e-02 
 3.63600000e-08  7.19326454e-02 
 3.63800000e-08  7.26558858e-02 
 3.64000000e-08  7.33676254e-02 
 3.64200000e-08  7.40677532e-02 
 3.64400000e-08  7.47561597e-02 
 3.64600000e-08  7.54327377e-02 
 3.64800000e-08  7.60973817e-02 
 3.65000000e-08  7.67499881e-02 
 3.65200000e-08  7.73904552e-02 
 3.65400000e-08  7.80186835e-02 
 3.65600000e-08  7.86345751e-02 
 3.65800000e-08  7.92380344e-02 
 3.66000000e-08  7.98289675e-02 
 3.66200000e-08  8.04072827e-02 
 3.66400000e-08  8.09728902e-02 
 3.66600000e-08  8.15257022e-02 
 3.66800000e-08  8.20656331e-02 
 3.67000000e-08  8.25925993e-02 
 3.67200000e-08  8.31065190e-02 
 3.67400000e-08  8.36073128e-02 
 3.67600000e-08  8.40949031e-02 
 3.67800000e-08  8.45692147e-02 
 3.68000000e-08  8.50301742e-02 
 3.68200000e-08  8.54777104e-02 
 3.68400000e-08  8.59117543e-02 
 3.68600000e-08  8.63322390e-02 
 3.68800000e-08  8.67390996e-02 
 3.69000000e-08  8.71322734e-02 
 3.69200000e-08  8.75117000e-02 
 3.69400000e-08  8.78773210e-02 
 3.69600000e-08  8.82290801e-02 
 3.69800000e-08  8.85669234e-02 
 3.70000000e-08  8.88907989e-02 
 3.70200000e-08  8.92006570e-02 
 3.70400000e-08  8.94964501e-02 
 3.70600000e-08  8.97781330e-02 
 3.70800000e-08  9.00456625e-02 
 3.71000000e-08  9.02989978e-02 
 3.71200000e-08  9.05381001e-02 
 3.71400000e-08  9.07629329e-02 
 3.71600000e-08  9.09734620e-02 
 3.71800000e-08  9.11696553e-02 
 3.72000000e-08  9.13514829e-02 
 3.72200000e-08  9.15189172e-02 
 3.72400000e-08  9.16719328e-02 
 3.72600000e-08  9.18105067e-02 
 3.72800000e-08  9.19346178e-02 
 3.73000000e-08  9.20442474e-02 
 3.73200000e-08  9.21393791e-02 
 3.73400000e-08  9.22199987e-02 
 3.73600000e-08  9.22860941e-02 
 3.73800000e-08  9.23376557e-02 
 3.74000000e-08  9.23746759e-02 
 3.74200000e-08  9.23971495e-02 
 3.74400000e-08  9.24050734e-02 
 3.74600000e-08  9.23984468e-02 
 3.74800000e-08  9.23772713e-02 
 3.75000000e-08  9.23415504e-02 
 3.75200000e-08  9.22912901e-02 
 3.75400000e-08  9.22264985e-02 
 3.75600000e-08  9.21471861e-02 
 3.75800000e-08  9.20533655e-02 
 3.76000000e-08  9.19450516e-02 
 3.76200000e-08  9.18222613e-02 
 3.76400000e-08  9.16850141e-02 
 3.76600000e-08  9.15333314e-02 
 3.76800000e-08  9.13672371e-02 
 3.77000000e-08  9.11867570e-02 
 3.77200000e-08  9.09919193e-02 
 3.77400000e-08  9.07827545e-02 
 3.77600000e-08  9.05592951e-02 
 3.77800000e-08  9.03215758e-02 
 3.78000000e-08  9.00696338e-02 
 3.78200000e-08  8.98035081e-02 
 3.78400000e-08  8.95232401e-02 
 3.78600000e-08  8.92288734e-02 
 3.78800000e-08  8.89204535e-02 
 3.79000000e-08  8.85980285e-02 
 3.79200000e-08  8.82616483e-02 
 3.79400000e-08  8.79113651e-02 
 3.79600000e-08  8.75472332e-02 
 3.79800000e-08  8.71693091e-02 
 3.80000000e-08  8.67776514e-02 
 3.80200000e-08  8.63723209e-02 
 3.80400000e-08  8.59533803e-02 
 3.80600000e-08  8.55208945e-02 
 3.80800000e-08  8.50749308e-02 
 3.81000000e-08  8.46155581e-02 
 3.81200000e-08  8.41428477e-02 
 3.81400000e-08  8.36568729e-02 
 3.81600000e-08  8.31577091e-02 
 3.81800000e-08  8.26454336e-02 
 3.82000000e-08  8.21201258e-02 
 3.82200000e-08  8.15818674e-02 
 3.82400000e-08  8.10307417e-02 
 3.82600000e-08  8.04668343e-02 
 3.82800000e-08  7.98902326e-02 
 3.83000000e-08  7.93010262e-02 
 3.83200000e-08  7.86993066e-02 
 3.83400000e-08  7.80851671e-02 
 3.83600000e-08  7.74587032e-02 
 3.83800000e-08  7.68200121e-02 
 3.84000000e-08  7.61691932e-02 
 3.84200000e-08  7.55063476e-02 
 3.84400000e-08  7.48315782e-02 
 3.84600000e-08  7.41449901e-02 
 3.84800000e-08  7.34466901e-02 
 3.85000000e-08  7.27367869e-02 
 3.85200000e-08  7.20153908e-02 
 3.85400000e-08  7.12826143e-02 
 3.85600000e-08  7.05385715e-02 
 3.85800000e-08  6.97833783e-02 
 3.86000000e-08  6.90171524e-02 
 3.86200000e-08  6.82400134e-02 
 3.86400000e-08  6.74520823e-02 
 3.86600000e-08  6.66534821e-02 
 3.86800000e-08  6.58443375e-02 
 3.87000000e-08  6.50247748e-02 
 3.87200000e-08  6.41949221e-02 
 3.87400000e-08  6.33549090e-02 
 3.87600000e-08  6.25048667e-02 
 3.87800000e-08  6.16449283e-02 
 3.88000000e-08  6.07752283e-02 
 3.88200000e-08  5.98959028e-02 
 3.88400000e-08  5.90070893e-02 
 3.88600000e-08  5.81089273e-02 
 3.88800000e-08  5.72015573e-02 
 3.89000000e-08  5.62851216e-02 
 3.89200000e-08  5.53597639e-02 
 3.89400000e-08  5.44256293e-02 
 3.89600000e-08  5.34828645e-02 
 3.89800000e-08  5.25316176e-02 
 3.90000000e-08  5.15720378e-02 
 3.90200000e-08  5.06042759e-02 
 3.90400000e-08  4.96284841e-02 
 3.90600000e-08  4.86448159e-02 
 3.90800000e-08  4.76534259e-02 
 3.91000000e-08  4.66544701e-02 
 3.91200000e-08  4.56481060e-02 
 3.91400000e-08  4.46344918e-02 
 3.91600000e-08  4.36137875e-02 
 3.91800000e-08  4.25861537e-02 
 3.92000000e-08  4.15517527e-02 
 3.92200000e-08  4.05107475e-02 
 3.92400000e-08  3.94633024e-02 
 3.92600000e-08  3.84095827e-02 
 3.92800000e-08  3.73497550e-02 
 3.93000000e-08  3.62839865e-02 
 3.93200000e-08  3.52124457e-02 
 3.93400000e-08  3.41353020e-02 
 3.93600000e-08  3.30527258e-02 
 3.93800000e-08  3.19648882e-02 
 3.94000000e-08  3.08719615e-02 
 3.94200000e-08  2.97741187e-02 
 3.94400000e-08  2.86715336e-02 
 3.94600000e-08  2.75643808e-02 
 3.94800000e-08  2.64528358e-02 
 3.95000000e-08  2.53370748e-02 
 3.95200000e-08  2.42172746e-02 
 3.95400000e-08  2.30936130e-02 
 3.95600000e-08  2.19662680e-02 
 3.95800000e-08  2.08354186e-02 
 3.96000000e-08  1.97012443e-02 
 3.96200000e-08  1.85639252e-02 
 3.96400000e-08  1.74236418e-02 
 3.96600000e-08  1.62805754e-02 
 3.96800000e-08  1.51349074e-02 
 3.97000000e-08  1.39868201e-02 
 3.97200000e-08  1.28364957e-02 
 3.97400000e-08  1.16841173e-02 
 3.97600000e-08  1.05298681e-02 
 3.97800000e-08  9.37393167e-03 
 3.98000000e-08  8.21649185e-03 
 3.98200000e-08  7.05773280e-03 
 3.98400000e-08  5.89783892e-03 
 3.98600000e-08  4.73699479e-03 
 3.98800000e-08  3.57538519e-03 
 3.99000000e-08  2.41319504e-03 
 3.99200000e-08  1.25060935e-03 
 3.99400000e-08  8.78132500e-05 
 3.99600000e-08 -1.07500810e-03 
 3.99800000e-08 -2.23766952e-03 
 4.00000000e-08 -3.39998583e-03 
 4.00200000e-08 -4.56177190e-03 
 4.00400000e-08 -5.72284269e-03 
 4.00600000e-08 -6.88301323e-03 
 4.00800000e-08 -8.04209871e-03 
 4.01000000e-08 -9.19991449e-03 
 4.01200000e-08 -1.03562761e-02 
 4.01400000e-08 -1.15109994e-02 
 4.01600000e-08 -1.26639004e-02 
 4.01800000e-08 -1.38147954e-02 
 4.02000000e-08 -1.49635012e-02 
 4.02200000e-08 -1.61098346e-02 
 4.02400000e-08 -1.72536132e-02 
 4.02600000e-08 -1.83946549e-02 
 4.02800000e-08 -1.95327777e-02 
 4.03000000e-08 -2.06678006e-02 
 4.03200000e-08 -2.17995429e-02 
 4.03400000e-08 -2.29278242e-02 
 4.03600000e-08 -2.40524651e-02 
 4.03800000e-08 -2.51732865e-02 
 4.04000000e-08 -2.62901100e-02 
 4.04200000e-08 -2.74027580e-02 
 4.04400000e-08 -2.85110533e-02 
 4.04600000e-08 -2.96148198e-02 
 4.04800000e-08 -3.07138819e-02 
 4.05000000e-08 -3.18080648e-02 
 4.05200000e-08 -3.28971946e-02 
 4.05400000e-08 -3.39810982e-02 
 4.05600000e-08 -3.50596033e-02 
 4.05800000e-08 -3.61325386e-02 
 4.06000000e-08 -3.71997337e-02 
 4.06200000e-08 -3.82610191e-02 
 4.06400000e-08 -3.93162264e-02 
 4.06600000e-08 -4.03651881e-02 
 4.06800000e-08 -4.14077378e-02 
 4.07000000e-08 -4.24437101e-02 
 4.07200000e-08 -4.34729408e-02 
 4.07400000e-08 -4.44952667e-02 
 4.07600000e-08 -4.55105259e-02 
 4.07800000e-08 -4.65185574e-02 
 4.08000000e-08 -4.75192017e-02 
 4.08200000e-08 -4.85123005e-02 
 4.08400000e-08 -4.94976965e-02 
 4.08600000e-08 -5.04752338e-02 
 4.08800000e-08 -5.14447580e-02 
 4.09000000e-08 -5.24061157e-02 
 4.09200000e-08 -5.33591550e-02 
 4.09400000e-08 -5.43037256e-02 
 4.09600000e-08 -5.52396781e-02 
 4.09800000e-08 -5.61668650e-02 
 4.10000000e-08 -5.70851400e-02 
 4.10200000e-08 -5.79943583e-02 
 4.10400000e-08 -5.88943765e-02 
 4.10600000e-08 -5.97850530e-02 
 4.10800000e-08 -6.06662474e-02 
 4.11000000e-08 -6.15378210e-02 
 4.11200000e-08 -6.23996369e-02 
 4.11400000e-08 -6.32515593e-02 
 4.11600000e-08 -6.40934545e-02 
 4.11800000e-08 -6.49251901e-02 
 4.12000000e-08 -6.57466357e-02 
 4.12200000e-08 -6.65576621e-02 
 4.12400000e-08 -6.73581423e-02 
 4.12600000e-08 -6.81479507e-02 
 4.12800000e-08 -6.89269635e-02 
 4.13000000e-08 -6.96950587e-02 
 4.13200000e-08 -7.04521161e-02 
 4.13400000e-08 -7.11980173e-02 
 4.13600000e-08 -7.19326454e-02 
 4.13800000e-08 -7.26558858e-02 
 4.14000000e-08 -7.33676254e-02 
 4.14200000e-08 -7.40677532e-02 
 4.14400000e-08 -7.47561597e-02 
 4.14600000e-08 -7.54327377e-02 
 4.14800000e-08 -7.60973817e-02 
 4.15000000e-08 -7.67499881e-02 
 4.15200000e-08 -7.73904552e-02 
 4.15400000e-08 -7.80186835e-02 
 4.15600000e-08 -7.86345751e-02 
 4.15800000e-08 -7.92380344e-02 
 4.16000000e-08 -7.98289675e-02 
 4.16200000e-08 -8.04072827e-02 
 4.16400000e-08 -8.09728902e-02 
 4.16600000e-08 -8.15257022e-02 
 4.16800000e-08 -8.20656331e-02 
 4.17000000e-08 -8.25925993e-02 
 4.17200000e-08 -8.31065190e-02 
 4.17400000e-08 -8.36073128e-02 
 4.17600000e-08 -8.40949031e-02 
 4.17800000e-08 -8.45692147e-02 
 4.18000000e-08 -8.50301742e-02 
 4.18200000e-08 -8.54777104e-02 
 4.18400000e-08 -8.59117543e-02 
 4.18600000e-08 -8.63322390e-02 
 4.18800000e-08 -8.67390996e-02 
 4.19000000e-08 -8.71322734e-02 
 4.19200000e-08 -8.75117000e-02 
 4.19400000e-08 -8.78773210e-02 
 4.19600000e-08 -8.82290801e-02 
 4.19800000e-08 -8.85669234e-02 
 4.20000000e-08 -8.88907989e-02 
 4.20200000e-08 -8.92006570e-02 
 4.20400000e-08 -8.94964501e-02 
 4.20600000e-08 -8.97781330e-02 
 4.20800000e-08 -9.00456625e-02 
 4.21000000e-08 -9.02989978e-02 
 4.21200000e-08 -9.05381001e-02 
 4.21400000e-08 -9.07629329e-02 
 4.21600000e-08 -9.09734620e-02 
 4.21800000e-08 -9.11696553e-02 
 4.22000000e-08 -9.13514829e-02 
 4.22200000e-08 -9.15189172e-02 
 4.22400000e-08 -9.16719328e-02 
 4.22600000e-08 -9.18105067e-02 
 4.22800000e-08 -9.19346178e-02 
 4.23000000e-08 -9.20442474e-02 
 4.23200000e-08 -9.21393791e-02 
 4.23400000e-08 -9.22199987e-02 
 4.23600000e-08 -9.22860941e-02 
 4.23800000e-08 -9.23376557e-02 
 4.24000000e-08 -9.23746759e-02 
 4.24200000e-08 -9.23971495e-02 
 4.24400000e-08 -9.24050734e-02 
 4.24600000e-08 -9.23984468e-02 
 4.24800000e-08 -9.23772713e-02 
 4.25000000e-08 -9.23415504e-02 
 4.25200000e-08 -9.22912901e-02 
 4.25400000e-08 -9.22264985e-02 
 4.25600000e-08 -9.21471861e-02 
 4.25800000e-08 -9.20533655e-02 
 4.26000000e-08 -9.19450516e-02 
 4.26200000e-08 -9.18222613e-02 
 4.26400000e-08 -9.16850141e-02 
 4.26600000e-08 -9.15333314e-02 
 4.26800000e-08 -9.13672371e-02 
 4.27000000e-08 -9.11867570e-02 
 4.27200000e-08 -9.09919193e-02 
 4.27400000e-08 -9.07827545e-02 
 4.27600000e-08 -9.05592951e-02 
 4.27800000e-08 -9.03215758e-02 
 4.28000000e-08 -9.00696338e-02 
 4.28200000e-08 -8.98035081e-02 
 4.28400000e-08 -8.95232401e-02 
 4.28600000e-08 -8.92288734e-02 
 4.28800000e-08 -8.89204535e-02 
 4.29000000e-08 -8.85980285e-02 
 4.29200000e-08 -8.82616483e-02 
 4.29400000e-08 -8.79113651e-02 
 4.29600000e-08 -8.75472332e-02 
 4.29800000e-08 -8.71693091e-02 
 4.30000000e-08 -8.67776514e-02 
 4.30200000e-08 -8.63723209e-02 
 4.30400000e-08 -8.59533803e-02 
 4.30600000e-08 -8.55208945e-02 
 4.30800000e-08 -8.50749308e-02 
 4.31000000e-08 -8.46155581e-02 
 4.31200000e-08 -8.41428477e-02 
 4.31400000e-08 -8.36568729e-02 
 4.31600000e-08 -8.31577091e-02 
 4.31800000e-08 -8.26454336e-02 
 4.32000000e-08 -8.21201258e-02 
 4.32200000e-08 -8.15818674e-02 
 4.32400000e-08 -8.10307417e-02 
 4.32600000e-08 -8.04668343e-02 
 4.32800000e-08 -7.98902326e-02 
 4.33000000e-08 -7.93010262e-02 
 4.33200000e-08 -7.86993066e-02 
 4.33400000e-08 -7.80851671e-02 
 4.33600000e-08 -7.74587032e-02 
 4.33800000e-08 -7.68200121e-02 
 4.34000000e-08 -7.61691932e-02 
 4.34200000e-08 -7.55063476e-02 
 4.34400000e-08 -7.48315782e-02 
 4.34600000e-08 -7.41449901e-02 
 4.34800000e-08 -7.34466901e-02 
 4.35000000e-08 -7.27367869e-02 
 4.35200000e-08 -7.20153908e-02 
 4.35400000e-08 -7.12826143e-02 
 4.35600000e-08 -7.05385715e-02 
 4.35800000e-08 -6.97833783e-02 
 4.36000000e-08 -6.90171524e-02 
 4.36200000e-08 -6.82400134e-02 
 4.36400000e-08 -6.74520823e-02 
 4.36600000e-08 -6.66534821e-02 
 4.36800000e-08 -6.58443375e-02 
 4.37000000e-08 -6.50247748e-02 
 4.37200000e-08 -6.41949221e-02 
 4.37400000e-08 -6.33549090e-02 
 4.37600000e-08 -6.25048667e-02 
 4.37800000e-08 -6.16449283e-02 
 4.38000000e-08 -6.07752283e-02 
 4.38200000e-08 -5.98959028e-02 
 4.38400000e-08 -5.90070893e-02 
 4.38600000e-08 -5.81089273e-02 
 4.38800000e-08 -5.72015573e-02 
 4.39000000e-08 -5.62851216e-02 
 4.39200000e-08 -5.53597639e-02 
 4.39400000e-08 -5.44256293e-02 
 4.39600000e-08 -5.34828645e-02 
 4.39800000e-08 -5.25316176e-02 
 4.40000000e-08 -5.15720378e-02 
 4.40200000e-08 -5.06042759e-02 
 4.40400000e-08 -4.96284841e-02 
 4.40600000e-08 -4.86448159e-02 
 4.40800000e-08 -4.76534259e-02 
 4.41000000e-08 -4.66544701e-02 
 4.41200000e-08 -4.56481060e-02 
 4.41400000e-08 -4.46344918e-02 
 4.41600000e-08 -4.36137875e-02 
 4.41800000e-08 -4.25861537e-02 
 4.42000000e-08 -4.15517527e-02 
 4.42200000e-08 -4.05107475e-02 
 4.42400000e-08 -3.94633024e-02 
 4.42600000e-08 -3.84095827e-02 
 4.42800000e-08 -3.73497550e-02 
 4.43000000e-08 -3.62839865e-02 
 4.43200000e-08 -3.52124457e-02 
 4.43400000e-08 -3.41353020e-02 
 4.43600000e-08 -3.30527258e-02 
 4.43800000e-08 -3.19648882e-02 
 4.44000000e-08 -3.08719615e-02 
 4.44200000e-08 -2.97741187e-02 
 4.44400000e-08 -2.86715336e-02 
 4.44600000e-08 -2.75643808e-02 
 4.44800000e-08 -2.64528358e-02 
 4.45000000e-08 -2.53370748e-02 
 4.45200000e-08 -2.42172746e-02 
 4.45400000e-08 -2.30936130e-02 
 4.45600000e-08 -2.19662680e-02 
 4.45800000e-08 -2.08354186e-02 
 4.46000000e-08 -1.97012443e-02 
 4.46200000e-08 -1.85639252e-02 
 4.46400000e-08 -1.74236418e-02 
 4.46600000e-08 -1.62805754e-02 
 4.46800000e-08 -1.51349074e-02 
 4.47000000e-08 -1.39868201e-02 
 4.47200000e-08 -1.28364957e-02 
 4.47400000e-08 -1.16841173e-02 
 4.47600000e-08 -1.05298681e-02 
 4.47800000e-08 -9.37393167e-03 
 4.48000000e-08 -8.21649185e-03 
 4.48200000e-08 -7.05773280e-03 
 4.48400000e-08 -5.89783892e-03 
 4.48600000e-08 -4.73699479e-03 
 4.48800000e-08 -3.57538519e-03 
 4.49000000e-08 -2.41319504e-03 
 4.49200000e-08 -1.25060935e-03 
 4.49400000e-08 -8.78132505e-05 
 4.49600000e-08  1.07500810e-03 
 4.49800000e-08  2.23766952e-03 
 4.50000000e-08  3.39998583e-03 
 4.50200000e-08  4.56177190e-03 
 4.50400000e-08  5.72284269e-03 
 4.50600000e-08  6.88301323e-03 
 4.50800000e-08  8.04209871e-03 
 4.51000000e-08  9.19991449e-03 
 4.51200000e-08  1.03562761e-02 
 4.51400000e-08  1.15109994e-02 
 4.51600000e-08  1.26639004e-02 
 4.51800000e-08  1.38147954e-02 
 4.52000000e-08  1.49635012e-02 
 4.52200000e-08  1.61098346e-02 
 4.52400000e-08  1.72536132e-02 
 4.52600000e-08  1.83946549e-02 
 4.52800000e-08  1.95327777e-02 
 4.53000000e-08  2.06678006e-02 
 4.53200000e-08  2.17995429e-02 
 4.53400000e-08  2.29278242e-02 
 4.53600000e-08  2.40524651e-02 
 4.53800000e-08  2.51732865e-02 
 4.54000000e-08  2.62901100e-02 
 4.54200000e-08  2.74027580e-02 
 4.54400000e-08  2.85110533e-02 
 4.54600000e-08  2.96148198e-02 
 4.54800000e-08  3.07138819e-02 
 4.55000000e-08  3.18080648e-02 
 4.55200000e-08  3.28971946e-02 
 4.55400000e-08  3.39810982e-02 
 4.55600000e-08  3.50596033e-02 
 4.55800000e-08  3.61325386e-02 
 4.56000000e-08  3.71997337e-02 
 4.56200000e-08  3.82610191e-02 
 4.56400000e-08  3.93162264e-02 
 4.56600000e-08  4.03651881e-02 
 4.56800000e-08  4.14077378e-02 
 4.57000000e-08  4.24437101e-02 
 4.57200000e-08  4.34729408e-02 
 4.57400000e-08  4.44952667e-02 
 4.57600000e-08  4.55105259e-02 
 4.57800000e-08  4.65185574e-02 
 4.58000000e-08  4.75192017e-02 
 4.58200000e-08  4.85123005e-02 
 4.58400000e-08  4.94976965e-02 
 4.58600000e-08  5.04752338e-02 
 4.58800000e-08  5.14447580e-02 
 4.59000000e-08  5.24061157e-02 
 4.59200000e-08  5.33591550e-02 
 4.59400000e-08  5.43037256e-02 
 4.59600000e-08  5.52396781e-02 
 4.59800000e-08  5.61668650e-02 
 4.60000000e-08  5.70851400e-02 
 4.60200000e-08  5.79943583e-02 
 4.60400000e-08  5.88943765e-02 
 4.60600000e-08  5.97850530e-02 
 4.60800000e-08  6.06662474e-02 
 4.61000000e-08  6.15378210e-02 
 4.61200000e-08  6.23996369e-02 
 4.61400000e-08  6.32515593e-02 
 4.61600000e-08  6.40934545e-02 
 4.61800000e-08  6.49251901e-02 
 4.62000000e-08  6.57466357e-02 
 4.62200000e-08  6.65576621e-02 
 4.62400000e-08  6.73581423e-02 
 4.62600000e-08  6.81479507e-02 
 4.62800000e-08  6.89269635e-02 
 4.63000000e-08  6.96950587e-02 
 4.63200000e-08  7.04521161e-02 
 4.63400000e-08  7.11980173e-02 
 4.63600000e-08  7.19326454e-02 
 4.63800000e-08  7.26558858e-02 
 4.64000000e-08  7.33676254e-02 
 4.64200000e-08  7.40677532e-02 
 4.64400000e-08  7.47561597e-02 
 4.64600000e-08  7.54327377e-02 
 4.64800000e-08  7.60973817e-02 
 4.65000000e-08  7.67499881e-02 
 4.65200000e-08  7.73904552e-02 
 4.65400000e-08  7.80186835e-02 
 4.65600000e-08  7.86345751e-02 
 4.65800000e-08  7.92380344e-02 
 4.66000000e-08  7.98289675e-02 
 4.66200000e-08  8.04072827e-02 
 4.66400000e-08  8.09728902e-02 
 4.66600000e-08  8.15257022e-02 
 4.66800000e-08  8.20656331e-02 
 4.67000000e-08  8.25925993e-02 
 4.67200000e-08  8.31065190e-02 
 4.67400000e-08  8.36073128e-02 
 4.67600000e-08  8.40949031e-02 
 4.67800000e-08  8.45692147e-02 
 4.68000000e-08  8.50301742e-02 
 4.68200000e-08  8.54777104e-02 
 4.68400000e-08  8.59117543e-02 
 4.68600000e-08  8.63322390e-02 
 4.68800000e-08  8.67390996e-02 
 4.69000000e-08  8.71322734e-02 
 4.69200000e-08  8.75117000e-02 
 4.69400000e-08  8.78773210e-02 
 4.69600000e-08  8.82290801e-02 
 4.69800000e-08  8.85669234e-02 
 4.70000000e-08  8.88907989e-02 
 4.70200000e-08  8.92006570e-02 
 4.70400000e-08  8.94964501e-02 
 4.70600000e-08  8.97781330e-02 
 4.70800000e-08  9.00456625e-02 
 4.71000000e-08  9.02989978e-02 
 4.71200000e-08  9.05381001e-02 
 4.71400000e-08  9.07629329e-02 
 4.71600000e-08  9.09734620e-02 
 4.71800000e-08  9.11696553e-02 
 4.72000000e-08  9.13514829e-02 
 4.72200000e-08  9.15189172e-02 
 4.72400000e-08  9.16719328e-02 
 4.72600000e-08  9.18105067e-02 
 4.72800000e-08  9.19346178e-02 
 4.73000000e-08  9.20442474e-02 
 4.73200000e-08  9.21393791e-02 
 4.73400000e-08  9.22199987e-02 
 4.73600000e-08  9.22860941e-02 
 4.73800000e-08  9.23376557e-02 
 4.74000000e-08  9.23746759e-02 
 4.74200000e-08  9.23971495e-02 
 4.74400000e-08  9.24050734e-02 
 4.74600000e-08  9.23984468e-02 
 4.74800000e-08  9.23772713e-02 
 4.75000000e-08  9.23415504e-02 
 4.75200000e-08  9.22912901e-02 
 4.75400000e-08  9.22264985e-02 
 4.75600000e-08  9.21471861e-02 
 4.75800000e-08  9.20533655e-02 
 4.76000000e-08  9.19450516e-02 
 4.76200000e-08  9.18222613e-02 
 4.76400000e-08  9.16850141e-02 
 4.76600000e-08  9.15333314e-02 
 4.76800000e-08  9.13672371e-02 
 4.77000000e-08  9.11867570e-02 
 4.77200000e-08  9.09919193e-02 
 4.77400000e-08  9.07827545e-02 
 4.77600000e-08  9.05592951e-02 
 4.77800000e-08  9.03215758e-02 
 4.78000000e-08  9.00696338e-02 
 4.78200000e-08  8.98035081e-02 
 4.78400000e-08  8.95232401e-02 
 4.78600000e-08  8.92288734e-02 
 4.78800000e-08  8.89204535e-02 
 4.79000000e-08  8.85980285e-02 
 4.79200000e-08  8.82616483e-02 
 4.79400000e-08  8.79113651e-02 
 4.79600000e-08  8.75472332e-02 
 4.79800000e-08  8.71693091e-02 
 4.80000000e-08  8.67776514e-02 
 4.80200000e-08  8.63723209e-02 
 4.80400000e-08  8.59533803e-02 
 4.80600000e-08  8.55208945e-02 
 4.80800000e-08  8.50749308e-02 
 4.81000000e-08  8.46155581e-02 
 4.81200000e-08  8.41428477e-02 
 4.81400000e-08  8.36568729e-02 
 4.81600000e-08  8.31577091e-02 
 4.81800000e-08  8.26454336e-02 
 4.82000000e-08  8.21201258e-02 
 4.82200000e-08  8.15818674e-02 
 4.82400000e-08  8.10307417e-02 
 4.82600000e-08  8.04668343e-02 
 4.82800000e-08  7.98902326e-02 
 4.83000000e-08  7.93010262e-02 
 4.83200000e-08  7.86993066e-02 
 4.83400000e-08  7.80851671e-02 
 4.83600000e-08  7.74587032e-02 
 4.83800000e-08  7.68200121e-02 
 4.84000000e-08  7.61691932e-02 
 4.84200000e-08  7.55063476e-02 
 4.84400000e-08  7.48315782e-02 
 4.84600000e-08  7.41449901e-02 
 4.84800000e-08  7.34466901e-02 
 4.85000000e-08  7.27367869e-02 
 4.85200000e-08  7.20153908e-02 
 4.85400000e-08  7.12826143e-02 
 4.85600000e-08  7.05385715e-02 
 4.85800000e-08  6.97833783e-02 
 4.86000000e-08  6.90171524e-02 
 4.86200000e-08  6.82400134e-02 
 4.86400000e-08  6.74520823e-02 
 4.86600000e-08  6.66534821e-02 
 4.86800000e-08  6.58443375e-02 
 4.87000000e-08  6.50247748e-02 
 4.87200000e-08  6.41949221e-02 
 4.87400000e-08  6.33549090e-02 
 4.87600000e-08  6.25048667e-02 
 4.87800000e-08  6.16449283e-02 
 4.88000000e-08  6.07752283e-02 
 4.88200000e-08  5.98959028e-02 
 4.88400000e-08  5.90070893e-02 
 4.88600000e-08  5.81089273e-02 
 4.88800000e-08  5.72015573e-02 
 4.89000000e-08  5.62851216e-02 
 4.89200000e-08  5.53597639e-02 
 4.89400000e-08  5.44256293e-02 
 4.89600000e-08  5.34828645e-02 
 4.89800000e-08  5.25316176e-02 
 4.90000000e-08  5.15720378e-02 
 4.90200000e-08  5.06042759e-02 
 4.90400000e-08  4.96284841e-02 
 4.90600000e-08  4.86448159e-02 
 4.90800000e-08  4.76534259e-02 
 4.91000000e-08  4.66544701e-02 
 4.91200000e-08  4.56481060e-02 
 4.91400000e-08  4.46344918e-02 
 4.91600000e-08  4.36137875e-02 
 4.91800000e-08  4.25861537e-02 
 4.92000000e-08  4.15517527e-02 
 4.92200000e-08  4.05107475e-02 
 4.92400000e-08  3.94633024e-02 
 4.92600000e-08  3.84095827e-02 
 4.92800000e-08  3.73497550e-02 
 4.93000000e-08  3.62839865e-02 
 4.93200000e-08  3.52124457e-02 
 4.93400000e-08  3.41353020e-02 
 4.93600000e-08  3.30527258e-02 
 4.93800000e-08  3.19648882e-02 
 4.94000000e-08  3.08719615e-02 
 4.94200000e-08  2.97741187e-02 
 4.94400000e-08  2.86715336e-02 
 4.94600000e-08  2.75643808e-02 
 4.94800000e-08  2.64528358e-02 
 4.95000000e-08  2.53370748e-02 
 4.95200000e-08  2.42172746e-02 
 4.95400000e-08  2.30936130e-02 
 4.95600000e-08  2.19662680e-02 
 4.95800000e-08  2.08354186e-02 
 4.96000000e-08  1.97012443e-02 
 4.96200000e-08  1.85639252e-02 
 4.96400000e-08  1.74236418e-02 
 4.96600000e-08  1.62805754e-02 
 4.96800000e-08  1.51349074e-02 
 4.97000000e-08  1.39868201e-02 
 4.97200000e-08  1.28364957e-02 
 4.97400000e-08  1.16841173e-02 
 4.97600000e-08  1.05298681e-02 
 4.97800000e-08  9.37393167e-03 
 4.98000000e-08  8.21649185e-03 
 4.98200000e-08  7.05773280e-03 
 4.98400000e-08  5.89783892e-03 
 4.98600000e-08  4.73699479e-03 
 4.98800000e-08  3.57538519e-03 
 4.99000000e-08  2.41319504e-03 
 4.99200000e-08  1.25060935e-03 
 4.99400000e-08  8.78132496e-05 
 4.99600000e-08 -1.07500810e-03 
 4.99800000e-08 -2.23766952e-03 
 5.00000000e-08 -3.39998583e-03 
 5.00200000e-08 -4.56177190e-03 
 5.00400000e-08 -5.72284269e-03 
 5.00600000e-08 -6.88301322e-03 
 5.00800000e-08 -8.04209871e-03 
 5.01000000e-08 -9.19991449e-03 
 5.01200000e-08 -1.03562761e-02 
 5.01400000e-08 -1.15109994e-02 
 5.01600000e-08 -1.26639004e-02 
 5.01800000e-08 -1.38147954e-02 
 5.02000000e-08 -1.49635012e-02 
 5.02200000e-08 -1.61098346e-02 
 5.02400000e-08 -1.72536132e-02 
 5.02600000e-08 -1.83946549e-02 
 5.02800000e-08 -1.95327777e-02 
 5.03000000e-08 -2.06678006e-02 
 5.03200000e-08 -2.17995429e-02 
 5.03400000e-08 -2.29278242e-02 
 5.03600000e-08 -2.40524651e-02 
 5.03800000e-08 -2.51732865e-02 
 5.04000000e-08 -2.62901100e-02 
 5.04200000e-08 -2.74027580e-02 
 5.04400000e-08 -2.85110533e-02 
 5.04600000e-08 -2.96148198e-02 
 5.04800000e-08 -3.07138819e-02 
 5.05000000e-08 -3.18080648e-02 
 5.05200000e-08 -3.28971946e-02 
 5.05400000e-08 -3.39810982e-02 
 5.05600000e-08 -3.50596033e-02 
 5.05800000e-08 -3.61325386e-02 
 5.06000000e-08 -3.71997337e-02 
 5.06200000e-08 -3.82610191e-02 
 5.06400000e-08 -3.93162264e-02 
 5.06600000e-08 -4.03651881e-02 
 5.06800000e-08 -4.14077378e-02 
 5.07000000e-08 -4.24437101e-02 
 5.07200000e-08 -4.34729408e-02 
 5.07400000e-08 -4.44952667e-02 
 5.07600000e-08 -4.55105259e-02 
 5.07800000e-08 -4.65185574e-02 
 5.08000000e-08 -4.75192017e-02 
 5.08200000e-08 -4.85123005e-02 
 5.08400000e-08 -4.94976965e-02 
 5.08600000e-08 -5.04752338e-02 
 5.08800000e-08 -5.14447580e-02 
 5.09000000e-08 -5.24061157e-02 
 5.09200000e-08 -5.33591550e-02 
 5.09400000e-08 -5.43037256e-02 
 5.09600000e-08 -5.52396781e-02 
 5.09800000e-08 -5.61668650e-02 
 5.10000000e-08 -5.70851400e-02 
 5.10200000e-08 -5.79943583e-02 
 5.10400000e-08 -5.88943765e-02 
 5.10600000e-08 -5.97850530e-02 
 5.10800000e-08 -6.06662474e-02 
 5.11000000e-08 -6.15378210e-02 
 5.11200000e-08 -6.23996369e-02 
 5.11400000e-08 -6.32515593e-02 
 5.11600000e-08 -6.40934545e-02 
 5.11800000e-08 -6.49251901e-02 
 5.12000000e-08 -6.57466357e-02 
 5.12200000e-08 -6.65576621e-02 
 5.12400000e-08 -6.73581423e-02 
 5.12600000e-08 -6.81479507e-02 
 5.12800000e-08 -6.89269635e-02 
 5.13000000e-08 -6.96950587e-02 
 5.13200000e-08 -7.04521161e-02 
 5.13400000e-08 -7.11980173e-02 
 5.13600000e-08 -7.19326454e-02 
 5.13800000e-08 -7.26558858e-02 
 5.14000000e-08 -7.33676254e-02 
 5.14200000e-08 -7.40677532e-02 
 5.14400000e-08 -7.47561597e-02 
 5.14600000e-08 -7.54327377e-02 
 5.14800000e-08 -7.60973817e-02 
 5.15000000e-08 -7.67499881e-02 
 5.15200000e-08 -7.73904552e-02 
 5.15400000e-08 -7.80186835e-02 
 5.15600000e-08 -7.86345751e-02 
 5.15800000e-08 -7.92380344e-02 
 5.16000000e-08 -7.98289675e-02 
 5.16200000e-08 -8.04072827e-02 
 5.16400000e-08 -8.09728902e-02 
 5.16600000e-08 -8.15257022e-02 
 5.16800000e-08 -8.20656331e-02 
 5.17000000e-08 -8.25925993e-02 
 5.17200000e-08 -8.31065190e-02 
 5.17400000e-08 -8.36073127e-02 
 5.17600000e-08 -8.40949031e-02 
 5.17800000e-08 -8.45692147e-02 
 5.18000000e-08 -8.50301742e-02 
 5.18200000e-08 -8.54777104e-02 
 5.18400000e-08 -8.59117543e-02 
 5.18600000e-08 -8.63322390e-02 
 5.18800000e-08 -8.67390996e-02 
 5.19000000e-08 -8.71322734e-02 
 5.19200000e-08 -8.75117000e-02 
 5.19400000e-08 -8.78773210e-02 
 5.19600000e-08 -8.82290801e-02 
 5.19800000e-08 -8.85669234e-02 
 5.20000000e-08 -8.88907989e-02 
 5.20200000e-08 -8.92006570e-02 
 5.20400000e-08 -8.94964501e-02 
 5.20600000e-08 -8.97781330e-02 
 5.20800000e-08 -9.00456625e-02 
 5.21000000e-08 -9.02989978e-02 
 5.21200000e-08 -9.05381001e-02 
 5.21400000e-08 -9.07629329e-02 
 5.21600000e-08 -9.09734620e-02 
 5.21800000e-08 -9.11696553e-02 
 5.22000000e-08 -9.13514829e-02 
 5.22200000e-08 -9.15189172e-02 
 5.22400000e-08 -9.16719328e-02 
 5.22600000e-08 -9.18105067e-02 
 5.22800000e-08 -9.19346178e-02 
 5.23000000e-08 -9.20442474e-02 
 5.23200000e-08 -9.21393791e-02 
 5.23400000e-08 -9.22199987e-02 
 5.23600000e-08 -9.22860941e-02 
 5.23800000e-08 -9.23376557e-02 
 5.24000000e-08 -9.23746759e-02 
 5.24200000e-08 -9.23971495e-02 
 5.24400000e-08 -9.24050734e-02 
 5.24600000e-08 -9.23984468e-02 
 5.24800000e-08 -9.23772713e-02 
 5.25000000e-08 -9.23415504e-02 
 5.25200000e-08 -9.22912901e-02 
 5.25400000e-08 -9.22264985e-02 
 5.25600000e-08 -9.21471861e-02 
 5.25800000e-08 -9.20533655e-02 
 5.26000000e-08 -9.19450516e-02 
 5.26200000e-08 -9.18222613e-02 
 5.26400000e-08 -9.16850141e-02 
 5.26600000e-08 -9.15333314e-02 
 5.26800000e-08 -9.13672371e-02 
 5.27000000e-08 -9.11867570e-02 
 5.27200000e-08 -9.09919193e-02 
 5.27400000e-08 -9.07827545e-02 
 5.27600000e-08 -9.05592951e-02 
 5.27800000e-08 -9.03215758e-02 
 5.28000000e-08 -9.00696338e-02 
 5.28200000e-08 -8.98035081e-02 
 5.28400000e-08 -8.95232401e-02 
 5.28600000e-08 -8.92288734e-02 
 5.28800000e-08 -8.89204535e-02 
 5.29000000e-08 -8.85980285e-02 
 5.29200000e-08 -8.82616483e-02 
 5.29400000e-08 -8.79113651e-02 
 5.29600000e-08 -8.75472332e-02 
 5.29800000e-08 -8.71693091e-02 
 5.30000000e-08 -8.67776514e-02 
 5.30200000e-08 -8.63723209e-02 
 5.30400000e-08 -8.59533803e-02 
 5.30600000e-08 -8.55208945e-02 
 5.30800000e-08 -8.50749308e-02 
 5.31000000e-08 -8.46155581e-02 
 5.31200000e-08 -8.41428477e-02 
 5.31400000e-08 -8.36568729e-02 
 5.31600000e-08 -8.31577091e-02 
 5.31800000e-08 -8.26454336e-02 
 5.32000000e-08 -8.21201258e-02 
 5.32200000e-08 -8.15818674e-02 
 5.32400000e-08 -8.10307417e-02 
 5.32600000e-08 -8.04668343e-02 
 5.32800000e-08 -7.98902326e-02 
 5.33000000e-08 -7.93010262e-02 
 5.33200000e-08 -7.86993066e-02 
 5.33400000e-08 -7.80851671e-02 
 5.33600000e-08 -7.74587032e-02 
 5.33800000e-08 -7.68200121e-02 
 5.34000000e-08 -7.61691932e-02 
 5.34200000e-08 -7.55063476e-02 
 5.34400000e-08 -7.48315782e-02 
 5.34600000e-08 -7.41449901e-02 
 5.34800000e-08 -7.34466901e-02 
 5.35000000e-08 -7.27367869e-02 
 5.35200000e-08 -7.20153908e-02 
 5.35400000e-08 -7.12826143e-02 
 5.35600000e-08 -7.05385715e-02 
 5.35800000e-08 -6.97833783e-02 
 5.36000000e-08 -6.90171524e-02 
 5.36200000e-08 -6.82400134e-02 
 5.36400000e-08 -6.74520823e-02 
 5.36600000e-08 -6.66534821e-02 
 5.36800000e-08 -6.58443375e-02 
 5.37000000e-08 -6.50247748e-02 
 5.37200000e-08 -6.41949221e-02 
 5.37400000e-08 -6.33549090e-02 
 5.37600000e-08 -6.25048667e-02 
 5.37800000e-08 -6.16449283e-02 
 5.38000000e-08 -6.07752283e-02 
 5.38200000e-08 -5.98959028e-02 
 5.38400000e-08 -5.90070893e-02 
 5.38600000e-08 -5.81089273e-02 
 5.38800000e-08 -5.72015573e-02 
 5.39000000e-08 -5.62851216e-02 
 5.39200000e-08 -5.53597638e-02 
 5.39400000e-08 -5.44256293e-02 
 5.39600000e-08 -5.34828645e-02 
 5.39800000e-08 -5.25316176e-02 
 5.40000000e-08 -5.15720378e-02 
 5.40200000e-08 -5.06042759e-02 
 5.40400000e-08 -4.96284841e-02 
 5.40600000e-08 -4.86448159e-02 
 5.40800000e-08 -4.76534259e-02 
 5.41000000e-08 -4.66544701e-02 
 5.41200000e-08 -4.56481060e-02 
 5.41400000e-08 -4.46344918e-02 
 5.41600000e-08 -4.36137875e-02 
 5.41800000e-08 -4.25861537e-02 
 5.42000000e-08 -4.15517527e-02 
 5.42200000e-08 -4.05107475e-02 
 5.42400000e-08 -3.94633024e-02 
 5.42600000e-08 -3.84095827e-02 
 5.42800000e-08 -3.73497550e-02 
 5.43000000e-08 -3.62839865e-02 
 5.43200000e-08 -3.52124457e-02 
 5.43400000e-08 -3.41353020e-02 
 5.43600000e-08 -3.30527258e-02 
 5.43800000e-08 -3.19648882e-02 
 5.44000000e-08 -3.08719615e-02 
 5.44200000e-08 -2.97741187e-02 
 5.44400000e-08 -2.86715336e-02 
 5.44600000e-08 -2.75643808e-02 
 5.44800000e-08 -2.64528358e-02 
 5.45000000e-08 -2.53370748e-02 
 5.45200000e-08 -2.42172746e-02 
 5.45400000e-08 -2.30936130e-02 
 5.45600000e-08 -2.19662680e-02 
 5.45800000e-08 -2.08354186e-02 
 5.46000000e-08 -1.97012443e-02 
 5.46200000e-08 -1.85639252e-02 
 5.46400000e-08 -1.74236418e-02 
 5.46600000e-08 -1.62805754e-02 
 5.46800000e-08 -1.51349074e-02 
 5.47000000e-08 -1.39868201e-02 
 5.47200000e-08 -1.28364957e-02 
 5.47400000e-08 -1.16841173e-02 
 5.47600000e-08 -1.05298681e-02 
 5.47800000e-08 -9.37393167e-03 
 5.48000000e-08 -8.21649185e-03 
 5.48200000e-08 -7.05773280e-03 
 5.48400000e-08 -5.89783892e-03 
 5.48600000e-08 -4.73699479e-03 
 5.48800000e-08 -3.57538519e-03 
 5.49000000e-08 -2.41319504e-03 
 5.49200000e-08 -1.25060935e-03 
 5.49400000e-08 -8.78132496e-05 
 5.49600000e-08  1.07500810e-03 
 5.49800000e-08  2.23766952e-03 
 5.50000000e-08  3.39998583e-03 
 5.50200000e-08  4.56177190e-03 
 5.50400000e-08  5.72284269e-03 
 5.50600000e-08  6.88301323e-03 
 5.50800000e-08  8.04209871e-03 
 5.51000000e-08  9.19991449e-03 
 5.51200000e-08  1.03562761e-02 
 5.51400000e-08  1.15109994e-02 
 5.51600000e-08  1.26639004e-02 
 5.51800000e-08  1.38147954e-02 
 5.52000000e-08  1.49635012e-02 
 5.52200000e-08  1.61098346e-02 
 5.52400000e-08  1.72536132e-02 
 5.52600000e-08  1.83946549e-02 
 5.52800000e-08  1.95327777e-02 
 5.53000000e-08  2.06678006e-02 
 5.53200000e-08  2.17995429e-02 
 5.53400000e-08  2.29278242e-02 
 5.53600000e-08  2.40524651e-02 
 5.53800000e-08  2.51732865e-02 
 5.54000000e-08  2.62901100e-02 
 5.54200000e-08  2.74027580e-02 
 5.54400000e-08  2.85110533e-02 
 5.54600000e-08  2.96148198e-02 
 5.54800000e-08  3.07138819e-02 
 5.55000000e-08  3.18080648e-02 
 5.55200000e-08  3.28971946e-02 
 5.55400000e-08  3.39810982e-02 
 5.55600000e-08  3.50596033e-02 
 5.55800000e-08  3.61325386e-02 
 5.56000000e-08  3.71997337e-02 
 5.56200000e-08  3.82610191e-02 
 5.56400000e-08  3.93162264e-02 
 5.56600000e-08  4.03651881e-02 
 5.56800000e-08  4.14077378e-02 
 5.57000000e-08  4.24437101e-02 
 5.57200000e-08  4.34729408e-02 
 5.57400000e-08  4.44952667e-02 
 5.57600000e-08  4.55105259e-02 
 5.57800000e-08  4.65185574e-02 
 5.58000000e-08  4.75192017e-02 
 5.58200000e-08  4.85123005e-02 
 5.58400000e-08  4.94976965e-02 
 5.58600000e-08  5.04752338e-02 
 5.58800000e-08  5.14447580e-02 
 5.59000000e-08  5.24061157e-02 
 5.59200000e-08  5.33591550e-02 
 5.59400000e-08  5.43037256e-02 
 5.59600000e-08  5.52396781e-02 
 5.59800000e-08  5.61668650e-02 
 5.60000000e-08  5.70851400e-02 
 5.60200000e-08  5.79943583e-02 
 5.60400000e-08  5.88943765e-02 
 5.60600000e-08  5.97850530e-02 
 5.60800000e-08  6.06662474e-02 
 5.61000000e-08  6.15378210e-02 
 5.61200000e-08  6.23996369e-02 
 5.61400000e-08  6.32515593e-02 
 5.61600000e-08  6.40934545e-02 
 5.61800000e-08  6.49251901e-02 
 5.62000000e-08  6.57466357e-02 
 5.62200000e-08  6.65576621e-02 
 5.62400000e-08  6.73581423e-02 
 5.62600000e-08  6.81479507e-02 
 5.62800000e-08  6.89269635e-02 
 5.63000000e-08  6.96950587e-02 
 5.63200000e-08  7.04521161e-02 
 5.63400000e-08  7.11980173e-02 
 5.63600000e-08  7.19326454e-02 
 5.63800000e-08  7.26558858e-02 
 5.64000000e-08  7.33676254e-02 
 5.64200000e-08  7.40677532e-02 
 5.64400000e-08  7.47561597e-02 
 5.64600000e-08  7.54327377e-02 
 5.64800000e-08  7.60973817e-02 
 5.65000000e-08  7.67499881e-02 
 5.65200000e-08  7.73904552e-02 
 5.65400000e-08  7.80186835e-02 
 5.65600000e-08  7.86345751e-02 
 5.65800000e-08  7.92380344e-02 
 5.66000000e-08  7.98289675e-02 
 5.66200000e-08  8.04072827e-02 
 5.66400000e-08  8.09728902e-02 
 5.66600000e-08  8.15257022e-02 
 5.66800000e-08  8.20656331e-02 
 5.67000000e-08  8.25925993e-02 
 5.67200000e-08  8.31065190e-02 
 5.67400000e-08  8.36073127e-02 
 5.67600000e-08  8.40949031e-02 
 5.67800000e-08  8.45692147e-02 
 5.68000000e-08  8.50301742e-02 
 5.68200000e-08  8.54777104e-02 
 5.68400000e-08  8.59117543e-02 
 5.68600000e-08  8.63322390e-02 
 5.68800000e-08  8.67390996e-02 
 5.69000000e-08  8.71322734e-02 
 5.69200000e-08  8.75117000e-02 
 5.69400000e-08  8.78773210e-02 
 5.69600000e-08  8.82290801e-02 
 5.69800000e-08  8.85669234e-02 
 5.70000000e-08  8.88907989e-02 
 5.70200000e-08  8.92006570e-02 
 5.70400000e-08  8.94964501e-02 
 5.70600000e-08  8.97781330e-02 
 5.70800000e-08  9.00456625e-02 
 5.71000000e-08  9.02989978e-02 
 5.71200000e-08  9.05381001e-02 
 5.71400000e-08  9.07629329e-02 
 5.71600000e-08  9.09734620e-02 
 5.71800000e-08  9.11696553e-02 
 5.72000000e-08  9.13514829e-02 
 5.72200000e-08  9.15189172e-02 
 5.72400000e-08  9.16719328e-02 
 5.72600000e-08  9.18105067e-02 
 5.72800000e-08  9.19346178e-02 
 5.73000000e-08  9.20442474e-02 
 5.73200000e-08  9.21393791e-02 
 5.73400000e-08  9.22199987e-02 
 5.73600000e-08  9.22860941e-02 
 5.73800000e-08  9.23376557e-02 
 5.74000000e-08  9.23746759e-02 
 5.74200000e-08  9.23971495e-02 
 5.74400000e-08  9.24050734e-02 
 5.74600000e-08  9.23984468e-02 
 5.74800000e-08  9.23772713e-02 
 5.75000000e-08  9.23415504e-02 
 5.75200000e-08  9.22912901e-02 
 5.75400000e-08  9.22264985e-02 
 5.75600000e-08  9.21471861e-02 
 5.75800000e-08  9.20533655e-02 
 5.76000000e-08  9.19450516e-02 
 5.76200000e-08  9.18222613e-02 
 5.76400000e-08  9.16850141e-02 
 5.76600000e-08  9.15333314e-02 
 5.76800000e-08  9.13672371e-02 
 5.77000000e-08  9.11867570e-02 
 5.77200000e-08  9.09919193e-02 
 5.77400000e-08  9.07827545e-02 
 5.77600000e-08  9.05592951e-02 
 5.77800000e-08  9.03215758e-02 
 5.78000000e-08  9.00696338e-02 
 5.78200000e-08  8.98035081e-02 
 5.78400000e-08  8.95232401e-02 
 5.78600000e-08  8.92288734e-02 
 5.78800000e-08  8.89204535e-02 
 5.79000000e-08  8.85980285e-02 
 5.79200000e-08  8.82616483e-02 
 5.79400000e-08  8.79113651e-02 
 5.79600000e-08  8.75472332e-02 
 5.79800000e-08  8.71693091e-02 
 5.80000000e-08  8.67776514e-02 
 5.80200000e-08  8.63723209e-02 
 5.80400000e-08  8.59533803e-02 
 5.80600000e-08  8.55208945e-02 
 5.80800000e-08  8.50749308e-02 
 5.81000000e-08  8.46155581e-02 
 5.81200000e-08  8.41428477e-02 
 5.81400000e-08  8.36568729e-02 
 5.81600000e-08  8.31577091e-02 
 5.81800000e-08  8.26454336e-02 
 5.82000000e-08  8.21201258e-02 
 5.82200000e-08  8.15818674e-02 
 5.82400000e-08  8.10307417e-02 
 5.82600000e-08  8.04668343e-02 
 5.82800000e-08  7.98902326e-02 
 5.83000000e-08  7.93010262e-02 
 5.83200000e-08  7.86993066e-02 
 5.83400000e-08  7.80851671e-02 
 5.83600000e-08  7.74587032e-02 
 5.83800000e-08  7.68200121e-02 
 5.84000000e-08  7.61691932e-02 
 5.84200000e-08  7.55063476e-02 
 5.84400000e-08  7.48315782e-02 
 5.84600000e-08  7.41449901e-02 
 5.84800000e-08  7.34466901e-02 
 5.85000000e-08  7.27367869e-02 
 5.85200000e-08  7.20153908e-02 
 5.85400000e-08  7.12826143e-02 
 5.85600000e-08  7.05385715e-02 
 5.85800000e-08  6.97833783e-02 
 5.86000000e-08  6.90171524e-02 
 5.86200000e-08  6.82400134e-02 
 5.86400000e-08  6.74520823e-02 
 5.86600000e-08  6.66534821e-02 
 5.86800000e-08  6.58443375e-02 
 5.87000000e-08  6.50247748e-02 
 5.87200000e-08  6.41949221e-02 
 5.87400000e-08  6.33549090e-02 
 5.87600000e-08  6.25048667e-02 
 5.87800000e-08  6.16449283e-02 
 5.88000000e-08  6.07752283e-02 
 5.88200000e-08  5.98959028e-02 
 5.88400000e-08  5.90070893e-02 
 5.88600000e-08  5.81089273e-02 
 5.88800000e-08  5.72015573e-02 
 5.89000000e-08  5.62851216e-02 
 5.89200000e-08  5.53597638e-02 
 5.89400000e-08  5.44256293e-02 
 5.89600000e-08  5.34828645e-02 
 5.89800000e-08  5.25316176e-02 
 5.90000000e-08  5.15720378e-02 
 5.90200000e-08  5.06042759e-02 
 5.90400000e-08  4.96284841e-02 
 5.90600000e-08  4.86448159e-02 
 5.90800000e-08  4.76534259e-02 
 5.91000000e-08  4.66544701e-02 
 5.91200000e-08  4.56481060e-02 
 5.91400000e-08  4.46344918e-02 
 5.91600000e-08  4.36137875e-02 
 5.91800000e-08  4.25861537e-02 
 5.92000000e-08  4.15517527e-02 
 5.92200000e-08  4.05107475e-02 
 5.92400000e-08  3.94633024e-02 
 5.92600000e-08  3.84095827e-02 
 5.92800000e-08  3.73497550e-02 
 5.93000000e-08  3.62839865e-02 
 5.93200000e-08  3.52124457e-02 
 5.93400000e-08  3.41353020e-02 
 5.93600000e-08  3.30527258e-02 
 5.93800000e-08  3.19648882e-02 
 5.94000000e-08  3.08719615e-02 
 5.94200000e-08  2.97741187e-02 
 5.94400000e-08  2.86715336e-02 
 5.94600000e-08  2.75643808e-02 
 5.94800000e-08  2.64528358e-02 
 5.95000000e-08  2.53370748e-02 
 5.95200000e-08  2.42172746e-02 
 5.95400000e-08  2.30936130e-02 
 5.95600000e-08  2.19662680e-02 
 5.95800000e-08  2.08354186e-02 
 5.96000000e-08  1.97012443e-02 
 5.96200000e-08  1.85639252e-02 
 5.96400000e-08  1.74236418e-02 
 5.96600000e-08  1.62805754e-02 
 5.96800000e-08  1.51349074e-02 
 5.97000000e-08  1.39868201e-02 
 5.97200000e-08  1.28364957e-02 
 5.97400000e-08  1.16841173e-02 
 5.97600000e-08  1.05298681e-02 
 5.97800000e-08  9.37393167e-03 
 5.98000000e-08  8.21649185e-03 
 5.98200000e-08  7.05773280e-03 
 5.98400000e-08  5.89783892e-03 
 5.98600000e-08  4.73699479e-03 
 5.98800000e-08  3.57538519e-03 
 5.99000000e-08  2.41319504e-03 
 5.99200000e-08  1.25060935e-03 
 5.99400000e-08  8.78132503e-05 
 5.99600000e-08 -1.07500810e-03 
 5.99800000e-08 -2.23766952e-03 
 6.00000000e-08 -3.40004428e-03 
