 0.00000000e+00  8.32667268e-17 
 2.00000000e-11  6.58235057e-05 
 4.00000000e-11  5.76339683e-05 
 6.00000000e-11  4.54730965e-05 
 8.00000000e-11  2.99800111e-05 
 1.00000000e-10  1.12854253e-05 
 1.20000000e-10 -1.02705255e-05 
 1.40000000e-10 -3.45275348e-05 
 1.60000000e-10 -6.12258496e-05 
 1.80000000e-10 -9.02086723e-05 
 2.00000000e-10 -1.21265729e-04 
 2.20000000e-10 -1.54255171e-04 
 2.40000000e-10 -1.89001322e-04 
 2.60000000e-10 -2.25379697e-04 
 2.80000000e-10 -2.63241166e-04 
 3.00000000e-10 -3.02477781e-04 
 3.20000000e-10 -3.42961902e-04 
 3.40000000e-10 -3.84600304e-04 
 3.60000000e-10 -4.27283226e-04 
 3.80000000e-10 -4.70930197e-04 
 4.00000000e-10 -5.15446525e-04 
 4.20000000e-10 -5.60762654e-04 
 4.40000000e-10 -6.06796677e-04 
 4.60000000e-10 -6.53488330e-04 
 4.80000000e-10 -7.00766575e-04 
 5.00000000e-10 -7.48579042e-04 
 5.20000000e-10 -7.96863950e-04 
 5.40000000e-10 -8.45575627e-04 
 5.60000000e-10 -8.94660178e-04 
 5.80000000e-10 -9.44077609e-04 
 6.00000000e-10 -9.93780748e-04 
 6.20000000e-10 -1.04373442e-03 
 6.40000000e-10 -1.09389717e-03 
 6.60000000e-10 -1.14423793e-03 
 6.80000000e-10 -1.19472011e-03 
 7.00000000e-10 -1.24531610e-03 
 7.20000000e-10 -1.29599349e-03 
 7.40000000e-10 -1.34672761e-03 
 7.60000000e-10 -1.39748960e-03 
 7.80000000e-10 -1.44825726e-03 
 8.00000000e-10 -1.49900478e-03 
 8.20000000e-10 -1.54971209e-03 
 8.40000000e-10 -1.60035595e-03 
 8.60000000e-10 -1.65091808e-03 
 8.80000000e-10 -1.70137746e-03 
 9.00000000e-10 -1.75171734e-03 
 9.20000000e-10 -1.80191858e-03 
 9.40000000e-10 -1.85196576e-03 
 9.60000000e-10 -1.90184133e-03 
 9.80000000e-10 -1.95153097e-03 
 1.00000000e-09 -2.00101854e-03 
 1.02000000e-09 -2.05029068e-03 
 1.04000000e-09 -2.09933241e-03 
 1.06000000e-09 -2.14813119e-03 
 1.08000000e-09 -2.19667309e-03 
 1.10000000e-09 -2.24494625e-03 
 1.12000000e-09 -2.29293762e-03 
 1.14000000e-09 -2.34063595e-03 
 1.16000000e-09 -2.38802897e-03 
 1.18000000e-09 -2.43510595e-03 
 1.20000000e-09 -2.48185527e-03 
 1.22000000e-09 -2.52826668e-03 
 1.24000000e-09 -2.57432915e-03 
 1.26000000e-09 -2.62003283e-03 
 1.28000000e-09 -2.66536720e-03 
 1.30000000e-09 -2.71032278e-03 
 1.32000000e-09 -2.75488950e-03 
 1.34000000e-09 -2.79905820e-03 
 1.36000000e-09 -2.84281924e-03 
 1.38000000e-09 -2.88616376e-03 
 1.40000000e-09 -2.92908247e-03 
 1.42000000e-09 -2.97156680e-03 
 1.44000000e-09 -3.01360778e-03 
 1.46000000e-09 -3.05519711e-03 
 1.48000000e-09 -3.09632615e-03 
 1.50000000e-09 -3.13698681e-03 
 1.52000000e-09 -3.17717076e-03 
 1.54000000e-09 -3.21687014e-03 
 1.56000000e-09 -3.25607690e-03 
 1.58000000e-09 -3.29478342e-03 
 1.60000000e-09 -3.33298189e-03 
 1.62000000e-09 -3.37066491e-03 
 1.64000000e-09 -3.40782495e-03 
 1.66000000e-09 -3.44445482e-03 
 1.68000000e-09 -3.48054723e-03 
 1.70000000e-09 -3.51609522e-03 
 1.72000000e-09 -3.55109175e-03 
 1.74000000e-09 -3.58553007e-03 
 1.76000000e-09 -3.61940339e-03 
 1.78000000e-09 -3.65270518e-03 
 1.80000000e-09 -3.68542890e-03 
 1.82000000e-09 -3.71756825e-03 
 1.84000000e-09 -3.74911693e-03 
 1.86000000e-09 -3.78006887e-03 
 1.88000000e-09 -3.81041801e-03 
 1.90000000e-09 -3.84015853e-03 
 1.92000000e-09 -3.86928462e-03 
 1.94000000e-09 -3.89779069e-03 
 1.96000000e-09 -3.92567120e-03 
 1.98000000e-09 -3.95292079e-03 
 2.00000000e-09 -3.97953418e-03 
 2.02000000e-09 -4.00550627e-03 
 2.04000000e-09 -4.03083205e-03 
 2.06000000e-09 -4.05550667e-03 
 2.08000000e-09 -4.07952538e-03 
 2.10000000e-09 -4.10288360e-03 
 2.12000000e-09 -4.12557685e-03 
 2.14000000e-09 -4.14760083e-03 
 2.16000000e-09 -4.16895132e-03 
 2.18000000e-09 -4.18962431e-03 
 2.20000000e-09 -4.20961586e-03 
 2.22000000e-09 -4.22892223e-03 
 2.24000000e-09 -4.24753977e-03 
 2.26000000e-09 -4.26546502e-03 
 2.28000000e-09 -4.28269463e-03 
 2.30000000e-09 -4.29922542e-03 
 2.32000000e-09 -4.31505434e-03 
 2.34000000e-09 -4.33017850e-03 
 2.36000000e-09 -4.34459515e-03 
 2.38000000e-09 -4.35830169e-03 
 2.40000000e-09 -4.37129567e-03 
 2.42000000e-09 -4.38357479e-03 
 2.44000000e-09 -4.39513691e-03 
 2.46000000e-09 -4.40598002e-03 
 2.48000000e-09 -4.41610229e-03 
 2.50000000e-09 -4.42550202e-03 
 2.52000000e-09 -4.43417766e-03 
 2.54000000e-09 -4.44212784e-03 
 2.56000000e-09 -4.44935132e-03 
 2.58000000e-09 -4.45584701e-03 
 2.60000000e-09 -4.46161398e-03 
 2.62000000e-09 -4.46665147e-03 
 2.64000000e-09 -4.47095884e-03 
 2.66000000e-09 -4.47453562e-03 
 2.68000000e-09 -4.47738150e-03 
 2.70000000e-09 -4.47949630e-03 
 2.72000000e-09 -4.48088001e-03 
 2.74000000e-09 -4.48153276e-03 
 2.76000000e-09 -4.48145484e-03 
 2.78000000e-09 -4.48064668e-03 
 2.80000000e-09 -4.47910885e-03 
 2.82000000e-09 -4.47684210e-03 
 2.84000000e-09 -4.47384729e-03 
 2.86000000e-09 -4.47012545e-03 
 2.88000000e-09 -4.46567775e-03 
 2.90000000e-09 -4.46050549e-03 
 2.92000000e-09 -4.45461013e-03 
 2.94000000e-09 -4.44799326e-03 
 2.96000000e-09 -4.44065663e-03 
 2.98000000e-09 -4.43260209e-03 
 3.00000000e-09 -4.42383168e-03 
 3.02000000e-09 -4.41434752e-03 
 3.04000000e-09 -4.40415191e-03 
 3.06000000e-09 -4.39324726e-03 
 3.08000000e-09 -4.38163611e-03 
 3.10000000e-09 -4.36932114e-03 
 3.12000000e-09 -4.35630515e-03 
 3.14000000e-09 -4.34259108e-03 
 3.16000000e-09 -4.32818197e-03 
 3.18000000e-09 -4.31308102e-03 
 3.20000000e-09 -4.29729150e-03 
 3.22000000e-09 -4.28081684e-03 
 3.24000000e-09 -4.26366058e-03 
 3.26000000e-09 -4.24582635e-03 
 3.28000000e-09 -4.22731793e-03 
 3.30000000e-09 -4.20813919e-03 
 3.32000000e-09 -4.18829411e-03 
 3.34000000e-09 -4.16778677e-03 
 3.36000000e-09 -4.14662138e-03 
 3.38000000e-09 -4.12480223e-03 
 3.40000000e-09 -4.10233371e-03 
 3.42000000e-09 -4.07922033e-03 
 3.44000000e-09 -4.05546668e-03 
 3.46000000e-09 -4.03107745e-03 
 3.48000000e-09 -4.00605742e-03 
 3.50000000e-09 -3.98041145e-03 
 3.52000000e-09 -3.95414452e-03 
 3.54000000e-09 -3.92726166e-03 
 3.56000000e-09 -3.89976801e-03 
 3.58000000e-09 -3.87166877e-03 
 3.60000000e-09 -3.84296925e-03 
 3.62000000e-09 -3.81367482e-03 
 3.64000000e-09 -3.78379091e-03 
 3.66000000e-09 -3.75332305e-03 
 3.68000000e-09 -3.72227684e-03 
 3.70000000e-09 -3.69065794e-03 
 3.72000000e-09 -3.65847207e-03 
 3.74000000e-09 -3.62572504e-03 
 3.76000000e-09 -3.59242271e-03 
 3.78000000e-09 -3.55857100e-03 
 3.80000000e-09 -3.52417590e-03 
 3.82000000e-09 -3.48924345e-03 
 3.84000000e-09 -3.45377975e-03 
 3.86000000e-09 -3.41779097e-03 
 3.88000000e-09 -3.38128330e-03 
 3.90000000e-09 -3.34426301e-03 
 3.92000000e-09 -3.30673641e-03 
 3.94000000e-09 -3.26870987e-03 
 3.96000000e-09 -3.23018978e-03 
 3.98000000e-09 -3.19118261e-03 
 4.00000000e-09 -3.15169486e-03 
 4.02000000e-09 -3.11173305e-03 
 4.04000000e-09 -3.07130378e-03 
 4.06000000e-09 -3.03041366e-03 
 4.08000000e-09 -2.98906935e-03 
 4.10000000e-09 -2.94727756e-03 
 4.12000000e-09 -2.90504501e-03 
 4.14000000e-09 -2.86237848e-03 
 4.16000000e-09 -2.81928476e-03 
 4.18000000e-09 -2.77577068e-03 
 4.20000000e-09 -2.73184312e-03 
 4.22000000e-09 -2.68750898e-03 
 4.24000000e-09 -2.64277516e-03 
 4.26000000e-09 -2.59764864e-03 
 4.28000000e-09 -2.55213640e-03 
 4.30000000e-09 -2.50624543e-03 
 4.32000000e-09 -2.45998278e-03 
 4.34000000e-09 -2.41335551e-03 
 4.36000000e-09 -2.36637070e-03 
 4.38000000e-09 -2.31903546e-03 
 4.40000000e-09 -2.27135692e-03 
 4.42000000e-09 -2.22334224e-03 
 4.44000000e-09 -2.17499859e-03 
 4.46000000e-09 -2.12633317e-03 
 4.48000000e-09 -2.07735320e-03 
 4.50000000e-09 -2.02806591e-03 
 4.52000000e-09 -1.97847858e-03 
 4.54000000e-09 -1.92859846e-03 
 4.56000000e-09 -1.87843287e-03 
 4.58000000e-09 -1.82798912e-03 
 4.60000000e-09 -1.77727455e-03 
 4.62000000e-09 -1.72629651e-03 
 4.64000000e-09 -1.67506236e-03 
 4.66000000e-09 -1.62357951e-03 
 4.68000000e-09 -1.57185536e-03 
 4.70000000e-09 -1.51989733e-03 
 4.72000000e-09 -1.46771287e-03 
 4.74000000e-09 -1.41530943e-03 
 4.76000000e-09 -1.36269450e-03 
 4.78000000e-09 -1.30987556e-03 
 4.80000000e-09 -1.25686013e-03 
 4.82000000e-09 -1.20365574e-03 
 4.84000000e-09 -1.15026993e-03 
 4.86000000e-09 -1.09671026e-03 
 4.88000000e-09 -1.04298431e-03 
 4.90000000e-09 -9.89099679e-04 
 4.92000000e-09 -9.35063975e-04 
 4.94000000e-09 -8.80884830e-04 
 4.96000000e-09 -8.26569889e-04 
 4.98000000e-09 -7.72126816e-04 
 5.00000000e-09 -7.17563290e-04 
 5.02000000e-09 -6.62887010e-04 
 5.04000000e-09 -6.08105688e-04 
 5.06000000e-09 -5.53227057e-04 
 5.08000000e-09 -4.98258865e-04 
 5.10000000e-09 -4.43208877e-04 
 5.12000000e-09 -3.88084877e-04 
 5.14000000e-09 -3.32894664e-04 
 5.16000000e-09 -2.77646055e-04 
 5.18000000e-09 -2.22346884e-04 
 5.20000000e-09 -1.67005002e-04 
 5.22000000e-09 -1.11628279e-04 
 5.24000000e-09 -5.62245989e-05 
 5.26000000e-09 -8.01864284e-07 
 5.28000000e-09  5.46320056e-05 
 5.30000000e-09  1.10069075e-04 
 5.32000000e-09  1.65501391e-04 
 5.34000000e-09  2.20920986e-04 
 5.36000000e-09  2.76319873e-04 
 5.38000000e-09  3.31690051e-04 
 5.40000000e-09  3.87023504e-04 
 5.42000000e-09  4.42312199e-04 
 5.44000000e-09  4.97548087e-04 
 5.46000000e-09  5.52723107e-04 
 5.48000000e-09  6.07829179e-04 
 5.50000000e-09  6.62858214e-04 
 5.52000000e-09  7.17802104e-04 
 5.54000000e-09  7.72652731e-04 
 5.56000000e-09  8.27401963e-04 
 5.58000000e-09  8.82041657e-04 
 5.60000000e-09  9.36563656e-04 
 5.62000000e-09  9.90959793e-04 
 5.64000000e-09  1.04522189e-03 
 5.66000000e-09  1.09934176e-03 
 5.68000000e-09  1.15331121e-03 
 5.70000000e-09  1.20712203e-03 
 5.72000000e-09  1.26076601e-03 
 5.74000000e-09  1.31423493e-03 
 5.76000000e-09  1.36752057e-03 
 5.78000000e-09  1.42061470e-03 
 5.80000000e-09  1.47350908e-03 
 5.82000000e-09  1.52619548e-03 
 5.84000000e-09  1.57866565e-03 
 5.86000000e-09  1.63091137e-03 
 5.88000000e-09  1.68292440e-03 
 5.90000000e-09  1.73469649e-03 
 5.92000000e-09  1.78621943e-03 
 5.94000000e-09  1.83748497e-03 
 5.96000000e-09  1.88848490e-03 
 5.98000000e-09  1.93921100e-03 
 6.00000000e-09  1.98965508e-03 
 6.02000000e-09  2.03980892e-03 
 6.04000000e-09  2.08966435e-03 
 6.06000000e-09  2.13921320e-03 
 6.08000000e-09  2.18844731e-03 
 6.10000000e-09  2.23735855e-03 
 6.12000000e-09  2.28593879e-03 
 6.14000000e-09  2.33417993e-03 
 6.16000000e-09  2.38207391e-03 
 6.18000000e-09  2.42961265e-03 
 6.20000000e-09  2.47678815e-03 
 6.22000000e-09  2.52359239e-03 
 6.24000000e-09  2.57001741e-03 
 6.26000000e-09  2.61605526e-03 
 6.28000000e-09  2.66169806e-03 
 6.30000000e-09  2.70693792e-03 
 6.32000000e-09  2.75176703e-03 
 6.34000000e-09  2.79617758e-03 
 6.36000000e-09  2.84016184e-03 
 6.38000000e-09  2.88371209e-03 
 6.40000000e-09  2.92682070e-03 
 6.42000000e-09  2.96948005e-03 
 6.44000000e-09  3.01168259e-03 
 6.46000000e-09  3.05342081e-03 
 6.48000000e-09  3.09468729e-03 
 6.50000000e-09  3.13547462e-03 
 6.52000000e-09  3.17577549e-03 
 6.54000000e-09  3.21558264e-03 
 6.56000000e-09  3.25488888e-03 
 6.58000000e-09  3.29368707e-03 
 6.60000000e-09  3.33197017e-03 
 6.62000000e-09  3.36973119e-03 
 6.64000000e-09  3.40696323e-03 
 6.66000000e-09  3.44365946e-03 
 6.68000000e-09  3.47981312e-03 
 6.70000000e-09  3.51541757e-03 
 6.72000000e-09  3.55046622e-03 
 6.74000000e-09  3.58495258e-03 
 6.76000000e-09  3.61887024e-03 
 6.78000000e-09  3.65221291e-03 
 6.80000000e-09  3.68497436e-03 
 6.82000000e-09  3.71714849e-03 
 6.84000000e-09  3.74872927e-03 
 6.86000000e-09  3.77971080e-03 
 6.88000000e-09  3.81008726e-03 
 6.90000000e-09  3.83985296e-03 
 6.92000000e-09  3.86900230e-03 
 6.94000000e-09  3.89752981e-03 
 6.96000000e-09  3.92543010e-03 
 6.98000000e-09  3.95269793e-03 
 7.00000000e-09  3.97932816e-03 
 7.02000000e-09  4.00531578e-03 
 7.04000000e-09  4.03065589e-03 
 7.06000000e-09  4.05534372e-03 
 7.08000000e-09  4.07937464e-03 
 7.10000000e-09  4.10274411e-03 
 7.12000000e-09  4.12544775e-03 
 7.14000000e-09  4.14748131e-03 
 7.16000000e-09  4.16884066e-03 
 7.18000000e-09  4.18952180e-03 
 7.20000000e-09  4.20952089e-03 
 7.22000000e-09  4.22883421e-03 
 7.24000000e-09  4.24745817e-03 
 7.26000000e-09  4.26538934e-03 
 7.28000000e-09  4.28262442e-03 
 7.30000000e-09  4.29916026e-03 
 7.32000000e-09  4.31499385e-03 
 7.34000000e-09  4.33012231e-03 
 7.36000000e-09  4.34454294e-03 
 7.38000000e-09  4.35825315e-03 
 7.40000000e-09  4.37125052e-03 
 7.42000000e-09  4.38353278e-03 
 7.44000000e-09  4.39509779e-03 
 7.46000000e-09  4.40594358e-03 
 7.48000000e-09  4.41606832e-03 
 7.50000000e-09  4.42547033e-03 
 7.52000000e-09  4.43414809e-03 
 7.54000000e-09  4.44210023e-03 
 7.56000000e-09  4.44932551e-03 
 7.58000000e-09  4.45582287e-03 
 7.60000000e-09  4.46159139e-03 
 7.62000000e-09  4.46663031e-03 
 7.64000000e-09  4.47093901e-03 
 7.66000000e-09  4.47451702e-03 
 7.68000000e-09  4.47736403e-03 
 7.70000000e-09  4.47947988e-03 
 7.72000000e-09  4.48086457e-03 
 7.74000000e-09  4.48151823e-03 
 7.76000000e-09  4.48144115e-03 
 7.78000000e-09  4.48063376e-03 
 7.80000000e-09  4.47909666e-03 
 7.82000000e-09  4.47683058e-03 
 7.84000000e-09  4.47383639e-03 
 7.86000000e-09  4.47011514e-03 
 7.88000000e-09  4.46566797e-03 
 7.90000000e-09  4.46049621e-03 
 7.92000000e-09  4.45460132e-03 
 7.94000000e-09  4.44798489e-03 
 7.96000000e-09  4.44064867e-03 
 7.98000000e-09  4.43259451e-03 
 8.00000000e-09  4.42382445e-03 
 8.02000000e-09  4.41434062e-03 
 8.04000000e-09  4.40414532e-03 
 8.06000000e-09  4.39324096e-03 
 8.08000000e-09  4.38163008e-03 
 8.10000000e-09  4.36931537e-03 
 8.12000000e-09  4.35629962e-03 
 8.14000000e-09  4.34258577e-03 
 8.16000000e-09  4.32817688e-03 
 8.18000000e-09  4.31307612e-03 
 8.20000000e-09  4.29728679e-03 
 8.22000000e-09  4.28081230e-03 
 8.24000000e-09  4.26365621e-03 
 8.26000000e-09  4.24582214e-03 
 8.28000000e-09  4.22731387e-03 
 8.30000000e-09  4.20813527e-03 
 8.32000000e-09  4.18829032e-03 
 8.34000000e-09  4.16778311e-03 
 8.36000000e-09  4.14661784e-03 
 8.38000000e-09  4.12479880e-03 
 8.40000000e-09  4.10233040e-03 
 8.42000000e-09  4.07921712e-03 
 8.44000000e-09  4.05546357e-03 
 8.46000000e-09  4.03107443e-03 
 8.48000000e-09  4.00605449e-03 
 8.50000000e-09  3.98040861e-03 
 8.52000000e-09  3.95414176e-03 
 8.54000000e-09  3.92725898e-03 
 8.56000000e-09  3.89976541e-03 
 8.58000000e-09  3.87166625e-03 
 8.60000000e-09  3.84296680e-03 
 8.62000000e-09  3.81367243e-03 
 8.64000000e-09  3.78378859e-03 
 8.66000000e-09  3.75332080e-03 
 8.68000000e-09  3.72227465e-03 
 8.70000000e-09  3.69065580e-03 
 8.72000000e-09  3.65847000e-03 
 8.74000000e-09  3.62572302e-03 
 8.76000000e-09  3.59242075e-03 
 8.78000000e-09  3.55856909e-03 
 8.80000000e-09  3.52417404e-03 
 8.82000000e-09  3.48924164e-03 
 8.84000000e-09  3.45377799e-03 
 8.86000000e-09  3.41778925e-03 
 8.88000000e-09  3.38128163e-03 
 8.90000000e-09  3.34426138e-03 
 8.92000000e-09  3.30673483e-03 
 8.94000000e-09  3.26870833e-03 
 8.96000000e-09  3.23018829e-03 
 8.98000000e-09  3.19118116e-03 
 9.00000000e-09  3.15169344e-03 
 9.02000000e-09  3.11173167e-03 
 9.04000000e-09  3.07130244e-03 
 9.06000000e-09  3.03041235e-03 
 9.08000000e-09  2.98906809e-03 
 9.10000000e-09  2.94727633e-03 
 9.12000000e-09  2.90504381e-03 
 9.14000000e-09  2.86237731e-03 
 9.16000000e-09  2.81928362e-03 
 9.18000000e-09  2.77576958e-03 
 9.20000000e-09  2.73184205e-03 
 9.22000000e-09  2.68750794e-03 
 9.24000000e-09  2.64277415e-03 
 9.26000000e-09  2.59764766e-03 
 9.28000000e-09  2.55213544e-03 
 9.30000000e-09  2.50624451e-03 
 9.32000000e-09  2.45998188e-03 
 9.34000000e-09  2.41335464e-03 
 9.36000000e-09  2.36636985e-03 
 9.38000000e-09  2.31903464e-03 
 9.40000000e-09  2.27135613e-03 
 9.42000000e-09  2.22334147e-03 
 9.44000000e-09  2.17499784e-03 
 9.46000000e-09  2.12633245e-03 
 9.48000000e-09  2.07735250e-03 
 9.50000000e-09  2.02806524e-03 
 9.52000000e-09  1.97847792e-03 
 9.54000000e-09  1.92859783e-03 
 9.56000000e-09  1.87843226e-03 
 9.58000000e-09  1.82798854e-03 
 9.60000000e-09  1.77727398e-03 
 9.62000000e-09  1.72629596e-03 
 9.64000000e-09  1.67506183e-03 
 9.66000000e-09  1.62357900e-03 
 9.68000000e-09  1.57185487e-03 
 9.70000000e-09  1.51989686e-03 
 9.72000000e-09  1.46771241e-03 
 9.74000000e-09  1.41530899e-03 
 9.76000000e-09  1.36269408e-03 
 9.78000000e-09  1.30987516e-03 
 9.80000000e-09  1.25685975e-03 
 9.82000000e-09  1.20365537e-03 
 9.84000000e-09  1.15026957e-03 
 9.86000000e-09  1.09670992e-03 
 9.88000000e-09  1.04298398e-03 
 9.90000000e-09  9.89099367e-04 
 9.92000000e-09  9.35063678e-04 
 9.94000000e-09  8.80884547e-04 
 9.96000000e-09  8.26569619e-04 
 9.98000000e-09  7.72126559e-04 
 1.00000000e-08  7.17563046e-04 
 1.00200000e-08  6.62886778e-04 
 1.00400000e-08  6.08105469e-04 
 1.00600000e-08  5.53226850e-04 
 1.00800000e-08  4.98258670e-04 
 1.01000000e-08  4.43208694e-04 
 1.01200000e-08  3.88084704e-04 
 1.01400000e-08  3.32894502e-04 
 1.01600000e-08  2.77645903e-04 
 1.01800000e-08  2.22346743e-04 
 1.02000000e-08  1.67004872e-04 
 1.02200000e-08  1.11628158e-04 
 1.02400000e-08  5.62244876e-05 
 1.02600000e-08  8.01762315e-07 
 1.02800000e-08 -5.46320985e-05 
 1.03000000e-08 -1.10069159e-04 
 1.03200000e-08 -1.65501467e-04 
 1.03400000e-08 -2.20921053e-04 
 1.03600000e-08 -2.76319932e-04 
 1.03800000e-08 -3.31690102e-04 
 1.04000000e-08 -3.87023548e-04 
 1.04200000e-08 -4.42312235e-04 
 1.04400000e-08 -4.97548116e-04 
 1.04600000e-08 -5.52723128e-04 
 1.04800000e-08 -6.07829194e-04 
 1.05000000e-08 -6.62858221e-04 
 1.05200000e-08 -7.17802105e-04 
 1.05400000e-08 -7.72652726e-04 
 1.05600000e-08 -8.27401952e-04 
 1.05800000e-08 -8.82041640e-04 
 1.06000000e-08 -9.36563633e-04 
 1.06200000e-08 -9.90959765e-04 
 1.06400000e-08 -1.04522186e-03 
 1.06600000e-08 -1.09934172e-03 
 1.06800000e-08 -1.15331117e-03 
 1.07000000e-08 -1.20712198e-03 
 1.07200000e-08 -1.26076596e-03 
 1.07400000e-08 -1.31423488e-03 
 1.07600000e-08 -1.36752051e-03 
 1.07800000e-08 -1.42061463e-03 
 1.08000000e-08 -1.47350901e-03 
 1.08200000e-08 -1.52619540e-03 
 1.08400000e-08 -1.57866558e-03 
 1.08600000e-08 -1.63091129e-03 
 1.08800000e-08 -1.68292432e-03 
 1.09000000e-08 -1.73469641e-03 
 1.09200000e-08 -1.78621933e-03 
 1.09400000e-08 -1.83748487e-03 
 1.09600000e-08 -1.88848480e-03 
 1.09800000e-08 -1.93921090e-03 
 1.10000000e-08 -1.98965497e-03 
 1.10200000e-08 -2.03980881e-03 
 1.10400000e-08 -2.08966424e-03 
 1.10600000e-08 -2.13921309e-03 
 1.10800000e-08 -2.18844720e-03 
 1.11000000e-08 -2.23735843e-03 
 1.11200000e-08 -2.28593867e-03 
 1.11400000e-08 -2.33417981e-03 
 1.11600000e-08 -2.38207378e-03 
 1.11800000e-08 -2.42961253e-03 
 1.12000000e-08 -2.47678802e-03 
 1.12200000e-08 -2.52359226e-03 
 1.12400000e-08 -2.57001728e-03 
 1.12600000e-08 -2.61605514e-03 
 1.12800000e-08 -2.66169793e-03 
 1.13000000e-08 -2.70693779e-03 
 1.13200000e-08 -2.75176689e-03 
 1.13400000e-08 -2.79617745e-03 
 1.13600000e-08 -2.84016170e-03 
 1.13800000e-08 -2.88371196e-03 
 1.14000000e-08 -2.92682056e-03 
 1.14200000e-08 -2.96947991e-03 
 1.14400000e-08 -3.01168245e-03 
 1.14600000e-08 -3.05342068e-03 
 1.14800000e-08 -3.09468715e-03 
 1.15000000e-08 -3.13547448e-03 
 1.15200000e-08 -3.17577535e-03 
 1.15400000e-08 -3.21558250e-03 
 1.15600000e-08 -3.25488874e-03 
 1.15800000e-08 -3.29368693e-03 
 1.16000000e-08 -3.33197003e-03 
 1.16200000e-08 -3.36973105e-03 
 1.16400000e-08 -3.40696309e-03 
 1.16600000e-08 -3.44365932e-03 
 1.16800000e-08 -3.47981299e-03 
 1.17000000e-08 -3.51541743e-03 
 1.17200000e-08 -3.55046608e-03 
 1.17400000e-08 -3.58495244e-03 
 1.17600000e-08 -3.61887010e-03 
 1.17800000e-08 -3.65221277e-03 
 1.18000000e-08 -3.68497422e-03 
 1.18200000e-08 -3.71714835e-03 
 1.18400000e-08 -3.74872913e-03 
 1.18600000e-08 -3.77971066e-03 
 1.18800000e-08 -3.81008713e-03 
 1.19000000e-08 -3.83985283e-03 
 1.19200000e-08 -3.86900217e-03 
 1.19400000e-08 -3.89752967e-03 
 1.19600000e-08 -3.92542996e-03 
 1.19800000e-08 -3.95269779e-03 
 1.20000000e-08 -3.97932803e-03 
 1.20200000e-08 -4.00531565e-03 
 1.20400000e-08 -4.03065576e-03 
 1.20600000e-08 -4.05534360e-03 
 1.20800000e-08 -4.07937451e-03 
 1.21000000e-08 -4.10274398e-03 
 1.21200000e-08 -4.12544763e-03 
 1.21400000e-08 -4.14748119e-03 
 1.21600000e-08 -4.16884053e-03 
 1.21800000e-08 -4.18952168e-03 
 1.22000000e-08 -4.20952077e-03 
 1.22200000e-08 -4.22883409e-03 
 1.22400000e-08 -4.24745805e-03 
 1.22600000e-08 -4.26538922e-03 
 1.22800000e-08 -4.28262431e-03 
 1.23000000e-08 -4.29916015e-03 
 1.23200000e-08 -4.31499373e-03 
 1.23400000e-08 -4.33012220e-03 
 1.23600000e-08 -4.34454283e-03 
 1.23800000e-08 -4.35825304e-03 
 1.24000000e-08 -4.37125041e-03 
 1.24200000e-08 -4.38353267e-03 
 1.24400000e-08 -4.39509768e-03 
 1.24600000e-08 -4.40594347e-03 
 1.24800000e-08 -4.41606822e-03 
 1.25000000e-08 -4.42547023e-03 
 1.25200000e-08 -4.43414799e-03 
 1.25400000e-08 -4.44210012e-03 
 1.25600000e-08 -4.44932541e-03 
 1.25800000e-08 -4.45582277e-03 
 1.26000000e-08 -4.46159130e-03 
 1.26200000e-08 -4.46663021e-03 
 1.26400000e-08 -4.47093891e-03 
 1.26600000e-08 -4.47451692e-03 
 1.26800000e-08 -4.47736394e-03 
 1.27000000e-08 -4.47947979e-03 
 1.27200000e-08 -4.48086448e-03 
 1.27400000e-08 -4.48151814e-03 
 1.27600000e-08 -4.48144106e-03 
 1.27800000e-08 -4.48063367e-03 
 1.28000000e-08 -4.47909657e-03 
 1.28200000e-08 -4.47683049e-03 
 1.28400000e-08 -4.47383631e-03 
 1.28600000e-08 -4.47011505e-03 
 1.28800000e-08 -4.46566789e-03 
 1.29000000e-08 -4.46049613e-03 
 1.29200000e-08 -4.45460124e-03 
 1.29400000e-08 -4.44798482e-03 
 1.29600000e-08 -4.44064859e-03 
 1.29800000e-08 -4.43259444e-03 
 1.30000000e-08 -4.42382437e-03 
 1.30200000e-08 -4.41434055e-03 
 1.30400000e-08 -4.40414525e-03 
 1.30600000e-08 -4.39324089e-03 
 1.30800000e-08 -4.38163001e-03 
 1.31000000e-08 -4.36931530e-03 
 1.31200000e-08 -4.35629955e-03 
 1.31400000e-08 -4.34258570e-03 
 1.31600000e-08 -4.32817681e-03 
 1.31800000e-08 -4.31307605e-03 
 1.32000000e-08 -4.29728672e-03 
 1.32200000e-08 -4.28081224e-03 
 1.32400000e-08 -4.26365615e-03 
 1.32600000e-08 -4.24582208e-03 
 1.32800000e-08 -4.22731381e-03 
 1.33000000e-08 -4.20813521e-03 
 1.33200000e-08 -4.18829026e-03 
 1.33400000e-08 -4.16778306e-03 
 1.33600000e-08 -4.14661779e-03 
 1.33800000e-08 -4.12479875e-03 
 1.34000000e-08 -4.10233034e-03 
 1.34200000e-08 -4.07921707e-03 
 1.34400000e-08 -4.05546352e-03 
 1.34600000e-08 -4.03107438e-03 
 1.34800000e-08 -4.00605444e-03 
 1.35000000e-08 -3.98040856e-03 
 1.35200000e-08 -3.95414171e-03 
 1.35400000e-08 -3.92725894e-03 
 1.35600000e-08 -3.89976536e-03 
 1.35800000e-08 -3.87166621e-03 
 1.36000000e-08 -3.84296676e-03 
 1.36200000e-08 -3.81367239e-03 
 1.36400000e-08 -3.78378855e-03 
 1.36600000e-08 -3.75332076e-03 
 1.36800000e-08 -3.72227461e-03 
 1.37000000e-08 -3.69065576e-03 
 1.37200000e-08 -3.65846996e-03 
 1.37400000e-08 -3.62572299e-03 
 1.37600000e-08 -3.59242071e-03 
 1.37800000e-08 -3.55856905e-03 
 1.38000000e-08 -3.52417401e-03 
 1.38200000e-08 -3.48924161e-03 
 1.38400000e-08 -3.45377796e-03 
 1.38600000e-08 -3.41778922e-03 
 1.38800000e-08 -3.38128160e-03 
 1.39000000e-08 -3.34426135e-03 
 1.39200000e-08 -3.30673480e-03 
 1.39400000e-08 -3.26870830e-03 
 1.39600000e-08 -3.23018826e-03 
 1.39800000e-08 -3.19118113e-03 
 1.40000000e-08 -3.15169341e-03 
 1.40200000e-08 -3.11173164e-03 
 1.40400000e-08 -3.07130241e-03 
 1.40600000e-08 -3.03041233e-03 
 1.40800000e-08 -2.98906806e-03 
 1.41000000e-08 -2.94727630e-03 
 1.41200000e-08 -2.90504379e-03 
 1.41400000e-08 -2.86237729e-03 
 1.41600000e-08 -2.81928360e-03 
 1.41800000e-08 -2.77576956e-03 
 1.42000000e-08 -2.73184203e-03 
 1.42200000e-08 -2.68750792e-03 
 1.42400000e-08 -2.64277413e-03 
 1.42600000e-08 -2.59764764e-03 
 1.42800000e-08 -2.55213542e-03 
 1.43000000e-08 -2.50624449e-03 
 1.43200000e-08 -2.45998187e-03 
 1.43400000e-08 -2.41335462e-03 
 1.43600000e-08 -2.36636984e-03 
 1.43800000e-08 -2.31903462e-03 
 1.44000000e-08 -2.27135611e-03 
 1.44200000e-08 -2.22334145e-03 
 1.44400000e-08 -2.17499783e-03 
 1.44600000e-08 -2.12633243e-03 
 1.44800000e-08 -2.07735249e-03 
 1.45000000e-08 -2.02806522e-03 
 1.45200000e-08 -1.97847791e-03 
 1.45400000e-08 -1.92859782e-03 
 1.45600000e-08 -1.87843225e-03 
 1.45800000e-08 -1.82798852e-03 
 1.46000000e-08 -1.77727397e-03 
 1.46200000e-08 -1.72629595e-03 
 1.46400000e-08 -1.67506182e-03 
 1.46600000e-08 -1.62357899e-03 
 1.46800000e-08 -1.57185486e-03 
 1.47000000e-08 -1.51989685e-03 
 1.47200000e-08 -1.46771240e-03 
 1.47400000e-08 -1.41530898e-03 
 1.47600000e-08 -1.36269407e-03 
 1.47800000e-08 -1.30987515e-03 
 1.48000000e-08 -1.25685974e-03 
 1.48200000e-08 -1.20365536e-03 
 1.48400000e-08 -1.15026957e-03 
 1.48600000e-08 -1.09670991e-03 
 1.48800000e-08 -1.04298398e-03 
 1.49000000e-08 -9.89099361e-04 
 1.49200000e-08 -9.35063672e-04 
 1.49400000e-08 -8.80884541e-04 
 1.49600000e-08 -8.26569614e-04 
 1.49800000e-08 -7.72126554e-04 
 1.50000000e-08 -7.17563042e-04 
 1.50200000e-08 -6.62886774e-04 
 1.50400000e-08 -6.08105465e-04 
 1.50600000e-08 -5.53226846e-04 
 1.50800000e-08 -4.98258666e-04 
 1.51000000e-08 -4.43208690e-04 
 1.51200000e-08 -3.88084701e-04 
 1.51400000e-08 -3.32894499e-04 
 1.51600000e-08 -2.77645900e-04 
 1.51800000e-08 -2.22346740e-04 
 1.52000000e-08 -1.67004869e-04 
 1.52200000e-08 -1.11628156e-04 
 1.52400000e-08 -5.62244854e-05 
 1.52600000e-08 -8.01760273e-07 
 1.52800000e-08  5.46321004e-05 
 1.53000000e-08  1.10069161e-04 
 1.53200000e-08  1.65501468e-04 
 1.53400000e-08  2.20921054e-04 
 1.53600000e-08  2.76319933e-04 
 1.53800000e-08  3.31690103e-04 
 1.54000000e-08  3.87023548e-04 
 1.54200000e-08  4.42312235e-04 
 1.54400000e-08  4.97548117e-04 
 1.54600000e-08  5.52723129e-04 
 1.54800000e-08  6.07829194e-04 
 1.55000000e-08  6.62858222e-04 
 1.55200000e-08  7.17802105e-04 
 1.55400000e-08  7.72652726e-04 
 1.55600000e-08  8.27401952e-04 
 1.55800000e-08  8.82041640e-04 
 1.56000000e-08  9.36563633e-04 
 1.56200000e-08  9.90959764e-04 
 1.56400000e-08  1.04522186e-03 
 1.56600000e-08  1.09934172e-03 
 1.56800000e-08  1.15331117e-03 
 1.57000000e-08  1.20712198e-03 
 1.57200000e-08  1.26076596e-03 
 1.57400000e-08  1.31423488e-03 
 1.57600000e-08  1.36752051e-03 
 1.57800000e-08  1.42061463e-03 
 1.58000000e-08  1.47350901e-03 
 1.58200000e-08  1.52619540e-03 
 1.58400000e-08  1.57866557e-03 
 1.58600000e-08  1.63091129e-03 
 1.58800000e-08  1.68292431e-03 
 1.59000000e-08  1.73469640e-03 
 1.59200000e-08  1.78621933e-03 
 1.59400000e-08  1.83748487e-03 
 1.59600000e-08  1.88848480e-03 
 1.59800000e-08  1.93921090e-03 
 1.60000000e-08  1.98965497e-03 
 1.60200000e-08  2.03980881e-03 
 1.60400000e-08  2.08966424e-03 
 1.60600000e-08  2.13921309e-03 
 1.60800000e-08  2.18844720e-03 
 1.61000000e-08  2.23735843e-03 
 1.61200000e-08  2.28593867e-03 
 1.61400000e-08  2.33417981e-03 
 1.61600000e-08  2.38207378e-03 
 1.61800000e-08  2.42961253e-03 
 1.62000000e-08  2.47678802e-03 
 1.62200000e-08  2.52359226e-03 
 1.62400000e-08  2.57001728e-03 
 1.62600000e-08  2.61605513e-03 
 1.62800000e-08  2.66169793e-03 
 1.63000000e-08  2.70693779e-03 
 1.63200000e-08  2.75176689e-03 
 1.63400000e-08  2.79617744e-03 
 1.63600000e-08  2.84016170e-03 
 1.63800000e-08  2.88371196e-03 
 1.64000000e-08  2.92682056e-03 
 1.64200000e-08  2.96947991e-03 
 1.64400000e-08  3.01168245e-03 
 1.64600000e-08  3.05342067e-03 
 1.64800000e-08  3.09468714e-03 
 1.65000000e-08  3.13547448e-03 
 1.65200000e-08  3.17577535e-03 
 1.65400000e-08  3.21558250e-03 
 1.65600000e-08  3.25488874e-03 
 1.65800000e-08  3.29368693e-03 
 1.66000000e-08  3.33197003e-03 
 1.66200000e-08  3.36973105e-03 
 1.66400000e-08  3.40696309e-03 
 1.66600000e-08  3.44365931e-03 
 1.66800000e-08  3.47981298e-03 
 1.67000000e-08  3.51541743e-03 
 1.67200000e-08  3.55046608e-03 
 1.67400000e-08  3.58495243e-03 
 1.67600000e-08  3.61887010e-03 
 1.67800000e-08  3.65221276e-03 
 1.68000000e-08  3.68497422e-03 
 1.68200000e-08  3.71714835e-03 
 1.68400000e-08  3.74872913e-03 
 1.68600000e-08  3.77971066e-03 
 1.68800000e-08  3.81008713e-03 
 1.69000000e-08  3.83985283e-03 
 1.69200000e-08  3.86900217e-03 
 1.69400000e-08  3.89752967e-03 
 1.69600000e-08  3.92542996e-03 
 1.69800000e-08  3.95269779e-03 
 1.70000000e-08  3.97932802e-03 
 1.70200000e-08  4.00531564e-03 
 1.70400000e-08  4.03065576e-03 
 1.70600000e-08  4.05534359e-03 
 1.70800000e-08  4.07937451e-03 
 1.71000000e-08  4.10274398e-03 
 1.71200000e-08  4.12544762e-03 
 1.71400000e-08  4.14748118e-03 
 1.71600000e-08  4.16884053e-03 
 1.71800000e-08  4.18952168e-03 
 1.72000000e-08  4.20952077e-03 
 1.72200000e-08  4.22883408e-03 
 1.72400000e-08  4.24745805e-03 
 1.72600000e-08  4.26538922e-03 
 1.72800000e-08  4.28262430e-03 
 1.73000000e-08  4.29916015e-03 
 1.73200000e-08  4.31499373e-03 
 1.73400000e-08  4.33012220e-03 
 1.73600000e-08  4.34454282e-03 
 1.73800000e-08  4.35825304e-03 
 1.74000000e-08  4.37125041e-03 
 1.74200000e-08  4.38353267e-03 
 1.74400000e-08  4.39509768e-03 
 1.74600000e-08  4.40594347e-03 
 1.74800000e-08  4.41606821e-03 
 1.75000000e-08  4.42547023e-03 
 1.75200000e-08  4.43414799e-03 
 1.75400000e-08  4.44210012e-03 
 1.75600000e-08  4.44932541e-03 
 1.75800000e-08  4.45582277e-03 
 1.76000000e-08  4.46159129e-03 
 1.76200000e-08  4.46663021e-03 
 1.76400000e-08  4.47093891e-03 
 1.76600000e-08  4.47451692e-03 
 1.76800000e-08  4.47736393e-03 
 1.77000000e-08  4.47947979e-03 
 1.77200000e-08  4.48086448e-03 
 1.77400000e-08  4.48151814e-03 
 1.77600000e-08  4.48144105e-03 
 1.77800000e-08  4.48063367e-03 
 1.78000000e-08  4.47909657e-03 
 1.78200000e-08  4.47683049e-03 
 1.78400000e-08  4.47383631e-03 
 1.78600000e-08  4.47011505e-03 
 1.78800000e-08  4.46566789e-03 
 1.79000000e-08  4.46049613e-03 
 1.79200000e-08  4.45460124e-03 
 1.79400000e-08  4.44798481e-03 
 1.79600000e-08  4.44064859e-03 
 1.79800000e-08  4.43259444e-03 
 1.80000000e-08  4.42382437e-03 
 1.80200000e-08  4.41434055e-03 
 1.80400000e-08  4.40414525e-03 
 1.80600000e-08  4.39324089e-03 
 1.80800000e-08  4.38163001e-03 
 1.81000000e-08  4.36931530e-03 
 1.81200000e-08  4.35629955e-03 
 1.81400000e-08  4.34258570e-03 
 1.81600000e-08  4.32817681e-03 
 1.81800000e-08  4.31307605e-03 
 1.82000000e-08  4.29728672e-03 
 1.82200000e-08  4.28081224e-03 
 1.82400000e-08  4.26365614e-03 
 1.82600000e-08  4.24582208e-03 
 1.82800000e-08  4.22731381e-03 
 1.83000000e-08  4.20813521e-03 
 1.83200000e-08  4.18829026e-03 
 1.83400000e-08  4.16778306e-03 
 1.83600000e-08  4.14661778e-03 
 1.83800000e-08  4.12479875e-03 
 1.84000000e-08  4.10233034e-03 
 1.84200000e-08  4.07921707e-03 
 1.84400000e-08  4.05546352e-03 
 1.84600000e-08  4.03107438e-03 
 1.84800000e-08  4.00605444e-03 
 1.85000000e-08  3.98040856e-03 
 1.85200000e-08  3.95414171e-03 
 1.85400000e-08  3.92725894e-03 
 1.85600000e-08  3.89976536e-03 
 1.85800000e-08  3.87166620e-03 
 1.86000000e-08  3.84296676e-03 
 1.86200000e-08  3.81367239e-03 
 1.86400000e-08  3.78378855e-03 
 1.86600000e-08  3.75332076e-03 
 1.86800000e-08  3.72227461e-03 
 1.87000000e-08  3.69065576e-03 
 1.87200000e-08  3.65846996e-03 
 1.87400000e-08  3.62572298e-03 
 1.87600000e-08  3.59242071e-03 
 1.87800000e-08  3.55856905e-03 
 1.88000000e-08  3.52417400e-03 
 1.88200000e-08  3.48924161e-03 
 1.88400000e-08  3.45377796e-03 
 1.88600000e-08  3.41778922e-03 
 1.88800000e-08  3.38128160e-03 
 1.89000000e-08  3.34426135e-03 
 1.89200000e-08  3.30673480e-03 
 1.89400000e-08  3.26870830e-03 
 1.89600000e-08  3.23018826e-03 
 1.89800000e-08  3.19118113e-03 
 1.90000000e-08  3.15169341e-03 
 1.90200000e-08  3.11173164e-03 
 1.90400000e-08  3.07130241e-03 
 1.90600000e-08  3.03041233e-03 
 1.90800000e-08  2.98906806e-03 
 1.91000000e-08  2.94727630e-03 
 1.91200000e-08  2.90504379e-03 
 1.91400000e-08  2.86237729e-03 
 1.91600000e-08  2.81928360e-03 
 1.91800000e-08  2.77576956e-03 
 1.92000000e-08  2.73184203e-03 
 1.92200000e-08  2.68750792e-03 
 1.92400000e-08  2.64277413e-03 
 1.92600000e-08  2.59764764e-03 
 1.92800000e-08  2.55213542e-03 
 1.93000000e-08  2.50624449e-03 
 1.93200000e-08  2.45998187e-03 
 1.93400000e-08  2.41335462e-03 
 1.93600000e-08  2.36636984e-03 
 1.93800000e-08  2.31903462e-03 
 1.94000000e-08  2.27135611e-03 
 1.94200000e-08  2.22334145e-03 
 1.94400000e-08  2.17499783e-03 
 1.94600000e-08  2.12633243e-03 
 1.94800000e-08  2.07735249e-03 
 1.95000000e-08  2.02806522e-03 
 1.95200000e-08  1.97847791e-03 
 1.95400000e-08  1.92859782e-03 
 1.95600000e-08  1.87843225e-03 
 1.95800000e-08  1.82798852e-03 
 1.96000000e-08  1.77727397e-03 
 1.96200000e-08  1.72629595e-03 
 1.96400000e-08  1.67506182e-03 
 1.96600000e-08  1.62357899e-03 
 1.96800000e-08  1.57185486e-03 
 1.97000000e-08  1.51989685e-03 
 1.97200000e-08  1.46771240e-03 
 1.97400000e-08  1.41530898e-03 
 1.97600000e-08  1.36269407e-03 
 1.97800000e-08  1.30987515e-03 
 1.98000000e-08  1.25685974e-03 
 1.98200000e-08  1.20365536e-03 
 1.98400000e-08  1.15026957e-03 
 1.98600000e-08  1.09670991e-03 
 1.98800000e-08  1.04298398e-03 
 1.99000000e-08  9.89099361e-04 
 1.99200000e-08  9.35063672e-04 
 1.99400000e-08  8.80884541e-04 
 1.99600000e-08  8.26569614e-04 
 1.99800000e-08  7.72126554e-04 
 2.00000000e-08  7.17563042e-04 
 2.00200000e-08  6.62886774e-04 
 2.00400000e-08  6.08105465e-04 
 2.00600000e-08  5.53226846e-04 
 2.00800000e-08  4.98258666e-04 
 2.01000000e-08  4.43208690e-04 
 2.01200000e-08  3.88084701e-04 
 2.01400000e-08  3.32894499e-04 
 2.01600000e-08  2.77645900e-04 
 2.01800000e-08  2.22346740e-04 
 2.02000000e-08  1.67004869e-04 
 2.02200000e-08  1.11628156e-04 
 2.02400000e-08  5.62244854e-05 
 2.02600000e-08  8.01760282e-07 
 2.02800000e-08 -5.46321004e-05 
 2.03000000e-08 -1.10069161e-04 
 2.03200000e-08 -1.65501468e-04 
 2.03400000e-08 -2.20921054e-04 
 2.03600000e-08 -2.76319933e-04 
 2.03800000e-08 -3.31690103e-04 
 2.04000000e-08 -3.87023548e-04 
 2.04200000e-08 -4.42312235e-04 
 2.04400000e-08 -4.97548117e-04 
 2.04600000e-08 -5.52723129e-04 
 2.04800000e-08 -6.07829194e-04 
 2.05000000e-08 -6.62858222e-04 
 2.05200000e-08 -7.17802105e-04 
 2.05400000e-08 -7.72652726e-04 
 2.05600000e-08 -8.27401952e-04 
 2.05800000e-08 -8.82041640e-04 
 2.06000000e-08 -9.36563633e-04 
 2.06200000e-08 -9.90959764e-04 
 2.06400000e-08 -1.04522186e-03 
 2.06600000e-08 -1.09934172e-03 
 2.06800000e-08 -1.15331117e-03 
 2.07000000e-08 -1.20712198e-03 
 2.07200000e-08 -1.26076596e-03 
 2.07400000e-08 -1.31423488e-03 
 2.07600000e-08 -1.36752051e-03 
 2.07800000e-08 -1.42061463e-03 
 2.08000000e-08 -1.47350901e-03 
 2.08200000e-08 -1.52619540e-03 
 2.08400000e-08 -1.57866557e-03 
 2.08600000e-08 -1.63091129e-03 
 2.08800000e-08 -1.68292431e-03 
 2.09000000e-08 -1.73469640e-03 
 2.09200000e-08 -1.78621933e-03 
 2.09400000e-08 -1.83748487e-03 
 2.09600000e-08 -1.88848480e-03 
 2.09800000e-08 -1.93921090e-03 
 2.10000000e-08 -1.98965497e-03 
 2.10200000e-08 -2.03980881e-03 
 2.10400000e-08 -2.08966424e-03 
 2.10600000e-08 -2.13921309e-03 
 2.10800000e-08 -2.18844720e-03 
 2.11000000e-08 -2.23735843e-03 
 2.11200000e-08 -2.28593867e-03 
 2.11400000e-08 -2.33417981e-03 
 2.11600000e-08 -2.38207378e-03 
 2.11800000e-08 -2.42961253e-03 
 2.12000000e-08 -2.47678802e-03 
 2.12200000e-08 -2.52359226e-03 
 2.12400000e-08 -2.57001728e-03 
 2.12600000e-08 -2.61605513e-03 
 2.12800000e-08 -2.66169793e-03 
 2.13000000e-08 -2.70693779e-03 
 2.13200000e-08 -2.75176689e-03 
 2.13400000e-08 -2.79617744e-03 
 2.13600000e-08 -2.84016170e-03 
 2.13800000e-08 -2.88371196e-03 
 2.14000000e-08 -2.92682056e-03 
 2.14200000e-08 -2.96947991e-03 
 2.14400000e-08 -3.01168245e-03 
 2.14600000e-08 -3.05342067e-03 
 2.14800000e-08 -3.09468714e-03 
 2.15000000e-08 -3.13547448e-03 
 2.15200000e-08 -3.17577535e-03 
 2.15400000e-08 -3.21558250e-03 
 2.15600000e-08 -3.25488874e-03 
 2.15800000e-08 -3.29368693e-03 
 2.16000000e-08 -3.33197003e-03 
 2.16200000e-08 -3.36973105e-03 
 2.16400000e-08 -3.40696309e-03 
 2.16600000e-08 -3.44365931e-03 
 2.16800000e-08 -3.47981298e-03 
 2.17000000e-08 -3.51541743e-03 
 2.17200000e-08 -3.55046608e-03 
 2.17400000e-08 -3.58495243e-03 
 2.17600000e-08 -3.61887010e-03 
 2.17800000e-08 -3.65221276e-03 
 2.18000000e-08 -3.68497422e-03 
 2.18200000e-08 -3.71714835e-03 
 2.18400000e-08 -3.74872913e-03 
 2.18600000e-08 -3.77971066e-03 
 2.18800000e-08 -3.81008713e-03 
 2.19000000e-08 -3.83985283e-03 
 2.19200000e-08 -3.86900217e-03 
 2.19400000e-08 -3.89752967e-03 
 2.19600000e-08 -3.92542996e-03 
 2.19800000e-08 -3.95269779e-03 
 2.20000000e-08 -3.97932802e-03 
 2.20200000e-08 -4.00531564e-03 
 2.20400000e-08 -4.03065576e-03 
 2.20600000e-08 -4.05534359e-03 
 2.20800000e-08 -4.07937451e-03 
 2.21000000e-08 -4.10274398e-03 
 2.21200000e-08 -4.12544762e-03 
 2.21400000e-08 -4.14748118e-03 
 2.21600000e-08 -4.16884053e-03 
 2.21800000e-08 -4.18952168e-03 
 2.22000000e-08 -4.20952077e-03 
 2.22200000e-08 -4.22883408e-03 
 2.22400000e-08 -4.24745805e-03 
 2.22600000e-08 -4.26538922e-03 
 2.22800000e-08 -4.28262430e-03 
 2.23000000e-08 -4.29916015e-03 
 2.23200000e-08 -4.31499373e-03 
 2.23400000e-08 -4.33012220e-03 
 2.23600000e-08 -4.34454282e-03 
 2.23800000e-08 -4.35825304e-03 
 2.24000000e-08 -4.37125041e-03 
 2.24200000e-08 -4.38353267e-03 
 2.24400000e-08 -4.39509768e-03 
 2.24600000e-08 -4.40594347e-03 
 2.24800000e-08 -4.41606821e-03 
 2.25000000e-08 -4.42547023e-03 
 2.25200000e-08 -4.43414799e-03 
 2.25400000e-08 -4.44210012e-03 
 2.25600000e-08 -4.44932541e-03 
 2.25800000e-08 -4.45582277e-03 
 2.26000000e-08 -4.46159129e-03 
 2.26200000e-08 -4.46663021e-03 
 2.26400000e-08 -4.47093891e-03 
 2.26600000e-08 -4.47451692e-03 
 2.26800000e-08 -4.47736393e-03 
 2.27000000e-08 -4.47947979e-03 
 2.27200000e-08 -4.48086448e-03 
 2.27400000e-08 -4.48151814e-03 
 2.27600000e-08 -4.48144105e-03 
 2.27800000e-08 -4.48063367e-03 
 2.28000000e-08 -4.47909657e-03 
 2.28200000e-08 -4.47683049e-03 
 2.28400000e-08 -4.47383631e-03 
 2.28600000e-08 -4.47011505e-03 
 2.28800000e-08 -4.46566789e-03 
 2.29000000e-08 -4.46049613e-03 
 2.29200000e-08 -4.45460124e-03 
 2.29400000e-08 -4.44798481e-03 
 2.29600000e-08 -4.44064859e-03 
 2.29800000e-08 -4.43259444e-03 
 2.30000000e-08 -4.42382437e-03 
 2.30200000e-08 -4.41434055e-03 
 2.30400000e-08 -4.40414525e-03 
 2.30600000e-08 -4.39324089e-03 
 2.30800000e-08 -4.38163001e-03 
 2.31000000e-08 -4.36931530e-03 
 2.31200000e-08 -4.35629955e-03 
 2.31400000e-08 -4.34258570e-03 
 2.31600000e-08 -4.32817681e-03 
 2.31800000e-08 -4.31307605e-03 
 2.32000000e-08 -4.29728672e-03 
 2.32200000e-08 -4.28081224e-03 
 2.32400000e-08 -4.26365614e-03 
 2.32600000e-08 -4.24582208e-03 
 2.32800000e-08 -4.22731381e-03 
 2.33000000e-08 -4.20813521e-03 
 2.33200000e-08 -4.18829026e-03 
 2.33400000e-08 -4.16778306e-03 
 2.33600000e-08 -4.14661778e-03 
 2.33800000e-08 -4.12479875e-03 
 2.34000000e-08 -4.10233034e-03 
 2.34200000e-08 -4.07921707e-03 
 2.34400000e-08 -4.05546352e-03 
 2.34600000e-08 -4.03107438e-03 
 2.34800000e-08 -4.00605444e-03 
 2.35000000e-08 -3.98040856e-03 
 2.35200000e-08 -3.95414171e-03 
 2.35400000e-08 -3.92725894e-03 
 2.35600000e-08 -3.89976536e-03 
 2.35800000e-08 -3.87166620e-03 
 2.36000000e-08 -3.84296676e-03 
 2.36200000e-08 -3.81367239e-03 
 2.36400000e-08 -3.78378855e-03 
 2.36600000e-08 -3.75332076e-03 
 2.36800000e-08 -3.72227461e-03 
 2.37000000e-08 -3.69065576e-03 
 2.37200000e-08 -3.65846996e-03 
 2.37400000e-08 -3.62572298e-03 
 2.37600000e-08 -3.59242071e-03 
 2.37800000e-08 -3.55856905e-03 
 2.38000000e-08 -3.52417400e-03 
 2.38200000e-08 -3.48924161e-03 
 2.38400000e-08 -3.45377796e-03 
 2.38600000e-08 -3.41778922e-03 
 2.38800000e-08 -3.38128160e-03 
 2.39000000e-08 -3.34426135e-03 
 2.39200000e-08 -3.30673480e-03 
 2.39400000e-08 -3.26870830e-03 
 2.39600000e-08 -3.23018826e-03 
 2.39800000e-08 -3.19118113e-03 
 2.40000000e-08 -3.15169341e-03 
 2.40200000e-08 -3.11173164e-03 
 2.40400000e-08 -3.07130241e-03 
 2.40600000e-08 -3.03041233e-03 
 2.40800000e-08 -2.98906806e-03 
 2.41000000e-08 -2.94727630e-03 
 2.41200000e-08 -2.90504379e-03 
 2.41400000e-08 -2.86237729e-03 
 2.41600000e-08 -2.81928360e-03 
 2.41800000e-08 -2.77576956e-03 
 2.42000000e-08 -2.73184203e-03 
 2.42200000e-08 -2.68750792e-03 
 2.42400000e-08 -2.64277413e-03 
 2.42600000e-08 -2.59764764e-03 
 2.42800000e-08 -2.55213542e-03 
 2.43000000e-08 -2.50624449e-03 
 2.43200000e-08 -2.45998187e-03 
 2.43400000e-08 -2.41335462e-03 
 2.43600000e-08 -2.36636984e-03 
 2.43800000e-08 -2.31903462e-03 
 2.44000000e-08 -2.27135611e-03 
 2.44200000e-08 -2.22334145e-03 
 2.44400000e-08 -2.17499783e-03 
 2.44600000e-08 -2.12633243e-03 
 2.44800000e-08 -2.07735249e-03 
 2.45000000e-08 -2.02806522e-03 
 2.45200000e-08 -1.97847791e-03 
 2.45400000e-08 -1.92859782e-03 
 2.45600000e-08 -1.87843225e-03 
 2.45800000e-08 -1.82798852e-03 
 2.46000000e-08 -1.77727397e-03 
 2.46200000e-08 -1.72629595e-03 
 2.46400000e-08 -1.67506182e-03 
 2.46600000e-08 -1.62357899e-03 
 2.46800000e-08 -1.57185486e-03 
 2.47000000e-08 -1.51989685e-03 
 2.47200000e-08 -1.46771240e-03 
 2.47400000e-08 -1.41530898e-03 
 2.47600000e-08 -1.36269407e-03 
 2.47800000e-08 -1.30987515e-03 
 2.48000000e-08 -1.25685974e-03 
 2.48200000e-08 -1.20365536e-03 
 2.48400000e-08 -1.15026957e-03 
 2.48600000e-08 -1.09670991e-03 
 2.48800000e-08 -1.04298398e-03 
 2.49000000e-08 -9.89099361e-04 
 2.49200000e-08 -9.35063672e-04 
 2.49400000e-08 -8.80884541e-04 
 2.49600000e-08 -8.26569614e-04 
 2.49800000e-08 -7.72126554e-04 
 2.50000000e-08 -7.17563042e-04 
 2.50200000e-08 -6.62886774e-04 
 2.50400000e-08 -6.08105465e-04 
 2.50600000e-08 -5.53226846e-04 
 2.50800000e-08 -4.98258666e-04 
 2.51000000e-08 -4.43208690e-04 
 2.51200000e-08 -3.88084701e-04 
 2.51400000e-08 -3.32894499e-04 
 2.51600000e-08 -2.77645900e-04 
 2.51800000e-08 -2.22346740e-04 
 2.52000000e-08 -1.67004869e-04 
 2.52200000e-08 -1.11628156e-04 
 2.52400000e-08 -5.62244854e-05 
 2.52600000e-08 -8.01760248e-07 
 2.52800000e-08  5.46321004e-05 
 2.53000000e-08  1.10069161e-04 
 2.53200000e-08  1.65501468e-04 
 2.53400000e-08  2.20921054e-04 
 2.53600000e-08  2.76319933e-04 
 2.53800000e-08  3.31690103e-04 
 2.54000000e-08  3.87023548e-04 
 2.54200000e-08  4.42312235e-04 
 2.54400000e-08  4.97548117e-04 
 2.54600000e-08  5.52723129e-04 
 2.54800000e-08  6.07829194e-04 
 2.55000000e-08  6.62858222e-04 
 2.55200000e-08  7.17802105e-04 
 2.55400000e-08  7.72652726e-04 
 2.55600000e-08  8.27401952e-04 
 2.55800000e-08  8.82041640e-04 
 2.56000000e-08  9.36563633e-04 
 2.56200000e-08  9.90959764e-04 
 2.56400000e-08  1.04522186e-03 
 2.56600000e-08  1.09934172e-03 
 2.56800000e-08  1.15331117e-03 
 2.57000000e-08  1.20712198e-03 
 2.57200000e-08  1.26076596e-03 
 2.57400000e-08  1.31423488e-03 
 2.57600000e-08  1.36752051e-03 
 2.57800000e-08  1.42061463e-03 
 2.58000000e-08  1.47350901e-03 
 2.58200000e-08  1.52619540e-03 
 2.58400000e-08  1.57866557e-03 
 2.58600000e-08  1.63091129e-03 
 2.58800000e-08  1.68292431e-03 
 2.59000000e-08  1.73469640e-03 
 2.59200000e-08  1.78621933e-03 
 2.59400000e-08  1.83748487e-03 
 2.59600000e-08  1.88848480e-03 
 2.59800000e-08  1.93921090e-03 
 2.60000000e-08  1.98965497e-03 
 2.60200000e-08  2.03980881e-03 
 2.60400000e-08  2.08966424e-03 
 2.60600000e-08  2.13921309e-03 
 2.60800000e-08  2.18844720e-03 
 2.61000000e-08  2.23735843e-03 
 2.61200000e-08  2.28593867e-03 
 2.61400000e-08  2.33417981e-03 
 2.61600000e-08  2.38207378e-03 
 2.61800000e-08  2.42961253e-03 
 2.62000000e-08  2.47678802e-03 
 2.62200000e-08  2.52359226e-03 
 2.62400000e-08  2.57001728e-03 
 2.62600000e-08  2.61605513e-03 
 2.62800000e-08  2.66169793e-03 
 2.63000000e-08  2.70693779e-03 
 2.63200000e-08  2.75176689e-03 
 2.63400000e-08  2.79617744e-03 
 2.63600000e-08  2.84016170e-03 
 2.63800000e-08  2.88371196e-03 
 2.64000000e-08  2.92682056e-03 
 2.64200000e-08  2.96947991e-03 
 2.64400000e-08  3.01168245e-03 
 2.64600000e-08  3.05342067e-03 
 2.64800000e-08  3.09468714e-03 
 2.65000000e-08  3.13547448e-03 
 2.65200000e-08  3.17577535e-03 
 2.65400000e-08  3.21558250e-03 
 2.65600000e-08  3.25488874e-03 
 2.65800000e-08  3.29368693e-03 
 2.66000000e-08  3.33197003e-03 
 2.66200000e-08  3.36973105e-03 
 2.66400000e-08  3.40696309e-03 
 2.66600000e-08  3.44365931e-03 
 2.66800000e-08  3.47981298e-03 
 2.67000000e-08  3.51541743e-03 
 2.67200000e-08  3.55046608e-03 
 2.67400000e-08  3.58495243e-03 
 2.67600000e-08  3.61887010e-03 
 2.67800000e-08  3.65221276e-03 
 2.68000000e-08  3.68497422e-03 
 2.68200000e-08  3.71714835e-03 
 2.68400000e-08  3.74872913e-03 
 2.68600000e-08  3.77971066e-03 
 2.68800000e-08  3.81008713e-03 
 2.69000000e-08  3.83985283e-03 
 2.69200000e-08  3.86900217e-03 
 2.69400000e-08  3.89752967e-03 
 2.69600000e-08  3.92542996e-03 
 2.69800000e-08  3.95269779e-03 
 2.70000000e-08  3.97932802e-03 
 2.70200000e-08  4.00531564e-03 
 2.70400000e-08  4.03065576e-03 
 2.70600000e-08  4.05534359e-03 
 2.70800000e-08  4.07937451e-03 
 2.71000000e-08  4.10274398e-03 
 2.71200000e-08  4.12544762e-03 
 2.71400000e-08  4.14748118e-03 
 2.71600000e-08  4.16884053e-03 
 2.71800000e-08  4.18952168e-03 
 2.72000000e-08  4.20952077e-03 
 2.72200000e-08  4.22883408e-03 
 2.72400000e-08  4.24745805e-03 
 2.72600000e-08  4.26538922e-03 
 2.72800000e-08  4.28262430e-03 
 2.73000000e-08  4.29916015e-03 
 2.73200000e-08  4.31499373e-03 
 2.73400000e-08  4.33012220e-03 
 2.73600000e-08  4.34454282e-03 
 2.73800000e-08  4.35825304e-03 
 2.74000000e-08  4.37125041e-03 
 2.74200000e-08  4.38353267e-03 
 2.74400000e-08  4.39509768e-03 
 2.74600000e-08  4.40594347e-03 
 2.74800000e-08  4.41606821e-03 
 2.75000000e-08  4.42547023e-03 
 2.75200000e-08  4.43414799e-03 
 2.75400000e-08  4.44210012e-03 
 2.75600000e-08  4.44932541e-03 
 2.75800000e-08  4.45582277e-03 
 2.76000000e-08  4.46159129e-03 
 2.76200000e-08  4.46663021e-03 
 2.76400000e-08  4.47093891e-03 
 2.76600000e-08  4.47451692e-03 
 2.76800000e-08  4.47736393e-03 
 2.77000000e-08  4.47947979e-03 
 2.77200000e-08  4.48086448e-03 
 2.77400000e-08  4.48151814e-03 
 2.77600000e-08  4.48144105e-03 
 2.77800000e-08  4.48063367e-03 
 2.78000000e-08  4.47909657e-03 
 2.78200000e-08  4.47683049e-03 
 2.78400000e-08  4.47383631e-03 
 2.78600000e-08  4.47011505e-03 
 2.78800000e-08  4.46566789e-03 
 2.79000000e-08  4.46049613e-03 
 2.79200000e-08  4.45460124e-03 
 2.79400000e-08  4.44798481e-03 
 2.79600000e-08  4.44064859e-03 
 2.79800000e-08  4.43259444e-03 
 2.80000000e-08  4.42382437e-03 
 2.80200000e-08  4.41434055e-03 
 2.80400000e-08  4.40414525e-03 
 2.80600000e-08  4.39324089e-03 
 2.80800000e-08  4.38163001e-03 
 2.81000000e-08  4.36931530e-03 
 2.81200000e-08  4.35629955e-03 
 2.81400000e-08  4.34258570e-03 
 2.81600000e-08  4.32817681e-03 
 2.81800000e-08  4.31307605e-03 
 2.82000000e-08  4.29728672e-03 
 2.82200000e-08  4.28081224e-03 
 2.82400000e-08  4.26365614e-03 
 2.82600000e-08  4.24582208e-03 
 2.82800000e-08  4.22731381e-03 
 2.83000000e-08  4.20813521e-03 
 2.83200000e-08  4.18829026e-03 
 2.83400000e-08  4.16778306e-03 
 2.83600000e-08  4.14661778e-03 
 2.83800000e-08  4.12479875e-03 
 2.84000000e-08  4.10233034e-03 
 2.84200000e-08  4.07921707e-03 
 2.84400000e-08  4.05546352e-03 
 2.84600000e-08  4.03107438e-03 
 2.84800000e-08  4.00605444e-03 
 2.85000000e-08  3.98040856e-03 
 2.85200000e-08  3.95414171e-03 
 2.85400000e-08  3.92725894e-03 
 2.85600000e-08  3.89976536e-03 
 2.85800000e-08  3.87166620e-03 
 2.86000000e-08  3.84296676e-03 
 2.86200000e-08  3.81367239e-03 
 2.86400000e-08  3.78378855e-03 
 2.86600000e-08  3.75332076e-03 
 2.86800000e-08  3.72227461e-03 
 2.87000000e-08  3.69065576e-03 
 2.87200000e-08  3.65846996e-03 
 2.87400000e-08  3.62572298e-03 
 2.87600000e-08  3.59242071e-03 
 2.87800000e-08  3.55856905e-03 
 2.88000000e-08  3.52417400e-03 
 2.88200000e-08  3.48924161e-03 
 2.88400000e-08  3.45377796e-03 
 2.88600000e-08  3.41778922e-03 
 2.88800000e-08  3.38128160e-03 
 2.89000000e-08  3.34426135e-03 
 2.89200000e-08  3.30673480e-03 
 2.89400000e-08  3.26870830e-03 
 2.89600000e-08  3.23018826e-03 
 2.89800000e-08  3.19118113e-03 
 2.90000000e-08  3.15169341e-03 
 2.90200000e-08  3.11173164e-03 
 2.90400000e-08  3.07130241e-03 
 2.90600000e-08  3.03041233e-03 
 2.90800000e-08  2.98906806e-03 
 2.91000000e-08  2.94727630e-03 
 2.91200000e-08  2.90504379e-03 
 2.91400000e-08  2.86237729e-03 
 2.91600000e-08  2.81928360e-03 
 2.91800000e-08  2.77576956e-03 
 2.92000000e-08  2.73184203e-03 
 2.92200000e-08  2.68750792e-03 
 2.92400000e-08  2.64277413e-03 
 2.92600000e-08  2.59764764e-03 
 2.92800000e-08  2.55213542e-03 
 2.93000000e-08  2.50624449e-03 
 2.93200000e-08  2.45998187e-03 
 2.93400000e-08  2.41335462e-03 
 2.93600000e-08  2.36636984e-03 
 2.93800000e-08  2.31903462e-03 
 2.94000000e-08  2.27135611e-03 
 2.94200000e-08  2.22334145e-03 
 2.94400000e-08  2.17499783e-03 
 2.94600000e-08  2.12633243e-03 
 2.94800000e-08  2.07735249e-03 
 2.95000000e-08  2.02806522e-03 
 2.95200000e-08  1.97847791e-03 
 2.95400000e-08  1.92859782e-03 
 2.95600000e-08  1.87843225e-03 
 2.95800000e-08  1.82798852e-03 
 2.96000000e-08  1.77727397e-03 
 2.96200000e-08  1.72629595e-03 
 2.96400000e-08  1.67506182e-03 
 2.96600000e-08  1.62357899e-03 
 2.96800000e-08  1.57185486e-03 
 2.97000000e-08  1.51989685e-03 
 2.97200000e-08  1.46771240e-03 
 2.97400000e-08  1.41530898e-03 
 2.97600000e-08  1.36269407e-03 
 2.97800000e-08  1.30987515e-03 
 2.98000000e-08  1.25685974e-03 
 2.98200000e-08  1.20365536e-03 
 2.98400000e-08  1.15026957e-03 
 2.98600000e-08  1.09670991e-03 
 2.98800000e-08  1.04298398e-03 
 2.99000000e-08  9.89099361e-04 
 2.99200000e-08  9.35063672e-04 
 2.99400000e-08  8.80884541e-04 
 2.99600000e-08  8.26569614e-04 
 2.99800000e-08  7.72126554e-04 
 3.00000000e-08  7.17563042e-04 
 3.00200000e-08  6.62886774e-04 
 3.00400000e-08  6.08105465e-04 
 3.00600000e-08  5.53226846e-04 
 3.00800000e-08  4.98258666e-04 
 3.01000000e-08  4.43208690e-04 
 3.01200000e-08  3.88084701e-04 
 3.01400000e-08  3.32894499e-04 
 3.01600000e-08  2.77645900e-04 
 3.01800000e-08  2.22346740e-04 
 3.02000000e-08  1.67004869e-04 
 3.02200000e-08  1.11628156e-04 
 3.02400000e-08  5.62244853e-05 
 3.02600000e-08  8.01760277e-07 
 3.02800000e-08 -5.46321004e-05 
 3.03000000e-08 -1.10069161e-04 
 3.03200000e-08 -1.65501468e-04 
 3.03400000e-08 -2.20921054e-04 
 3.03600000e-08 -2.76319933e-04 
 3.03800000e-08 -3.31690103e-04 
 3.04000000e-08 -3.87023548e-04 
 3.04200000e-08 -4.42312235e-04 
 3.04400000e-08 -4.97548117e-04 
 3.04600000e-08 -5.52723129e-04 
 3.04800000e-08 -6.07829194e-04 
 3.05000000e-08 -6.62858222e-04 
 3.05200000e-08 -7.17802105e-04 
 3.05400000e-08 -7.72652726e-04 
 3.05600000e-08 -8.27401952e-04 
 3.05800000e-08 -8.82041640e-04 
 3.06000000e-08 -9.36563633e-04 
 3.06200000e-08 -9.90959764e-04 
 3.06400000e-08 -1.04522186e-03 
 3.06600000e-08 -1.09934172e-03 
 3.06800000e-08 -1.15331117e-03 
 3.07000000e-08 -1.20712198e-03 
 3.07200000e-08 -1.26076596e-03 
 3.07400000e-08 -1.31423488e-03 
 3.07600000e-08 -1.36752051e-03 
 3.07800000e-08 -1.42061463e-03 
 3.08000000e-08 -1.47350901e-03 
 3.08200000e-08 -1.52619540e-03 
 3.08400000e-08 -1.57866557e-03 
 3.08600000e-08 -1.63091129e-03 
 3.08800000e-08 -1.68292431e-03 
 3.09000000e-08 -1.73469640e-03 
 3.09200000e-08 -1.78621933e-03 
 3.09400000e-08 -1.83748487e-03 
 3.09600000e-08 -1.88848480e-03 
 3.09800000e-08 -1.93921090e-03 
 3.10000000e-08 -1.98965497e-03 
 3.10200000e-08 -2.03980881e-03 
 3.10400000e-08 -2.08966424e-03 
 3.10600000e-08 -2.13921309e-03 
 3.10800000e-08 -2.18844720e-03 
 3.11000000e-08 -2.23735843e-03 
 3.11200000e-08 -2.28593867e-03 
 3.11400000e-08 -2.33417981e-03 
 3.11600000e-08 -2.38207378e-03 
 3.11800000e-08 -2.42961253e-03 
 3.12000000e-08 -2.47678802e-03 
 3.12200000e-08 -2.52359226e-03 
 3.12400000e-08 -2.57001728e-03 
 3.12600000e-08 -2.61605513e-03 
 3.12800000e-08 -2.66169793e-03 
 3.13000000e-08 -2.70693779e-03 
 3.13200000e-08 -2.75176689e-03 
 3.13400000e-08 -2.79617744e-03 
 3.13600000e-08 -2.84016170e-03 
 3.13800000e-08 -2.88371196e-03 
 3.14000000e-08 -2.92682056e-03 
 3.14200000e-08 -2.96947991e-03 
 3.14400000e-08 -3.01168245e-03 
 3.14600000e-08 -3.05342067e-03 
 3.14800000e-08 -3.09468714e-03 
 3.15000000e-08 -3.13547448e-03 
 3.15200000e-08 -3.17577535e-03 
 3.15400000e-08 -3.21558250e-03 
 3.15600000e-08 -3.25488874e-03 
 3.15800000e-08 -3.29368693e-03 
 3.16000000e-08 -3.33197003e-03 
 3.16200000e-08 -3.36973105e-03 
 3.16400000e-08 -3.40696309e-03 
 3.16600000e-08 -3.44365931e-03 
 3.16800000e-08 -3.47981298e-03 
 3.17000000e-08 -3.51541743e-03 
 3.17200000e-08 -3.55046608e-03 
 3.17400000e-08 -3.58495243e-03 
 3.17600000e-08 -3.61887010e-03 
 3.17800000e-08 -3.65221276e-03 
 3.18000000e-08 -3.68497422e-03 
 3.18200000e-08 -3.71714835e-03 
 3.18400000e-08 -3.74872913e-03 
 3.18600000e-08 -3.77971066e-03 
 3.18800000e-08 -3.81008713e-03 
 3.19000000e-08 -3.83985283e-03 
 3.19200000e-08 -3.86900217e-03 
 3.19400000e-08 -3.89752967e-03 
 3.19600000e-08 -3.92542996e-03 
 3.19800000e-08 -3.95269779e-03 
 3.20000000e-08 -3.97932802e-03 
 3.20200000e-08 -4.00531564e-03 
 3.20400000e-08 -4.03065576e-03 
 3.20600000e-08 -4.05534359e-03 
 3.20800000e-08 -4.07937451e-03 
 3.21000000e-08 -4.10274398e-03 
 3.21200000e-08 -4.12544762e-03 
 3.21400000e-08 -4.14748118e-03 
 3.21600000e-08 -4.16884053e-03 
 3.21800000e-08 -4.18952168e-03 
 3.22000000e-08 -4.20952077e-03 
 3.22200000e-08 -4.22883408e-03 
 3.22400000e-08 -4.24745805e-03 
 3.22600000e-08 -4.26538922e-03 
 3.22800000e-08 -4.28262430e-03 
 3.23000000e-08 -4.29916015e-03 
 3.23200000e-08 -4.31499373e-03 
 3.23400000e-08 -4.33012220e-03 
 3.23600000e-08 -4.34454282e-03 
 3.23800000e-08 -4.35825304e-03 
 3.24000000e-08 -4.37125041e-03 
 3.24200000e-08 -4.38353267e-03 
 3.24400000e-08 -4.39509768e-03 
 3.24600000e-08 -4.40594347e-03 
 3.24800000e-08 -4.41606821e-03 
 3.25000000e-08 -4.42547023e-03 
 3.25200000e-08 -4.43414799e-03 
 3.25400000e-08 -4.44210012e-03 
 3.25600000e-08 -4.44932541e-03 
 3.25800000e-08 -4.45582277e-03 
 3.26000000e-08 -4.46159129e-03 
 3.26200000e-08 -4.46663021e-03 
 3.26400000e-08 -4.47093891e-03 
 3.26600000e-08 -4.47451692e-03 
 3.26800000e-08 -4.47736393e-03 
 3.27000000e-08 -4.47947979e-03 
 3.27200000e-08 -4.48086448e-03 
 3.27400000e-08 -4.48151814e-03 
 3.27600000e-08 -4.48144105e-03 
 3.27800000e-08 -4.48063367e-03 
 3.28000000e-08 -4.47909657e-03 
 3.28200000e-08 -4.47683049e-03 
 3.28400000e-08 -4.47383631e-03 
 3.28600000e-08 -4.47011505e-03 
 3.28800000e-08 -4.46566789e-03 
 3.29000000e-08 -4.46049613e-03 
 3.29200000e-08 -4.45460124e-03 
 3.29400000e-08 -4.44798481e-03 
 3.29600000e-08 -4.44064859e-03 
 3.29800000e-08 -4.43259444e-03 
 3.30000000e-08 -4.42382437e-03 
 3.30200000e-08 -4.41434055e-03 
 3.30400000e-08 -4.40414525e-03 
 3.30600000e-08 -4.39324089e-03 
 3.30800000e-08 -4.38163001e-03 
 3.31000000e-08 -4.36931530e-03 
 3.31200000e-08 -4.35629955e-03 
 3.31400000e-08 -4.34258570e-03 
 3.31600000e-08 -4.32817681e-03 
 3.31800000e-08 -4.31307605e-03 
 3.32000000e-08 -4.29728672e-03 
 3.32200000e-08 -4.28081224e-03 
 3.32400000e-08 -4.26365614e-03 
 3.32600000e-08 -4.24582208e-03 
 3.32800000e-08 -4.22731381e-03 
 3.33000000e-08 -4.20813521e-03 
 3.33200000e-08 -4.18829026e-03 
 3.33400000e-08 -4.16778306e-03 
 3.33600000e-08 -4.14661778e-03 
 3.33800000e-08 -4.12479875e-03 
 3.34000000e-08 -4.10233034e-03 
 3.34200000e-08 -4.07921707e-03 
 3.34400000e-08 -4.05546352e-03 
 3.34600000e-08 -4.03107438e-03 
 3.34800000e-08 -4.00605444e-03 
 3.35000000e-08 -3.98040856e-03 
 3.35200000e-08 -3.95414171e-03 
 3.35400000e-08 -3.92725894e-03 
 3.35600000e-08 -3.89976536e-03 
 3.35800000e-08 -3.87166620e-03 
 3.36000000e-08 -3.84296676e-03 
 3.36200000e-08 -3.81367239e-03 
 3.36400000e-08 -3.78378855e-03 
 3.36600000e-08 -3.75332076e-03 
 3.36800000e-08 -3.72227461e-03 
 3.37000000e-08 -3.69065576e-03 
 3.37200000e-08 -3.65846996e-03 
 3.37400000e-08 -3.62572298e-03 
 3.37600000e-08 -3.59242071e-03 
 3.37800000e-08 -3.55856905e-03 
 3.38000000e-08 -3.52417400e-03 
 3.38200000e-08 -3.48924161e-03 
 3.38400000e-08 -3.45377796e-03 
 3.38600000e-08 -3.41778922e-03 
 3.38800000e-08 -3.38128160e-03 
 3.39000000e-08 -3.34426135e-03 
 3.39200000e-08 -3.30673480e-03 
 3.39400000e-08 -3.26870830e-03 
 3.39600000e-08 -3.23018826e-03 
 3.39800000e-08 -3.19118113e-03 
 3.40000000e-08 -3.15169341e-03 
 3.40200000e-08 -3.11173164e-03 
 3.40400000e-08 -3.07130241e-03 
 3.40600000e-08 -3.03041233e-03 
 3.40800000e-08 -2.98906806e-03 
 3.41000000e-08 -2.94727630e-03 
 3.41200000e-08 -2.90504379e-03 
 3.41400000e-08 -2.86237729e-03 
 3.41600000e-08 -2.81928360e-03 
 3.41800000e-08 -2.77576956e-03 
 3.42000000e-08 -2.73184203e-03 
 3.42200000e-08 -2.68750792e-03 
 3.42400000e-08 -2.64277413e-03 
 3.42600000e-08 -2.59764764e-03 
 3.42800000e-08 -2.55213542e-03 
 3.43000000e-08 -2.50624449e-03 
 3.43200000e-08 -2.45998187e-03 
 3.43400000e-08 -2.41335462e-03 
 3.43600000e-08 -2.36636984e-03 
 3.43800000e-08 -2.31903462e-03 
 3.44000000e-08 -2.27135611e-03 
 3.44200000e-08 -2.22334145e-03 
 3.44400000e-08 -2.17499783e-03 
 3.44600000e-08 -2.12633243e-03 
 3.44800000e-08 -2.07735249e-03 
 3.45000000e-08 -2.02806522e-03 
 3.45200000e-08 -1.97847791e-03 
 3.45400000e-08 -1.92859782e-03 
 3.45600000e-08 -1.87843225e-03 
 3.45800000e-08 -1.82798852e-03 
 3.46000000e-08 -1.77727397e-03 
 3.46200000e-08 -1.72629595e-03 
 3.46400000e-08 -1.67506182e-03 
 3.46600000e-08 -1.62357899e-03 
 3.46800000e-08 -1.57185486e-03 
 3.47000000e-08 -1.51989685e-03 
 3.47200000e-08 -1.46771240e-03 
 3.47400000e-08 -1.41530898e-03 
 3.47600000e-08 -1.36269407e-03 
 3.47800000e-08 -1.30987515e-03 
 3.48000000e-08 -1.25685974e-03 
 3.48200000e-08 -1.20365536e-03 
 3.48400000e-08 -1.15026957e-03 
 3.48600000e-08 -1.09670991e-03 
 3.48800000e-08 -1.04298398e-03 
 3.49000000e-08 -9.89099361e-04 
 3.49200000e-08 -9.35063672e-04 
 3.49400000e-08 -8.80884541e-04 
 3.49600000e-08 -8.26569614e-04 
 3.49800000e-08 -7.72126554e-04 
 3.50000000e-08 -7.17563042e-04 
 3.50200000e-08 -6.62886774e-04 
 3.50400000e-08 -6.08105465e-04 
 3.50600000e-08 -5.53226846e-04 
 3.50800000e-08 -4.98258666e-04 
 3.51000000e-08 -4.43208690e-04 
 3.51200000e-08 -3.88084701e-04 
 3.51400000e-08 -3.32894499e-04 
 3.51600000e-08 -2.77645900e-04 
 3.51800000e-08 -2.22346740e-04 
 3.52000000e-08 -1.67004869e-04 
 3.52200000e-08 -1.11628156e-04 
 3.52400000e-08 -5.62244853e-05 
 3.52600000e-08 -8.01760251e-07 
 3.52800000e-08  5.46321004e-05 
 3.53000000e-08  1.10069161e-04 
 3.53200000e-08  1.65501468e-04 
 3.53400000e-08  2.20921054e-04 
 3.53600000e-08  2.76319933e-04 
 3.53800000e-08  3.31690103e-04 
 3.54000000e-08  3.87023548e-04 
 3.54200000e-08  4.42312235e-04 
 3.54400000e-08  4.97548117e-04 
 3.54600000e-08  5.52723129e-04 
 3.54800000e-08  6.07829194e-04 
 3.55000000e-08  6.62858222e-04 
 3.55200000e-08  7.17802105e-04 
 3.55400000e-08  7.72652726e-04 
 3.55600000e-08  8.27401952e-04 
 3.55800000e-08  8.82041640e-04 
 3.56000000e-08  9.36563633e-04 
 3.56200000e-08  9.90959764e-04 
 3.56400000e-08  1.04522186e-03 
 3.56600000e-08  1.09934172e-03 
 3.56800000e-08  1.15331117e-03 
 3.57000000e-08  1.20712198e-03 
 3.57200000e-08  1.26076596e-03 
 3.57400000e-08  1.31423488e-03 
 3.57600000e-08  1.36752051e-03 
 3.57800000e-08  1.42061463e-03 
 3.58000000e-08  1.47350901e-03 
 3.58200000e-08  1.52619540e-03 
 3.58400000e-08  1.57866557e-03 
 3.58600000e-08  1.63091129e-03 
 3.58800000e-08  1.68292431e-03 
 3.59000000e-08  1.73469640e-03 
 3.59200000e-08  1.78621933e-03 
 3.59400000e-08  1.83748487e-03 
 3.59600000e-08  1.88848480e-03 
 3.59800000e-08  1.93921090e-03 
 3.60000000e-08  1.98965497e-03 
 3.60200000e-08  2.03980881e-03 
 3.60400000e-08  2.08966424e-03 
 3.60600000e-08  2.13921309e-03 
 3.60800000e-08  2.18844720e-03 
 3.61000000e-08  2.23735843e-03 
 3.61200000e-08  2.28593867e-03 
 3.61400000e-08  2.33417981e-03 
 3.61600000e-08  2.38207378e-03 
 3.61800000e-08  2.42961253e-03 
 3.62000000e-08  2.47678802e-03 
 3.62200000e-08  2.52359226e-03 
 3.62400000e-08  2.57001728e-03 
 3.62600000e-08  2.61605513e-03 
 3.62800000e-08  2.66169793e-03 
 3.63000000e-08  2.70693779e-03 
 3.63200000e-08  2.75176689e-03 
 3.63400000e-08  2.79617744e-03 
 3.63600000e-08  2.84016170e-03 
 3.63800000e-08  2.88371196e-03 
 3.64000000e-08  2.92682056e-03 
 3.64200000e-08  2.96947991e-03 
 3.64400000e-08  3.01168245e-03 
 3.64600000e-08  3.05342067e-03 
 3.64800000e-08  3.09468714e-03 
 3.65000000e-08  3.13547448e-03 
 3.65200000e-08  3.17577535e-03 
 3.65400000e-08  3.21558250e-03 
 3.65600000e-08  3.25488874e-03 
 3.65800000e-08  3.29368693e-03 
 3.66000000e-08  3.33197003e-03 
 3.66200000e-08  3.36973105e-03 
 3.66400000e-08  3.40696309e-03 
 3.66600000e-08  3.44365931e-03 
 3.66800000e-08  3.47981298e-03 
 3.67000000e-08  3.51541743e-03 
 3.67200000e-08  3.55046608e-03 
 3.67400000e-08  3.58495243e-03 
 3.67600000e-08  3.61887010e-03 
 3.67800000e-08  3.65221276e-03 
 3.68000000e-08  3.68497422e-03 
 3.68200000e-08  3.71714835e-03 
 3.68400000e-08  3.74872913e-03 
 3.68600000e-08  3.77971066e-03 
 3.68800000e-08  3.81008713e-03 
 3.69000000e-08  3.83985283e-03 
 3.69200000e-08  3.86900217e-03 
 3.69400000e-08  3.89752967e-03 
 3.69600000e-08  3.92542996e-03 
 3.69800000e-08  3.95269779e-03 
 3.70000000e-08  3.97932802e-03 
 3.70200000e-08  4.00531564e-03 
 3.70400000e-08  4.03065576e-03 
 3.70600000e-08  4.05534359e-03 
 3.70800000e-08  4.07937451e-03 
 3.71000000e-08  4.10274398e-03 
 3.71200000e-08  4.12544762e-03 
 3.71400000e-08  4.14748118e-03 
 3.71600000e-08  4.16884053e-03 
 3.71800000e-08  4.18952168e-03 
 3.72000000e-08  4.20952077e-03 
 3.72200000e-08  4.22883408e-03 
 3.72400000e-08  4.24745805e-03 
 3.72600000e-08  4.26538922e-03 
 3.72800000e-08  4.28262430e-03 
 3.73000000e-08  4.29916015e-03 
 3.73200000e-08  4.31499373e-03 
 3.73400000e-08  4.33012220e-03 
 3.73600000e-08  4.34454282e-03 
 3.73800000e-08  4.35825304e-03 
 3.74000000e-08  4.37125041e-03 
 3.74200000e-08  4.38353267e-03 
 3.74400000e-08  4.39509768e-03 
 3.74600000e-08  4.40594347e-03 
 3.74800000e-08  4.41606821e-03 
 3.75000000e-08  4.42547023e-03 
 3.75200000e-08  4.43414799e-03 
 3.75400000e-08  4.44210012e-03 
 3.75600000e-08  4.44932541e-03 
 3.75800000e-08  4.45582277e-03 
 3.76000000e-08  4.46159129e-03 
 3.76200000e-08  4.46663021e-03 
 3.76400000e-08  4.47093891e-03 
 3.76600000e-08  4.47451692e-03 
 3.76800000e-08  4.47736393e-03 
 3.77000000e-08  4.47947979e-03 
 3.77200000e-08  4.48086448e-03 
 3.77400000e-08  4.48151814e-03 
 3.77600000e-08  4.48144105e-03 
 3.77800000e-08  4.48063367e-03 
 3.78000000e-08  4.47909657e-03 
 3.78200000e-08  4.47683049e-03 
 3.78400000e-08  4.47383631e-03 
 3.78600000e-08  4.47011505e-03 
 3.78800000e-08  4.46566789e-03 
 3.79000000e-08  4.46049613e-03 
 3.79200000e-08  4.45460124e-03 
 3.79400000e-08  4.44798481e-03 
 3.79600000e-08  4.44064859e-03 
 3.79800000e-08  4.43259444e-03 
 3.80000000e-08  4.42382437e-03 
 3.80200000e-08  4.41434055e-03 
 3.80400000e-08  4.40414525e-03 
 3.80600000e-08  4.39324089e-03 
 3.80800000e-08  4.38163001e-03 
 3.81000000e-08  4.36931530e-03 
 3.81200000e-08  4.35629955e-03 
 3.81400000e-08  4.34258570e-03 
 3.81600000e-08  4.32817681e-03 
 3.81800000e-08  4.31307605e-03 
 3.82000000e-08  4.29728672e-03 
 3.82200000e-08  4.28081224e-03 
 3.82400000e-08  4.26365614e-03 
 3.82600000e-08  4.24582208e-03 
 3.82800000e-08  4.22731381e-03 
 3.83000000e-08  4.20813521e-03 
 3.83200000e-08  4.18829026e-03 
 3.83400000e-08  4.16778306e-03 
 3.83600000e-08  4.14661778e-03 
 3.83800000e-08  4.12479875e-03 
 3.84000000e-08  4.10233034e-03 
 3.84200000e-08  4.07921707e-03 
 3.84400000e-08  4.05546352e-03 
 3.84600000e-08  4.03107438e-03 
 3.84800000e-08  4.00605444e-03 
 3.85000000e-08  3.98040856e-03 
 3.85200000e-08  3.95414171e-03 
 3.85400000e-08  3.92725894e-03 
 3.85600000e-08  3.89976536e-03 
 3.85800000e-08  3.87166620e-03 
 3.86000000e-08  3.84296676e-03 
 3.86200000e-08  3.81367239e-03 
 3.86400000e-08  3.78378855e-03 
 3.86600000e-08  3.75332076e-03 
 3.86800000e-08  3.72227461e-03 
 3.87000000e-08  3.69065576e-03 
 3.87200000e-08  3.65846996e-03 
 3.87400000e-08  3.62572298e-03 
 3.87600000e-08  3.59242071e-03 
 3.87800000e-08  3.55856905e-03 
 3.88000000e-08  3.52417400e-03 
 3.88200000e-08  3.48924161e-03 
 3.88400000e-08  3.45377796e-03 
 3.88600000e-08  3.41778922e-03 
 3.88800000e-08  3.38128160e-03 
 3.89000000e-08  3.34426135e-03 
 3.89200000e-08  3.30673480e-03 
 3.89400000e-08  3.26870830e-03 
 3.89600000e-08  3.23018826e-03 
 3.89800000e-08  3.19118113e-03 
 3.90000000e-08  3.15169341e-03 
 3.90200000e-08  3.11173164e-03 
 3.90400000e-08  3.07130241e-03 
 3.90600000e-08  3.03041233e-03 
 3.90800000e-08  2.98906806e-03 
 3.91000000e-08  2.94727630e-03 
 3.91200000e-08  2.90504379e-03 
 3.91400000e-08  2.86237729e-03 
 3.91600000e-08  2.81928360e-03 
 3.91800000e-08  2.77576956e-03 
 3.92000000e-08  2.73184203e-03 
 3.92200000e-08  2.68750792e-03 
 3.92400000e-08  2.64277413e-03 
 3.92600000e-08  2.59764764e-03 
 3.92800000e-08  2.55213542e-03 
 3.93000000e-08  2.50624449e-03 
 3.93200000e-08  2.45998187e-03 
 3.93400000e-08  2.41335462e-03 
 3.93600000e-08  2.36636984e-03 
 3.93800000e-08  2.31903462e-03 
 3.94000000e-08  2.27135611e-03 
 3.94200000e-08  2.22334145e-03 
 3.94400000e-08  2.17499783e-03 
 3.94600000e-08  2.12633243e-03 
 3.94800000e-08  2.07735249e-03 
 3.95000000e-08  2.02806522e-03 
 3.95200000e-08  1.97847791e-03 
 3.95400000e-08  1.92859782e-03 
 3.95600000e-08  1.87843225e-03 
 3.95800000e-08  1.82798852e-03 
 3.96000000e-08  1.77727397e-03 
 3.96200000e-08  1.72629595e-03 
 3.96400000e-08  1.67506182e-03 
 3.96600000e-08  1.62357899e-03 
 3.96800000e-08  1.57185486e-03 
 3.97000000e-08  1.51989685e-03 
 3.97200000e-08  1.46771240e-03 
 3.97400000e-08  1.41530898e-03 
 3.97600000e-08  1.36269407e-03 
 3.97800000e-08  1.30987515e-03 
 3.98000000e-08  1.25685974e-03 
 3.98200000e-08  1.20365536e-03 
 3.98400000e-08  1.15026957e-03 
 3.98600000e-08  1.09670991e-03 
 3.98800000e-08  1.04298398e-03 
 3.99000000e-08  9.89099361e-04 
 3.99200000e-08  9.35063672e-04 
 3.99400000e-08  8.80884541e-04 
 3.99600000e-08  8.26569614e-04 
 3.99800000e-08  7.72126554e-04 
 4.00000000e-08  7.17563042e-04 
 4.00200000e-08  6.62886774e-04 
 4.00400000e-08  6.08105465e-04 
 4.00600000e-08  5.53226846e-04 
 4.00800000e-08  4.98258666e-04 
 4.01000000e-08  4.43208690e-04 
 4.01200000e-08  3.88084701e-04 
 4.01400000e-08  3.32894499e-04 
 4.01600000e-08  2.77645900e-04 
 4.01800000e-08  2.22346740e-04 
 4.02000000e-08  1.67004869e-04 
 4.02200000e-08  1.11628156e-04 
 4.02400000e-08  5.62244853e-05 
 4.02600000e-08  8.01760261e-07 
 4.02800000e-08 -5.46321004e-05 
 4.03000000e-08 -1.10069161e-04 
 4.03200000e-08 -1.65501468e-04 
 4.03400000e-08 -2.20921054e-04 
 4.03600000e-08 -2.76319933e-04 
 4.03800000e-08 -3.31690103e-04 
 4.04000000e-08 -3.87023548e-04 
 4.04200000e-08 -4.42312235e-04 
 4.04400000e-08 -4.97548117e-04 
 4.04600000e-08 -5.52723129e-04 
 4.04800000e-08 -6.07829194e-04 
 4.05000000e-08 -6.62858222e-04 
 4.05200000e-08 -7.17802105e-04 
 4.05400000e-08 -7.72652726e-04 
 4.05600000e-08 -8.27401952e-04 
 4.05800000e-08 -8.82041640e-04 
 4.06000000e-08 -9.36563633e-04 
 4.06200000e-08 -9.90959764e-04 
 4.06400000e-08 -1.04522186e-03 
 4.06600000e-08 -1.09934172e-03 
 4.06800000e-08 -1.15331117e-03 
 4.07000000e-08 -1.20712198e-03 
 4.07200000e-08 -1.26076596e-03 
 4.07400000e-08 -1.31423488e-03 
 4.07600000e-08 -1.36752051e-03 
 4.07800000e-08 -1.42061463e-03 
 4.08000000e-08 -1.47350901e-03 
 4.08200000e-08 -1.52619540e-03 
 4.08400000e-08 -1.57866557e-03 
 4.08600000e-08 -1.63091129e-03 
 4.08800000e-08 -1.68292431e-03 
 4.09000000e-08 -1.73469640e-03 
 4.09200000e-08 -1.78621933e-03 
 4.09400000e-08 -1.83748487e-03 
 4.09600000e-08 -1.88848480e-03 
 4.09800000e-08 -1.93921090e-03 
 4.10000000e-08 -1.98965497e-03 
 4.10200000e-08 -2.03980881e-03 
 4.10400000e-08 -2.08966424e-03 
 4.10600000e-08 -2.13921309e-03 
 4.10800000e-08 -2.18844720e-03 
 4.11000000e-08 -2.23735843e-03 
 4.11200000e-08 -2.28593867e-03 
 4.11400000e-08 -2.33417981e-03 
 4.11600000e-08 -2.38207378e-03 
 4.11800000e-08 -2.42961253e-03 
 4.12000000e-08 -2.47678802e-03 
 4.12200000e-08 -2.52359226e-03 
 4.12400000e-08 -2.57001728e-03 
 4.12600000e-08 -2.61605513e-03 
 4.12800000e-08 -2.66169793e-03 
 4.13000000e-08 -2.70693779e-03 
 4.13200000e-08 -2.75176689e-03 
 4.13400000e-08 -2.79617744e-03 
 4.13600000e-08 -2.84016170e-03 
 4.13800000e-08 -2.88371196e-03 
 4.14000000e-08 -2.92682056e-03 
 4.14200000e-08 -2.96947991e-03 
 4.14400000e-08 -3.01168245e-03 
 4.14600000e-08 -3.05342067e-03 
 4.14800000e-08 -3.09468714e-03 
 4.15000000e-08 -3.13547448e-03 
 4.15200000e-08 -3.17577535e-03 
 4.15400000e-08 -3.21558250e-03 
 4.15600000e-08 -3.25488874e-03 
 4.15800000e-08 -3.29368693e-03 
 4.16000000e-08 -3.33197003e-03 
 4.16200000e-08 -3.36973105e-03 
 4.16400000e-08 -3.40696309e-03 
 4.16600000e-08 -3.44365931e-03 
 4.16800000e-08 -3.47981298e-03 
 4.17000000e-08 -3.51541743e-03 
 4.17200000e-08 -3.55046608e-03 
 4.17400000e-08 -3.58495243e-03 
 4.17600000e-08 -3.61887010e-03 
 4.17800000e-08 -3.65221276e-03 
 4.18000000e-08 -3.68497422e-03 
 4.18200000e-08 -3.71714835e-03 
 4.18400000e-08 -3.74872913e-03 
 4.18600000e-08 -3.77971066e-03 
 4.18800000e-08 -3.81008713e-03 
 4.19000000e-08 -3.83985283e-03 
 4.19200000e-08 -3.86900217e-03 
 4.19400000e-08 -3.89752967e-03 
 4.19600000e-08 -3.92542996e-03 
 4.19800000e-08 -3.95269779e-03 
 4.20000000e-08 -3.97932802e-03 
 4.20200000e-08 -4.00531564e-03 
 4.20400000e-08 -4.03065576e-03 
 4.20600000e-08 -4.05534359e-03 
 4.20800000e-08 -4.07937451e-03 
 4.21000000e-08 -4.10274398e-03 
 4.21200000e-08 -4.12544762e-03 
 4.21400000e-08 -4.14748118e-03 
 4.21600000e-08 -4.16884053e-03 
 4.21800000e-08 -4.18952168e-03 
 4.22000000e-08 -4.20952077e-03 
 4.22200000e-08 -4.22883408e-03 
 4.22400000e-08 -4.24745805e-03 
 4.22600000e-08 -4.26538922e-03 
 4.22800000e-08 -4.28262430e-03 
 4.23000000e-08 -4.29916015e-03 
 4.23200000e-08 -4.31499373e-03 
 4.23400000e-08 -4.33012220e-03 
 4.23600000e-08 -4.34454282e-03 
 4.23800000e-08 -4.35825304e-03 
 4.24000000e-08 -4.37125041e-03 
 4.24200000e-08 -4.38353267e-03 
 4.24400000e-08 -4.39509768e-03 
 4.24600000e-08 -4.40594347e-03 
 4.24800000e-08 -4.41606821e-03 
 4.25000000e-08 -4.42547023e-03 
 4.25200000e-08 -4.43414799e-03 
 4.25400000e-08 -4.44210012e-03 
 4.25600000e-08 -4.44932541e-03 
 4.25800000e-08 -4.45582277e-03 
 4.26000000e-08 -4.46159129e-03 
 4.26200000e-08 -4.46663021e-03 
 4.26400000e-08 -4.47093891e-03 
 4.26600000e-08 -4.47451692e-03 
 4.26800000e-08 -4.47736393e-03 
 4.27000000e-08 -4.47947979e-03 
 4.27200000e-08 -4.48086448e-03 
 4.27400000e-08 -4.48151814e-03 
 4.27600000e-08 -4.48144105e-03 
 4.27800000e-08 -4.48063367e-03 
 4.28000000e-08 -4.47909657e-03 
 4.28200000e-08 -4.47683049e-03 
 4.28400000e-08 -4.47383631e-03 
 4.28600000e-08 -4.47011505e-03 
 4.28800000e-08 -4.46566789e-03 
 4.29000000e-08 -4.46049613e-03 
 4.29200000e-08 -4.45460124e-03 
 4.29400000e-08 -4.44798481e-03 
 4.29600000e-08 -4.44064859e-03 
 4.29800000e-08 -4.43259444e-03 
 4.30000000e-08 -4.42382437e-03 
 4.30200000e-08 -4.41434055e-03 
 4.30400000e-08 -4.40414525e-03 
 4.30600000e-08 -4.39324089e-03 
 4.30800000e-08 -4.38163001e-03 
 4.31000000e-08 -4.36931530e-03 
 4.31200000e-08 -4.35629955e-03 
 4.31400000e-08 -4.34258570e-03 
 4.31600000e-08 -4.32817681e-03 
 4.31800000e-08 -4.31307605e-03 
 4.32000000e-08 -4.29728672e-03 
 4.32200000e-08 -4.28081224e-03 
 4.32400000e-08 -4.26365614e-03 
 4.32600000e-08 -4.24582208e-03 
 4.32800000e-08 -4.22731381e-03 
 4.33000000e-08 -4.20813521e-03 
 4.33200000e-08 -4.18829026e-03 
 4.33400000e-08 -4.16778306e-03 
 4.33600000e-08 -4.14661778e-03 
 4.33800000e-08 -4.12479875e-03 
 4.34000000e-08 -4.10233034e-03 
 4.34200000e-08 -4.07921707e-03 
 4.34400000e-08 -4.05546352e-03 
 4.34600000e-08 -4.03107438e-03 
 4.34800000e-08 -4.00605444e-03 
 4.35000000e-08 -3.98040856e-03 
 4.35200000e-08 -3.95414171e-03 
 4.35400000e-08 -3.92725894e-03 
 4.35600000e-08 -3.89976536e-03 
 4.35800000e-08 -3.87166620e-03 
 4.36000000e-08 -3.84296676e-03 
 4.36200000e-08 -3.81367239e-03 
 4.36400000e-08 -3.78378855e-03 
 4.36600000e-08 -3.75332076e-03 
 4.36800000e-08 -3.72227461e-03 
 4.37000000e-08 -3.69065576e-03 
 4.37200000e-08 -3.65846996e-03 
 4.37400000e-08 -3.62572298e-03 
 4.37600000e-08 -3.59242071e-03 
 4.37800000e-08 -3.55856905e-03 
 4.38000000e-08 -3.52417400e-03 
 4.38200000e-08 -3.48924161e-03 
 4.38400000e-08 -3.45377796e-03 
 4.38600000e-08 -3.41778922e-03 
 4.38800000e-08 -3.38128160e-03 
 4.39000000e-08 -3.34426135e-03 
 4.39200000e-08 -3.30673480e-03 
 4.39400000e-08 -3.26870830e-03 
 4.39600000e-08 -3.23018826e-03 
 4.39800000e-08 -3.19118113e-03 
 4.40000000e-08 -3.15169341e-03 
 4.40200000e-08 -3.11173164e-03 
 4.40400000e-08 -3.07130241e-03 
 4.40600000e-08 -3.03041233e-03 
 4.40800000e-08 -2.98906806e-03 
 4.41000000e-08 -2.94727630e-03 
 4.41200000e-08 -2.90504379e-03 
 4.41400000e-08 -2.86237729e-03 
 4.41600000e-08 -2.81928360e-03 
 4.41800000e-08 -2.77576956e-03 
 4.42000000e-08 -2.73184203e-03 
 4.42200000e-08 -2.68750792e-03 
 4.42400000e-08 -2.64277413e-03 
 4.42600000e-08 -2.59764764e-03 
 4.42800000e-08 -2.55213542e-03 
 4.43000000e-08 -2.50624449e-03 
 4.43200000e-08 -2.45998187e-03 
 4.43400000e-08 -2.41335462e-03 
 4.43600000e-08 -2.36636984e-03 
 4.43800000e-08 -2.31903462e-03 
 4.44000000e-08 -2.27135611e-03 
 4.44200000e-08 -2.22334145e-03 
 4.44400000e-08 -2.17499783e-03 
 4.44600000e-08 -2.12633243e-03 
 4.44800000e-08 -2.07735249e-03 
 4.45000000e-08 -2.02806522e-03 
 4.45200000e-08 -1.97847791e-03 
 4.45400000e-08 -1.92859782e-03 
 4.45600000e-08 -1.87843225e-03 
 4.45800000e-08 -1.82798852e-03 
 4.46000000e-08 -1.77727397e-03 
 4.46200000e-08 -1.72629595e-03 
 4.46400000e-08 -1.67506182e-03 
 4.46600000e-08 -1.62357899e-03 
 4.46800000e-08 -1.57185486e-03 
 4.47000000e-08 -1.51989685e-03 
 4.47200000e-08 -1.46771240e-03 
 4.47400000e-08 -1.41530898e-03 
 4.47600000e-08 -1.36269407e-03 
 4.47800000e-08 -1.30987515e-03 
 4.48000000e-08 -1.25685974e-03 
 4.48200000e-08 -1.20365536e-03 
 4.48400000e-08 -1.15026957e-03 
 4.48600000e-08 -1.09670991e-03 
 4.48800000e-08 -1.04298398e-03 
 4.49000000e-08 -9.89099361e-04 
 4.49200000e-08 -9.35063672e-04 
 4.49400000e-08 -8.80884541e-04 
 4.49600000e-08 -8.26569614e-04 
 4.49800000e-08 -7.72126554e-04 
 4.50000000e-08 -7.17563042e-04 
 4.50200000e-08 -6.62886774e-04 
 4.50400000e-08 -6.08105465e-04 
 4.50600000e-08 -5.53226846e-04 
 4.50800000e-08 -4.98258666e-04 
 4.51000000e-08 -4.43208690e-04 
 4.51200000e-08 -3.88084701e-04 
 4.51400000e-08 -3.32894499e-04 
 4.51600000e-08 -2.77645900e-04 
 4.51800000e-08 -2.22346740e-04 
 4.52000000e-08 -1.67004869e-04 
 4.52200000e-08 -1.11628156e-04 
 4.52400000e-08 -5.62244853e-05 
 4.52600000e-08 -8.01760260e-07 
 4.52800000e-08  5.46321004e-05 
 4.53000000e-08  1.10069161e-04 
 4.53200000e-08  1.65501468e-04 
 4.53400000e-08  2.20921054e-04 
 4.53600000e-08  2.76319933e-04 
 4.53800000e-08  3.31690103e-04 
 4.54000000e-08  3.87023548e-04 
 4.54200000e-08  4.42312235e-04 
 4.54400000e-08  4.97548117e-04 
 4.54600000e-08  5.52723129e-04 
 4.54800000e-08  6.07829194e-04 
 4.55000000e-08  6.62858222e-04 
 4.55200000e-08  7.17802105e-04 
 4.55400000e-08  7.72652726e-04 
 4.55600000e-08  8.27401952e-04 
 4.55800000e-08  8.82041640e-04 
 4.56000000e-08  9.36563633e-04 
 4.56200000e-08  9.90959764e-04 
 4.56400000e-08  1.04522186e-03 
 4.56600000e-08  1.09934172e-03 
 4.56800000e-08  1.15331117e-03 
 4.57000000e-08  1.20712198e-03 
 4.57200000e-08  1.26076596e-03 
 4.57400000e-08  1.31423488e-03 
 4.57600000e-08  1.36752051e-03 
 4.57800000e-08  1.42061463e-03 
 4.58000000e-08  1.47350901e-03 
 4.58200000e-08  1.52619540e-03 
 4.58400000e-08  1.57866557e-03 
 4.58600000e-08  1.63091129e-03 
 4.58800000e-08  1.68292431e-03 
 4.59000000e-08  1.73469640e-03 
 4.59200000e-08  1.78621933e-03 
 4.59400000e-08  1.83748487e-03 
 4.59600000e-08  1.88848480e-03 
 4.59800000e-08  1.93921090e-03 
 4.60000000e-08  1.98965497e-03 
 4.60200000e-08  2.03980881e-03 
 4.60400000e-08  2.08966424e-03 
 4.60600000e-08  2.13921309e-03 
 4.60800000e-08  2.18844720e-03 
 4.61000000e-08  2.23735843e-03 
 4.61200000e-08  2.28593867e-03 
 4.61400000e-08  2.33417981e-03 
 4.61600000e-08  2.38207378e-03 
 4.61800000e-08  2.42961253e-03 
 4.62000000e-08  2.47678802e-03 
 4.62200000e-08  2.52359226e-03 
 4.62400000e-08  2.57001728e-03 
 4.62600000e-08  2.61605513e-03 
 4.62800000e-08  2.66169793e-03 
 4.63000000e-08  2.70693779e-03 
 4.63200000e-08  2.75176689e-03 
 4.63400000e-08  2.79617744e-03 
 4.63600000e-08  2.84016170e-03 
 4.63800000e-08  2.88371196e-03 
 4.64000000e-08  2.92682056e-03 
 4.64200000e-08  2.96947991e-03 
 4.64400000e-08  3.01168245e-03 
 4.64600000e-08  3.05342067e-03 
 4.64800000e-08  3.09468714e-03 
 4.65000000e-08  3.13547448e-03 
 4.65200000e-08  3.17577535e-03 
 4.65400000e-08  3.21558250e-03 
 4.65600000e-08  3.25488874e-03 
 4.65800000e-08  3.29368693e-03 
 4.66000000e-08  3.33197003e-03 
 4.66200000e-08  3.36973105e-03 
 4.66400000e-08  3.40696309e-03 
 4.66600000e-08  3.44365931e-03 
 4.66800000e-08  3.47981298e-03 
 4.67000000e-08  3.51541743e-03 
 4.67200000e-08  3.55046608e-03 
 4.67400000e-08  3.58495243e-03 
 4.67600000e-08  3.61887010e-03 
 4.67800000e-08  3.65221276e-03 
 4.68000000e-08  3.68497422e-03 
 4.68200000e-08  3.71714835e-03 
 4.68400000e-08  3.74872913e-03 
 4.68600000e-08  3.77971066e-03 
 4.68800000e-08  3.81008713e-03 
 4.69000000e-08  3.83985283e-03 
 4.69200000e-08  3.86900217e-03 
 4.69400000e-08  3.89752967e-03 
 4.69600000e-08  3.92542996e-03 
 4.69800000e-08  3.95269779e-03 
 4.70000000e-08  3.97932802e-03 
 4.70200000e-08  4.00531564e-03 
 4.70400000e-08  4.03065576e-03 
 4.70600000e-08  4.05534359e-03 
 4.70800000e-08  4.07937451e-03 
 4.71000000e-08  4.10274398e-03 
 4.71200000e-08  4.12544762e-03 
 4.71400000e-08  4.14748118e-03 
 4.71600000e-08  4.16884053e-03 
 4.71800000e-08  4.18952168e-03 
 4.72000000e-08  4.20952077e-03 
 4.72200000e-08  4.22883408e-03 
 4.72400000e-08  4.24745805e-03 
 4.72600000e-08  4.26538922e-03 
 4.72800000e-08  4.28262430e-03 
 4.73000000e-08  4.29916015e-03 
 4.73200000e-08  4.31499373e-03 
 4.73400000e-08  4.33012220e-03 
 4.73600000e-08  4.34454282e-03 
 4.73800000e-08  4.35825304e-03 
 4.74000000e-08  4.37125041e-03 
 4.74200000e-08  4.38353267e-03 
 4.74400000e-08  4.39509768e-03 
 4.74600000e-08  4.40594347e-03 
 4.74800000e-08  4.41606821e-03 
 4.75000000e-08  4.42547023e-03 
 4.75200000e-08  4.43414799e-03 
 4.75400000e-08  4.44210012e-03 
 4.75600000e-08  4.44932541e-03 
 4.75800000e-08  4.45582277e-03 
 4.76000000e-08  4.46159129e-03 
 4.76200000e-08  4.46663021e-03 
 4.76400000e-08  4.47093891e-03 
 4.76600000e-08  4.47451692e-03 
 4.76800000e-08  4.47736393e-03 
 4.77000000e-08  4.47947979e-03 
 4.77200000e-08  4.48086448e-03 
 4.77400000e-08  4.48151814e-03 
 4.77600000e-08  4.48144105e-03 
 4.77800000e-08  4.48063367e-03 
 4.78000000e-08  4.47909657e-03 
 4.78200000e-08  4.47683049e-03 
 4.78400000e-08  4.47383631e-03 
 4.78600000e-08  4.47011505e-03 
 4.78800000e-08  4.46566789e-03 
 4.79000000e-08  4.46049613e-03 
 4.79200000e-08  4.45460124e-03 
 4.79400000e-08  4.44798481e-03 
 4.79600000e-08  4.44064859e-03 
 4.79800000e-08  4.43259444e-03 
 4.80000000e-08  4.42382437e-03 
 4.80200000e-08  4.41434055e-03 
 4.80400000e-08  4.40414525e-03 
 4.80600000e-08  4.39324089e-03 
 4.80800000e-08  4.38163001e-03 
 4.81000000e-08  4.36931530e-03 
 4.81200000e-08  4.35629955e-03 
 4.81400000e-08  4.34258570e-03 
 4.81600000e-08  4.32817681e-03 
 4.81800000e-08  4.31307605e-03 
 4.82000000e-08  4.29728672e-03 
 4.82200000e-08  4.28081224e-03 
 4.82400000e-08  4.26365614e-03 
 4.82600000e-08  4.24582208e-03 
 4.82800000e-08  4.22731381e-03 
 4.83000000e-08  4.20813521e-03 
 4.83200000e-08  4.18829026e-03 
 4.83400000e-08  4.16778306e-03 
 4.83600000e-08  4.14661778e-03 
 4.83800000e-08  4.12479875e-03 
 4.84000000e-08  4.10233034e-03 
 4.84200000e-08  4.07921707e-03 
 4.84400000e-08  4.05546352e-03 
 4.84600000e-08  4.03107438e-03 
 4.84800000e-08  4.00605444e-03 
 4.85000000e-08  3.98040856e-03 
 4.85200000e-08  3.95414171e-03 
 4.85400000e-08  3.92725894e-03 
 4.85600000e-08  3.89976536e-03 
 4.85800000e-08  3.87166620e-03 
 4.86000000e-08  3.84296676e-03 
 4.86200000e-08  3.81367239e-03 
 4.86400000e-08  3.78378855e-03 
 4.86600000e-08  3.75332076e-03 
 4.86800000e-08  3.72227461e-03 
 4.87000000e-08  3.69065576e-03 
 4.87200000e-08  3.65846996e-03 
 4.87400000e-08  3.62572298e-03 
 4.87600000e-08  3.59242071e-03 
 4.87800000e-08  3.55856905e-03 
 4.88000000e-08  3.52417400e-03 
 4.88200000e-08  3.48924161e-03 
 4.88400000e-08  3.45377796e-03 
 4.88600000e-08  3.41778922e-03 
 4.88800000e-08  3.38128160e-03 
 4.89000000e-08  3.34426135e-03 
 4.89200000e-08  3.30673480e-03 
 4.89400000e-08  3.26870830e-03 
 4.89600000e-08  3.23018826e-03 
 4.89800000e-08  3.19118113e-03 
 4.90000000e-08  3.15169341e-03 
 4.90200000e-08  3.11173164e-03 
 4.90400000e-08  3.07130241e-03 
 4.90600000e-08  3.03041233e-03 
 4.90800000e-08  2.98906806e-03 
 4.91000000e-08  2.94727630e-03 
 4.91200000e-08  2.90504379e-03 
 4.91400000e-08  2.86237729e-03 
 4.91600000e-08  2.81928360e-03 
 4.91800000e-08  2.77576956e-03 
 4.92000000e-08  2.73184203e-03 
 4.92200000e-08  2.68750792e-03 
 4.92400000e-08  2.64277413e-03 
 4.92600000e-08  2.59764764e-03 
 4.92800000e-08  2.55213542e-03 
 4.93000000e-08  2.50624449e-03 
 4.93200000e-08  2.45998187e-03 
 4.93400000e-08  2.41335462e-03 
 4.93600000e-08  2.36636984e-03 
 4.93800000e-08  2.31903462e-03 
 4.94000000e-08  2.27135611e-03 
 4.94200000e-08  2.22334145e-03 
 4.94400000e-08  2.17499783e-03 
 4.94600000e-08  2.12633243e-03 
 4.94800000e-08  2.07735249e-03 
 4.95000000e-08  2.02806522e-03 
 4.95200000e-08  1.97847791e-03 
 4.95400000e-08  1.92859782e-03 
 4.95600000e-08  1.87843225e-03 
 4.95800000e-08  1.82798852e-03 
 4.96000000e-08  1.77727397e-03 
 4.96200000e-08  1.72629595e-03 
 4.96400000e-08  1.67506182e-03 
 4.96600000e-08  1.62357899e-03 
 4.96800000e-08  1.57185486e-03 
 4.97000000e-08  1.51989685e-03 
 4.97200000e-08  1.46771240e-03 
 4.97400000e-08  1.41530898e-03 
 4.97600000e-08  1.36269407e-03 
 4.97800000e-08  1.30987515e-03 
 4.98000000e-08  1.25685974e-03 
 4.98200000e-08  1.20365536e-03 
 4.98400000e-08  1.15026957e-03 
 4.98600000e-08  1.09670991e-03 
 4.98800000e-08  1.04298398e-03 
 4.99000000e-08  9.89099361e-04 
 4.99200000e-08  9.35063672e-04 
 4.99400000e-08  8.80884541e-04 
 4.99600000e-08  8.26569614e-04 
 4.99800000e-08  7.72126554e-04 
 5.00000000e-08  7.17563042e-04 
 5.00200000e-08  6.62886774e-04 
 5.00400000e-08  6.08105465e-04 
 5.00600000e-08  5.53226846e-04 
 5.00800000e-08  4.98258666e-04 
 5.01000000e-08  4.43208690e-04 
 5.01200000e-08  3.88084701e-04 
 5.01400000e-08  3.32894499e-04 
 5.01600000e-08  2.77645900e-04 
 5.01800000e-08  2.22346740e-04 
 5.02000000e-08  1.67004869e-04 
 5.02200000e-08  1.11628156e-04 
 5.02400000e-08  5.62244853e-05 
 5.02600000e-08  8.01760280e-07 
 5.02800000e-08 -5.46321004e-05 
 5.03000000e-08 -1.10069161e-04 
 5.03200000e-08 -1.65501468e-04 
 5.03400000e-08 -2.20921054e-04 
 5.03600000e-08 -2.76319933e-04 
 5.03800000e-08 -3.31690103e-04 
 5.04000000e-08 -3.87023548e-04 
 5.04200000e-08 -4.42312235e-04 
 5.04400000e-08 -4.97548117e-04 
 5.04600000e-08 -5.52723129e-04 
 5.04800000e-08 -6.07829194e-04 
 5.05000000e-08 -6.62858222e-04 
 5.05200000e-08 -7.17802105e-04 
 5.05400000e-08 -7.72652726e-04 
 5.05600000e-08 -8.27401952e-04 
 5.05800000e-08 -8.82041640e-04 
 5.06000000e-08 -9.36563633e-04 
 5.06200000e-08 -9.90959764e-04 
 5.06400000e-08 -1.04522186e-03 
 5.06600000e-08 -1.09934172e-03 
 5.06800000e-08 -1.15331117e-03 
 5.07000000e-08 -1.20712198e-03 
 5.07200000e-08 -1.26076596e-03 
 5.07400000e-08 -1.31423488e-03 
 5.07600000e-08 -1.36752051e-03 
 5.07800000e-08 -1.42061463e-03 
 5.08000000e-08 -1.47350901e-03 
 5.08200000e-08 -1.52619540e-03 
 5.08400000e-08 -1.57866557e-03 
 5.08600000e-08 -1.63091129e-03 
 5.08800000e-08 -1.68292431e-03 
 5.09000000e-08 -1.73469640e-03 
 5.09200000e-08 -1.78621933e-03 
 5.09400000e-08 -1.83748487e-03 
 5.09600000e-08 -1.88848480e-03 
 5.09800000e-08 -1.93921090e-03 
 5.10000000e-08 -1.98965497e-03 
 5.10200000e-08 -2.03980881e-03 
 5.10400000e-08 -2.08966424e-03 
 5.10600000e-08 -2.13921309e-03 
 5.10800000e-08 -2.18844720e-03 
 5.11000000e-08 -2.23735843e-03 
 5.11200000e-08 -2.28593867e-03 
 5.11400000e-08 -2.33417981e-03 
 5.11600000e-08 -2.38207378e-03 
 5.11800000e-08 -2.42961253e-03 
 5.12000000e-08 -2.47678802e-03 
 5.12200000e-08 -2.52359226e-03 
 5.12400000e-08 -2.57001728e-03 
 5.12600000e-08 -2.61605513e-03 
 5.12800000e-08 -2.66169793e-03 
 5.13000000e-08 -2.70693779e-03 
 5.13200000e-08 -2.75176689e-03 
 5.13400000e-08 -2.79617744e-03 
 5.13600000e-08 -2.84016170e-03 
 5.13800000e-08 -2.88371196e-03 
 5.14000000e-08 -2.92682056e-03 
 5.14200000e-08 -2.96947991e-03 
 5.14400000e-08 -3.01168245e-03 
 5.14600000e-08 -3.05342067e-03 
 5.14800000e-08 -3.09468714e-03 
 5.15000000e-08 -3.13547448e-03 
 5.15200000e-08 -3.17577535e-03 
 5.15400000e-08 -3.21558250e-03 
 5.15600000e-08 -3.25488874e-03 
 5.15800000e-08 -3.29368693e-03 
 5.16000000e-08 -3.33197003e-03 
 5.16200000e-08 -3.36973105e-03 
 5.16400000e-08 -3.40696309e-03 
 5.16600000e-08 -3.44365931e-03 
 5.16800000e-08 -3.47981298e-03 
 5.17000000e-08 -3.51541743e-03 
 5.17200000e-08 -3.55046608e-03 
 5.17400000e-08 -3.58495243e-03 
 5.17600000e-08 -3.61887010e-03 
 5.17800000e-08 -3.65221276e-03 
 5.18000000e-08 -3.68497422e-03 
 5.18200000e-08 -3.71714835e-03 
 5.18400000e-08 -3.74872913e-03 
 5.18600000e-08 -3.77971066e-03 
 5.18800000e-08 -3.81008713e-03 
 5.19000000e-08 -3.83985283e-03 
 5.19200000e-08 -3.86900217e-03 
 5.19400000e-08 -3.89752967e-03 
 5.19600000e-08 -3.92542996e-03 
 5.19800000e-08 -3.95269779e-03 
 5.20000000e-08 -3.97932802e-03 
 5.20200000e-08 -4.00531564e-03 
 5.20400000e-08 -4.03065576e-03 
 5.20600000e-08 -4.05534359e-03 
 5.20800000e-08 -4.07937451e-03 
 5.21000000e-08 -4.10274398e-03 
 5.21200000e-08 -4.12544762e-03 
 5.21400000e-08 -4.14748118e-03 
 5.21600000e-08 -4.16884053e-03 
 5.21800000e-08 -4.18952168e-03 
 5.22000000e-08 -4.20952077e-03 
 5.22200000e-08 -4.22883408e-03 
 5.22400000e-08 -4.24745805e-03 
 5.22600000e-08 -4.26538922e-03 
 5.22800000e-08 -4.28262430e-03 
 5.23000000e-08 -4.29916015e-03 
 5.23200000e-08 -4.31499373e-03 
 5.23400000e-08 -4.33012220e-03 
 5.23600000e-08 -4.34454282e-03 
 5.23800000e-08 -4.35825304e-03 
 5.24000000e-08 -4.37125041e-03 
 5.24200000e-08 -4.38353267e-03 
 5.24400000e-08 -4.39509768e-03 
 5.24600000e-08 -4.40594347e-03 
 5.24800000e-08 -4.41606821e-03 
 5.25000000e-08 -4.42547023e-03 
 5.25200000e-08 -4.43414799e-03 
 5.25400000e-08 -4.44210012e-03 
 5.25600000e-08 -4.44932541e-03 
 5.25800000e-08 -4.45582277e-03 
 5.26000000e-08 -4.46159129e-03 
 5.26200000e-08 -4.46663021e-03 
 5.26400000e-08 -4.47093891e-03 
 5.26600000e-08 -4.47451692e-03 
 5.26800000e-08 -4.47736393e-03 
 5.27000000e-08 -4.47947979e-03 
 5.27200000e-08 -4.48086448e-03 
 5.27400000e-08 -4.48151814e-03 
 5.27600000e-08 -4.48144105e-03 
 5.27800000e-08 -4.48063367e-03 
 5.28000000e-08 -4.47909657e-03 
 5.28200000e-08 -4.47683049e-03 
 5.28400000e-08 -4.47383631e-03 
 5.28600000e-08 -4.47011505e-03 
 5.28800000e-08 -4.46566789e-03 
 5.29000000e-08 -4.46049613e-03 
 5.29200000e-08 -4.45460124e-03 
 5.29400000e-08 -4.44798481e-03 
 5.29600000e-08 -4.44064859e-03 
 5.29800000e-08 -4.43259444e-03 
 5.30000000e-08 -4.42382437e-03 
 5.30200000e-08 -4.41434055e-03 
 5.30400000e-08 -4.40414525e-03 
 5.30600000e-08 -4.39324089e-03 
 5.30800000e-08 -4.38163001e-03 
 5.31000000e-08 -4.36931530e-03 
 5.31200000e-08 -4.35629955e-03 
 5.31400000e-08 -4.34258570e-03 
 5.31600000e-08 -4.32817681e-03 
 5.31800000e-08 -4.31307605e-03 
 5.32000000e-08 -4.29728672e-03 
 5.32200000e-08 -4.28081224e-03 
 5.32400000e-08 -4.26365614e-03 
 5.32600000e-08 -4.24582208e-03 
 5.32800000e-08 -4.22731381e-03 
 5.33000000e-08 -4.20813521e-03 
 5.33200000e-08 -4.18829026e-03 
 5.33400000e-08 -4.16778306e-03 
 5.33600000e-08 -4.14661778e-03 
 5.33800000e-08 -4.12479875e-03 
 5.34000000e-08 -4.10233034e-03 
 5.34200000e-08 -4.07921707e-03 
 5.34400000e-08 -4.05546352e-03 
 5.34600000e-08 -4.03107438e-03 
 5.34800000e-08 -4.00605444e-03 
 5.35000000e-08 -3.98040856e-03 
 5.35200000e-08 -3.95414171e-03 
 5.35400000e-08 -3.92725894e-03 
 5.35600000e-08 -3.89976536e-03 
 5.35800000e-08 -3.87166620e-03 
 5.36000000e-08 -3.84296676e-03 
 5.36200000e-08 -3.81367239e-03 
 5.36400000e-08 -3.78378855e-03 
 5.36600000e-08 -3.75332076e-03 
 5.36800000e-08 -3.72227461e-03 
 5.37000000e-08 -3.69065576e-03 
 5.37200000e-08 -3.65846996e-03 
 5.37400000e-08 -3.62572298e-03 
 5.37600000e-08 -3.59242071e-03 
 5.37800000e-08 -3.55856905e-03 
 5.38000000e-08 -3.52417400e-03 
 5.38200000e-08 -3.48924161e-03 
 5.38400000e-08 -3.45377796e-03 
 5.38600000e-08 -3.41778922e-03 
 5.38800000e-08 -3.38128160e-03 
 5.39000000e-08 -3.34426135e-03 
 5.39200000e-08 -3.30673480e-03 
 5.39400000e-08 -3.26870830e-03 
 5.39600000e-08 -3.23018826e-03 
 5.39800000e-08 -3.19118113e-03 
 5.40000000e-08 -3.15169341e-03 
 5.40200000e-08 -3.11173164e-03 
 5.40400000e-08 -3.07130241e-03 
 5.40600000e-08 -3.03041233e-03 
 5.40800000e-08 -2.98906806e-03 
 5.41000000e-08 -2.94727630e-03 
 5.41200000e-08 -2.90504379e-03 
 5.41400000e-08 -2.86237729e-03 
 5.41600000e-08 -2.81928360e-03 
 5.41800000e-08 -2.77576956e-03 
 5.42000000e-08 -2.73184203e-03 
 5.42200000e-08 -2.68750792e-03 
 5.42400000e-08 -2.64277413e-03 
 5.42600000e-08 -2.59764764e-03 
 5.42800000e-08 -2.55213542e-03 
 5.43000000e-08 -2.50624449e-03 
 5.43200000e-08 -2.45998187e-03 
 5.43400000e-08 -2.41335462e-03 
 5.43600000e-08 -2.36636984e-03 
 5.43800000e-08 -2.31903462e-03 
 5.44000000e-08 -2.27135611e-03 
 5.44200000e-08 -2.22334145e-03 
 5.44400000e-08 -2.17499783e-03 
 5.44600000e-08 -2.12633243e-03 
 5.44800000e-08 -2.07735249e-03 
 5.45000000e-08 -2.02806522e-03 
 5.45200000e-08 -1.97847791e-03 
 5.45400000e-08 -1.92859782e-03 
 5.45600000e-08 -1.87843225e-03 
 5.45800000e-08 -1.82798852e-03 
 5.46000000e-08 -1.77727397e-03 
 5.46200000e-08 -1.72629595e-03 
 5.46400000e-08 -1.67506182e-03 
 5.46600000e-08 -1.62357899e-03 
 5.46800000e-08 -1.57185486e-03 
 5.47000000e-08 -1.51989685e-03 
 5.47200000e-08 -1.46771240e-03 
 5.47400000e-08 -1.41530898e-03 
 5.47600000e-08 -1.36269407e-03 
 5.47800000e-08 -1.30987515e-03 
 5.48000000e-08 -1.25685974e-03 
 5.48200000e-08 -1.20365536e-03 
 5.48400000e-08 -1.15026957e-03 
 5.48600000e-08 -1.09670991e-03 
 5.48800000e-08 -1.04298398e-03 
 5.49000000e-08 -9.89099361e-04 
 5.49200000e-08 -9.35063672e-04 
 5.49400000e-08 -8.80884541e-04 
 5.49600000e-08 -8.26569614e-04 
 5.49800000e-08 -7.72126554e-04 
 5.50000000e-08 -7.17563042e-04 
 5.50200000e-08 -6.62886774e-04 
 5.50400000e-08 -6.08105465e-04 
 5.50600000e-08 -5.53226846e-04 
 5.50800000e-08 -4.98258666e-04 
 5.51000000e-08 -4.43208690e-04 
 5.51200000e-08 -3.88084701e-04 
 5.51400000e-08 -3.32894499e-04 
 5.51600000e-08 -2.77645900e-04 
 5.51800000e-08 -2.22346740e-04 
 5.52000000e-08 -1.67004869e-04 
 5.52200000e-08 -1.11628156e-04 
 5.52400000e-08 -5.62244854e-05 
 5.52600000e-08 -8.01760267e-07 
 5.52800000e-08  5.46321004e-05 
 5.53000000e-08  1.10069161e-04 
 5.53200000e-08  1.65501468e-04 
 5.53400000e-08  2.20921054e-04 
 5.53600000e-08  2.76319933e-04 
 5.53800000e-08  3.31690103e-04 
 5.54000000e-08  3.87023548e-04 
 5.54200000e-08  4.42312236e-04 
 5.54400000e-08  4.97548117e-04 
 5.54600000e-08  5.52723129e-04 
 5.54800000e-08  6.07829194e-04 
 5.55000000e-08  6.62858222e-04 
 5.55200000e-08  7.17802105e-04 
 5.55400000e-08  7.72652726e-04 
 5.55600000e-08  8.27401952e-04 
 5.55800000e-08  8.82041640e-04 
 5.56000000e-08  9.36563633e-04 
 5.56200000e-08  9.90959764e-04 
 5.56400000e-08  1.04522186e-03 
 5.56600000e-08  1.09934172e-03 
 5.56800000e-08  1.15331117e-03 
 5.57000000e-08  1.20712198e-03 
 5.57200000e-08  1.26076596e-03 
 5.57400000e-08  1.31423488e-03 
 5.57600000e-08  1.36752051e-03 
 5.57800000e-08  1.42061463e-03 
 5.58000000e-08  1.47350901e-03 
 5.58200000e-08  1.52619540e-03 
 5.58400000e-08  1.57866557e-03 
 5.58600000e-08  1.63091129e-03 
 5.58800000e-08  1.68292431e-03 
 5.59000000e-08  1.73469640e-03 
 5.59200000e-08  1.78621933e-03 
 5.59400000e-08  1.83748487e-03 
 5.59600000e-08  1.88848480e-03 
 5.59800000e-08  1.93921090e-03 
 5.60000000e-08  1.98965497e-03 
 5.60200000e-08  2.03980881e-03 
 5.60400000e-08  2.08966424e-03 
 5.60600000e-08  2.13921309e-03 
 5.60800000e-08  2.18844720e-03 
 5.61000000e-08  2.23735843e-03 
 5.61200000e-08  2.28593867e-03 
 5.61400000e-08  2.33417981e-03 
 5.61600000e-08  2.38207378e-03 
 5.61800000e-08  2.42961253e-03 
 5.62000000e-08  2.47678802e-03 
 5.62200000e-08  2.52359226e-03 
 5.62400000e-08  2.57001728e-03 
 5.62600000e-08  2.61605513e-03 
 5.62800000e-08  2.66169793e-03 
 5.63000000e-08  2.70693779e-03 
 5.63200000e-08  2.75176689e-03 
 5.63400000e-08  2.79617744e-03 
 5.63600000e-08  2.84016170e-03 
 5.63800000e-08  2.88371196e-03 
 5.64000000e-08  2.92682056e-03 
 5.64200000e-08  2.96947991e-03 
 5.64400000e-08  3.01168245e-03 
 5.64600000e-08  3.05342067e-03 
 5.64800000e-08  3.09468714e-03 
 5.65000000e-08  3.13547448e-03 
 5.65200000e-08  3.17577535e-03 
 5.65400000e-08  3.21558250e-03 
 5.65600000e-08  3.25488874e-03 
 5.65800000e-08  3.29368693e-03 
 5.66000000e-08  3.33197003e-03 
 5.66200000e-08  3.36973105e-03 
 5.66400000e-08  3.40696309e-03 
 5.66600000e-08  3.44365931e-03 
 5.66800000e-08  3.47981298e-03 
 5.67000000e-08  3.51541743e-03 
 5.67200000e-08  3.55046608e-03 
 5.67400000e-08  3.58495243e-03 
 5.67600000e-08  3.61887010e-03 
 5.67800000e-08  3.65221276e-03 
 5.68000000e-08  3.68497422e-03 
 5.68200000e-08  3.71714835e-03 
 5.68400000e-08  3.74872913e-03 
 5.68600000e-08  3.77971066e-03 
 5.68800000e-08  3.81008713e-03 
 5.69000000e-08  3.83985283e-03 
 5.69200000e-08  3.86900217e-03 
 5.69400000e-08  3.89752967e-03 
 5.69600000e-08  3.92542996e-03 
 5.69800000e-08  3.95269779e-03 
 5.70000000e-08  3.97932802e-03 
 5.70200000e-08  4.00531564e-03 
 5.70400000e-08  4.03065576e-03 
 5.70600000e-08  4.05534359e-03 
 5.70800000e-08  4.07937451e-03 
 5.71000000e-08  4.10274398e-03 
 5.71200000e-08  4.12544762e-03 
 5.71400000e-08  4.14748118e-03 
 5.71600000e-08  4.16884053e-03 
 5.71800000e-08  4.18952168e-03 
 5.72000000e-08  4.20952077e-03 
 5.72200000e-08  4.22883408e-03 
 5.72400000e-08  4.24745805e-03 
 5.72600000e-08  4.26538922e-03 
 5.72800000e-08  4.28262430e-03 
 5.73000000e-08  4.29916015e-03 
 5.73200000e-08  4.31499373e-03 
 5.73400000e-08  4.33012220e-03 
 5.73600000e-08  4.34454282e-03 
 5.73800000e-08  4.35825304e-03 
 5.74000000e-08  4.37125041e-03 
 5.74200000e-08  4.38353267e-03 
 5.74400000e-08  4.39509768e-03 
 5.74600000e-08  4.40594347e-03 
 5.74800000e-08  4.41606821e-03 
 5.75000000e-08  4.42547023e-03 
 5.75200000e-08  4.43414799e-03 
 5.75400000e-08  4.44210012e-03 
 5.75600000e-08  4.44932541e-03 
 5.75800000e-08  4.45582277e-03 
 5.76000000e-08  4.46159129e-03 
 5.76200000e-08  4.46663021e-03 
 5.76400000e-08  4.47093891e-03 
 5.76600000e-08  4.47451692e-03 
 5.76800000e-08  4.47736393e-03 
 5.77000000e-08  4.47947979e-03 
 5.77200000e-08  4.48086448e-03 
 5.77400000e-08  4.48151814e-03 
 5.77600000e-08  4.48144105e-03 
 5.77800000e-08  4.48063367e-03 
 5.78000000e-08  4.47909657e-03 
 5.78200000e-08  4.47683049e-03 
 5.78400000e-08  4.47383631e-03 
 5.78600000e-08  4.47011505e-03 
 5.78800000e-08  4.46566789e-03 
 5.79000000e-08  4.46049613e-03 
 5.79200000e-08  4.45460124e-03 
 5.79400000e-08  4.44798481e-03 
 5.79600000e-08  4.44064859e-03 
 5.79800000e-08  4.43259444e-03 
 5.80000000e-08  4.42382437e-03 
 5.80200000e-08  4.41434055e-03 
 5.80400000e-08  4.40414525e-03 
 5.80600000e-08  4.39324089e-03 
 5.80800000e-08  4.38163001e-03 
 5.81000000e-08  4.36931530e-03 
 5.81200000e-08  4.35629955e-03 
 5.81400000e-08  4.34258570e-03 
 5.81600000e-08  4.32817681e-03 
 5.81800000e-08  4.31307605e-03 
 5.82000000e-08  4.29728672e-03 
 5.82200000e-08  4.28081224e-03 
 5.82400000e-08  4.26365614e-03 
 5.82600000e-08  4.24582208e-03 
 5.82800000e-08  4.22731381e-03 
 5.83000000e-08  4.20813521e-03 
 5.83200000e-08  4.18829026e-03 
 5.83400000e-08  4.16778306e-03 
 5.83600000e-08  4.14661778e-03 
 5.83800000e-08  4.12479875e-03 
 5.84000000e-08  4.10233034e-03 
 5.84200000e-08  4.07921707e-03 
 5.84400000e-08  4.05546352e-03 
 5.84600000e-08  4.03107438e-03 
 5.84800000e-08  4.00605444e-03 
 5.85000000e-08  3.98040856e-03 
 5.85200000e-08  3.95414171e-03 
 5.85400000e-08  3.92725894e-03 
 5.85600000e-08  3.89976536e-03 
 5.85800000e-08  3.87166620e-03 
 5.86000000e-08  3.84296676e-03 
 5.86200000e-08  3.81367239e-03 
 5.86400000e-08  3.78378855e-03 
 5.86600000e-08  3.75332076e-03 
 5.86800000e-08  3.72227461e-03 
 5.87000000e-08  3.69065576e-03 
 5.87200000e-08  3.65846996e-03 
 5.87400000e-08  3.62572298e-03 
 5.87600000e-08  3.59242071e-03 
 5.87800000e-08  3.55856905e-03 
 5.88000000e-08  3.52417400e-03 
 5.88200000e-08  3.48924161e-03 
 5.88400000e-08  3.45377796e-03 
 5.88600000e-08  3.41778922e-03 
 5.88800000e-08  3.38128160e-03 
 5.89000000e-08  3.34426135e-03 
 5.89200000e-08  3.30673480e-03 
 5.89400000e-08  3.26870830e-03 
 5.89600000e-08  3.23018826e-03 
 5.89800000e-08  3.19118113e-03 
 5.90000000e-08  3.15169341e-03 
 5.90200000e-08  3.11173164e-03 
 5.90400000e-08  3.07130241e-03 
 5.90600000e-08  3.03041233e-03 
 5.90800000e-08  2.98906806e-03 
 5.91000000e-08  2.94727630e-03 
 5.91200000e-08  2.90504379e-03 
 5.91400000e-08  2.86237729e-03 
 5.91600000e-08  2.81928360e-03 
 5.91800000e-08  2.77576956e-03 
 5.92000000e-08  2.73184203e-03 
 5.92200000e-08  2.68750792e-03 
 5.92400000e-08  2.64277413e-03 
 5.92600000e-08  2.59764764e-03 
 5.92800000e-08  2.55213542e-03 
 5.93000000e-08  2.50624449e-03 
 5.93200000e-08  2.45998187e-03 
 5.93400000e-08  2.41335462e-03 
 5.93600000e-08  2.36636984e-03 
 5.93800000e-08  2.31903462e-03 
 5.94000000e-08  2.27135611e-03 
 5.94200000e-08  2.22334145e-03 
 5.94400000e-08  2.17499783e-03 
 5.94600000e-08  2.12633243e-03 
 5.94800000e-08  2.07735249e-03 
 5.95000000e-08  2.02806522e-03 
 5.95200000e-08  1.97847791e-03 
 5.95400000e-08  1.92859782e-03 
 5.95600000e-08  1.87843225e-03 
 5.95800000e-08  1.82798852e-03 
 5.96000000e-08  1.77727397e-03 
 5.96200000e-08  1.72629595e-03 
 5.96400000e-08  1.67506182e-03 
 5.96600000e-08  1.62357899e-03 
 5.96800000e-08  1.57185486e-03 
 5.97000000e-08  1.51989685e-03 
 5.97200000e-08  1.46771240e-03 
 5.97400000e-08  1.41530898e-03 
 5.97600000e-08  1.36269407e-03 
 5.97800000e-08  1.30987515e-03 
 5.98000000e-08  1.25685974e-03 
 5.98200000e-08  1.20365536e-03 
 5.98400000e-08  1.15026957e-03 
 5.98600000e-08  1.09670991e-03 
 5.98800000e-08  1.04298398e-03 
 5.99000000e-08  9.89099361e-04 
 5.99200000e-08  9.35063672e-04 
 5.99400000e-08  8.80884541e-04 
 5.99600000e-08  8.26569614e-04 
 5.99800000e-08  7.72126554e-04 
 6.00000000e-08  7.17573604e-04 
