 1.00000000e+06 -7.40949997e-01  4.15722219e-04 
 1.05932636e+06 -7.40949973e-01  4.40385494e-04 
 1.12217233e+06 -7.40949945e-01  4.66511949e-04 
 1.18874673e+06 -7.40949915e-01  4.94188389e-04 
 1.25927075e+06 -7.40949880e-01  5.23506769e-04 
 1.33397869e+06 -7.40949841e-01  5.54564498e-04 
 1.41311879e+06 -7.40949798e-01  5.87464765e-04 
 1.49695398e+06 -7.40949749e-01  6.22316881e-04 
 1.58576281e+06 -7.40949694e-01  6.59236640e-04 
 1.67984034e+06 -7.40949633e-01  6.98346707e-04 
 1.77949915e+06 -7.40949564e-01  7.39777024e-04 
 1.88507036e+06 -7.40949487e-01  7.83665241e-04 
 1.99690471e+06 -7.40949400e-01  8.30157176e-04 
 2.11537380e+06 -7.40949302e-01  8.79407294e-04 
 2.24087122e+06 -7.40949193e-01  9.31579227e-04 
 2.37381395e+06 -7.40949070e-01  9.86846312e-04 
 2.51464369e+06 -7.40948933e-01  1.04539217e-03 
 2.66382834e+06 -7.40948778e-01  1.10741131e-03 
 2.82186357e+06 -7.40948605e-01  1.17310979e-03 
 2.98927446e+06 -7.40948410e-01  1.24270589e-03 
 3.16661723e+06 -7.40948192e-01  1.31643082e-03 
 3.35448110e+06 -7.40947947e-01  1.39452954e-03 
 3.55349024e+06 -7.40947672e-01  1.47726150e-03 
 3.76430588e+06 -7.40947364e-01  1.56490157e-03 
 3.98762844e+06 -7.40947017e-01  1.65774093e-03 
 4.22419991e+06 -7.40946629e-01  1.75608799e-03 
 4.47480631e+06 -7.40946193e-01  1.86026951e-03 
 4.74028027e+06 -7.40945704e-01  1.97063158e-03 
 5.02150383e+06 -7.40945155e-01  2.08754086e-03 
 5.31941137e+06 -7.40944539e-01  2.21138573e-03 
 5.63499267e+06 -7.40943848e-01  2.34257761e-03 
 5.96929627e+06 -7.40943072e-01  2.48155233e-03 
 6.32343288e+06 -7.40942201e-01  2.62877156e-03 
 6.69857912e+06 -7.40941225e-01  2.78472435e-03 
 7.09598142e+06 -7.40940128e-01  2.94992875e-03 
 7.51696016e+06 -7.40938898e-01  3.12493353e-03 
 7.96291403e+06 -7.40937518e-01  3.31032000e-03 
 8.43532472e+06 -7.40935969e-01  3.50670393e-03 
 8.93576181e+06 -7.40934231e-01  3.71473760e-03 
 9.46588802e+06 -7.40932280e-01  3.93511197e-03 
 1.00274647e+07 -7.40930091e-01  4.16855893e-03 
 1.06223576e+07 -7.40927635e-01  4.41585377e-03 
 1.12525434e+07 -7.40924878e-01  4.67781772e-03 
 1.19201159e+07 -7.40921785e-01  4.95532065e-03 
 1.26272929e+07 -7.40918314e-01  5.24928401e-03 
 1.33764242e+07 -7.40914418e-01  5.56068378e-03 
 1.41699988e+07 -7.40910047e-01  5.89055378e-03 
 1.50106532e+07 -7.40905142e-01  6.23998902e-03 
 1.59011806e+07 -7.40899638e-01  6.61014935e-03 
 1.68445397e+07 -7.40893461e-01  7.00226324e-03 
 1.78438649e+07 -7.40886529e-01  7.41763185e-03 
 1.89024764e+07 -7.40878751e-01  7.85763330e-03 
 2.00238915e+07 -7.40870023e-01  8.32372718e-03 
 2.12118361e+07 -7.40860228e-01  8.81745933e-03 
 2.24702570e+07 -7.40849236e-01  9.34046689e-03 
 2.38033356e+07 -7.40836902e-01  9.89448368e-03 
 2.52155008e+07 -7.40823061e-01  1.04813458e-02 
 2.67114446e+07 -7.40807529e-01  1.11029975e-02 
 2.82961373e+07 -7.40790100e-01  1.17614978e-02 
 2.99748441e+07 -7.40770542e-01  1.24590268e-02 
 3.17531424e+07 -7.40748594e-01  1.31978927e-02 
 3.36369407e+07 -7.40723966e-01  1.39805393e-02 
 3.56324979e+07 -7.40696329e-01  1.48095541e-02 
 3.77464443e+07 -7.40665316e-01  1.56876758e-02 
 3.99858033e+07 -7.40630515e-01  1.66178035e-02 
 4.23580154e+07 -7.40591463e-01  1.76030055e-02 
 4.48709622e+07 -7.40547641e-01  1.86465291e-02 
 4.75329930e+07 -7.40498466e-01  1.97518102e-02 
 5.03529523e+07 -7.40443286e-01  2.09224842e-02 
 5.33402096e+07 -7.40381367e-01  2.21623966e-02 
 5.65046900e+07 -7.40311886e-01  2.34756147e-02 
 5.98569075e+07 -7.40233919e-01  2.48664395e-02 
 6.34079998e+07 -7.40146432e-01  2.63394179e-02 
 6.71697655e+07 -7.40048263e-01  2.78993559e-02 
 7.11547031e+07 -7.39938108e-01  2.95513315e-02 
 7.53760525e+07 -7.39814504e-01  3.13007088e-02 
 7.98478392e+07 -7.39675811e-01  3.31531517e-02 
 8.45849207e+07 -7.39520190e-01  3.51146383e-02 
 8.96030360e+07 -7.39345575e-01  3.71914756e-02 
 9.49188578e+07 -7.39149652e-01  3.93903135e-02 
 1.00550048e+08 -7.38929825e-01  4.17181600e-02 
 1.06515316e+08 -7.38683182e-01  4.41823945e-02 
 1.12834482e+08 -7.38406459e-01  4.67907821e-02 
 1.19528541e+08 -7.38095994e-01  4.95514857e-02 
 1.26619734e+08 -7.37747684e-01  5.24730783e-02 
 1.34131621e+08 -7.37356931e-01  5.55645524e-02 
 1.42089162e+08 -7.36918581e-01  5.88353278e-02 
 1.50518795e+08 -7.36426858e-01  6.22952564e-02 
 1.59448526e+08 -7.35875296e-01  6.59546232e-02 
 1.68908027e+08 -7.35256654e-01  6.98241425e-02 
 1.78928725e+08 -7.34562826e-01  7.39149486e-02 
 1.89543915e+08 -7.33784744e-01  7.82385780e-02 
 2.00788865e+08 -7.32912269e-01  8.28069441e-02 
 2.12700937e+08 -7.31934071e-01  8.76322988e-02 
 2.25319709e+08 -7.30837498e-01  9.27271821e-02 
 2.38687107e+08 -7.29608434e-01  9.81043538e-02 
 2.52847543e+08 -7.28231151e-01  1.03776706e-01 
 2.67848067e+08 -7.26688140e-01  1.09757153e-01 
 2.83738518e+08 -7.24959941e-01  1.16058489e-01 
 3.00571690e+08 -7.23024963e-01  1.22693218e-01 
 3.18403514e+08 -7.20859303e-01  1.29673343e-01 
 3.37293235e+08 -7.18436556e-01  1.37010109e-01 
 3.57303614e+08 -7.15727639e-01  1.44713698e-01 
 3.78501137e+08 -7.12700624e-01  1.52792870e-01 
 4.00956231e+08 -7.09320598e-01  1.61254533e-01 
 4.24743504e+08 -7.05549549e-01  1.70103262e-01 
 4.49941989e+08 -7.01346311e-01  1.79340729e-01 
 4.76635408e+08 -6.96666572e-01  1.88965080e-01 
 5.04912451e+08 -6.91462971e-01  1.98970228e-01 
 5.34867068e+08 -6.85685301e-01  2.09345095e-01 
 5.66598783e+08 -6.79280850e-01  2.20072798e-01 
 6.00213026e+08 -6.72194899e-01  2.31129803e-01 
 6.35821479e+08 -6.64371401e-01  2.42485070e-01 
 6.73542451e+08 -6.55753866e-01  2.54099234e-01 
 7.13501272e+08 -6.46286466e-01  2.65923841e-01 
 7.55830704e+08 -6.35915364e-01  2.77900719e-01 
 8.00671387e+08 -6.24590279e-01  2.89961514e-01 
 8.48172305e+08 -6.12266254e-01  3.02027479e-01 
 8.98491278e+08 -5.98905610e-01  3.14009567e-01 
 9.51795494e+08 -5.84480026e-01  3.25808896e-01 
 1.00826205e+09 -5.68972671e-01  3.37317656e-01 
 1.06807857e+09 -5.52380308e-01  3.48420481e-01 
 1.13144378e+09 -5.34715235e-01  3.58996340e-01 
 1.19856822e+09 -5.16006963e-01  3.68920913e-01 
 1.26967491e+09 -4.96303466e-01  3.78069440e-01 
 1.34500010e+09 -4.75671899e-01  3.86319948e-01 
 1.42479405e+09 -4.54198649e-01  3.93556750e-01 
 1.50932190e+09 -4.31988631e-01  3.99674050e-01 
 1.59886447e+09 -4.09163792e-01  4.04579475e-01 
 1.69371927e+09 -3.85860822e-01  4.08197332e-01 
 1.79420147e+09 -3.62228142e-01  4.10471377e-01 
 1.90064491e+09 -3.38422281e-01  4.11366920e-01 
 2.01340325e+09 -3.14603843e-01  4.10872123e-01 
 2.13285113e+09 -2.90933249e-01  4.08998386e-01 
 2.25938542e+09 -2.67566516e-01  4.05779814e-01 
 2.39342653e+09 -2.44651283e-01  4.01271787e-01 
 2.53541981e+09 -2.22323307e-01  3.95548751e-01 
 2.68583703e+09 -2.00703581e-01  3.88701386e-01 
 2.84517796e+09 -1.79896202e-01  3.80833328e-01 
 3.01397201e+09 -1.59987019e-01  3.72057672e-01 
 3.19277999e+09 -1.41043070e-01  3.62493432e-01 
 3.38219600e+09 -1.23112744e-01  3.52262156e-01 
 3.58284937e+09 -1.06226565e-01  3.41484835e-01 
 3.79540678e+09 -9.03984853e-02  3.30279204e-01 
 4.02057444e+09 -7.56275453e-02  3.18757516e-01 
 4.25910048e+09 -6.18997732e-02  3.07024807e-01 
 4.51177740e+09 -4.91901985e-02  2.95177636e-01 
 4.77944472e+09 -3.74648770e-02  2.83303282e-01 
 5.06299177e+09 -2.66828414e-02  2.71479346e-01 
 5.36336063e+09 -1.67979160e-02  2.59773684e-01 
 5.68154929e+09 -7.76035254e-03  2.48244620e-01 
 6.01861492e+09  4.81734761e-04  2.36941370e-01 
 6.37567742e+09  7.98114630e-03  2.25904619e-01 
 6.75392314e+09  1.47905813e-02  2.15167200e-01 
 7.15460881e+09  2.09618188e-02  2.04754828e-01 
 7.57906569e+09  2.65450783e-02  1.94686853e-01 
 8.02870406e+09  3.15885397e-02  1.84977015e-01 
 8.50501783e+09  3.61380019e-02  1.75634162e-01 
 9.00958956e+09  4.02366579e-02  1.66662933e-01 
 9.54409570e+09  4.39249662e-02  1.58064388e-01 
 1.01103121e+10  4.72406015e-02  1.49836579e-01 
 1.07101201e+10  5.02184659e-02  1.41975071e-01 
 1.13455126e+10  5.28907480e-02  1.34473397e-01 
 1.20186005e+10  5.52870175e-02  1.27323462e-01 
 1.27316203e+10  5.74343440e-02  1.20515897e-01 
 1.34869410e+10  5.93574333e-02  1.14040358e-01 
 1.42870721e+10  6.10787733e-02  1.07885787e-01 
 1.51346720e+10  6.26187846e-02  1.02040634e-01 
 1.60325570e+10  6.39959714e-02  9.64930397e-02 
 1.69837102e+10  6.52270708e-02  9.12309901e-02 
 1.79912919e+10  6.63271964e-02  8.62424454e-02 
 1.90586497e+10  6.73099761e-02  8.15154431e-02 
 2.01893300e+10  6.81876820e-02  7.70381821e-02 
 2.13870894e+10  6.89713528e-02  7.27990899e-02 
 2.26559075e+10  6.96709078e-02  6.87868745e-02 
 2.40000000e+10  7.02952520e-02  6.49905647e-02 
