 1.00000000e+06 -8.29868773e-01  8.26284941e-04 
 1.05932636e+06 -8.29868720e-01  8.75305388e-04 
 1.12217233e+06 -8.29868659e-01  9.27234035e-04 
 1.18874673e+06 -8.29868591e-01  9.82243413e-04 
 1.25927075e+06 -8.29868515e-01  1.04051629e-03 
 1.33397869e+06 -8.29868430e-01  1.10224627e-03 
 1.41311879e+06 -8.29868334e-01  1.16763846e-03 
 1.49695398e+06 -8.29868226e-01  1.23691012e-03 
 1.58576281e+06 -8.29868106e-01  1.31029140e-03 
 1.67984034e+06 -8.29867970e-01  1.38802610e-03 
 1.77949915e+06 -8.29867818e-01  1.47037250e-03 
 1.88507036e+06 -8.29867648e-01  1.55760418e-03 
 1.99690471e+06 -8.29867456e-01  1.65001097e-03 
 2.11537380e+06 -8.29867242e-01  1.74789989e-03 
 2.24087122e+06 -8.29867001e-01  1.85159615e-03 
 2.37381395e+06 -8.29866730e-01  1.96144429e-03 
 2.51464369e+06 -8.29866427e-01  2.07780925e-03 
 2.66382834e+06 -8.29866086e-01  2.20107765e-03 
 2.82186357e+06 -8.29865704e-01  2.33165903e-03 
 2.98927446e+06 -8.29865275e-01  2.46998723e-03 
 3.16661723e+06 -8.29864794e-01  2.61652181e-03 
 3.35448110e+06 -8.29864254e-01  2.77174961e-03 
 3.55349024e+06 -8.29863648e-01  2.93618635e-03 
 3.76430588e+06 -8.29862968e-01  3.11037831e-03 
 3.98762844e+06 -8.29862205e-01  3.29490420e-03 
 4.22419991e+06 -8.29861349e-01  3.49037705e-03 
 4.47480631e+06 -8.29860388e-01  3.69744625e-03 
 4.74028027e+06 -8.29859310e-01  3.91679971e-03 
 5.02150383e+06 -8.29858100e-01  4.14916613e-03 
 5.31941137e+06 -8.29856742e-01  4.39531742e-03 
 5.63499267e+06 -8.29855218e-01  4.65607129e-03 
 5.96929627e+06 -8.29853508e-01  4.93229393e-03 
 6.32343288e+06 -8.29851589e-01  5.22490288e-03 
 6.69857912e+06 -8.29849436e-01  5.53487011e-03 
 7.09598142e+06 -8.29847020e-01  5.86322520e-03 
 7.51696016e+06 -8.29844308e-01  6.21105878e-03 
 7.96291403e+06 -8.29841265e-01  6.57952613e-03 
 8.43532472e+06 -8.29837851e-01  6.96985102e-03 
 8.93576181e+06 -8.29834019e-01  7.38332973e-03 
 9.46588802e+06 -8.29829719e-01  7.82133539e-03 
 1.00274647e+07 -8.29824894e-01  8.28532248e-03 
 1.06223576e+07 -8.29819480e-01  8.77683165e-03 
 1.12525434e+07 -8.29813404e-01  9.29749483e-03 
 1.19201159e+07 -8.29806585e-01  9.84904060e-03 
 1.26272929e+07 -8.29798934e-01  1.04332999e-02 
 1.33764242e+07 -8.29790348e-01  1.10522120e-02 
 1.41699988e+07 -8.29780714e-01  1.17078310e-02 
 1.50106532e+07 -8.29769902e-01  1.24023326e-02 
 1.59011806e+07 -8.29757769e-01  1.31380211e-02 
 1.68445397e+07 -8.29744155e-01  1.39173371e-02 
 1.78438649e+07 -8.29728877e-01  1.47428654e-02 
 1.89024764e+07 -8.29711733e-01  1.56173434e-02 
 2.00238915e+07 -8.29692496e-01  1.65436704e-02 
 2.12118361e+07 -8.29670908e-01  1.75249166e-02 
 2.24702570e+07 -8.29646683e-01  1.85643332e-02 
 2.38033356e+07 -8.29619500e-01  1.96653631e-02 
 2.52155008e+07 -8.29588996e-01  2.08316518e-02 
 2.67114446e+07 -8.29554768e-01  2.20670595e-02 
 2.82961373e+07 -8.29516358e-01  2.33756729e-02 
 2.99748441e+07 -8.29473259e-01  2.47618188e-02 
 3.17531424e+07 -8.29424896e-01  2.62300774e-02 
 3.36369407e+07 -8.29370627e-01  2.77852972e-02 
 3.56324979e+07 -8.29309733e-01  2.94326099e-02 
 3.77464443e+07 -8.29241403e-01  3.11774464e-02 
 3.99858033e+07 -8.29164732e-01  3.30255538e-02 
 4.23580154e+07 -8.29078702e-01  3.49830127e-02 
 4.48709622e+07 -8.28982171e-01  3.70562559e-02 
 4.75329930e+07 -8.28873858e-01  3.92520874e-02 
 5.03529523e+07 -8.28752329e-01  4.15777029e-02 
 5.33402096e+07 -8.28615971e-01  4.40407101e-02 
 5.65046900e+07 -8.28462979e-01  4.66491509e-02 
 5.98569075e+07 -8.28291326e-01  4.94115239e-02 
 6.34079998e+07 -8.28098741e-01  5.23368073e-02 
 6.71697655e+07 -8.27882676e-01  5.54344831e-02 
 7.11547031e+07 -8.27640277e-01  5.87145615e-02 
 7.53760525e+07 -8.27368340e-01  6.21876056e-02 
 7.98478392e+07 -8.27063278e-01  6.58647568e-02 
 8.45849207e+07 -8.26721068e-01  6.97577598e-02 
 8.96030360e+07 -8.26337206e-01  7.38789878e-02 
 9.49188578e+07 -8.25906640e-01  7.82414671e-02 
 1.00550048e+08 -8.25423717e-01  8.28589005e-02 
 1.06515316e+08 -8.24882103e-01  8.77456897e-02 
 1.12834482e+08 -8.24274707e-01  9.29169553e-02 
 1.19528541e+08 -8.23593592e-01  9.83885548e-02 
 1.26619734e+08 -8.22829879e-01  1.04177096e-01 
 1.34131621e+08 -8.21973634e-01  1.10299948e-01 
 1.42089162e+08 -8.21013752e-01  1.16775241e-01 
 1.50518795e+08 -8.19937822e-01  1.23621868e-01 
 1.59448526e+08 -8.18731979e-01  1.30859468e-01 
 1.68908027e+08 -8.17380748e-01  1.38508404e-01 
 1.78928725e+08 -8.15866860e-01  1.46589724e-01 
 1.89543915e+08 -8.14171066e-01  1.55125111e-01 
 2.00788865e+08 -8.12271922e-01  1.64136806e-01 
 2.12700937e+08 -8.10145564e-01  1.73647516e-01 
 2.25319709e+08 -8.07765456e-01  1.83680282e-01 
 2.38687107e+08 -8.05102135e-01  1.94258333e-01 
 2.52847543e+08 -8.02122920e-01  2.05404881e-01 
 2.67848067e+08 -7.98791623e-01  2.17142882e-01 
 2.83738518e+08 -7.95068234e-01  2.29494747e-01 
 3.00571690e+08 -7.90908600e-01  2.42481986e-01 
 3.18403514e+08 -7.86264104e-01  2.56124782e-01 
 3.37293235e+08 -7.81081339e-01  2.70441494e-01 
 3.57303614e+08 -7.75301796e-01  2.85448065e-01 
 3.78501137e+08 -7.68861578e-01  3.01157332e-01 
 4.00956231e+08 -7.61691149e-01  3.17578227e-01 
 4.24743504e+08 -7.53715142e-01  3.34714861e-01 
 4.49941989e+08 -7.44852246e-01  3.52565481e-01 
 4.76635408e+08 -7.35015203e-01  3.71121292e-01 
 5.04912451e+08 -7.24110951e-01  3.90365145e-01 
 5.34867068e+08 -7.12040933e-01  4.10270100e-01 
 5.66598783e+08 -6.98701650e-01  4.30797861e-01 
 6.00213026e+08 -6.83985466e-01  4.51897113e-01 
 6.35821479e+08 -6.67781750e-01  4.73501789e-01 
 6.73542451e+08 -6.49978388e-01  4.95529318e-01 
 7.13501272e+08 -6.30463723e-01  5.17878903e-01 
 7.55830704e+08 -6.09128971e-01  5.40429933e-01 
 8.00671387e+08 -5.85871138e-01  5.63040610e-01 
 8.48172305e+08 -5.60596469e-01  5.85546933e-01 
 8.98491278e+08 -5.33224402e-01  6.07762175e-01 
 9.51795494e+08 -5.03691992e-01  6.29477010e-01 
 1.00826205e+09 -4.71958722e-01  6.50460469e-01 
 1.06807857e+09 -4.38011542e-01  6.70461872e-01 
 1.13144378e+09 -4.01869960e-01  6.89213907e-01 
 1.19856822e+09 -3.63590922e-01  7.06436945e-01 
 1.26967491e+09 -3.23273167e-01  7.21844658e-01 
 1.34500010e+09 -2.81060724e-01  7.35150913e-01 
 1.42479405e+09 -2.37145172e-01  7.46077817e-01 
 1.50932190e+09 -1.91766300e-01  7.54364692e-01 
 1.59886447e+09 -1.45210875e-01  7.59777617e-01 
 1.69371927e+09 -9.78092497e-02  7.62119090e-01 
 1.79420147e+09 -4.99297392e-02  7.61237282e-01 
 1.90064491e+09 -1.97077640e-03  7.57034274e-01 
 2.01340325e+09  4.56489191e-02  7.49472707e-01 
 2.13285113e+09  9.25017847e-02  7.38580310e-01 
 2.25938542e+09  1.38163927e-01  7.24451873e-01 
 2.39342653e+09  1.82228047e-01  7.07248430e-01 
 2.53541981e+09  2.24316062e-01  6.87193540e-01 
 2.68583703e+09  2.64090697e-01  6.64566843e-01 
 2.84517796e+09  3.01265386e-01  6.39695189e-01 
 3.01397201e+09  3.35611940e-01  6.12941853e-01 
 3.19277999e+09  3.66965609e-01  5.84694461e-01 
 3.38219600e+09  3.95227321e-01  5.55352319e-01 
 3.58284937e+09  4.20363126e-01  5.25313845e-01 
 3.79540678e+09  4.42401006e-01  4.94964771e-01 
 4.02057444e+09  4.61425407e-01  4.64667678e-01 
 4.25910048e+09  4.77569945e-01  4.34753302e-01 
 4.51177740e+09  4.91008831e-01  4.05513912e-01 
 4.77944472e+09  5.01947574e-01  3.77198877e-01 
 5.06299177e+09  5.10613510e-01  3.50012417e-01 
 5.36336063e+09  5.17246666e-01  3.24113380e-01 
 5.68154929e+09  5.22091347e-01  2.99616791e-01 
 6.01861492e+09  5.25388781e-01  2.76596852e-01 
 6.37567742e+09  5.27371007e-01  2.55091006e-01 
 6.75392314e+09  5.28256098e-01  2.35104720e-01 
 7.15460881e+09  5.28244715e-01  2.16616616e-01 
 7.57906569e+09  5.27517920e-01  1.99583644e-01 
 8.02870406e+09  5.26236095e-01  1.83946071e-01 
 8.50501783e+09  5.24538794e-01  1.69632064e-01 
 9.00958956e+09  5.22545350e-01  1.56561772e-01 
 9.54409570e+09  5.20356029e-01  1.44650827e-01 
 1.01103121e+10  5.18053578e-01  1.33813243e-01 
 1.07101201e+10  5.15704989e-01  1.23963728e-01 
 1.13455126e+10  5.13363371e-01  1.15019464e-01 
 1.20186005e+10  5.11069819e-01  1.06901399e-01 
 1.27316203e+10  5.08855215e-01  9.95351262e-02 
 1.34869410e+10  5.06741897e-01  9.28514305e-02 
 1.42870721e+10  5.04745180e-01  8.67865465e-02 
 1.51346720e+10  5.02874707e-01  8.12822127e-02 
 1.60325570e+10  5.01135617e-01  7.62855627e-02 
 1.69837102e+10  4.99529562e-01  7.17489030e-02 
 1.79912919e+10  4.98055548e-01  6.76294149e-02 
 1.90586497e+10  4.96710648e-01  6.38888102e-02 
 2.01893300e+10  4.95490582e-01  6.04929640e-02 
 2.13870894e+10  4.94390184e-01  5.74115414e-02 
 2.26559075e+10  4.93403784e-01  5.46176312e-02 
 2.40000000e+10  4.92525500e-01  5.20873942e-02 
