 0.00000000e+00 -2.77555756e-17 
 2.00000000e-11  2.58223341e-04 
 4.00000000e-11  2.53480247e-04 
 6.00000000e-11  1.82606169e-04 
 8.00000000e-11  8.93755056e-05 
 1.00000000e-10 -1.40133489e-05 
 1.20000000e-10 -1.25013262e-04 
 1.40000000e-10 -2.42168933e-04 
 1.60000000e-10 -3.64337182e-04 
 1.80000000e-10 -4.90585305e-04 
 2.00000000e-10 -6.20143990e-04 
 2.20000000e-10 -7.52382537e-04 
 2.40000000e-10 -8.86777923e-04 
 2.60000000e-10 -1.02290142e-03 
 2.80000000e-10 -1.16039492e-03 
 3.00000000e-10 -1.29896500e-03 
 3.20000000e-10 -1.43836398e-03 
 3.40000000e-10 -1.57838909e-03 
 3.60000000e-10 -1.71886662e-03 
 3.80000000e-10 -1.85965454e-03 
 4.00000000e-10 -2.00062866e-03 
 4.20000000e-10 -2.14168766e-03 
 4.40000000e-10 -2.28274055e-03 
 4.60000000e-10 -2.42371324e-03 
 4.80000000e-10 -2.56453702e-03 
 5.00000000e-10 -2.70515607e-03 
 5.20000000e-10 -2.84551658e-03 
 5.40000000e-10 -2.98557498e-03 
 5.60000000e-10 -3.12528749e-03 
 5.80000000e-10 -3.26461876e-03 
 6.00000000e-10 -3.40353173e-03 
 6.20000000e-10 -3.54199655e-03 
 6.40000000e-10 -3.67998074e-03 
 6.60000000e-10 -3.81745813e-03 
 6.80000000e-10 -3.95439934e-03 
 7.00000000e-10 -4.09078068e-03 
 7.20000000e-10 -4.22657489e-03 
 7.40000000e-10 -4.36175994e-03 
 7.60000000e-10 -4.49631006e-03 
 7.80000000e-10 -4.63020436e-03 
 8.00000000e-10 -4.76341809e-03 
 8.20000000e-10 -4.89593115e-03 
 8.40000000e-10 -5.02771954e-03 
 8.60000000e-10 -5.15876372e-03 
 8.80000000e-10 -5.28904025e-03 
 9.00000000e-10 -5.41852998e-03 
 9.20000000e-10 -5.54720992e-03 
 9.40000000e-10 -5.67506121e-03 
 9.60000000e-10 -5.80206124e-03 
 9.80000000e-10 -5.92819138e-03 
 1.00000000e-09 -6.05342935e-03 
 1.02000000e-09 -6.17775670e-03 
 1.04000000e-09 -6.30115147e-03 
 1.06000000e-09 -6.42359539e-03 
 1.08000000e-09 -6.54506678e-03 
 1.10000000e-09 -6.66554752e-03 
 1.12000000e-09 -6.78501625e-03 
 1.14000000e-09 -6.90345500e-03 
 1.16000000e-09 -7.02084271e-03 
 1.18000000e-09 -7.13716158e-03 
 1.20000000e-09 -7.25239084e-03 
 1.22000000e-09 -7.36651289e-03 
 1.24000000e-09 -7.47950726e-03 
 1.26000000e-09 -7.59135656e-03 
 1.28000000e-09 -7.70204062e-03 
 1.30000000e-09 -7.81154228e-03 
 1.32000000e-09 -7.91984170e-03 
 1.34000000e-09 -8.02692195e-03 
 1.36000000e-09 -8.13276354e-03 
 1.38000000e-09 -8.23734979e-03 
 1.40000000e-09 -8.34066158e-03 
 1.42000000e-09 -8.44268250e-03 
 1.44000000e-09 -8.54339380e-03 
 1.46000000e-09 -8.64277936e-03 
 1.48000000e-09 -8.74082083e-03 
 1.50000000e-09 -8.83750241e-03 
 1.52000000e-09 -8.93280615e-03 
 1.54000000e-09 -9.02671659e-03 
 1.56000000e-09 -9.11921621e-03 
 1.58000000e-09 -9.21028988e-03 
 1.60000000e-09 -9.29992056e-03 
 1.62000000e-09 -9.38809348e-03 
 1.64000000e-09 -9.47479205e-03 
 1.66000000e-09 -9.56000192e-03 
 1.68000000e-09 -9.64370697e-03 
 1.70000000e-09 -9.72589326e-03 
 1.72000000e-09 -9.80654518e-03 
 1.74000000e-09 -9.88564922e-03 
 1.76000000e-09 -9.96319029e-03 
 1.78000000e-09 -1.00391553e-02 
 1.80000000e-09 -1.01135298e-02 
 1.82000000e-09 -1.01863011e-02 
 1.84000000e-09 -1.02574552e-02 
 1.86000000e-09 -1.03269801e-02 
 1.88000000e-09 -1.03948622e-02 
 1.90000000e-09 -1.04610902e-02 
 1.92000000e-09 -1.05256510e-02 
 1.94000000e-09 -1.05885337e-02 
 1.96000000e-09 -1.06497259e-02 
 1.98000000e-09 -1.07092173e-02 
 2.00000000e-09 -1.07669962e-02 
 2.02000000e-09 -1.08230526e-02 
 2.04000000e-09 -1.08773757e-02 
 2.06000000e-09 -1.09299559e-02 
 2.08000000e-09 -1.09807830e-02 
 2.10000000e-09 -1.10298483e-02 
 2.12000000e-09 -1.10771420e-02 
 2.14000000e-09 -1.11226560e-02 
 2.16000000e-09 -1.11663813e-02 
 2.18000000e-09 -1.12083105e-02 
 2.20000000e-09 -1.12484351e-02 
 2.22000000e-09 -1.12867483e-02 
 2.24000000e-09 -1.13232425e-02 
 2.26000000e-09 -1.13579115e-02 
 2.28000000e-09 -1.13907483e-02 
 2.30000000e-09 -1.14217474e-02 
 2.32000000e-09 -1.14509026e-02 
 2.34000000e-09 -1.14782090e-02 
 2.36000000e-09 -1.15036612e-02 
 2.38000000e-09 -1.15272548e-02 
 2.40000000e-09 -1.15489852e-02 
 2.42000000e-09 -1.15688489e-02 
 2.44000000e-09 -1.15868418e-02 
 2.46000000e-09 -1.16029611e-02 
 2.48000000e-09 -1.16172036e-02 
 2.50000000e-09 -1.16295671e-02 
 2.52000000e-09 -1.16400490e-02 
 2.54000000e-09 -1.16486481e-02 
 2.56000000e-09 -1.16553624e-02 
 2.58000000e-09 -1.16601913e-02 
 2.60000000e-09 -1.16631337e-02 
 2.62000000e-09 -1.16641896e-02 
 2.64000000e-09 -1.16633587e-02 
 2.66000000e-09 -1.16606418e-02 
 2.68000000e-09 -1.16560392e-02 
 2.70000000e-09 -1.16495524e-02 
 2.72000000e-09 -1.16411826e-02 
 2.74000000e-09 -1.16309318e-02 
 2.76000000e-09 -1.16188020e-02 
 2.78000000e-09 -1.16047961e-02 
 2.80000000e-09 -1.15889165e-02 
 2.82000000e-09 -1.15711669e-02 
 2.84000000e-09 -1.15515507e-02 
 2.86000000e-09 -1.15300720e-02 
 2.88000000e-09 -1.15067349e-02 
 2.90000000e-09 -1.14815443e-02 
 2.92000000e-09 -1.14545050e-02 
 2.94000000e-09 -1.14256225e-02 
 2.96000000e-09 -1.13949024e-02 
 2.98000000e-09 -1.13623509e-02 
 3.00000000e-09 -1.13279740e-02 
 3.02000000e-09 -1.12917788e-02 
 3.04000000e-09 -1.12537721e-02 
 3.06000000e-09 -1.12139613e-02 
 3.08000000e-09 -1.11723541e-02 
 3.10000000e-09 -1.11289585e-02 
 3.12000000e-09 -1.10837827e-02 
 3.14000000e-09 -1.10368355e-02 
 3.16000000e-09 -1.09881257e-02 
 3.18000000e-09 -1.09376626e-02 
 3.20000000e-09 -1.08854557e-02 
 3.22000000e-09 -1.08315150e-02 
 3.24000000e-09 -1.07758503e-02 
 3.26000000e-09 -1.07184724e-02 
 3.28000000e-09 -1.06593918e-02 
 3.30000000e-09 -1.05986196e-02 
 3.32000000e-09 -1.05361669e-02 
 3.34000000e-09 -1.04720455e-02 
 3.36000000e-09 -1.04062670e-02 
 3.38000000e-09 -1.03388436e-02 
 3.40000000e-09 -1.02697876e-02 
 3.42000000e-09 -1.01991117e-02 
 3.44000000e-09 -1.01268286e-02 
 3.46000000e-09 -1.00529515e-02 
 3.48000000e-09 -9.97749363e-03 
 3.50000000e-09 -9.90046876e-03 
 3.52000000e-09 -9.82189054e-03 
 3.54000000e-09 -9.74177316e-03 
 3.56000000e-09 -9.66013075e-03 
 3.58000000e-09 -9.57697793e-03 
 3.60000000e-09 -9.49232929e-03 
 3.62000000e-09 -9.40619988e-03 
 3.64000000e-09 -9.31860470e-03 
 3.66000000e-09 -9.22955919e-03 
 3.68000000e-09 -9.13907878e-03 
 3.70000000e-09 -9.04717930e-03 
 3.72000000e-09 -8.95387654e-03 
 3.74000000e-09 -8.85918670e-03 
 3.76000000e-09 -8.76312597e-03 
 3.78000000e-09 -8.66571088e-03 
 3.80000000e-09 -8.56695797e-03 
 3.82000000e-09 -8.46688411e-03 
 3.84000000e-09 -8.36550617e-03 
 3.86000000e-09 -8.26284134e-03 
 3.88000000e-09 -8.15890679e-03 
 3.90000000e-09 -8.05372003e-03 
 3.92000000e-09 -7.94729853e-03 
 3.94000000e-09 -7.83966007e-03 
 3.96000000e-09 -7.73082242e-03 
 3.98000000e-09 -7.62080361e-03 
 4.00000000e-09 -7.50962168e-03 
 4.02000000e-09 -7.39729494e-03 
 4.04000000e-09 -7.28384164e-03 
 4.06000000e-09 -7.16928035e-03 
 4.08000000e-09 -7.05362956e-03 
 4.10000000e-09 -6.93690805e-03 
 4.12000000e-09 -6.81913455e-03 
 4.14000000e-09 -6.70032803e-03 
 4.16000000e-09 -6.58050744e-03 
 4.18000000e-09 -6.45969195e-03 
 4.20000000e-09 -6.33790070e-03 
 4.22000000e-09 -6.21515305e-03 
 4.24000000e-09 -6.09146830e-03 
 4.26000000e-09 -5.96686600e-03 
 4.28000000e-09 -5.84136564e-03 
 4.30000000e-09 -5.71498689e-03 
 4.32000000e-09 -5.58774941e-03 
 4.34000000e-09 -5.45967304e-03 
 4.36000000e-09 -5.33077758e-03 
 4.38000000e-09 -5.20108299e-03 
 4.40000000e-09 -5.07060922e-03 
 4.42000000e-09 -4.93937636e-03 
 4.44000000e-09 -4.80740449e-03 
 4.46000000e-09 -4.67471383e-03 
 4.48000000e-09 -4.54132455e-03 
 4.50000000e-09 -4.40725699e-03 
 4.52000000e-09 -4.27253145e-03 
 4.54000000e-09 -4.13716836e-03 
 4.56000000e-09 -4.00118811e-03 
 4.58000000e-09 -3.86461123e-03 
 4.60000000e-09 -3.72745822e-03 
 4.62000000e-09 -3.58974969e-03 
 4.64000000e-09 -3.45150622e-03 
 4.66000000e-09 -3.31274851e-03 
 4.68000000e-09 -3.17349721e-03 
 4.70000000e-09 -3.03377309e-03 
 4.72000000e-09 -2.89359689e-03 
 4.74000000e-09 -2.75298945e-03 
 4.76000000e-09 -2.61197156e-03 
 4.78000000e-09 -2.47056413e-03 
 4.80000000e-09 -2.32878802e-03 
 4.82000000e-09 -2.18666419e-03 
 4.84000000e-09 -2.04421356e-03 
 4.86000000e-09 -1.90145714e-03 
 4.88000000e-09 -1.75841590e-03 
 4.90000000e-09 -1.61511091e-03 
 4.92000000e-09 -1.47156317e-03 
 4.94000000e-09 -1.32779380e-03 
 4.96000000e-09 -1.18382385e-03 
 4.98000000e-09 -1.03967446e-03 
 5.00000000e-09 -8.95366743e-04 
 5.02000000e-09 -7.50921859e-04 
 5.04000000e-09 -6.06360948e-04 
 5.06000000e-09 -4.61705211e-04 
 5.08000000e-09 -3.16975814e-04 
 5.10000000e-09 -1.72193984e-04 
 5.12000000e-09 -2.73809114e-05 
 5.14000000e-09  1.17442156e-04 
 5.16000000e-09  2.62254006e-04 
 5.18000000e-09  4.07033375e-04 
 5.20000000e-09  5.51759032e-04 
 5.22000000e-09  6.96409704e-04 
 5.24000000e-09  8.40964147e-04 
 5.26000000e-09  9.85401078e-04 
 5.28000000e-09  1.12969925e-03 
 5.30000000e-09  1.27383737e-03 
 5.32000000e-09  1.41779420e-03 
 5.34000000e-09  1.56154845e-03 
 5.36000000e-09  1.70507886e-03 
 5.38000000e-09  1.84836417e-03 
 5.40000000e-09  1.99138313e-03 
 5.42000000e-09  2.13411449e-03 
 5.44000000e-09  2.27653700e-03 
 5.46000000e-09  2.41862944e-03 
 5.48000000e-09  2.56037058e-03 
 5.50000000e-09  2.70173923e-03 
 5.52000000e-09  2.84271419e-03 
 5.54000000e-09  2.98327427e-03 
 5.56000000e-09  3.12339835e-03 
 5.58000000e-09  3.26306525e-03 
 5.60000000e-09  3.40225390e-03 
 5.62000000e-09  3.54094317e-03 
 5.64000000e-09  3.67911202e-03 
 5.66000000e-09  3.81673941e-03 
 5.68000000e-09  3.95380434e-03 
 5.70000000e-09  4.09028582e-03 
 5.72000000e-09  4.22616293e-03 
 5.74000000e-09  4.36141476e-03 
 5.76000000e-09  4.49602046e-03 
 5.78000000e-09  4.62995920e-03 
 5.80000000e-09  4.76321022e-03 
 5.82000000e-09  4.89575279e-03 
 5.84000000e-09  5.02756624e-03 
 5.86000000e-09  5.15862994e-03 
 5.88000000e-09  5.28892334e-03 
 5.90000000e-09  5.41842592e-03 
 5.92000000e-09  5.54711726e-03 
 5.94000000e-09  5.67497696e-03 
 5.96000000e-09  5.80198473e-03 
 5.98000000e-09  5.92812032e-03 
 6.00000000e-09  6.05336358e-03 
 6.02000000e-09  6.17769443e-03 
 6.04000000e-09  6.30109287e-03 
 6.06000000e-09  6.42353898e-03 
 6.08000000e-09  6.54501295e-03 
 6.10000000e-09  6.66549504e-03 
 6.12000000e-09  6.78496563e-03 
 6.14000000e-09  6.90340517e-03 
 6.16000000e-09  7.02079426e-03 
 6.18000000e-09  7.13711357e-03 
 6.20000000e-09  7.25234391e-03 
 6.22000000e-09  7.36646617e-03 
 6.24000000e-09  7.47946141e-03 
 6.26000000e-09  7.59131078e-03 
 6.28000000e-09  7.70199558e-03 
 6.30000000e-09  7.81149723e-03 
 6.32000000e-09  7.91979730e-03 
 6.34000000e-09  8.02687750e-03 
 6.36000000e-09  8.13271970e-03 
 6.38000000e-09  8.23730589e-03 
 6.40000000e-09  8.34061824e-03 
 6.42000000e-09  8.44263910e-03 
 6.44000000e-09  8.54335095e-03 
 6.46000000e-09  8.64273645e-03 
 6.48000000e-09  8.74077847e-03 
 6.50000000e-09  8.83746001e-03 
 6.52000000e-09  8.93276429e-03 
 6.54000000e-09  9.02667471e-03 
 6.56000000e-09  9.11917486e-03 
 6.58000000e-09  9.21024854e-03 
 6.60000000e-09  9.29987975e-03 
 6.62000000e-09  9.38805270e-03 
 6.64000000e-09  9.47475181e-03 
 6.66000000e-09  9.55996173e-03 
 6.68000000e-09  9.64366732e-03 
 6.70000000e-09  9.72585368e-03 
 6.72000000e-09  9.80650614e-03 
 6.74000000e-09  9.88561027e-03 
 6.76000000e-09  9.96315188e-03 
 6.78000000e-09  1.00391170e-02 
 6.80000000e-09  1.01134920e-02 
 6.82000000e-09  1.01862634e-02 
 6.84000000e-09  1.02574181e-02 
 6.86000000e-09  1.03269431e-02 
 6.88000000e-09  1.03948259e-02 
 6.90000000e-09  1.04610539e-02 
 6.92000000e-09  1.05256153e-02 
 6.94000000e-09  1.05884981e-02 
 6.96000000e-09  1.06496910e-02 
 6.98000000e-09  1.07091825e-02 
 7.00000000e-09  1.07669620e-02 
 7.02000000e-09  1.08230186e-02 
 7.04000000e-09  1.08773422e-02 
 7.06000000e-09  1.09299226e-02 
 7.08000000e-09  1.09807503e-02 
 7.10000000e-09  1.10298157e-02 
 7.12000000e-09  1.10771100e-02 
 7.14000000e-09  1.11226242e-02 
 7.16000000e-09  1.11663501e-02 
 7.18000000e-09  1.12082795e-02 
 7.20000000e-09  1.12484046e-02 
 7.22000000e-09  1.12867181e-02 
 7.24000000e-09  1.13232128e-02 
 7.26000000e-09  1.13578821e-02 
 7.28000000e-09  1.13907194e-02 
 7.30000000e-09  1.14217188e-02 
 7.32000000e-09  1.14508745e-02 
 7.34000000e-09  1.14781811e-02 
 7.36000000e-09  1.15036338e-02 
 7.38000000e-09  1.15272277e-02 
 7.40000000e-09  1.15489586e-02 
 7.42000000e-09  1.15688225e-02 
 7.44000000e-09  1.15868159e-02 
 7.46000000e-09  1.16029355e-02 
 7.48000000e-09  1.16171784e-02 
 7.50000000e-09  1.16295422e-02 
 7.52000000e-09  1.16400246e-02 
 7.54000000e-09  1.16486240e-02 
 7.56000000e-09  1.16553387e-02 
 7.58000000e-09  1.16601679e-02 
 7.60000000e-09  1.16631108e-02 
 7.62000000e-09  1.16641670e-02 
 7.64000000e-09  1.16633366e-02 
 7.66000000e-09  1.16606199e-02 
 7.68000000e-09  1.16560178e-02 
 7.70000000e-09  1.16495312e-02 
 7.72000000e-09  1.16411618e-02 
 7.74000000e-09  1.16309113e-02 
 7.76000000e-09  1.16187820e-02 
 7.78000000e-09  1.16047763e-02 
 7.80000000e-09  1.15888971e-02 
 7.82000000e-09  1.15711479e-02 
 7.84000000e-09  1.15515320e-02 
 7.86000000e-09  1.15300536e-02 
 7.88000000e-09  1.15067169e-02 
 7.90000000e-09  1.14815265e-02 
 7.92000000e-09  1.14544876e-02 
 7.94000000e-09  1.14256054e-02 
 7.96000000e-09  1.13948857e-02 
 7.98000000e-09  1.13623344e-02 
 8.00000000e-09  1.13279579e-02 
 8.02000000e-09  1.12917630e-02 
 8.04000000e-09  1.12537566e-02 
 8.06000000e-09  1.12139461e-02 
 8.08000000e-09  1.11723392e-02 
 8.10000000e-09  1.11289439e-02 
 8.12000000e-09  1.10837684e-02 
 8.14000000e-09  1.10368215e-02 
 8.16000000e-09  1.09881120e-02 
 8.18000000e-09  1.09376492e-02 
 8.20000000e-09  1.08854426e-02 
 8.22000000e-09  1.08315021e-02 
 8.24000000e-09  1.07758377e-02 
 8.26000000e-09  1.07184601e-02 
 8.28000000e-09  1.06593797e-02 
 8.30000000e-09  1.05986078e-02 
 8.32000000e-09  1.05361554e-02 
 8.34000000e-09  1.04720342e-02 
 8.36000000e-09  1.04062560e-02 
 8.38000000e-09  1.03388328e-02 
 8.40000000e-09  1.02697771e-02 
 8.42000000e-09  1.01991014e-02 
 8.44000000e-09  1.01268185e-02 
 8.46000000e-09  1.00529416e-02 
 8.48000000e-09  9.97748405e-03 
 8.50000000e-09  9.90045938e-03 
 8.52000000e-09  9.82188142e-03 
 8.54000000e-09  9.74176422e-03 
 8.56000000e-09  9.66012206e-03 
 8.58000000e-09  9.57696943e-03 
 8.60000000e-09  9.49232103e-03 
 8.62000000e-09  9.40619180e-03 
 8.64000000e-09  9.31859685e-03 
 8.66000000e-09  9.22955152e-03 
 8.68000000e-09  9.13907134e-03 
 8.70000000e-09  9.04717202e-03 
 8.72000000e-09  8.95386948e-03 
 8.74000000e-09  8.85917981e-03 
 8.76000000e-09  8.76311929e-03 
 8.78000000e-09  8.66570436e-03 
 8.80000000e-09  8.56695165e-03 
 8.82000000e-09  8.46687795e-03 
 8.84000000e-09  8.36550020e-03 
 8.86000000e-09  8.26283551e-03 
 8.88000000e-09  8.15890116e-03 
 8.90000000e-09  8.05371454e-03 
 8.92000000e-09  7.94729322e-03 
 8.94000000e-09  7.83965491e-03 
 8.96000000e-09  7.73081743e-03 
 8.98000000e-09  7.62079875e-03 
 9.00000000e-09  7.50961699e-03 
 9.02000000e-09  7.39729037e-03 
 9.04000000e-09  7.28383724e-03 
 9.06000000e-09  7.16927607e-03 
 9.08000000e-09  7.05362544e-03 
 9.10000000e-09  6.93690405e-03 
 9.12000000e-09  6.81913069e-03 
 9.14000000e-09  6.70032429e-03 
 9.16000000e-09  6.58050385e-03 
 9.18000000e-09  6.45968847e-03 
 9.20000000e-09  6.33789736e-03 
 9.22000000e-09  6.21514981e-03 
 9.24000000e-09  6.09146520e-03 
 9.26000000e-09  5.96686300e-03 
 9.28000000e-09  5.84136276e-03 
 9.30000000e-09  5.71498411e-03 
 9.32000000e-09  5.58774675e-03 
 9.34000000e-09  5.45967048e-03 
 9.36000000e-09  5.33077513e-03 
 9.38000000e-09  5.20108063e-03 
 9.40000000e-09  5.07060697e-03 
 9.42000000e-09  4.93937420e-03 
 9.44000000e-09  4.80740243e-03 
 9.46000000e-09  4.67471185e-03 
 9.48000000e-09  4.54132267e-03 
 9.50000000e-09  4.40725519e-03 
 9.52000000e-09  4.27252975e-03 
 9.54000000e-09  4.13716672e-03 
 9.56000000e-09  4.00118657e-03 
 9.58000000e-09  3.86460976e-03 
 9.60000000e-09  3.72745684e-03 
 9.62000000e-09  3.58974838e-03 
 9.64000000e-09  3.45150499e-03 
 9.66000000e-09  3.31274734e-03 
 9.68000000e-09  3.17349612e-03 
 9.70000000e-09  3.03377206e-03 
 9.72000000e-09  2.89359594e-03 
 9.74000000e-09  2.75298855e-03 
 9.76000000e-09  2.61197074e-03 
 9.78000000e-09  2.47056336e-03 
 9.80000000e-09  2.32878732e-03 
 9.82000000e-09  2.18666354e-03 
 9.84000000e-09  2.04421297e-03 
 9.86000000e-09  1.90145660e-03 
 9.88000000e-09  1.75841543e-03 
 9.90000000e-09  1.61511048e-03 
 9.92000000e-09  1.47156280e-03 
 9.94000000e-09  1.32779347e-03 
 9.96000000e-09  1.18382358e-03 
 9.98000000e-09  1.03967423e-03 
 1.00000000e-08  8.95366562e-04 
 1.00200000e-08  7.50921716e-04 
 1.00400000e-08  6.06360854e-04 
 1.00600000e-08  4.61705152e-04 
 1.00800000e-08  3.16975802e-04 
 1.01000000e-08  1.72194004e-04 
 1.01200000e-08  2.73809751e-05 
 1.01400000e-08 -1.17442061e-04 
 1.01600000e-08 -2.62253870e-04 
 1.01800000e-08 -4.07033210e-04 
 1.02000000e-08 -5.51758830e-04 
 1.02200000e-08 -6.96409474e-04 
 1.02400000e-08 -8.40963881e-04 
 1.02600000e-08 -9.85400787e-04 
 1.02800000e-08 -1.12969893e-03 
 1.03000000e-08 -1.27383703e-03 
 1.03200000e-08 -1.41779382e-03 
 1.03400000e-08 -1.56154805e-03 
 1.03600000e-08 -1.70507843e-03 
 1.03800000e-08 -1.84836372e-03 
 1.04000000e-08 -1.99138266e-03 
 1.04200000e-08 -2.13411399e-03 
 1.04400000e-08 -2.27653648e-03 
 1.04600000e-08 -2.41862890e-03 
 1.04800000e-08 -2.56037002e-03 
 1.05000000e-08 -2.70173865e-03 
 1.05200000e-08 -2.84271359e-03 
 1.05400000e-08 -2.98327366e-03 
 1.05600000e-08 -3.12339772e-03 
 1.05800000e-08 -3.26306461e-03 
 1.06000000e-08 -3.40225324e-03 
 1.06200000e-08 -3.54094250e-03 
 1.06400000e-08 -3.67911134e-03 
 1.06600000e-08 -3.81673871e-03 
 1.06800000e-08 -3.95380363e-03 
 1.07000000e-08 -4.09028510e-03 
 1.07200000e-08 -4.22616220e-03 
 1.07400000e-08 -4.36141402e-03 
 1.07600000e-08 -4.49601970e-03 
 1.07800000e-08 -4.62995844e-03 
 1.08000000e-08 -4.76320945e-03 
 1.08200000e-08 -4.89575201e-03 
 1.08400000e-08 -5.02756545e-03 
 1.08600000e-08 -5.15862915e-03 
 1.08800000e-08 -5.28892254e-03 
 1.09000000e-08 -5.41842512e-03 
 1.09200000e-08 -5.54711645e-03 
 1.09400000e-08 -5.67497615e-03 
 1.09600000e-08 -5.80198391e-03 
 1.09800000e-08 -5.92811950e-03 
 1.10000000e-08 -6.05336275e-03 
 1.10200000e-08 -6.17769360e-03 
 1.10400000e-08 -6.30109203e-03 
 1.10600000e-08 -6.42353815e-03 
 1.10800000e-08 -6.54501211e-03 
 1.11000000e-08 -6.66549420e-03 
 1.11200000e-08 -6.78496479e-03 
 1.11400000e-08 -6.90340434e-03 
 1.11600000e-08 -7.02079342e-03 
 1.11800000e-08 -7.13711273e-03 
 1.12000000e-08 -7.25234307e-03 
 1.12200000e-08 -7.36646533e-03 
 1.12400000e-08 -7.47946057e-03 
 1.12600000e-08 -7.59130994e-03 
 1.12800000e-08 -7.70199474e-03 
 1.13000000e-08 -7.81149639e-03 
 1.13200000e-08 -7.91979647e-03 
 1.13400000e-08 -8.02687667e-03 
 1.13600000e-08 -8.13271887e-03 
 1.13800000e-08 -8.23730506e-03 
 1.14000000e-08 -8.34061742e-03 
 1.14200000e-08 -8.44263828e-03 
 1.14400000e-08 -8.54335013e-03 
 1.14600000e-08 -8.64273565e-03 
 1.14800000e-08 -8.74077766e-03 
 1.15000000e-08 -8.83745921e-03 
 1.15200000e-08 -8.93276349e-03 
 1.15400000e-08 -9.02667391e-03 
 1.15600000e-08 -9.11917407e-03 
 1.15800000e-08 -9.21024776e-03 
 1.16000000e-08 -9.29987897e-03 
 1.16200000e-08 -9.38805192e-03 
 1.16400000e-08 -9.47475104e-03 
 1.16600000e-08 -9.55996096e-03 
 1.16800000e-08 -9.64366656e-03 
 1.17000000e-08 -9.72585293e-03 
 1.17200000e-08 -9.80650539e-03 
 1.17400000e-08 -9.88560953e-03 
 1.17600000e-08 -9.96315114e-03 
 1.17800000e-08 -1.00391163e-02 
 1.18000000e-08 -1.01134913e-02 
 1.18200000e-08 -1.01862627e-02 
 1.18400000e-08 -1.02574174e-02 
 1.18600000e-08 -1.03269424e-02 
 1.18800000e-08 -1.03948252e-02 
 1.19000000e-08 -1.04610532e-02 
 1.19200000e-08 -1.05256146e-02 
 1.19400000e-08 -1.05884975e-02 
 1.19600000e-08 -1.06496903e-02 
 1.19800000e-08 -1.07091819e-02 
 1.20000000e-08 -1.07669613e-02 
 1.20200000e-08 -1.08230180e-02 
 1.20400000e-08 -1.08773415e-02 
 1.20600000e-08 -1.09299220e-02 
 1.20800000e-08 -1.09807496e-02 
 1.21000000e-08 -1.10298151e-02 
 1.21200000e-08 -1.10771094e-02 
 1.21400000e-08 -1.11226236e-02 
 1.21600000e-08 -1.11663495e-02 
 1.21800000e-08 -1.12082789e-02 
 1.22000000e-08 -1.12484040e-02 
 1.22200000e-08 -1.12867175e-02 
 1.22400000e-08 -1.13232123e-02 
 1.22600000e-08 -1.13578815e-02 
 1.22800000e-08 -1.13907188e-02 
 1.23000000e-08 -1.14217182e-02 
 1.23200000e-08 -1.14508739e-02 
 1.23400000e-08 -1.14781806e-02 
 1.23600000e-08 -1.15036332e-02 
 1.23800000e-08 -1.15272272e-02 
 1.24000000e-08 -1.15489581e-02 
 1.24200000e-08 -1.15688220e-02 
 1.24400000e-08 -1.15868154e-02 
 1.24600000e-08 -1.16029350e-02 
 1.24800000e-08 -1.16171780e-02 
 1.25000000e-08 -1.16295417e-02 
 1.25200000e-08 -1.16400242e-02 
 1.25400000e-08 -1.16486235e-02 
 1.25600000e-08 -1.16553383e-02 
 1.25800000e-08 -1.16601675e-02 
 1.26000000e-08 -1.16631103e-02 
 1.26200000e-08 -1.16641665e-02 
 1.26400000e-08 -1.16633361e-02 
 1.26600000e-08 -1.16606195e-02 
 1.26800000e-08 -1.16560174e-02 
 1.27000000e-08 -1.16495308e-02 
 1.27200000e-08 -1.16411614e-02 
 1.27400000e-08 -1.16309110e-02 
 1.27600000e-08 -1.16187816e-02 
 1.27800000e-08 -1.16047759e-02 
 1.28000000e-08 -1.15888968e-02 
 1.28200000e-08 -1.15711475e-02 
 1.28400000e-08 -1.15515317e-02 
 1.28600000e-08 -1.15300532e-02 
 1.28800000e-08 -1.15067165e-02 
 1.29000000e-08 -1.14815262e-02 
 1.29200000e-08 -1.14544873e-02 
 1.29400000e-08 -1.14256051e-02 
 1.29600000e-08 -1.13948854e-02 
 1.29800000e-08 -1.13623341e-02 
 1.30000000e-08 -1.13279576e-02 
 1.30200000e-08 -1.12917627e-02 
 1.30400000e-08 -1.12537563e-02 
 1.30600000e-08 -1.12139458e-02 
 1.30800000e-08 -1.11723389e-02 
 1.31000000e-08 -1.11289436e-02 
 1.31200000e-08 -1.10837681e-02 
 1.31400000e-08 -1.10368212e-02 
 1.31600000e-08 -1.09881117e-02 
 1.31800000e-08 -1.09376489e-02 
 1.32000000e-08 -1.08854423e-02 
 1.32200000e-08 -1.08315018e-02 
 1.32400000e-08 -1.07758375e-02 
 1.32600000e-08 -1.07184598e-02 
 1.32800000e-08 -1.06593795e-02 
 1.33000000e-08 -1.05986075e-02 
 1.33200000e-08 -1.05361552e-02 
 1.33400000e-08 -1.04720340e-02 
 1.33600000e-08 -1.04062558e-02 
 1.33800000e-08 -1.03388326e-02 
 1.34000000e-08 -1.02697769e-02 
 1.34200000e-08 -1.01991012e-02 
 1.34400000e-08 -1.01268183e-02 
 1.34600000e-08 -1.00529414e-02 
 1.34800000e-08 -9.97748387e-03 
 1.35000000e-08 -9.90045920e-03 
 1.35200000e-08 -9.82188124e-03 
 1.35400000e-08 -9.74176405e-03 
 1.35600000e-08 -9.66012189e-03 
 1.35800000e-08 -9.57696927e-03 
 1.36000000e-08 -9.49232088e-03 
 1.36200000e-08 -9.40619165e-03 
 1.36400000e-08 -9.31859670e-03 
 1.36600000e-08 -9.22955138e-03 
 1.36800000e-08 -9.13907120e-03 
 1.37000000e-08 -9.04717188e-03 
 1.37200000e-08 -8.95386935e-03 
 1.37400000e-08 -8.85917968e-03 
 1.37600000e-08 -8.76311916e-03 
 1.37800000e-08 -8.66570424e-03 
 1.38000000e-08 -8.56695153e-03 
 1.38200000e-08 -8.46687783e-03 
 1.38400000e-08 -8.36550008e-03 
 1.38600000e-08 -8.26283540e-03 
 1.38800000e-08 -8.15890105e-03 
 1.39000000e-08 -8.05371444e-03 
 1.39200000e-08 -7.94729312e-03 
 1.39400000e-08 -7.83965481e-03 
 1.39600000e-08 -7.73081733e-03 
 1.39800000e-08 -7.62079866e-03 
 1.40000000e-08 -7.50961691e-03 
 1.40200000e-08 -7.39729029e-03 
 1.40400000e-08 -7.28383716e-03 
 1.40600000e-08 -7.16927599e-03 
 1.40800000e-08 -7.05362536e-03 
 1.41000000e-08 -6.93690397e-03 
 1.41200000e-08 -6.81913062e-03 
 1.41400000e-08 -6.70032422e-03 
 1.41600000e-08 -6.58050378e-03 
 1.41800000e-08 -6.45968840e-03 
 1.42000000e-08 -6.33789729e-03 
 1.42200000e-08 -6.21514975e-03 
 1.42400000e-08 -6.09146514e-03 
 1.42600000e-08 -5.96686294e-03 
 1.42800000e-08 -5.84136270e-03 
 1.43000000e-08 -5.71498406e-03 
 1.43200000e-08 -5.58774670e-03 
 1.43400000e-08 -5.45967043e-03 
 1.43600000e-08 -5.33077508e-03 
 1.43800000e-08 -5.20108058e-03 
 1.44000000e-08 -5.07060692e-03 
 1.44200000e-08 -4.93937416e-03 
 1.44400000e-08 -4.80740239e-03 
 1.44600000e-08 -4.67471181e-03 
 1.44800000e-08 -4.54132264e-03 
 1.45000000e-08 -4.40725516e-03 
 1.45200000e-08 -4.27252971e-03 
 1.45400000e-08 -4.13716669e-03 
 1.45600000e-08 -4.00118654e-03 
 1.45800000e-08 -3.86460974e-03 
 1.46000000e-08 -3.72745682e-03 
 1.46200000e-08 -3.58974836e-03 
 1.46400000e-08 -3.45150497e-03 
 1.46600000e-08 -3.31274732e-03 
 1.46800000e-08 -3.17349610e-03 
 1.47000000e-08 -3.03377204e-03 
 1.47200000e-08 -2.89359592e-03 
 1.47400000e-08 -2.75298854e-03 
 1.47600000e-08 -2.61197072e-03 
 1.47800000e-08 -2.47056335e-03 
 1.48000000e-08 -2.32878731e-03 
 1.48200000e-08 -2.18666353e-03 
 1.48400000e-08 -2.04421296e-03 
 1.48600000e-08 -1.90145659e-03 
 1.48800000e-08 -1.75841542e-03 
 1.49000000e-08 -1.61511047e-03 
 1.49200000e-08 -1.47156279e-03 
 1.49400000e-08 -1.32779346e-03 
 1.49600000e-08 -1.18382357e-03 
 1.49800000e-08 -1.03967423e-03 
 1.50000000e-08 -8.95366558e-04 
 1.50200000e-08 -7.50921713e-04 
 1.50400000e-08 -6.06360852e-04 
 1.50600000e-08 -4.61705151e-04 
 1.50800000e-08 -3.16975801e-04 
 1.51000000e-08 -1.72194005e-04 
 1.51200000e-08 -2.73809763e-05 
 1.51400000e-08  1.17442059e-04 
 1.51600000e-08  2.62253868e-04 
 1.51800000e-08  4.07033207e-04 
 1.52000000e-08  5.51758826e-04 
 1.52200000e-08  6.96409469e-04 
 1.52400000e-08  8.40963876e-04 
 1.52600000e-08  9.85400782e-04 
 1.52800000e-08  1.12969892e-03 
 1.53000000e-08  1.27383702e-03 
 1.53200000e-08  1.41779382e-03 
 1.53400000e-08  1.56154804e-03 
 1.53600000e-08  1.70507843e-03 
 1.53800000e-08  1.84836371e-03 
 1.54000000e-08  1.99138265e-03 
 1.54200000e-08  2.13411398e-03 
 1.54400000e-08  2.27653647e-03 
 1.54600000e-08  2.41862889e-03 
 1.54800000e-08  2.56037001e-03 
 1.55000000e-08  2.70173864e-03 
 1.55200000e-08  2.84271358e-03 
 1.55400000e-08  2.98327365e-03 
 1.55600000e-08  3.12339770e-03 
 1.55800000e-08  3.26306460e-03 
 1.56000000e-08  3.40225322e-03 
 1.56200000e-08  3.54094249e-03 
 1.56400000e-08  3.67911132e-03 
 1.56600000e-08  3.81673870e-03 
 1.56800000e-08  3.95380361e-03 
 1.57000000e-08  4.09028508e-03 
 1.57200000e-08  4.22616218e-03 
 1.57400000e-08  4.36141400e-03 
 1.57600000e-08  4.49601969e-03 
 1.57800000e-08  4.62995843e-03 
 1.58000000e-08  4.76320944e-03 
 1.58200000e-08  4.89575200e-03 
 1.58400000e-08  5.02756544e-03 
 1.58600000e-08  5.15862913e-03 
 1.58800000e-08  5.28892252e-03 
 1.59000000e-08  5.41842510e-03 
 1.59200000e-08  5.54711643e-03 
 1.59400000e-08  5.67497613e-03 
 1.59600000e-08  5.80198389e-03 
 1.59800000e-08  5.92811948e-03 
 1.60000000e-08  6.05336274e-03 
 1.60200000e-08  6.17769358e-03 
 1.60400000e-08  6.30109202e-03 
 1.60600000e-08  6.42353813e-03 
 1.60800000e-08  6.54501210e-03 
 1.61000000e-08  6.66549419e-03 
 1.61200000e-08  6.78496477e-03 
 1.61400000e-08  6.90340432e-03 
 1.61600000e-08  7.02079341e-03 
 1.61800000e-08  7.13711272e-03 
 1.62000000e-08  7.25234305e-03 
 1.62200000e-08  7.36646532e-03 
 1.62400000e-08  7.47946055e-03 
 1.62600000e-08  7.59130993e-03 
 1.62800000e-08  7.70199473e-03 
 1.63000000e-08  7.81149638e-03 
 1.63200000e-08  7.91979645e-03 
 1.63400000e-08  8.02687666e-03 
 1.63600000e-08  8.13271885e-03 
 1.63800000e-08  8.23730505e-03 
 1.64000000e-08  8.34061741e-03 
 1.64200000e-08  8.44263827e-03 
 1.64400000e-08  8.54335012e-03 
 1.64600000e-08  8.64273563e-03 
 1.64800000e-08  8.74077765e-03 
 1.65000000e-08  8.83745919e-03 
 1.65200000e-08  8.93276348e-03 
 1.65400000e-08  9.02667390e-03 
 1.65600000e-08  9.11917406e-03 
 1.65800000e-08  9.21024774e-03 
 1.66000000e-08  9.29987896e-03 
 1.66200000e-08  9.38805191e-03 
 1.66400000e-08  9.47475103e-03 
 1.66600000e-08  9.55996095e-03 
 1.66800000e-08  9.64366655e-03 
 1.67000000e-08  9.72585291e-03 
 1.67200000e-08  9.80650538e-03 
 1.67400000e-08  9.88560952e-03 
 1.67600000e-08  9.96315113e-03 
 1.67800000e-08  1.00391163e-02 
 1.68000000e-08  1.01134913e-02 
 1.68200000e-08  1.01862627e-02 
 1.68400000e-08  1.02574174e-02 
 1.68600000e-08  1.03269424e-02 
 1.68800000e-08  1.03948251e-02 
 1.69000000e-08  1.04610532e-02 
 1.69200000e-08  1.05256146e-02 
 1.69400000e-08  1.05884975e-02 
 1.69600000e-08  1.06496903e-02 
 1.69800000e-08  1.07091819e-02 
 1.70000000e-08  1.07669613e-02 
 1.70200000e-08  1.08230179e-02 
 1.70400000e-08  1.08773415e-02 
 1.70600000e-08  1.09299220e-02 
 1.70800000e-08  1.09807496e-02 
 1.71000000e-08  1.10298151e-02 
 1.71200000e-08  1.10771094e-02 
 1.71400000e-08  1.11226236e-02 
 1.71600000e-08  1.11663495e-02 
 1.71800000e-08  1.12082789e-02 
 1.72000000e-08  1.12484040e-02 
 1.72200000e-08  1.12867175e-02 
 1.72400000e-08  1.13232122e-02 
 1.72600000e-08  1.13578815e-02 
 1.72800000e-08  1.13907188e-02 
 1.73000000e-08  1.14217182e-02 
 1.73200000e-08  1.14508739e-02 
 1.73400000e-08  1.14781806e-02 
 1.73600000e-08  1.15036332e-02 
 1.73800000e-08  1.15272271e-02 
 1.74000000e-08  1.15489581e-02 
 1.74200000e-08  1.15688220e-02 
 1.74400000e-08  1.15868154e-02 
 1.74600000e-08  1.16029350e-02 
 1.74800000e-08  1.16171780e-02 
 1.75000000e-08  1.16295417e-02 
 1.75200000e-08  1.16400242e-02 
 1.75400000e-08  1.16486235e-02 
 1.75600000e-08  1.16553383e-02 
 1.75800000e-08  1.16601674e-02 
 1.76000000e-08  1.16631103e-02 
 1.76200000e-08  1.16641665e-02 
 1.76400000e-08  1.16633361e-02 
 1.76600000e-08  1.16606195e-02 
 1.76800000e-08  1.16560173e-02 
 1.77000000e-08  1.16495308e-02 
 1.77200000e-08  1.16411614e-02 
 1.77400000e-08  1.16309109e-02 
 1.77600000e-08  1.16187816e-02 
 1.77800000e-08  1.16047759e-02 
 1.78000000e-08  1.15888968e-02 
 1.78200000e-08  1.15711475e-02 
 1.78400000e-08  1.15515316e-02 
 1.78600000e-08  1.15300532e-02 
 1.78800000e-08  1.15067165e-02 
 1.79000000e-08  1.14815262e-02 
 1.79200000e-08  1.14544873e-02 
 1.79400000e-08  1.14256051e-02 
 1.79600000e-08  1.13948854e-02 
 1.79800000e-08  1.13623341e-02 
 1.80000000e-08  1.13279576e-02 
 1.80200000e-08  1.12917627e-02 
 1.80400000e-08  1.12537563e-02 
 1.80600000e-08  1.12139458e-02 
 1.80800000e-08  1.11723389e-02 
 1.81000000e-08  1.11289436e-02 
 1.81200000e-08  1.10837681e-02 
 1.81400000e-08  1.10368212e-02 
 1.81600000e-08  1.09881117e-02 
 1.81800000e-08  1.09376489e-02 
 1.82000000e-08  1.08854423e-02 
 1.82200000e-08  1.08315018e-02 
 1.82400000e-08  1.07758375e-02 
 1.82600000e-08  1.07184598e-02 
 1.82800000e-08  1.06593795e-02 
 1.83000000e-08  1.05986075e-02 
 1.83200000e-08  1.05361552e-02 
 1.83400000e-08  1.04720340e-02 
 1.83600000e-08  1.04062558e-02 
 1.83800000e-08  1.03388326e-02 
 1.84000000e-08  1.02697769e-02 
 1.84200000e-08  1.01991012e-02 
 1.84400000e-08  1.01268183e-02 
 1.84600000e-08  1.00529414e-02 
 1.84800000e-08  9.97748387e-03 
 1.85000000e-08  9.90045919e-03 
 1.85200000e-08  9.82188124e-03 
 1.85400000e-08  9.74176405e-03 
 1.85600000e-08  9.66012189e-03 
 1.85800000e-08  9.57696926e-03 
 1.86000000e-08  9.49232087e-03 
 1.86200000e-08  9.40619164e-03 
 1.86400000e-08  9.31859670e-03 
 1.86600000e-08  9.22955137e-03 
 1.86800000e-08  9.13907119e-03 
 1.87000000e-08  9.04717188e-03 
 1.87200000e-08  8.95386934e-03 
 1.87400000e-08  8.85917968e-03 
 1.87600000e-08  8.76311916e-03 
 1.87800000e-08  8.66570424e-03 
 1.88000000e-08  8.56695153e-03 
 1.88200000e-08  8.46687783e-03 
 1.88400000e-08  8.36550008e-03 
 1.88600000e-08  8.26283540e-03 
 1.88800000e-08  8.15890105e-03 
 1.89000000e-08  8.05371444e-03 
 1.89200000e-08  7.94729312e-03 
 1.89400000e-08  7.83965481e-03 
 1.89600000e-08  7.73081733e-03 
 1.89800000e-08  7.62079866e-03 
 1.90000000e-08  7.50961690e-03 
 1.90200000e-08  7.39729029e-03 
 1.90400000e-08  7.28383716e-03 
 1.90600000e-08  7.16927599e-03 
 1.90800000e-08  7.05362536e-03 
 1.91000000e-08  6.93690397e-03 
 1.91200000e-08  6.81913062e-03 
 1.91400000e-08  6.70032422e-03 
 1.91600000e-08  6.58050378e-03 
 1.91800000e-08  6.45968840e-03 
 1.92000000e-08  6.33789729e-03 
 1.92200000e-08  6.21514974e-03 
 1.92400000e-08  6.09146514e-03 
 1.92600000e-08  5.96686294e-03 
 1.92800000e-08  5.84136270e-03 
 1.93000000e-08  5.71498405e-03 
 1.93200000e-08  5.58774670e-03 
 1.93400000e-08  5.45967043e-03 
 1.93600000e-08  5.33077508e-03 
 1.93800000e-08  5.20108058e-03 
 1.94000000e-08  5.07060692e-03 
 1.94200000e-08  4.93937416e-03 
 1.94400000e-08  4.80740239e-03 
 1.94600000e-08  4.67471181e-03 
 1.94800000e-08  4.54132263e-03 
 1.95000000e-08  4.40725516e-03 
 1.95200000e-08  4.27252971e-03 
 1.95400000e-08  4.13716669e-03 
 1.95600000e-08  4.00118654e-03 
 1.95800000e-08  3.86460974e-03 
 1.96000000e-08  3.72745682e-03 
 1.96200000e-08  3.58974835e-03 
 1.96400000e-08  3.45150497e-03 
 1.96600000e-08  3.31274732e-03 
 1.96800000e-08  3.17349610e-03 
 1.97000000e-08  3.03377204e-03 
 1.97200000e-08  2.89359592e-03 
 1.97400000e-08  2.75298853e-03 
 1.97600000e-08  2.61197072e-03 
 1.97800000e-08  2.47056334e-03 
 1.98000000e-08  2.32878731e-03 
 1.98200000e-08  2.18666353e-03 
 1.98400000e-08  2.04421296e-03 
 1.98600000e-08  1.90145659e-03 
 1.98800000e-08  1.75841542e-03 
 1.99000000e-08  1.61511047e-03 
 1.99200000e-08  1.47156279e-03 
 1.99400000e-08  1.32779346e-03 
 1.99600000e-08  1.18382357e-03 
 1.99800000e-08  1.03967423e-03 
 2.00000000e-08  8.95366558e-04 
 2.00200000e-08  7.50921713e-04 
 2.00400000e-08  6.06360852e-04 
 2.00600000e-08  4.61705151e-04 
 2.00800000e-08  3.16975801e-04 
 2.01000000e-08  1.72194005e-04 
 2.01200000e-08  2.73809763e-05 
 2.01400000e-08 -1.17442059e-04 
 2.01600000e-08 -2.62253868e-04 
 2.01800000e-08 -4.07033207e-04 
 2.02000000e-08 -5.51758826e-04 
 2.02200000e-08 -6.96409469e-04 
 2.02400000e-08 -8.40963876e-04 
 2.02600000e-08 -9.85400782e-04 
 2.02800000e-08 -1.12969892e-03 
 2.03000000e-08 -1.27383702e-03 
 2.03200000e-08 -1.41779382e-03 
 2.03400000e-08 -1.56154804e-03 
 2.03600000e-08 -1.70507843e-03 
 2.03800000e-08 -1.84836371e-03 
 2.04000000e-08 -1.99138265e-03 
 2.04200000e-08 -2.13411398e-03 
 2.04400000e-08 -2.27653647e-03 
 2.04600000e-08 -2.41862889e-03 
 2.04800000e-08 -2.56037001e-03 
 2.05000000e-08 -2.70173864e-03 
 2.05200000e-08 -2.84271358e-03 
 2.05400000e-08 -2.98327365e-03 
 2.05600000e-08 -3.12339770e-03 
 2.05800000e-08 -3.26306460e-03 
 2.06000000e-08 -3.40225322e-03 
 2.06200000e-08 -3.54094249e-03 
 2.06400000e-08 -3.67911132e-03 
 2.06600000e-08 -3.81673870e-03 
 2.06800000e-08 -3.95380361e-03 
 2.07000000e-08 -4.09028508e-03 
 2.07200000e-08 -4.22616218e-03 
 2.07400000e-08 -4.36141400e-03 
 2.07600000e-08 -4.49601969e-03 
 2.07800000e-08 -4.62995843e-03 
 2.08000000e-08 -4.76320944e-03 
 2.08200000e-08 -4.89575200e-03 
 2.08400000e-08 -5.02756544e-03 
 2.08600000e-08 -5.15862913e-03 
 2.08800000e-08 -5.28892252e-03 
 2.09000000e-08 -5.41842510e-03 
 2.09200000e-08 -5.54711643e-03 
 2.09400000e-08 -5.67497613e-03 
 2.09600000e-08 -5.80198389e-03 
 2.09800000e-08 -5.92811948e-03 
 2.10000000e-08 -6.05336274e-03 
 2.10200000e-08 -6.17769358e-03 
 2.10400000e-08 -6.30109202e-03 
 2.10600000e-08 -6.42353813e-03 
 2.10800000e-08 -6.54501209e-03 
 2.11000000e-08 -6.66549419e-03 
 2.11200000e-08 -6.78496477e-03 
 2.11400000e-08 -6.90340432e-03 
 2.11600000e-08 -7.02079341e-03 
 2.11800000e-08 -7.13711272e-03 
 2.12000000e-08 -7.25234305e-03 
 2.12200000e-08 -7.36646531e-03 
 2.12400000e-08 -7.47946055e-03 
 2.12600000e-08 -7.59130993e-03 
 2.12800000e-08 -7.70199473e-03 
 2.13000000e-08 -7.81149638e-03 
 2.13200000e-08 -7.91979645e-03 
 2.13400000e-08 -8.02687666e-03 
 2.13600000e-08 -8.13271885e-03 
 2.13800000e-08 -8.23730505e-03 
 2.14000000e-08 -8.34061741e-03 
 2.14200000e-08 -8.44263827e-03 
 2.14400000e-08 -8.54335012e-03 
 2.14600000e-08 -8.64273563e-03 
 2.14800000e-08 -8.74077765e-03 
 2.15000000e-08 -8.83745919e-03 
 2.15200000e-08 -8.93276348e-03 
 2.15400000e-08 -9.02667390e-03 
 2.15600000e-08 -9.11917406e-03 
 2.15800000e-08 -9.21024774e-03 
 2.16000000e-08 -9.29987896e-03 
 2.16200000e-08 -9.38805191e-03 
 2.16400000e-08 -9.47475103e-03 
 2.16600000e-08 -9.55996095e-03 
 2.16800000e-08 -9.64366655e-03 
 2.17000000e-08 -9.72585291e-03 
 2.17200000e-08 -9.80650538e-03 
 2.17400000e-08 -9.88560952e-03 
 2.17600000e-08 -9.96315113e-03 
 2.17800000e-08 -1.00391163e-02 
 2.18000000e-08 -1.01134913e-02 
 2.18200000e-08 -1.01862627e-02 
 2.18400000e-08 -1.02574174e-02 
 2.18600000e-08 -1.03269424e-02 
 2.18800000e-08 -1.03948251e-02 
 2.19000000e-08 -1.04610532e-02 
 2.19200000e-08 -1.05256146e-02 
 2.19400000e-08 -1.05884975e-02 
 2.19600000e-08 -1.06496903e-02 
 2.19800000e-08 -1.07091819e-02 
 2.20000000e-08 -1.07669613e-02 
 2.20200000e-08 -1.08230179e-02 
 2.20400000e-08 -1.08773415e-02 
 2.20600000e-08 -1.09299220e-02 
 2.20800000e-08 -1.09807496e-02 
 2.21000000e-08 -1.10298151e-02 
 2.21200000e-08 -1.10771094e-02 
 2.21400000e-08 -1.11226236e-02 
 2.21600000e-08 -1.11663495e-02 
 2.21800000e-08 -1.12082789e-02 
 2.22000000e-08 -1.12484040e-02 
 2.22200000e-08 -1.12867175e-02 
 2.22400000e-08 -1.13232122e-02 
 2.22600000e-08 -1.13578815e-02 
 2.22800000e-08 -1.13907188e-02 
 2.23000000e-08 -1.14217182e-02 
 2.23200000e-08 -1.14508739e-02 
 2.23400000e-08 -1.14781806e-02 
 2.23600000e-08 -1.15036332e-02 
 2.23800000e-08 -1.15272271e-02 
 2.24000000e-08 -1.15489581e-02 
 2.24200000e-08 -1.15688220e-02 
 2.24400000e-08 -1.15868154e-02 
 2.24600000e-08 -1.16029350e-02 
 2.24800000e-08 -1.16171780e-02 
 2.25000000e-08 -1.16295417e-02 
 2.25200000e-08 -1.16400242e-02 
 2.25400000e-08 -1.16486235e-02 
 2.25600000e-08 -1.16553383e-02 
 2.25800000e-08 -1.16601674e-02 
 2.26000000e-08 -1.16631103e-02 
 2.26200000e-08 -1.16641665e-02 
 2.26400000e-08 -1.16633361e-02 
 2.26600000e-08 -1.16606195e-02 
 2.26800000e-08 -1.16560173e-02 
 2.27000000e-08 -1.16495308e-02 
 2.27200000e-08 -1.16411614e-02 
 2.27400000e-08 -1.16309109e-02 
 2.27600000e-08 -1.16187816e-02 
 2.27800000e-08 -1.16047759e-02 
 2.28000000e-08 -1.15888968e-02 
 2.28200000e-08 -1.15711475e-02 
 2.28400000e-08 -1.15515316e-02 
 2.28600000e-08 -1.15300532e-02 
 2.28800000e-08 -1.15067165e-02 
 2.29000000e-08 -1.14815262e-02 
 2.29200000e-08 -1.14544873e-02 
 2.29400000e-08 -1.14256051e-02 
 2.29600000e-08 -1.13948854e-02 
 2.29800000e-08 -1.13623341e-02 
 2.30000000e-08 -1.13279576e-02 
 2.30200000e-08 -1.12917627e-02 
 2.30400000e-08 -1.12537563e-02 
 2.30600000e-08 -1.12139458e-02 
 2.30800000e-08 -1.11723389e-02 
 2.31000000e-08 -1.11289436e-02 
 2.31200000e-08 -1.10837681e-02 
 2.31400000e-08 -1.10368212e-02 
 2.31600000e-08 -1.09881117e-02 
 2.31800000e-08 -1.09376489e-02 
 2.32000000e-08 -1.08854423e-02 
 2.32200000e-08 -1.08315018e-02 
 2.32400000e-08 -1.07758375e-02 
 2.32600000e-08 -1.07184598e-02 
 2.32800000e-08 -1.06593795e-02 
 2.33000000e-08 -1.05986075e-02 
 2.33200000e-08 -1.05361552e-02 
 2.33400000e-08 -1.04720340e-02 
 2.33600000e-08 -1.04062558e-02 
 2.33800000e-08 -1.03388326e-02 
 2.34000000e-08 -1.02697769e-02 
 2.34200000e-08 -1.01991012e-02 
 2.34400000e-08 -1.01268183e-02 
 2.34600000e-08 -1.00529414e-02 
 2.34800000e-08 -9.97748387e-03 
 2.35000000e-08 -9.90045919e-03 
 2.35200000e-08 -9.82188124e-03 
 2.35400000e-08 -9.74176405e-03 
 2.35600000e-08 -9.66012189e-03 
 2.35800000e-08 -9.57696926e-03 
 2.36000000e-08 -9.49232087e-03 
 2.36200000e-08 -9.40619164e-03 
 2.36400000e-08 -9.31859670e-03 
 2.36600000e-08 -9.22955137e-03 
 2.36800000e-08 -9.13907119e-03 
 2.37000000e-08 -9.04717188e-03 
 2.37200000e-08 -8.95386934e-03 
 2.37400000e-08 -8.85917968e-03 
 2.37600000e-08 -8.76311916e-03 
 2.37800000e-08 -8.66570424e-03 
 2.38000000e-08 -8.56695153e-03 
 2.38200000e-08 -8.46687783e-03 
 2.38400000e-08 -8.36550008e-03 
 2.38600000e-08 -8.26283540e-03 
 2.38800000e-08 -8.15890105e-03 
 2.39000000e-08 -8.05371444e-03 
 2.39200000e-08 -7.94729312e-03 
 2.39400000e-08 -7.83965481e-03 
 2.39600000e-08 -7.73081733e-03 
 2.39800000e-08 -7.62079866e-03 
 2.40000000e-08 -7.50961690e-03 
 2.40200000e-08 -7.39729029e-03 
 2.40400000e-08 -7.28383716e-03 
 2.40600000e-08 -7.16927599e-03 
 2.40800000e-08 -7.05362536e-03 
 2.41000000e-08 -6.93690397e-03 
 2.41200000e-08 -6.81913062e-03 
 2.41400000e-08 -6.70032422e-03 
 2.41600000e-08 -6.58050378e-03 
 2.41800000e-08 -6.45968840e-03 
 2.42000000e-08 -6.33789729e-03 
 2.42200000e-08 -6.21514974e-03 
 2.42400000e-08 -6.09146514e-03 
 2.42600000e-08 -5.96686294e-03 
 2.42800000e-08 -5.84136270e-03 
 2.43000000e-08 -5.71498405e-03 
 2.43200000e-08 -5.58774670e-03 
 2.43400000e-08 -5.45967043e-03 
 2.43600000e-08 -5.33077508e-03 
 2.43800000e-08 -5.20108058e-03 
 2.44000000e-08 -5.07060692e-03 
 2.44200000e-08 -4.93937416e-03 
 2.44400000e-08 -4.80740239e-03 
 2.44600000e-08 -4.67471181e-03 
 2.44800000e-08 -4.54132263e-03 
 2.45000000e-08 -4.40725516e-03 
 2.45200000e-08 -4.27252971e-03 
 2.45400000e-08 -4.13716669e-03 
 2.45600000e-08 -4.00118654e-03 
 2.45800000e-08 -3.86460974e-03 
 2.46000000e-08 -3.72745682e-03 
 2.46200000e-08 -3.58974835e-03 
 2.46400000e-08 -3.45150497e-03 
 2.46600000e-08 -3.31274732e-03 
 2.46800000e-08 -3.17349610e-03 
 2.47000000e-08 -3.03377204e-03 
 2.47200000e-08 -2.89359592e-03 
 2.47400000e-08 -2.75298853e-03 
 2.47600000e-08 -2.61197072e-03 
 2.47800000e-08 -2.47056334e-03 
 2.48000000e-08 -2.32878731e-03 
 2.48200000e-08 -2.18666353e-03 
 2.48400000e-08 -2.04421296e-03 
 2.48600000e-08 -1.90145659e-03 
 2.48800000e-08 -1.75841542e-03 
 2.49000000e-08 -1.61511047e-03 
 2.49200000e-08 -1.47156279e-03 
 2.49400000e-08 -1.32779346e-03 
 2.49600000e-08 -1.18382357e-03 
 2.49800000e-08 -1.03967423e-03 
 2.50000000e-08 -8.95366558e-04 
 2.50200000e-08 -7.50921713e-04 
 2.50400000e-08 -6.06360852e-04 
 2.50600000e-08 -4.61705151e-04 
 2.50800000e-08 -3.16975801e-04 
 2.51000000e-08 -1.72194005e-04 
 2.51200000e-08 -2.73809763e-05 
 2.51400000e-08  1.17442059e-04 
 2.51600000e-08  2.62253868e-04 
 2.51800000e-08  4.07033207e-04 
 2.52000000e-08  5.51758826e-04 
 2.52200000e-08  6.96409469e-04 
 2.52400000e-08  8.40963876e-04 
 2.52600000e-08  9.85400782e-04 
 2.52800000e-08  1.12969892e-03 
 2.53000000e-08  1.27383702e-03 
 2.53200000e-08  1.41779382e-03 
 2.53400000e-08  1.56154804e-03 
 2.53600000e-08  1.70507843e-03 
 2.53800000e-08  1.84836371e-03 
 2.54000000e-08  1.99138265e-03 
 2.54200000e-08  2.13411398e-03 
 2.54400000e-08  2.27653647e-03 
 2.54600000e-08  2.41862889e-03 
 2.54800000e-08  2.56037001e-03 
 2.55000000e-08  2.70173864e-03 
 2.55200000e-08  2.84271358e-03 
 2.55400000e-08  2.98327365e-03 
 2.55600000e-08  3.12339770e-03 
 2.55800000e-08  3.26306460e-03 
 2.56000000e-08  3.40225322e-03 
 2.56200000e-08  3.54094249e-03 
 2.56400000e-08  3.67911132e-03 
 2.56600000e-08  3.81673870e-03 
 2.56800000e-08  3.95380361e-03 
 2.57000000e-08  4.09028508e-03 
 2.57200000e-08  4.22616218e-03 
 2.57400000e-08  4.36141400e-03 
 2.57600000e-08  4.49601969e-03 
 2.57800000e-08  4.62995843e-03 
 2.58000000e-08  4.76320944e-03 
 2.58200000e-08  4.89575200e-03 
 2.58400000e-08  5.02756544e-03 
 2.58600000e-08  5.15862913e-03 
 2.58800000e-08  5.28892252e-03 
 2.59000000e-08  5.41842510e-03 
 2.59200000e-08  5.54711643e-03 
 2.59400000e-08  5.67497613e-03 
 2.59600000e-08  5.80198389e-03 
 2.59800000e-08  5.92811948e-03 
 2.60000000e-08  6.05336274e-03 
 2.60200000e-08  6.17769358e-03 
 2.60400000e-08  6.30109202e-03 
 2.60600000e-08  6.42353813e-03 
 2.60800000e-08  6.54501209e-03 
 2.61000000e-08  6.66549419e-03 
 2.61200000e-08  6.78496477e-03 
 2.61400000e-08  6.90340432e-03 
 2.61600000e-08  7.02079341e-03 
 2.61800000e-08  7.13711272e-03 
 2.62000000e-08  7.25234305e-03 
 2.62200000e-08  7.36646531e-03 
 2.62400000e-08  7.47946055e-03 
 2.62600000e-08  7.59130993e-03 
 2.62800000e-08  7.70199472e-03 
 2.63000000e-08  7.81149638e-03 
 2.63200000e-08  7.91979645e-03 
 2.63400000e-08  8.02687666e-03 
 2.63600000e-08  8.13271885e-03 
 2.63800000e-08  8.23730505e-03 
 2.64000000e-08  8.34061741e-03 
 2.64200000e-08  8.44263827e-03 
 2.64400000e-08  8.54335012e-03 
 2.64600000e-08  8.64273563e-03 
 2.64800000e-08  8.74077765e-03 
 2.65000000e-08  8.83745919e-03 
 2.65200000e-08  8.93276348e-03 
 2.65400000e-08  9.02667390e-03 
 2.65600000e-08  9.11917406e-03 
 2.65800000e-08  9.21024774e-03 
 2.66000000e-08  9.29987896e-03 
 2.66200000e-08  9.38805191e-03 
 2.66400000e-08  9.47475103e-03 
 2.66600000e-08  9.55996095e-03 
 2.66800000e-08  9.64366655e-03 
 2.67000000e-08  9.72585291e-03 
 2.67200000e-08  9.80650538e-03 
 2.67400000e-08  9.88560952e-03 
 2.67600000e-08  9.96315113e-03 
 2.67800000e-08  1.00391163e-02 
 2.68000000e-08  1.01134913e-02 
 2.68200000e-08  1.01862627e-02 
 2.68400000e-08  1.02574174e-02 
 2.68600000e-08  1.03269424e-02 
 2.68800000e-08  1.03948251e-02 
 2.69000000e-08  1.04610532e-02 
 2.69200000e-08  1.05256146e-02 
 2.69400000e-08  1.05884975e-02 
 2.69600000e-08  1.06496903e-02 
 2.69800000e-08  1.07091819e-02 
 2.70000000e-08  1.07669613e-02 
 2.70200000e-08  1.08230179e-02 
 2.70400000e-08  1.08773415e-02 
 2.70600000e-08  1.09299220e-02 
 2.70800000e-08  1.09807496e-02 
 2.71000000e-08  1.10298151e-02 
 2.71200000e-08  1.10771094e-02 
 2.71400000e-08  1.11226236e-02 
 2.71600000e-08  1.11663495e-02 
 2.71800000e-08  1.12082789e-02 
 2.72000000e-08  1.12484040e-02 
 2.72200000e-08  1.12867175e-02 
 2.72400000e-08  1.13232122e-02 
 2.72600000e-08  1.13578815e-02 
 2.72800000e-08  1.13907188e-02 
 2.73000000e-08  1.14217182e-02 
 2.73200000e-08  1.14508739e-02 
 2.73400000e-08  1.14781806e-02 
 2.73600000e-08  1.15036332e-02 
 2.73800000e-08  1.15272271e-02 
 2.74000000e-08  1.15489581e-02 
 2.74200000e-08  1.15688220e-02 
 2.74400000e-08  1.15868154e-02 
 2.74600000e-08  1.16029350e-02 
 2.74800000e-08  1.16171780e-02 
 2.75000000e-08  1.16295417e-02 
 2.75200000e-08  1.16400242e-02 
 2.75400000e-08  1.16486235e-02 
 2.75600000e-08  1.16553383e-02 
 2.75800000e-08  1.16601674e-02 
 2.76000000e-08  1.16631103e-02 
 2.76200000e-08  1.16641665e-02 
 2.76400000e-08  1.16633361e-02 
 2.76600000e-08  1.16606195e-02 
 2.76800000e-08  1.16560173e-02 
 2.77000000e-08  1.16495308e-02 
 2.77200000e-08  1.16411614e-02 
 2.77400000e-08  1.16309109e-02 
 2.77600000e-08  1.16187816e-02 
 2.77800000e-08  1.16047759e-02 
 2.78000000e-08  1.15888968e-02 
 2.78200000e-08  1.15711475e-02 
 2.78400000e-08  1.15515316e-02 
 2.78600000e-08  1.15300532e-02 
 2.78800000e-08  1.15067165e-02 
 2.79000000e-08  1.14815262e-02 
 2.79200000e-08  1.14544873e-02 
 2.79400000e-08  1.14256051e-02 
 2.79600000e-08  1.13948854e-02 
 2.79800000e-08  1.13623341e-02 
 2.80000000e-08  1.13279576e-02 
 2.80200000e-08  1.12917627e-02 
 2.80400000e-08  1.12537563e-02 
 2.80600000e-08  1.12139458e-02 
 2.80800000e-08  1.11723389e-02 
 2.81000000e-08  1.11289436e-02 
 2.81200000e-08  1.10837681e-02 
 2.81400000e-08  1.10368212e-02 
 2.81600000e-08  1.09881117e-02 
 2.81800000e-08  1.09376489e-02 
 2.82000000e-08  1.08854423e-02 
 2.82200000e-08  1.08315018e-02 
 2.82400000e-08  1.07758375e-02 
 2.82600000e-08  1.07184598e-02 
 2.82800000e-08  1.06593795e-02 
 2.83000000e-08  1.05986075e-02 
 2.83200000e-08  1.05361552e-02 
 2.83400000e-08  1.04720340e-02 
 2.83600000e-08  1.04062558e-02 
 2.83800000e-08  1.03388326e-02 
 2.84000000e-08  1.02697769e-02 
 2.84200000e-08  1.01991012e-02 
 2.84400000e-08  1.01268183e-02 
 2.84600000e-08  1.00529414e-02 
 2.84800000e-08  9.97748387e-03 
 2.85000000e-08  9.90045919e-03 
 2.85200000e-08  9.82188124e-03 
 2.85400000e-08  9.74176405e-03 
 2.85600000e-08  9.66012189e-03 
 2.85800000e-08  9.57696926e-03 
 2.86000000e-08  9.49232087e-03 
 2.86200000e-08  9.40619164e-03 
 2.86400000e-08  9.31859670e-03 
 2.86600000e-08  9.22955137e-03 
 2.86800000e-08  9.13907119e-03 
 2.87000000e-08  9.04717188e-03 
 2.87200000e-08  8.95386934e-03 
 2.87400000e-08  8.85917968e-03 
 2.87600000e-08  8.76311916e-03 
 2.87800000e-08  8.66570424e-03 
 2.88000000e-08  8.56695153e-03 
 2.88200000e-08  8.46687783e-03 
 2.88400000e-08  8.36550008e-03 
 2.88600000e-08  8.26283540e-03 
 2.88800000e-08  8.15890105e-03 
 2.89000000e-08  8.05371444e-03 
 2.89200000e-08  7.94729312e-03 
 2.89400000e-08  7.83965481e-03 
 2.89600000e-08  7.73081733e-03 
 2.89800000e-08  7.62079866e-03 
 2.90000000e-08  7.50961690e-03 
 2.90200000e-08  7.39729029e-03 
 2.90400000e-08  7.28383716e-03 
 2.90600000e-08  7.16927599e-03 
 2.90800000e-08  7.05362536e-03 
 2.91000000e-08  6.93690397e-03 
 2.91200000e-08  6.81913062e-03 
 2.91400000e-08  6.70032422e-03 
 2.91600000e-08  6.58050378e-03 
 2.91800000e-08  6.45968840e-03 
 2.92000000e-08  6.33789729e-03 
 2.92200000e-08  6.21514974e-03 
 2.92400000e-08  6.09146514e-03 
 2.92600000e-08  5.96686294e-03 
 2.92800000e-08  5.84136270e-03 
 2.93000000e-08  5.71498405e-03 
 2.93200000e-08  5.58774670e-03 
 2.93400000e-08  5.45967043e-03 
 2.93600000e-08  5.33077508e-03 
 2.93800000e-08  5.20108058e-03 
 2.94000000e-08  5.07060692e-03 
 2.94200000e-08  4.93937416e-03 
 2.94400000e-08  4.80740239e-03 
 2.94600000e-08  4.67471181e-03 
 2.94800000e-08  4.54132263e-03 
 2.95000000e-08  4.40725516e-03 
 2.95200000e-08  4.27252971e-03 
 2.95400000e-08  4.13716669e-03 
 2.95600000e-08  4.00118654e-03 
 2.95800000e-08  3.86460974e-03 
 2.96000000e-08  3.72745682e-03 
 2.96200000e-08  3.58974835e-03 
 2.96400000e-08  3.45150497e-03 
 2.96600000e-08  3.31274732e-03 
 2.96800000e-08  3.17349610e-03 
 2.97000000e-08  3.03377204e-03 
 2.97200000e-08  2.89359592e-03 
 2.97400000e-08  2.75298853e-03 
 2.97600000e-08  2.61197072e-03 
 2.97800000e-08  2.47056334e-03 
 2.98000000e-08  2.32878731e-03 
 2.98200000e-08  2.18666353e-03 
 2.98400000e-08  2.04421296e-03 
 2.98600000e-08  1.90145659e-03 
 2.98800000e-08  1.75841542e-03 
 2.99000000e-08  1.61511047e-03 
 2.99200000e-08  1.47156279e-03 
 2.99400000e-08  1.32779346e-03 
 2.99600000e-08  1.18382357e-03 
 2.99800000e-08  1.03967423e-03 
 3.00000000e-08  8.95366558e-04 
 3.00200000e-08  7.50921713e-04 
 3.00400000e-08  6.06360852e-04 
 3.00600000e-08  4.61705151e-04 
 3.00800000e-08  3.16975801e-04 
 3.01000000e-08  1.72194005e-04 
 3.01200000e-08  2.73809763e-05 
 3.01400000e-08 -1.17442059e-04 
 3.01600000e-08 -2.62253868e-04 
 3.01800000e-08 -4.07033207e-04 
 3.02000000e-08 -5.51758826e-04 
 3.02200000e-08 -6.96409469e-04 
 3.02400000e-08 -8.40963876e-04 
 3.02600000e-08 -9.85400782e-04 
 3.02800000e-08 -1.12969892e-03 
 3.03000000e-08 -1.27383702e-03 
 3.03200000e-08 -1.41779382e-03 
 3.03400000e-08 -1.56154804e-03 
 3.03600000e-08 -1.70507843e-03 
 3.03800000e-08 -1.84836371e-03 
 3.04000000e-08 -1.99138265e-03 
 3.04200000e-08 -2.13411398e-03 
 3.04400000e-08 -2.27653647e-03 
 3.04600000e-08 -2.41862889e-03 
 3.04800000e-08 -2.56037001e-03 
 3.05000000e-08 -2.70173864e-03 
 3.05200000e-08 -2.84271358e-03 
 3.05400000e-08 -2.98327365e-03 
 3.05600000e-08 -3.12339770e-03 
 3.05800000e-08 -3.26306460e-03 
 3.06000000e-08 -3.40225322e-03 
 3.06200000e-08 -3.54094249e-03 
 3.06400000e-08 -3.67911132e-03 
 3.06600000e-08 -3.81673870e-03 
 3.06800000e-08 -3.95380361e-03 
 3.07000000e-08 -4.09028508e-03 
 3.07200000e-08 -4.22616218e-03 
 3.07400000e-08 -4.36141400e-03 
 3.07600000e-08 -4.49601969e-03 
 3.07800000e-08 -4.62995843e-03 
 3.08000000e-08 -4.76320944e-03 
 3.08200000e-08 -4.89575200e-03 
 3.08400000e-08 -5.02756544e-03 
 3.08600000e-08 -5.15862913e-03 
 3.08800000e-08 -5.28892252e-03 
 3.09000000e-08 -5.41842510e-03 
 3.09200000e-08 -5.54711643e-03 
 3.09400000e-08 -5.67497613e-03 
 3.09600000e-08 -5.80198389e-03 
 3.09800000e-08 -5.92811948e-03 
 3.10000000e-08 -6.05336274e-03 
 3.10200000e-08 -6.17769358e-03 
 3.10400000e-08 -6.30109202e-03 
 3.10600000e-08 -6.42353813e-03 
 3.10800000e-08 -6.54501209e-03 
 3.11000000e-08 -6.66549419e-03 
 3.11200000e-08 -6.78496477e-03 
 3.11400000e-08 -6.90340432e-03 
 3.11600000e-08 -7.02079341e-03 
 3.11800000e-08 -7.13711272e-03 
 3.12000000e-08 -7.25234305e-03 
 3.12200000e-08 -7.36646531e-03 
 3.12400000e-08 -7.47946055e-03 
 3.12600000e-08 -7.59130993e-03 
 3.12800000e-08 -7.70199473e-03 
 3.13000000e-08 -7.81149638e-03 
 3.13200000e-08 -7.91979645e-03 
 3.13400000e-08 -8.02687666e-03 
 3.13600000e-08 -8.13271885e-03 
 3.13800000e-08 -8.23730505e-03 
 3.14000000e-08 -8.34061741e-03 
 3.14200000e-08 -8.44263827e-03 
 3.14400000e-08 -8.54335012e-03 
 3.14600000e-08 -8.64273563e-03 
 3.14800000e-08 -8.74077765e-03 
 3.15000000e-08 -8.83745919e-03 
 3.15200000e-08 -8.93276348e-03 
 3.15400000e-08 -9.02667390e-03 
 3.15600000e-08 -9.11917406e-03 
 3.15800000e-08 -9.21024774e-03 
 3.16000000e-08 -9.29987896e-03 
 3.16200000e-08 -9.38805191e-03 
 3.16400000e-08 -9.47475103e-03 
 3.16600000e-08 -9.55996095e-03 
 3.16800000e-08 -9.64366655e-03 
 3.17000000e-08 -9.72585291e-03 
 3.17200000e-08 -9.80650538e-03 
 3.17400000e-08 -9.88560952e-03 
 3.17600000e-08 -9.96315113e-03 
 3.17800000e-08 -1.00391163e-02 
 3.18000000e-08 -1.01134913e-02 
 3.18200000e-08 -1.01862627e-02 
 3.18400000e-08 -1.02574174e-02 
 3.18600000e-08 -1.03269424e-02 
 3.18800000e-08 -1.03948251e-02 
 3.19000000e-08 -1.04610532e-02 
 3.19200000e-08 -1.05256146e-02 
 3.19400000e-08 -1.05884975e-02 
 3.19600000e-08 -1.06496903e-02 
 3.19800000e-08 -1.07091819e-02 
 3.20000000e-08 -1.07669613e-02 
 3.20200000e-08 -1.08230179e-02 
 3.20400000e-08 -1.08773415e-02 
 3.20600000e-08 -1.09299220e-02 
 3.20800000e-08 -1.09807496e-02 
 3.21000000e-08 -1.10298151e-02 
 3.21200000e-08 -1.10771094e-02 
 3.21400000e-08 -1.11226236e-02 
 3.21600000e-08 -1.11663495e-02 
 3.21800000e-08 -1.12082789e-02 
 3.22000000e-08 -1.12484040e-02 
 3.22200000e-08 -1.12867175e-02 
 3.22400000e-08 -1.13232122e-02 
 3.22600000e-08 -1.13578815e-02 
 3.22800000e-08 -1.13907188e-02 
 3.23000000e-08 -1.14217182e-02 
 3.23200000e-08 -1.14508739e-02 
 3.23400000e-08 -1.14781806e-02 
 3.23600000e-08 -1.15036332e-02 
 3.23800000e-08 -1.15272271e-02 
 3.24000000e-08 -1.15489581e-02 
 3.24200000e-08 -1.15688220e-02 
 3.24400000e-08 -1.15868154e-02 
 3.24600000e-08 -1.16029350e-02 
 3.24800000e-08 -1.16171780e-02 
 3.25000000e-08 -1.16295417e-02 
 3.25200000e-08 -1.16400242e-02 
 3.25400000e-08 -1.16486235e-02 
 3.25600000e-08 -1.16553383e-02 
 3.25800000e-08 -1.16601674e-02 
 3.26000000e-08 -1.16631103e-02 
 3.26200000e-08 -1.16641665e-02 
 3.26400000e-08 -1.16633361e-02 
 3.26600000e-08 -1.16606195e-02 
 3.26800000e-08 -1.16560173e-02 
 3.27000000e-08 -1.16495308e-02 
 3.27200000e-08 -1.16411614e-02 
 3.27400000e-08 -1.16309109e-02 
 3.27600000e-08 -1.16187816e-02 
 3.27800000e-08 -1.16047759e-02 
 3.28000000e-08 -1.15888968e-02 
 3.28200000e-08 -1.15711475e-02 
 3.28400000e-08 -1.15515316e-02 
 3.28600000e-08 -1.15300532e-02 
 3.28800000e-08 -1.15067165e-02 
 3.29000000e-08 -1.14815262e-02 
 3.29200000e-08 -1.14544873e-02 
 3.29400000e-08 -1.14256051e-02 
 3.29600000e-08 -1.13948854e-02 
 3.29800000e-08 -1.13623341e-02 
 3.30000000e-08 -1.13279576e-02 
 3.30200000e-08 -1.12917627e-02 
 3.30400000e-08 -1.12537563e-02 
 3.30600000e-08 -1.12139458e-02 
 3.30800000e-08 -1.11723389e-02 
 3.31000000e-08 -1.11289436e-02 
 3.31200000e-08 -1.10837681e-02 
 3.31400000e-08 -1.10368212e-02 
 3.31600000e-08 -1.09881117e-02 
 3.31800000e-08 -1.09376489e-02 
 3.32000000e-08 -1.08854423e-02 
 3.32200000e-08 -1.08315018e-02 
 3.32400000e-08 -1.07758375e-02 
 3.32600000e-08 -1.07184598e-02 
 3.32800000e-08 -1.06593795e-02 
 3.33000000e-08 -1.05986075e-02 
 3.33200000e-08 -1.05361552e-02 
 3.33400000e-08 -1.04720340e-02 
 3.33600000e-08 -1.04062558e-02 
 3.33800000e-08 -1.03388326e-02 
 3.34000000e-08 -1.02697769e-02 
 3.34200000e-08 -1.01991012e-02 
 3.34400000e-08 -1.01268183e-02 
 3.34600000e-08 -1.00529414e-02 
 3.34800000e-08 -9.97748387e-03 
 3.35000000e-08 -9.90045919e-03 
 3.35200000e-08 -9.82188124e-03 
 3.35400000e-08 -9.74176405e-03 
 3.35600000e-08 -9.66012189e-03 
 3.35800000e-08 -9.57696926e-03 
 3.36000000e-08 -9.49232087e-03 
 3.36200000e-08 -9.40619164e-03 
 3.36400000e-08 -9.31859670e-03 
 3.36600000e-08 -9.22955137e-03 
 3.36800000e-08 -9.13907119e-03 
 3.37000000e-08 -9.04717188e-03 
 3.37200000e-08 -8.95386934e-03 
 3.37400000e-08 -8.85917968e-03 
 3.37600000e-08 -8.76311916e-03 
 3.37800000e-08 -8.66570424e-03 
 3.38000000e-08 -8.56695153e-03 
 3.38200000e-08 -8.46687783e-03 
 3.38400000e-08 -8.36550008e-03 
 3.38600000e-08 -8.26283540e-03 
 3.38800000e-08 -8.15890105e-03 
 3.39000000e-08 -8.05371444e-03 
 3.39200000e-08 -7.94729312e-03 
 3.39400000e-08 -7.83965481e-03 
 3.39600000e-08 -7.73081733e-03 
 3.39800000e-08 -7.62079866e-03 
 3.40000000e-08 -7.50961690e-03 
 3.40200000e-08 -7.39729029e-03 
 3.40400000e-08 -7.28383716e-03 
 3.40600000e-08 -7.16927599e-03 
 3.40800000e-08 -7.05362536e-03 
 3.41000000e-08 -6.93690397e-03 
 3.41200000e-08 -6.81913062e-03 
 3.41400000e-08 -6.70032422e-03 
 3.41600000e-08 -6.58050378e-03 
 3.41800000e-08 -6.45968840e-03 
 3.42000000e-08 -6.33789729e-03 
 3.42200000e-08 -6.21514974e-03 
 3.42400000e-08 -6.09146514e-03 
 3.42600000e-08 -5.96686294e-03 
 3.42800000e-08 -5.84136270e-03 
 3.43000000e-08 -5.71498405e-03 
 3.43200000e-08 -5.58774670e-03 
 3.43400000e-08 -5.45967043e-03 
 3.43600000e-08 -5.33077508e-03 
 3.43800000e-08 -5.20108058e-03 
 3.44000000e-08 -5.07060692e-03 
 3.44200000e-08 -4.93937416e-03 
 3.44400000e-08 -4.80740239e-03 
 3.44600000e-08 -4.67471181e-03 
 3.44800000e-08 -4.54132263e-03 
 3.45000000e-08 -4.40725516e-03 
 3.45200000e-08 -4.27252971e-03 
 3.45400000e-08 -4.13716669e-03 
 3.45600000e-08 -4.00118654e-03 
 3.45800000e-08 -3.86460974e-03 
 3.46000000e-08 -3.72745682e-03 
 3.46200000e-08 -3.58974835e-03 
 3.46400000e-08 -3.45150497e-03 
 3.46600000e-08 -3.31274732e-03 
 3.46800000e-08 -3.17349610e-03 
 3.47000000e-08 -3.03377204e-03 
 3.47200000e-08 -2.89359592e-03 
 3.47400000e-08 -2.75298853e-03 
 3.47600000e-08 -2.61197072e-03 
 3.47800000e-08 -2.47056334e-03 
 3.48000000e-08 -2.32878731e-03 
 3.48200000e-08 -2.18666353e-03 
 3.48400000e-08 -2.04421296e-03 
 3.48600000e-08 -1.90145659e-03 
 3.48800000e-08 -1.75841542e-03 
 3.49000000e-08 -1.61511047e-03 
 3.49200000e-08 -1.47156279e-03 
 3.49400000e-08 -1.32779346e-03 
 3.49600000e-08 -1.18382357e-03 
 3.49800000e-08 -1.03967423e-03 
 3.50000000e-08 -8.95366558e-04 
 3.50200000e-08 -7.50921713e-04 
 3.50400000e-08 -6.06360852e-04 
 3.50600000e-08 -4.61705151e-04 
 3.50800000e-08 -3.16975801e-04 
 3.51000000e-08 -1.72194005e-04 
 3.51200000e-08 -2.73809763e-05 
 3.51400000e-08  1.17442059e-04 
 3.51600000e-08  2.62253868e-04 
 3.51800000e-08  4.07033207e-04 
 3.52000000e-08  5.51758826e-04 
 3.52200000e-08  6.96409469e-04 
 3.52400000e-08  8.40963876e-04 
 3.52600000e-08  9.85400782e-04 
 3.52800000e-08  1.12969892e-03 
 3.53000000e-08  1.27383702e-03 
 3.53200000e-08  1.41779382e-03 
 3.53400000e-08  1.56154804e-03 
 3.53600000e-08  1.70507843e-03 
 3.53800000e-08  1.84836371e-03 
 3.54000000e-08  1.99138265e-03 
 3.54200000e-08  2.13411398e-03 
 3.54400000e-08  2.27653647e-03 
 3.54600000e-08  2.41862889e-03 
 3.54800000e-08  2.56037001e-03 
 3.55000000e-08  2.70173864e-03 
 3.55200000e-08  2.84271358e-03 
 3.55400000e-08  2.98327365e-03 
 3.55600000e-08  3.12339770e-03 
 3.55800000e-08  3.26306460e-03 
 3.56000000e-08  3.40225322e-03 
 3.56200000e-08  3.54094249e-03 
 3.56400000e-08  3.67911132e-03 
 3.56600000e-08  3.81673870e-03 
 3.56800000e-08  3.95380361e-03 
 3.57000000e-08  4.09028508e-03 
 3.57200000e-08  4.22616218e-03 
 3.57400000e-08  4.36141400e-03 
 3.57600000e-08  4.49601969e-03 
 3.57800000e-08  4.62995843e-03 
 3.58000000e-08  4.76320944e-03 
 3.58200000e-08  4.89575200e-03 
 3.58400000e-08  5.02756544e-03 
 3.58600000e-08  5.15862913e-03 
 3.58800000e-08  5.28892252e-03 
 3.59000000e-08  5.41842510e-03 
 3.59200000e-08  5.54711643e-03 
 3.59400000e-08  5.67497613e-03 
 3.59600000e-08  5.80198389e-03 
 3.59800000e-08  5.92811948e-03 
 3.60000000e-08  6.05336274e-03 
 3.60200000e-08  6.17769358e-03 
 3.60400000e-08  6.30109202e-03 
 3.60600000e-08  6.42353813e-03 
 3.60800000e-08  6.54501209e-03 
 3.61000000e-08  6.66549419e-03 
 3.61200000e-08  6.78496477e-03 
 3.61400000e-08  6.90340432e-03 
 3.61600000e-08  7.02079341e-03 
 3.61800000e-08  7.13711272e-03 
 3.62000000e-08  7.25234305e-03 
 3.62200000e-08  7.36646531e-03 
 3.62400000e-08  7.47946055e-03 
 3.62600000e-08  7.59130993e-03 
 3.62800000e-08  7.70199473e-03 
 3.63000000e-08  7.81149638e-03 
 3.63200000e-08  7.91979645e-03 
 3.63400000e-08  8.02687666e-03 
 3.63600000e-08  8.13271885e-03 
 3.63800000e-08  8.23730505e-03 
 3.64000000e-08  8.34061741e-03 
 3.64200000e-08  8.44263827e-03 
 3.64400000e-08  8.54335012e-03 
 3.64600000e-08  8.64273563e-03 
 3.64800000e-08  8.74077765e-03 
 3.65000000e-08  8.83745919e-03 
 3.65200000e-08  8.93276348e-03 
 3.65400000e-08  9.02667390e-03 
 3.65600000e-08  9.11917406e-03 
 3.65800000e-08  9.21024774e-03 
 3.66000000e-08  9.29987896e-03 
 3.66200000e-08  9.38805191e-03 
 3.66400000e-08  9.47475103e-03 
 3.66600000e-08  9.55996095e-03 
 3.66800000e-08  9.64366655e-03 
 3.67000000e-08  9.72585291e-03 
 3.67200000e-08  9.80650538e-03 
 3.67400000e-08  9.88560952e-03 
 3.67600000e-08  9.96315113e-03 
 3.67800000e-08  1.00391163e-02 
 3.68000000e-08  1.01134913e-02 
 3.68200000e-08  1.01862627e-02 
 3.68400000e-08  1.02574174e-02 
 3.68600000e-08  1.03269424e-02 
 3.68800000e-08  1.03948251e-02 
 3.69000000e-08  1.04610532e-02 
 3.69200000e-08  1.05256146e-02 
 3.69400000e-08  1.05884975e-02 
 3.69600000e-08  1.06496903e-02 
 3.69800000e-08  1.07091819e-02 
 3.70000000e-08  1.07669613e-02 
 3.70200000e-08  1.08230179e-02 
 3.70400000e-08  1.08773415e-02 
 3.70600000e-08  1.09299220e-02 
 3.70800000e-08  1.09807496e-02 
 3.71000000e-08  1.10298151e-02 
 3.71200000e-08  1.10771094e-02 
 3.71400000e-08  1.11226236e-02 
 3.71600000e-08  1.11663495e-02 
 3.71800000e-08  1.12082789e-02 
 3.72000000e-08  1.12484040e-02 
 3.72200000e-08  1.12867175e-02 
 3.72400000e-08  1.13232122e-02 
 3.72600000e-08  1.13578815e-02 
 3.72800000e-08  1.13907188e-02 
 3.73000000e-08  1.14217182e-02 
 3.73200000e-08  1.14508739e-02 
 3.73400000e-08  1.14781806e-02 
 3.73600000e-08  1.15036332e-02 
 3.73800000e-08  1.15272271e-02 
 3.74000000e-08  1.15489581e-02 
 3.74200000e-08  1.15688220e-02 
 3.74400000e-08  1.15868154e-02 
 3.74600000e-08  1.16029350e-02 
 3.74800000e-08  1.16171780e-02 
 3.75000000e-08  1.16295417e-02 
 3.75200000e-08  1.16400242e-02 
 3.75400000e-08  1.16486235e-02 
 3.75600000e-08  1.16553383e-02 
 3.75800000e-08  1.16601674e-02 
 3.76000000e-08  1.16631103e-02 
 3.76200000e-08  1.16641665e-02 
 3.76400000e-08  1.16633361e-02 
 3.76600000e-08  1.16606195e-02 
 3.76800000e-08  1.16560173e-02 
 3.77000000e-08  1.16495308e-02 
 3.77200000e-08  1.16411614e-02 
 3.77400000e-08  1.16309109e-02 
 3.77600000e-08  1.16187816e-02 
 3.77800000e-08  1.16047759e-02 
 3.78000000e-08  1.15888968e-02 
 3.78200000e-08  1.15711475e-02 
 3.78400000e-08  1.15515316e-02 
 3.78600000e-08  1.15300532e-02 
 3.78800000e-08  1.15067165e-02 
 3.79000000e-08  1.14815262e-02 
 3.79200000e-08  1.14544873e-02 
 3.79400000e-08  1.14256051e-02 
 3.79600000e-08  1.13948854e-02 
 3.79800000e-08  1.13623341e-02 
 3.80000000e-08  1.13279576e-02 
 3.80200000e-08  1.12917627e-02 
 3.80400000e-08  1.12537563e-02 
 3.80600000e-08  1.12139458e-02 
 3.80800000e-08  1.11723389e-02 
 3.81000000e-08  1.11289436e-02 
 3.81200000e-08  1.10837681e-02 
 3.81400000e-08  1.10368212e-02 
 3.81600000e-08  1.09881117e-02 
 3.81800000e-08  1.09376489e-02 
 3.82000000e-08  1.08854423e-02 
 3.82200000e-08  1.08315018e-02 
 3.82400000e-08  1.07758375e-02 
 3.82600000e-08  1.07184598e-02 
 3.82800000e-08  1.06593795e-02 
 3.83000000e-08  1.05986075e-02 
 3.83200000e-08  1.05361552e-02 
 3.83400000e-08  1.04720340e-02 
 3.83600000e-08  1.04062558e-02 
 3.83800000e-08  1.03388326e-02 
 3.84000000e-08  1.02697769e-02 
 3.84200000e-08  1.01991012e-02 
 3.84400000e-08  1.01268183e-02 
 3.84600000e-08  1.00529414e-02 
 3.84800000e-08  9.97748387e-03 
 3.85000000e-08  9.90045919e-03 
 3.85200000e-08  9.82188124e-03 
 3.85400000e-08  9.74176405e-03 
 3.85600000e-08  9.66012189e-03 
 3.85800000e-08  9.57696926e-03 
 3.86000000e-08  9.49232087e-03 
 3.86200000e-08  9.40619164e-03 
 3.86400000e-08  9.31859670e-03 
 3.86600000e-08  9.22955137e-03 
 3.86800000e-08  9.13907119e-03 
 3.87000000e-08  9.04717188e-03 
 3.87200000e-08  8.95386934e-03 
 3.87400000e-08  8.85917968e-03 
 3.87600000e-08  8.76311916e-03 
 3.87800000e-08  8.66570423e-03 
 3.88000000e-08  8.56695153e-03 
 3.88200000e-08  8.46687783e-03 
 3.88400000e-08  8.36550008e-03 
 3.88600000e-08  8.26283540e-03 
 3.88800000e-08  8.15890105e-03 
 3.89000000e-08  8.05371444e-03 
 3.89200000e-08  7.94729312e-03 
 3.89400000e-08  7.83965481e-03 
 3.89600000e-08  7.73081733e-03 
 3.89800000e-08  7.62079866e-03 
 3.90000000e-08  7.50961690e-03 
 3.90200000e-08  7.39729029e-03 
 3.90400000e-08  7.28383716e-03 
 3.90600000e-08  7.16927599e-03 
 3.90800000e-08  7.05362536e-03 
 3.91000000e-08  6.93690397e-03 
 3.91200000e-08  6.81913062e-03 
 3.91400000e-08  6.70032422e-03 
 3.91600000e-08  6.58050378e-03 
 3.91800000e-08  6.45968840e-03 
 3.92000000e-08  6.33789729e-03 
 3.92200000e-08  6.21514974e-03 
 3.92400000e-08  6.09146514e-03 
 3.92600000e-08  5.96686294e-03 
 3.92800000e-08  5.84136270e-03 
 3.93000000e-08  5.71498405e-03 
 3.93200000e-08  5.58774670e-03 
 3.93400000e-08  5.45967043e-03 
 3.93600000e-08  5.33077508e-03 
 3.93800000e-08  5.20108058e-03 
 3.94000000e-08  5.07060692e-03 
 3.94200000e-08  4.93937416e-03 
 3.94400000e-08  4.80740239e-03 
 3.94600000e-08  4.67471181e-03 
 3.94800000e-08  4.54132263e-03 
 3.95000000e-08  4.40725516e-03 
 3.95200000e-08  4.27252971e-03 
 3.95400000e-08  4.13716669e-03 
 3.95600000e-08  4.00118654e-03 
 3.95800000e-08  3.86460974e-03 
 3.96000000e-08  3.72745682e-03 
 3.96200000e-08  3.58974835e-03 
 3.96400000e-08  3.45150497e-03 
 3.96600000e-08  3.31274732e-03 
 3.96800000e-08  3.17349610e-03 
 3.97000000e-08  3.03377204e-03 
 3.97200000e-08  2.89359592e-03 
 3.97400000e-08  2.75298853e-03 
 3.97600000e-08  2.61197072e-03 
 3.97800000e-08  2.47056334e-03 
 3.98000000e-08  2.32878731e-03 
 3.98200000e-08  2.18666353e-03 
 3.98400000e-08  2.04421296e-03 
 3.98600000e-08  1.90145659e-03 
 3.98800000e-08  1.75841542e-03 
 3.99000000e-08  1.61511047e-03 
 3.99200000e-08  1.47156279e-03 
 3.99400000e-08  1.32779346e-03 
 3.99600000e-08  1.18382357e-03 
 3.99800000e-08  1.03967423e-03 
 4.00000000e-08  8.95366558e-04 
 4.00200000e-08  7.50921713e-04 
 4.00400000e-08  6.06360852e-04 
 4.00600000e-08  4.61705151e-04 
 4.00800000e-08  3.16975801e-04 
 4.01000000e-08  1.72194005e-04 
 4.01200000e-08  2.73809763e-05 
 4.01400000e-08 -1.17442059e-04 
 4.01600000e-08 -2.62253868e-04 
 4.01800000e-08 -4.07033207e-04 
 4.02000000e-08 -5.51758826e-04 
 4.02200000e-08 -6.96409469e-04 
 4.02400000e-08 -8.40963876e-04 
 4.02600000e-08 -9.85400782e-04 
 4.02800000e-08 -1.12969892e-03 
 4.03000000e-08 -1.27383702e-03 
 4.03200000e-08 -1.41779382e-03 
 4.03400000e-08 -1.56154804e-03 
 4.03600000e-08 -1.70507843e-03 
 4.03800000e-08 -1.84836371e-03 
 4.04000000e-08 -1.99138265e-03 
 4.04200000e-08 -2.13411398e-03 
 4.04400000e-08 -2.27653647e-03 
 4.04600000e-08 -2.41862889e-03 
 4.04800000e-08 -2.56037001e-03 
 4.05000000e-08 -2.70173864e-03 
 4.05200000e-08 -2.84271358e-03 
 4.05400000e-08 -2.98327365e-03 
 4.05600000e-08 -3.12339770e-03 
 4.05800000e-08 -3.26306460e-03 
 4.06000000e-08 -3.40225322e-03 
 4.06200000e-08 -3.54094249e-03 
 4.06400000e-08 -3.67911132e-03 
 4.06600000e-08 -3.81673870e-03 
 4.06800000e-08 -3.95380361e-03 
 4.07000000e-08 -4.09028508e-03 
 4.07200000e-08 -4.22616218e-03 
 4.07400000e-08 -4.36141400e-03 
 4.07600000e-08 -4.49601969e-03 
 4.07800000e-08 -4.62995843e-03 
 4.08000000e-08 -4.76320944e-03 
 4.08200000e-08 -4.89575200e-03 
 4.08400000e-08 -5.02756544e-03 
 4.08600000e-08 -5.15862913e-03 
 4.08800000e-08 -5.28892252e-03 
 4.09000000e-08 -5.41842510e-03 
 4.09200000e-08 -5.54711643e-03 
 4.09400000e-08 -5.67497613e-03 
 4.09600000e-08 -5.80198389e-03 
 4.09800000e-08 -5.92811948e-03 
 4.10000000e-08 -6.05336274e-03 
 4.10200000e-08 -6.17769358e-03 
 4.10400000e-08 -6.30109202e-03 
 4.10600000e-08 -6.42353813e-03 
 4.10800000e-08 -6.54501209e-03 
 4.11000000e-08 -6.66549419e-03 
 4.11200000e-08 -6.78496477e-03 
 4.11400000e-08 -6.90340432e-03 
 4.11600000e-08 -7.02079341e-03 
 4.11800000e-08 -7.13711272e-03 
 4.12000000e-08 -7.25234305e-03 
 4.12200000e-08 -7.36646531e-03 
 4.12400000e-08 -7.47946055e-03 
 4.12600000e-08 -7.59130993e-03 
 4.12800000e-08 -7.70199473e-03 
 4.13000000e-08 -7.81149638e-03 
 4.13200000e-08 -7.91979645e-03 
 4.13400000e-08 -8.02687666e-03 
 4.13600000e-08 -8.13271885e-03 
 4.13800000e-08 -8.23730505e-03 
 4.14000000e-08 -8.34061741e-03 
 4.14200000e-08 -8.44263827e-03 
 4.14400000e-08 -8.54335012e-03 
 4.14600000e-08 -8.64273563e-03 
 4.14800000e-08 -8.74077765e-03 
 4.15000000e-08 -8.83745919e-03 
 4.15200000e-08 -8.93276348e-03 
 4.15400000e-08 -9.02667390e-03 
 4.15600000e-08 -9.11917406e-03 
 4.15800000e-08 -9.21024774e-03 
 4.16000000e-08 -9.29987896e-03 
 4.16200000e-08 -9.38805191e-03 
 4.16400000e-08 -9.47475103e-03 
 4.16600000e-08 -9.55996095e-03 
 4.16800000e-08 -9.64366655e-03 
 4.17000000e-08 -9.72585291e-03 
 4.17200000e-08 -9.80650538e-03 
 4.17400000e-08 -9.88560952e-03 
 4.17600000e-08 -9.96315113e-03 
 4.17800000e-08 -1.00391163e-02 
 4.18000000e-08 -1.01134913e-02 
 4.18200000e-08 -1.01862627e-02 
 4.18400000e-08 -1.02574174e-02 
 4.18600000e-08 -1.03269424e-02 
 4.18800000e-08 -1.03948251e-02 
 4.19000000e-08 -1.04610532e-02 
 4.19200000e-08 -1.05256146e-02 
 4.19400000e-08 -1.05884975e-02 
 4.19600000e-08 -1.06496903e-02 
 4.19800000e-08 -1.07091819e-02 
 4.20000000e-08 -1.07669613e-02 
 4.20200000e-08 -1.08230179e-02 
 4.20400000e-08 -1.08773415e-02 
 4.20600000e-08 -1.09299220e-02 
 4.20800000e-08 -1.09807496e-02 
 4.21000000e-08 -1.10298151e-02 
 4.21200000e-08 -1.10771094e-02 
 4.21400000e-08 -1.11226236e-02 
 4.21600000e-08 -1.11663495e-02 
 4.21800000e-08 -1.12082789e-02 
 4.22000000e-08 -1.12484040e-02 
 4.22200000e-08 -1.12867175e-02 
 4.22400000e-08 -1.13232122e-02 
 4.22600000e-08 -1.13578815e-02 
 4.22800000e-08 -1.13907188e-02 
 4.23000000e-08 -1.14217182e-02 
 4.23200000e-08 -1.14508739e-02 
 4.23400000e-08 -1.14781806e-02 
 4.23600000e-08 -1.15036332e-02 
 4.23800000e-08 -1.15272271e-02 
 4.24000000e-08 -1.15489581e-02 
 4.24200000e-08 -1.15688220e-02 
 4.24400000e-08 -1.15868154e-02 
 4.24600000e-08 -1.16029350e-02 
 4.24800000e-08 -1.16171780e-02 
 4.25000000e-08 -1.16295417e-02 
 4.25200000e-08 -1.16400242e-02 
 4.25400000e-08 -1.16486235e-02 
 4.25600000e-08 -1.16553383e-02 
 4.25800000e-08 -1.16601674e-02 
 4.26000000e-08 -1.16631103e-02 
 4.26200000e-08 -1.16641665e-02 
 4.26400000e-08 -1.16633361e-02 
 4.26600000e-08 -1.16606195e-02 
 4.26800000e-08 -1.16560173e-02 
 4.27000000e-08 -1.16495308e-02 
 4.27200000e-08 -1.16411614e-02 
 4.27400000e-08 -1.16309109e-02 
 4.27600000e-08 -1.16187816e-02 
 4.27800000e-08 -1.16047759e-02 
 4.28000000e-08 -1.15888968e-02 
 4.28200000e-08 -1.15711475e-02 
 4.28400000e-08 -1.15515316e-02 
 4.28600000e-08 -1.15300532e-02 
 4.28800000e-08 -1.15067165e-02 
 4.29000000e-08 -1.14815262e-02 
 4.29200000e-08 -1.14544873e-02 
 4.29400000e-08 -1.14256051e-02 
 4.29600000e-08 -1.13948854e-02 
 4.29800000e-08 -1.13623341e-02 
 4.30000000e-08 -1.13279576e-02 
 4.30200000e-08 -1.12917627e-02 
 4.30400000e-08 -1.12537563e-02 
 4.30600000e-08 -1.12139458e-02 
 4.30800000e-08 -1.11723389e-02 
 4.31000000e-08 -1.11289436e-02 
 4.31200000e-08 -1.10837681e-02 
 4.31400000e-08 -1.10368212e-02 
 4.31600000e-08 -1.09881117e-02 
 4.31800000e-08 -1.09376489e-02 
 4.32000000e-08 -1.08854423e-02 
 4.32200000e-08 -1.08315018e-02 
 4.32400000e-08 -1.07758375e-02 
 4.32600000e-08 -1.07184598e-02 
 4.32800000e-08 -1.06593795e-02 
 4.33000000e-08 -1.05986075e-02 
 4.33200000e-08 -1.05361552e-02 
 4.33400000e-08 -1.04720340e-02 
 4.33600000e-08 -1.04062558e-02 
 4.33800000e-08 -1.03388326e-02 
 4.34000000e-08 -1.02697769e-02 
 4.34200000e-08 -1.01991012e-02 
 4.34400000e-08 -1.01268183e-02 
 4.34600000e-08 -1.00529414e-02 
 4.34800000e-08 -9.97748387e-03 
 4.35000000e-08 -9.90045919e-03 
 4.35200000e-08 -9.82188124e-03 
 4.35400000e-08 -9.74176405e-03 
 4.35600000e-08 -9.66012189e-03 
 4.35800000e-08 -9.57696926e-03 
 4.36000000e-08 -9.49232087e-03 
 4.36200000e-08 -9.40619164e-03 
 4.36400000e-08 -9.31859670e-03 
 4.36600000e-08 -9.22955137e-03 
 4.36800000e-08 -9.13907119e-03 
 4.37000000e-08 -9.04717188e-03 
 4.37200000e-08 -8.95386934e-03 
 4.37400000e-08 -8.85917968e-03 
 4.37600000e-08 -8.76311916e-03 
 4.37800000e-08 -8.66570423e-03 
 4.38000000e-08 -8.56695153e-03 
 4.38200000e-08 -8.46687783e-03 
 4.38400000e-08 -8.36550008e-03 
 4.38600000e-08 -8.26283540e-03 
 4.38800000e-08 -8.15890105e-03 
 4.39000000e-08 -8.05371443e-03 
 4.39200000e-08 -7.94729312e-03 
 4.39400000e-08 -7.83965481e-03 
 4.39600000e-08 -7.73081733e-03 
 4.39800000e-08 -7.62079866e-03 
 4.40000000e-08 -7.50961690e-03 
 4.40200000e-08 -7.39729029e-03 
 4.40400000e-08 -7.28383716e-03 
 4.40600000e-08 -7.16927599e-03 
 4.40800000e-08 -7.05362536e-03 
 4.41000000e-08 -6.93690397e-03 
 4.41200000e-08 -6.81913062e-03 
 4.41400000e-08 -6.70032422e-03 
 4.41600000e-08 -6.58050378e-03 
 4.41800000e-08 -6.45968840e-03 
 4.42000000e-08 -6.33789729e-03 
 4.42200000e-08 -6.21514974e-03 
 4.42400000e-08 -6.09146514e-03 
 4.42600000e-08 -5.96686294e-03 
 4.42800000e-08 -5.84136270e-03 
 4.43000000e-08 -5.71498405e-03 
 4.43200000e-08 -5.58774670e-03 
 4.43400000e-08 -5.45967043e-03 
 4.43600000e-08 -5.33077508e-03 
 4.43800000e-08 -5.20108058e-03 
 4.44000000e-08 -5.07060692e-03 
 4.44200000e-08 -4.93937416e-03 
 4.44400000e-08 -4.80740239e-03 
 4.44600000e-08 -4.67471181e-03 
 4.44800000e-08 -4.54132263e-03 
 4.45000000e-08 -4.40725516e-03 
 4.45200000e-08 -4.27252971e-03 
 4.45400000e-08 -4.13716669e-03 
 4.45600000e-08 -4.00118654e-03 
 4.45800000e-08 -3.86460974e-03 
 4.46000000e-08 -3.72745682e-03 
 4.46200000e-08 -3.58974835e-03 
 4.46400000e-08 -3.45150497e-03 
 4.46600000e-08 -3.31274732e-03 
 4.46800000e-08 -3.17349610e-03 
 4.47000000e-08 -3.03377204e-03 
 4.47200000e-08 -2.89359592e-03 
 4.47400000e-08 -2.75298853e-03 
 4.47600000e-08 -2.61197072e-03 
 4.47800000e-08 -2.47056334e-03 
 4.48000000e-08 -2.32878731e-03 
 4.48200000e-08 -2.18666353e-03 
 4.48400000e-08 -2.04421296e-03 
 4.48600000e-08 -1.90145659e-03 
 4.48800000e-08 -1.75841542e-03 
 4.49000000e-08 -1.61511047e-03 
 4.49200000e-08 -1.47156279e-03 
 4.49400000e-08 -1.32779346e-03 
 4.49600000e-08 -1.18382357e-03 
 4.49800000e-08 -1.03967423e-03 
 4.50000000e-08 -8.95366558e-04 
 4.50200000e-08 -7.50921713e-04 
 4.50400000e-08 -6.06360852e-04 
 4.50600000e-08 -4.61705151e-04 
 4.50800000e-08 -3.16975801e-04 
 4.51000000e-08 -1.72194005e-04 
 4.51200000e-08 -2.73809763e-05 
 4.51400000e-08  1.17442059e-04 
 4.51600000e-08  2.62253868e-04 
 4.51800000e-08  4.07033207e-04 
 4.52000000e-08  5.51758826e-04 
 4.52200000e-08  6.96409469e-04 
 4.52400000e-08  8.40963876e-04 
 4.52600000e-08  9.85400782e-04 
 4.52800000e-08  1.12969892e-03 
 4.53000000e-08  1.27383702e-03 
 4.53200000e-08  1.41779382e-03 
 4.53400000e-08  1.56154804e-03 
 4.53600000e-08  1.70507843e-03 
 4.53800000e-08  1.84836371e-03 
 4.54000000e-08  1.99138265e-03 
 4.54200000e-08  2.13411398e-03 
 4.54400000e-08  2.27653647e-03 
 4.54600000e-08  2.41862889e-03 
 4.54800000e-08  2.56037001e-03 
 4.55000000e-08  2.70173864e-03 
 4.55200000e-08  2.84271358e-03 
 4.55400000e-08  2.98327365e-03 
 4.55600000e-08  3.12339770e-03 
 4.55800000e-08  3.26306460e-03 
 4.56000000e-08  3.40225322e-03 
 4.56200000e-08  3.54094249e-03 
 4.56400000e-08  3.67911132e-03 
 4.56600000e-08  3.81673870e-03 
 4.56800000e-08  3.95380361e-03 
 4.57000000e-08  4.09028508e-03 
 4.57200000e-08  4.22616218e-03 
 4.57400000e-08  4.36141400e-03 
 4.57600000e-08  4.49601969e-03 
 4.57800000e-08  4.62995843e-03 
 4.58000000e-08  4.76320944e-03 
 4.58200000e-08  4.89575200e-03 
 4.58400000e-08  5.02756544e-03 
 4.58600000e-08  5.15862913e-03 
 4.58800000e-08  5.28892252e-03 
 4.59000000e-08  5.41842510e-03 
 4.59200000e-08  5.54711643e-03 
 4.59400000e-08  5.67497613e-03 
 4.59600000e-08  5.80198389e-03 
 4.59800000e-08  5.92811948e-03 
 4.60000000e-08  6.05336274e-03 
 4.60200000e-08  6.17769358e-03 
 4.60400000e-08  6.30109202e-03 
 4.60600000e-08  6.42353813e-03 
 4.60800000e-08  6.54501209e-03 
 4.61000000e-08  6.66549419e-03 
 4.61200000e-08  6.78496477e-03 
 4.61400000e-08  6.90340432e-03 
 4.61600000e-08  7.02079341e-03 
 4.61800000e-08  7.13711272e-03 
 4.62000000e-08  7.25234305e-03 
 4.62200000e-08  7.36646531e-03 
 4.62400000e-08  7.47946055e-03 
 4.62600000e-08  7.59130993e-03 
 4.62800000e-08  7.70199473e-03 
 4.63000000e-08  7.81149638e-03 
 4.63200000e-08  7.91979645e-03 
 4.63400000e-08  8.02687666e-03 
 4.63600000e-08  8.13271885e-03 
 4.63800000e-08  8.23730505e-03 
 4.64000000e-08  8.34061741e-03 
 4.64200000e-08  8.44263827e-03 
 4.64400000e-08  8.54335012e-03 
 4.64600000e-08  8.64273563e-03 
 4.64800000e-08  8.74077765e-03 
 4.65000000e-08  8.83745919e-03 
 4.65200000e-08  8.93276348e-03 
 4.65400000e-08  9.02667390e-03 
 4.65600000e-08  9.11917406e-03 
 4.65800000e-08  9.21024774e-03 
 4.66000000e-08  9.29987896e-03 
 4.66200000e-08  9.38805191e-03 
 4.66400000e-08  9.47475103e-03 
 4.66600000e-08  9.55996095e-03 
 4.66800000e-08  9.64366655e-03 
 4.67000000e-08  9.72585291e-03 
 4.67200000e-08  9.80650538e-03 
 4.67400000e-08  9.88560952e-03 
 4.67600000e-08  9.96315113e-03 
 4.67800000e-08  1.00391163e-02 
 4.68000000e-08  1.01134913e-02 
 4.68200000e-08  1.01862627e-02 
 4.68400000e-08  1.02574174e-02 
 4.68600000e-08  1.03269424e-02 
 4.68800000e-08  1.03948251e-02 
 4.69000000e-08  1.04610532e-02 
 4.69200000e-08  1.05256146e-02 
 4.69400000e-08  1.05884975e-02 
 4.69600000e-08  1.06496903e-02 
 4.69800000e-08  1.07091819e-02 
 4.70000000e-08  1.07669613e-02 
 4.70200000e-08  1.08230179e-02 
 4.70400000e-08  1.08773415e-02 
 4.70600000e-08  1.09299220e-02 
 4.70800000e-08  1.09807496e-02 
 4.71000000e-08  1.10298151e-02 
 4.71200000e-08  1.10771094e-02 
 4.71400000e-08  1.11226236e-02 
 4.71600000e-08  1.11663495e-02 
 4.71800000e-08  1.12082789e-02 
 4.72000000e-08  1.12484040e-02 
 4.72200000e-08  1.12867175e-02 
 4.72400000e-08  1.13232122e-02 
 4.72600000e-08  1.13578815e-02 
 4.72800000e-08  1.13907188e-02 
 4.73000000e-08  1.14217182e-02 
 4.73200000e-08  1.14508739e-02 
 4.73400000e-08  1.14781806e-02 
 4.73600000e-08  1.15036332e-02 
 4.73800000e-08  1.15272271e-02 
 4.74000000e-08  1.15489581e-02 
 4.74200000e-08  1.15688220e-02 
 4.74400000e-08  1.15868154e-02 
 4.74600000e-08  1.16029350e-02 
 4.74800000e-08  1.16171780e-02 
 4.75000000e-08  1.16295417e-02 
 4.75200000e-08  1.16400242e-02 
 4.75400000e-08  1.16486235e-02 
 4.75600000e-08  1.16553383e-02 
 4.75800000e-08  1.16601674e-02 
 4.76000000e-08  1.16631103e-02 
 4.76200000e-08  1.16641665e-02 
 4.76400000e-08  1.16633361e-02 
 4.76600000e-08  1.16606195e-02 
 4.76800000e-08  1.16560173e-02 
 4.77000000e-08  1.16495308e-02 
 4.77200000e-08  1.16411614e-02 
 4.77400000e-08  1.16309109e-02 
 4.77600000e-08  1.16187816e-02 
 4.77800000e-08  1.16047759e-02 
 4.78000000e-08  1.15888968e-02 
 4.78200000e-08  1.15711475e-02 
 4.78400000e-08  1.15515316e-02 
 4.78600000e-08  1.15300532e-02 
 4.78800000e-08  1.15067165e-02 
 4.79000000e-08  1.14815262e-02 
 4.79200000e-08  1.14544873e-02 
 4.79400000e-08  1.14256051e-02 
 4.79600000e-08  1.13948854e-02 
 4.79800000e-08  1.13623341e-02 
 4.80000000e-08  1.13279576e-02 
 4.80200000e-08  1.12917627e-02 
 4.80400000e-08  1.12537563e-02 
 4.80600000e-08  1.12139458e-02 
 4.80800000e-08  1.11723389e-02 
 4.81000000e-08  1.11289436e-02 
 4.81200000e-08  1.10837681e-02 
 4.81400000e-08  1.10368212e-02 
 4.81600000e-08  1.09881117e-02 
 4.81800000e-08  1.09376489e-02 
 4.82000000e-08  1.08854423e-02 
 4.82200000e-08  1.08315018e-02 
 4.82400000e-08  1.07758375e-02 
 4.82600000e-08  1.07184598e-02 
 4.82800000e-08  1.06593795e-02 
 4.83000000e-08  1.05986075e-02 
 4.83200000e-08  1.05361552e-02 
 4.83400000e-08  1.04720340e-02 
 4.83600000e-08  1.04062558e-02 
 4.83800000e-08  1.03388326e-02 
 4.84000000e-08  1.02697769e-02 
 4.84200000e-08  1.01991012e-02 
 4.84400000e-08  1.01268183e-02 
 4.84600000e-08  1.00529414e-02 
 4.84800000e-08  9.97748387e-03 
 4.85000000e-08  9.90045919e-03 
 4.85200000e-08  9.82188124e-03 
 4.85400000e-08  9.74176405e-03 
 4.85600000e-08  9.66012189e-03 
 4.85800000e-08  9.57696926e-03 
 4.86000000e-08  9.49232087e-03 
 4.86200000e-08  9.40619164e-03 
 4.86400000e-08  9.31859670e-03 
 4.86600000e-08  9.22955137e-03 
 4.86800000e-08  9.13907119e-03 
 4.87000000e-08  9.04717188e-03 
 4.87200000e-08  8.95386934e-03 
 4.87400000e-08  8.85917968e-03 
 4.87600000e-08  8.76311916e-03 
 4.87800000e-08  8.66570423e-03 
 4.88000000e-08  8.56695153e-03 
 4.88200000e-08  8.46687783e-03 
 4.88400000e-08  8.36550008e-03 
 4.88600000e-08  8.26283540e-03 
 4.88800000e-08  8.15890105e-03 
 4.89000000e-08  8.05371444e-03 
 4.89200000e-08  7.94729312e-03 
 4.89400000e-08  7.83965481e-03 
 4.89600000e-08  7.73081733e-03 
 4.89800000e-08  7.62079866e-03 
 4.90000000e-08  7.50961690e-03 
 4.90200000e-08  7.39729029e-03 
 4.90400000e-08  7.28383716e-03 
 4.90600000e-08  7.16927599e-03 
 4.90800000e-08  7.05362536e-03 
 4.91000000e-08  6.93690397e-03 
 4.91200000e-08  6.81913062e-03 
 4.91400000e-08  6.70032422e-03 
 4.91600000e-08  6.58050378e-03 
 4.91800000e-08  6.45968840e-03 
 4.92000000e-08  6.33789729e-03 
 4.92200000e-08  6.21514974e-03 
 4.92400000e-08  6.09146514e-03 
 4.92600000e-08  5.96686294e-03 
 4.92800000e-08  5.84136270e-03 
 4.93000000e-08  5.71498405e-03 
 4.93200000e-08  5.58774670e-03 
 4.93400000e-08  5.45967043e-03 
 4.93600000e-08  5.33077508e-03 
 4.93800000e-08  5.20108058e-03 
 4.94000000e-08  5.07060692e-03 
 4.94200000e-08  4.93937416e-03 
 4.94400000e-08  4.80740239e-03 
 4.94600000e-08  4.67471181e-03 
 4.94800000e-08  4.54132263e-03 
 4.95000000e-08  4.40725516e-03 
 4.95200000e-08  4.27252971e-03 
 4.95400000e-08  4.13716669e-03 
 4.95600000e-08  4.00118654e-03 
 4.95800000e-08  3.86460974e-03 
 4.96000000e-08  3.72745682e-03 
 4.96200000e-08  3.58974835e-03 
 4.96400000e-08  3.45150497e-03 
 4.96600000e-08  3.31274732e-03 
 4.96800000e-08  3.17349610e-03 
 4.97000000e-08  3.03377204e-03 
 4.97200000e-08  2.89359592e-03 
 4.97400000e-08  2.75298853e-03 
 4.97600000e-08  2.61197072e-03 
 4.97800000e-08  2.47056334e-03 
 4.98000000e-08  2.32878731e-03 
 4.98200000e-08  2.18666353e-03 
 4.98400000e-08  2.04421296e-03 
 4.98600000e-08  1.90145659e-03 
 4.98800000e-08  1.75841542e-03 
 4.99000000e-08  1.61511047e-03 
 4.99200000e-08  1.47156279e-03 
 4.99400000e-08  1.32779346e-03 
 4.99600000e-08  1.18382357e-03 
 4.99800000e-08  1.03967423e-03 
 5.00000000e-08  8.95366558e-04 
 5.00200000e-08  7.50921713e-04 
 5.00400000e-08  6.06360852e-04 
 5.00600000e-08  4.61705151e-04 
 5.00800000e-08  3.16975801e-04 
 5.01000000e-08  1.72194005e-04 
 5.01200000e-08  2.73809763e-05 
 5.01400000e-08 -1.17442059e-04 
 5.01600000e-08 -2.62253868e-04 
 5.01800000e-08 -4.07033207e-04 
 5.02000000e-08 -5.51758826e-04 
 5.02200000e-08 -6.96409469e-04 
 5.02400000e-08 -8.40963876e-04 
 5.02600000e-08 -9.85400782e-04 
 5.02800000e-08 -1.12969892e-03 
 5.03000000e-08 -1.27383702e-03 
 5.03200000e-08 -1.41779382e-03 
 5.03400000e-08 -1.56154804e-03 
 5.03600000e-08 -1.70507843e-03 
 5.03800000e-08 -1.84836371e-03 
 5.04000000e-08 -1.99138265e-03 
 5.04200000e-08 -2.13411398e-03 
 5.04400000e-08 -2.27653647e-03 
 5.04600000e-08 -2.41862889e-03 
 5.04800000e-08 -2.56037001e-03 
 5.05000000e-08 -2.70173864e-03 
 5.05200000e-08 -2.84271358e-03 
 5.05400000e-08 -2.98327365e-03 
 5.05600000e-08 -3.12339770e-03 
 5.05800000e-08 -3.26306460e-03 
 5.06000000e-08 -3.40225322e-03 
 5.06200000e-08 -3.54094249e-03 
 5.06400000e-08 -3.67911132e-03 
 5.06600000e-08 -3.81673870e-03 
 5.06800000e-08 -3.95380361e-03 
 5.07000000e-08 -4.09028508e-03 
 5.07200000e-08 -4.22616218e-03 
 5.07400000e-08 -4.36141400e-03 
 5.07600000e-08 -4.49601969e-03 
 5.07800000e-08 -4.62995843e-03 
 5.08000000e-08 -4.76320944e-03 
 5.08200000e-08 -4.89575200e-03 
 5.08400000e-08 -5.02756544e-03 
 5.08600000e-08 -5.15862913e-03 
 5.08800000e-08 -5.28892252e-03 
 5.09000000e-08 -5.41842510e-03 
 5.09200000e-08 -5.54711643e-03 
 5.09400000e-08 -5.67497613e-03 
 5.09600000e-08 -5.80198389e-03 
 5.09800000e-08 -5.92811948e-03 
 5.10000000e-08 -6.05336274e-03 
 5.10200000e-08 -6.17769358e-03 
 5.10400000e-08 -6.30109202e-03 
 5.10600000e-08 -6.42353813e-03 
 5.10800000e-08 -6.54501209e-03 
 5.11000000e-08 -6.66549419e-03 
 5.11200000e-08 -6.78496477e-03 
 5.11400000e-08 -6.90340432e-03 
 5.11600000e-08 -7.02079341e-03 
 5.11800000e-08 -7.13711272e-03 
 5.12000000e-08 -7.25234305e-03 
 5.12200000e-08 -7.36646531e-03 
 5.12400000e-08 -7.47946055e-03 
 5.12600000e-08 -7.59130993e-03 
 5.12800000e-08 -7.70199473e-03 
 5.13000000e-08 -7.81149638e-03 
 5.13200000e-08 -7.91979645e-03 
 5.13400000e-08 -8.02687666e-03 
 5.13600000e-08 -8.13271885e-03 
 5.13800000e-08 -8.23730505e-03 
 5.14000000e-08 -8.34061741e-03 
 5.14200000e-08 -8.44263827e-03 
 5.14400000e-08 -8.54335012e-03 
 5.14600000e-08 -8.64273563e-03 
 5.14800000e-08 -8.74077765e-03 
 5.15000000e-08 -8.83745919e-03 
 5.15200000e-08 -8.93276348e-03 
 5.15400000e-08 -9.02667390e-03 
 5.15600000e-08 -9.11917406e-03 
 5.15800000e-08 -9.21024774e-03 
 5.16000000e-08 -9.29987896e-03 
 5.16200000e-08 -9.38805191e-03 
 5.16400000e-08 -9.47475103e-03 
 5.16600000e-08 -9.55996095e-03 
 5.16800000e-08 -9.64366655e-03 
 5.17000000e-08 -9.72585291e-03 
 5.17200000e-08 -9.80650538e-03 
 5.17400000e-08 -9.88560952e-03 
 5.17600000e-08 -9.96315113e-03 
 5.17800000e-08 -1.00391163e-02 
 5.18000000e-08 -1.01134913e-02 
 5.18200000e-08 -1.01862627e-02 
 5.18400000e-08 -1.02574174e-02 
 5.18600000e-08 -1.03269424e-02 
 5.18800000e-08 -1.03948251e-02 
 5.19000000e-08 -1.04610532e-02 
 5.19200000e-08 -1.05256146e-02 
 5.19400000e-08 -1.05884975e-02 
 5.19600000e-08 -1.06496903e-02 
 5.19800000e-08 -1.07091819e-02 
 5.20000000e-08 -1.07669613e-02 
 5.20200000e-08 -1.08230179e-02 
 5.20400000e-08 -1.08773415e-02 
 5.20600000e-08 -1.09299220e-02 
 5.20800000e-08 -1.09807496e-02 
 5.21000000e-08 -1.10298151e-02 
 5.21200000e-08 -1.10771094e-02 
 5.21400000e-08 -1.11226236e-02 
 5.21600000e-08 -1.11663495e-02 
 5.21800000e-08 -1.12082789e-02 
 5.22000000e-08 -1.12484040e-02 
 5.22200000e-08 -1.12867175e-02 
 5.22400000e-08 -1.13232122e-02 
 5.22600000e-08 -1.13578815e-02 
 5.22800000e-08 -1.13907188e-02 
 5.23000000e-08 -1.14217182e-02 
 5.23200000e-08 -1.14508739e-02 
 5.23400000e-08 -1.14781806e-02 
 5.23600000e-08 -1.15036332e-02 
 5.23800000e-08 -1.15272271e-02 
 5.24000000e-08 -1.15489581e-02 
 5.24200000e-08 -1.15688220e-02 
 5.24400000e-08 -1.15868154e-02 
 5.24600000e-08 -1.16029350e-02 
 5.24800000e-08 -1.16171780e-02 
 5.25000000e-08 -1.16295417e-02 
 5.25200000e-08 -1.16400242e-02 
 5.25400000e-08 -1.16486235e-02 
 5.25600000e-08 -1.16553383e-02 
 5.25800000e-08 -1.16601674e-02 
 5.26000000e-08 -1.16631103e-02 
 5.26200000e-08 -1.16641665e-02 
 5.26400000e-08 -1.16633361e-02 
 5.26600000e-08 -1.16606195e-02 
 5.26800000e-08 -1.16560173e-02 
 5.27000000e-08 -1.16495308e-02 
 5.27200000e-08 -1.16411614e-02 
 5.27400000e-08 -1.16309109e-02 
 5.27600000e-08 -1.16187816e-02 
 5.27800000e-08 -1.16047759e-02 
 5.28000000e-08 -1.15888968e-02 
 5.28200000e-08 -1.15711475e-02 
 5.28400000e-08 -1.15515316e-02 
 5.28600000e-08 -1.15300532e-02 
 5.28800000e-08 -1.15067165e-02 
 5.29000000e-08 -1.14815262e-02 
 5.29200000e-08 -1.14544873e-02 
 5.29400000e-08 -1.14256051e-02 
 5.29600000e-08 -1.13948854e-02 
 5.29800000e-08 -1.13623341e-02 
 5.30000000e-08 -1.13279576e-02 
 5.30200000e-08 -1.12917627e-02 
 5.30400000e-08 -1.12537563e-02 
 5.30600000e-08 -1.12139458e-02 
 5.30800000e-08 -1.11723389e-02 
 5.31000000e-08 -1.11289436e-02 
 5.31200000e-08 -1.10837681e-02 
 5.31400000e-08 -1.10368212e-02 
 5.31600000e-08 -1.09881117e-02 
 5.31800000e-08 -1.09376489e-02 
 5.32000000e-08 -1.08854423e-02 
 5.32200000e-08 -1.08315018e-02 
 5.32400000e-08 -1.07758375e-02 
 5.32600000e-08 -1.07184598e-02 
 5.32800000e-08 -1.06593795e-02 
 5.33000000e-08 -1.05986075e-02 
 5.33200000e-08 -1.05361552e-02 
 5.33400000e-08 -1.04720340e-02 
 5.33600000e-08 -1.04062558e-02 
 5.33800000e-08 -1.03388326e-02 
 5.34000000e-08 -1.02697769e-02 
 5.34200000e-08 -1.01991012e-02 
 5.34400000e-08 -1.01268183e-02 
 5.34600000e-08 -1.00529414e-02 
 5.34800000e-08 -9.97748387e-03 
 5.35000000e-08 -9.90045919e-03 
 5.35200000e-08 -9.82188124e-03 
 5.35400000e-08 -9.74176405e-03 
 5.35600000e-08 -9.66012189e-03 
 5.35800000e-08 -9.57696926e-03 
 5.36000000e-08 -9.49232087e-03 
 5.36200000e-08 -9.40619164e-03 
 5.36400000e-08 -9.31859670e-03 
 5.36600000e-08 -9.22955137e-03 
 5.36800000e-08 -9.13907119e-03 
 5.37000000e-08 -9.04717188e-03 
 5.37200000e-08 -8.95386934e-03 
 5.37400000e-08 -8.85917968e-03 
 5.37600000e-08 -8.76311916e-03 
 5.37800000e-08 -8.66570423e-03 
 5.38000000e-08 -8.56695153e-03 
 5.38200000e-08 -8.46687783e-03 
 5.38400000e-08 -8.36550008e-03 
 5.38600000e-08 -8.26283540e-03 
 5.38800000e-08 -8.15890105e-03 
 5.39000000e-08 -8.05371444e-03 
 5.39200000e-08 -7.94729312e-03 
 5.39400000e-08 -7.83965481e-03 
 5.39600000e-08 -7.73081733e-03 
 5.39800000e-08 -7.62079866e-03 
 5.40000000e-08 -7.50961690e-03 
 5.40200000e-08 -7.39729029e-03 
 5.40400000e-08 -7.28383716e-03 
 5.40600000e-08 -7.16927599e-03 
 5.40800000e-08 -7.05362536e-03 
 5.41000000e-08 -6.93690397e-03 
 5.41200000e-08 -6.81913062e-03 
 5.41400000e-08 -6.70032422e-03 
 5.41600000e-08 -6.58050378e-03 
 5.41800000e-08 -6.45968840e-03 
 5.42000000e-08 -6.33789729e-03 
 5.42200000e-08 -6.21514974e-03 
 5.42400000e-08 -6.09146514e-03 
 5.42600000e-08 -5.96686294e-03 
 5.42800000e-08 -5.84136270e-03 
 5.43000000e-08 -5.71498405e-03 
 5.43200000e-08 -5.58774670e-03 
 5.43400000e-08 -5.45967043e-03 
 5.43600000e-08 -5.33077508e-03 
 5.43800000e-08 -5.20108058e-03 
 5.44000000e-08 -5.07060692e-03 
 5.44200000e-08 -4.93937416e-03 
 5.44400000e-08 -4.80740239e-03 
 5.44600000e-08 -4.67471181e-03 
 5.44800000e-08 -4.54132263e-03 
 5.45000000e-08 -4.40725516e-03 
 5.45200000e-08 -4.27252971e-03 
 5.45400000e-08 -4.13716669e-03 
 5.45600000e-08 -4.00118654e-03 
 5.45800000e-08 -3.86460974e-03 
 5.46000000e-08 -3.72745682e-03 
 5.46200000e-08 -3.58974835e-03 
 5.46400000e-08 -3.45150497e-03 
 5.46600000e-08 -3.31274732e-03 
 5.46800000e-08 -3.17349610e-03 
 5.47000000e-08 -3.03377204e-03 
 5.47200000e-08 -2.89359592e-03 
 5.47400000e-08 -2.75298853e-03 
 5.47600000e-08 -2.61197072e-03 
 5.47800000e-08 -2.47056334e-03 
 5.48000000e-08 -2.32878731e-03 
 5.48200000e-08 -2.18666353e-03 
 5.48400000e-08 -2.04421296e-03 
 5.48600000e-08 -1.90145659e-03 
 5.48800000e-08 -1.75841542e-03 
 5.49000000e-08 -1.61511047e-03 
 5.49200000e-08 -1.47156279e-03 
 5.49400000e-08 -1.32779346e-03 
 5.49600000e-08 -1.18382357e-03 
 5.49800000e-08 -1.03967423e-03 
 5.50000000e-08 -8.95366558e-04 
 5.50200000e-08 -7.50921713e-04 
 5.50400000e-08 -6.06360852e-04 
 5.50600000e-08 -4.61705151e-04 
 5.50800000e-08 -3.16975801e-04 
 5.51000000e-08 -1.72194005e-04 
 5.51200000e-08 -2.73809763e-05 
 5.51400000e-08  1.17442059e-04 
 5.51600000e-08  2.62253868e-04 
 5.51800000e-08  4.07033207e-04 
 5.52000000e-08  5.51758826e-04 
 5.52200000e-08  6.96409469e-04 
 5.52400000e-08  8.40963876e-04 
 5.52600000e-08  9.85400782e-04 
 5.52800000e-08  1.12969892e-03 
 5.53000000e-08  1.27383702e-03 
 5.53200000e-08  1.41779382e-03 
 5.53400000e-08  1.56154804e-03 
 5.53600000e-08  1.70507843e-03 
 5.53800000e-08  1.84836371e-03 
 5.54000000e-08  1.99138265e-03 
 5.54200000e-08  2.13411398e-03 
 5.54400000e-08  2.27653647e-03 
 5.54600000e-08  2.41862889e-03 
 5.54800000e-08  2.56037001e-03 
 5.55000000e-08  2.70173864e-03 
 5.55200000e-08  2.84271358e-03 
 5.55400000e-08  2.98327365e-03 
 5.55600000e-08  3.12339770e-03 
 5.55800000e-08  3.26306460e-03 
 5.56000000e-08  3.40225322e-03 
 5.56200000e-08  3.54094249e-03 
 5.56400000e-08  3.67911132e-03 
 5.56600000e-08  3.81673870e-03 
 5.56800000e-08  3.95380361e-03 
 5.57000000e-08  4.09028508e-03 
 5.57200000e-08  4.22616218e-03 
 5.57400000e-08  4.36141400e-03 
 5.57600000e-08  4.49601969e-03 
 5.57800000e-08  4.62995843e-03 
 5.58000000e-08  4.76320944e-03 
 5.58200000e-08  4.89575200e-03 
 5.58400000e-08  5.02756544e-03 
 5.58600000e-08  5.15862913e-03 
 5.58800000e-08  5.28892252e-03 
 5.59000000e-08  5.41842510e-03 
 5.59200000e-08  5.54711643e-03 
 5.59400000e-08  5.67497613e-03 
 5.59600000e-08  5.80198389e-03 
 5.59800000e-08  5.92811948e-03 
 5.60000000e-08  6.05336274e-03 
 5.60200000e-08  6.17769358e-03 
 5.60400000e-08  6.30109202e-03 
 5.60600000e-08  6.42353813e-03 
 5.60800000e-08  6.54501209e-03 
 5.61000000e-08  6.66549419e-03 
 5.61200000e-08  6.78496477e-03 
 5.61400000e-08  6.90340432e-03 
 5.61600000e-08  7.02079341e-03 
 5.61800000e-08  7.13711272e-03 
 5.62000000e-08  7.25234305e-03 
 5.62200000e-08  7.36646532e-03 
 5.62400000e-08  7.47946055e-03 
 5.62600000e-08  7.59130993e-03 
 5.62800000e-08  7.70199472e-03 
 5.63000000e-08  7.81149638e-03 
 5.63200000e-08  7.91979645e-03 
 5.63400000e-08  8.02687666e-03 
 5.63600000e-08  8.13271885e-03 
 5.63800000e-08  8.23730505e-03 
 5.64000000e-08  8.34061741e-03 
 5.64200000e-08  8.44263827e-03 
 5.64400000e-08  8.54335012e-03 
 5.64600000e-08  8.64273563e-03 
 5.64800000e-08  8.74077765e-03 
 5.65000000e-08  8.83745919e-03 
 5.65200000e-08  8.93276348e-03 
 5.65400000e-08  9.02667390e-03 
 5.65600000e-08  9.11917406e-03 
 5.65800000e-08  9.21024774e-03 
 5.66000000e-08  9.29987896e-03 
 5.66200000e-08  9.38805191e-03 
 5.66400000e-08  9.47475103e-03 
 5.66600000e-08  9.55996095e-03 
 5.66800000e-08  9.64366655e-03 
 5.67000000e-08  9.72585291e-03 
 5.67200000e-08  9.80650538e-03 
 5.67400000e-08  9.88560952e-03 
 5.67600000e-08  9.96315113e-03 
 5.67800000e-08  1.00391163e-02 
 5.68000000e-08  1.01134913e-02 
 5.68200000e-08  1.01862627e-02 
 5.68400000e-08  1.02574174e-02 
 5.68600000e-08  1.03269424e-02 
 5.68800000e-08  1.03948251e-02 
 5.69000000e-08  1.04610532e-02 
 5.69200000e-08  1.05256146e-02 
 5.69400000e-08  1.05884975e-02 
 5.69600000e-08  1.06496903e-02 
 5.69800000e-08  1.07091819e-02 
 5.70000000e-08  1.07669613e-02 
 5.70200000e-08  1.08230179e-02 
 5.70400000e-08  1.08773415e-02 
 5.70600000e-08  1.09299220e-02 
 5.70800000e-08  1.09807496e-02 
 5.71000000e-08  1.10298151e-02 
 5.71200000e-08  1.10771094e-02 
 5.71400000e-08  1.11226236e-02 
 5.71600000e-08  1.11663495e-02 
 5.71800000e-08  1.12082789e-02 
 5.72000000e-08  1.12484040e-02 
 5.72200000e-08  1.12867175e-02 
 5.72400000e-08  1.13232122e-02 
 5.72600000e-08  1.13578815e-02 
 5.72800000e-08  1.13907188e-02 
 5.73000000e-08  1.14217182e-02 
 5.73200000e-08  1.14508739e-02 
 5.73400000e-08  1.14781806e-02 
 5.73600000e-08  1.15036332e-02 
 5.73800000e-08  1.15272271e-02 
 5.74000000e-08  1.15489581e-02 
 5.74200000e-08  1.15688220e-02 
 5.74400000e-08  1.15868154e-02 
 5.74600000e-08  1.16029350e-02 
 5.74800000e-08  1.16171780e-02 
 5.75000000e-08  1.16295417e-02 
 5.75200000e-08  1.16400242e-02 
 5.75400000e-08  1.16486235e-02 
 5.75600000e-08  1.16553383e-02 
 5.75800000e-08  1.16601674e-02 
 5.76000000e-08  1.16631103e-02 
 5.76200000e-08  1.16641665e-02 
 5.76400000e-08  1.16633361e-02 
 5.76600000e-08  1.16606195e-02 
 5.76800000e-08  1.16560173e-02 
 5.77000000e-08  1.16495308e-02 
 5.77200000e-08  1.16411614e-02 
 5.77400000e-08  1.16309109e-02 
 5.77600000e-08  1.16187816e-02 
 5.77800000e-08  1.16047759e-02 
 5.78000000e-08  1.15888968e-02 
 5.78200000e-08  1.15711475e-02 
 5.78400000e-08  1.15515316e-02 
 5.78600000e-08  1.15300532e-02 
 5.78800000e-08  1.15067165e-02 
 5.79000000e-08  1.14815262e-02 
 5.79200000e-08  1.14544873e-02 
 5.79400000e-08  1.14256051e-02 
 5.79600000e-08  1.13948854e-02 
 5.79800000e-08  1.13623341e-02 
 5.80000000e-08  1.13279576e-02 
 5.80200000e-08  1.12917627e-02 
 5.80400000e-08  1.12537563e-02 
 5.80600000e-08  1.12139458e-02 
 5.80800000e-08  1.11723389e-02 
 5.81000000e-08  1.11289436e-02 
 5.81200000e-08  1.10837681e-02 
 5.81400000e-08  1.10368212e-02 
 5.81600000e-08  1.09881117e-02 
 5.81800000e-08  1.09376489e-02 
 5.82000000e-08  1.08854423e-02 
 5.82200000e-08  1.08315018e-02 
 5.82400000e-08  1.07758375e-02 
 5.82600000e-08  1.07184598e-02 
 5.82800000e-08  1.06593795e-02 
 5.83000000e-08  1.05986075e-02 
 5.83200000e-08  1.05361552e-02 
 5.83400000e-08  1.04720340e-02 
 5.83600000e-08  1.04062558e-02 
 5.83800000e-08  1.03388326e-02 
 5.84000000e-08  1.02697769e-02 
 5.84200000e-08  1.01991012e-02 
 5.84400000e-08  1.01268183e-02 
 5.84600000e-08  1.00529414e-02 
 5.84800000e-08  9.97748387e-03 
 5.85000000e-08  9.90045919e-03 
 5.85200000e-08  9.82188124e-03 
 5.85400000e-08  9.74176405e-03 
 5.85600000e-08  9.66012189e-03 
 5.85800000e-08  9.57696926e-03 
 5.86000000e-08  9.49232087e-03 
 5.86200000e-08  9.40619164e-03 
 5.86400000e-08  9.31859670e-03 
 5.86600000e-08  9.22955137e-03 
 5.86800000e-08  9.13907119e-03 
 5.87000000e-08  9.04717188e-03 
 5.87200000e-08  8.95386934e-03 
 5.87400000e-08  8.85917968e-03 
 5.87600000e-08  8.76311916e-03 
 5.87800000e-08  8.66570423e-03 
 5.88000000e-08  8.56695153e-03 
 5.88200000e-08  8.46687783e-03 
 5.88400000e-08  8.36550008e-03 
 5.88600000e-08  8.26283540e-03 
 5.88800000e-08  8.15890105e-03 
 5.89000000e-08  8.05371444e-03 
 5.89200000e-08  7.94729312e-03 
 5.89400000e-08  7.83965481e-03 
 5.89600000e-08  7.73081733e-03 
 5.89800000e-08  7.62079866e-03 
 5.90000000e-08  7.50961690e-03 
 5.90200000e-08  7.39729029e-03 
 5.90400000e-08  7.28383716e-03 
 5.90600000e-08  7.16927599e-03 
 5.90800000e-08  7.05362536e-03 
 5.91000000e-08  6.93690397e-03 
 5.91200000e-08  6.81913062e-03 
 5.91400000e-08  6.70032422e-03 
 5.91600000e-08  6.58050378e-03 
 5.91800000e-08  6.45968840e-03 
 5.92000000e-08  6.33789729e-03 
 5.92200000e-08  6.21514974e-03 
 5.92400000e-08  6.09146514e-03 
 5.92600000e-08  5.96686294e-03 
 5.92800000e-08  5.84136270e-03 
 5.93000000e-08  5.71498405e-03 
 5.93200000e-08  5.58774670e-03 
 5.93400000e-08  5.45967043e-03 
 5.93600000e-08  5.33077508e-03 
 5.93800000e-08  5.20108058e-03 
 5.94000000e-08  5.07060692e-03 
 5.94200000e-08  4.93937416e-03 
 5.94400000e-08  4.80740239e-03 
 5.94600000e-08  4.67471181e-03 
 5.94800000e-08  4.54132263e-03 
 5.95000000e-08  4.40725516e-03 
 5.95200000e-08  4.27252971e-03 
 5.95400000e-08  4.13716669e-03 
 5.95600000e-08  4.00118654e-03 
 5.95800000e-08  3.86460974e-03 
 5.96000000e-08  3.72745682e-03 
 5.96200000e-08  3.58974835e-03 
 5.96400000e-08  3.45150497e-03 
 5.96600000e-08  3.31274732e-03 
 5.96800000e-08  3.17349610e-03 
 5.97000000e-08  3.03377204e-03 
 5.97200000e-08  2.89359592e-03 
 5.97400000e-08  2.75298853e-03 
 5.97600000e-08  2.61197072e-03 
 5.97800000e-08  2.47056334e-03 
 5.98000000e-08  2.32878731e-03 
 5.98200000e-08  2.18666353e-03 
 5.98400000e-08  2.04421296e-03 
 5.98600000e-08  1.90145659e-03 
 5.98800000e-08  1.75841542e-03 
 5.99000000e-08  1.61511047e-03 
 5.99200000e-08  1.47156279e-03 
 5.99400000e-08  1.32779346e-03 
 5.99600000e-08  1.18382357e-03 
 5.99800000e-08  1.03967423e-03 
 6.00000000e-08  8.95378405e-04 
