 0.00000000e+00  0.00000000e+00 
 2.00000000e-11  1.16921270e-03 
 4.00000000e-11  1.91701073e-03 
 6.00000000e-11  2.32753796e-03 
 8.00000000e-11  2.43046852e-03 
 1.00000000e-10  2.27121475e-03 
 1.20000000e-10  1.88887126e-03 
 1.40000000e-10  1.31711918e-03 
 1.60000000e-10  5.84968157e-04 
 1.80000000e-10 -2.82604822e-04 
 2.00000000e-10 -1.26407620e-03 
 2.20000000e-10 -2.34092935e-03 
 2.40000000e-10 -3.49719938e-03 
 2.60000000e-10 -4.71916612e-03 
 2.80000000e-10 -5.99499336e-03 
 3.00000000e-10 -7.31452300e-03 
 3.20000000e-10 -8.66898616e-03 
 3.40000000e-10 -1.00508707e-02 
 3.60000000e-10 -1.14536871e-02 
 3.80000000e-10 -1.28718889e-02 
 4.00000000e-10 -1.43006807e-02 
 4.20000000e-10 -1.57359767e-02 
 4.40000000e-10 -1.71742406e-02 
 4.60000000e-10 -1.86124718e-02 
 4.80000000e-10 -2.00480699e-02 
 5.00000000e-10 -2.14788407e-02 
 5.20000000e-10 -2.29028794e-02 
 5.40000000e-10 -2.43185905e-02 
 5.60000000e-10 -2.57245861e-02 
 5.80000000e-10 -2.71197153e-02 
 6.00000000e-10 -2.85029741e-02 
 6.20000000e-10 -2.98735413e-02 
 6.40000000e-10 -3.12306979e-02 
 6.60000000e-10 -3.25738670e-02 
 6.80000000e-10 -3.39025409e-02 
 7.00000000e-10 -3.52163237e-02 
 7.20000000e-10 -3.65148640e-02 
 7.40000000e-10 -3.77978996e-02 
 7.60000000e-10 -3.90651947e-02 
 7.80000000e-10 -4.03165855e-02 
 8.00000000e-10 -4.15519217e-02 
 8.20000000e-10 -4.27711117e-02 
 8.40000000e-10 -4.39740678e-02 
 8.60000000e-10 -4.51607514e-02 
 8.80000000e-10 -4.63311209e-02 
 9.00000000e-10 -4.74851760e-02 
 9.20000000e-10 -4.86229087e-02 
 9.40000000e-10 -4.97443466e-02 
 9.60000000e-10 -5.08495058e-02 
 9.80000000e-10 -5.19384338e-02 
 1.00000000e-09 -5.30111643e-02 
 1.02000000e-09 -5.40677588e-02 
 1.04000000e-09 -5.51082636e-02 
 1.06000000e-09 -5.61327497e-02 
 1.08000000e-09 -5.71412723e-02 
 1.10000000e-09 -5.81339091e-02 
 1.12000000e-09 -5.91107211e-02 
 1.14000000e-09 -6.00717904e-02 
 1.16000000e-09 -6.10171821e-02 
 1.18000000e-09 -6.19469808e-02 
 1.20000000e-09 -6.28612544e-02 
 1.22000000e-09 -6.37600888e-02 
 1.24000000e-09 -6.46435533e-02 
 1.26000000e-09 -6.55117345e-02 
 1.28000000e-09 -6.63647025e-02 
 1.30000000e-09 -6.72025438e-02 
 1.32000000e-09 -6.80253286e-02 
 1.34000000e-09 -6.88331429e-02 
 1.36000000e-09 -6.96260568e-02 
 1.38000000e-09 -7.04041553e-02 
 1.40000000e-09 -7.11675082e-02 
 1.42000000e-09 -7.19161992e-02 
 1.44000000e-09 -7.26502974e-02 
 1.46000000e-09 -7.33698853e-02 
 1.48000000e-09 -7.40750310e-02 
 1.50000000e-09 -7.47658157e-02 
 1.52000000e-09 -7.54423064e-02 
 1.54000000e-09 -7.61045825e-02 
 1.56000000e-09 -7.67527102e-02 
 1.58000000e-09 -7.73867670e-02 
 1.60000000e-09 -7.80068178e-02 
 1.62000000e-09 -7.86129386e-02 
 1.64000000e-09 -7.92051925e-02 
 1.66000000e-09 -7.97836537e-02 
 1.68000000e-09 -8.03483840e-02 
 1.70000000e-09 -8.08994554e-02 
 1.72000000e-09 -8.14369282e-02 
 1.74000000e-09 -8.19608722e-02 
 1.76000000e-09 -8.24713458e-02 
 1.78000000e-09 -8.29684169e-02 
 1.80000000e-09 -8.34521418e-02 
 1.82000000e-09 -8.39225860e-02 
 1.84000000e-09 -8.43798038e-02 
 1.86000000e-09 -8.48238583e-02 
 1.88000000e-09 -8.52548016e-02 
 1.90000000e-09 -8.56726941e-02 
 1.92000000e-09 -8.60775857e-02 
 1.94000000e-09 -8.64695340e-02 
 1.96000000e-09 -8.68485863e-02 
 1.98000000e-09 -8.72147975e-02 
 2.00000000e-09 -8.75682122e-02 
 2.02000000e-09 -8.79088823e-02 
 2.04000000e-09 -8.82368496e-02 
 2.06000000e-09 -8.85521628e-02 
 2.08000000e-09 -8.88548610e-02 
 2.10000000e-09 -8.91449894e-02 
 2.12000000e-09 -8.94225840e-02 
 2.14000000e-09 -8.96876867e-02 
 2.16000000e-09 -8.99403302e-02 
 2.18000000e-09 -9.01805530e-02 
 2.20000000e-09 -9.04083844e-02 
 2.22000000e-09 -9.06238592e-02 
 2.24000000e-09 -9.08270032e-02 
 2.26000000e-09 -9.10178475e-02 
 2.28000000e-09 -9.11964145e-02 
 2.30000000e-09 -9.13627311e-02 
 2.32000000e-09 -9.15168162e-02 
 2.34000000e-09 -9.16586928e-02 
 2.36000000e-09 -9.17883759e-02 
 2.38000000e-09 -9.19058847e-02 
 2.40000000e-09 -9.20112302e-02 
 2.42000000e-09 -9.21044275e-02 
 2.44000000e-09 -9.21854839e-02 
 2.46000000e-09 -9.22544102e-02 
 2.48000000e-09 -9.23112097e-02 
 2.50000000e-09 -9.23558894e-02 
 2.52000000e-09 -9.23884485e-02 
 2.54000000e-09 -9.24088898e-02 
 2.56000000e-09 -9.24172086e-02 
 2.58000000e-09 -9.24134035e-02 
 2.60000000e-09 -9.23974661e-02 
 2.62000000e-09 -9.23693909e-02 
 2.64000000e-09 -9.23291655e-02 
 2.66000000e-09 -9.22767805e-02 
 2.68000000e-09 -9.22122198e-02 
 2.70000000e-09 -9.21354700e-02 
 2.72000000e-09 -9.20465114e-02 
 2.74000000e-09 -9.19453267e-02 
 2.76000000e-09 -9.18318928e-02 
 2.78000000e-09 -9.17061889e-02 
 2.80000000e-09 -9.15681883e-02 
 2.82000000e-09 -9.14178669e-02 
 2.84000000e-09 -9.12551949e-02 
 2.86000000e-09 -9.10801449e-02 
 2.88000000e-09 -9.08926842e-02 
 2.90000000e-09 -9.06927825e-02 
 2.92000000e-09 -9.04804044e-02 
 2.94000000e-09 -9.02555170e-02 
 2.96000000e-09 -9.00180825e-02 
 2.98000000e-09 -8.97680658e-02 
 3.00000000e-09 -8.95054269e-02 
 3.02000000e-09 -8.92301289e-02 
 3.04000000e-09 -8.89421302e-02 
 3.06000000e-09 -8.86413921e-02 
 3.08000000e-09 -8.83278721e-02 
 3.10000000e-09 -8.80015303e-02 
 3.12000000e-09 -8.76623234e-02 
 3.14000000e-09 -8.73102108e-02 
 3.16000000e-09 -8.69451491e-02 
 3.18000000e-09 -8.65670976e-02 
 3.20000000e-09 -8.61760130e-02 
 3.22000000e-09 -8.57718552e-02 
 3.24000000e-09 -8.53545817e-02 
 3.26000000e-09 -8.49241536e-02 
 3.28000000e-09 -8.44805296e-02 
 3.30000000e-09 -8.40236726e-02 
 3.32000000e-09 -8.35535435e-02 
 3.34000000e-09 -8.30701072e-02 
 3.36000000e-09 -8.25733277e-02 
 3.38000000e-09 -8.20631728e-02 
 3.40000000e-09 -8.15396099e-02 
 3.42000000e-09 -8.10026107e-02 
 3.44000000e-09 -8.04521465e-02 
 3.46000000e-09 -7.98881937e-02 
 3.48000000e-09 -7.93107285e-02 
 3.50000000e-09 -7.87197324e-02 
 3.52000000e-09 -7.81151874e-02 
 3.54000000e-09 -7.74970808e-02 
 3.56000000e-09 -7.68654012e-02 
 3.58000000e-09 -7.62201427e-02 
 3.60000000e-09 -7.55613010e-02 
 3.62000000e-09 -7.48888777e-02 
 3.64000000e-09 -7.42028764e-02 
 3.66000000e-09 -7.35033072e-02 
 3.68000000e-09 -7.27901824e-02 
 3.70000000e-09 -7.20635209e-02 
 3.72000000e-09 -7.13233446e-02 
 3.74000000e-09 -7.05696822e-02 
 3.76000000e-09 -6.98025656e-02 
 3.78000000e-09 -6.90220342e-02 
 3.80000000e-09 -6.82281306e-02 
 3.82000000e-09 -6.74209051e-02 
 3.84000000e-09 -6.66004121e-02 
 3.86000000e-09 -6.57667135e-02 
 3.88000000e-09 -6.49198757e-02 
 3.90000000e-09 -6.40599729e-02 
 3.92000000e-09 -6.31870840e-02 
 3.94000000e-09 -6.23012961e-02 
 3.96000000e-09 -6.14027012e-02 
 3.98000000e-09 -6.04913992e-02 
 4.00000000e-09 -5.95674958e-02 
 4.02000000e-09 -5.86311046e-02 
 4.04000000e-09 -5.76823447e-02 
 4.06000000e-09 -5.67213435e-02 
 4.08000000e-09 -5.57482343e-02 
 4.10000000e-09 -5.47631583e-02 
 4.12000000e-09 -5.37662628e-02 
 4.14000000e-09 -5.27577034e-02 
 4.16000000e-09 -5.17376412e-02 
 4.18000000e-09 -5.07062458e-02 
 4.20000000e-09 -4.96636927e-02 
 4.22000000e-09 -4.86101652e-02 
 4.24000000e-09 -4.75458526e-02 
 4.26000000e-09 -4.64709522e-02 
 4.28000000e-09 -4.53856669e-02 
 4.30000000e-09 -4.42902074e-02 
 4.32000000e-09 -4.31847898e-02 
 4.34000000e-09 -4.20696380e-02 
 4.36000000e-09 -4.09449809e-02 
 4.38000000e-09 -3.98110549e-02 
 4.40000000e-09 -3.86681013e-02 
 4.42000000e-09 -3.75163685e-02 
 4.44000000e-09 -3.63561095e-02 
 4.46000000e-09 -3.51875839e-02 
 4.48000000e-09 -3.40110558e-02 
 4.50000000e-09 -3.28267954e-02 
 4.52000000e-09 -3.16350770e-02 
 4.54000000e-09 -3.04361806e-02 
 4.56000000e-09 -2.92303897e-02 
 4.58000000e-09 -2.80179934e-02 
 4.60000000e-09 -2.67992837e-02 
 4.62000000e-09 -2.55745575e-02 
 4.64000000e-09 -2.43441144e-02 
 4.66000000e-09 -2.31082583e-02 
 4.68000000e-09 -2.18672954e-02 
 4.70000000e-09 -2.06215355e-02 
 4.72000000e-09 -1.93712902e-02 
 4.74000000e-09 -1.81168745e-02 
 4.76000000e-09 -1.68586044e-02 
 4.78000000e-09 -1.55967987e-02 
 4.80000000e-09 -1.43317768e-02 
 4.82000000e-09 -1.30638603e-02 
 4.84000000e-09 -1.17933710e-02 
 4.86000000e-09 -1.05206324e-02 
 4.88000000e-09 -9.24596741e-03 
 4.90000000e-09 -7.96970018e-03 
 4.92000000e-09 -6.69215404e-03 
 4.94000000e-09 -5.41365271e-03 
 4.96000000e-09 -4.13451875e-03 
 4.98000000e-09 -2.85507454e-03 
 5.00000000e-09 -1.57564085e-03 
 5.02000000e-09 -2.96537754e-04 
 5.04000000e-09  9.81916739e-04 
 5.06000000e-09  2.25940580e-03 
 5.08000000e-09  3.53561510e-03 
 5.10000000e-09  4.81023197e-03 
 5.12000000e-09  6.08294664e-03 
 5.14000000e-09  7.35345142e-03 
 5.16000000e-09  8.62144194e-03 
 5.18000000e-09  9.88661632e-03 
 5.20000000e-09  1.11486763e-02 
 5.22000000e-09  1.24073266e-02 
 5.24000000e-09  1.36622759e-02 
 5.26000000e-09  1.49132360e-02 
 5.28000000e-09  1.61599231e-02 
 5.30000000e-09  1.74020571e-02 
 5.32000000e-09  1.86393622e-02 
 5.34000000e-09  1.98715665e-02 
 5.36000000e-09  2.10984032e-02 
 5.38000000e-09  2.23196094e-02 
 5.40000000e-09  2.35349271e-02 
 5.42000000e-09  2.47441029e-02 
 5.44000000e-09  2.59468886e-02 
 5.46000000e-09  2.71430404e-02 
 5.48000000e-09  2.83323199e-02 
 5.50000000e-09  2.95144936e-02 
 5.52000000e-09  3.06893333e-02 
 5.54000000e-09  3.18566158e-02 
 5.56000000e-09  3.30161234e-02 
 5.58000000e-09  3.41676434e-02 
 5.60000000e-09  3.53109689e-02 
 5.62000000e-09  3.64458979e-02 
 5.64000000e-09  3.75722342e-02 
 5.66000000e-09  3.86897866e-02 
 5.68000000e-09  3.97983699e-02 
 5.70000000e-09  4.08978037e-02 
 5.72000000e-09  4.19879138e-02 
 5.74000000e-09  4.30685306e-02 
 5.76000000e-09  4.41394906e-02 
 5.78000000e-09  4.52006355e-02 
 5.80000000e-09  4.62518123e-02 
 5.82000000e-09  4.72928733e-02 
 5.84000000e-09  4.83236765e-02 
 5.86000000e-09  4.93440849e-02 
 5.88000000e-09  5.03539668e-02 
 5.90000000e-09  5.13531957e-02 
 5.92000000e-09  5.23416504e-02 
 5.94000000e-09  5.33192147e-02 
 5.96000000e-09  5.42857775e-02 
 5.98000000e-09  5.52412324e-02 
 6.00000000e-09  5.61854785e-02 
 6.02000000e-09  5.71184193e-02 
 6.04000000e-09  5.80399631e-02 
 6.06000000e-09  5.89500231e-02 
 6.08000000e-09  5.98485170e-02 
 6.10000000e-09  6.07353669e-02 
 6.12000000e-09  6.16104998e-02 
 6.14000000e-09  6.24738465e-02 
 6.16000000e-09  6.33253426e-02 
 6.18000000e-09  6.41649273e-02 
 6.20000000e-09  6.49925445e-02 
 6.22000000e-09  6.58081416e-02 
 6.24000000e-09  6.66116702e-02 
 6.26000000e-09  6.74030855e-02 
 6.28000000e-09  6.81823464e-02 
 6.30000000e-09  6.89494156e-02 
 6.32000000e-09  6.97042590e-02 
 6.34000000e-09  7.04468460e-02 
 6.36000000e-09  7.11771492e-02 
 6.38000000e-09  7.18951443e-02 
 6.40000000e-09  7.26008103e-02 
 6.42000000e-09  7.32941289e-02 
 6.44000000e-09  7.39750846e-02 
 6.46000000e-09  7.46436647e-02 
 6.48000000e-09  7.52998591e-02 
 6.50000000e-09  7.59436601e-02 
 6.52000000e-09  7.65750625e-02 
 6.54000000e-09  7.71940632e-02 
 6.56000000e-09  7.78006614e-02 
 6.58000000e-09  7.83948582e-02 
 6.60000000e-09  7.89766567e-02 
 6.62000000e-09  7.95460617e-02 
 6.64000000e-09  8.01030799e-02 
 6.66000000e-09  8.06477194e-02 
 6.68000000e-09  8.11799899e-02 
 6.70000000e-09  8.16999024e-02 
 6.72000000e-09  8.22074691e-02 
 6.74000000e-09  8.27027035e-02 
 6.76000000e-09  8.31856200e-02 
 6.78000000e-09  8.36562340e-02 
 6.80000000e-09  8.41145618e-02 
 6.82000000e-09  8.45606203e-02 
 6.84000000e-09  8.49944272e-02 
 6.86000000e-09  8.54160005e-02 
 6.88000000e-09  8.58253589e-02 
 6.90000000e-09  8.62225212e-02 
 6.92000000e-09  8.66075065e-02 
 6.94000000e-09  8.69803341e-02 
 6.96000000e-09  8.73410235e-02 
 6.98000000e-09  8.76895937e-02 
 7.00000000e-09  8.80260640e-02 
 7.02000000e-09  8.83504534e-02 
 7.04000000e-09  8.86627804e-02 
 7.06000000e-09  8.89630634e-02 
 7.08000000e-09  8.92513201e-02 
 7.10000000e-09  8.95275678e-02 
 7.12000000e-09  8.97918232e-02 
 7.14000000e-09  9.00441022e-02 
 7.16000000e-09  9.02844199e-02 
 7.18000000e-09  9.05127907e-02 
 7.20000000e-09  9.07292281e-02 
 7.22000000e-09  9.09337446e-02 
 7.24000000e-09  9.11263516e-02 
 7.26000000e-09  9.13070594e-02 
 7.28000000e-09  9.14758774e-02 
 7.30000000e-09  9.16328136e-02 
 7.32000000e-09  9.17778748e-02 
 7.34000000e-09  9.19110664e-02 
 7.36000000e-09  9.20323927e-02 
 7.38000000e-09  9.21418563e-02 
 7.40000000e-09  9.22394588e-02 
 7.42000000e-09  9.23251999e-02 
 7.44000000e-09  9.23990781e-02 
 7.46000000e-09  9.24610903e-02 
 7.48000000e-09  9.25112318e-02 
 7.50000000e-09  9.25494965e-02 
 7.52000000e-09  9.25758764e-02 
 7.54000000e-09  9.25903622e-02 
 7.56000000e-09  9.25929429e-02 
 7.58000000e-09  9.25836058e-02 
 7.60000000e-09  9.25623366e-02 
 7.62000000e-09  9.25291194e-02 
 7.64000000e-09  9.24839367e-02 
 7.66000000e-09  9.24267692e-02 
 7.68000000e-09  9.23575963e-02 
 7.70000000e-09  9.22763955e-02 
 7.72000000e-09  9.21831428e-02 
 7.74000000e-09  9.20778128e-02 
 7.76000000e-09  9.19603784e-02 
 7.78000000e-09  9.18308111e-02 
 7.80000000e-09  9.16890809e-02 
 7.82000000e-09  9.15351563e-02 
 7.84000000e-09  9.13690047e-02 
 7.86000000e-09  9.11905917e-02 
 7.88000000e-09  9.09998822e-02 
 7.90000000e-09  9.07968394e-02 
 7.92000000e-09  9.05814257e-02 
 7.94000000e-09  9.03536021e-02 
 7.96000000e-09  9.01133291e-02 
 7.98000000e-09  8.98605657e-02 
 8.00000000e-09  8.95952704e-02 
 8.02000000e-09  8.93174009e-02 
 8.04000000e-09  8.90269142e-02 
 8.06000000e-09  8.87237668e-02 
 8.08000000e-09  8.84079147e-02 
 8.10000000e-09  8.80793135e-02 
 8.12000000e-09  8.77379188e-02 
 8.14000000e-09  8.73836859e-02 
 8.16000000e-09  8.70165702e-02 
 8.18000000e-09  8.66365271e-02 
 8.20000000e-09  8.62435125e-02 
 8.22000000e-09  8.58374826e-02 
 8.24000000e-09  8.54183941e-02 
 8.26000000e-09  8.49862046e-02 
 8.28000000e-09  8.45408724e-02 
 8.30000000e-09  8.40823569e-02 
 8.32000000e-09  8.36106187e-02 
 8.34000000e-09  8.31256196e-02 
 8.36000000e-09  8.26273232e-02 
 8.38000000e-09  8.21156944e-02 
 8.40000000e-09  8.15907004e-02 
 8.42000000e-09  8.10523100e-02 
 8.44000000e-09  8.05004946e-02 
 8.46000000e-09  7.99352278e-02 
 8.48000000e-09  7.93564858e-02 
 8.50000000e-09  7.87642476e-02 
 8.52000000e-09  7.81584952e-02 
 8.54000000e-09  7.75392137e-02 
 8.56000000e-09  7.69063917e-02 
 8.58000000e-09  7.62600211e-02 
 8.60000000e-09  7.56000976e-02 
 8.62000000e-09  7.49266208e-02 
 8.64000000e-09  7.42395947e-02 
 8.66000000e-09  7.35390271e-02 
 8.68000000e-09  7.28249306e-02 
 8.70000000e-09  7.20973223e-02 
 8.72000000e-09  7.13562243e-02 
 8.74000000e-09  7.06016636e-02 
 8.76000000e-09  6.98336724e-02 
 8.78000000e-09  6.90522882e-02 
 8.80000000e-09  6.82575541e-02 
 8.82000000e-09  6.74495189e-02 
 8.84000000e-09  6.66282372e-02 
 8.86000000e-09  6.57937693e-02 
 8.88000000e-09  6.49461821e-02 
 8.90000000e-09  6.40855483e-02 
 8.92000000e-09  6.32119472e-02 
 8.94000000e-09  6.23254645e-02 
 8.96000000e-09  6.14261925e-02 
 8.98000000e-09  6.05142300e-02 
 9.00000000e-09  5.95896829e-02 
 9.02000000e-09  5.86526637e-02 
 9.04000000e-09  5.77032917e-02 
 9.06000000e-09  5.67416935e-02 
 9.08000000e-09  5.57680023e-02 
 9.10000000e-09  5.47823586e-02 
 9.12000000e-09  5.37849098e-02 
 9.14000000e-09  5.27758106e-02 
 9.16000000e-09  5.17552224e-02 
 9.18000000e-09  5.07233139e-02 
 9.20000000e-09  4.96802608e-02 
 9.22000000e-09  4.86262456e-02 
 9.24000000e-09  4.75614579e-02 
 9.26000000e-09  4.64860941e-02 
 9.28000000e-09  4.54003575e-02 
 9.30000000e-09  4.43044578e-02 
 9.32000000e-09  4.31986115e-02 
 9.34000000e-09  4.20830417e-02 
 9.36000000e-09  4.09579777e-02 
 9.38000000e-09  3.98236550e-02 
 9.40000000e-09  3.86803153e-02 
 9.42000000e-09  3.75282061e-02 
 9.44000000e-09  3.63675809e-02 
 9.46000000e-09  3.51986985e-02 
 9.48000000e-09  3.40218233e-02 
 9.50000000e-09  3.28372248e-02 
 9.52000000e-09  3.16451775e-02 
 9.54000000e-09  3.04459608e-02 
 9.56000000e-09  2.92398587e-02 
 9.58000000e-09  2.80271593e-02 
 9.60000000e-09  2.68081550e-02 
 9.62000000e-09  2.55831422e-02 
 9.64000000e-09  2.43524207e-02 
 9.66000000e-09  2.31162937e-02 
 9.68000000e-09  2.18750677e-02 
 9.70000000e-09  2.06290519e-02 
 9.72000000e-09  1.93785584e-02 
 9.74000000e-09  1.81239012e-02 
 9.76000000e-09  1.68653969e-02 
 9.78000000e-09  1.56033635e-02 
 9.80000000e-09  1.43381208e-02 
 9.82000000e-09  1.30699898e-02 
 9.84000000e-09  1.17992927e-02 
 9.86000000e-09  1.05263521e-02 
 9.88000000e-09  9.25149145e-03 
 9.90000000e-09  7.97503431e-03 
 9.92000000e-09  6.69730419e-03 
 9.94000000e-09  5.41862438e-03 
 9.96000000e-09  4.13931758e-03 
 9.98000000e-09  2.85970576e-03 
 1.00000000e-08  1.58010984e-03 
 1.00200000e-08  3.00849479e-04 
 1.00400000e-08 -9.77757163e-04 
 1.00600000e-08 -2.25539366e-03 
 1.00800000e-08 -3.53174555e-03 
 1.01000000e-08 -4.80650053e-03 
 1.01200000e-08 -6.07934869e-03 
 1.01400000e-08 -7.34998275e-03 
 1.01600000e-08 -8.61809817e-03 
 1.01800000e-08 -9.88339344e-03 
 1.02000000e-08 -1.11455702e-02 
 1.02200000e-08 -1.24043335e-02 
 1.02400000e-08 -1.36593918e-02 
 1.02600000e-08 -1.49104574e-02 
 1.02800000e-08 -1.61572464e-02 
 1.03000000e-08 -1.73994787e-02 
 1.03200000e-08 -1.86368787e-02 
 1.03400000e-08 -1.98691749e-02 
 1.03600000e-08 -2.10961001e-02 
 1.03800000e-08 -2.23173917e-02 
 1.04000000e-08 -2.35327919e-02 
 1.04200000e-08 -2.47420473e-02 
 1.04400000e-08 -2.59449097e-02 
 1.04600000e-08 -2.71411355e-02 
 1.04800000e-08 -2.83304864e-02 
 1.05000000e-08 -2.95127290e-02 
 1.05200000e-08 -3.06876350e-02 
 1.05400000e-08 -3.18549815e-02 
 1.05600000e-08 -3.30145507e-02 
 1.05800000e-08 -3.41661301e-02 
 1.06000000e-08 -3.53095128e-02 
 1.06200000e-08 -3.64444970e-02 
 1.06400000e-08 -3.75708863e-02 
 1.06600000e-08 -3.86884899e-02 
 1.06800000e-08 -3.97971224e-02 
 1.07000000e-08 -4.08966037e-02 
 1.07200000e-08 -4.19867594e-02 
 1.07400000e-08 -4.30674202e-02 
 1.07600000e-08 -4.41384225e-02 
 1.07800000e-08 -4.51996081e-02 
 1.08000000e-08 -4.62508240e-02 
 1.08200000e-08 -4.72919228e-02 
 1.08400000e-08 -4.83227622e-02 
 1.08600000e-08 -4.93432055e-02 
 1.08800000e-08 -5.03531209e-02 
 1.09000000e-08 -5.13523822e-02 
 1.09200000e-08 -5.23408679e-02 
 1.09400000e-08 -5.33184621e-02 
 1.09600000e-08 -5.42850535e-02 
 1.09800000e-08 -5.52405361e-02 
 1.10000000e-08 -5.61848088e-02 
 1.10200000e-08 -5.71177750e-02 
 1.10400000e-08 -5.80393434e-02 
 1.10600000e-08 -5.89494269e-02 
 1.10800000e-08 -5.98479435e-02 
 1.11000000e-08 -6.07348153e-02 
 1.11200000e-08 -6.16099691e-02 
 1.11400000e-08 -6.24733360e-02 
 1.11600000e-08 -6.33248513e-02 
 1.11800000e-08 -6.41644547e-02 
 1.12000000e-08 -6.49920897e-02 
 1.12200000e-08 -6.58077040e-02 
 1.12400000e-08 -6.66112491e-02 
 1.12600000e-08 -6.74026803e-02 
 1.12800000e-08 -6.81819565e-02 
 1.13000000e-08 -6.89490403e-02 
 1.13200000e-08 -6.97038978e-02 
 1.13400000e-08 -7.04464983e-02 
 1.13600000e-08 -7.11768145e-02 
 1.13800000e-08 -7.18948221e-02 
 1.14000000e-08 -7.26005001e-02 
 1.14200000e-08 -7.32938302e-02 
 1.14400000e-08 -7.39747970e-02 
 1.14600000e-08 -7.46433878e-02 
 1.14800000e-08 -7.52995924e-02 
 1.15000000e-08 -7.59434033e-02 
 1.15200000e-08 -7.65748151e-02 
 1.15400000e-08 -7.71938249e-02 
 1.15600000e-08 -7.78004318e-02 
 1.15800000e-08 -7.83946370e-02 
 1.16000000e-08 -7.89764436e-02 
 1.16200000e-08 -7.95458564e-02 
 1.16400000e-08 -8.01028820e-02 
 1.16600000e-08 -8.06475287e-02 
 1.16800000e-08 -8.11798061e-02 
 1.17000000e-08 -8.16997252e-02 
 1.17200000e-08 -8.22072983e-02 
 1.17400000e-08 -8.27025388e-02 
 1.17600000e-08 -8.31854612e-02 
 1.17800000e-08 -8.36560809e-02 
 1.18000000e-08 -8.41144141e-02 
 1.18200000e-08 -8.45604779e-02 
 1.18400000e-08 -8.49942898e-02 
 1.18600000e-08 -8.54158680e-02 
 1.18800000e-08 -8.58252310e-02 
 1.19000000e-08 -8.62223978e-02 
 1.19200000e-08 -8.66073874e-02 
 1.19400000e-08 -8.69802192e-02 
 1.19600000e-08 -8.73409125e-02 
 1.19800000e-08 -8.76894866e-02 
 1.20000000e-08 -8.80259607e-02 
 1.20200000e-08 -8.83503536e-02 
 1.20400000e-08 -8.86626841e-02 
 1.20600000e-08 -8.89629704e-02 
 1.20800000e-08 -8.92512303e-02 
 1.21000000e-08 -8.95274811e-02 
 1.21200000e-08 -8.97917394e-02 
 1.21400000e-08 -9.00440212e-02 
 1.21600000e-08 -9.02843416e-02 
 1.21800000e-08 -9.05127151e-02 
 1.22000000e-08 -9.07291550e-02 
 1.22200000e-08 -9.09336740e-02 
 1.22400000e-08 -9.11262833e-02 
 1.22600000e-08 -9.13069935e-02 
 1.22800000e-08 -9.14758137e-02 
 1.23000000e-08 -9.16327520e-02 
 1.23200000e-08 -9.17778152e-02 
 1.23400000e-08 -9.19110088e-02 
 1.23600000e-08 -9.20323369e-02 
 1.23800000e-08 -9.21418024e-02 
 1.24000000e-08 -9.22394067e-02 
 1.24200000e-08 -9.23251495e-02 
 1.24400000e-08 -9.23990293e-02 
 1.24600000e-08 -9.24610431e-02 
 1.24800000e-08 -9.25111862e-02 
 1.25000000e-08 -9.25494523e-02 
 1.25200000e-08 -9.25758336e-02 
 1.25400000e-08 -9.25903208e-02 
 1.25600000e-08 -9.25929028e-02 
 1.25800000e-08 -9.25835670e-02 
 1.26000000e-08 -9.25622991e-02 
 1.26200000e-08 -9.25290831e-02 
 1.26400000e-08 -9.24839015e-02 
 1.26600000e-08 -9.24267352e-02 
 1.26800000e-08 -9.23575633e-02 
 1.27000000e-08 -9.22763635e-02 
 1.27200000e-08 -9.21831119e-02 
 1.27400000e-08 -9.20777829e-02 
 1.27600000e-08 -9.19603495e-02 
 1.27800000e-08 -9.18307831e-02 
 1.28000000e-08 -9.16890537e-02 
 1.28200000e-08 -9.15351300e-02 
 1.28400000e-08 -9.13689792e-02 
 1.28600000e-08 -9.11905670e-02 
 1.28800000e-08 -9.09998583e-02 
 1.29000000e-08 -9.07968162e-02 
 1.29200000e-08 -9.05814032e-02 
 1.29400000e-08 -9.03535804e-02 
 1.29600000e-08 -9.01133080e-02 
 1.29800000e-08 -8.98605453e-02 
 1.30000000e-08 -8.95952506e-02 
 1.30200000e-08 -8.93173818e-02 
 1.30400000e-08 -8.90268957e-02 
 1.30600000e-08 -8.87237488e-02 
 1.30800000e-08 -8.84078973e-02 
 1.31000000e-08 -8.80792967e-02 
 1.31200000e-08 -8.77379026e-02 
 1.31400000e-08 -8.73836702e-02 
 1.31600000e-08 -8.70165549e-02 
 1.31800000e-08 -8.66365123e-02 
 1.32000000e-08 -8.62434982e-02 
 1.32200000e-08 -8.58374687e-02 
 1.32400000e-08 -8.54183807e-02 
 1.32600000e-08 -8.49861916e-02 
 1.32800000e-08 -8.45408598e-02 
 1.33000000e-08 -8.40823448e-02 
 1.33200000e-08 -8.36106069e-02 
 1.33400000e-08 -8.31256082e-02 
 1.33600000e-08 -8.26273121e-02 
 1.33800000e-08 -8.21156837e-02 
 1.34000000e-08 -8.15906900e-02 
 1.34200000e-08 -8.10523000e-02 
 1.34400000e-08 -8.05004849e-02 
 1.34600000e-08 -7.99352184e-02 
 1.34800000e-08 -7.93564767e-02 
 1.35000000e-08 -7.87642388e-02 
 1.35200000e-08 -7.81584867e-02 
 1.35400000e-08 -7.75392055e-02 
 1.35600000e-08 -7.69063838e-02 
 1.35800000e-08 -7.62600134e-02 
 1.36000000e-08 -7.56000901e-02 
 1.36200000e-08 -7.49266137e-02 
 1.36400000e-08 -7.42395877e-02 
 1.36600000e-08 -7.35390204e-02 
 1.36800000e-08 -7.28249241e-02 
 1.37000000e-08 -7.20973161e-02 
 1.37200000e-08 -7.13562183e-02 
 1.37400000e-08 -7.06016578e-02 
 1.37600000e-08 -6.98336668e-02 
 1.37800000e-08 -6.90522828e-02 
 1.38000000e-08 -6.82575489e-02 
 1.38200000e-08 -6.74495139e-02 
 1.38400000e-08 -6.66282323e-02 
 1.38600000e-08 -6.57937646e-02 
 1.38800000e-08 -6.49461775e-02 
 1.39000000e-08 -6.40855439e-02 
 1.39200000e-08 -6.32119430e-02 
 1.39400000e-08 -6.23254604e-02 
 1.39600000e-08 -6.14261885e-02 
 1.39800000e-08 -6.05142263e-02 
 1.40000000e-08 -5.95896793e-02 
 1.40200000e-08 -5.86526602e-02 
 1.40400000e-08 -5.77032884e-02 
 1.40600000e-08 -5.67416902e-02 
 1.40800000e-08 -5.57679992e-02 
 1.41000000e-08 -5.47823556e-02 
 1.41200000e-08 -5.37849070e-02 
 1.41400000e-08 -5.27758078e-02 
 1.41600000e-08 -5.17552197e-02 
 1.41800000e-08 -5.07233114e-02 
 1.42000000e-08 -4.96802583e-02 
 1.42200000e-08 -4.86262432e-02 
 1.42400000e-08 -4.75614557e-02 
 1.42600000e-08 -4.64860920e-02 
 1.42800000e-08 -4.54003554e-02 
 1.43000000e-08 -4.43044558e-02 
 1.43200000e-08 -4.31986096e-02 
 1.43400000e-08 -4.20830399e-02 
 1.43600000e-08 -4.09579759e-02 
 1.43800000e-08 -3.98236533e-02 
 1.44000000e-08 -3.86803137e-02 
 1.44200000e-08 -3.75282046e-02 
 1.44400000e-08 -3.63675794e-02 
 1.44600000e-08 -3.51986971e-02 
 1.44800000e-08 -3.40218219e-02 
 1.45000000e-08 -3.28372235e-02 
 1.45200000e-08 -3.16451763e-02 
 1.45400000e-08 -3.04459597e-02 
 1.45600000e-08 -2.92398576e-02 
 1.45800000e-08 -2.80271582e-02 
 1.46000000e-08 -2.68081540e-02 
 1.46200000e-08 -2.55831412e-02 
 1.46400000e-08 -2.43524197e-02 
 1.46600000e-08 -2.31162928e-02 
 1.46800000e-08 -2.18750668e-02 
 1.47000000e-08 -2.06290511e-02 
 1.47200000e-08 -1.93785576e-02 
 1.47400000e-08 -1.81239005e-02 
 1.47600000e-08 -1.68653962e-02 
 1.47800000e-08 -1.56033628e-02 
 1.48000000e-08 -1.43381202e-02 
 1.48200000e-08 -1.30699892e-02 
 1.48400000e-08 -1.17992921e-02 
 1.48600000e-08 -1.05263516e-02 
 1.48800000e-08 -9.25149095e-03 
 1.49000000e-08 -7.97503384e-03 
 1.49200000e-08 -6.69730375e-03 
 1.49400000e-08 -5.41862396e-03 
 1.49600000e-08 -4.13931719e-03 
 1.49800000e-08 -2.85970539e-03 
 1.50000000e-08 -1.58010949e-03 
 1.50200000e-08 -3.00849151e-04 
 1.50400000e-08  9.77757471e-04 
 1.50600000e-08  2.25539395e-03 
 1.50800000e-08  3.53174582e-03 
 1.51000000e-08  4.80650078e-03 
 1.51200000e-08  6.07934893e-03 
 1.51400000e-08  7.34998297e-03 
 1.51600000e-08  8.61809837e-03 
 1.51800000e-08  9.88339363e-03 
 1.52000000e-08  1.11455704e-02 
 1.52200000e-08  1.24043337e-02 
 1.52400000e-08  1.36593920e-02 
 1.52600000e-08  1.49104575e-02 
 1.52800000e-08  1.61572465e-02 
 1.53000000e-08  1.73994788e-02 
 1.53200000e-08  1.86368789e-02 
 1.53400000e-08  1.98691750e-02 
 1.53600000e-08  2.10961002e-02 
 1.53800000e-08  2.23173918e-02 
 1.54000000e-08  2.35327919e-02 
 1.54200000e-08  2.47420474e-02 
 1.54400000e-08  2.59449097e-02 
 1.54600000e-08  2.71411356e-02 
 1.54800000e-08  2.83304864e-02 
 1.55000000e-08  2.95127290e-02 
 1.55200000e-08  3.06876350e-02 
 1.55400000e-08  3.18549815e-02 
 1.55600000e-08  3.30145507e-02 
 1.55800000e-08  3.41661302e-02 
 1.56000000e-08  3.53095128e-02 
 1.56200000e-08  3.64444970e-02 
 1.56400000e-08  3.75708863e-02 
 1.56600000e-08  3.86884899e-02 
 1.56800000e-08  3.97971224e-02 
 1.57000000e-08  4.08966037e-02 
 1.57200000e-08  4.19867594e-02 
 1.57400000e-08  4.30674202e-02 
 1.57600000e-08  4.41384225e-02 
 1.57800000e-08  4.51996081e-02 
 1.58000000e-08  4.62508240e-02 
 1.58200000e-08  4.72919228e-02 
 1.58400000e-08  4.83227622e-02 
 1.58600000e-08  4.93432055e-02 
 1.58800000e-08  5.03531209e-02 
 1.59000000e-08  5.13523821e-02 
 1.59200000e-08  5.23408679e-02 
 1.59400000e-08  5.33184620e-02 
 1.59600000e-08  5.42850535e-02 
 1.59800000e-08  5.52405361e-02 
 1.60000000e-08  5.61848087e-02 
 1.60200000e-08  5.71177750e-02 
 1.60400000e-08  5.80393433e-02 
 1.60600000e-08  5.89494269e-02 
 1.60800000e-08  5.98479435e-02 
 1.61000000e-08  6.07348153e-02 
 1.61200000e-08  6.16099690e-02 
 1.61400000e-08  6.24733359e-02 
 1.61600000e-08  6.33248513e-02 
 1.61800000e-08  6.41644547e-02 
 1.62000000e-08  6.49920897e-02 
 1.62200000e-08  6.58077040e-02 
 1.62400000e-08  6.66112491e-02 
 1.62600000e-08  6.74026802e-02 
 1.62800000e-08  6.81819564e-02 
 1.63000000e-08  6.89490403e-02 
 1.63200000e-08  6.97038977e-02 
 1.63400000e-08  7.04464982e-02 
 1.63600000e-08  7.11768144e-02 
 1.63800000e-08  7.18948221e-02 
 1.64000000e-08  7.26005001e-02 
 1.64200000e-08  7.32938302e-02 
 1.64400000e-08  7.39747970e-02 
 1.64600000e-08  7.46433877e-02 
 1.64800000e-08  7.52995924e-02 
 1.65000000e-08  7.59434032e-02 
 1.65200000e-08  7.65748151e-02 
 1.65400000e-08  7.71938249e-02 
 1.65600000e-08  7.78004318e-02 
 1.65800000e-08  7.83946370e-02 
 1.66000000e-08  7.89764435e-02 
 1.66200000e-08  7.95458563e-02 
 1.66400000e-08  8.01028820e-02 
 1.66600000e-08  8.06475287e-02 
 1.66800000e-08  8.11798061e-02 
 1.67000000e-08  8.16997252e-02 
 1.67200000e-08  8.22072983e-02 
 1.67400000e-08  8.27025388e-02 
 1.67600000e-08  8.31854612e-02 
 1.67800000e-08  8.36560809e-02 
 1.68000000e-08  8.41144141e-02 
 1.68200000e-08  8.45604779e-02 
 1.68400000e-08  8.49942898e-02 
 1.68600000e-08  8.54158680e-02 
 1.68800000e-08  8.58252310e-02 
 1.69000000e-08  8.62223978e-02 
 1.69200000e-08  8.66073874e-02 
 1.69400000e-08  8.69802192e-02 
 1.69600000e-08  8.73409125e-02 
 1.69800000e-08  8.76894866e-02 
 1.70000000e-08  8.80259606e-02 
 1.70200000e-08  8.83503536e-02 
 1.70400000e-08  8.86626841e-02 
 1.70600000e-08  8.89629703e-02 
 1.70800000e-08  8.92512303e-02 
 1.71000000e-08  8.95274810e-02 
 1.71200000e-08  8.97917394e-02 
 1.71400000e-08  9.00440212e-02 
 1.71600000e-08  9.02843416e-02 
 1.71800000e-08  9.05127151e-02 
 1.72000000e-08  9.07291550e-02 
 1.72200000e-08  9.09336739e-02 
 1.72400000e-08  9.11262833e-02 
 1.72600000e-08  9.13069934e-02 
 1.72800000e-08  9.14758137e-02 
 1.73000000e-08  9.16327520e-02 
 1.73200000e-08  9.17778152e-02 
 1.73400000e-08  9.19110088e-02 
 1.73600000e-08  9.20323369e-02 
 1.73800000e-08  9.21418024e-02 
 1.74000000e-08  9.22394066e-02 
 1.74200000e-08  9.23251495e-02 
 1.74400000e-08  9.23990293e-02 
 1.74600000e-08  9.24610431e-02 
 1.74800000e-08  9.25111862e-02 
 1.75000000e-08  9.25494523e-02 
 1.75200000e-08  9.25758336e-02 
 1.75400000e-08  9.25903208e-02 
 1.75600000e-08  9.25929028e-02 
 1.75800000e-08  9.25835670e-02 
 1.76000000e-08  9.25622991e-02 
 1.76200000e-08  9.25290831e-02 
 1.76400000e-08  9.24839015e-02 
 1.76600000e-08  9.24267352e-02 
 1.76800000e-08  9.23575633e-02 
 1.77000000e-08  9.22763635e-02 
 1.77200000e-08  9.21831119e-02 
 1.77400000e-08  9.20777829e-02 
 1.77600000e-08  9.19603495e-02 
 1.77800000e-08  9.18307831e-02 
 1.78000000e-08  9.16890537e-02 
 1.78200000e-08  9.15351300e-02 
 1.78400000e-08  9.13689792e-02 
 1.78600000e-08  9.11905670e-02 
 1.78800000e-08  9.09998583e-02 
 1.79000000e-08  9.07968162e-02 
 1.79200000e-08  9.05814032e-02 
 1.79400000e-08  9.03535804e-02 
 1.79600000e-08  9.01133080e-02 
 1.79800000e-08  8.98605453e-02 
 1.80000000e-08  8.95952506e-02 
 1.80200000e-08  8.93173818e-02 
 1.80400000e-08  8.90268957e-02 
 1.80600000e-08  8.87237488e-02 
 1.80800000e-08  8.84078973e-02 
 1.81000000e-08  8.80792967e-02 
 1.81200000e-08  8.77379026e-02 
 1.81400000e-08  8.73836702e-02 
 1.81600000e-08  8.70165549e-02 
 1.81800000e-08  8.66365123e-02 
 1.82000000e-08  8.62434982e-02 
 1.82200000e-08  8.58374687e-02 
 1.82400000e-08  8.54183807e-02 
 1.82600000e-08  8.49861916e-02 
 1.82800000e-08  8.45408598e-02 
 1.83000000e-08  8.40823448e-02 
 1.83200000e-08  8.36106069e-02 
 1.83400000e-08  8.31256082e-02 
 1.83600000e-08  8.26273121e-02 
 1.83800000e-08  8.21156837e-02 
 1.84000000e-08  8.15906900e-02 
 1.84200000e-08  8.10523000e-02 
 1.84400000e-08  8.05004849e-02 
 1.84600000e-08  7.99352184e-02 
 1.84800000e-08  7.93564767e-02 
 1.85000000e-08  7.87642388e-02 
 1.85200000e-08  7.81584867e-02 
 1.85400000e-08  7.75392055e-02 
 1.85600000e-08  7.69063838e-02 
 1.85800000e-08  7.62600134e-02 
 1.86000000e-08  7.56000901e-02 
 1.86200000e-08  7.49266137e-02 
 1.86400000e-08  7.42395877e-02 
 1.86600000e-08  7.35390204e-02 
 1.86800000e-08  7.28249241e-02 
 1.87000000e-08  7.20973161e-02 
 1.87200000e-08  7.13562183e-02 
 1.87400000e-08  7.06016578e-02 
 1.87600000e-08  6.98336668e-02 
 1.87800000e-08  6.90522828e-02 
 1.88000000e-08  6.82575489e-02 
 1.88200000e-08  6.74495139e-02 
 1.88400000e-08  6.66282323e-02 
 1.88600000e-08  6.57937646e-02 
 1.88800000e-08  6.49461775e-02 
 1.89000000e-08  6.40855439e-02 
 1.89200000e-08  6.32119430e-02 
 1.89400000e-08  6.23254604e-02 
 1.89600000e-08  6.14261885e-02 
 1.89800000e-08  6.05142263e-02 
 1.90000000e-08  5.95896793e-02 
 1.90200000e-08  5.86526602e-02 
 1.90400000e-08  5.77032884e-02 
 1.90600000e-08  5.67416902e-02 
 1.90800000e-08  5.57679992e-02 
 1.91000000e-08  5.47823556e-02 
 1.91200000e-08  5.37849070e-02 
 1.91400000e-08  5.27758078e-02 
 1.91600000e-08  5.17552198e-02 
 1.91800000e-08  5.07233114e-02 
 1.92000000e-08  4.96802583e-02 
 1.92200000e-08  4.86262432e-02 
 1.92400000e-08  4.75614557e-02 
 1.92600000e-08  4.64860920e-02 
 1.92800000e-08  4.54003554e-02 
 1.93000000e-08  4.43044558e-02 
 1.93200000e-08  4.31986096e-02 
 1.93400000e-08  4.20830399e-02 
 1.93600000e-08  4.09579759e-02 
 1.93800000e-08  3.98236533e-02 
 1.94000000e-08  3.86803137e-02 
 1.94200000e-08  3.75282046e-02 
 1.94400000e-08  3.63675794e-02 
 1.94600000e-08  3.51986971e-02 
 1.94800000e-08  3.40218219e-02 
 1.95000000e-08  3.28372235e-02 
 1.95200000e-08  3.16451763e-02 
 1.95400000e-08  3.04459597e-02 
 1.95600000e-08  2.92398576e-02 
 1.95800000e-08  2.80271582e-02 
 1.96000000e-08  2.68081540e-02 
 1.96200000e-08  2.55831412e-02 
 1.96400000e-08  2.43524197e-02 
 1.96600000e-08  2.31162928e-02 
 1.96800000e-08  2.18750668e-02 
 1.97000000e-08  2.06290511e-02 
 1.97200000e-08  1.93785576e-02 
 1.97400000e-08  1.81239005e-02 
 1.97600000e-08  1.68653962e-02 
 1.97800000e-08  1.56033628e-02 
 1.98000000e-08  1.43381202e-02 
 1.98200000e-08  1.30699893e-02 
 1.98400000e-08  1.17992921e-02 
 1.98600000e-08  1.05263516e-02 
 1.98800000e-08  9.25149096e-03 
 1.99000000e-08  7.97503384e-03 
 1.99200000e-08  6.69730375e-03 
 1.99400000e-08  5.41862396e-03 
 1.99600000e-08  4.13931719e-03 
 1.99800000e-08  2.85970539e-03 
 2.00000000e-08  1.58010949e-03 
 2.00200000e-08  3.00849153e-04 
 2.00400000e-08 -9.77757470e-04 
 2.00600000e-08 -2.25539395e-03 
 2.00800000e-08 -3.53174582e-03 
 2.01000000e-08 -4.80650078e-03 
 2.01200000e-08 -6.07934893e-03 
 2.01400000e-08 -7.34998297e-03 
 2.01600000e-08 -8.61809837e-03 
 2.01800000e-08 -9.88339363e-03 
 2.02000000e-08 -1.11455704e-02 
 2.02200000e-08 -1.24043337e-02 
 2.02400000e-08 -1.36593920e-02 
 2.02600000e-08 -1.49104575e-02 
 2.02800000e-08 -1.61572465e-02 
 2.03000000e-08 -1.73994788e-02 
 2.03200000e-08 -1.86368789e-02 
 2.03400000e-08 -1.98691750e-02 
 2.03600000e-08 -2.10961002e-02 
 2.03800000e-08 -2.23173918e-02 
 2.04000000e-08 -2.35327919e-02 
 2.04200000e-08 -2.47420474e-02 
 2.04400000e-08 -2.59449097e-02 
 2.04600000e-08 -2.71411356e-02 
 2.04800000e-08 -2.83304864e-02 
 2.05000000e-08 -2.95127290e-02 
 2.05200000e-08 -3.06876350e-02 
 2.05400000e-08 -3.18549815e-02 
 2.05600000e-08 -3.30145507e-02 
 2.05800000e-08 -3.41661302e-02 
 2.06000000e-08 -3.53095128e-02 
 2.06200000e-08 -3.64444970e-02 
 2.06400000e-08 -3.75708863e-02 
 2.06600000e-08 -3.86884899e-02 
 2.06800000e-08 -3.97971224e-02 
 2.07000000e-08 -4.08966037e-02 
 2.07200000e-08 -4.19867594e-02 
 2.07400000e-08 -4.30674202e-02 
 2.07600000e-08 -4.41384225e-02 
 2.07800000e-08 -4.51996081e-02 
 2.08000000e-08 -4.62508240e-02 
 2.08200000e-08 -4.72919228e-02 
 2.08400000e-08 -4.83227622e-02 
 2.08600000e-08 -4.93432055e-02 
 2.08800000e-08 -5.03531209e-02 
 2.09000000e-08 -5.13523821e-02 
 2.09200000e-08 -5.23408679e-02 
 2.09400000e-08 -5.33184620e-02 
 2.09600000e-08 -5.42850535e-02 
 2.09800000e-08 -5.52405361e-02 
 2.10000000e-08 -5.61848087e-02 
 2.10200000e-08 -5.71177750e-02 
 2.10400000e-08 -5.80393433e-02 
 2.10600000e-08 -5.89494269e-02 
 2.10800000e-08 -5.98479435e-02 
 2.11000000e-08 -6.07348152e-02 
 2.11200000e-08 -6.16099690e-02 
 2.11400000e-08 -6.24733359e-02 
 2.11600000e-08 -6.33248513e-02 
 2.11800000e-08 -6.41644547e-02 
 2.12000000e-08 -6.49920897e-02 
 2.12200000e-08 -6.58077040e-02 
 2.12400000e-08 -6.66112491e-02 
 2.12600000e-08 -6.74026802e-02 
 2.12800000e-08 -6.81819564e-02 
 2.13000000e-08 -6.89490403e-02 
 2.13200000e-08 -6.97038977e-02 
 2.13400000e-08 -7.04464982e-02 
 2.13600000e-08 -7.11768144e-02 
 2.13800000e-08 -7.18948221e-02 
 2.14000000e-08 -7.26005001e-02 
 2.14200000e-08 -7.32938302e-02 
 2.14400000e-08 -7.39747970e-02 
 2.14600000e-08 -7.46433877e-02 
 2.14800000e-08 -7.52995924e-02 
 2.15000000e-08 -7.59434032e-02 
 2.15200000e-08 -7.65748151e-02 
 2.15400000e-08 -7.71938249e-02 
 2.15600000e-08 -7.78004318e-02 
 2.15800000e-08 -7.83946370e-02 
 2.16000000e-08 -7.89764435e-02 
 2.16200000e-08 -7.95458563e-02 
 2.16400000e-08 -8.01028820e-02 
 2.16600000e-08 -8.06475287e-02 
 2.16800000e-08 -8.11798061e-02 
 2.17000000e-08 -8.16997252e-02 
 2.17200000e-08 -8.22072983e-02 
 2.17400000e-08 -8.27025388e-02 
 2.17600000e-08 -8.31854612e-02 
 2.17800000e-08 -8.36560809e-02 
 2.18000000e-08 -8.41144141e-02 
 2.18200000e-08 -8.45604779e-02 
 2.18400000e-08 -8.49942898e-02 
 2.18600000e-08 -8.54158680e-02 
 2.18800000e-08 -8.58252310e-02 
 2.19000000e-08 -8.62223978e-02 
 2.19200000e-08 -8.66073874e-02 
 2.19400000e-08 -8.69802192e-02 
 2.19600000e-08 -8.73409125e-02 
 2.19800000e-08 -8.76894866e-02 
 2.20000000e-08 -8.80259606e-02 
 2.20200000e-08 -8.83503536e-02 
 2.20400000e-08 -8.86626841e-02 
 2.20600000e-08 -8.89629703e-02 
 2.20800000e-08 -8.92512303e-02 
 2.21000000e-08 -8.95274810e-02 
 2.21200000e-08 -8.97917394e-02 
 2.21400000e-08 -9.00440212e-02 
 2.21600000e-08 -9.02843416e-02 
 2.21800000e-08 -9.05127151e-02 
 2.22000000e-08 -9.07291550e-02 
 2.22200000e-08 -9.09336739e-02 
 2.22400000e-08 -9.11262833e-02 
 2.22600000e-08 -9.13069934e-02 
 2.22800000e-08 -9.14758137e-02 
 2.23000000e-08 -9.16327520e-02 
 2.23200000e-08 -9.17778152e-02 
 2.23400000e-08 -9.19110088e-02 
 2.23600000e-08 -9.20323369e-02 
 2.23800000e-08 -9.21418024e-02 
 2.24000000e-08 -9.22394066e-02 
 2.24200000e-08 -9.23251495e-02 
 2.24400000e-08 -9.23990293e-02 
 2.24600000e-08 -9.24610431e-02 
 2.24800000e-08 -9.25111862e-02 
 2.25000000e-08 -9.25494523e-02 
 2.25200000e-08 -9.25758336e-02 
 2.25400000e-08 -9.25903208e-02 
 2.25600000e-08 -9.25929028e-02 
 2.25800000e-08 -9.25835670e-02 
 2.26000000e-08 -9.25622991e-02 
 2.26200000e-08 -9.25290831e-02 
 2.26400000e-08 -9.24839015e-02 
 2.26600000e-08 -9.24267352e-02 
 2.26800000e-08 -9.23575633e-02 
 2.27000000e-08 -9.22763635e-02 
 2.27200000e-08 -9.21831119e-02 
 2.27400000e-08 -9.20777829e-02 
 2.27600000e-08 -9.19603495e-02 
 2.27800000e-08 -9.18307831e-02 
 2.28000000e-08 -9.16890537e-02 
 2.28200000e-08 -9.15351300e-02 
 2.28400000e-08 -9.13689792e-02 
 2.28600000e-08 -9.11905670e-02 
 2.28800000e-08 -9.09998583e-02 
 2.29000000e-08 -9.07968162e-02 
 2.29200000e-08 -9.05814032e-02 
 2.29400000e-08 -9.03535804e-02 
 2.29600000e-08 -9.01133080e-02 
 2.29800000e-08 -8.98605453e-02 
 2.30000000e-08 -8.95952506e-02 
 2.30200000e-08 -8.93173818e-02 
 2.30400000e-08 -8.90268957e-02 
 2.30600000e-08 -8.87237488e-02 
 2.30800000e-08 -8.84078973e-02 
 2.31000000e-08 -8.80792967e-02 
 2.31200000e-08 -8.77379026e-02 
 2.31400000e-08 -8.73836702e-02 
 2.31600000e-08 -8.70165549e-02 
 2.31800000e-08 -8.66365123e-02 
 2.32000000e-08 -8.62434982e-02 
 2.32200000e-08 -8.58374687e-02 
 2.32400000e-08 -8.54183807e-02 
 2.32600000e-08 -8.49861916e-02 
 2.32800000e-08 -8.45408598e-02 
 2.33000000e-08 -8.40823448e-02 
 2.33200000e-08 -8.36106069e-02 
 2.33400000e-08 -8.31256082e-02 
 2.33600000e-08 -8.26273121e-02 
 2.33800000e-08 -8.21156837e-02 
 2.34000000e-08 -8.15906900e-02 
 2.34200000e-08 -8.10523000e-02 
 2.34400000e-08 -8.05004849e-02 
 2.34600000e-08 -7.99352184e-02 
 2.34800000e-08 -7.93564767e-02 
 2.35000000e-08 -7.87642388e-02 
 2.35200000e-08 -7.81584867e-02 
 2.35400000e-08 -7.75392055e-02 
 2.35600000e-08 -7.69063838e-02 
 2.35800000e-08 -7.62600134e-02 
 2.36000000e-08 -7.56000901e-02 
 2.36200000e-08 -7.49266137e-02 
 2.36400000e-08 -7.42395877e-02 
 2.36600000e-08 -7.35390204e-02 
 2.36800000e-08 -7.28249241e-02 
 2.37000000e-08 -7.20973161e-02 
 2.37200000e-08 -7.13562183e-02 
 2.37400000e-08 -7.06016578e-02 
 2.37600000e-08 -6.98336668e-02 
 2.37800000e-08 -6.90522828e-02 
 2.38000000e-08 -6.82575489e-02 
 2.38200000e-08 -6.74495139e-02 
 2.38400000e-08 -6.66282323e-02 
 2.38600000e-08 -6.57937646e-02 
 2.38800000e-08 -6.49461775e-02 
 2.39000000e-08 -6.40855439e-02 
 2.39200000e-08 -6.32119430e-02 
 2.39400000e-08 -6.23254604e-02 
 2.39600000e-08 -6.14261885e-02 
 2.39800000e-08 -6.05142263e-02 
 2.40000000e-08 -5.95896793e-02 
 2.40200000e-08 -5.86526602e-02 
 2.40400000e-08 -5.77032884e-02 
 2.40600000e-08 -5.67416902e-02 
 2.40800000e-08 -5.57679992e-02 
 2.41000000e-08 -5.47823556e-02 
 2.41200000e-08 -5.37849070e-02 
 2.41400000e-08 -5.27758078e-02 
 2.41600000e-08 -5.17552198e-02 
 2.41800000e-08 -5.07233114e-02 
 2.42000000e-08 -4.96802583e-02 
 2.42200000e-08 -4.86262432e-02 
 2.42400000e-08 -4.75614557e-02 
 2.42600000e-08 -4.64860920e-02 
 2.42800000e-08 -4.54003554e-02 
 2.43000000e-08 -4.43044558e-02 
 2.43200000e-08 -4.31986096e-02 
 2.43400000e-08 -4.20830399e-02 
 2.43600000e-08 -4.09579759e-02 
 2.43800000e-08 -3.98236533e-02 
 2.44000000e-08 -3.86803137e-02 
 2.44200000e-08 -3.75282046e-02 
 2.44400000e-08 -3.63675794e-02 
 2.44600000e-08 -3.51986971e-02 
 2.44800000e-08 -3.40218219e-02 
 2.45000000e-08 -3.28372235e-02 
 2.45200000e-08 -3.16451763e-02 
 2.45400000e-08 -3.04459597e-02 
 2.45600000e-08 -2.92398576e-02 
 2.45800000e-08 -2.80271582e-02 
 2.46000000e-08 -2.68081540e-02 
 2.46200000e-08 -2.55831412e-02 
 2.46400000e-08 -2.43524197e-02 
 2.46600000e-08 -2.31162928e-02 
 2.46800000e-08 -2.18750668e-02 
 2.47000000e-08 -2.06290511e-02 
 2.47200000e-08 -1.93785576e-02 
 2.47400000e-08 -1.81239005e-02 
 2.47600000e-08 -1.68653962e-02 
 2.47800000e-08 -1.56033628e-02 
 2.48000000e-08 -1.43381202e-02 
 2.48200000e-08 -1.30699893e-02 
 2.48400000e-08 -1.17992921e-02 
 2.48600000e-08 -1.05263516e-02 
 2.48800000e-08 -9.25149096e-03 
 2.49000000e-08 -7.97503384e-03 
 2.49200000e-08 -6.69730375e-03 
 2.49400000e-08 -5.41862396e-03 
 2.49600000e-08 -4.13931719e-03 
 2.49800000e-08 -2.85970539e-03 
 2.50000000e-08 -1.58010949e-03 
 2.50200000e-08 -3.00849153e-04 
 2.50400000e-08  9.77757470e-04 
 2.50600000e-08  2.25539395e-03 
 2.50800000e-08  3.53174582e-03 
 2.51000000e-08  4.80650078e-03 
 2.51200000e-08  6.07934893e-03 
 2.51400000e-08  7.34998297e-03 
 2.51600000e-08  8.61809837e-03 
 2.51800000e-08  9.88339363e-03 
 2.52000000e-08  1.11455704e-02 
 2.52200000e-08  1.24043337e-02 
 2.52400000e-08  1.36593920e-02 
 2.52600000e-08  1.49104575e-02 
 2.52800000e-08  1.61572465e-02 
 2.53000000e-08  1.73994788e-02 
 2.53200000e-08  1.86368789e-02 
 2.53400000e-08  1.98691750e-02 
 2.53600000e-08  2.10961002e-02 
 2.53800000e-08  2.23173918e-02 
 2.54000000e-08  2.35327919e-02 
 2.54200000e-08  2.47420474e-02 
 2.54400000e-08  2.59449097e-02 
 2.54600000e-08  2.71411356e-02 
 2.54800000e-08  2.83304864e-02 
 2.55000000e-08  2.95127290e-02 
 2.55200000e-08  3.06876350e-02 
 2.55400000e-08  3.18549815e-02 
 2.55600000e-08  3.30145507e-02 
 2.55800000e-08  3.41661302e-02 
 2.56000000e-08  3.53095128e-02 
 2.56200000e-08  3.64444970e-02 
 2.56400000e-08  3.75708863e-02 
 2.56600000e-08  3.86884899e-02 
 2.56800000e-08  3.97971224e-02 
 2.57000000e-08  4.08966037e-02 
 2.57200000e-08  4.19867594e-02 
 2.57400000e-08  4.30674202e-02 
 2.57600000e-08  4.41384225e-02 
 2.57800000e-08  4.51996081e-02 
 2.58000000e-08  4.62508240e-02 
 2.58200000e-08  4.72919228e-02 
 2.58400000e-08  4.83227622e-02 
 2.58600000e-08  4.93432055e-02 
 2.58800000e-08  5.03531209e-02 
 2.59000000e-08  5.13523821e-02 
 2.59200000e-08  5.23408679e-02 
 2.59400000e-08  5.33184620e-02 
 2.59600000e-08  5.42850535e-02 
 2.59800000e-08  5.52405361e-02 
 2.60000000e-08  5.61848087e-02 
 2.60200000e-08  5.71177750e-02 
 2.60400000e-08  5.80393433e-02 
 2.60600000e-08  5.89494269e-02 
 2.60800000e-08  5.98479435e-02 
 2.61000000e-08  6.07348152e-02 
 2.61200000e-08  6.16099690e-02 
 2.61400000e-08  6.24733359e-02 
 2.61600000e-08  6.33248513e-02 
 2.61800000e-08  6.41644547e-02 
 2.62000000e-08  6.49920897e-02 
 2.62200000e-08  6.58077040e-02 
 2.62400000e-08  6.66112491e-02 
 2.62600000e-08  6.74026802e-02 
 2.62800000e-08  6.81819564e-02 
 2.63000000e-08  6.89490403e-02 
 2.63200000e-08  6.97038977e-02 
 2.63400000e-08  7.04464982e-02 
 2.63600000e-08  7.11768144e-02 
 2.63800000e-08  7.18948221e-02 
 2.64000000e-08  7.26005001e-02 
 2.64200000e-08  7.32938302e-02 
 2.64400000e-08  7.39747970e-02 
 2.64600000e-08  7.46433877e-02 
 2.64800000e-08  7.52995924e-02 
 2.65000000e-08  7.59434032e-02 
 2.65200000e-08  7.65748151e-02 
 2.65400000e-08  7.71938249e-02 
 2.65600000e-08  7.78004318e-02 
 2.65800000e-08  7.83946370e-02 
 2.66000000e-08  7.89764435e-02 
 2.66200000e-08  7.95458563e-02 
 2.66400000e-08  8.01028820e-02 
 2.66600000e-08  8.06475287e-02 
 2.66800000e-08  8.11798061e-02 
 2.67000000e-08  8.16997252e-02 
 2.67200000e-08  8.22072983e-02 
 2.67400000e-08  8.27025388e-02 
 2.67600000e-08  8.31854612e-02 
 2.67800000e-08  8.36560809e-02 
 2.68000000e-08  8.41144141e-02 
 2.68200000e-08  8.45604779e-02 
 2.68400000e-08  8.49942898e-02 
 2.68600000e-08  8.54158680e-02 
 2.68800000e-08  8.58252310e-02 
 2.69000000e-08  8.62223978e-02 
 2.69200000e-08  8.66073874e-02 
 2.69400000e-08  8.69802192e-02 
 2.69600000e-08  8.73409125e-02 
 2.69800000e-08  8.76894866e-02 
 2.70000000e-08  8.80259606e-02 
 2.70200000e-08  8.83503536e-02 
 2.70400000e-08  8.86626841e-02 
 2.70600000e-08  8.89629703e-02 
 2.70800000e-08  8.92512303e-02 
 2.71000000e-08  8.95274810e-02 
 2.71200000e-08  8.97917394e-02 
 2.71400000e-08  9.00440212e-02 
 2.71600000e-08  9.02843416e-02 
 2.71800000e-08  9.05127151e-02 
 2.72000000e-08  9.07291550e-02 
 2.72200000e-08  9.09336739e-02 
 2.72400000e-08  9.11262833e-02 
 2.72600000e-08  9.13069934e-02 
 2.72800000e-08  9.14758137e-02 
 2.73000000e-08  9.16327520e-02 
 2.73200000e-08  9.17778152e-02 
 2.73400000e-08  9.19110088e-02 
 2.73600000e-08  9.20323369e-02 
 2.73800000e-08  9.21418024e-02 
 2.74000000e-08  9.22394066e-02 
 2.74200000e-08  9.23251495e-02 
 2.74400000e-08  9.23990293e-02 
 2.74600000e-08  9.24610431e-02 
 2.74800000e-08  9.25111862e-02 
 2.75000000e-08  9.25494523e-02 
 2.75200000e-08  9.25758336e-02 
 2.75400000e-08  9.25903208e-02 
 2.75600000e-08  9.25929028e-02 
 2.75800000e-08  9.25835670e-02 
 2.76000000e-08  9.25622991e-02 
 2.76200000e-08  9.25290831e-02 
 2.76400000e-08  9.24839015e-02 
 2.76600000e-08  9.24267352e-02 
 2.76800000e-08  9.23575633e-02 
 2.77000000e-08  9.22763635e-02 
 2.77200000e-08  9.21831119e-02 
 2.77400000e-08  9.20777829e-02 
 2.77600000e-08  9.19603495e-02 
 2.77800000e-08  9.18307831e-02 
 2.78000000e-08  9.16890537e-02 
 2.78200000e-08  9.15351300e-02 
 2.78400000e-08  9.13689792e-02 
 2.78600000e-08  9.11905670e-02 
 2.78800000e-08  9.09998583e-02 
 2.79000000e-08  9.07968162e-02 
 2.79200000e-08  9.05814032e-02 
 2.79400000e-08  9.03535804e-02 
 2.79600000e-08  9.01133080e-02 
 2.79800000e-08  8.98605453e-02 
 2.80000000e-08  8.95952506e-02 
 2.80200000e-08  8.93173818e-02 
 2.80400000e-08  8.90268957e-02 
 2.80600000e-08  8.87237488e-02 
 2.80800000e-08  8.84078973e-02 
 2.81000000e-08  8.80792967e-02 
 2.81200000e-08  8.77379026e-02 
 2.81400000e-08  8.73836702e-02 
 2.81600000e-08  8.70165549e-02 
 2.81800000e-08  8.66365123e-02 
 2.82000000e-08  8.62434982e-02 
 2.82200000e-08  8.58374687e-02 
 2.82400000e-08  8.54183807e-02 
 2.82600000e-08  8.49861916e-02 
 2.82800000e-08  8.45408598e-02 
 2.83000000e-08  8.40823448e-02 
 2.83200000e-08  8.36106069e-02 
 2.83400000e-08  8.31256082e-02 
 2.83600000e-08  8.26273121e-02 
 2.83800000e-08  8.21156837e-02 
 2.84000000e-08  8.15906900e-02 
 2.84200000e-08  8.10523000e-02 
 2.84400000e-08  8.05004849e-02 
 2.84600000e-08  7.99352184e-02 
 2.84800000e-08  7.93564767e-02 
 2.85000000e-08  7.87642388e-02 
 2.85200000e-08  7.81584867e-02 
 2.85400000e-08  7.75392055e-02 
 2.85600000e-08  7.69063838e-02 
 2.85800000e-08  7.62600134e-02 
 2.86000000e-08  7.56000901e-02 
 2.86200000e-08  7.49266137e-02 
 2.86400000e-08  7.42395877e-02 
 2.86600000e-08  7.35390204e-02 
 2.86800000e-08  7.28249241e-02 
 2.87000000e-08  7.20973161e-02 
 2.87200000e-08  7.13562183e-02 
 2.87400000e-08  7.06016578e-02 
 2.87600000e-08  6.98336668e-02 
 2.87800000e-08  6.90522828e-02 
 2.88000000e-08  6.82575489e-02 
 2.88200000e-08  6.74495139e-02 
 2.88400000e-08  6.66282323e-02 
 2.88600000e-08  6.57937646e-02 
 2.88800000e-08  6.49461775e-02 
 2.89000000e-08  6.40855439e-02 
 2.89200000e-08  6.32119430e-02 
 2.89400000e-08  6.23254604e-02 
 2.89600000e-08  6.14261885e-02 
 2.89800000e-08  6.05142263e-02 
 2.90000000e-08  5.95896793e-02 
 2.90200000e-08  5.86526602e-02 
 2.90400000e-08  5.77032884e-02 
 2.90600000e-08  5.67416902e-02 
 2.90800000e-08  5.57679992e-02 
 2.91000000e-08  5.47823556e-02 
 2.91200000e-08  5.37849070e-02 
 2.91400000e-08  5.27758078e-02 
 2.91600000e-08  5.17552198e-02 
 2.91800000e-08  5.07233114e-02 
 2.92000000e-08  4.96802583e-02 
 2.92200000e-08  4.86262432e-02 
 2.92400000e-08  4.75614557e-02 
 2.92600000e-08  4.64860920e-02 
 2.92800000e-08  4.54003554e-02 
 2.93000000e-08  4.43044558e-02 
 2.93200000e-08  4.31986096e-02 
 2.93400000e-08  4.20830399e-02 
 2.93600000e-08  4.09579759e-02 
 2.93800000e-08  3.98236533e-02 
 2.94000000e-08  3.86803137e-02 
 2.94200000e-08  3.75282046e-02 
 2.94400000e-08  3.63675794e-02 
 2.94600000e-08  3.51986971e-02 
 2.94800000e-08  3.40218219e-02 
 2.95000000e-08  3.28372235e-02 
 2.95200000e-08  3.16451763e-02 
 2.95400000e-08  3.04459597e-02 
 2.95600000e-08  2.92398576e-02 
 2.95800000e-08  2.80271582e-02 
 2.96000000e-08  2.68081540e-02 
 2.96200000e-08  2.55831412e-02 
 2.96400000e-08  2.43524197e-02 
 2.96600000e-08  2.31162928e-02 
 2.96800000e-08  2.18750668e-02 
 2.97000000e-08  2.06290511e-02 
 2.97200000e-08  1.93785576e-02 
 2.97400000e-08  1.81239005e-02 
 2.97600000e-08  1.68653962e-02 
 2.97800000e-08  1.56033628e-02 
 2.98000000e-08  1.43381202e-02 
 2.98200000e-08  1.30699892e-02 
 2.98400000e-08  1.17992921e-02 
 2.98600000e-08  1.05263516e-02 
 2.98800000e-08  9.25149096e-03 
 2.99000000e-08  7.97503384e-03 
 2.99200000e-08  6.69730375e-03 
 2.99400000e-08  5.41862396e-03 
 2.99600000e-08  4.13931719e-03 
 2.99800000e-08  2.85970539e-03 
 3.00000000e-08  1.58010949e-03 
 3.00200000e-08  3.00849153e-04 
 3.00400000e-08 -9.77757470e-04 
 3.00600000e-08 -2.25539395e-03 
 3.00800000e-08 -3.53174582e-03 
 3.01000000e-08 -4.80650078e-03 
 3.01200000e-08 -6.07934893e-03 
 3.01400000e-08 -7.34998297e-03 
 3.01600000e-08 -8.61809837e-03 
 3.01800000e-08 -9.88339363e-03 
 3.02000000e-08 -1.11455704e-02 
 3.02200000e-08 -1.24043337e-02 
 3.02400000e-08 -1.36593920e-02 
 3.02600000e-08 -1.49104575e-02 
 3.02800000e-08 -1.61572465e-02 
 3.03000000e-08 -1.73994788e-02 
 3.03200000e-08 -1.86368789e-02 
 3.03400000e-08 -1.98691750e-02 
 3.03600000e-08 -2.10961002e-02 
 3.03800000e-08 -2.23173918e-02 
 3.04000000e-08 -2.35327919e-02 
 3.04200000e-08 -2.47420474e-02 
 3.04400000e-08 -2.59449097e-02 
 3.04600000e-08 -2.71411356e-02 
 3.04800000e-08 -2.83304864e-02 
 3.05000000e-08 -2.95127290e-02 
 3.05200000e-08 -3.06876350e-02 
 3.05400000e-08 -3.18549815e-02 
 3.05600000e-08 -3.30145507e-02 
 3.05800000e-08 -3.41661302e-02 
 3.06000000e-08 -3.53095128e-02 
 3.06200000e-08 -3.64444970e-02 
 3.06400000e-08 -3.75708863e-02 
 3.06600000e-08 -3.86884899e-02 
 3.06800000e-08 -3.97971224e-02 
 3.07000000e-08 -4.08966037e-02 
 3.07200000e-08 -4.19867594e-02 
 3.07400000e-08 -4.30674202e-02 
 3.07600000e-08 -4.41384225e-02 
 3.07800000e-08 -4.51996081e-02 
 3.08000000e-08 -4.62508240e-02 
 3.08200000e-08 -4.72919228e-02 
 3.08400000e-08 -4.83227622e-02 
 3.08600000e-08 -4.93432055e-02 
 3.08800000e-08 -5.03531209e-02 
 3.09000000e-08 -5.13523821e-02 
 3.09200000e-08 -5.23408679e-02 
 3.09400000e-08 -5.33184620e-02 
 3.09600000e-08 -5.42850535e-02 
 3.09800000e-08 -5.52405361e-02 
 3.10000000e-08 -5.61848087e-02 
 3.10200000e-08 -5.71177750e-02 
 3.10400000e-08 -5.80393433e-02 
 3.10600000e-08 -5.89494269e-02 
 3.10800000e-08 -5.98479435e-02 
 3.11000000e-08 -6.07348152e-02 
 3.11200000e-08 -6.16099690e-02 
 3.11400000e-08 -6.24733359e-02 
 3.11600000e-08 -6.33248513e-02 
 3.11800000e-08 -6.41644547e-02 
 3.12000000e-08 -6.49920897e-02 
 3.12200000e-08 -6.58077040e-02 
 3.12400000e-08 -6.66112491e-02 
 3.12600000e-08 -6.74026802e-02 
 3.12800000e-08 -6.81819564e-02 
 3.13000000e-08 -6.89490403e-02 
 3.13200000e-08 -6.97038977e-02 
 3.13400000e-08 -7.04464982e-02 
 3.13600000e-08 -7.11768144e-02 
 3.13800000e-08 -7.18948221e-02 
 3.14000000e-08 -7.26005001e-02 
 3.14200000e-08 -7.32938302e-02 
 3.14400000e-08 -7.39747970e-02 
 3.14600000e-08 -7.46433877e-02 
 3.14800000e-08 -7.52995924e-02 
 3.15000000e-08 -7.59434032e-02 
 3.15200000e-08 -7.65748151e-02 
 3.15400000e-08 -7.71938249e-02 
 3.15600000e-08 -7.78004318e-02 
 3.15800000e-08 -7.83946370e-02 
 3.16000000e-08 -7.89764435e-02 
 3.16200000e-08 -7.95458563e-02 
 3.16400000e-08 -8.01028820e-02 
 3.16600000e-08 -8.06475287e-02 
 3.16800000e-08 -8.11798061e-02 
 3.17000000e-08 -8.16997252e-02 
 3.17200000e-08 -8.22072983e-02 
 3.17400000e-08 -8.27025388e-02 
 3.17600000e-08 -8.31854612e-02 
 3.17800000e-08 -8.36560809e-02 
 3.18000000e-08 -8.41144141e-02 
 3.18200000e-08 -8.45604779e-02 
 3.18400000e-08 -8.49942898e-02 
 3.18600000e-08 -8.54158680e-02 
 3.18800000e-08 -8.58252310e-02 
 3.19000000e-08 -8.62223978e-02 
 3.19200000e-08 -8.66073874e-02 
 3.19400000e-08 -8.69802192e-02 
 3.19600000e-08 -8.73409125e-02 
 3.19800000e-08 -8.76894866e-02 
 3.20000000e-08 -8.80259606e-02 
 3.20200000e-08 -8.83503536e-02 
 3.20400000e-08 -8.86626841e-02 
 3.20600000e-08 -8.89629703e-02 
 3.20800000e-08 -8.92512303e-02 
 3.21000000e-08 -8.95274810e-02 
 3.21200000e-08 -8.97917394e-02 
 3.21400000e-08 -9.00440212e-02 
 3.21600000e-08 -9.02843416e-02 
 3.21800000e-08 -9.05127151e-02 
 3.22000000e-08 -9.07291550e-02 
 3.22200000e-08 -9.09336739e-02 
 3.22400000e-08 -9.11262833e-02 
 3.22600000e-08 -9.13069934e-02 
 3.22800000e-08 -9.14758137e-02 
 3.23000000e-08 -9.16327520e-02 
 3.23200000e-08 -9.17778152e-02 
 3.23400000e-08 -9.19110088e-02 
 3.23600000e-08 -9.20323369e-02 
 3.23800000e-08 -9.21418024e-02 
 3.24000000e-08 -9.22394066e-02 
 3.24200000e-08 -9.23251495e-02 
 3.24400000e-08 -9.23990293e-02 
 3.24600000e-08 -9.24610431e-02 
 3.24800000e-08 -9.25111862e-02 
 3.25000000e-08 -9.25494523e-02 
 3.25200000e-08 -9.25758336e-02 
 3.25400000e-08 -9.25903208e-02 
 3.25600000e-08 -9.25929028e-02 
 3.25800000e-08 -9.25835670e-02 
 3.26000000e-08 -9.25622991e-02 
 3.26200000e-08 -9.25290831e-02 
 3.26400000e-08 -9.24839015e-02 
 3.26600000e-08 -9.24267352e-02 
 3.26800000e-08 -9.23575633e-02 
 3.27000000e-08 -9.22763635e-02 
 3.27200000e-08 -9.21831119e-02 
 3.27400000e-08 -9.20777829e-02 
 3.27600000e-08 -9.19603495e-02 
 3.27800000e-08 -9.18307831e-02 
 3.28000000e-08 -9.16890537e-02 
 3.28200000e-08 -9.15351300e-02 
 3.28400000e-08 -9.13689792e-02 
 3.28600000e-08 -9.11905670e-02 
 3.28800000e-08 -9.09998583e-02 
 3.29000000e-08 -9.07968162e-02 
 3.29200000e-08 -9.05814032e-02 
 3.29400000e-08 -9.03535804e-02 
 3.29600000e-08 -9.01133080e-02 
 3.29800000e-08 -8.98605453e-02 
 3.30000000e-08 -8.95952506e-02 
 3.30200000e-08 -8.93173818e-02 
 3.30400000e-08 -8.90268957e-02 
 3.30600000e-08 -8.87237488e-02 
 3.30800000e-08 -8.84078973e-02 
 3.31000000e-08 -8.80792967e-02 
 3.31200000e-08 -8.77379026e-02 
 3.31400000e-08 -8.73836702e-02 
 3.31600000e-08 -8.70165549e-02 
 3.31800000e-08 -8.66365123e-02 
 3.32000000e-08 -8.62434982e-02 
 3.32200000e-08 -8.58374687e-02 
 3.32400000e-08 -8.54183807e-02 
 3.32600000e-08 -8.49861916e-02 
 3.32800000e-08 -8.45408598e-02 
 3.33000000e-08 -8.40823448e-02 
 3.33200000e-08 -8.36106069e-02 
 3.33400000e-08 -8.31256082e-02 
 3.33600000e-08 -8.26273121e-02 
 3.33800000e-08 -8.21156837e-02 
 3.34000000e-08 -8.15906900e-02 
 3.34200000e-08 -8.10523000e-02 
 3.34400000e-08 -8.05004849e-02 
 3.34600000e-08 -7.99352184e-02 
 3.34800000e-08 -7.93564767e-02 
 3.35000000e-08 -7.87642388e-02 
 3.35200000e-08 -7.81584867e-02 
 3.35400000e-08 -7.75392055e-02 
 3.35600000e-08 -7.69063838e-02 
 3.35800000e-08 -7.62600134e-02 
 3.36000000e-08 -7.56000901e-02 
 3.36200000e-08 -7.49266137e-02 
 3.36400000e-08 -7.42395877e-02 
 3.36600000e-08 -7.35390204e-02 
 3.36800000e-08 -7.28249241e-02 
 3.37000000e-08 -7.20973161e-02 
 3.37200000e-08 -7.13562183e-02 
 3.37400000e-08 -7.06016578e-02 
 3.37600000e-08 -6.98336668e-02 
 3.37800000e-08 -6.90522828e-02 
 3.38000000e-08 -6.82575489e-02 
 3.38200000e-08 -6.74495139e-02 
 3.38400000e-08 -6.66282323e-02 
 3.38600000e-08 -6.57937646e-02 
 3.38800000e-08 -6.49461775e-02 
 3.39000000e-08 -6.40855439e-02 
 3.39200000e-08 -6.32119430e-02 
 3.39400000e-08 -6.23254604e-02 
 3.39600000e-08 -6.14261885e-02 
 3.39800000e-08 -6.05142263e-02 
 3.40000000e-08 -5.95896793e-02 
 3.40200000e-08 -5.86526602e-02 
 3.40400000e-08 -5.77032884e-02 
 3.40600000e-08 -5.67416902e-02 
 3.40800000e-08 -5.57679992e-02 
 3.41000000e-08 -5.47823556e-02 
 3.41200000e-08 -5.37849070e-02 
 3.41400000e-08 -5.27758078e-02 
 3.41600000e-08 -5.17552198e-02 
 3.41800000e-08 -5.07233114e-02 
 3.42000000e-08 -4.96802583e-02 
 3.42200000e-08 -4.86262432e-02 
 3.42400000e-08 -4.75614557e-02 
 3.42600000e-08 -4.64860920e-02 
 3.42800000e-08 -4.54003554e-02 
 3.43000000e-08 -4.43044558e-02 
 3.43200000e-08 -4.31986096e-02 
 3.43400000e-08 -4.20830399e-02 
 3.43600000e-08 -4.09579759e-02 
 3.43800000e-08 -3.98236533e-02 
 3.44000000e-08 -3.86803137e-02 
 3.44200000e-08 -3.75282046e-02 
 3.44400000e-08 -3.63675794e-02 
 3.44600000e-08 -3.51986971e-02 
 3.44800000e-08 -3.40218219e-02 
 3.45000000e-08 -3.28372235e-02 
 3.45200000e-08 -3.16451763e-02 
 3.45400000e-08 -3.04459597e-02 
 3.45600000e-08 -2.92398576e-02 
 3.45800000e-08 -2.80271582e-02 
 3.46000000e-08 -2.68081540e-02 
 3.46200000e-08 -2.55831412e-02 
 3.46400000e-08 -2.43524197e-02 
 3.46600000e-08 -2.31162928e-02 
 3.46800000e-08 -2.18750668e-02 
 3.47000000e-08 -2.06290511e-02 
 3.47200000e-08 -1.93785576e-02 
 3.47400000e-08 -1.81239005e-02 
 3.47600000e-08 -1.68653962e-02 
 3.47800000e-08 -1.56033628e-02 
 3.48000000e-08 -1.43381202e-02 
 3.48200000e-08 -1.30699892e-02 
 3.48400000e-08 -1.17992921e-02 
 3.48600000e-08 -1.05263516e-02 
 3.48800000e-08 -9.25149096e-03 
 3.49000000e-08 -7.97503384e-03 
 3.49200000e-08 -6.69730375e-03 
 3.49400000e-08 -5.41862396e-03 
 3.49600000e-08 -4.13931719e-03 
 3.49800000e-08 -2.85970539e-03 
 3.50000000e-08 -1.58010949e-03 
 3.50200000e-08 -3.00849153e-04 
 3.50400000e-08  9.77757470e-04 
 3.50600000e-08  2.25539395e-03 
 3.50800000e-08  3.53174582e-03 
 3.51000000e-08  4.80650078e-03 
 3.51200000e-08  6.07934893e-03 
 3.51400000e-08  7.34998297e-03 
 3.51600000e-08  8.61809837e-03 
 3.51800000e-08  9.88339363e-03 
 3.52000000e-08  1.11455704e-02 
 3.52200000e-08  1.24043337e-02 
 3.52400000e-08  1.36593920e-02 
 3.52600000e-08  1.49104575e-02 
 3.52800000e-08  1.61572465e-02 
 3.53000000e-08  1.73994788e-02 
 3.53200000e-08  1.86368789e-02 
 3.53400000e-08  1.98691750e-02 
 3.53600000e-08  2.10961002e-02 
 3.53800000e-08  2.23173918e-02 
 3.54000000e-08  2.35327919e-02 
 3.54200000e-08  2.47420474e-02 
 3.54400000e-08  2.59449097e-02 
 3.54600000e-08  2.71411356e-02 
 3.54800000e-08  2.83304864e-02 
 3.55000000e-08  2.95127290e-02 
 3.55200000e-08  3.06876350e-02 
 3.55400000e-08  3.18549815e-02 
 3.55600000e-08  3.30145507e-02 
 3.55800000e-08  3.41661302e-02 
 3.56000000e-08  3.53095128e-02 
 3.56200000e-08  3.64444970e-02 
 3.56400000e-08  3.75708863e-02 
 3.56600000e-08  3.86884899e-02 
 3.56800000e-08  3.97971224e-02 
 3.57000000e-08  4.08966037e-02 
 3.57200000e-08  4.19867594e-02 
 3.57400000e-08  4.30674202e-02 
 3.57600000e-08  4.41384225e-02 
 3.57800000e-08  4.51996081e-02 
 3.58000000e-08  4.62508240e-02 
 3.58200000e-08  4.72919228e-02 
 3.58400000e-08  4.83227622e-02 
 3.58600000e-08  4.93432055e-02 
 3.58800000e-08  5.03531209e-02 
 3.59000000e-08  5.13523821e-02 
 3.59200000e-08  5.23408679e-02 
 3.59400000e-08  5.33184620e-02 
 3.59600000e-08  5.42850535e-02 
 3.59800000e-08  5.52405361e-02 
 3.60000000e-08  5.61848087e-02 
 3.60200000e-08  5.71177750e-02 
 3.60400000e-08  5.80393433e-02 
 3.60600000e-08  5.89494269e-02 
 3.60800000e-08  5.98479435e-02 
 3.61000000e-08  6.07348153e-02 
 3.61200000e-08  6.16099690e-02 
 3.61400000e-08  6.24733359e-02 
 3.61600000e-08  6.33248513e-02 
 3.61800000e-08  6.41644547e-02 
 3.62000000e-08  6.49920897e-02 
 3.62200000e-08  6.58077040e-02 
 3.62400000e-08  6.66112491e-02 
 3.62600000e-08  6.74026802e-02 
 3.62800000e-08  6.81819564e-02 
 3.63000000e-08  6.89490403e-02 
 3.63200000e-08  6.97038977e-02 
 3.63400000e-08  7.04464982e-02 
 3.63600000e-08  7.11768144e-02 
 3.63800000e-08  7.18948221e-02 
 3.64000000e-08  7.26005001e-02 
 3.64200000e-08  7.32938302e-02 
 3.64400000e-08  7.39747970e-02 
 3.64600000e-08  7.46433877e-02 
 3.64800000e-08  7.52995924e-02 
 3.65000000e-08  7.59434032e-02 
 3.65200000e-08  7.65748151e-02 
 3.65400000e-08  7.71938249e-02 
 3.65600000e-08  7.78004318e-02 
 3.65800000e-08  7.83946370e-02 
 3.66000000e-08  7.89764435e-02 
 3.66200000e-08  7.95458563e-02 
 3.66400000e-08  8.01028820e-02 
 3.66600000e-08  8.06475287e-02 
 3.66800000e-08  8.11798061e-02 
 3.67000000e-08  8.16997252e-02 
 3.67200000e-08  8.22072983e-02 
 3.67400000e-08  8.27025388e-02 
 3.67600000e-08  8.31854612e-02 
 3.67800000e-08  8.36560809e-02 
 3.68000000e-08  8.41144141e-02 
 3.68200000e-08  8.45604779e-02 
 3.68400000e-08  8.49942898e-02 
 3.68600000e-08  8.54158680e-02 
 3.68800000e-08  8.58252310e-02 
 3.69000000e-08  8.62223978e-02 
 3.69200000e-08  8.66073874e-02 
 3.69400000e-08  8.69802192e-02 
 3.69600000e-08  8.73409125e-02 
 3.69800000e-08  8.76894866e-02 
 3.70000000e-08  8.80259606e-02 
 3.70200000e-08  8.83503536e-02 
 3.70400000e-08  8.86626840e-02 
 3.70600000e-08  8.89629703e-02 
 3.70800000e-08  8.92512303e-02 
 3.71000000e-08  8.95274810e-02 
 3.71200000e-08  8.97917394e-02 
 3.71400000e-08  9.00440212e-02 
 3.71600000e-08  9.02843416e-02 
 3.71800000e-08  9.05127151e-02 
 3.72000000e-08  9.07291550e-02 
 3.72200000e-08  9.09336739e-02 
 3.72400000e-08  9.11262833e-02 
 3.72600000e-08  9.13069934e-02 
 3.72800000e-08  9.14758137e-02 
 3.73000000e-08  9.16327520e-02 
 3.73200000e-08  9.17778152e-02 
 3.73400000e-08  9.19110088e-02 
 3.73600000e-08  9.20323369e-02 
 3.73800000e-08  9.21418024e-02 
 3.74000000e-08  9.22394066e-02 
 3.74200000e-08  9.23251495e-02 
 3.74400000e-08  9.23990293e-02 
 3.74600000e-08  9.24610431e-02 
 3.74800000e-08  9.25111862e-02 
 3.75000000e-08  9.25494523e-02 
 3.75200000e-08  9.25758336e-02 
 3.75400000e-08  9.25903208e-02 
 3.75600000e-08  9.25929028e-02 
 3.75800000e-08  9.25835670e-02 
 3.76000000e-08  9.25622991e-02 
 3.76200000e-08  9.25290831e-02 
 3.76400000e-08  9.24839015e-02 
 3.76600000e-08  9.24267352e-02 
 3.76800000e-08  9.23575633e-02 
 3.77000000e-08  9.22763635e-02 
 3.77200000e-08  9.21831119e-02 
 3.77400000e-08  9.20777829e-02 
 3.77600000e-08  9.19603495e-02 
 3.77800000e-08  9.18307831e-02 
 3.78000000e-08  9.16890537e-02 
 3.78200000e-08  9.15351300e-02 
 3.78400000e-08  9.13689792e-02 
 3.78600000e-08  9.11905670e-02 
 3.78800000e-08  9.09998583e-02 
 3.79000000e-08  9.07968162e-02 
 3.79200000e-08  9.05814032e-02 
 3.79400000e-08  9.03535804e-02 
 3.79600000e-08  9.01133080e-02 
 3.79800000e-08  8.98605453e-02 
 3.80000000e-08  8.95952506e-02 
 3.80200000e-08  8.93173818e-02 
 3.80400000e-08  8.90268957e-02 
 3.80600000e-08  8.87237488e-02 
 3.80800000e-08  8.84078973e-02 
 3.81000000e-08  8.80792967e-02 
 3.81200000e-08  8.77379026e-02 
 3.81400000e-08  8.73836702e-02 
 3.81600000e-08  8.70165549e-02 
 3.81800000e-08  8.66365123e-02 
 3.82000000e-08  8.62434982e-02 
 3.82200000e-08  8.58374687e-02 
 3.82400000e-08  8.54183807e-02 
 3.82600000e-08  8.49861916e-02 
 3.82800000e-08  8.45408598e-02 
 3.83000000e-08  8.40823448e-02 
 3.83200000e-08  8.36106069e-02 
 3.83400000e-08  8.31256082e-02 
 3.83600000e-08  8.26273121e-02 
 3.83800000e-08  8.21156837e-02 
 3.84000000e-08  8.15906900e-02 
 3.84200000e-08  8.10523000e-02 
 3.84400000e-08  8.05004849e-02 
 3.84600000e-08  7.99352184e-02 
 3.84800000e-08  7.93564767e-02 
 3.85000000e-08  7.87642388e-02 
 3.85200000e-08  7.81584867e-02 
 3.85400000e-08  7.75392055e-02 
 3.85600000e-08  7.69063838e-02 
 3.85800000e-08  7.62600134e-02 
 3.86000000e-08  7.56000901e-02 
 3.86200000e-08  7.49266137e-02 
 3.86400000e-08  7.42395877e-02 
 3.86600000e-08  7.35390204e-02 
 3.86800000e-08  7.28249241e-02 
 3.87000000e-08  7.20973161e-02 
 3.87200000e-08  7.13562183e-02 
 3.87400000e-08  7.06016578e-02 
 3.87600000e-08  6.98336668e-02 
 3.87800000e-08  6.90522828e-02 
 3.88000000e-08  6.82575489e-02 
 3.88200000e-08  6.74495139e-02 
 3.88400000e-08  6.66282323e-02 
 3.88600000e-08  6.57937646e-02 
 3.88800000e-08  6.49461775e-02 
 3.89000000e-08  6.40855439e-02 
 3.89200000e-08  6.32119430e-02 
 3.89400000e-08  6.23254604e-02 
 3.89600000e-08  6.14261885e-02 
 3.89800000e-08  6.05142263e-02 
 3.90000000e-08  5.95896793e-02 
 3.90200000e-08  5.86526602e-02 
 3.90400000e-08  5.77032884e-02 
 3.90600000e-08  5.67416902e-02 
 3.90800000e-08  5.57679992e-02 
 3.91000000e-08  5.47823556e-02 
 3.91200000e-08  5.37849070e-02 
 3.91400000e-08  5.27758078e-02 
 3.91600000e-08  5.17552198e-02 
 3.91800000e-08  5.07233114e-02 
 3.92000000e-08  4.96802583e-02 
 3.92200000e-08  4.86262432e-02 
 3.92400000e-08  4.75614557e-02 
 3.92600000e-08  4.64860920e-02 
 3.92800000e-08  4.54003554e-02 
 3.93000000e-08  4.43044558e-02 
 3.93200000e-08  4.31986096e-02 
 3.93400000e-08  4.20830399e-02 
 3.93600000e-08  4.09579759e-02 
 3.93800000e-08  3.98236533e-02 
 3.94000000e-08  3.86803137e-02 
 3.94200000e-08  3.75282046e-02 
 3.94400000e-08  3.63675794e-02 
 3.94600000e-08  3.51986971e-02 
 3.94800000e-08  3.40218219e-02 
 3.95000000e-08  3.28372235e-02 
 3.95200000e-08  3.16451763e-02 
 3.95400000e-08  3.04459597e-02 
 3.95600000e-08  2.92398576e-02 
 3.95800000e-08  2.80271582e-02 
 3.96000000e-08  2.68081540e-02 
 3.96200000e-08  2.55831412e-02 
 3.96400000e-08  2.43524197e-02 
 3.96600000e-08  2.31162928e-02 
 3.96800000e-08  2.18750668e-02 
 3.97000000e-08  2.06290511e-02 
 3.97200000e-08  1.93785576e-02 
 3.97400000e-08  1.81239005e-02 
 3.97600000e-08  1.68653962e-02 
 3.97800000e-08  1.56033628e-02 
 3.98000000e-08  1.43381202e-02 
 3.98200000e-08  1.30699893e-02 
 3.98400000e-08  1.17992921e-02 
 3.98600000e-08  1.05263516e-02 
 3.98800000e-08  9.25149096e-03 
 3.99000000e-08  7.97503384e-03 
 3.99200000e-08  6.69730375e-03 
 3.99400000e-08  5.41862396e-03 
 3.99600000e-08  4.13931719e-03 
 3.99800000e-08  2.85970539e-03 
 4.00000000e-08  1.58010949e-03 
 4.00200000e-08  3.00849153e-04 
 4.00400000e-08 -9.77757470e-04 
 4.00600000e-08 -2.25539395e-03 
 4.00800000e-08 -3.53174582e-03 
 4.01000000e-08 -4.80650078e-03 
 4.01200000e-08 -6.07934893e-03 
 4.01400000e-08 -7.34998297e-03 
 4.01600000e-08 -8.61809837e-03 
 4.01800000e-08 -9.88339363e-03 
 4.02000000e-08 -1.11455704e-02 
 4.02200000e-08 -1.24043337e-02 
 4.02400000e-08 -1.36593920e-02 
 4.02600000e-08 -1.49104575e-02 
 4.02800000e-08 -1.61572465e-02 
 4.03000000e-08 -1.73994788e-02 
 4.03200000e-08 -1.86368789e-02 
 4.03400000e-08 -1.98691750e-02 
 4.03600000e-08 -2.10961002e-02 
 4.03800000e-08 -2.23173918e-02 
 4.04000000e-08 -2.35327919e-02 
 4.04200000e-08 -2.47420474e-02 
 4.04400000e-08 -2.59449097e-02 
 4.04600000e-08 -2.71411356e-02 
 4.04800000e-08 -2.83304864e-02 
 4.05000000e-08 -2.95127290e-02 
 4.05200000e-08 -3.06876350e-02 
 4.05400000e-08 -3.18549815e-02 
 4.05600000e-08 -3.30145507e-02 
 4.05800000e-08 -3.41661302e-02 
 4.06000000e-08 -3.53095128e-02 
 4.06200000e-08 -3.64444970e-02 
 4.06400000e-08 -3.75708863e-02 
 4.06600000e-08 -3.86884899e-02 
 4.06800000e-08 -3.97971224e-02 
 4.07000000e-08 -4.08966037e-02 
 4.07200000e-08 -4.19867594e-02 
 4.07400000e-08 -4.30674202e-02 
 4.07600000e-08 -4.41384225e-02 
 4.07800000e-08 -4.51996081e-02 
 4.08000000e-08 -4.62508240e-02 
 4.08200000e-08 -4.72919228e-02 
 4.08400000e-08 -4.83227622e-02 
 4.08600000e-08 -4.93432055e-02 
 4.08800000e-08 -5.03531209e-02 
 4.09000000e-08 -5.13523821e-02 
 4.09200000e-08 -5.23408679e-02 
 4.09400000e-08 -5.33184620e-02 
 4.09600000e-08 -5.42850535e-02 
 4.09800000e-08 -5.52405361e-02 
 4.10000000e-08 -5.61848087e-02 
 4.10200000e-08 -5.71177750e-02 
 4.10400000e-08 -5.80393433e-02 
 4.10600000e-08 -5.89494269e-02 
 4.10800000e-08 -5.98479435e-02 
 4.11000000e-08 -6.07348153e-02 
 4.11200000e-08 -6.16099690e-02 
 4.11400000e-08 -6.24733359e-02 
 4.11600000e-08 -6.33248513e-02 
 4.11800000e-08 -6.41644547e-02 
 4.12000000e-08 -6.49920897e-02 
 4.12200000e-08 -6.58077040e-02 
 4.12400000e-08 -6.66112491e-02 
 4.12600000e-08 -6.74026802e-02 
 4.12800000e-08 -6.81819564e-02 
 4.13000000e-08 -6.89490403e-02 
 4.13200000e-08 -6.97038977e-02 
 4.13400000e-08 -7.04464982e-02 
 4.13600000e-08 -7.11768144e-02 
 4.13800000e-08 -7.18948221e-02 
 4.14000000e-08 -7.26005001e-02 
 4.14200000e-08 -7.32938302e-02 
 4.14400000e-08 -7.39747970e-02 
 4.14600000e-08 -7.46433877e-02 
 4.14800000e-08 -7.52995924e-02 
 4.15000000e-08 -7.59434032e-02 
 4.15200000e-08 -7.65748151e-02 
 4.15400000e-08 -7.71938249e-02 
 4.15600000e-08 -7.78004318e-02 
 4.15800000e-08 -7.83946370e-02 
 4.16000000e-08 -7.89764435e-02 
 4.16200000e-08 -7.95458563e-02 
 4.16400000e-08 -8.01028820e-02 
 4.16600000e-08 -8.06475287e-02 
 4.16800000e-08 -8.11798061e-02 
 4.17000000e-08 -8.16997252e-02 
 4.17200000e-08 -8.22072983e-02 
 4.17400000e-08 -8.27025388e-02 
 4.17600000e-08 -8.31854612e-02 
 4.17800000e-08 -8.36560809e-02 
 4.18000000e-08 -8.41144141e-02 
 4.18200000e-08 -8.45604779e-02 
 4.18400000e-08 -8.49942898e-02 
 4.18600000e-08 -8.54158680e-02 
 4.18800000e-08 -8.58252310e-02 
 4.19000000e-08 -8.62223978e-02 
 4.19200000e-08 -8.66073874e-02 
 4.19400000e-08 -8.69802192e-02 
 4.19600000e-08 -8.73409125e-02 
 4.19800000e-08 -8.76894866e-02 
 4.20000000e-08 -8.80259606e-02 
 4.20200000e-08 -8.83503536e-02 
 4.20400000e-08 -8.86626841e-02 
 4.20600000e-08 -8.89629703e-02 
 4.20800000e-08 -8.92512303e-02 
 4.21000000e-08 -8.95274810e-02 
 4.21200000e-08 -8.97917394e-02 
 4.21400000e-08 -9.00440212e-02 
 4.21600000e-08 -9.02843416e-02 
 4.21800000e-08 -9.05127151e-02 
 4.22000000e-08 -9.07291550e-02 
 4.22200000e-08 -9.09336739e-02 
 4.22400000e-08 -9.11262833e-02 
 4.22600000e-08 -9.13069934e-02 
 4.22800000e-08 -9.14758137e-02 
 4.23000000e-08 -9.16327520e-02 
 4.23200000e-08 -9.17778152e-02 
 4.23400000e-08 -9.19110088e-02 
 4.23600000e-08 -9.20323369e-02 
 4.23800000e-08 -9.21418024e-02 
 4.24000000e-08 -9.22394066e-02 
 4.24200000e-08 -9.23251495e-02 
 4.24400000e-08 -9.23990293e-02 
 4.24600000e-08 -9.24610431e-02 
 4.24800000e-08 -9.25111861e-02 
 4.25000000e-08 -9.25494523e-02 
 4.25200000e-08 -9.25758336e-02 
 4.25400000e-08 -9.25903208e-02 
 4.25600000e-08 -9.25929028e-02 
 4.25800000e-08 -9.25835670e-02 
 4.26000000e-08 -9.25622991e-02 
 4.26200000e-08 -9.25290831e-02 
 4.26400000e-08 -9.24839015e-02 
 4.26600000e-08 -9.24267352e-02 
 4.26800000e-08 -9.23575633e-02 
 4.27000000e-08 -9.22763635e-02 
 4.27200000e-08 -9.21831119e-02 
 4.27400000e-08 -9.20777829e-02 
 4.27600000e-08 -9.19603495e-02 
 4.27800000e-08 -9.18307831e-02 
 4.28000000e-08 -9.16890537e-02 
 4.28200000e-08 -9.15351300e-02 
 4.28400000e-08 -9.13689792e-02 
 4.28600000e-08 -9.11905670e-02 
 4.28800000e-08 -9.09998583e-02 
 4.29000000e-08 -9.07968162e-02 
 4.29200000e-08 -9.05814032e-02 
 4.29400000e-08 -9.03535804e-02 
 4.29600000e-08 -9.01133080e-02 
 4.29800000e-08 -8.98605453e-02 
 4.30000000e-08 -8.95952506e-02 
 4.30200000e-08 -8.93173818e-02 
 4.30400000e-08 -8.90268957e-02 
 4.30600000e-08 -8.87237488e-02 
 4.30800000e-08 -8.84078973e-02 
 4.31000000e-08 -8.80792967e-02 
 4.31200000e-08 -8.77379026e-02 
 4.31400000e-08 -8.73836702e-02 
 4.31600000e-08 -8.70165549e-02 
 4.31800000e-08 -8.66365123e-02 
 4.32000000e-08 -8.62434982e-02 
 4.32200000e-08 -8.58374687e-02 
 4.32400000e-08 -8.54183807e-02 
 4.32600000e-08 -8.49861916e-02 
 4.32800000e-08 -8.45408598e-02 
 4.33000000e-08 -8.40823448e-02 
 4.33200000e-08 -8.36106069e-02 
 4.33400000e-08 -8.31256082e-02 
 4.33600000e-08 -8.26273121e-02 
 4.33800000e-08 -8.21156837e-02 
 4.34000000e-08 -8.15906900e-02 
 4.34200000e-08 -8.10523000e-02 
 4.34400000e-08 -8.05004849e-02 
 4.34600000e-08 -7.99352184e-02 
 4.34800000e-08 -7.93564767e-02 
 4.35000000e-08 -7.87642388e-02 
 4.35200000e-08 -7.81584867e-02 
 4.35400000e-08 -7.75392055e-02 
 4.35600000e-08 -7.69063838e-02 
 4.35800000e-08 -7.62600134e-02 
 4.36000000e-08 -7.56000901e-02 
 4.36200000e-08 -7.49266137e-02 
 4.36400000e-08 -7.42395877e-02 
 4.36600000e-08 -7.35390204e-02 
 4.36800000e-08 -7.28249241e-02 
 4.37000000e-08 -7.20973161e-02 
 4.37200000e-08 -7.13562183e-02 
 4.37400000e-08 -7.06016578e-02 
 4.37600000e-08 -6.98336668e-02 
 4.37800000e-08 -6.90522828e-02 
 4.38000000e-08 -6.82575489e-02 
 4.38200000e-08 -6.74495139e-02 
 4.38400000e-08 -6.66282323e-02 
 4.38600000e-08 -6.57937646e-02 
 4.38800000e-08 -6.49461775e-02 
 4.39000000e-08 -6.40855439e-02 
 4.39200000e-08 -6.32119430e-02 
 4.39400000e-08 -6.23254604e-02 
 4.39600000e-08 -6.14261885e-02 
 4.39800000e-08 -6.05142263e-02 
 4.40000000e-08 -5.95896793e-02 
 4.40200000e-08 -5.86526602e-02 
 4.40400000e-08 -5.77032884e-02 
 4.40600000e-08 -5.67416902e-02 
 4.40800000e-08 -5.57679992e-02 
 4.41000000e-08 -5.47823556e-02 
 4.41200000e-08 -5.37849070e-02 
 4.41400000e-08 -5.27758078e-02 
 4.41600000e-08 -5.17552198e-02 
 4.41800000e-08 -5.07233114e-02 
 4.42000000e-08 -4.96802583e-02 
 4.42200000e-08 -4.86262432e-02 
 4.42400000e-08 -4.75614557e-02 
 4.42600000e-08 -4.64860920e-02 
 4.42800000e-08 -4.54003554e-02 
 4.43000000e-08 -4.43044558e-02 
 4.43200000e-08 -4.31986096e-02 
 4.43400000e-08 -4.20830399e-02 
 4.43600000e-08 -4.09579759e-02 
 4.43800000e-08 -3.98236533e-02 
 4.44000000e-08 -3.86803137e-02 
 4.44200000e-08 -3.75282046e-02 
 4.44400000e-08 -3.63675794e-02 
 4.44600000e-08 -3.51986971e-02 
 4.44800000e-08 -3.40218219e-02 
 4.45000000e-08 -3.28372235e-02 
 4.45200000e-08 -3.16451763e-02 
 4.45400000e-08 -3.04459597e-02 
 4.45600000e-08 -2.92398576e-02 
 4.45800000e-08 -2.80271582e-02 
 4.46000000e-08 -2.68081540e-02 
 4.46200000e-08 -2.55831412e-02 
 4.46400000e-08 -2.43524197e-02 
 4.46600000e-08 -2.31162928e-02 
 4.46800000e-08 -2.18750668e-02 
 4.47000000e-08 -2.06290511e-02 
 4.47200000e-08 -1.93785576e-02 
 4.47400000e-08 -1.81239005e-02 
 4.47600000e-08 -1.68653962e-02 
 4.47800000e-08 -1.56033628e-02 
 4.48000000e-08 -1.43381202e-02 
 4.48200000e-08 -1.30699892e-02 
 4.48400000e-08 -1.17992921e-02 
 4.48600000e-08 -1.05263516e-02 
 4.48800000e-08 -9.25149096e-03 
 4.49000000e-08 -7.97503384e-03 
 4.49200000e-08 -6.69730375e-03 
 4.49400000e-08 -5.41862396e-03 
 4.49600000e-08 -4.13931719e-03 
 4.49800000e-08 -2.85970539e-03 
 4.50000000e-08 -1.58010949e-03 
 4.50200000e-08 -3.00849153e-04 
 4.50400000e-08  9.77757470e-04 
 4.50600000e-08  2.25539395e-03 
 4.50800000e-08  3.53174582e-03 
 4.51000000e-08  4.80650078e-03 
 4.51200000e-08  6.07934893e-03 
 4.51400000e-08  7.34998297e-03 
 4.51600000e-08  8.61809837e-03 
 4.51800000e-08  9.88339363e-03 
 4.52000000e-08  1.11455704e-02 
 4.52200000e-08  1.24043337e-02 
 4.52400000e-08  1.36593920e-02 
 4.52600000e-08  1.49104575e-02 
 4.52800000e-08  1.61572465e-02 
 4.53000000e-08  1.73994788e-02 
 4.53200000e-08  1.86368789e-02 
 4.53400000e-08  1.98691750e-02 
 4.53600000e-08  2.10961002e-02 
 4.53800000e-08  2.23173918e-02 
 4.54000000e-08  2.35327919e-02 
 4.54200000e-08  2.47420474e-02 
 4.54400000e-08  2.59449097e-02 
 4.54600000e-08  2.71411356e-02 
 4.54800000e-08  2.83304864e-02 
 4.55000000e-08  2.95127290e-02 
 4.55200000e-08  3.06876350e-02 
 4.55400000e-08  3.18549815e-02 
 4.55600000e-08  3.30145507e-02 
 4.55800000e-08  3.41661302e-02 
 4.56000000e-08  3.53095128e-02 
 4.56200000e-08  3.64444970e-02 
 4.56400000e-08  3.75708863e-02 
 4.56600000e-08  3.86884899e-02 
 4.56800000e-08  3.97971224e-02 
 4.57000000e-08  4.08966037e-02 
 4.57200000e-08  4.19867594e-02 
 4.57400000e-08  4.30674202e-02 
 4.57600000e-08  4.41384225e-02 
 4.57800000e-08  4.51996081e-02 
 4.58000000e-08  4.62508240e-02 
 4.58200000e-08  4.72919228e-02 
 4.58400000e-08  4.83227622e-02 
 4.58600000e-08  4.93432055e-02 
 4.58800000e-08  5.03531209e-02 
 4.59000000e-08  5.13523821e-02 
 4.59200000e-08  5.23408679e-02 
 4.59400000e-08  5.33184620e-02 
 4.59600000e-08  5.42850535e-02 
 4.59800000e-08  5.52405361e-02 
 4.60000000e-08  5.61848087e-02 
 4.60200000e-08  5.71177750e-02 
 4.60400000e-08  5.80393433e-02 
 4.60600000e-08  5.89494269e-02 
 4.60800000e-08  5.98479435e-02 
 4.61000000e-08  6.07348152e-02 
 4.61200000e-08  6.16099690e-02 
 4.61400000e-08  6.24733359e-02 
 4.61600000e-08  6.33248513e-02 
 4.61800000e-08  6.41644547e-02 
 4.62000000e-08  6.49920897e-02 
 4.62200000e-08  6.58077040e-02 
 4.62400000e-08  6.66112491e-02 
 4.62600000e-08  6.74026802e-02 
 4.62800000e-08  6.81819564e-02 
 4.63000000e-08  6.89490403e-02 
 4.63200000e-08  6.97038977e-02 
 4.63400000e-08  7.04464982e-02 
 4.63600000e-08  7.11768144e-02 
 4.63800000e-08  7.18948221e-02 
 4.64000000e-08  7.26005001e-02 
 4.64200000e-08  7.32938302e-02 
 4.64400000e-08  7.39747970e-02 
 4.64600000e-08  7.46433877e-02 
 4.64800000e-08  7.52995924e-02 
 4.65000000e-08  7.59434032e-02 
 4.65200000e-08  7.65748151e-02 
 4.65400000e-08  7.71938249e-02 
 4.65600000e-08  7.78004318e-02 
 4.65800000e-08  7.83946370e-02 
 4.66000000e-08  7.89764435e-02 
 4.66200000e-08  7.95458563e-02 
 4.66400000e-08  8.01028820e-02 
 4.66600000e-08  8.06475287e-02 
 4.66800000e-08  8.11798061e-02 
 4.67000000e-08  8.16997252e-02 
 4.67200000e-08  8.22072983e-02 
 4.67400000e-08  8.27025388e-02 
 4.67600000e-08  8.31854612e-02 
 4.67800000e-08  8.36560809e-02 
 4.68000000e-08  8.41144141e-02 
 4.68200000e-08  8.45604779e-02 
 4.68400000e-08  8.49942898e-02 
 4.68600000e-08  8.54158680e-02 
 4.68800000e-08  8.58252310e-02 
 4.69000000e-08  8.62223978e-02 
 4.69200000e-08  8.66073874e-02 
 4.69400000e-08  8.69802192e-02 
 4.69600000e-08  8.73409125e-02 
 4.69800000e-08  8.76894866e-02 
 4.70000000e-08  8.80259606e-02 
 4.70200000e-08  8.83503536e-02 
 4.70400000e-08  8.86626841e-02 
 4.70600000e-08  8.89629703e-02 
 4.70800000e-08  8.92512303e-02 
 4.71000000e-08  8.95274810e-02 
 4.71200000e-08  8.97917394e-02 
 4.71400000e-08  9.00440212e-02 
 4.71600000e-08  9.02843416e-02 
 4.71800000e-08  9.05127151e-02 
 4.72000000e-08  9.07291550e-02 
 4.72200000e-08  9.09336739e-02 
 4.72400000e-08  9.11262833e-02 
 4.72600000e-08  9.13069934e-02 
 4.72800000e-08  9.14758137e-02 
 4.73000000e-08  9.16327520e-02 
 4.73200000e-08  9.17778152e-02 
 4.73400000e-08  9.19110088e-02 
 4.73600000e-08  9.20323369e-02 
 4.73800000e-08  9.21418024e-02 
 4.74000000e-08  9.22394066e-02 
 4.74200000e-08  9.23251495e-02 
 4.74400000e-08  9.23990293e-02 
 4.74600000e-08  9.24610431e-02 
 4.74800000e-08  9.25111861e-02 
 4.75000000e-08  9.25494523e-02 
 4.75200000e-08  9.25758336e-02 
 4.75400000e-08  9.25903208e-02 
 4.75600000e-08  9.25929028e-02 
 4.75800000e-08  9.25835670e-02 
 4.76000000e-08  9.25622991e-02 
 4.76200000e-08  9.25290831e-02 
 4.76400000e-08  9.24839015e-02 
 4.76600000e-08  9.24267352e-02 
 4.76800000e-08  9.23575633e-02 
 4.77000000e-08  9.22763635e-02 
 4.77200000e-08  9.21831119e-02 
 4.77400000e-08  9.20777829e-02 
 4.77600000e-08  9.19603495e-02 
 4.77800000e-08  9.18307831e-02 
 4.78000000e-08  9.16890537e-02 
 4.78200000e-08  9.15351300e-02 
 4.78400000e-08  9.13689792e-02 
 4.78600000e-08  9.11905670e-02 
 4.78800000e-08  9.09998583e-02 
 4.79000000e-08  9.07968162e-02 
 4.79200000e-08  9.05814032e-02 
 4.79400000e-08  9.03535804e-02 
 4.79600000e-08  9.01133080e-02 
 4.79800000e-08  8.98605453e-02 
 4.80000000e-08  8.95952506e-02 
 4.80200000e-08  8.93173818e-02 
 4.80400000e-08  8.90268957e-02 
 4.80600000e-08  8.87237488e-02 
 4.80800000e-08  8.84078973e-02 
 4.81000000e-08  8.80792967e-02 
 4.81200000e-08  8.77379026e-02 
 4.81400000e-08  8.73836702e-02 
 4.81600000e-08  8.70165549e-02 
 4.81800000e-08  8.66365123e-02 
 4.82000000e-08  8.62434982e-02 
 4.82200000e-08  8.58374687e-02 
 4.82400000e-08  8.54183807e-02 
 4.82600000e-08  8.49861916e-02 
 4.82800000e-08  8.45408598e-02 
 4.83000000e-08  8.40823448e-02 
 4.83200000e-08  8.36106069e-02 
 4.83400000e-08  8.31256082e-02 
 4.83600000e-08  8.26273121e-02 
 4.83800000e-08  8.21156837e-02 
 4.84000000e-08  8.15906900e-02 
 4.84200000e-08  8.10523000e-02 
 4.84400000e-08  8.05004849e-02 
 4.84600000e-08  7.99352184e-02 
 4.84800000e-08  7.93564767e-02 
 4.85000000e-08  7.87642388e-02 
 4.85200000e-08  7.81584867e-02 
 4.85400000e-08  7.75392055e-02 
 4.85600000e-08  7.69063838e-02 
 4.85800000e-08  7.62600134e-02 
 4.86000000e-08  7.56000901e-02 
 4.86200000e-08  7.49266137e-02 
 4.86400000e-08  7.42395877e-02 
 4.86600000e-08  7.35390204e-02 
 4.86800000e-08  7.28249241e-02 
 4.87000000e-08  7.20973161e-02 
 4.87200000e-08  7.13562183e-02 
 4.87400000e-08  7.06016578e-02 
 4.87600000e-08  6.98336668e-02 
 4.87800000e-08  6.90522828e-02 
 4.88000000e-08  6.82575489e-02 
 4.88200000e-08  6.74495139e-02 
 4.88400000e-08  6.66282323e-02 
 4.88600000e-08  6.57937646e-02 
 4.88800000e-08  6.49461775e-02 
 4.89000000e-08  6.40855439e-02 
 4.89200000e-08  6.32119430e-02 
 4.89400000e-08  6.23254604e-02 
 4.89600000e-08  6.14261885e-02 
 4.89800000e-08  6.05142263e-02 
 4.90000000e-08  5.95896793e-02 
 4.90200000e-08  5.86526602e-02 
 4.90400000e-08  5.77032884e-02 
 4.90600000e-08  5.67416902e-02 
 4.90800000e-08  5.57679992e-02 
 4.91000000e-08  5.47823556e-02 
 4.91200000e-08  5.37849070e-02 
 4.91400000e-08  5.27758078e-02 
 4.91600000e-08  5.17552198e-02 
 4.91800000e-08  5.07233114e-02 
 4.92000000e-08  4.96802583e-02 
 4.92200000e-08  4.86262432e-02 
 4.92400000e-08  4.75614557e-02 
 4.92600000e-08  4.64860920e-02 
 4.92800000e-08  4.54003554e-02 
 4.93000000e-08  4.43044558e-02 
 4.93200000e-08  4.31986096e-02 
 4.93400000e-08  4.20830399e-02 
 4.93600000e-08  4.09579759e-02 
 4.93800000e-08  3.98236533e-02 
 4.94000000e-08  3.86803137e-02 
 4.94200000e-08  3.75282046e-02 
 4.94400000e-08  3.63675794e-02 
 4.94600000e-08  3.51986971e-02 
 4.94800000e-08  3.40218219e-02 
 4.95000000e-08  3.28372235e-02 
 4.95200000e-08  3.16451763e-02 
 4.95400000e-08  3.04459597e-02 
 4.95600000e-08  2.92398576e-02 
 4.95800000e-08  2.80271582e-02 
 4.96000000e-08  2.68081540e-02 
 4.96200000e-08  2.55831412e-02 
 4.96400000e-08  2.43524197e-02 
 4.96600000e-08  2.31162928e-02 
 4.96800000e-08  2.18750668e-02 
 4.97000000e-08  2.06290511e-02 
 4.97200000e-08  1.93785576e-02 
 4.97400000e-08  1.81239005e-02 
 4.97600000e-08  1.68653962e-02 
 4.97800000e-08  1.56033628e-02 
 4.98000000e-08  1.43381202e-02 
 4.98200000e-08  1.30699892e-02 
 4.98400000e-08  1.17992921e-02 
 4.98600000e-08  1.05263516e-02 
 4.98800000e-08  9.25149095e-03 
 4.99000000e-08  7.97503384e-03 
 4.99200000e-08  6.69730375e-03 
 4.99400000e-08  5.41862396e-03 
 4.99600000e-08  4.13931719e-03 
 4.99800000e-08  2.85970539e-03 
 5.00000000e-08  1.58010949e-03 
 5.00200000e-08  3.00849153e-04 
 5.00400000e-08 -9.77757471e-04 
 5.00600000e-08 -2.25539395e-03 
 5.00800000e-08 -3.53174582e-03 
 5.01000000e-08 -4.80650078e-03 
 5.01200000e-08 -6.07934893e-03 
 5.01400000e-08 -7.34998297e-03 
 5.01600000e-08 -8.61809837e-03 
 5.01800000e-08 -9.88339363e-03 
 5.02000000e-08 -1.11455704e-02 
 5.02200000e-08 -1.24043337e-02 
 5.02400000e-08 -1.36593920e-02 
 5.02600000e-08 -1.49104575e-02 
 5.02800000e-08 -1.61572465e-02 
 5.03000000e-08 -1.73994788e-02 
 5.03200000e-08 -1.86368789e-02 
 5.03400000e-08 -1.98691750e-02 
 5.03600000e-08 -2.10961002e-02 
 5.03800000e-08 -2.23173918e-02 
 5.04000000e-08 -2.35327919e-02 
 5.04200000e-08 -2.47420474e-02 
 5.04400000e-08 -2.59449097e-02 
 5.04600000e-08 -2.71411356e-02 
 5.04800000e-08 -2.83304864e-02 
 5.05000000e-08 -2.95127290e-02 
 5.05200000e-08 -3.06876350e-02 
 5.05400000e-08 -3.18549815e-02 
 5.05600000e-08 -3.30145507e-02 
 5.05800000e-08 -3.41661302e-02 
 5.06000000e-08 -3.53095128e-02 
 5.06200000e-08 -3.64444970e-02 
 5.06400000e-08 -3.75708863e-02 
 5.06600000e-08 -3.86884899e-02 
 5.06800000e-08 -3.97971224e-02 
 5.07000000e-08 -4.08966037e-02 
 5.07200000e-08 -4.19867594e-02 
 5.07400000e-08 -4.30674202e-02 
 5.07600000e-08 -4.41384225e-02 
 5.07800000e-08 -4.51996081e-02 
 5.08000000e-08 -4.62508240e-02 
 5.08200000e-08 -4.72919228e-02 
 5.08400000e-08 -4.83227622e-02 
 5.08600000e-08 -4.93432055e-02 
 5.08800000e-08 -5.03531209e-02 
 5.09000000e-08 -5.13523821e-02 
 5.09200000e-08 -5.23408679e-02 
 5.09400000e-08 -5.33184620e-02 
 5.09600000e-08 -5.42850535e-02 
 5.09800000e-08 -5.52405361e-02 
 5.10000000e-08 -5.61848087e-02 
 5.10200000e-08 -5.71177750e-02 
 5.10400000e-08 -5.80393433e-02 
 5.10600000e-08 -5.89494269e-02 
 5.10800000e-08 -5.98479435e-02 
 5.11000000e-08 -6.07348152e-02 
 5.11200000e-08 -6.16099690e-02 
 5.11400000e-08 -6.24733359e-02 
 5.11600000e-08 -6.33248513e-02 
 5.11800000e-08 -6.41644547e-02 
 5.12000000e-08 -6.49920897e-02 
 5.12200000e-08 -6.58077040e-02 
 5.12400000e-08 -6.66112491e-02 
 5.12600000e-08 -6.74026802e-02 
 5.12800000e-08 -6.81819564e-02 
 5.13000000e-08 -6.89490403e-02 
 5.13200000e-08 -6.97038977e-02 
 5.13400000e-08 -7.04464982e-02 
 5.13600000e-08 -7.11768144e-02 
 5.13800000e-08 -7.18948221e-02 
 5.14000000e-08 -7.26005001e-02 
 5.14200000e-08 -7.32938302e-02 
 5.14400000e-08 -7.39747970e-02 
 5.14600000e-08 -7.46433877e-02 
 5.14800000e-08 -7.52995924e-02 
 5.15000000e-08 -7.59434032e-02 
 5.15200000e-08 -7.65748151e-02 
 5.15400000e-08 -7.71938249e-02 
 5.15600000e-08 -7.78004318e-02 
 5.15800000e-08 -7.83946370e-02 
 5.16000000e-08 -7.89764435e-02 
 5.16200000e-08 -7.95458563e-02 
 5.16400000e-08 -8.01028820e-02 
 5.16600000e-08 -8.06475287e-02 
 5.16800000e-08 -8.11798061e-02 
 5.17000000e-08 -8.16997252e-02 
 5.17200000e-08 -8.22072983e-02 
 5.17400000e-08 -8.27025388e-02 
 5.17600000e-08 -8.31854612e-02 
 5.17800000e-08 -8.36560809e-02 
 5.18000000e-08 -8.41144141e-02 
 5.18200000e-08 -8.45604779e-02 
 5.18400000e-08 -8.49942898e-02 
 5.18600000e-08 -8.54158680e-02 
 5.18800000e-08 -8.58252310e-02 
 5.19000000e-08 -8.62223978e-02 
 5.19200000e-08 -8.66073874e-02 
 5.19400000e-08 -8.69802192e-02 
 5.19600000e-08 -8.73409125e-02 
 5.19800000e-08 -8.76894866e-02 
 5.20000000e-08 -8.80259606e-02 
 5.20200000e-08 -8.83503536e-02 
 5.20400000e-08 -8.86626841e-02 
 5.20600000e-08 -8.89629703e-02 
 5.20800000e-08 -8.92512303e-02 
 5.21000000e-08 -8.95274810e-02 
 5.21200000e-08 -8.97917394e-02 
 5.21400000e-08 -9.00440212e-02 
 5.21600000e-08 -9.02843416e-02 
 5.21800000e-08 -9.05127151e-02 
 5.22000000e-08 -9.07291550e-02 
 5.22200000e-08 -9.09336739e-02 
 5.22400000e-08 -9.11262833e-02 
 5.22600000e-08 -9.13069934e-02 
 5.22800000e-08 -9.14758137e-02 
 5.23000000e-08 -9.16327520e-02 
 5.23200000e-08 -9.17778152e-02 
 5.23400000e-08 -9.19110088e-02 
 5.23600000e-08 -9.20323369e-02 
 5.23800000e-08 -9.21418024e-02 
 5.24000000e-08 -9.22394066e-02 
 5.24200000e-08 -9.23251495e-02 
 5.24400000e-08 -9.23990293e-02 
 5.24600000e-08 -9.24610431e-02 
 5.24800000e-08 -9.25111862e-02 
 5.25000000e-08 -9.25494523e-02 
 5.25200000e-08 -9.25758336e-02 
 5.25400000e-08 -9.25903208e-02 
 5.25600000e-08 -9.25929028e-02 
 5.25800000e-08 -9.25835670e-02 
 5.26000000e-08 -9.25622991e-02 
 5.26200000e-08 -9.25290831e-02 
 5.26400000e-08 -9.24839015e-02 
 5.26600000e-08 -9.24267352e-02 
 5.26800000e-08 -9.23575633e-02 
 5.27000000e-08 -9.22763635e-02 
 5.27200000e-08 -9.21831119e-02 
 5.27400000e-08 -9.20777829e-02 
 5.27600000e-08 -9.19603495e-02 
 5.27800000e-08 -9.18307831e-02 
 5.28000000e-08 -9.16890537e-02 
 5.28200000e-08 -9.15351300e-02 
 5.28400000e-08 -9.13689792e-02 
 5.28600000e-08 -9.11905670e-02 
 5.28800000e-08 -9.09998583e-02 
 5.29000000e-08 -9.07968162e-02 
 5.29200000e-08 -9.05814032e-02 
 5.29400000e-08 -9.03535804e-02 
 5.29600000e-08 -9.01133080e-02 
 5.29800000e-08 -8.98605453e-02 
 5.30000000e-08 -8.95952506e-02 
 5.30200000e-08 -8.93173818e-02 
 5.30400000e-08 -8.90268957e-02 
 5.30600000e-08 -8.87237488e-02 
 5.30800000e-08 -8.84078973e-02 
 5.31000000e-08 -8.80792967e-02 
 5.31200000e-08 -8.77379026e-02 
 5.31400000e-08 -8.73836702e-02 
 5.31600000e-08 -8.70165549e-02 
 5.31800000e-08 -8.66365123e-02 
 5.32000000e-08 -8.62434982e-02 
 5.32200000e-08 -8.58374687e-02 
 5.32400000e-08 -8.54183807e-02 
 5.32600000e-08 -8.49861916e-02 
 5.32800000e-08 -8.45408598e-02 
 5.33000000e-08 -8.40823448e-02 
 5.33200000e-08 -8.36106069e-02 
 5.33400000e-08 -8.31256082e-02 
 5.33600000e-08 -8.26273121e-02 
 5.33800000e-08 -8.21156837e-02 
 5.34000000e-08 -8.15906900e-02 
 5.34200000e-08 -8.10523000e-02 
 5.34400000e-08 -8.05004849e-02 
 5.34600000e-08 -7.99352184e-02 
 5.34800000e-08 -7.93564767e-02 
 5.35000000e-08 -7.87642388e-02 
 5.35200000e-08 -7.81584867e-02 
 5.35400000e-08 -7.75392055e-02 
 5.35600000e-08 -7.69063838e-02 
 5.35800000e-08 -7.62600134e-02 
 5.36000000e-08 -7.56000901e-02 
 5.36200000e-08 -7.49266137e-02 
 5.36400000e-08 -7.42395877e-02 
 5.36600000e-08 -7.35390204e-02 
 5.36800000e-08 -7.28249241e-02 
 5.37000000e-08 -7.20973161e-02 
 5.37200000e-08 -7.13562183e-02 
 5.37400000e-08 -7.06016578e-02 
 5.37600000e-08 -6.98336668e-02 
 5.37800000e-08 -6.90522828e-02 
 5.38000000e-08 -6.82575489e-02 
 5.38200000e-08 -6.74495139e-02 
 5.38400000e-08 -6.66282323e-02 
 5.38600000e-08 -6.57937646e-02 
 5.38800000e-08 -6.49461775e-02 
 5.39000000e-08 -6.40855439e-02 
 5.39200000e-08 -6.32119430e-02 
 5.39400000e-08 -6.23254604e-02 
 5.39600000e-08 -6.14261885e-02 
 5.39800000e-08 -6.05142263e-02 
 5.40000000e-08 -5.95896793e-02 
 5.40200000e-08 -5.86526602e-02 
 5.40400000e-08 -5.77032884e-02 
 5.40600000e-08 -5.67416902e-02 
 5.40800000e-08 -5.57679992e-02 
 5.41000000e-08 -5.47823556e-02 
 5.41200000e-08 -5.37849070e-02 
 5.41400000e-08 -5.27758078e-02 
 5.41600000e-08 -5.17552198e-02 
 5.41800000e-08 -5.07233114e-02 
 5.42000000e-08 -4.96802583e-02 
 5.42200000e-08 -4.86262432e-02 
 5.42400000e-08 -4.75614557e-02 
 5.42600000e-08 -4.64860920e-02 
 5.42800000e-08 -4.54003554e-02 
 5.43000000e-08 -4.43044558e-02 
 5.43200000e-08 -4.31986096e-02 
 5.43400000e-08 -4.20830399e-02 
 5.43600000e-08 -4.09579759e-02 
 5.43800000e-08 -3.98236533e-02 
 5.44000000e-08 -3.86803137e-02 
 5.44200000e-08 -3.75282046e-02 
 5.44400000e-08 -3.63675794e-02 
 5.44600000e-08 -3.51986971e-02 
 5.44800000e-08 -3.40218219e-02 
 5.45000000e-08 -3.28372235e-02 
 5.45200000e-08 -3.16451763e-02 
 5.45400000e-08 -3.04459597e-02 
 5.45600000e-08 -2.92398576e-02 
 5.45800000e-08 -2.80271582e-02 
 5.46000000e-08 -2.68081540e-02 
 5.46200000e-08 -2.55831412e-02 
 5.46400000e-08 -2.43524197e-02 
 5.46600000e-08 -2.31162928e-02 
 5.46800000e-08 -2.18750668e-02 
 5.47000000e-08 -2.06290511e-02 
 5.47200000e-08 -1.93785576e-02 
 5.47400000e-08 -1.81239005e-02 
 5.47600000e-08 -1.68653962e-02 
 5.47800000e-08 -1.56033628e-02 
 5.48000000e-08 -1.43381202e-02 
 5.48200000e-08 -1.30699893e-02 
 5.48400000e-08 -1.17992921e-02 
 5.48600000e-08 -1.05263516e-02 
 5.48800000e-08 -9.25149096e-03 
 5.49000000e-08 -7.97503384e-03 
 5.49200000e-08 -6.69730375e-03 
 5.49400000e-08 -5.41862396e-03 
 5.49600000e-08 -4.13931719e-03 
 5.49800000e-08 -2.85970539e-03 
 5.50000000e-08 -1.58010949e-03 
 5.50200000e-08 -3.00849152e-04 
 5.50400000e-08  9.77757470e-04 
 5.50600000e-08  2.25539395e-03 
 5.50800000e-08  3.53174582e-03 
 5.51000000e-08  4.80650078e-03 
 5.51200000e-08  6.07934893e-03 
 5.51400000e-08  7.34998297e-03 
 5.51600000e-08  8.61809837e-03 
 5.51800000e-08  9.88339363e-03 
 5.52000000e-08  1.11455704e-02 
 5.52200000e-08  1.24043337e-02 
 5.52400000e-08  1.36593920e-02 
 5.52600000e-08  1.49104575e-02 
 5.52800000e-08  1.61572465e-02 
 5.53000000e-08  1.73994788e-02 
 5.53200000e-08  1.86368789e-02 
 5.53400000e-08  1.98691750e-02 
 5.53600000e-08  2.10961002e-02 
 5.53800000e-08  2.23173918e-02 
 5.54000000e-08  2.35327919e-02 
 5.54200000e-08  2.47420474e-02 
 5.54400000e-08  2.59449097e-02 
 5.54600000e-08  2.71411356e-02 
 5.54800000e-08  2.83304864e-02 
 5.55000000e-08  2.95127290e-02 
 5.55200000e-08  3.06876350e-02 
 5.55400000e-08  3.18549815e-02 
 5.55600000e-08  3.30145507e-02 
 5.55800000e-08  3.41661302e-02 
 5.56000000e-08  3.53095128e-02 
 5.56200000e-08  3.64444970e-02 
 5.56400000e-08  3.75708863e-02 
 5.56600000e-08  3.86884899e-02 
 5.56800000e-08  3.97971224e-02 
 5.57000000e-08  4.08966037e-02 
 5.57200000e-08  4.19867594e-02 
 5.57400000e-08  4.30674202e-02 
 5.57600000e-08  4.41384225e-02 
 5.57800000e-08  4.51996081e-02 
 5.58000000e-08  4.62508240e-02 
 5.58200000e-08  4.72919228e-02 
 5.58400000e-08  4.83227622e-02 
 5.58600000e-08  4.93432055e-02 
 5.58800000e-08  5.03531209e-02 
 5.59000000e-08  5.13523821e-02 
 5.59200000e-08  5.23408679e-02 
 5.59400000e-08  5.33184620e-02 
 5.59600000e-08  5.42850535e-02 
 5.59800000e-08  5.52405361e-02 
 5.60000000e-08  5.61848087e-02 
 5.60200000e-08  5.71177750e-02 
 5.60400000e-08  5.80393433e-02 
 5.60600000e-08  5.89494269e-02 
 5.60800000e-08  5.98479435e-02 
 5.61000000e-08  6.07348152e-02 
 5.61200000e-08  6.16099690e-02 
 5.61400000e-08  6.24733359e-02 
 5.61600000e-08  6.33248513e-02 
 5.61800000e-08  6.41644547e-02 
 5.62000000e-08  6.49920897e-02 
 5.62200000e-08  6.58077040e-02 
 5.62400000e-08  6.66112491e-02 
 5.62600000e-08  6.74026802e-02 
 5.62800000e-08  6.81819564e-02 
 5.63000000e-08  6.89490403e-02 
 5.63200000e-08  6.97038977e-02 
 5.63400000e-08  7.04464982e-02 
 5.63600000e-08  7.11768144e-02 
 5.63800000e-08  7.18948221e-02 
 5.64000000e-08  7.26005001e-02 
 5.64200000e-08  7.32938302e-02 
 5.64400000e-08  7.39747970e-02 
 5.64600000e-08  7.46433877e-02 
 5.64800000e-08  7.52995924e-02 
 5.65000000e-08  7.59434032e-02 
 5.65200000e-08  7.65748151e-02 
 5.65400000e-08  7.71938249e-02 
 5.65600000e-08  7.78004318e-02 
 5.65800000e-08  7.83946370e-02 
 5.66000000e-08  7.89764435e-02 
 5.66200000e-08  7.95458563e-02 
 5.66400000e-08  8.01028820e-02 
 5.66600000e-08  8.06475287e-02 
 5.66800000e-08  8.11798061e-02 
 5.67000000e-08  8.16997252e-02 
 5.67200000e-08  8.22072983e-02 
 5.67400000e-08  8.27025388e-02 
 5.67600000e-08  8.31854612e-02 
 5.67800000e-08  8.36560809e-02 
 5.68000000e-08  8.41144141e-02 
 5.68200000e-08  8.45604779e-02 
 5.68400000e-08  8.49942898e-02 
 5.68600000e-08  8.54158680e-02 
 5.68800000e-08  8.58252310e-02 
 5.69000000e-08  8.62223978e-02 
 5.69200000e-08  8.66073874e-02 
 5.69400000e-08  8.69802192e-02 
 5.69600000e-08  8.73409125e-02 
 5.69800000e-08  8.76894866e-02 
 5.70000000e-08  8.80259606e-02 
 5.70200000e-08  8.83503536e-02 
 5.70400000e-08  8.86626841e-02 
 5.70600000e-08  8.89629703e-02 
 5.70800000e-08  8.92512303e-02 
 5.71000000e-08  8.95274810e-02 
 5.71200000e-08  8.97917394e-02 
 5.71400000e-08  9.00440212e-02 
 5.71600000e-08  9.02843416e-02 
 5.71800000e-08  9.05127151e-02 
 5.72000000e-08  9.07291550e-02 
 5.72200000e-08  9.09336739e-02 
 5.72400000e-08  9.11262833e-02 
 5.72600000e-08  9.13069934e-02 
 5.72800000e-08  9.14758137e-02 
 5.73000000e-08  9.16327520e-02 
 5.73200000e-08  9.17778152e-02 
 5.73400000e-08  9.19110088e-02 
 5.73600000e-08  9.20323369e-02 
 5.73800000e-08  9.21418024e-02 
 5.74000000e-08  9.22394066e-02 
 5.74200000e-08  9.23251495e-02 
 5.74400000e-08  9.23990293e-02 
 5.74600000e-08  9.24610431e-02 
 5.74800000e-08  9.25111861e-02 
 5.75000000e-08  9.25494523e-02 
 5.75200000e-08  9.25758336e-02 
 5.75400000e-08  9.25903208e-02 
 5.75600000e-08  9.25929028e-02 
 5.75800000e-08  9.25835670e-02 
 5.76000000e-08  9.25622991e-02 
 5.76200000e-08  9.25290831e-02 
 5.76400000e-08  9.24839015e-02 
 5.76600000e-08  9.24267352e-02 
 5.76800000e-08  9.23575633e-02 
 5.77000000e-08  9.22763635e-02 
 5.77200000e-08  9.21831119e-02 
 5.77400000e-08  9.20777829e-02 
 5.77600000e-08  9.19603495e-02 
 5.77800000e-08  9.18307831e-02 
 5.78000000e-08  9.16890537e-02 
 5.78200000e-08  9.15351300e-02 
 5.78400000e-08  9.13689792e-02 
 5.78600000e-08  9.11905670e-02 
 5.78800000e-08  9.09998583e-02 
 5.79000000e-08  9.07968162e-02 
 5.79200000e-08  9.05814032e-02 
 5.79400000e-08  9.03535804e-02 
 5.79600000e-08  9.01133080e-02 
 5.79800000e-08  8.98605453e-02 
 5.80000000e-08  8.95952506e-02 
 5.80200000e-08  8.93173818e-02 
 5.80400000e-08  8.90268957e-02 
 5.80600000e-08  8.87237488e-02 
 5.80800000e-08  8.84078973e-02 
 5.81000000e-08  8.80792967e-02 
 5.81200000e-08  8.77379026e-02 
 5.81400000e-08  8.73836702e-02 
 5.81600000e-08  8.70165549e-02 
 5.81800000e-08  8.66365123e-02 
 5.82000000e-08  8.62434982e-02 
 5.82200000e-08  8.58374687e-02 
 5.82400000e-08  8.54183807e-02 
 5.82600000e-08  8.49861916e-02 
 5.82800000e-08  8.45408598e-02 
 5.83000000e-08  8.40823448e-02 
 5.83200000e-08  8.36106069e-02 
 5.83400000e-08  8.31256082e-02 
 5.83600000e-08  8.26273121e-02 
 5.83800000e-08  8.21156837e-02 
 5.84000000e-08  8.15906900e-02 
 5.84200000e-08  8.10523000e-02 
 5.84400000e-08  8.05004849e-02 
 5.84600000e-08  7.99352184e-02 
 5.84800000e-08  7.93564767e-02 
 5.85000000e-08  7.87642388e-02 
 5.85200000e-08  7.81584867e-02 
 5.85400000e-08  7.75392055e-02 
 5.85600000e-08  7.69063838e-02 
 5.85800000e-08  7.62600134e-02 
 5.86000000e-08  7.56000901e-02 
 5.86200000e-08  7.49266137e-02 
 5.86400000e-08  7.42395877e-02 
 5.86600000e-08  7.35390204e-02 
 5.86800000e-08  7.28249241e-02 
 5.87000000e-08  7.20973161e-02 
 5.87200000e-08  7.13562183e-02 
 5.87400000e-08  7.06016578e-02 
 5.87600000e-08  6.98336668e-02 
 5.87800000e-08  6.90522828e-02 
 5.88000000e-08  6.82575489e-02 
 5.88200000e-08  6.74495139e-02 
 5.88400000e-08  6.66282323e-02 
 5.88600000e-08  6.57937646e-02 
 5.88800000e-08  6.49461775e-02 
 5.89000000e-08  6.40855439e-02 
 5.89200000e-08  6.32119430e-02 
 5.89400000e-08  6.23254604e-02 
 5.89600000e-08  6.14261885e-02 
 5.89800000e-08  6.05142263e-02 
 5.90000000e-08  5.95896793e-02 
 5.90200000e-08  5.86526602e-02 
 5.90400000e-08  5.77032884e-02 
 5.90600000e-08  5.67416902e-02 
 5.90800000e-08  5.57679992e-02 
 5.91000000e-08  5.47823556e-02 
 5.91200000e-08  5.37849070e-02 
 5.91400000e-08  5.27758078e-02 
 5.91600000e-08  5.17552197e-02 
 5.91800000e-08  5.07233114e-02 
 5.92000000e-08  4.96802583e-02 
 5.92200000e-08  4.86262432e-02 
 5.92400000e-08  4.75614557e-02 
 5.92600000e-08  4.64860920e-02 
 5.92800000e-08  4.54003554e-02 
 5.93000000e-08  4.43044558e-02 
 5.93200000e-08  4.31986096e-02 
 5.93400000e-08  4.20830399e-02 
 5.93600000e-08  4.09579759e-02 
 5.93800000e-08  3.98236533e-02 
 5.94000000e-08  3.86803137e-02 
 5.94200000e-08  3.75282046e-02 
 5.94400000e-08  3.63675794e-02 
 5.94600000e-08  3.51986971e-02 
 5.94800000e-08  3.40218219e-02 
 5.95000000e-08  3.28372235e-02 
 5.95200000e-08  3.16451763e-02 
 5.95400000e-08  3.04459597e-02 
 5.95600000e-08  2.92398576e-02 
 5.95800000e-08  2.80271582e-02 
 5.96000000e-08  2.68081540e-02 
 5.96200000e-08  2.55831412e-02 
 5.96400000e-08  2.43524197e-02 
 5.96600000e-08  2.31162928e-02 
 5.96800000e-08  2.18750668e-02 
 5.97000000e-08  2.06290511e-02 
 5.97200000e-08  1.93785576e-02 
 5.97400000e-08  1.81239005e-02 
 5.97600000e-08  1.68653962e-02 
 5.97800000e-08  1.56033628e-02 
 5.98000000e-08  1.43381202e-02 
 5.98200000e-08  1.30699892e-02 
 5.98400000e-08  1.17992921e-02 
 5.98600000e-08  1.05263516e-02 
 5.98800000e-08  9.25149095e-03 
 5.99000000e-08  7.97503384e-03 
 5.99200000e-08  6.69730375e-03 
 5.99400000e-08  5.41862396e-03 
 5.99600000e-08  4.13931719e-03 
 5.99800000e-08  2.85970539e-03 
 6.00000000e-08  1.58006529e-03 
