 0.00000000e+00  3.05311332e-16 
 2.00000000e-11  1.00838863e-04 
 4.00000000e-11  1.30565469e-04 
 6.00000000e-11  1.58801856e-04 
 8.00000000e-11  1.85789485e-04 
 1.00000000e-10  2.11449507e-04 
 1.20000000e-10  2.35891062e-04 
 1.40000000e-10  2.59084468e-04 
 1.60000000e-10  2.81098124e-04 
 1.80000000e-10  3.01926478e-04 
 2.00000000e-10  3.21620606e-04 
 2.20000000e-10  3.40184259e-04 
 2.40000000e-10  3.57660344e-04 
 2.60000000e-10  3.74056455e-04 
 2.80000000e-10  3.89410776e-04 
 3.00000000e-10  4.03732706e-04 
 3.20000000e-10  4.17057090e-04 
 3.40000000e-10  4.29394332e-04 
 3.60000000e-10  4.40776574e-04 
 3.80000000e-10  4.51214870e-04 
 4.00000000e-10  4.60739017e-04 
 4.20000000e-10  4.69360528e-04 
 4.40000000e-10  4.77107113e-04 
 4.60000000e-10  4.83990612e-04 
 4.80000000e-10  4.90036857e-04 
 5.00000000e-10  4.95257913e-04 
 5.20000000e-10  4.99677918e-04 
 5.40000000e-10  5.03309079e-04 
 5.60000000e-10  5.06174000e-04 
 5.80000000e-10  5.08284959e-04 
 6.00000000e-10  5.09663175e-04 
 6.20000000e-10  5.10320934e-04 
 6.40000000e-10  5.10278203e-04 
 6.60000000e-10  5.09547226e-04 
 6.80000000e-10  5.08146837e-04 
 7.00000000e-10  5.06089192e-04 
 7.20000000e-10  5.03392100e-04 
 7.40000000e-10  5.00067598e-04 
 7.60000000e-10  4.96132561e-04 
 7.80000000e-10  4.91598880e-04 
 8.00000000e-10  4.86482582e-04 
 8.20000000e-10  4.80795388e-04 
 8.40000000e-10  4.74552556e-04 
 8.60000000e-10  4.67765620e-04 
 8.80000000e-10  4.60449134e-04 
 9.00000000e-10  4.52614432e-04 
 9.20000000e-10  4.44275429e-04 
 9.40000000e-10  4.35443249e-04 
 9.60000000e-10  4.26131219e-04 
 9.80000000e-10  4.16350250e-04 
 1.00000000e-09  4.06113129e-04 
 1.02000000e-09  3.95430550e-04 
 1.04000000e-09  3.84314802e-04 
 1.06000000e-09  3.72776363e-04 
 1.08000000e-09  3.60827065e-04 
 1.10000000e-09  3.48477166e-04 
 1.12000000e-09  3.35738077e-04 
 1.14000000e-09  3.22619838e-04 
 1.16000000e-09  3.09133469e-04 
 1.18000000e-09  2.95288798e-04 
 1.20000000e-09  2.81096479e-04 
 1.22000000e-09  2.66566131e-04 
 1.24000000e-09  2.51708070e-04 
 1.26000000e-09  2.36531708e-04 
 1.28000000e-09  2.21047046e-04 
 1.30000000e-09  2.05263293e-04 
 1.32000000e-09  1.89190154e-04 
 1.34000000e-09  1.72836644e-04 
 1.36000000e-09  1.56212185e-04 
 1.38000000e-09  1.39325597e-04 
 1.40000000e-09  1.22186052e-04 
 1.42000000e-09  1.04802177e-04 
 1.44000000e-09  8.71828928e-05 
 1.46000000e-09  6.93366471e-05 
 1.48000000e-09  5.12721256e-05 
 1.50000000e-09  3.29975977e-05 
 1.52000000e-09  1.45215270e-05 
 1.54000000e-09 -4.14799182e-06 
 1.56000000e-09 -2.30027064e-05 
 1.58000000e-09 -4.20346926e-05 
 1.60000000e-09 -6.12359002e-05 
 1.62000000e-09 -8.05985717e-05 
 1.64000000e-09 -1.00114851e-04 
 1.66000000e-09 -1.19777142e-04 
 1.68000000e-09 -1.39577777e-04 
 1.70000000e-09 -1.59509319e-04 
 1.72000000e-09 -1.79564279e-04 
 1.74000000e-09 -1.99735377e-04 
 1.76000000e-09 -2.20015298e-04 
 1.78000000e-09 -2.40396918e-04 
 1.80000000e-09 -2.60873086e-04 
 1.82000000e-09 -2.81436832e-04 
 1.84000000e-09 -3.02081170e-04 
 1.86000000e-09 -3.22799277e-04 
 1.88000000e-09 -3.43584327e-04 
 1.90000000e-09 -3.64429645e-04 
 1.92000000e-09 -3.85328561e-04 
 1.94000000e-09 -4.06274544e-04 
 1.96000000e-09 -4.27261079e-04 
 1.98000000e-09 -4.48281778e-04 
 2.00000000e-09 -4.69330275e-04 
 2.02000000e-09 -4.90400325e-04 
 2.04000000e-09 -5.11485711e-04 
 2.06000000e-09 -5.32580328e-04 
 2.08000000e-09 -5.53678104e-04 
 2.10000000e-09 -5.74773074e-04 
 2.12000000e-09 -5.95859311e-04 
 2.14000000e-09 -6.16930988e-04 
 2.16000000e-09 -6.37982320e-04 
 2.18000000e-09 -6.59007618e-04 
 2.20000000e-09 -6.80001239e-04 
 2.22000000e-09 -7.00957631e-04 
 2.24000000e-09 -7.21871289e-04 
 2.26000000e-09 -7.42736797e-04 
 2.28000000e-09 -7.63548790e-04 
 2.30000000e-09 -7.84301988e-04 
 2.32000000e-09 -8.04991163e-04 
 2.34000000e-09 -8.25611169e-04 
 2.36000000e-09 -8.46156915e-04 
 2.38000000e-09 -8.66623390e-04 
 2.40000000e-09 -8.87005638e-04 
 2.42000000e-09 -9.07298781e-04 
 2.44000000e-09 -9.27497999e-04 
 2.46000000e-09 -9.47598547e-04 
 2.48000000e-09 -9.67595738e-04 
 2.50000000e-09 -9.87484961e-04 
 2.52000000e-09 -1.00726166e-03 
 2.54000000e-09 -1.02692136e-03 
 2.56000000e-09 -1.04645963e-03 
 2.58000000e-09 -1.06587213e-03 
 2.60000000e-09 -1.08515456e-03 
 2.62000000e-09 -1.10430271e-03 
 2.64000000e-09 -1.12331241e-03 
 2.66000000e-09 -1.14217959e-03 
 2.68000000e-09 -1.16090020e-03 
 2.70000000e-09 -1.17947028e-03 
 2.72000000e-09 -1.19788594e-03 
 2.74000000e-09 -1.21614333e-03 
 2.76000000e-09 -1.23423869e-03 
 2.78000000e-09 -1.25216831e-03 
 2.80000000e-09 -1.26992854e-03 
 2.82000000e-09 -1.28751579e-03 
 2.84000000e-09 -1.30492654e-03 
 2.86000000e-09 -1.32215734e-03 
 2.88000000e-09 -1.33920479e-03 
 2.90000000e-09 -1.35606554e-03 
 2.92000000e-09 -1.37273633e-03 
 2.94000000e-09 -1.38921393e-03 
 2.96000000e-09 -1.40549520e-03 
 2.98000000e-09 -1.42157703e-03 
 3.00000000e-09 -1.43745640e-03 
 3.02000000e-09 -1.45313032e-03 
 3.04000000e-09 -1.46859588e-03 
 3.06000000e-09 -1.48385021e-03 
 3.08000000e-09 -1.49889052e-03 
 3.10000000e-09 -1.51371406e-03 
 3.12000000e-09 -1.52831815e-03 
 3.14000000e-09 -1.54270014e-03 
 3.16000000e-09 -1.55685748e-03 
 3.18000000e-09 -1.57078764e-03 
 3.20000000e-09 -1.58448815e-03 
 3.22000000e-09 -1.59795661e-03 
 3.24000000e-09 -1.61119067e-03 
 3.26000000e-09 -1.62418802e-03 
 3.28000000e-09 -1.63694641e-03 
 3.30000000e-09 -1.64946366e-03 
 3.32000000e-09 -1.66173763e-03 
 3.34000000e-09 -1.67376621e-03 
 3.36000000e-09 -1.68554738e-03 
 3.38000000e-09 -1.69707915e-03 
 3.40000000e-09 -1.70835959e-03 
 3.42000000e-09 -1.71938680e-03 
 3.44000000e-09 -1.73015896e-03 
 3.46000000e-09 -1.74067428e-03 
 3.48000000e-09 -1.75093102e-03 
 3.50000000e-09 -1.76092749e-03 
 3.52000000e-09 -1.77066205e-03 
 3.54000000e-09 -1.78013312e-03 
 3.56000000e-09 -1.78933913e-03 
 3.58000000e-09 -1.79827860e-03 
 3.60000000e-09 -1.80695008e-03 
 3.62000000e-09 -1.81535214e-03 
 3.64000000e-09 -1.82348344e-03 
 3.66000000e-09 -1.83134266e-03 
 3.68000000e-09 -1.83892852e-03 
 3.70000000e-09 -1.84623980e-03 
 3.72000000e-09 -1.85327532e-03 
 3.74000000e-09 -1.86003393e-03 
 3.76000000e-09 -1.86651453e-03 
 3.78000000e-09 -1.87271608e-03 
 3.80000000e-09 -1.87863757e-03 
 3.82000000e-09 -1.88427801e-03 
 3.84000000e-09 -1.88963649e-03 
 3.86000000e-09 -1.89471212e-03 
 3.88000000e-09 -1.89950406e-03 
 3.90000000e-09 -1.90401149e-03 
 3.92000000e-09 -1.90823367e-03 
 3.94000000e-09 -1.91216986e-03 
 3.96000000e-09 -1.91581939e-03 
 3.98000000e-09 -1.91918161e-03 
 4.00000000e-09 -1.92225591e-03 
 4.02000000e-09 -1.92504175e-03 
 4.04000000e-09 -1.92753859e-03 
 4.06000000e-09 -1.92974595e-03 
 4.08000000e-09 -1.93166338e-03 
 4.10000000e-09 -1.93329048e-03 
 4.12000000e-09 -1.93462688e-03 
 4.14000000e-09 -1.93567225e-03 
 4.16000000e-09 -1.93642630e-03 
 4.18000000e-09 -1.93688878e-03 
 4.20000000e-09 -1.93705948e-03 
 4.22000000e-09 -1.93693822e-03 
 4.24000000e-09 -1.93652486e-03 
 4.26000000e-09 -1.93581930e-03 
 4.28000000e-09 -1.93482149e-03 
 4.30000000e-09 -1.93353140e-03 
 4.32000000e-09 -1.93194904e-03 
 4.34000000e-09 -1.93007447e-03 
 4.36000000e-09 -1.92790778e-03 
 4.38000000e-09 -1.92544911e-03 
 4.40000000e-09 -1.92269861e-03 
 4.42000000e-09 -1.91965649e-03 
 4.44000000e-09 -1.91632300e-03 
 4.46000000e-09 -1.91269843e-03 
 4.48000000e-09 -1.90878308e-03 
 4.50000000e-09 -1.90457733e-03 
 4.52000000e-09 -1.90008157e-03 
 4.54000000e-09 -1.89529623e-03 
 4.56000000e-09 -1.89022180e-03 
 4.58000000e-09 -1.88485878e-03 
 4.60000000e-09 -1.87920774e-03 
 4.62000000e-09 -1.87326926e-03 
 4.64000000e-09 -1.86704398e-03 
 4.66000000e-09 -1.86053256e-03 
 4.68000000e-09 -1.85373573e-03 
 4.70000000e-09 -1.84665422e-03 
 4.72000000e-09 -1.83928884e-03 
 4.74000000e-09 -1.83164042e-03 
 4.76000000e-09 -1.82370982e-03 
 4.78000000e-09 -1.81549796e-03 
 4.80000000e-09 -1.80700579e-03 
 4.82000000e-09 -1.79823431e-03 
 4.84000000e-09 -1.78918455e-03 
 4.86000000e-09 -1.77985759e-03 
 4.88000000e-09 -1.77025455e-03 
 4.90000000e-09 -1.76037658e-03 
 4.92000000e-09 -1.75022488e-03 
 4.94000000e-09 -1.73980070e-03 
 4.96000000e-09 -1.72910533e-03 
 4.98000000e-09 -1.71814009e-03 
 5.00000000e-09 -1.70690635e-03 
 5.02000000e-09 -1.69540553e-03 
 5.04000000e-09 -1.68363907e-03 
 5.06000000e-09 -1.67160849e-03 
 5.08000000e-09 -1.65931531e-03 
 5.10000000e-09 -1.64676113e-03 
 5.12000000e-09 -1.63394757e-03 
 5.14000000e-09 -1.62087631e-03 
 5.16000000e-09 -1.60754906e-03 
 5.18000000e-09 -1.59396758e-03 
 5.20000000e-09 -1.58013367e-03 
 5.22000000e-09 -1.56604918e-03 
 5.24000000e-09 -1.55171601e-03 
 5.26000000e-09 -1.53713608e-03 
 5.28000000e-09 -1.52231138e-03 
 5.30000000e-09 -1.50724393e-03 
 5.32000000e-09 -1.49193580e-03 
 5.34000000e-09 -1.47638910e-03 
 5.36000000e-09 -1.46060600e-03 
 5.38000000e-09 -1.44458868e-03 
 5.40000000e-09 -1.42833940e-03 
 5.42000000e-09 -1.41186045e-03 
 5.44000000e-09 -1.39515416e-03 
 5.46000000e-09 -1.37822291e-03 
 5.48000000e-09 -1.36106912e-03 
 5.50000000e-09 -1.34369527e-03 
 5.52000000e-09 -1.32610385e-03 
 5.54000000e-09 -1.30829743e-03 
 5.56000000e-09 -1.29027861e-03 
 5.58000000e-09 -1.27205002e-03 
 5.60000000e-09 -1.25361436e-03 
 5.62000000e-09 -1.23497434e-03 
 5.64000000e-09 -1.21613275e-03 
 5.66000000e-09 -1.19709239e-03 
 5.68000000e-09 -1.17785613e-03 
 5.70000000e-09 -1.15842686e-03 
 5.72000000e-09 -1.13880752e-03 
 5.74000000e-09 -1.11900110e-03 
 5.76000000e-09 -1.09901061e-03 
 5.78000000e-09 -1.07883913e-03 
 5.80000000e-09 -1.05848975e-03 
 5.82000000e-09 -1.03796563e-03 
 5.84000000e-09 -1.01726994e-03 
 5.86000000e-09 -9.96405913e-04 
 5.88000000e-09 -9.75376807e-04 
 5.90000000e-09 -9.54185925e-04 
 5.92000000e-09 -9.32836604e-04 
 5.94000000e-09 -9.11332220e-04 
 5.96000000e-09 -8.89676184e-04 
 5.98000000e-09 -8.67871946e-04 
 6.00000000e-09 -8.45922988e-04 
 6.02000000e-09 -8.23832830e-04 
 6.04000000e-09 -8.01605023e-04 
 6.06000000e-09 -7.79243153e-04 
 6.08000000e-09 -7.56750841e-04 
 6.10000000e-09 -7.34131737e-04 
 6.12000000e-09 -7.11389523e-04 
 6.14000000e-09 -6.88527913e-04 
 6.16000000e-09 -6.65550650e-04 
 6.18000000e-09 -6.42461506e-04 
 6.20000000e-09 -6.19264282e-04 
 6.22000000e-09 -5.95962805e-04 
 6.24000000e-09 -5.72560930e-04 
 6.26000000e-09 -5.49062538e-04 
 6.28000000e-09 -5.25471533e-04 
 6.30000000e-09 -5.01791846e-04 
 6.32000000e-09 -4.78027427e-04 
 6.34000000e-09 -4.54182252e-04 
 6.36000000e-09 -4.30260317e-04 
 6.38000000e-09 -4.06265636e-04 
 6.40000000e-09 -3.82202246e-04 
 6.42000000e-09 -3.58074199e-04 
 6.44000000e-09 -3.33885565e-04 
 6.46000000e-09 -3.09640433e-04 
 6.48000000e-09 -2.85342902e-04 
 6.50000000e-09 -2.60997091e-04 
 6.52000000e-09 -2.36607126e-04 
 6.54000000e-09 -2.12177151e-04 
 6.56000000e-09 -1.87711316e-04 
 6.58000000e-09 -1.63213783e-04 
 6.60000000e-09 -1.38688723e-04 
 6.62000000e-09 -1.14140315e-04 
 6.64000000e-09 -8.95727420e-05 
 6.66000000e-09 -6.49901952e-05 
 6.68000000e-09 -4.03968689e-05 
 6.70000000e-09 -1.57969606e-05 
 6.72000000e-09  8.80533016e-06 
 6.74000000e-09  3.34058028e-05 
 6.76000000e-09  5.80002571e-05 
 6.78000000e-09  8.25844940e-05 
 6.80000000e-09  1.07154317e-04 
 6.82000000e-09  1.31705534e-04 
 6.84000000e-09  1.56233956e-04 
 6.86000000e-09  1.80735401e-04 
 6.88000000e-09  2.05205694e-04 
 6.90000000e-09  2.29640668e-04 
 6.92000000e-09  2.54036166e-04 
 6.94000000e-09  2.78388038e-04 
 6.96000000e-09  3.02692151e-04 
 6.98000000e-09  3.26944380e-04 
 7.00000000e-09  3.51140614e-04 
 7.02000000e-09  3.75276760e-04 
 7.04000000e-09  3.99348738e-04 
 7.06000000e-09  4.23352484e-04 
 7.08000000e-09  4.47283954e-04 
 7.10000000e-09  4.71139123e-04 
 7.12000000e-09  4.94913983e-04 
 7.14000000e-09  5.18604551e-04 
 7.16000000e-09  5.42206862e-04 
 7.18000000e-09  5.65716975e-04 
 7.20000000e-09  5.89130975e-04 
 7.22000000e-09  6.12444970e-04 
 7.24000000e-09  6.35655092e-04 
 7.26000000e-09  6.58757501e-04 
 7.28000000e-09  6.81748386e-04 
 7.30000000e-09  7.04623962e-04 
 7.32000000e-09  7.27380474e-04 
 7.34000000e-09  7.50014196e-04 
 7.36000000e-09  7.72521434e-04 
 7.38000000e-09  7.94898524e-04 
 7.40000000e-09  8.17141836e-04 
 7.42000000e-09  8.39247772e-04 
 7.44000000e-09  8.61212766e-04 
 7.46000000e-09  8.83033290e-04 
 7.48000000e-09  9.04705847e-04 
 7.50000000e-09  9.26226978e-04 
 7.52000000e-09  9.47593260e-04 
 7.54000000e-09  9.68801307e-04 
 7.56000000e-09  9.89847768e-04 
 7.58000000e-09  1.01072933e-03 
 7.60000000e-09  1.03144273e-03 
 7.62000000e-09  1.05198472e-03 
 7.64000000e-09  1.07235212e-03 
 7.66000000e-09  1.09254176e-03 
 7.68000000e-09  1.11255053e-03 
 7.70000000e-09  1.13237536e-03 
 7.72000000e-09  1.15201322e-03 
 7.74000000e-09  1.17146110e-03 
 7.76000000e-09  1.19071607e-03 
 7.78000000e-09  1.20977521e-03 
 7.80000000e-09  1.22863566e-03 
 7.82000000e-09  1.24729460e-03 
 7.84000000e-09  1.26574923e-03 
 7.86000000e-09  1.28399682e-03 
 7.88000000e-09  1.30203468e-03 
 7.90000000e-09  1.31986015e-03 
 7.92000000e-09  1.33747063e-03 
 7.94000000e-09  1.35486354e-03 
 7.96000000e-09  1.37203637e-03 
 7.98000000e-09  1.38898663e-03 
 8.00000000e-09  1.40571189e-03 
 8.02000000e-09  1.42220976e-03 
 8.04000000e-09  1.43847789e-03 
 8.06000000e-09  1.45451396e-03 
 8.08000000e-09  1.47031573e-03 
 8.10000000e-09  1.48588097e-03 
 8.12000000e-09  1.50120751e-03 
 8.14000000e-09  1.51629321e-03 
 8.16000000e-09  1.53113600e-03 
 8.18000000e-09  1.54573381e-03 
 8.20000000e-09  1.56008466e-03 
 8.22000000e-09  1.57418657e-03 
 8.24000000e-09  1.58803764e-03 
 8.26000000e-09  1.60163599e-03 
 8.28000000e-09  1.61497980e-03 
 8.30000000e-09  1.62806726e-03 
 8.32000000e-09  1.64089663e-03 
 8.34000000e-09  1.65346622e-03 
 8.36000000e-09  1.66577435e-03 
 8.38000000e-09  1.67781940e-03 
 8.40000000e-09  1.68959980e-03 
 8.42000000e-09  1.70111399e-03 
 8.44000000e-09  1.71236050e-03 
 8.46000000e-09  1.72333785e-03 
 8.48000000e-09  1.73404462e-03 
 8.50000000e-09  1.74447945e-03 
 8.52000000e-09  1.75464100e-03 
 8.54000000e-09  1.76452795e-03 
 8.56000000e-09  1.77413907e-03 
 8.58000000e-09  1.78347313e-03 
 8.60000000e-09  1.79252894e-03 
 8.62000000e-09  1.80130538e-03 
 8.64000000e-09  1.80980132e-03 
 8.66000000e-09  1.81801572e-03 
 8.68000000e-09  1.82594755e-03 
 8.70000000e-09  1.83359581e-03 
 8.72000000e-09  1.84095956e-03 
 8.74000000e-09  1.84803788e-03 
 8.76000000e-09  1.85482989e-03 
 8.78000000e-09  1.86133477e-03 
 8.80000000e-09  1.86755171e-03 
 8.82000000e-09  1.87347993e-03 
 8.84000000e-09  1.87911873e-03 
 8.86000000e-09  1.88446739e-03 
 8.88000000e-09  1.88952527e-03 
 8.90000000e-09  1.89429175e-03 
 8.92000000e-09  1.89876624e-03 
 8.94000000e-09  1.90294820e-03 
 8.96000000e-09  1.90683711e-03 
 8.98000000e-09  1.91043250e-03 
 9.00000000e-09  1.91373392e-03 
 9.02000000e-09  1.91674098e-03 
 9.04000000e-09  1.91945329e-03 
 9.06000000e-09  1.92187053e-03 
 9.08000000e-09  1.92399240e-03 
 9.10000000e-09  1.92581862e-03 
 9.12000000e-09  1.92734898e-03 
 9.14000000e-09  1.92858327e-03 
 9.16000000e-09  1.92952133e-03 
 9.18000000e-09  1.93016305e-03 
 9.20000000e-09  1.93050833e-03 
 9.22000000e-09  1.93055712e-03 
 9.24000000e-09  1.93030939e-03 
 9.26000000e-09  1.92976517e-03 
 9.28000000e-09  1.92892450e-03 
 9.30000000e-09  1.92778748e-03 
 9.32000000e-09  1.92635421e-03 
 9.34000000e-09  1.92462486e-03 
 9.36000000e-09  1.92259962e-03 
 9.38000000e-09  1.92027872e-03 
 9.40000000e-09  1.91766242e-03 
 9.42000000e-09  1.91475102e-03 
 9.44000000e-09  1.91154485e-03 
 9.46000000e-09  1.90804429e-03 
 9.48000000e-09  1.90424975e-03 
 9.50000000e-09  1.90016165e-03 
 9.52000000e-09  1.89578049e-03 
 9.54000000e-09  1.89110679e-03 
 9.56000000e-09  1.88614109e-03 
 9.58000000e-09  1.88088398e-03 
 9.60000000e-09  1.87533609e-03 
 9.62000000e-09  1.86949809e-03 
 9.64000000e-09  1.86337068e-03 
 9.66000000e-09  1.85695460e-03 
 9.68000000e-09  1.85025062e-03 
 9.70000000e-09  1.84325956e-03 
 9.72000000e-09  1.83598227e-03 
 9.74000000e-09  1.82841966e-03 
 9.76000000e-09  1.82057264e-03 
 9.78000000e-09  1.81244219e-03 
 9.80000000e-09  1.80402933e-03 
 9.82000000e-09  1.79533508e-03 
 9.84000000e-09  1.78636056e-03 
 9.86000000e-09  1.77710688e-03 
 9.88000000e-09  1.76757521e-03 
 9.90000000e-09  1.75776677e-03 
 9.92000000e-09  1.74768279e-03 
 9.94000000e-09  1.73732458e-03 
 9.96000000e-09  1.72669346e-03 
 9.98000000e-09  1.71579080e-03 
 1.00000000e-08  1.70461802e-03 
 1.00200000e-08  1.69317657e-03 
 1.00400000e-08  1.68146795e-03 
 1.00600000e-08  1.66949370e-03 
 1.00800000e-08  1.65725539e-03 
 1.01000000e-08  1.64475466e-03 
 1.01200000e-08  1.63199316e-03 
 1.01400000e-08  1.61897261e-03 
 1.01600000e-08  1.60569475e-03 
 1.01800000e-08  1.59216137e-03 
 1.02000000e-08  1.57837433e-03 
 1.02200000e-08  1.56433548e-03 
 1.02400000e-08  1.55004677e-03 
 1.02600000e-08  1.53551015e-03 
 1.02800000e-08  1.52072763e-03 
 1.03000000e-08  1.50570127e-03 
 1.03200000e-08  1.49043316e-03 
 1.03400000e-08  1.47492545e-03 
 1.03600000e-08  1.45918031e-03 
 1.03800000e-08  1.44319998e-03 
 1.04000000e-08  1.42698672e-03 
 1.04200000e-08  1.41054286e-03 
 1.04400000e-08  1.39387075e-03 
 1.04600000e-08  1.37697279e-03 
 1.04800000e-08  1.35985144e-03 
 1.05000000e-08  1.34250917e-03 
 1.05200000e-08  1.32494852e-03 
 1.05400000e-08  1.30717207e-03 
 1.05600000e-08  1.28918244e-03 
 1.05800000e-08  1.27098229e-03 
 1.06000000e-08  1.25257432e-03 
 1.06200000e-08  1.23396128e-03 
 1.06400000e-08  1.21514597e-03 
 1.06600000e-08  1.19613121e-03 
 1.06800000e-08  1.17691988e-03 
 1.07000000e-08  1.15751489e-03 
 1.07200000e-08  1.13791921e-03 
 1.07400000e-08  1.11813582e-03 
 1.07600000e-08  1.09816778e-03 
 1.07800000e-08  1.07801816e-03 
 1.08000000e-08  1.05769008e-03 
 1.08200000e-08  1.03718670e-03 
 1.08400000e-08  1.01651121e-03 
 1.08600000e-08  9.95666862e-04 
 1.08800000e-08  9.74656925e-04 
 1.09000000e-08  9.53484714e-04 
 1.09200000e-08  9.32153580e-04 
 1.09400000e-08  9.10666911e-04 
 1.09600000e-08  8.89028131e-04 
 1.09800000e-08  8.67240701e-04 
 1.10000000e-08  8.45308115e-04 
 1.10200000e-08  8.23233904e-04 
 1.10400000e-08  8.01021630e-04 
 1.10600000e-08  7.78674892e-04 
 1.10800000e-08  7.56197318e-04 
 1.11000000e-08  7.33592570e-04 
 1.11200000e-08  7.10864340e-04 
 1.11400000e-08  6.88016351e-04 
 1.11600000e-08  6.65052356e-04 
 1.11800000e-08  6.41976135e-04 
 1.12000000e-08  6.18791499e-04 
 1.12200000e-08  5.95502284e-04 
 1.12400000e-08  5.72112353e-04 
 1.12600000e-08  5.48625595e-04 
 1.12800000e-08  5.25045922e-04 
 1.13000000e-08  5.01377273e-04 
 1.13200000e-08  4.77623607e-04 
 1.13400000e-08  4.53788905e-04 
 1.13600000e-08  4.29877171e-04 
 1.13800000e-08  4.05892428e-04 
 1.14000000e-08  3.81838717e-04 
 1.14200000e-08  3.57720098e-04 
 1.14400000e-08  3.33540648e-04 
 1.14600000e-08  3.09304461e-04 
 1.14800000e-08  2.85015645e-04 
 1.15000000e-08  2.60678321e-04 
 1.15200000e-08  2.36296624e-04 
 1.15400000e-08  2.11874701e-04 
 1.15600000e-08  1.87416711e-04 
 1.15800000e-08  1.62926819e-04 
 1.16000000e-08  1.38409202e-04 
 1.16200000e-08  1.13868043e-04 
 1.16400000e-08  8.93075323e-05 
 1.16600000e-08  6.47318642e-05 
 1.16800000e-08  4.01452382e-05 
 1.17000000e-08  1.55518564e-05 
 1.17200000e-08 -9.04407707e-06 
 1.17400000e-08 -3.36383573e-05 
 1.17600000e-08 -5.82267797e-05 
 1.17800000e-08 -8.28051412e-05 
 1.18000000e-08 -1.07369241e-04 
 1.18200000e-08 -1.31914883e-04 
 1.18400000e-08 -1.56437875e-04 
 1.18600000e-08 -1.80934031e-04 
 1.18800000e-08 -2.05399172e-04 
 1.19000000e-08 -2.29829127e-04 
 1.19200000e-08 -2.54219736e-04 
 1.19400000e-08 -2.78566848e-04 
 1.19600000e-08 -3.02866322e-04 
 1.19800000e-08 -3.27114033e-04 
 1.20000000e-08 -3.51305867e-04 
 1.20200000e-08 -3.75437726e-04 
 1.20400000e-08 -3.99505528e-04 
 1.20600000e-08 -4.23505207e-04 
 1.20800000e-08 -4.47432715e-04 
 1.21000000e-08 -4.71284025e-04 
 1.21200000e-08 -4.95055126e-04 
 1.21400000e-08 -5.18742032e-04 
 1.21600000e-08 -5.42340776e-04 
 1.21800000e-08 -5.65847416e-04 
 1.22000000e-08 -5.89258032e-04 
 1.22200000e-08 -6.12568730e-04 
 1.22400000e-08 -6.35775642e-04 
 1.22600000e-08 -6.58874924e-04 
 1.22800000e-08 -6.81862763e-04 
 1.23000000e-08 -7.04735371e-04 
 1.23200000e-08 -7.27488992e-04 
 1.23400000e-08 -7.50119899e-04 
 1.23600000e-08 -7.72624394e-04 
 1.23800000e-08 -7.94998813e-04 
 1.24000000e-08 -8.17239523e-04 
 1.24200000e-08 -8.39342924e-04 
 1.24400000e-08 -8.61305450e-04 
 1.24600000e-08 -8.83123568e-04 
 1.24800000e-08 -9.04793783e-04 
 1.25000000e-08 -9.26312633e-04 
 1.25200000e-08 -9.47676692e-04 
 1.25400000e-08 -9.68882574e-04 
 1.25600000e-08 -9.89926926e-04 
 1.25800000e-08 -1.01080644e-03 
 1.26000000e-08 -1.03151783e-03 
 1.26200000e-08 -1.05205788e-03 
 1.26400000e-08 -1.07242337e-03 
 1.26600000e-08 -1.09261116e-03 
 1.26800000e-08 -1.11261814e-03 
 1.27000000e-08 -1.13244121e-03 
 1.27200000e-08 -1.15207736e-03 
 1.27400000e-08 -1.17152358e-03 
 1.27600000e-08 -1.19077693e-03 
 1.27800000e-08 -1.20983449e-03 
 1.28000000e-08 -1.22869340e-03 
 1.28200000e-08 -1.24735084e-03 
 1.28400000e-08 -1.26580401e-03 
 1.28600000e-08 -1.28405018e-03 
 1.28800000e-08 -1.30208666e-03 
 1.29000000e-08 -1.31991078e-03 
 1.29200000e-08 -1.33751994e-03 
 1.29400000e-08 -1.35491157e-03 
 1.29600000e-08 -1.37208316e-03 
 1.29800000e-08 -1.38903220e-03 
 1.30000000e-08 -1.40575628e-03 
 1.30200000e-08 -1.42225300e-03 
 1.30400000e-08 -1.43852000e-03 
 1.30600000e-08 -1.45455498e-03 
 1.30800000e-08 -1.47035569e-03 
 1.31000000e-08 -1.48591989e-03 
 1.31200000e-08 -1.50124542e-03 
 1.31400000e-08 -1.51633014e-03 
 1.31600000e-08 -1.53117196e-03 
 1.31800000e-08 -1.54576884e-03 
 1.32000000e-08 -1.56011878e-03 
 1.32200000e-08 -1.57421981e-03 
 1.32400000e-08 -1.58807002e-03 
 1.32600000e-08 -1.60166753e-03 
 1.32800000e-08 -1.61501051e-03 
 1.33000000e-08 -1.62809718e-03 
 1.33200000e-08 -1.64092578e-03 
 1.33400000e-08 -1.65349460e-03 
 1.33600000e-08 -1.66580200e-03 
 1.33800000e-08 -1.67784633e-03 
 1.34000000e-08 -1.68962603e-03 
 1.34200000e-08 -1.70113954e-03 
 1.34400000e-08 -1.71238538e-03 
 1.34600000e-08 -1.72336209e-03 
 1.34800000e-08 -1.73406823e-03 
 1.35000000e-08 -1.74450245e-03 
 1.35200000e-08 -1.75466340e-03 
 1.35400000e-08 -1.76454977e-03 
 1.35600000e-08 -1.77416033e-03 
 1.35800000e-08 -1.78349383e-03 
 1.36000000e-08 -1.79254911e-03 
 1.36200000e-08 -1.80132502e-03 
 1.36400000e-08 -1.80982045e-03 
 1.36600000e-08 -1.81803436e-03 
 1.36800000e-08 -1.82596570e-03 
 1.37000000e-08 -1.83361349e-03 
 1.37200000e-08 -1.84097678e-03 
 1.37400000e-08 -1.84805465e-03 
 1.37600000e-08 -1.85484623e-03 
 1.37800000e-08 -1.86135069e-03 
 1.38000000e-08 -1.86756721e-03 
 1.38200000e-08 -1.87349503e-03 
 1.38400000e-08 -1.87913343e-03 
 1.38600000e-08 -1.88448172e-03 
 1.38800000e-08 -1.88953922e-03 
 1.39000000e-08 -1.89430534e-03 
 1.39200000e-08 -1.89877948e-03 
 1.39400000e-08 -1.90296109e-03 
 1.39600000e-08 -1.90684967e-03 
 1.39800000e-08 -1.91044473e-03 
 1.40000000e-08 -1.91374584e-03 
 1.40200000e-08 -1.91675258e-03 
 1.40400000e-08 -1.91946460e-03 
 1.40600000e-08 -1.92188154e-03 
 1.40800000e-08 -1.92400312e-03 
 1.41000000e-08 -1.92582907e-03 
 1.41200000e-08 -1.92735915e-03 
 1.41400000e-08 -1.92859318e-03 
 1.41600000e-08 -1.92953099e-03 
 1.41800000e-08 -1.93017245e-03 
 1.42000000e-08 -1.93051749e-03 
 1.42200000e-08 -1.93056604e-03 
 1.42400000e-08 -1.93031808e-03 
 1.42600000e-08 -1.92977363e-03 
 1.42800000e-08 -1.92893275e-03 
 1.43000000e-08 -1.92779551e-03 
 1.43200000e-08 -1.92636203e-03 
 1.43400000e-08 -1.92463248e-03 
 1.43600000e-08 -1.92260704e-03 
 1.43800000e-08 -1.92028595e-03 
 1.44000000e-08 -1.91766946e-03 
 1.44200000e-08 -1.91475788e-03 
 1.44400000e-08 -1.91155153e-03 
 1.44600000e-08 -1.90805080e-03 
 1.44800000e-08 -1.90425608e-03 
 1.45000000e-08 -1.90016783e-03 
 1.45200000e-08 -1.89578651e-03 
 1.45400000e-08 -1.89111264e-03 
 1.45600000e-08 -1.88614679e-03 
 1.45800000e-08 -1.88088953e-03 
 1.46000000e-08 -1.87534150e-03 
 1.46200000e-08 -1.86950336e-03 
 1.46400000e-08 -1.86337581e-03 
 1.46600000e-08 -1.85695960e-03 
 1.46800000e-08 -1.85025549e-03 
 1.47000000e-08 -1.84326430e-03 
 1.47200000e-08 -1.83598690e-03 
 1.47400000e-08 -1.82842416e-03 
 1.47600000e-08 -1.82057703e-03 
 1.47800000e-08 -1.81244646e-03 
 1.48000000e-08 -1.80403349e-03 
 1.48200000e-08 -1.79533914e-03 
 1.48400000e-08 -1.78636451e-03 
 1.48600000e-08 -1.77711072e-03 
 1.48800000e-08 -1.76757896e-03 
 1.49000000e-08 -1.75777041e-03 
 1.49200000e-08 -1.74768634e-03 
 1.49400000e-08 -1.73732804e-03 
 1.49600000e-08 -1.72669683e-03 
 1.49800000e-08 -1.71579408e-03 
 1.50000000e-08 -1.70462122e-03 
 1.50200000e-08 -1.69317968e-03 
 1.50400000e-08 -1.68147098e-03 
 1.50600000e-08 -1.66949665e-03 
 1.50800000e-08 -1.65725827e-03 
 1.51000000e-08 -1.64475746e-03 
 1.51200000e-08 -1.63199589e-03 
 1.51400000e-08 -1.61897527e-03 
 1.51600000e-08 -1.60569734e-03 
 1.51800000e-08 -1.59216390e-03 
 1.52000000e-08 -1.57837679e-03 
 1.52200000e-08 -1.56433788e-03 
 1.52400000e-08 -1.55004910e-03 
 1.52600000e-08 -1.53551242e-03 
 1.52800000e-08 -1.52072984e-03 
 1.53000000e-08 -1.50570342e-03 
 1.53200000e-08 -1.49043526e-03 
 1.53400000e-08 -1.47492749e-03 
 1.53600000e-08 -1.45918230e-03 
 1.53800000e-08 -1.44320192e-03 
 1.54000000e-08 -1.42698861e-03 
 1.54200000e-08 -1.41054470e-03 
 1.54400000e-08 -1.39387254e-03 
 1.54600000e-08 -1.37697454e-03 
 1.54800000e-08 -1.35985314e-03 
 1.55000000e-08 -1.34251083e-03 
 1.55200000e-08 -1.32495014e-03 
 1.55400000e-08 -1.30717364e-03 
 1.55600000e-08 -1.28918397e-03 
 1.55800000e-08 -1.27098378e-03 
 1.56000000e-08 -1.25257577e-03 
 1.56200000e-08 -1.23396270e-03 
 1.56400000e-08 -1.21514735e-03 
 1.56600000e-08 -1.19613255e-03 
 1.56800000e-08 -1.17692118e-03 
 1.57000000e-08 -1.15751616e-03 
 1.57200000e-08 -1.13792045e-03 
 1.57400000e-08 -1.11813703e-03 
 1.57600000e-08 -1.09816896e-03 
 1.57800000e-08 -1.07801931e-03 
 1.58000000e-08 -1.05769119e-03 
 1.58200000e-08 -1.03718778e-03 
 1.58400000e-08 -1.01651227e-03 
 1.58600000e-08 -9.95667894e-04 
 1.58800000e-08 -9.74657929e-04 
 1.59000000e-08 -9.53485693e-04 
 1.59200000e-08 -9.32154533e-04 
 1.59400000e-08 -9.10667839e-04 
 1.59600000e-08 -8.89029036e-04 
 1.59800000e-08 -8.67241582e-04 
 1.60000000e-08 -8.45308973e-04 
 1.60200000e-08 -8.23234740e-04 
 1.60400000e-08 -8.01022445e-04 
 1.60600000e-08 -7.78675685e-04 
 1.60800000e-08 -7.56198091e-04 
 1.61000000e-08 -7.33593322e-04 
 1.61200000e-08 -7.10865073e-04 
 1.61400000e-08 -6.88017065e-04 
 1.61600000e-08 -6.65053051e-04 
 1.61800000e-08 -6.41976812e-04 
 1.62000000e-08 -6.18792159e-04 
 1.62200000e-08 -5.95502927e-04 
 1.62400000e-08 -5.72112979e-04 
 1.62600000e-08 -5.48626204e-04 
 1.62800000e-08 -5.25046516e-04 
 1.63000000e-08 -5.01377851e-04 
 1.63200000e-08 -4.77624170e-04 
 1.63400000e-08 -4.53789454e-04 
 1.63600000e-08 -4.29877706e-04 
 1.63800000e-08 -4.05892948e-04 
 1.64000000e-08 -3.81839224e-04 
 1.64200000e-08 -3.57720592e-04 
 1.64400000e-08 -3.33541129e-04 
 1.64600000e-08 -3.09304930e-04 
 1.64800000e-08 -2.85016101e-04 
 1.65000000e-08 -2.60678765e-04 
 1.65200000e-08 -2.36297057e-04 
 1.65400000e-08 -2.11875123e-04 
 1.65600000e-08 -1.87417122e-04 
 1.65800000e-08 -1.62927219e-04 
 1.66000000e-08 -1.38409592e-04 
 1.66200000e-08 -1.13868423e-04 
 1.66400000e-08 -8.93079021e-05 
 1.66600000e-08 -6.47322244e-05 
 1.66800000e-08 -4.01455890e-05 
 1.67000000e-08 -1.55521981e-05 
 1.67200000e-08  9.04374426e-06 
 1.67400000e-08  3.36380331e-05 
 1.67600000e-08  5.82264639e-05 
 1.67800000e-08  8.28048336e-05 
 1.68000000e-08  1.07368942e-04 
 1.68200000e-08  1.31914591e-04 
 1.68400000e-08  1.56437591e-04 
 1.68600000e-08  1.80933754e-04 
 1.68800000e-08  2.05398902e-04 
 1.69000000e-08  2.29828865e-04 
 1.69200000e-08  2.54219480e-04 
 1.69400000e-08  2.78566598e-04 
 1.69600000e-08  3.02866079e-04 
 1.69800000e-08  3.27113796e-04 
 1.70000000e-08  3.51305636e-04 
 1.70200000e-08  3.75437501e-04 
 1.70400000e-08  3.99505309e-04 
 1.70600000e-08  4.23504994e-04 
 1.70800000e-08  4.47432508e-04 
 1.71000000e-08  4.71283823e-04 
 1.71200000e-08  4.95054930e-04 
 1.71400000e-08  5.18741841e-04 
 1.71600000e-08  5.42340590e-04 
 1.71800000e-08  5.65847235e-04 
 1.72000000e-08  5.89257855e-04 
 1.72200000e-08  6.12568558e-04 
 1.72400000e-08  6.35775474e-04 
 1.72600000e-08  6.58874760e-04 
 1.72800000e-08  6.81862603e-04 
 1.73000000e-08  7.04735216e-04 
 1.73200000e-08  7.27488841e-04 
 1.73400000e-08  7.50119752e-04 
 1.73600000e-08  7.72624251e-04 
 1.73800000e-08  7.94998674e-04 
 1.74000000e-08  8.17239387e-04 
 1.74200000e-08  8.39342792e-04 
 1.74400000e-08  8.61305321e-04 
 1.74600000e-08  8.83123443e-04 
 1.74800000e-08  9.04793661e-04 
 1.75000000e-08  9.26312513e-04 
 1.75200000e-08  9.47676576e-04 
 1.75400000e-08  9.68882461e-04 
 1.75600000e-08  9.89926816e-04 
 1.75800000e-08  1.01080633e-03 
 1.76000000e-08  1.03151773e-03 
 1.76200000e-08  1.05205777e-03 
 1.76400000e-08  1.07242327e-03 
 1.76600000e-08  1.09261107e-03 
 1.76800000e-08  1.11261804e-03 
 1.77000000e-08  1.13244112e-03 
 1.77200000e-08  1.15207727e-03 
 1.77400000e-08  1.17152349e-03 
 1.77600000e-08  1.19077684e-03 
 1.77800000e-08  1.20983441e-03 
 1.78000000e-08  1.22869332e-03 
 1.78200000e-08  1.24735076e-03 
 1.78400000e-08  1.26580393e-03 
 1.78600000e-08  1.28405011e-03 
 1.78800000e-08  1.30208658e-03 
 1.79000000e-08  1.31991071e-03 
 1.79200000e-08  1.33751987e-03 
 1.79400000e-08  1.35491151e-03 
 1.79600000e-08  1.37208309e-03 
 1.79800000e-08  1.38903214e-03 
 1.80000000e-08  1.40575622e-03 
 1.80200000e-08  1.42225294e-03 
 1.80400000e-08  1.43851994e-03 
 1.80600000e-08  1.45455493e-03 
 1.80800000e-08  1.47035563e-03 
 1.81000000e-08  1.48591984e-03 
 1.81200000e-08  1.50124537e-03 
 1.81400000e-08  1.51633009e-03 
 1.81600000e-08  1.53117191e-03 
 1.81800000e-08  1.54576879e-03 
 1.82000000e-08  1.56011873e-03 
 1.82200000e-08  1.57421976e-03 
 1.82400000e-08  1.58806997e-03 
 1.82600000e-08  1.60166748e-03 
 1.82800000e-08  1.61501047e-03 
 1.83000000e-08  1.62809713e-03 
 1.83200000e-08  1.64092574e-03 
 1.83400000e-08  1.65349456e-03 
 1.83600000e-08  1.66580196e-03 
 1.83800000e-08  1.67784629e-03 
 1.84000000e-08  1.68962599e-03 
 1.84200000e-08  1.70113951e-03 
 1.84400000e-08  1.71238535e-03 
 1.84600000e-08  1.72336205e-03 
 1.84800000e-08  1.73406820e-03 
 1.85000000e-08  1.74450242e-03 
 1.85200000e-08  1.75466337e-03 
 1.85400000e-08  1.76454974e-03 
 1.85600000e-08  1.77416030e-03 
 1.85800000e-08  1.78349380e-03 
 1.86000000e-08  1.79254908e-03 
 1.86200000e-08  1.80132499e-03 
 1.86400000e-08  1.80982043e-03 
 1.86600000e-08  1.81803433e-03 
 1.86800000e-08  1.82596567e-03 
 1.87000000e-08  1.83361346e-03 
 1.87200000e-08  1.84097675e-03 
 1.87400000e-08  1.84805463e-03 
 1.87600000e-08  1.85484621e-03 
 1.87800000e-08  1.86135066e-03 
 1.88000000e-08  1.86756719e-03 
 1.88200000e-08  1.87349501e-03 
 1.88400000e-08  1.87913341e-03 
 1.88600000e-08  1.88448170e-03 
 1.88800000e-08  1.88953921e-03 
 1.89000000e-08  1.89430532e-03 
 1.89200000e-08  1.89877946e-03 
 1.89400000e-08  1.90296108e-03 
 1.89600000e-08  1.90684965e-03 
 1.89800000e-08  1.91044472e-03 
 1.90000000e-08  1.91374582e-03 
 1.90200000e-08  1.91675257e-03 
 1.90400000e-08  1.91946458e-03 
 1.90600000e-08  1.92188153e-03 
 1.90800000e-08  1.92400311e-03 
 1.91000000e-08  1.92582905e-03 
 1.91200000e-08  1.92735914e-03 
 1.91400000e-08  1.92859316e-03 
 1.91600000e-08  1.92953097e-03 
 1.91800000e-08  1.93017244e-03 
 1.92000000e-08  1.93051748e-03 
 1.92200000e-08  1.93056603e-03 
 1.92400000e-08  1.93031807e-03 
 1.92600000e-08  1.92977362e-03 
 1.92800000e-08  1.92893274e-03 
 1.93000000e-08  1.92779549e-03 
 1.93200000e-08  1.92636202e-03 
 1.93400000e-08  1.92463247e-03 
 1.93600000e-08  1.92260703e-03 
 1.93800000e-08  1.92028594e-03 
 1.94000000e-08  1.91766945e-03 
 1.94200000e-08  1.91475787e-03 
 1.94400000e-08  1.91155152e-03 
 1.94600000e-08  1.90805079e-03 
 1.94800000e-08  1.90425607e-03 
 1.95000000e-08  1.90016782e-03 
 1.95200000e-08  1.89578650e-03 
 1.95400000e-08  1.89111264e-03 
 1.95600000e-08  1.88614678e-03 
 1.95800000e-08  1.88088953e-03 
 1.96000000e-08  1.87534150e-03 
 1.96200000e-08  1.86950336e-03 
 1.96400000e-08  1.86337581e-03 
 1.96600000e-08  1.85695959e-03 
 1.96800000e-08  1.85025548e-03 
 1.97000000e-08  1.84326430e-03 
 1.97200000e-08  1.83598689e-03 
 1.97400000e-08  1.82842415e-03 
 1.97600000e-08  1.82057702e-03 
 1.97800000e-08  1.81244646e-03 
 1.98000000e-08  1.80403348e-03 
 1.98200000e-08  1.79533913e-03 
 1.98400000e-08  1.78636450e-03 
 1.98600000e-08  1.77711072e-03 
 1.98800000e-08  1.76757895e-03 
 1.99000000e-08  1.75777041e-03 
 1.99200000e-08  1.74768634e-03 
 1.99400000e-08  1.73732803e-03 
 1.99600000e-08  1.72669682e-03 
 1.99800000e-08  1.71579408e-03 
 2.00000000e-08  1.70462121e-03 
 2.00200000e-08  1.69317968e-03 
 2.00400000e-08  1.68147098e-03 
 2.00600000e-08  1.66949665e-03 
 2.00800000e-08  1.65725827e-03 
 2.01000000e-08  1.64475746e-03 
 2.01200000e-08  1.63199589e-03 
 2.01400000e-08  1.61897526e-03 
 2.01600000e-08  1.60569733e-03 
 2.01800000e-08  1.59216389e-03 
 2.02000000e-08  1.57837678e-03 
 2.02200000e-08  1.56433788e-03 
 2.02400000e-08  1.55004910e-03 
 2.02600000e-08  1.53551242e-03 
 2.02800000e-08  1.52072984e-03 
 2.03000000e-08  1.50570342e-03 
 2.03200000e-08  1.49043526e-03 
 2.03400000e-08  1.47492749e-03 
 2.03600000e-08  1.45918230e-03 
 2.03800000e-08  1.44320191e-03 
 2.04000000e-08  1.42698861e-03 
 2.04200000e-08  1.41054470e-03 
 2.04400000e-08  1.39387254e-03 
 2.04600000e-08  1.37697454e-03 
 2.04800000e-08  1.35985314e-03 
 2.05000000e-08  1.34251082e-03 
 2.05200000e-08  1.32495013e-03 
 2.05400000e-08  1.30717364e-03 
 2.05600000e-08  1.28918397e-03 
 2.05800000e-08  1.27098378e-03 
 2.06000000e-08  1.25257577e-03 
 2.06200000e-08  1.23396269e-03 
 2.06400000e-08  1.21514734e-03 
 2.06600000e-08  1.19613255e-03 
 2.06800000e-08  1.17692118e-03 
 2.07000000e-08  1.15751616e-03 
 2.07200000e-08  1.13792045e-03 
 2.07400000e-08  1.11813703e-03 
 2.07600000e-08  1.09816896e-03 
 2.07800000e-08  1.07801930e-03 
 2.08000000e-08  1.05769119e-03 
 2.08200000e-08  1.03718778e-03 
 2.08400000e-08  1.01651227e-03 
 2.08600000e-08  9.95667892e-04 
 2.08800000e-08  9.74657928e-04 
 2.09000000e-08  9.53485691e-04 
 2.09200000e-08  9.32154532e-04 
 2.09400000e-08  9.10667838e-04 
 2.09600000e-08  8.89029034e-04 
 2.09800000e-08  8.67241581e-04 
 2.10000000e-08  8.45308972e-04 
 2.10200000e-08  8.23234738e-04 
 2.10400000e-08  8.01022443e-04 
 2.10600000e-08  7.78675684e-04 
 2.10800000e-08  7.56198090e-04 
 2.11000000e-08  7.33593321e-04 
 2.11200000e-08  7.10865072e-04 
 2.11400000e-08  6.88017064e-04 
 2.11600000e-08  6.65053050e-04 
 2.11800000e-08  6.41976811e-04 
 2.12000000e-08  6.18792158e-04 
 2.12200000e-08  5.95502926e-04 
 2.12400000e-08  5.72112978e-04 
 2.12600000e-08  5.48626203e-04 
 2.12800000e-08  5.25046515e-04 
 2.13000000e-08  5.01377851e-04 
 2.13200000e-08  4.77624169e-04 
 2.13400000e-08  4.53789453e-04 
 2.13600000e-08  4.29877705e-04 
 2.13800000e-08  4.05892948e-04 
 2.14000000e-08  3.81839223e-04 
 2.14200000e-08  3.57720591e-04 
 2.14400000e-08  3.33541129e-04 
 2.14600000e-08  3.09304929e-04 
 2.14800000e-08  2.85016101e-04 
 2.15000000e-08  2.60678765e-04 
 2.15200000e-08  2.36297056e-04 
 2.15400000e-08  2.11875123e-04 
 2.15600000e-08  1.87417121e-04 
 2.15800000e-08  1.62927219e-04 
 2.16000000e-08  1.38409591e-04 
 2.16200000e-08  1.13868422e-04 
 2.16400000e-08  8.93079015e-05 
 2.16600000e-08  6.47322239e-05 
 2.16800000e-08  4.01455885e-05 
 2.17000000e-08  1.55521976e-05 
 2.17200000e-08 -9.04374471e-06 
 2.17400000e-08 -3.36380335e-05 
 2.17600000e-08 -5.82264644e-05 
 2.17800000e-08 -8.28048341e-05 
 2.18000000e-08 -1.07368942e-04 
 2.18200000e-08 -1.31914592e-04 
 2.18400000e-08 -1.56437591e-04 
 2.18600000e-08 -1.80933754e-04 
 2.18800000e-08 -2.05398903e-04 
 2.19000000e-08 -2.29828865e-04 
 2.19200000e-08 -2.54219481e-04 
 2.19400000e-08 -2.78566599e-04 
 2.19600000e-08 -3.02866080e-04 
 2.19800000e-08 -3.27113796e-04 
 2.20000000e-08 -3.51305637e-04 
 2.20200000e-08 -3.75437502e-04 
 2.20400000e-08 -3.99505309e-04 
 2.20600000e-08 -4.23504994e-04 
 2.20800000e-08 -4.47432508e-04 
 2.21000000e-08 -4.71283823e-04 
 2.21200000e-08 -4.95054930e-04 
 2.21400000e-08 -5.18741841e-04 
 2.21600000e-08 -5.42340590e-04 
 2.21800000e-08 -5.65847235e-04 
 2.22000000e-08 -5.89257856e-04 
 2.22200000e-08 -6.12568558e-04 
 2.22400000e-08 -6.35775474e-04 
 2.22600000e-08 -6.58874761e-04 
 2.22800000e-08 -6.81862603e-04 
 2.23000000e-08 -7.04735216e-04 
 2.23200000e-08 -7.27488841e-04 
 2.23400000e-08 -7.50119752e-04 
 2.23600000e-08 -7.72624251e-04 
 2.23800000e-08 -7.94998674e-04 
 2.24000000e-08 -8.17239388e-04 
 2.24200000e-08 -8.39342792e-04 
 2.24400000e-08 -8.61305321e-04 
 2.24600000e-08 -8.83123443e-04 
 2.24800000e-08 -9.04793661e-04 
 2.25000000e-08 -9.26312514e-04 
 2.25200000e-08 -9.47676576e-04 
 2.25400000e-08 -9.68882461e-04 
 2.25600000e-08 -9.89926816e-04 
 2.25800000e-08 -1.01080633e-03 
 2.26000000e-08 -1.03151773e-03 
 2.26200000e-08 -1.05205777e-03 
 2.26400000e-08 -1.07242327e-03 
 2.26600000e-08 -1.09261107e-03 
 2.26800000e-08 -1.11261804e-03 
 2.27000000e-08 -1.13244112e-03 
 2.27200000e-08 -1.15207727e-03 
 2.27400000e-08 -1.17152349e-03 
 2.27600000e-08 -1.19077684e-03 
 2.27800000e-08 -1.20983441e-03 
 2.28000000e-08 -1.22869332e-03 
 2.28200000e-08 -1.24735076e-03 
 2.28400000e-08 -1.26580393e-03 
 2.28600000e-08 -1.28405011e-03 
 2.28800000e-08 -1.30208658e-03 
 2.29000000e-08 -1.31991071e-03 
 2.29200000e-08 -1.33751987e-03 
 2.29400000e-08 -1.35491151e-03 
 2.29600000e-08 -1.37208309e-03 
 2.29800000e-08 -1.38903214e-03 
 2.30000000e-08 -1.40575622e-03 
 2.30200000e-08 -1.42225294e-03 
 2.30400000e-08 -1.43851994e-03 
 2.30600000e-08 -1.45455493e-03 
 2.30800000e-08 -1.47035563e-03 
 2.31000000e-08 -1.48591984e-03 
 2.31200000e-08 -1.50124537e-03 
 2.31400000e-08 -1.51633009e-03 
 2.31600000e-08 -1.53117191e-03 
 2.31800000e-08 -1.54576879e-03 
 2.32000000e-08 -1.56011873e-03 
 2.32200000e-08 -1.57421976e-03 
 2.32400000e-08 -1.58806997e-03 
 2.32600000e-08 -1.60166748e-03 
 2.32800000e-08 -1.61501047e-03 
 2.33000000e-08 -1.62809713e-03 
 2.33200000e-08 -1.64092574e-03 
 2.33400000e-08 -1.65349456e-03 
 2.33600000e-08 -1.66580196e-03 
 2.33800000e-08 -1.67784629e-03 
 2.34000000e-08 -1.68962599e-03 
 2.34200000e-08 -1.70113951e-03 
 2.34400000e-08 -1.71238535e-03 
 2.34600000e-08 -1.72336205e-03 
 2.34800000e-08 -1.73406820e-03 
 2.35000000e-08 -1.74450242e-03 
 2.35200000e-08 -1.75466337e-03 
 2.35400000e-08 -1.76454974e-03 
 2.35600000e-08 -1.77416030e-03 
 2.35800000e-08 -1.78349380e-03 
 2.36000000e-08 -1.79254908e-03 
 2.36200000e-08 -1.80132499e-03 
 2.36400000e-08 -1.80982043e-03 
 2.36600000e-08 -1.81803433e-03 
 2.36800000e-08 -1.82596567e-03 
 2.37000000e-08 -1.83361346e-03 
 2.37200000e-08 -1.84097675e-03 
 2.37400000e-08 -1.84805463e-03 
 2.37600000e-08 -1.85484621e-03 
 2.37800000e-08 -1.86135066e-03 
 2.38000000e-08 -1.86756719e-03 
 2.38200000e-08 -1.87349501e-03 
 2.38400000e-08 -1.87913341e-03 
 2.38600000e-08 -1.88448170e-03 
 2.38800000e-08 -1.88953921e-03 
 2.39000000e-08 -1.89430532e-03 
 2.39200000e-08 -1.89877946e-03 
 2.39400000e-08 -1.90296108e-03 
 2.39600000e-08 -1.90684965e-03 
 2.39800000e-08 -1.91044472e-03 
 2.40000000e-08 -1.91374582e-03 
 2.40200000e-08 -1.91675257e-03 
 2.40400000e-08 -1.91946458e-03 
 2.40600000e-08 -1.92188153e-03 
 2.40800000e-08 -1.92400311e-03 
 2.41000000e-08 -1.92582905e-03 
 2.41200000e-08 -1.92735914e-03 
 2.41400000e-08 -1.92859316e-03 
 2.41600000e-08 -1.92953097e-03 
 2.41800000e-08 -1.93017244e-03 
 2.42000000e-08 -1.93051748e-03 
 2.42200000e-08 -1.93056603e-03 
 2.42400000e-08 -1.93031807e-03 
 2.42600000e-08 -1.92977362e-03 
 2.42800000e-08 -1.92893274e-03 
 2.43000000e-08 -1.92779549e-03 
 2.43200000e-08 -1.92636202e-03 
 2.43400000e-08 -1.92463247e-03 
 2.43600000e-08 -1.92260703e-03 
 2.43800000e-08 -1.92028594e-03 
 2.44000000e-08 -1.91766945e-03 
 2.44200000e-08 -1.91475787e-03 
 2.44400000e-08 -1.91155152e-03 
 2.44600000e-08 -1.90805079e-03 
 2.44800000e-08 -1.90425607e-03 
 2.45000000e-08 -1.90016782e-03 
 2.45200000e-08 -1.89578650e-03 
 2.45400000e-08 -1.89111264e-03 
 2.45600000e-08 -1.88614678e-03 
 2.45800000e-08 -1.88088953e-03 
 2.46000000e-08 -1.87534150e-03 
 2.46200000e-08 -1.86950336e-03 
 2.46400000e-08 -1.86337581e-03 
 2.46600000e-08 -1.85695959e-03 
 2.46800000e-08 -1.85025548e-03 
 2.47000000e-08 -1.84326430e-03 
 2.47200000e-08 -1.83598689e-03 
 2.47400000e-08 -1.82842415e-03 
 2.47600000e-08 -1.82057702e-03 
 2.47800000e-08 -1.81244646e-03 
 2.48000000e-08 -1.80403348e-03 
 2.48200000e-08 -1.79533913e-03 
 2.48400000e-08 -1.78636450e-03 
 2.48600000e-08 -1.77711072e-03 
 2.48800000e-08 -1.76757895e-03 
 2.49000000e-08 -1.75777041e-03 
 2.49200000e-08 -1.74768634e-03 
 2.49400000e-08 -1.73732803e-03 
 2.49600000e-08 -1.72669682e-03 
 2.49800000e-08 -1.71579408e-03 
 2.50000000e-08 -1.70462121e-03 
 2.50200000e-08 -1.69317968e-03 
 2.50400000e-08 -1.68147098e-03 
 2.50600000e-08 -1.66949665e-03 
 2.50800000e-08 -1.65725827e-03 
 2.51000000e-08 -1.64475746e-03 
 2.51200000e-08 -1.63199589e-03 
 2.51400000e-08 -1.61897526e-03 
 2.51600000e-08 -1.60569733e-03 
 2.51800000e-08 -1.59216389e-03 
 2.52000000e-08 -1.57837678e-03 
 2.52200000e-08 -1.56433788e-03 
 2.52400000e-08 -1.55004910e-03 
 2.52600000e-08 -1.53551242e-03 
 2.52800000e-08 -1.52072984e-03 
 2.53000000e-08 -1.50570342e-03 
 2.53200000e-08 -1.49043526e-03 
 2.53400000e-08 -1.47492749e-03 
 2.53600000e-08 -1.45918230e-03 
 2.53800000e-08 -1.44320191e-03 
 2.54000000e-08 -1.42698861e-03 
 2.54200000e-08 -1.41054470e-03 
 2.54400000e-08 -1.39387254e-03 
 2.54600000e-08 -1.37697454e-03 
 2.54800000e-08 -1.35985314e-03 
 2.55000000e-08 -1.34251082e-03 
 2.55200000e-08 -1.32495013e-03 
 2.55400000e-08 -1.30717364e-03 
 2.55600000e-08 -1.28918397e-03 
 2.55800000e-08 -1.27098378e-03 
 2.56000000e-08 -1.25257577e-03 
 2.56200000e-08 -1.23396269e-03 
 2.56400000e-08 -1.21514734e-03 
 2.56600000e-08 -1.19613255e-03 
 2.56800000e-08 -1.17692118e-03 
 2.57000000e-08 -1.15751616e-03 
 2.57200000e-08 -1.13792045e-03 
 2.57400000e-08 -1.11813703e-03 
 2.57600000e-08 -1.09816896e-03 
 2.57800000e-08 -1.07801930e-03 
 2.58000000e-08 -1.05769119e-03 
 2.58200000e-08 -1.03718778e-03 
 2.58400000e-08 -1.01651227e-03 
 2.58600000e-08 -9.95667892e-04 
 2.58800000e-08 -9.74657928e-04 
 2.59000000e-08 -9.53485691e-04 
 2.59200000e-08 -9.32154532e-04 
 2.59400000e-08 -9.10667838e-04 
 2.59600000e-08 -8.89029034e-04 
 2.59800000e-08 -8.67241581e-04 
 2.60000000e-08 -8.45308972e-04 
 2.60200000e-08 -8.23234738e-04 
 2.60400000e-08 -8.01022444e-04 
 2.60600000e-08 -7.78675684e-04 
 2.60800000e-08 -7.56198090e-04 
 2.61000000e-08 -7.33593321e-04 
 2.61200000e-08 -7.10865072e-04 
 2.61400000e-08 -6.88017064e-04 
 2.61600000e-08 -6.65053050e-04 
 2.61800000e-08 -6.41976812e-04 
 2.62000000e-08 -6.18792158e-04 
 2.62200000e-08 -5.95502926e-04 
 2.62400000e-08 -5.72112978e-04 
 2.62600000e-08 -5.48626203e-04 
 2.62800000e-08 -5.25046515e-04 
 2.63000000e-08 -5.01377851e-04 
 2.63200000e-08 -4.77624169e-04 
 2.63400000e-08 -4.53789453e-04 
 2.63600000e-08 -4.29877705e-04 
 2.63800000e-08 -4.05892948e-04 
 2.64000000e-08 -3.81839223e-04 
 2.64200000e-08 -3.57720591e-04 
 2.64400000e-08 -3.33541129e-04 
 2.64600000e-08 -3.09304929e-04 
 2.64800000e-08 -2.85016101e-04 
 2.65000000e-08 -2.60678765e-04 
 2.65200000e-08 -2.36297056e-04 
 2.65400000e-08 -2.11875123e-04 
 2.65600000e-08 -1.87417121e-04 
 2.65800000e-08 -1.62927219e-04 
 2.66000000e-08 -1.38409591e-04 
 2.66200000e-08 -1.13868422e-04 
 2.66400000e-08 -8.93079016e-05 
 2.66600000e-08 -6.47322239e-05 
 2.66800000e-08 -4.01455885e-05 
 2.67000000e-08 -1.55521976e-05 
 2.67200000e-08  9.04374472e-06 
 2.67400000e-08  3.36380336e-05 
 2.67600000e-08  5.82264644e-05 
 2.67800000e-08  8.28048341e-05 
 2.68000000e-08  1.07368942e-04 
 2.68200000e-08  1.31914592e-04 
 2.68400000e-08  1.56437591e-04 
 2.68600000e-08  1.80933754e-04 
 2.68800000e-08  2.05398903e-04 
 2.69000000e-08  2.29828865e-04 
 2.69200000e-08  2.54219481e-04 
 2.69400000e-08  2.78566599e-04 
 2.69600000e-08  3.02866080e-04 
 2.69800000e-08  3.27113796e-04 
 2.70000000e-08  3.51305637e-04 
 2.70200000e-08  3.75437502e-04 
 2.70400000e-08  3.99505310e-04 
 2.70600000e-08  4.23504994e-04 
 2.70800000e-08  4.47432508e-04 
 2.71000000e-08  4.71283823e-04 
 2.71200000e-08  4.95054930e-04 
 2.71400000e-08  5.18741841e-04 
 2.71600000e-08  5.42340590e-04 
 2.71800000e-08  5.65847235e-04 
 2.72000000e-08  5.89257856e-04 
 2.72200000e-08  6.12568558e-04 
 2.72400000e-08  6.35775474e-04 
 2.72600000e-08  6.58874761e-04 
 2.72800000e-08  6.81862603e-04 
 2.73000000e-08  7.04735216e-04 
 2.73200000e-08  7.27488841e-04 
 2.73400000e-08  7.50119752e-04 
 2.73600000e-08  7.72624251e-04 
 2.73800000e-08  7.94998674e-04 
 2.74000000e-08  8.17239388e-04 
 2.74200000e-08  8.39342792e-04 
 2.74400000e-08  8.61305321e-04 
 2.74600000e-08  8.83123443e-04 
 2.74800000e-08  9.04793661e-04 
 2.75000000e-08  9.26312514e-04 
 2.75200000e-08  9.47676576e-04 
 2.75400000e-08  9.68882461e-04 
 2.75600000e-08  9.89926816e-04 
 2.75800000e-08  1.01080633e-03 
 2.76000000e-08  1.03151773e-03 
 2.76200000e-08  1.05205777e-03 
 2.76400000e-08  1.07242327e-03 
 2.76600000e-08  1.09261107e-03 
 2.76800000e-08  1.11261804e-03 
 2.77000000e-08  1.13244112e-03 
 2.77200000e-08  1.15207727e-03 
 2.77400000e-08  1.17152349e-03 
 2.77600000e-08  1.19077684e-03 
 2.77800000e-08  1.20983441e-03 
 2.78000000e-08  1.22869332e-03 
 2.78200000e-08  1.24735076e-03 
 2.78400000e-08  1.26580393e-03 
 2.78600000e-08  1.28405011e-03 
 2.78800000e-08  1.30208658e-03 
 2.79000000e-08  1.31991071e-03 
 2.79200000e-08  1.33751987e-03 
 2.79400000e-08  1.35491151e-03 
 2.79600000e-08  1.37208309e-03 
 2.79800000e-08  1.38903214e-03 
 2.80000000e-08  1.40575622e-03 
 2.80200000e-08  1.42225294e-03 
 2.80400000e-08  1.43851994e-03 
 2.80600000e-08  1.45455493e-03 
 2.80800000e-08  1.47035563e-03 
 2.81000000e-08  1.48591984e-03 
 2.81200000e-08  1.50124537e-03 
 2.81400000e-08  1.51633009e-03 
 2.81600000e-08  1.53117191e-03 
 2.81800000e-08  1.54576879e-03 
 2.82000000e-08  1.56011873e-03 
 2.82200000e-08  1.57421976e-03 
 2.82400000e-08  1.58806997e-03 
 2.82600000e-08  1.60166748e-03 
 2.82800000e-08  1.61501047e-03 
 2.83000000e-08  1.62809713e-03 
 2.83200000e-08  1.64092574e-03 
 2.83400000e-08  1.65349456e-03 
 2.83600000e-08  1.66580196e-03 
 2.83800000e-08  1.67784629e-03 
 2.84000000e-08  1.68962599e-03 
 2.84200000e-08  1.70113951e-03 
 2.84400000e-08  1.71238535e-03 
 2.84600000e-08  1.72336205e-03 
 2.84800000e-08  1.73406820e-03 
 2.85000000e-08  1.74450242e-03 
 2.85200000e-08  1.75466337e-03 
 2.85400000e-08  1.76454974e-03 
 2.85600000e-08  1.77416030e-03 
 2.85800000e-08  1.78349380e-03 
 2.86000000e-08  1.79254908e-03 
 2.86200000e-08  1.80132499e-03 
 2.86400000e-08  1.80982043e-03 
 2.86600000e-08  1.81803433e-03 
 2.86800000e-08  1.82596567e-03 
 2.87000000e-08  1.83361346e-03 
 2.87200000e-08  1.84097675e-03 
 2.87400000e-08  1.84805463e-03 
 2.87600000e-08  1.85484621e-03 
 2.87800000e-08  1.86135066e-03 
 2.88000000e-08  1.86756719e-03 
 2.88200000e-08  1.87349501e-03 
 2.88400000e-08  1.87913341e-03 
 2.88600000e-08  1.88448170e-03 
 2.88800000e-08  1.88953921e-03 
 2.89000000e-08  1.89430532e-03 
 2.89200000e-08  1.89877946e-03 
 2.89400000e-08  1.90296108e-03 
 2.89600000e-08  1.90684965e-03 
 2.89800000e-08  1.91044472e-03 
 2.90000000e-08  1.91374582e-03 
 2.90200000e-08  1.91675257e-03 
 2.90400000e-08  1.91946458e-03 
 2.90600000e-08  1.92188153e-03 
 2.90800000e-08  1.92400311e-03 
 2.91000000e-08  1.92582905e-03 
 2.91200000e-08  1.92735914e-03 
 2.91400000e-08  1.92859316e-03 
 2.91600000e-08  1.92953097e-03 
 2.91800000e-08  1.93017244e-03 
 2.92000000e-08  1.93051748e-03 
 2.92200000e-08  1.93056603e-03 
 2.92400000e-08  1.93031807e-03 
 2.92600000e-08  1.92977362e-03 
 2.92800000e-08  1.92893274e-03 
 2.93000000e-08  1.92779549e-03 
 2.93200000e-08  1.92636202e-03 
 2.93400000e-08  1.92463247e-03 
 2.93600000e-08  1.92260703e-03 
 2.93800000e-08  1.92028594e-03 
 2.94000000e-08  1.91766945e-03 
 2.94200000e-08  1.91475787e-03 
 2.94400000e-08  1.91155152e-03 
 2.94600000e-08  1.90805079e-03 
 2.94800000e-08  1.90425607e-03 
 2.95000000e-08  1.90016782e-03 
 2.95200000e-08  1.89578650e-03 
 2.95400000e-08  1.89111264e-03 
 2.95600000e-08  1.88614678e-03 
 2.95800000e-08  1.88088953e-03 
 2.96000000e-08  1.87534150e-03 
 2.96200000e-08  1.86950336e-03 
 2.96400000e-08  1.86337581e-03 
 2.96600000e-08  1.85695959e-03 
 2.96800000e-08  1.85025548e-03 
 2.97000000e-08  1.84326430e-03 
 2.97200000e-08  1.83598689e-03 
 2.97400000e-08  1.82842415e-03 
 2.97600000e-08  1.82057702e-03 
 2.97800000e-08  1.81244646e-03 
 2.98000000e-08  1.80403348e-03 
 2.98200000e-08  1.79533913e-03 
 2.98400000e-08  1.78636450e-03 
 2.98600000e-08  1.77711072e-03 
 2.98800000e-08  1.76757895e-03 
 2.99000000e-08  1.75777041e-03 
 2.99200000e-08  1.74768634e-03 
 2.99400000e-08  1.73732803e-03 
 2.99600000e-08  1.72669682e-03 
 2.99800000e-08  1.71579408e-03 
 3.00000000e-08  1.70462121e-03 
 3.00200000e-08  1.69317968e-03 
 3.00400000e-08  1.68147098e-03 
 3.00600000e-08  1.66949665e-03 
 3.00800000e-08  1.65725827e-03 
 3.01000000e-08  1.64475746e-03 
 3.01200000e-08  1.63199589e-03 
 3.01400000e-08  1.61897526e-03 
 3.01600000e-08  1.60569733e-03 
 3.01800000e-08  1.59216389e-03 
 3.02000000e-08  1.57837678e-03 
 3.02200000e-08  1.56433788e-03 
 3.02400000e-08  1.55004910e-03 
 3.02600000e-08  1.53551242e-03 
 3.02800000e-08  1.52072984e-03 
 3.03000000e-08  1.50570342e-03 
 3.03200000e-08  1.49043526e-03 
 3.03400000e-08  1.47492749e-03 
 3.03600000e-08  1.45918230e-03 
 3.03800000e-08  1.44320191e-03 
 3.04000000e-08  1.42698861e-03 
 3.04200000e-08  1.41054470e-03 
 3.04400000e-08  1.39387254e-03 
 3.04600000e-08  1.37697454e-03 
 3.04800000e-08  1.35985314e-03 
 3.05000000e-08  1.34251082e-03 
 3.05200000e-08  1.32495013e-03 
 3.05400000e-08  1.30717364e-03 
 3.05600000e-08  1.28918397e-03 
 3.05800000e-08  1.27098378e-03 
 3.06000000e-08  1.25257577e-03 
 3.06200000e-08  1.23396269e-03 
 3.06400000e-08  1.21514734e-03 
 3.06600000e-08  1.19613255e-03 
 3.06800000e-08  1.17692118e-03 
 3.07000000e-08  1.15751616e-03 
 3.07200000e-08  1.13792045e-03 
 3.07400000e-08  1.11813703e-03 
 3.07600000e-08  1.09816896e-03 
 3.07800000e-08  1.07801930e-03 
 3.08000000e-08  1.05769119e-03 
 3.08200000e-08  1.03718778e-03 
 3.08400000e-08  1.01651227e-03 
 3.08600000e-08  9.95667892e-04 
 3.08800000e-08  9.74657928e-04 
 3.09000000e-08  9.53485691e-04 
 3.09200000e-08  9.32154532e-04 
 3.09400000e-08  9.10667838e-04 
 3.09600000e-08  8.89029034e-04 
 3.09800000e-08  8.67241581e-04 
 3.10000000e-08  8.45308972e-04 
 3.10200000e-08  8.23234738e-04 
 3.10400000e-08  8.01022443e-04 
 3.10600000e-08  7.78675684e-04 
 3.10800000e-08  7.56198090e-04 
 3.11000000e-08  7.33593321e-04 
 3.11200000e-08  7.10865072e-04 
 3.11400000e-08  6.88017064e-04 
 3.11600000e-08  6.65053050e-04 
 3.11800000e-08  6.41976812e-04 
 3.12000000e-08  6.18792158e-04 
 3.12200000e-08  5.95502926e-04 
 3.12400000e-08  5.72112978e-04 
 3.12600000e-08  5.48626203e-04 
 3.12800000e-08  5.25046515e-04 
 3.13000000e-08  5.01377851e-04 
 3.13200000e-08  4.77624169e-04 
 3.13400000e-08  4.53789453e-04 
 3.13600000e-08  4.29877705e-04 
 3.13800000e-08  4.05892948e-04 
 3.14000000e-08  3.81839223e-04 
 3.14200000e-08  3.57720591e-04 
 3.14400000e-08  3.33541129e-04 
 3.14600000e-08  3.09304929e-04 
 3.14800000e-08  2.85016101e-04 
 3.15000000e-08  2.60678765e-04 
 3.15200000e-08  2.36297056e-04 
 3.15400000e-08  2.11875123e-04 
 3.15600000e-08  1.87417121e-04 
 3.15800000e-08  1.62927219e-04 
 3.16000000e-08  1.38409591e-04 
 3.16200000e-08  1.13868422e-04 
 3.16400000e-08  8.93079016e-05 
 3.16600000e-08  6.47322239e-05 
 3.16800000e-08  4.01455885e-05 
 3.17000000e-08  1.55521976e-05 
 3.17200000e-08 -9.04374472e-06 
 3.17400000e-08 -3.36380336e-05 
 3.17600000e-08 -5.82264644e-05 
 3.17800000e-08 -8.28048341e-05 
 3.18000000e-08 -1.07368942e-04 
 3.18200000e-08 -1.31914592e-04 
 3.18400000e-08 -1.56437591e-04 
 3.18600000e-08 -1.80933754e-04 
 3.18800000e-08 -2.05398903e-04 
 3.19000000e-08 -2.29828865e-04 
 3.19200000e-08 -2.54219481e-04 
 3.19400000e-08 -2.78566599e-04 
 3.19600000e-08 -3.02866080e-04 
 3.19800000e-08 -3.27113796e-04 
 3.20000000e-08 -3.51305637e-04 
 3.20200000e-08 -3.75437502e-04 
 3.20400000e-08 -3.99505310e-04 
 3.20600000e-08 -4.23504994e-04 
 3.20800000e-08 -4.47432508e-04 
 3.21000000e-08 -4.71283823e-04 
 3.21200000e-08 -4.95054930e-04 
 3.21400000e-08 -5.18741841e-04 
 3.21600000e-08 -5.42340590e-04 
 3.21800000e-08 -5.65847235e-04 
 3.22000000e-08 -5.89257856e-04 
 3.22200000e-08 -6.12568558e-04 
 3.22400000e-08 -6.35775474e-04 
 3.22600000e-08 -6.58874761e-04 
 3.22800000e-08 -6.81862603e-04 
 3.23000000e-08 -7.04735216e-04 
 3.23200000e-08 -7.27488842e-04 
 3.23400000e-08 -7.50119752e-04 
 3.23600000e-08 -7.72624251e-04 
 3.23800000e-08 -7.94998674e-04 
 3.24000000e-08 -8.17239387e-04 
 3.24200000e-08 -8.39342792e-04 
 3.24400000e-08 -8.61305321e-04 
 3.24600000e-08 -8.83123443e-04 
 3.24800000e-08 -9.04793661e-04 
 3.25000000e-08 -9.26312513e-04 
 3.25200000e-08 -9.47676576e-04 
 3.25400000e-08 -9.68882461e-04 
 3.25600000e-08 -9.89926816e-04 
 3.25800000e-08 -1.01080633e-03 
 3.26000000e-08 -1.03151773e-03 
 3.26200000e-08 -1.05205777e-03 
 3.26400000e-08 -1.07242327e-03 
 3.26600000e-08 -1.09261107e-03 
 3.26800000e-08 -1.11261804e-03 
 3.27000000e-08 -1.13244112e-03 
 3.27200000e-08 -1.15207727e-03 
 3.27400000e-08 -1.17152349e-03 
 3.27600000e-08 -1.19077684e-03 
 3.27800000e-08 -1.20983441e-03 
 3.28000000e-08 -1.22869332e-03 
 3.28200000e-08 -1.24735076e-03 
 3.28400000e-08 -1.26580393e-03 
 3.28600000e-08 -1.28405011e-03 
 3.28800000e-08 -1.30208658e-03 
 3.29000000e-08 -1.31991071e-03 
 3.29200000e-08 -1.33751987e-03 
 3.29400000e-08 -1.35491151e-03 
 3.29600000e-08 -1.37208309e-03 
 3.29800000e-08 -1.38903214e-03 
 3.30000000e-08 -1.40575622e-03 
 3.30200000e-08 -1.42225294e-03 
 3.30400000e-08 -1.43851994e-03 
 3.30600000e-08 -1.45455493e-03 
 3.30800000e-08 -1.47035563e-03 
 3.31000000e-08 -1.48591984e-03 
 3.31200000e-08 -1.50124537e-03 
 3.31400000e-08 -1.51633009e-03 
 3.31600000e-08 -1.53117191e-03 
 3.31800000e-08 -1.54576879e-03 
 3.32000000e-08 -1.56011873e-03 
 3.32200000e-08 -1.57421976e-03 
 3.32400000e-08 -1.58806997e-03 
 3.32600000e-08 -1.60166748e-03 
 3.32800000e-08 -1.61501047e-03 
 3.33000000e-08 -1.62809713e-03 
 3.33200000e-08 -1.64092574e-03 
 3.33400000e-08 -1.65349456e-03 
 3.33600000e-08 -1.66580196e-03 
 3.33800000e-08 -1.67784629e-03 
 3.34000000e-08 -1.68962599e-03 
 3.34200000e-08 -1.70113951e-03 
 3.34400000e-08 -1.71238535e-03 
 3.34600000e-08 -1.72336205e-03 
 3.34800000e-08 -1.73406820e-03 
 3.35000000e-08 -1.74450242e-03 
 3.35200000e-08 -1.75466337e-03 
 3.35400000e-08 -1.76454974e-03 
 3.35600000e-08 -1.77416030e-03 
 3.35800000e-08 -1.78349380e-03 
 3.36000000e-08 -1.79254908e-03 
 3.36200000e-08 -1.80132499e-03 
 3.36400000e-08 -1.80982043e-03 
 3.36600000e-08 -1.81803433e-03 
 3.36800000e-08 -1.82596567e-03 
 3.37000000e-08 -1.83361346e-03 
 3.37200000e-08 -1.84097675e-03 
 3.37400000e-08 -1.84805463e-03 
 3.37600000e-08 -1.85484621e-03 
 3.37800000e-08 -1.86135066e-03 
 3.38000000e-08 -1.86756719e-03 
 3.38200000e-08 -1.87349501e-03 
 3.38400000e-08 -1.87913341e-03 
 3.38600000e-08 -1.88448170e-03 
 3.38800000e-08 -1.88953921e-03 
 3.39000000e-08 -1.89430532e-03 
 3.39200000e-08 -1.89877946e-03 
 3.39400000e-08 -1.90296108e-03 
 3.39600000e-08 -1.90684965e-03 
 3.39800000e-08 -1.91044472e-03 
 3.40000000e-08 -1.91374582e-03 
 3.40200000e-08 -1.91675257e-03 
 3.40400000e-08 -1.91946458e-03 
 3.40600000e-08 -1.92188153e-03 
 3.40800000e-08 -1.92400311e-03 
 3.41000000e-08 -1.92582905e-03 
 3.41200000e-08 -1.92735914e-03 
 3.41400000e-08 -1.92859316e-03 
 3.41600000e-08 -1.92953097e-03 
 3.41800000e-08 -1.93017244e-03 
 3.42000000e-08 -1.93051748e-03 
 3.42200000e-08 -1.93056603e-03 
 3.42400000e-08 -1.93031807e-03 
 3.42600000e-08 -1.92977362e-03 
 3.42800000e-08 -1.92893274e-03 
 3.43000000e-08 -1.92779549e-03 
 3.43200000e-08 -1.92636202e-03 
 3.43400000e-08 -1.92463247e-03 
 3.43600000e-08 -1.92260703e-03 
 3.43800000e-08 -1.92028594e-03 
 3.44000000e-08 -1.91766945e-03 
 3.44200000e-08 -1.91475787e-03 
 3.44400000e-08 -1.91155152e-03 
 3.44600000e-08 -1.90805079e-03 
 3.44800000e-08 -1.90425607e-03 
 3.45000000e-08 -1.90016782e-03 
 3.45200000e-08 -1.89578650e-03 
 3.45400000e-08 -1.89111264e-03 
 3.45600000e-08 -1.88614678e-03 
 3.45800000e-08 -1.88088953e-03 
 3.46000000e-08 -1.87534150e-03 
 3.46200000e-08 -1.86950336e-03 
 3.46400000e-08 -1.86337581e-03 
 3.46600000e-08 -1.85695959e-03 
 3.46800000e-08 -1.85025548e-03 
 3.47000000e-08 -1.84326430e-03 
 3.47200000e-08 -1.83598689e-03 
 3.47400000e-08 -1.82842415e-03 
 3.47600000e-08 -1.82057702e-03 
 3.47800000e-08 -1.81244646e-03 
 3.48000000e-08 -1.80403348e-03 
 3.48200000e-08 -1.79533913e-03 
 3.48400000e-08 -1.78636450e-03 
 3.48600000e-08 -1.77711072e-03 
 3.48800000e-08 -1.76757895e-03 
 3.49000000e-08 -1.75777041e-03 
 3.49200000e-08 -1.74768634e-03 
 3.49400000e-08 -1.73732803e-03 
 3.49600000e-08 -1.72669682e-03 
 3.49800000e-08 -1.71579408e-03 
 3.50000000e-08 -1.70462121e-03 
 3.50200000e-08 -1.69317968e-03 
 3.50400000e-08 -1.68147098e-03 
 3.50600000e-08 -1.66949665e-03 
 3.50800000e-08 -1.65725827e-03 
 3.51000000e-08 -1.64475746e-03 
 3.51200000e-08 -1.63199589e-03 
 3.51400000e-08 -1.61897526e-03 
 3.51600000e-08 -1.60569733e-03 
 3.51800000e-08 -1.59216389e-03 
 3.52000000e-08 -1.57837678e-03 
 3.52200000e-08 -1.56433788e-03 
 3.52400000e-08 -1.55004910e-03 
 3.52600000e-08 -1.53551242e-03 
 3.52800000e-08 -1.52072984e-03 
 3.53000000e-08 -1.50570342e-03 
 3.53200000e-08 -1.49043526e-03 
 3.53400000e-08 -1.47492749e-03 
 3.53600000e-08 -1.45918230e-03 
 3.53800000e-08 -1.44320191e-03 
 3.54000000e-08 -1.42698861e-03 
 3.54200000e-08 -1.41054470e-03 
 3.54400000e-08 -1.39387254e-03 
 3.54600000e-08 -1.37697454e-03 
 3.54800000e-08 -1.35985314e-03 
 3.55000000e-08 -1.34251082e-03 
 3.55200000e-08 -1.32495013e-03 
 3.55400000e-08 -1.30717364e-03 
 3.55600000e-08 -1.28918397e-03 
 3.55800000e-08 -1.27098378e-03 
 3.56000000e-08 -1.25257577e-03 
 3.56200000e-08 -1.23396269e-03 
 3.56400000e-08 -1.21514734e-03 
 3.56600000e-08 -1.19613255e-03 
 3.56800000e-08 -1.17692118e-03 
 3.57000000e-08 -1.15751616e-03 
 3.57200000e-08 -1.13792045e-03 
 3.57400000e-08 -1.11813703e-03 
 3.57600000e-08 -1.09816896e-03 
 3.57800000e-08 -1.07801930e-03 
 3.58000000e-08 -1.05769119e-03 
 3.58200000e-08 -1.03718778e-03 
 3.58400000e-08 -1.01651227e-03 
 3.58600000e-08 -9.95667892e-04 
 3.58800000e-08 -9.74657928e-04 
 3.59000000e-08 -9.53485691e-04 
 3.59200000e-08 -9.32154532e-04 
 3.59400000e-08 -9.10667838e-04 
 3.59600000e-08 -8.89029034e-04 
 3.59800000e-08 -8.67241581e-04 
 3.60000000e-08 -8.45308972e-04 
 3.60200000e-08 -8.23234738e-04 
 3.60400000e-08 -8.01022444e-04 
 3.60600000e-08 -7.78675684e-04 
 3.60800000e-08 -7.56198090e-04 
 3.61000000e-08 -7.33593321e-04 
 3.61200000e-08 -7.10865072e-04 
 3.61400000e-08 -6.88017064e-04 
 3.61600000e-08 -6.65053050e-04 
 3.61800000e-08 -6.41976812e-04 
 3.62000000e-08 -6.18792158e-04 
 3.62200000e-08 -5.95502926e-04 
 3.62400000e-08 -5.72112978e-04 
 3.62600000e-08 -5.48626203e-04 
 3.62800000e-08 -5.25046515e-04 
 3.63000000e-08 -5.01377851e-04 
 3.63200000e-08 -4.77624169e-04 
 3.63400000e-08 -4.53789453e-04 
 3.63600000e-08 -4.29877705e-04 
 3.63800000e-08 -4.05892948e-04 
 3.64000000e-08 -3.81839223e-04 
 3.64200000e-08 -3.57720591e-04 
 3.64400000e-08 -3.33541129e-04 
 3.64600000e-08 -3.09304929e-04 
 3.64800000e-08 -2.85016101e-04 
 3.65000000e-08 -2.60678765e-04 
 3.65200000e-08 -2.36297056e-04 
 3.65400000e-08 -2.11875123e-04 
 3.65600000e-08 -1.87417121e-04 
 3.65800000e-08 -1.62927219e-04 
 3.66000000e-08 -1.38409591e-04 
 3.66200000e-08 -1.13868422e-04 
 3.66400000e-08 -8.93079015e-05 
 3.66600000e-08 -6.47322239e-05 
 3.66800000e-08 -4.01455885e-05 
 3.67000000e-08 -1.55521976e-05 
 3.67200000e-08  9.04374470e-06 
 3.67400000e-08  3.36380336e-05 
 3.67600000e-08  5.82264644e-05 
 3.67800000e-08  8.28048340e-05 
 3.68000000e-08  1.07368942e-04 
 3.68200000e-08  1.31914592e-04 
 3.68400000e-08  1.56437591e-04 
 3.68600000e-08  1.80933754e-04 
 3.68800000e-08  2.05398903e-04 
 3.69000000e-08  2.29828865e-04 
 3.69200000e-08  2.54219481e-04 
 3.69400000e-08  2.78566599e-04 
 3.69600000e-08  3.02866079e-04 
 3.69800000e-08  3.27113797e-04 
 3.70000000e-08  3.51305637e-04 
 3.70200000e-08  3.75437502e-04 
 3.70400000e-08  3.99505309e-04 
 3.70600000e-08  4.23504994e-04 
 3.70800000e-08  4.47432508e-04 
 3.71000000e-08  4.71283823e-04 
 3.71200000e-08  4.95054930e-04 
 3.71400000e-08  5.18741841e-04 
 3.71600000e-08  5.42340590e-04 
 3.71800000e-08  5.65847235e-04 
 3.72000000e-08  5.89257856e-04 
 3.72200000e-08  6.12568558e-04 
 3.72400000e-08  6.35775474e-04 
 3.72600000e-08  6.58874761e-04 
 3.72800000e-08  6.81862603e-04 
 3.73000000e-08  7.04735216e-04 
 3.73200000e-08  7.27488841e-04 
 3.73400000e-08  7.50119752e-04 
 3.73600000e-08  7.72624251e-04 
 3.73800000e-08  7.94998674e-04 
 3.74000000e-08  8.17239388e-04 
 3.74200000e-08  8.39342792e-04 
 3.74400000e-08  8.61305321e-04 
 3.74600000e-08  8.83123443e-04 
 3.74800000e-08  9.04793661e-04 
 3.75000000e-08  9.26312514e-04 
 3.75200000e-08  9.47676576e-04 
 3.75400000e-08  9.68882461e-04 
 3.75600000e-08  9.89926816e-04 
 3.75800000e-08  1.01080633e-03 
 3.76000000e-08  1.03151773e-03 
 3.76200000e-08  1.05205777e-03 
 3.76400000e-08  1.07242327e-03 
 3.76600000e-08  1.09261107e-03 
 3.76800000e-08  1.11261804e-03 
 3.77000000e-08  1.13244112e-03 
 3.77200000e-08  1.15207727e-03 
 3.77400000e-08  1.17152349e-03 
 3.77600000e-08  1.19077684e-03 
 3.77800000e-08  1.20983441e-03 
 3.78000000e-08  1.22869332e-03 
 3.78200000e-08  1.24735076e-03 
 3.78400000e-08  1.26580393e-03 
 3.78600000e-08  1.28405011e-03 
 3.78800000e-08  1.30208658e-03 
 3.79000000e-08  1.31991071e-03 
 3.79200000e-08  1.33751987e-03 
 3.79400000e-08  1.35491151e-03 
 3.79600000e-08  1.37208309e-03 
 3.79800000e-08  1.38903214e-03 
 3.80000000e-08  1.40575622e-03 
 3.80200000e-08  1.42225294e-03 
 3.80400000e-08  1.43851994e-03 
 3.80600000e-08  1.45455493e-03 
 3.80800000e-08  1.47035563e-03 
 3.81000000e-08  1.48591984e-03 
 3.81200000e-08  1.50124537e-03 
 3.81400000e-08  1.51633009e-03 
 3.81600000e-08  1.53117191e-03 
 3.81800000e-08  1.54576879e-03 
 3.82000000e-08  1.56011873e-03 
 3.82200000e-08  1.57421976e-03 
 3.82400000e-08  1.58806997e-03 
 3.82600000e-08  1.60166748e-03 
 3.82800000e-08  1.61501047e-03 
 3.83000000e-08  1.62809713e-03 
 3.83200000e-08  1.64092574e-03 
 3.83400000e-08  1.65349456e-03 
 3.83600000e-08  1.66580196e-03 
 3.83800000e-08  1.67784629e-03 
 3.84000000e-08  1.68962599e-03 
 3.84200000e-08  1.70113951e-03 
 3.84400000e-08  1.71238535e-03 
 3.84600000e-08  1.72336205e-03 
 3.84800000e-08  1.73406820e-03 
 3.85000000e-08  1.74450242e-03 
 3.85200000e-08  1.75466337e-03 
 3.85400000e-08  1.76454974e-03 
 3.85600000e-08  1.77416030e-03 
 3.85800000e-08  1.78349380e-03 
 3.86000000e-08  1.79254908e-03 
 3.86200000e-08  1.80132499e-03 
 3.86400000e-08  1.80982043e-03 
 3.86600000e-08  1.81803433e-03 
 3.86800000e-08  1.82596567e-03 
 3.87000000e-08  1.83361346e-03 
 3.87200000e-08  1.84097675e-03 
 3.87400000e-08  1.84805463e-03 
 3.87600000e-08  1.85484621e-03 
 3.87800000e-08  1.86135066e-03 
 3.88000000e-08  1.86756719e-03 
 3.88200000e-08  1.87349501e-03 
 3.88400000e-08  1.87913341e-03 
 3.88600000e-08  1.88448170e-03 
 3.88800000e-08  1.88953921e-03 
 3.89000000e-08  1.89430532e-03 
 3.89200000e-08  1.89877946e-03 
 3.89400000e-08  1.90296108e-03 
 3.89600000e-08  1.90684965e-03 
 3.89800000e-08  1.91044472e-03 
 3.90000000e-08  1.91374582e-03 
 3.90200000e-08  1.91675257e-03 
 3.90400000e-08  1.91946458e-03 
 3.90600000e-08  1.92188153e-03 
 3.90800000e-08  1.92400311e-03 
 3.91000000e-08  1.92582905e-03 
 3.91200000e-08  1.92735914e-03 
 3.91400000e-08  1.92859316e-03 
 3.91600000e-08  1.92953097e-03 
 3.91800000e-08  1.93017244e-03 
 3.92000000e-08  1.93051748e-03 
 3.92200000e-08  1.93056603e-03 
 3.92400000e-08  1.93031807e-03 
 3.92600000e-08  1.92977362e-03 
 3.92800000e-08  1.92893274e-03 
 3.93000000e-08  1.92779549e-03 
 3.93200000e-08  1.92636202e-03 
 3.93400000e-08  1.92463247e-03 
 3.93600000e-08  1.92260703e-03 
 3.93800000e-08  1.92028594e-03 
 3.94000000e-08  1.91766945e-03 
 3.94200000e-08  1.91475787e-03 
 3.94400000e-08  1.91155152e-03 
 3.94600000e-08  1.90805079e-03 
 3.94800000e-08  1.90425607e-03 
 3.95000000e-08  1.90016782e-03 
 3.95200000e-08  1.89578650e-03 
 3.95400000e-08  1.89111264e-03 
 3.95600000e-08  1.88614678e-03 
 3.95800000e-08  1.88088953e-03 
 3.96000000e-08  1.87534150e-03 
 3.96200000e-08  1.86950336e-03 
 3.96400000e-08  1.86337581e-03 
 3.96600000e-08  1.85695959e-03 
 3.96800000e-08  1.85025548e-03 
 3.97000000e-08  1.84326430e-03 
 3.97200000e-08  1.83598689e-03 
 3.97400000e-08  1.82842415e-03 
 3.97600000e-08  1.82057702e-03 
 3.97800000e-08  1.81244646e-03 
 3.98000000e-08  1.80403348e-03 
 3.98200000e-08  1.79533913e-03 
 3.98400000e-08  1.78636450e-03 
 3.98600000e-08  1.77711072e-03 
 3.98800000e-08  1.76757895e-03 
 3.99000000e-08  1.75777041e-03 
 3.99200000e-08  1.74768634e-03 
 3.99400000e-08  1.73732803e-03 
 3.99600000e-08  1.72669682e-03 
 3.99800000e-08  1.71579408e-03 
 4.00000000e-08  1.70462121e-03 
 4.00200000e-08  1.69317968e-03 
 4.00400000e-08  1.68147098e-03 
 4.00600000e-08  1.66949665e-03 
 4.00800000e-08  1.65725827e-03 
 4.01000000e-08  1.64475746e-03 
 4.01200000e-08  1.63199589e-03 
 4.01400000e-08  1.61897526e-03 
 4.01600000e-08  1.60569733e-03 
 4.01800000e-08  1.59216389e-03 
 4.02000000e-08  1.57837678e-03 
 4.02200000e-08  1.56433788e-03 
 4.02400000e-08  1.55004910e-03 
 4.02600000e-08  1.53551242e-03 
 4.02800000e-08  1.52072984e-03 
 4.03000000e-08  1.50570342e-03 
 4.03200000e-08  1.49043526e-03 
 4.03400000e-08  1.47492749e-03 
 4.03600000e-08  1.45918230e-03 
 4.03800000e-08  1.44320191e-03 
 4.04000000e-08  1.42698861e-03 
 4.04200000e-08  1.41054470e-03 
 4.04400000e-08  1.39387254e-03 
 4.04600000e-08  1.37697454e-03 
 4.04800000e-08  1.35985314e-03 
 4.05000000e-08  1.34251082e-03 
 4.05200000e-08  1.32495013e-03 
 4.05400000e-08  1.30717364e-03 
 4.05600000e-08  1.28918397e-03 
 4.05800000e-08  1.27098378e-03 
 4.06000000e-08  1.25257577e-03 
 4.06200000e-08  1.23396269e-03 
 4.06400000e-08  1.21514734e-03 
 4.06600000e-08  1.19613255e-03 
 4.06800000e-08  1.17692118e-03 
 4.07000000e-08  1.15751616e-03 
 4.07200000e-08  1.13792045e-03 
 4.07400000e-08  1.11813703e-03 
 4.07600000e-08  1.09816896e-03 
 4.07800000e-08  1.07801930e-03 
 4.08000000e-08  1.05769119e-03 
 4.08200000e-08  1.03718778e-03 
 4.08400000e-08  1.01651227e-03 
 4.08600000e-08  9.95667892e-04 
 4.08800000e-08  9.74657928e-04 
 4.09000000e-08  9.53485691e-04 
 4.09200000e-08  9.32154532e-04 
 4.09400000e-08  9.10667838e-04 
 4.09600000e-08  8.89029034e-04 
 4.09800000e-08  8.67241581e-04 
 4.10000000e-08  8.45308972e-04 
 4.10200000e-08  8.23234738e-04 
 4.10400000e-08  8.01022444e-04 
 4.10600000e-08  7.78675684e-04 
 4.10800000e-08  7.56198090e-04 
 4.11000000e-08  7.33593321e-04 
 4.11200000e-08  7.10865072e-04 
 4.11400000e-08  6.88017064e-04 
 4.11600000e-08  6.65053050e-04 
 4.11800000e-08  6.41976812e-04 
 4.12000000e-08  6.18792158e-04 
 4.12200000e-08  5.95502926e-04 
 4.12400000e-08  5.72112978e-04 
 4.12600000e-08  5.48626203e-04 
 4.12800000e-08  5.25046515e-04 
 4.13000000e-08  5.01377851e-04 
 4.13200000e-08  4.77624169e-04 
 4.13400000e-08  4.53789453e-04 
 4.13600000e-08  4.29877705e-04 
 4.13800000e-08  4.05892948e-04 
 4.14000000e-08  3.81839223e-04 
 4.14200000e-08  3.57720591e-04 
 4.14400000e-08  3.33541129e-04 
 4.14600000e-08  3.09304929e-04 
 4.14800000e-08  2.85016100e-04 
 4.15000000e-08  2.60678765e-04 
 4.15200000e-08  2.36297056e-04 
 4.15400000e-08  2.11875123e-04 
 4.15600000e-08  1.87417121e-04 
 4.15800000e-08  1.62927219e-04 
 4.16000000e-08  1.38409591e-04 
 4.16200000e-08  1.13868422e-04 
 4.16400000e-08  8.93079016e-05 
 4.16600000e-08  6.47322239e-05 
 4.16800000e-08  4.01455885e-05 
 4.17000000e-08  1.55521976e-05 
 4.17200000e-08 -9.04374474e-06 
 4.17400000e-08 -3.36380335e-05 
 4.17600000e-08 -5.82264644e-05 
 4.17800000e-08 -8.28048341e-05 
 4.18000000e-08 -1.07368942e-04 
 4.18200000e-08 -1.31914592e-04 
 4.18400000e-08 -1.56437591e-04 
 4.18600000e-08 -1.80933754e-04 
 4.18800000e-08 -2.05398903e-04 
 4.19000000e-08 -2.29828865e-04 
 4.19200000e-08 -2.54219481e-04 
 4.19400000e-08 -2.78566599e-04 
 4.19600000e-08 -3.02866080e-04 
 4.19800000e-08 -3.27113796e-04 
 4.20000000e-08 -3.51305637e-04 
 4.20200000e-08 -3.75437502e-04 
 4.20400000e-08 -3.99505310e-04 
 4.20600000e-08 -4.23504994e-04 
 4.20800000e-08 -4.47432508e-04 
 4.21000000e-08 -4.71283823e-04 
 4.21200000e-08 -4.95054930e-04 
 4.21400000e-08 -5.18741841e-04 
 4.21600000e-08 -5.42340590e-04 
 4.21800000e-08 -5.65847235e-04 
 4.22000000e-08 -5.89257856e-04 
 4.22200000e-08 -6.12568558e-04 
 4.22400000e-08 -6.35775474e-04 
 4.22600000e-08 -6.58874761e-04 
 4.22800000e-08 -6.81862603e-04 
 4.23000000e-08 -7.04735216e-04 
 4.23200000e-08 -7.27488841e-04 
 4.23400000e-08 -7.50119752e-04 
 4.23600000e-08 -7.72624251e-04 
 4.23800000e-08 -7.94998674e-04 
 4.24000000e-08 -8.17239388e-04 
 4.24200000e-08 -8.39342792e-04 
 4.24400000e-08 -8.61305321e-04 
 4.24600000e-08 -8.83123443e-04 
 4.24800000e-08 -9.04793661e-04 
 4.25000000e-08 -9.26312514e-04 
 4.25200000e-08 -9.47676576e-04 
 4.25400000e-08 -9.68882461e-04 
 4.25600000e-08 -9.89926816e-04 
 4.25800000e-08 -1.01080633e-03 
 4.26000000e-08 -1.03151773e-03 
 4.26200000e-08 -1.05205777e-03 
 4.26400000e-08 -1.07242327e-03 
 4.26600000e-08 -1.09261107e-03 
 4.26800000e-08 -1.11261804e-03 
 4.27000000e-08 -1.13244112e-03 
 4.27200000e-08 -1.15207727e-03 
 4.27400000e-08 -1.17152349e-03 
 4.27600000e-08 -1.19077684e-03 
 4.27800000e-08 -1.20983441e-03 
 4.28000000e-08 -1.22869332e-03 
 4.28200000e-08 -1.24735076e-03 
 4.28400000e-08 -1.26580393e-03 
 4.28600000e-08 -1.28405011e-03 
 4.28800000e-08 -1.30208658e-03 
 4.29000000e-08 -1.31991071e-03 
 4.29200000e-08 -1.33751987e-03 
 4.29400000e-08 -1.35491151e-03 
 4.29600000e-08 -1.37208309e-03 
 4.29800000e-08 -1.38903214e-03 
 4.30000000e-08 -1.40575622e-03 
 4.30200000e-08 -1.42225294e-03 
 4.30400000e-08 -1.43851994e-03 
 4.30600000e-08 -1.45455493e-03 
 4.30800000e-08 -1.47035563e-03 
 4.31000000e-08 -1.48591984e-03 
 4.31200000e-08 -1.50124537e-03 
 4.31400000e-08 -1.51633009e-03 
 4.31600000e-08 -1.53117191e-03 
 4.31800000e-08 -1.54576879e-03 
 4.32000000e-08 -1.56011873e-03 
 4.32200000e-08 -1.57421976e-03 
 4.32400000e-08 -1.58806997e-03 
 4.32600000e-08 -1.60166748e-03 
 4.32800000e-08 -1.61501047e-03 
 4.33000000e-08 -1.62809713e-03 
 4.33200000e-08 -1.64092574e-03 
 4.33400000e-08 -1.65349456e-03 
 4.33600000e-08 -1.66580196e-03 
 4.33800000e-08 -1.67784629e-03 
 4.34000000e-08 -1.68962599e-03 
 4.34200000e-08 -1.70113951e-03 
 4.34400000e-08 -1.71238535e-03 
 4.34600000e-08 -1.72336205e-03 
 4.34800000e-08 -1.73406820e-03 
 4.35000000e-08 -1.74450242e-03 
 4.35200000e-08 -1.75466337e-03 
 4.35400000e-08 -1.76454974e-03 
 4.35600000e-08 -1.77416030e-03 
 4.35800000e-08 -1.78349380e-03 
 4.36000000e-08 -1.79254908e-03 
 4.36200000e-08 -1.80132499e-03 
 4.36400000e-08 -1.80982043e-03 
 4.36600000e-08 -1.81803433e-03 
 4.36800000e-08 -1.82596567e-03 
 4.37000000e-08 -1.83361346e-03 
 4.37200000e-08 -1.84097675e-03 
 4.37400000e-08 -1.84805463e-03 
 4.37600000e-08 -1.85484621e-03 
 4.37800000e-08 -1.86135066e-03 
 4.38000000e-08 -1.86756719e-03 
 4.38200000e-08 -1.87349501e-03 
 4.38400000e-08 -1.87913341e-03 
 4.38600000e-08 -1.88448170e-03 
 4.38800000e-08 -1.88953921e-03 
 4.39000000e-08 -1.89430532e-03 
 4.39200000e-08 -1.89877946e-03 
 4.39400000e-08 -1.90296108e-03 
 4.39600000e-08 -1.90684965e-03 
 4.39800000e-08 -1.91044472e-03 
 4.40000000e-08 -1.91374582e-03 
 4.40200000e-08 -1.91675257e-03 
 4.40400000e-08 -1.91946458e-03 
 4.40600000e-08 -1.92188153e-03 
 4.40800000e-08 -1.92400311e-03 
 4.41000000e-08 -1.92582905e-03 
 4.41200000e-08 -1.92735914e-03 
 4.41400000e-08 -1.92859316e-03 
 4.41600000e-08 -1.92953097e-03 
 4.41800000e-08 -1.93017244e-03 
 4.42000000e-08 -1.93051748e-03 
 4.42200000e-08 -1.93056603e-03 
 4.42400000e-08 -1.93031807e-03 
 4.42600000e-08 -1.92977362e-03 
 4.42800000e-08 -1.92893274e-03 
 4.43000000e-08 -1.92779549e-03 
 4.43200000e-08 -1.92636202e-03 
 4.43400000e-08 -1.92463247e-03 
 4.43600000e-08 -1.92260703e-03 
 4.43800000e-08 -1.92028594e-03 
 4.44000000e-08 -1.91766945e-03 
 4.44200000e-08 -1.91475787e-03 
 4.44400000e-08 -1.91155152e-03 
 4.44600000e-08 -1.90805079e-03 
 4.44800000e-08 -1.90425607e-03 
 4.45000000e-08 -1.90016782e-03 
 4.45200000e-08 -1.89578650e-03 
 4.45400000e-08 -1.89111264e-03 
 4.45600000e-08 -1.88614678e-03 
 4.45800000e-08 -1.88088953e-03 
 4.46000000e-08 -1.87534150e-03 
 4.46200000e-08 -1.86950336e-03 
 4.46400000e-08 -1.86337581e-03 
 4.46600000e-08 -1.85695959e-03 
 4.46800000e-08 -1.85025548e-03 
 4.47000000e-08 -1.84326430e-03 
 4.47200000e-08 -1.83598689e-03 
 4.47400000e-08 -1.82842415e-03 
 4.47600000e-08 -1.82057702e-03 
 4.47800000e-08 -1.81244646e-03 
 4.48000000e-08 -1.80403348e-03 
 4.48200000e-08 -1.79533913e-03 
 4.48400000e-08 -1.78636450e-03 
 4.48600000e-08 -1.77711072e-03 
 4.48800000e-08 -1.76757895e-03 
 4.49000000e-08 -1.75777041e-03 
 4.49200000e-08 -1.74768634e-03 
 4.49400000e-08 -1.73732803e-03 
 4.49600000e-08 -1.72669682e-03 
 4.49800000e-08 -1.71579408e-03 
 4.50000000e-08 -1.70462121e-03 
 4.50200000e-08 -1.69317968e-03 
 4.50400000e-08 -1.68147098e-03 
 4.50600000e-08 -1.66949665e-03 
 4.50800000e-08 -1.65725827e-03 
 4.51000000e-08 -1.64475746e-03 
 4.51200000e-08 -1.63199589e-03 
 4.51400000e-08 -1.61897526e-03 
 4.51600000e-08 -1.60569733e-03 
 4.51800000e-08 -1.59216389e-03 
 4.52000000e-08 -1.57837678e-03 
 4.52200000e-08 -1.56433788e-03 
 4.52400000e-08 -1.55004910e-03 
 4.52600000e-08 -1.53551242e-03 
 4.52800000e-08 -1.52072984e-03 
 4.53000000e-08 -1.50570342e-03 
 4.53200000e-08 -1.49043526e-03 
 4.53400000e-08 -1.47492749e-03 
 4.53600000e-08 -1.45918230e-03 
 4.53800000e-08 -1.44320191e-03 
 4.54000000e-08 -1.42698861e-03 
 4.54200000e-08 -1.41054470e-03 
 4.54400000e-08 -1.39387254e-03 
 4.54600000e-08 -1.37697454e-03 
 4.54800000e-08 -1.35985314e-03 
 4.55000000e-08 -1.34251082e-03 
 4.55200000e-08 -1.32495013e-03 
 4.55400000e-08 -1.30717364e-03 
 4.55600000e-08 -1.28918397e-03 
 4.55800000e-08 -1.27098378e-03 
 4.56000000e-08 -1.25257577e-03 
 4.56200000e-08 -1.23396269e-03 
 4.56400000e-08 -1.21514734e-03 
 4.56600000e-08 -1.19613255e-03 
 4.56800000e-08 -1.17692118e-03 
 4.57000000e-08 -1.15751616e-03 
 4.57200000e-08 -1.13792045e-03 
 4.57400000e-08 -1.11813703e-03 
 4.57600000e-08 -1.09816896e-03 
 4.57800000e-08 -1.07801930e-03 
 4.58000000e-08 -1.05769119e-03 
 4.58200000e-08 -1.03718778e-03 
 4.58400000e-08 -1.01651227e-03 
 4.58600000e-08 -9.95667892e-04 
 4.58800000e-08 -9.74657928e-04 
 4.59000000e-08 -9.53485691e-04 
 4.59200000e-08 -9.32154532e-04 
 4.59400000e-08 -9.10667838e-04 
 4.59600000e-08 -8.89029034e-04 
 4.59800000e-08 -8.67241581e-04 
 4.60000000e-08 -8.45308972e-04 
 4.60200000e-08 -8.23234738e-04 
 4.60400000e-08 -8.01022443e-04 
 4.60600000e-08 -7.78675684e-04 
 4.60800000e-08 -7.56198090e-04 
 4.61000000e-08 -7.33593321e-04 
 4.61200000e-08 -7.10865072e-04 
 4.61400000e-08 -6.88017064e-04 
 4.61600000e-08 -6.65053050e-04 
 4.61800000e-08 -6.41976812e-04 
 4.62000000e-08 -6.18792158e-04 
 4.62200000e-08 -5.95502926e-04 
 4.62400000e-08 -5.72112978e-04 
 4.62600000e-08 -5.48626203e-04 
 4.62800000e-08 -5.25046515e-04 
 4.63000000e-08 -5.01377851e-04 
 4.63200000e-08 -4.77624169e-04 
 4.63400000e-08 -4.53789453e-04 
 4.63600000e-08 -4.29877705e-04 
 4.63800000e-08 -4.05892948e-04 
 4.64000000e-08 -3.81839223e-04 
 4.64200000e-08 -3.57720591e-04 
 4.64400000e-08 -3.33541129e-04 
 4.64600000e-08 -3.09304929e-04 
 4.64800000e-08 -2.85016101e-04 
 4.65000000e-08 -2.60678765e-04 
 4.65200000e-08 -2.36297056e-04 
 4.65400000e-08 -2.11875123e-04 
 4.65600000e-08 -1.87417121e-04 
 4.65800000e-08 -1.62927219e-04 
 4.66000000e-08 -1.38409591e-04 
 4.66200000e-08 -1.13868422e-04 
 4.66400000e-08 -8.93079016e-05 
 4.66600000e-08 -6.47322239e-05 
 4.66800000e-08 -4.01455885e-05 
 4.67000000e-08 -1.55521976e-05 
 4.67200000e-08  9.04374475e-06 
 4.67400000e-08  3.36380336e-05 
 4.67600000e-08  5.82264644e-05 
 4.67800000e-08  8.28048341e-05 
 4.68000000e-08  1.07368942e-04 
 4.68200000e-08  1.31914592e-04 
 4.68400000e-08  1.56437591e-04 
 4.68600000e-08  1.80933754e-04 
 4.68800000e-08  2.05398903e-04 
 4.69000000e-08  2.29828865e-04 
 4.69200000e-08  2.54219481e-04 
 4.69400000e-08  2.78566599e-04 
 4.69600000e-08  3.02866080e-04 
 4.69800000e-08  3.27113796e-04 
 4.70000000e-08  3.51305637e-04 
 4.70200000e-08  3.75437502e-04 
 4.70400000e-08  3.99505310e-04 
 4.70600000e-08  4.23504994e-04 
 4.70800000e-08  4.47432508e-04 
 4.71000000e-08  4.71283823e-04 
 4.71200000e-08  4.95054930e-04 
 4.71400000e-08  5.18741841e-04 
 4.71600000e-08  5.42340590e-04 
 4.71800000e-08  5.65847235e-04 
 4.72000000e-08  5.89257856e-04 
 4.72200000e-08  6.12568558e-04 
 4.72400000e-08  6.35775474e-04 
 4.72600000e-08  6.58874761e-04 
 4.72800000e-08  6.81862603e-04 
 4.73000000e-08  7.04735216e-04 
 4.73200000e-08  7.27488841e-04 
 4.73400000e-08  7.50119752e-04 
 4.73600000e-08  7.72624251e-04 
 4.73800000e-08  7.94998674e-04 
 4.74000000e-08  8.17239388e-04 
 4.74200000e-08  8.39342792e-04 
 4.74400000e-08  8.61305321e-04 
 4.74600000e-08  8.83123443e-04 
 4.74800000e-08  9.04793661e-04 
 4.75000000e-08  9.26312514e-04 
 4.75200000e-08  9.47676576e-04 
 4.75400000e-08  9.68882461e-04 
 4.75600000e-08  9.89926816e-04 
 4.75800000e-08  1.01080633e-03 
 4.76000000e-08  1.03151773e-03 
 4.76200000e-08  1.05205777e-03 
 4.76400000e-08  1.07242327e-03 
 4.76600000e-08  1.09261107e-03 
 4.76800000e-08  1.11261804e-03 
 4.77000000e-08  1.13244112e-03 
 4.77200000e-08  1.15207727e-03 
 4.77400000e-08  1.17152349e-03 
 4.77600000e-08  1.19077684e-03 
 4.77800000e-08  1.20983441e-03 
 4.78000000e-08  1.22869332e-03 
 4.78200000e-08  1.24735076e-03 
 4.78400000e-08  1.26580393e-03 
 4.78600000e-08  1.28405011e-03 
 4.78800000e-08  1.30208658e-03 
 4.79000000e-08  1.31991071e-03 
 4.79200000e-08  1.33751987e-03 
 4.79400000e-08  1.35491151e-03 
 4.79600000e-08  1.37208309e-03 
 4.79800000e-08  1.38903214e-03 
 4.80000000e-08  1.40575622e-03 
 4.80200000e-08  1.42225294e-03 
 4.80400000e-08  1.43851994e-03 
 4.80600000e-08  1.45455493e-03 
 4.80800000e-08  1.47035563e-03 
 4.81000000e-08  1.48591984e-03 
 4.81200000e-08  1.50124537e-03 
 4.81400000e-08  1.51633009e-03 
 4.81600000e-08  1.53117191e-03 
 4.81800000e-08  1.54576879e-03 
 4.82000000e-08  1.56011873e-03 
 4.82200000e-08  1.57421976e-03 
 4.82400000e-08  1.58806997e-03 
 4.82600000e-08  1.60166748e-03 
 4.82800000e-08  1.61501047e-03 
 4.83000000e-08  1.62809713e-03 
 4.83200000e-08  1.64092574e-03 
 4.83400000e-08  1.65349456e-03 
 4.83600000e-08  1.66580196e-03 
 4.83800000e-08  1.67784629e-03 
 4.84000000e-08  1.68962599e-03 
 4.84200000e-08  1.70113951e-03 
 4.84400000e-08  1.71238535e-03 
 4.84600000e-08  1.72336205e-03 
 4.84800000e-08  1.73406820e-03 
 4.85000000e-08  1.74450242e-03 
 4.85200000e-08  1.75466337e-03 
 4.85400000e-08  1.76454974e-03 
 4.85600000e-08  1.77416030e-03 
 4.85800000e-08  1.78349380e-03 
 4.86000000e-08  1.79254908e-03 
 4.86200000e-08  1.80132499e-03 
 4.86400000e-08  1.80982043e-03 
 4.86600000e-08  1.81803433e-03 
 4.86800000e-08  1.82596567e-03 
 4.87000000e-08  1.83361346e-03 
 4.87200000e-08  1.84097675e-03 
 4.87400000e-08  1.84805463e-03 
 4.87600000e-08  1.85484621e-03 
 4.87800000e-08  1.86135066e-03 
 4.88000000e-08  1.86756719e-03 
 4.88200000e-08  1.87349501e-03 
 4.88400000e-08  1.87913341e-03 
 4.88600000e-08  1.88448170e-03 
 4.88800000e-08  1.88953921e-03 
 4.89000000e-08  1.89430532e-03 
 4.89200000e-08  1.89877946e-03 
 4.89400000e-08  1.90296108e-03 
 4.89600000e-08  1.90684965e-03 
 4.89800000e-08  1.91044472e-03 
 4.90000000e-08  1.91374582e-03 
 4.90200000e-08  1.91675257e-03 
 4.90400000e-08  1.91946458e-03 
 4.90600000e-08  1.92188153e-03 
 4.90800000e-08  1.92400311e-03 
 4.91000000e-08  1.92582905e-03 
 4.91200000e-08  1.92735914e-03 
 4.91400000e-08  1.92859316e-03 
 4.91600000e-08  1.92953097e-03 
 4.91800000e-08  1.93017244e-03 
 4.92000000e-08  1.93051748e-03 
 4.92200000e-08  1.93056603e-03 
 4.92400000e-08  1.93031807e-03 
 4.92600000e-08  1.92977362e-03 
 4.92800000e-08  1.92893274e-03 
 4.93000000e-08  1.92779549e-03 
 4.93200000e-08  1.92636202e-03 
 4.93400000e-08  1.92463247e-03 
 4.93600000e-08  1.92260703e-03 
 4.93800000e-08  1.92028594e-03 
 4.94000000e-08  1.91766945e-03 
 4.94200000e-08  1.91475787e-03 
 4.94400000e-08  1.91155152e-03 
 4.94600000e-08  1.90805079e-03 
 4.94800000e-08  1.90425607e-03 
 4.95000000e-08  1.90016782e-03 
 4.95200000e-08  1.89578650e-03 
 4.95400000e-08  1.89111264e-03 
 4.95600000e-08  1.88614678e-03 
 4.95800000e-08  1.88088953e-03 
 4.96000000e-08  1.87534150e-03 
 4.96200000e-08  1.86950336e-03 
 4.96400000e-08  1.86337581e-03 
 4.96600000e-08  1.85695959e-03 
 4.96800000e-08  1.85025548e-03 
 4.97000000e-08  1.84326430e-03 
 4.97200000e-08  1.83598689e-03 
 4.97400000e-08  1.82842415e-03 
 4.97600000e-08  1.82057702e-03 
 4.97800000e-08  1.81244646e-03 
 4.98000000e-08  1.80403348e-03 
 4.98200000e-08  1.79533913e-03 
 4.98400000e-08  1.78636450e-03 
 4.98600000e-08  1.77711072e-03 
 4.98800000e-08  1.76757895e-03 
 4.99000000e-08  1.75777041e-03 
 4.99200000e-08  1.74768634e-03 
 4.99400000e-08  1.73732803e-03 
 4.99600000e-08  1.72669682e-03 
 4.99800000e-08  1.71579408e-03 
 5.00000000e-08  1.70462121e-03 
 5.00200000e-08  1.69317968e-03 
 5.00400000e-08  1.68147098e-03 
 5.00600000e-08  1.66949665e-03 
 5.00800000e-08  1.65725827e-03 
 5.01000000e-08  1.64475746e-03 
 5.01200000e-08  1.63199589e-03 
 5.01400000e-08  1.61897526e-03 
 5.01600000e-08  1.60569733e-03 
 5.01800000e-08  1.59216389e-03 
 5.02000000e-08  1.57837678e-03 
 5.02200000e-08  1.56433788e-03 
 5.02400000e-08  1.55004910e-03 
 5.02600000e-08  1.53551242e-03 
 5.02800000e-08  1.52072984e-03 
 5.03000000e-08  1.50570342e-03 
 5.03200000e-08  1.49043526e-03 
 5.03400000e-08  1.47492749e-03 
 5.03600000e-08  1.45918230e-03 
 5.03800000e-08  1.44320191e-03 
 5.04000000e-08  1.42698861e-03 
 5.04200000e-08  1.41054470e-03 
 5.04400000e-08  1.39387254e-03 
 5.04600000e-08  1.37697454e-03 
 5.04800000e-08  1.35985314e-03 
 5.05000000e-08  1.34251082e-03 
 5.05200000e-08  1.32495013e-03 
 5.05400000e-08  1.30717364e-03 
 5.05600000e-08  1.28918397e-03 
 5.05800000e-08  1.27098378e-03 
 5.06000000e-08  1.25257577e-03 
 5.06200000e-08  1.23396269e-03 
 5.06400000e-08  1.21514734e-03 
 5.06600000e-08  1.19613255e-03 
 5.06800000e-08  1.17692118e-03 
 5.07000000e-08  1.15751616e-03 
 5.07200000e-08  1.13792045e-03 
 5.07400000e-08  1.11813703e-03 
 5.07600000e-08  1.09816896e-03 
 5.07800000e-08  1.07801930e-03 
 5.08000000e-08  1.05769119e-03 
 5.08200000e-08  1.03718778e-03 
 5.08400000e-08  1.01651227e-03 
 5.08600000e-08  9.95667892e-04 
 5.08800000e-08  9.74657928e-04 
 5.09000000e-08  9.53485691e-04 
 5.09200000e-08  9.32154532e-04 
 5.09400000e-08  9.10667838e-04 
 5.09600000e-08  8.89029034e-04 
 5.09800000e-08  8.67241581e-04 
 5.10000000e-08  8.45308972e-04 
 5.10200000e-08  8.23234738e-04 
 5.10400000e-08  8.01022443e-04 
 5.10600000e-08  7.78675684e-04 
 5.10800000e-08  7.56198090e-04 
 5.11000000e-08  7.33593321e-04 
 5.11200000e-08  7.10865072e-04 
 5.11400000e-08  6.88017064e-04 
 5.11600000e-08  6.65053050e-04 
 5.11800000e-08  6.41976811e-04 
 5.12000000e-08  6.18792158e-04 
 5.12200000e-08  5.95502926e-04 
 5.12400000e-08  5.72112978e-04 
 5.12600000e-08  5.48626203e-04 
 5.12800000e-08  5.25046515e-04 
 5.13000000e-08  5.01377851e-04 
 5.13200000e-08  4.77624169e-04 
 5.13400000e-08  4.53789453e-04 
 5.13600000e-08  4.29877705e-04 
 5.13800000e-08  4.05892948e-04 
 5.14000000e-08  3.81839223e-04 
 5.14200000e-08  3.57720591e-04 
 5.14400000e-08  3.33541129e-04 
 5.14600000e-08  3.09304929e-04 
 5.14800000e-08  2.85016101e-04 
 5.15000000e-08  2.60678765e-04 
 5.15200000e-08  2.36297056e-04 
 5.15400000e-08  2.11875123e-04 
 5.15600000e-08  1.87417121e-04 
 5.15800000e-08  1.62927219e-04 
 5.16000000e-08  1.38409591e-04 
 5.16200000e-08  1.13868422e-04 
 5.16400000e-08  8.93079015e-05 
 5.16600000e-08  6.47322239e-05 
 5.16800000e-08  4.01455885e-05 
 5.17000000e-08  1.55521976e-05 
 5.17200000e-08 -9.04374474e-06 
 5.17400000e-08 -3.36380336e-05 
 5.17600000e-08 -5.82264644e-05 
 5.17800000e-08 -8.28048341e-05 
 5.18000000e-08 -1.07368942e-04 
 5.18200000e-08 -1.31914592e-04 
 5.18400000e-08 -1.56437591e-04 
 5.18600000e-08 -1.80933755e-04 
 5.18800000e-08 -2.05398903e-04 
 5.19000000e-08 -2.29828865e-04 
 5.19200000e-08 -2.54219481e-04 
 5.19400000e-08 -2.78566599e-04 
 5.19600000e-08 -3.02866079e-04 
 5.19800000e-08 -3.27113797e-04 
 5.20000000e-08 -3.51305637e-04 
 5.20200000e-08 -3.75437502e-04 
 5.20400000e-08 -3.99505310e-04 
 5.20600000e-08 -4.23504994e-04 
 5.20800000e-08 -4.47432508e-04 
 5.21000000e-08 -4.71283823e-04 
 5.21200000e-08 -4.95054930e-04 
 5.21400000e-08 -5.18741841e-04 
 5.21600000e-08 -5.42340590e-04 
 5.21800000e-08 -5.65847235e-04 
 5.22000000e-08 -5.89257856e-04 
 5.22200000e-08 -6.12568558e-04 
 5.22400000e-08 -6.35775474e-04 
 5.22600000e-08 -6.58874761e-04 
 5.22800000e-08 -6.81862603e-04 
 5.23000000e-08 -7.04735216e-04 
 5.23200000e-08 -7.27488841e-04 
 5.23400000e-08 -7.50119752e-04 
 5.23600000e-08 -7.72624251e-04 
 5.23800000e-08 -7.94998674e-04 
 5.24000000e-08 -8.17239388e-04 
 5.24200000e-08 -8.39342792e-04 
 5.24400000e-08 -8.61305321e-04 
 5.24600000e-08 -8.83123443e-04 
 5.24800000e-08 -9.04793661e-04 
 5.25000000e-08 -9.26312514e-04 
 5.25200000e-08 -9.47676576e-04 
 5.25400000e-08 -9.68882461e-04 
 5.25600000e-08 -9.89926816e-04 
 5.25800000e-08 -1.01080633e-03 
 5.26000000e-08 -1.03151773e-03 
 5.26200000e-08 -1.05205777e-03 
 5.26400000e-08 -1.07242327e-03 
 5.26600000e-08 -1.09261107e-03 
 5.26800000e-08 -1.11261804e-03 
 5.27000000e-08 -1.13244112e-03 
 5.27200000e-08 -1.15207727e-03 
 5.27400000e-08 -1.17152349e-03 
 5.27600000e-08 -1.19077684e-03 
 5.27800000e-08 -1.20983441e-03 
 5.28000000e-08 -1.22869332e-03 
 5.28200000e-08 -1.24735076e-03 
 5.28400000e-08 -1.26580393e-03 
 5.28600000e-08 -1.28405011e-03 
 5.28800000e-08 -1.30208658e-03 
 5.29000000e-08 -1.31991071e-03 
 5.29200000e-08 -1.33751987e-03 
 5.29400000e-08 -1.35491151e-03 
 5.29600000e-08 -1.37208309e-03 
 5.29800000e-08 -1.38903214e-03 
 5.30000000e-08 -1.40575622e-03 
 5.30200000e-08 -1.42225294e-03 
 5.30400000e-08 -1.43851994e-03 
 5.30600000e-08 -1.45455493e-03 
 5.30800000e-08 -1.47035563e-03 
 5.31000000e-08 -1.48591984e-03 
 5.31200000e-08 -1.50124537e-03 
 5.31400000e-08 -1.51633009e-03 
 5.31600000e-08 -1.53117191e-03 
 5.31800000e-08 -1.54576879e-03 
 5.32000000e-08 -1.56011873e-03 
 5.32200000e-08 -1.57421976e-03 
 5.32400000e-08 -1.58806997e-03 
 5.32600000e-08 -1.60166748e-03 
 5.32800000e-08 -1.61501047e-03 
 5.33000000e-08 -1.62809713e-03 
 5.33200000e-08 -1.64092574e-03 
 5.33400000e-08 -1.65349456e-03 
 5.33600000e-08 -1.66580196e-03 
 5.33800000e-08 -1.67784629e-03 
 5.34000000e-08 -1.68962599e-03 
 5.34200000e-08 -1.70113951e-03 
 5.34400000e-08 -1.71238535e-03 
 5.34600000e-08 -1.72336205e-03 
 5.34800000e-08 -1.73406820e-03 
 5.35000000e-08 -1.74450242e-03 
 5.35200000e-08 -1.75466337e-03 
 5.35400000e-08 -1.76454974e-03 
 5.35600000e-08 -1.77416030e-03 
 5.35800000e-08 -1.78349380e-03 
 5.36000000e-08 -1.79254908e-03 
 5.36200000e-08 -1.80132499e-03 
 5.36400000e-08 -1.80982043e-03 
 5.36600000e-08 -1.81803433e-03 
 5.36800000e-08 -1.82596567e-03 
 5.37000000e-08 -1.83361346e-03 
 5.37200000e-08 -1.84097675e-03 
 5.37400000e-08 -1.84805463e-03 
 5.37600000e-08 -1.85484621e-03 
 5.37800000e-08 -1.86135066e-03 
 5.38000000e-08 -1.86756719e-03 
 5.38200000e-08 -1.87349501e-03 
 5.38400000e-08 -1.87913341e-03 
 5.38600000e-08 -1.88448170e-03 
 5.38800000e-08 -1.88953921e-03 
 5.39000000e-08 -1.89430532e-03 
 5.39200000e-08 -1.89877946e-03 
 5.39400000e-08 -1.90296108e-03 
 5.39600000e-08 -1.90684965e-03 
 5.39800000e-08 -1.91044472e-03 
 5.40000000e-08 -1.91374582e-03 
 5.40200000e-08 -1.91675257e-03 
 5.40400000e-08 -1.91946458e-03 
 5.40600000e-08 -1.92188153e-03 
 5.40800000e-08 -1.92400311e-03 
 5.41000000e-08 -1.92582905e-03 
 5.41200000e-08 -1.92735914e-03 
 5.41400000e-08 -1.92859316e-03 
 5.41600000e-08 -1.92953097e-03 
 5.41800000e-08 -1.93017244e-03 
 5.42000000e-08 -1.93051748e-03 
 5.42200000e-08 -1.93056603e-03 
 5.42400000e-08 -1.93031807e-03 
 5.42600000e-08 -1.92977362e-03 
 5.42800000e-08 -1.92893274e-03 
 5.43000000e-08 -1.92779549e-03 
 5.43200000e-08 -1.92636202e-03 
 5.43400000e-08 -1.92463247e-03 
 5.43600000e-08 -1.92260703e-03 
 5.43800000e-08 -1.92028594e-03 
 5.44000000e-08 -1.91766945e-03 
 5.44200000e-08 -1.91475787e-03 
 5.44400000e-08 -1.91155152e-03 
 5.44600000e-08 -1.90805079e-03 
 5.44800000e-08 -1.90425607e-03 
 5.45000000e-08 -1.90016782e-03 
 5.45200000e-08 -1.89578650e-03 
 5.45400000e-08 -1.89111264e-03 
 5.45600000e-08 -1.88614678e-03 
 5.45800000e-08 -1.88088953e-03 
 5.46000000e-08 -1.87534150e-03 
 5.46200000e-08 -1.86950336e-03 
 5.46400000e-08 -1.86337581e-03 
 5.46600000e-08 -1.85695959e-03 
 5.46800000e-08 -1.85025548e-03 
 5.47000000e-08 -1.84326430e-03 
 5.47200000e-08 -1.83598689e-03 
 5.47400000e-08 -1.82842415e-03 
 5.47600000e-08 -1.82057702e-03 
 5.47800000e-08 -1.81244646e-03 
 5.48000000e-08 -1.80403348e-03 
 5.48200000e-08 -1.79533913e-03 
 5.48400000e-08 -1.78636450e-03 
 5.48600000e-08 -1.77711072e-03 
 5.48800000e-08 -1.76757895e-03 
 5.49000000e-08 -1.75777041e-03 
 5.49200000e-08 -1.74768634e-03 
 5.49400000e-08 -1.73732803e-03 
 5.49600000e-08 -1.72669682e-03 
 5.49800000e-08 -1.71579408e-03 
 5.50000000e-08 -1.70462121e-03 
 5.50200000e-08 -1.69317968e-03 
 5.50400000e-08 -1.68147098e-03 
 5.50600000e-08 -1.66949665e-03 
 5.50800000e-08 -1.65725827e-03 
 5.51000000e-08 -1.64475746e-03 
 5.51200000e-08 -1.63199589e-03 
 5.51400000e-08 -1.61897526e-03 
 5.51600000e-08 -1.60569733e-03 
 5.51800000e-08 -1.59216389e-03 
 5.52000000e-08 -1.57837678e-03 
 5.52200000e-08 -1.56433788e-03 
 5.52400000e-08 -1.55004910e-03 
 5.52600000e-08 -1.53551242e-03 
 5.52800000e-08 -1.52072984e-03 
 5.53000000e-08 -1.50570342e-03 
 5.53200000e-08 -1.49043526e-03 
 5.53400000e-08 -1.47492749e-03 
 5.53600000e-08 -1.45918230e-03 
 5.53800000e-08 -1.44320191e-03 
 5.54000000e-08 -1.42698861e-03 
 5.54200000e-08 -1.41054470e-03 
 5.54400000e-08 -1.39387254e-03 
 5.54600000e-08 -1.37697454e-03 
 5.54800000e-08 -1.35985314e-03 
 5.55000000e-08 -1.34251082e-03 
 5.55200000e-08 -1.32495013e-03 
 5.55400000e-08 -1.30717364e-03 
 5.55600000e-08 -1.28918397e-03 
 5.55800000e-08 -1.27098378e-03 
 5.56000000e-08 -1.25257577e-03 
 5.56200000e-08 -1.23396269e-03 
 5.56400000e-08 -1.21514734e-03 
 5.56600000e-08 -1.19613255e-03 
 5.56800000e-08 -1.17692118e-03 
 5.57000000e-08 -1.15751616e-03 
 5.57200000e-08 -1.13792045e-03 
 5.57400000e-08 -1.11813703e-03 
 5.57600000e-08 -1.09816896e-03 
 5.57800000e-08 -1.07801930e-03 
 5.58000000e-08 -1.05769119e-03 
 5.58200000e-08 -1.03718778e-03 
 5.58400000e-08 -1.01651227e-03 
 5.58600000e-08 -9.95667892e-04 
 5.58800000e-08 -9.74657928e-04 
 5.59000000e-08 -9.53485691e-04 
 5.59200000e-08 -9.32154532e-04 
 5.59400000e-08 -9.10667838e-04 
 5.59600000e-08 -8.89029034e-04 
 5.59800000e-08 -8.67241581e-04 
 5.60000000e-08 -8.45308972e-04 
 5.60200000e-08 -8.23234738e-04 
 5.60400000e-08 -8.01022444e-04 
 5.60600000e-08 -7.78675684e-04 
 5.60800000e-08 -7.56198090e-04 
 5.61000000e-08 -7.33593321e-04 
 5.61200000e-08 -7.10865072e-04 
 5.61400000e-08 -6.88017064e-04 
 5.61600000e-08 -6.65053050e-04 
 5.61800000e-08 -6.41976811e-04 
 5.62000000e-08 -6.18792158e-04 
 5.62200000e-08 -5.95502926e-04 
 5.62400000e-08 -5.72112978e-04 
 5.62600000e-08 -5.48626203e-04 
 5.62800000e-08 -5.25046515e-04 
 5.63000000e-08 -5.01377851e-04 
 5.63200000e-08 -4.77624169e-04 
 5.63400000e-08 -4.53789453e-04 
 5.63600000e-08 -4.29877705e-04 
 5.63800000e-08 -4.05892948e-04 
 5.64000000e-08 -3.81839223e-04 
 5.64200000e-08 -3.57720591e-04 
 5.64400000e-08 -3.33541129e-04 
 5.64600000e-08 -3.09304929e-04 
 5.64800000e-08 -2.85016101e-04 
 5.65000000e-08 -2.60678765e-04 
 5.65200000e-08 -2.36297056e-04 
 5.65400000e-08 -2.11875123e-04 
 5.65600000e-08 -1.87417121e-04 
 5.65800000e-08 -1.62927219e-04 
 5.66000000e-08 -1.38409591e-04 
 5.66200000e-08 -1.13868422e-04 
 5.66400000e-08 -8.93079015e-05 
 5.66600000e-08 -6.47322239e-05 
 5.66800000e-08 -4.01455885e-05 
 5.67000000e-08 -1.55521976e-05 
 5.67200000e-08  9.04374468e-06 
 5.67400000e-08  3.36380336e-05 
 5.67600000e-08  5.82264644e-05 
 5.67800000e-08  8.28048341e-05 
 5.68000000e-08  1.07368942e-04 
 5.68200000e-08  1.31914592e-04 
 5.68400000e-08  1.56437591e-04 
 5.68600000e-08  1.80933754e-04 
 5.68800000e-08  2.05398903e-04 
 5.69000000e-08  2.29828865e-04 
 5.69200000e-08  2.54219481e-04 
 5.69400000e-08  2.78566599e-04 
 5.69600000e-08  3.02866079e-04 
 5.69800000e-08  3.27113796e-04 
 5.70000000e-08  3.51305637e-04 
 5.70200000e-08  3.75437502e-04 
 5.70400000e-08  3.99505309e-04 
 5.70600000e-08  4.23504994e-04 
 5.70800000e-08  4.47432508e-04 
 5.71000000e-08  4.71283823e-04 
 5.71200000e-08  4.95054930e-04 
 5.71400000e-08  5.18741841e-04 
 5.71600000e-08  5.42340590e-04 
 5.71800000e-08  5.65847235e-04 
 5.72000000e-08  5.89257856e-04 
 5.72200000e-08  6.12568558e-04 
 5.72400000e-08  6.35775474e-04 
 5.72600000e-08  6.58874761e-04 
 5.72800000e-08  6.81862603e-04 
 5.73000000e-08  7.04735216e-04 
 5.73200000e-08  7.27488841e-04 
 5.73400000e-08  7.50119752e-04 
 5.73600000e-08  7.72624251e-04 
 5.73800000e-08  7.94998674e-04 
 5.74000000e-08  8.17239387e-04 
 5.74200000e-08  8.39342792e-04 
 5.74400000e-08  8.61305321e-04 
 5.74600000e-08  8.83123443e-04 
 5.74800000e-08  9.04793661e-04 
 5.75000000e-08  9.26312513e-04 
 5.75200000e-08  9.47676576e-04 
 5.75400000e-08  9.68882461e-04 
 5.75600000e-08  9.89926816e-04 
 5.75800000e-08  1.01080633e-03 
 5.76000000e-08  1.03151773e-03 
 5.76200000e-08  1.05205777e-03 
 5.76400000e-08  1.07242327e-03 
 5.76600000e-08  1.09261107e-03 
 5.76800000e-08  1.11261804e-03 
 5.77000000e-08  1.13244112e-03 
 5.77200000e-08  1.15207727e-03 
 5.77400000e-08  1.17152349e-03 
 5.77600000e-08  1.19077684e-03 
 5.77800000e-08  1.20983441e-03 
 5.78000000e-08  1.22869332e-03 
 5.78200000e-08  1.24735076e-03 
 5.78400000e-08  1.26580393e-03 
 5.78600000e-08  1.28405011e-03 
 5.78800000e-08  1.30208658e-03 
 5.79000000e-08  1.31991071e-03 
 5.79200000e-08  1.33751987e-03 
 5.79400000e-08  1.35491151e-03 
 5.79600000e-08  1.37208309e-03 
 5.79800000e-08  1.38903214e-03 
 5.80000000e-08  1.40575622e-03 
 5.80200000e-08  1.42225294e-03 
 5.80400000e-08  1.43851994e-03 
 5.80600000e-08  1.45455493e-03 
 5.80800000e-08  1.47035563e-03 
 5.81000000e-08  1.48591984e-03 
 5.81200000e-08  1.50124537e-03 
 5.81400000e-08  1.51633009e-03 
 5.81600000e-08  1.53117191e-03 
 5.81800000e-08  1.54576879e-03 
 5.82000000e-08  1.56011873e-03 
 5.82200000e-08  1.57421976e-03 
 5.82400000e-08  1.58806997e-03 
 5.82600000e-08  1.60166748e-03 
 5.82800000e-08  1.61501047e-03 
 5.83000000e-08  1.62809713e-03 
 5.83200000e-08  1.64092574e-03 
 5.83400000e-08  1.65349456e-03 
 5.83600000e-08  1.66580196e-03 
 5.83800000e-08  1.67784629e-03 
 5.84000000e-08  1.68962599e-03 
 5.84200000e-08  1.70113951e-03 
 5.84400000e-08  1.71238535e-03 
 5.84600000e-08  1.72336205e-03 
 5.84800000e-08  1.73406820e-03 
 5.85000000e-08  1.74450242e-03 
 5.85200000e-08  1.75466337e-03 
 5.85400000e-08  1.76454974e-03 
 5.85600000e-08  1.77416030e-03 
 5.85800000e-08  1.78349380e-03 
 5.86000000e-08  1.79254908e-03 
 5.86200000e-08  1.80132499e-03 
 5.86400000e-08  1.80982043e-03 
 5.86600000e-08  1.81803433e-03 
 5.86800000e-08  1.82596567e-03 
 5.87000000e-08  1.83361346e-03 
 5.87200000e-08  1.84097675e-03 
 5.87400000e-08  1.84805463e-03 
 5.87600000e-08  1.85484621e-03 
 5.87800000e-08  1.86135066e-03 
 5.88000000e-08  1.86756719e-03 
 5.88200000e-08  1.87349501e-03 
 5.88400000e-08  1.87913341e-03 
 5.88600000e-08  1.88448170e-03 
 5.88800000e-08  1.88953921e-03 
 5.89000000e-08  1.89430532e-03 
 5.89200000e-08  1.89877946e-03 
 5.89400000e-08  1.90296108e-03 
 5.89600000e-08  1.90684965e-03 
 5.89800000e-08  1.91044472e-03 
 5.90000000e-08  1.91374582e-03 
 5.90200000e-08  1.91675257e-03 
 5.90400000e-08  1.91946458e-03 
 5.90600000e-08  1.92188153e-03 
 5.90800000e-08  1.92400311e-03 
 5.91000000e-08  1.92582905e-03 
 5.91200000e-08  1.92735914e-03 
 5.91400000e-08  1.92859316e-03 
 5.91600000e-08  1.92953097e-03 
 5.91800000e-08  1.93017244e-03 
 5.92000000e-08  1.93051748e-03 
 5.92200000e-08  1.93056603e-03 
 5.92400000e-08  1.93031807e-03 
 5.92600000e-08  1.92977362e-03 
 5.92800000e-08  1.92893274e-03 
 5.93000000e-08  1.92779549e-03 
 5.93200000e-08  1.92636202e-03 
 5.93400000e-08  1.92463247e-03 
 5.93600000e-08  1.92260703e-03 
 5.93800000e-08  1.92028594e-03 
 5.94000000e-08  1.91766945e-03 
 5.94200000e-08  1.91475787e-03 
 5.94400000e-08  1.91155152e-03 
 5.94600000e-08  1.90805079e-03 
 5.94800000e-08  1.90425607e-03 
 5.95000000e-08  1.90016782e-03 
 5.95200000e-08  1.89578650e-03 
 5.95400000e-08  1.89111264e-03 
 5.95600000e-08  1.88614678e-03 
 5.95800000e-08  1.88088953e-03 
 5.96000000e-08  1.87534150e-03 
 5.96200000e-08  1.86950336e-03 
 5.96400000e-08  1.86337581e-03 
 5.96600000e-08  1.85695959e-03 
 5.96800000e-08  1.85025548e-03 
 5.97000000e-08  1.84326430e-03 
 5.97200000e-08  1.83598689e-03 
 5.97400000e-08  1.82842415e-03 
 5.97600000e-08  1.82057702e-03 
 5.97800000e-08  1.81244646e-03 
 5.98000000e-08  1.80403348e-03 
 5.98200000e-08  1.79533913e-03 
 5.98400000e-08  1.78636450e-03 
 5.98600000e-08  1.77711072e-03 
 5.98800000e-08  1.76757895e-03 
 5.99000000e-08  1.75777041e-03 
 5.99200000e-08  1.74768634e-03 
 5.99400000e-08  1.73732803e-03 
 5.99600000e-08  1.72669682e-03 
 5.99800000e-08  1.71579408e-03 
 6.00000000e-08  1.70464743e-03 
