 0.00000000e+00  6.10622664e-16 
 2.00000000e-11  8.85686813e-04 
 4.00000000e-11  1.26246936e-03 
 6.00000000e-11  1.39025279e-03 
 8.00000000e-11  1.36021409e-03 
 1.00000000e-10  1.23813806e-03 
 1.20000000e-10  1.05877076e-03 
 1.40000000e-10  8.40710301e-04 
 1.60000000e-10  5.94139524e-04 
 1.80000000e-10  3.24841799e-04 
 2.00000000e-10  3.62905321e-05 
 2.20000000e-10 -2.69267184e-04 
 2.40000000e-10 -5.90243289e-04 
 2.60000000e-10 -9.25415773e-04 
 2.80000000e-10 -1.27377242e-03 
 3.00000000e-10 -1.63443102e-03 
 3.20000000e-10 -2.00659439e-03 
 3.40000000e-10 -2.38952810e-03 
 3.60000000e-10 -2.78254586e-03 
 3.80000000e-10 -3.18500277e-03 
 4.00000000e-10 -3.59628928e-03 
 4.20000000e-10 -4.01582864e-03 
 4.40000000e-10 -4.44307343e-03 
 4.60000000e-10 -4.87750420e-03 
 4.80000000e-10 -5.31862694e-03 
 5.00000000e-10 -5.76597209e-03 
 5.20000000e-10 -6.21909247e-03 
 5.40000000e-10 -6.67756244e-03 
 5.60000000e-10 -7.14097611e-03 
 5.80000000e-10 -7.60894662e-03 
 6.00000000e-10 -8.08110455e-03 
 6.20000000e-10 -8.55709731e-03 
 6.40000000e-10 -9.03658773e-03 
 6.60000000e-10 -9.51925346e-03 
 6.80000000e-10 -1.00047858e-02 
 7.00000000e-10 -1.04928893e-02 
 7.20000000e-10 -1.09832803e-02 
 7.40000000e-10 -1.14756868e-02 
 7.60000000e-10 -1.19698476e-02 
 7.80000000e-10 -1.24655116e-02 
 8.00000000e-10 -1.29624371e-02 
 8.20000000e-10 -1.34603914e-02 
 8.40000000e-10 -1.39591502e-02 
 8.60000000e-10 -1.44584970e-02 
 8.80000000e-10 -1.49582227e-02 
 9.00000000e-10 -1.54581254e-02 
 9.20000000e-10 -1.59580095e-02 
 9.40000000e-10 -1.64576855e-02 
 9.60000000e-10 -1.69569698e-02 
 9.80000000e-10 -1.74556843e-02 
 1.00000000e-09 -1.79536558e-02 
 1.02000000e-09 -1.84507160e-02 
 1.04000000e-09 -1.89467012e-02 
 1.06000000e-09 -1.94414518e-02 
 1.08000000e-09 -1.99348122e-02 
 1.10000000e-09 -2.04266307e-02 
 1.12000000e-09 -2.09167590e-02 
 1.14000000e-09 -2.14050523e-02 
 1.16000000e-09 -2.18913688e-02 
 1.18000000e-09 -2.23755698e-02 
 1.20000000e-09 -2.28575193e-02 
 1.22000000e-09 -2.33370840e-02 
 1.24000000e-09 -2.38141332e-02 
 1.26000000e-09 -2.42885385e-02 
 1.28000000e-09 -2.47601739e-02 
 1.30000000e-09 -2.52289153e-02 
 1.32000000e-09 -2.56946410e-02 
 1.34000000e-09 -2.61572311e-02 
 1.36000000e-09 -2.66165674e-02 
 1.38000000e-09 -2.70725339e-02 
 1.40000000e-09 -2.75250160e-02 
 1.42000000e-09 -2.79739010e-02 
 1.44000000e-09 -2.84190775e-02 
 1.46000000e-09 -2.88604360e-02 
 1.48000000e-09 -2.92978684e-02 
 1.50000000e-09 -2.97312680e-02 
 1.52000000e-09 -3.01605296e-02 
 1.54000000e-09 -3.05855495e-02 
 1.56000000e-09 -3.10062251e-02 
 1.58000000e-09 -3.14224555e-02 
 1.60000000e-09 -3.18341410e-02 
 1.62000000e-09 -3.22411831e-02 
 1.64000000e-09 -3.26434849e-02 
 1.66000000e-09 -3.30409507e-02 
 1.68000000e-09 -3.34334860e-02 
 1.70000000e-09 -3.38209977e-02 
 1.72000000e-09 -3.42033941e-02 
 1.74000000e-09 -3.45805848e-02 
 1.76000000e-09 -3.49524805e-02 
 1.78000000e-09 -3.53189936e-02 
 1.80000000e-09 -3.56800375e-02 
 1.82000000e-09 -3.60355273e-02 
 1.84000000e-09 -3.63853793e-02 
 1.86000000e-09 -3.67295112e-02 
 1.88000000e-09 -3.70678421e-02 
 1.90000000e-09 -3.74002926e-02 
 1.92000000e-09 -3.77267848e-02 
 1.94000000e-09 -3.80472422e-02 
 1.96000000e-09 -3.83615898e-02 
 1.98000000e-09 -3.86697541e-02 
 2.00000000e-09 -3.89716633e-02 
 2.02000000e-09 -3.92672470e-02 
 2.04000000e-09 -3.95564365e-02 
 2.06000000e-09 -3.98391647e-02 
 2.08000000e-09 -4.01153662e-02 
 2.10000000e-09 -4.03849772e-02 
 2.12000000e-09 -4.06479357e-02 
 2.14000000e-09 -4.09041812e-02 
 2.16000000e-09 -4.11536553e-02 
 2.18000000e-09 -4.13963010e-02 
 2.20000000e-09 -4.16320633e-02 
 2.22000000e-09 -4.18608891e-02 
 2.24000000e-09 -4.20827270e-02 
 2.26000000e-09 -4.22975275e-02 
 2.28000000e-09 -4.25052430e-02 
 2.30000000e-09 -4.27058278e-02 
 2.32000000e-09 -4.28992381e-02 
 2.34000000e-09 -4.30854321e-02 
 2.36000000e-09 -4.32643698e-02 
 2.38000000e-09 -4.34360135e-02 
 2.40000000e-09 -4.36003271e-02 
 2.42000000e-09 -4.37572767e-02 
 2.44000000e-09 -4.39068304e-02 
 2.46000000e-09 -4.40489584e-02 
 2.48000000e-09 -4.41836328e-02 
 2.50000000e-09 -4.43108277e-02 
 2.52000000e-09 -4.44305194e-02 
 2.54000000e-09 -4.45426862e-02 
 2.56000000e-09 -4.46473083e-02 
 2.58000000e-09 -4.47443682e-02 
 2.60000000e-09 -4.48338502e-02 
 2.62000000e-09 -4.49157409e-02 
 2.64000000e-09 -4.49900287e-02 
 2.66000000e-09 -4.50567043e-02 
 2.68000000e-09 -4.51157602e-02 
 2.70000000e-09 -4.51671910e-02 
 2.72000000e-09 -4.52109935e-02 
 2.74000000e-09 -4.52471661e-02 
 2.76000000e-09 -4.52757097e-02 
 2.78000000e-09 -4.52966267e-02 
 2.80000000e-09 -4.53099219e-02 
 2.82000000e-09 -4.53156017e-02 
 2.84000000e-09 -4.53136745e-02 
 2.86000000e-09 -4.53041508e-02 
 2.88000000e-09 -4.52870429e-02 
 2.90000000e-09 -4.52623647e-02 
 2.92000000e-09 -4.52301324e-02 
 2.94000000e-09 -4.51903636e-02 
 2.96000000e-09 -4.51430781e-02 
 2.98000000e-09 -4.50882970e-02 
 3.00000000e-09 -4.50260435e-02 
 3.02000000e-09 -4.49563423e-02 
 3.04000000e-09 -4.48792199e-02 
 3.06000000e-09 -4.47947045e-02 
 3.08000000e-09 -4.47028257e-02 
 3.10000000e-09 -4.46036148e-02 
 3.12000000e-09 -4.44971047e-02 
 3.14000000e-09 -4.43833297e-02 
 3.16000000e-09 -4.42623257e-02 
 3.18000000e-09 -4.41341299e-02 
 3.20000000e-09 -4.39987811e-02 
 3.22000000e-09 -4.38563192e-02 
 3.24000000e-09 -4.37067858e-02 
 3.26000000e-09 -4.35502234e-02 
 3.28000000e-09 -4.33866760e-02 
 3.30000000e-09 -4.32161889e-02 
 3.32000000e-09 -4.30388084e-02 
 3.34000000e-09 -4.28545819e-02 
 3.36000000e-09 -4.26635581e-02 
 3.38000000e-09 -4.24657868e-02 
 3.40000000e-09 -4.22613185e-02 
 3.42000000e-09 -4.20502052e-02 
 3.44000000e-09 -4.18324994e-02 
 3.46000000e-09 -4.16082548e-02 
 3.48000000e-09 -4.13775258e-02 
 3.50000000e-09 -4.11403679e-02 
 3.52000000e-09 -4.08968372e-02 
 3.54000000e-09 -4.06469906e-02 
 3.56000000e-09 -4.03908858e-02 
 3.58000000e-09 -4.01285813e-02 
 3.60000000e-09 -3.98601360e-02 
 3.62000000e-09 -3.95856098e-02 
 3.64000000e-09 -3.93050629e-02 
 3.66000000e-09 -3.90185562e-02 
 3.68000000e-09 -3.87261512e-02 
 3.70000000e-09 -3.84279098e-02 
 3.72000000e-09 -3.81238945e-02 
 3.74000000e-09 -3.78141681e-02 
 3.76000000e-09 -3.74987939e-02 
 3.78000000e-09 -3.71778357e-02 
 3.80000000e-09 -3.68513575e-02 
 3.82000000e-09 -3.65194238e-02 
 3.84000000e-09 -3.61820992e-02 
 3.86000000e-09 -3.58394487e-02 
 3.88000000e-09 -3.54915378e-02 
 3.90000000e-09 -3.51384318e-02 
 3.92000000e-09 -3.47801965e-02 
 3.94000000e-09 -3.44168979e-02 
 3.96000000e-09 -3.40486022e-02 
 3.98000000e-09 -3.36753755e-02 
 4.00000000e-09 -3.32972843e-02 
 4.02000000e-09 -3.29143952e-02 
 4.04000000e-09 -3.25267747e-02 
 4.06000000e-09 -3.21344898e-02 
 4.08000000e-09 -3.17376070e-02 
 4.10000000e-09 -3.13361935e-02 
 4.12000000e-09 -3.09303159e-02 
 4.14000000e-09 -3.05200414e-02 
 4.16000000e-09 -3.01054369e-02 
 4.18000000e-09 -2.96865694e-02 
 4.20000000e-09 -2.92635059e-02 
 4.22000000e-09 -2.88363133e-02 
 4.24000000e-09 -2.84050586e-02 
 4.26000000e-09 -2.79698089e-02 
 4.28000000e-09 -2.75306309e-02 
 4.30000000e-09 -2.70875916e-02 
 4.32000000e-09 -2.66407578e-02 
 4.34000000e-09 -2.61901964e-02 
 4.36000000e-09 -2.57359740e-02 
 4.38000000e-09 -2.52781574e-02 
 4.40000000e-09 -2.48168132e-02 
 4.42000000e-09 -2.43520081e-02 
 4.44000000e-09 -2.38838084e-02 
 4.46000000e-09 -2.34122808e-02 
 4.48000000e-09 -2.29374917e-02 
 4.50000000e-09 -2.24595074e-02 
 4.52000000e-09 -2.19783943e-02 
 4.54000000e-09 -2.14942187e-02 
 4.56000000e-09 -2.10070468e-02 
 4.58000000e-09 -2.05169447e-02 
 4.60000000e-09 -2.00239788e-02 
 4.62000000e-09 -1.95282150e-02 
 4.64000000e-09 -1.90297195e-02 
 4.66000000e-09 -1.85285584e-02 
 4.68000000e-09 -1.80247977e-02 
 4.70000000e-09 -1.75185036e-02 
 4.72000000e-09 -1.70097421e-02 
 4.74000000e-09 -1.64985792e-02 
 4.76000000e-09 -1.59850811e-02 
 4.78000000e-09 -1.54693139e-02 
 4.80000000e-09 -1.49513437e-02 
 4.82000000e-09 -1.44312367e-02 
 4.84000000e-09 -1.39090592e-02 
 4.86000000e-09 -1.33848775e-02 
 4.88000000e-09 -1.28587579e-02 
 4.90000000e-09 -1.23307669e-02 
 4.92000000e-09 -1.18009710e-02 
 4.94000000e-09 -1.12694370e-02 
 4.96000000e-09 -1.07362315e-02 
 4.98000000e-09 -1.02014215e-02 
 5.00000000e-09 -9.66507399e-03 
 5.02000000e-09 -9.12725614e-03 
 5.04000000e-09 -8.58803529e-03 
 5.06000000e-09 -8.04747892e-03 
 5.08000000e-09 -7.50565472e-03 
 5.10000000e-09 -6.96263056e-03 
 5.12000000e-09 -6.41847451e-03 
 5.14000000e-09 -5.87325485e-03 
 5.16000000e-09 -5.32704011e-03 
 5.18000000e-09 -4.77989901e-03 
 5.20000000e-09 -4.23190057e-03 
 5.22000000e-09 -3.68311404e-03 
 5.24000000e-09 -3.13360893e-03 
 5.26000000e-09 -2.58345506e-03 
 5.28000000e-09 -2.03272251e-03 
 5.30000000e-09 -1.48148169e-03 
 5.32000000e-09 -9.29803302e-04 
 5.34000000e-09 -3.77758371e-04 
 5.36000000e-09  1.74581744e-04 
 5.38000000e-09  7.27145343e-04 
 5.40000000e-09  1.27986038e-03 
 5.42000000e-09  1.83265445e-03 
 5.44000000e-09  2.38545479e-03 
 5.46000000e-09  2.93818824e-03 
 5.48000000e-09  3.49078130e-03 
 5.50000000e-09  4.04316004e-03 
 5.52000000e-09  4.59525016e-03 
 5.54000000e-09  5.14697695e-03 
 5.56000000e-09  5.69826531e-03 
 5.58000000e-09  6.24903970e-03 
 5.60000000e-09  6.79922420e-03 
 5.62000000e-09  7.34874244e-03 
 5.64000000e-09  7.89751764e-03 
 5.66000000e-09  8.44547260e-03 
 5.68000000e-09  8.99252969e-03 
 5.70000000e-09  9.53861084e-03 
 5.72000000e-09  1.00836376e-02 
 5.74000000e-09  1.06275310e-02 
 5.76000000e-09  1.11702117e-02 
 5.78000000e-09  1.17115999e-02 
 5.80000000e-09  1.22516155e-02 
 5.82000000e-09  1.27901778e-02 
 5.84000000e-09  1.33272057e-02 
 5.86000000e-09  1.38626180e-02 
 5.88000000e-09  1.43963326e-02 
 5.90000000e-09  1.49282673e-02 
 5.92000000e-09  1.54583395e-02 
 5.94000000e-09  1.59864661e-02 
 5.96000000e-09  1.65125638e-02 
 5.98000000e-09  1.70365488e-02 
 6.00000000e-09  1.75583368e-02 
 6.02000000e-09  1.80778436e-02 
 6.04000000e-09  1.85949841e-02 
 6.06000000e-09  1.91096735e-02 
 6.08000000e-09  1.96218261e-02 
 6.10000000e-09  2.01313564e-02 
 6.12000000e-09  2.06381784e-02 
 6.14000000e-09  2.11422057e-02 
 6.16000000e-09  2.16433521e-02 
 6.18000000e-09  2.21415308e-02 
 6.20000000e-09  2.26366550e-02 
 6.22000000e-09  2.31286377e-02 
 6.24000000e-09  2.36173917e-02 
 6.26000000e-09  2.41028297e-02 
 6.28000000e-09  2.45848644e-02 
 6.30000000e-09  2.50634083e-02 
 6.32000000e-09  2.55383739e-02 
 6.34000000e-09  2.60096738e-02 
 6.36000000e-09  2.64772204e-02 
 6.38000000e-09  2.69409264e-02 
 6.40000000e-09  2.74007043e-02 
 6.42000000e-09  2.78564669e-02 
 6.44000000e-09  2.83081271e-02 
 6.46000000e-09  2.87555979e-02 
 6.48000000e-09  2.91987927e-02 
 6.50000000e-09  2.96376249e-02 
 6.52000000e-09  3.00720083e-02 
 6.54000000e-09  3.05018571e-02 
 6.56000000e-09  3.09270857e-02 
 6.58000000e-09  3.13476090e-02 
 6.60000000e-09  3.17633422e-02 
 6.62000000e-09  3.21742012e-02 
 6.64000000e-09  3.25801022e-02 
 6.66000000e-09  3.29809620e-02 
 6.68000000e-09  3.33766980e-02 
 6.70000000e-09  3.37672284e-02 
 6.72000000e-09  3.41524718e-02 
 6.74000000e-09  3.45323477e-02 
 6.76000000e-09  3.49067763e-02 
 6.78000000e-09  3.52756786e-02 
 6.80000000e-09  3.56389765e-02 
 6.82000000e-09  3.59965927e-02 
 6.84000000e-09  3.63484510e-02 
 6.86000000e-09  3.66944759e-02 
 6.88000000e-09  3.70345931e-02 
 6.90000000e-09  3.73687295e-02 
 6.92000000e-09  3.76968128e-02 
 6.94000000e-09  3.80187720e-02 
 6.96000000e-09  3.83345373e-02 
 6.98000000e-09  3.86440401e-02 
 7.00000000e-09  3.89472132e-02 
 7.02000000e-09  3.92439904e-02 
 7.04000000e-09  3.95343071e-02 
 7.06000000e-09  3.98181001e-02 
 7.08000000e-09  4.00953075e-02 
 7.10000000e-09  4.03658689e-02 
 7.12000000e-09  4.06297256e-02 
 7.14000000e-09  4.08868201e-02 
 7.16000000e-09  4.11370967e-02 
 7.18000000e-09  4.13805013e-02 
 7.20000000e-09  4.16169813e-02 
 7.22000000e-09  4.18464860e-02 
 7.24000000e-09  4.20689662e-02 
 7.26000000e-09  4.22843745e-02 
 7.28000000e-09  4.24926654e-02 
 7.30000000e-09  4.26937950e-02 
 7.32000000e-09  4.28877212e-02 
 7.34000000e-09  4.30744039e-02 
 7.36000000e-09  4.32538048e-02 
 7.38000000e-09  4.34258874e-02 
 7.40000000e-09  4.35906172e-02 
 7.42000000e-09  4.37479616e-02 
 7.44000000e-09  4.38978900e-02 
 7.46000000e-09  4.40403734e-02 
 7.48000000e-09  4.41753853e-02 
 7.50000000e-09  4.43029008e-02 
 7.52000000e-09  4.44228972e-02 
 7.54000000e-09  4.45353535e-02 
 7.56000000e-09  4.46402509e-02 
 7.58000000e-09  4.47375727e-02 
 7.60000000e-09  4.48273040e-02 
 7.62000000e-09  4.49094321e-02 
 7.64000000e-09  4.49839460e-02 
 7.66000000e-09  4.50508371e-02 
 7.68000000e-09  4.51100984e-02 
 7.70000000e-09  4.51617252e-02 
 7.72000000e-09  4.52057147e-02 
 7.74000000e-09  4.52420660e-02 
 7.76000000e-09  4.52707802e-02 
 7.78000000e-09  4.52918604e-02 
 7.80000000e-09  4.53053115e-02 
 7.82000000e-09  4.53111405e-02 
 7.84000000e-09  4.53093563e-02 
 7.86000000e-09  4.52999695e-02 
 7.88000000e-09  4.52829927e-02 
 7.90000000e-09  4.52584404e-02 
 7.92000000e-09  4.52263288e-02 
 7.94000000e-09  4.51866759e-02 
 7.96000000e-09  4.51395016e-02 
 7.98000000e-09  4.50848275e-02 
 8.00000000e-09  4.50226769e-02 
 8.02000000e-09  4.49530747e-02 
 8.04000000e-09  4.48760476e-02 
 8.06000000e-09  4.47916240e-02 
 8.08000000e-09  4.46998336e-02 
 8.10000000e-09  4.46007080e-02 
 8.12000000e-09  4.44942802e-02 
 8.14000000e-09  4.43805846e-02 
 8.16000000e-09  4.42596573e-02 
 8.18000000e-09  4.41315357e-02 
 8.20000000e-09  4.39962585e-02 
 8.22000000e-09  4.38538659e-02 
 8.24000000e-09  4.37043995e-02 
 8.26000000e-09  4.35479021e-02 
 8.28000000e-09  4.33844176e-02 
 8.30000000e-09  4.32139915e-02 
 8.32000000e-09  4.30366700e-02 
 8.34000000e-09  4.28525008e-02 
 8.36000000e-09  4.26615327e-02 
 8.38000000e-09  4.24638153e-02 
 8.40000000e-09  4.22593995e-02 
 8.42000000e-09  4.20483370e-02 
 8.44000000e-09  4.18306807e-02 
 8.46000000e-09  4.16064842e-02 
 8.48000000e-09  4.13758020e-02 
 8.50000000e-09  4.11386896e-02 
 8.52000000e-09  4.08952032e-02 
 8.54000000e-09  4.06453997e-02 
 8.56000000e-09  4.03893369e-02 
 8.58000000e-09  4.01270732e-02 
 8.60000000e-09  3.98586678e-02 
 8.62000000e-09  3.95841804e-02 
 8.64000000e-09  3.93036713e-02 
 8.66000000e-09  3.90172016e-02 
 8.68000000e-09  3.87248325e-02 
 8.70000000e-09  3.84266262e-02 
 8.72000000e-09  3.81226451e-02 
 8.74000000e-09  3.78129521e-02 
 8.76000000e-09  3.74976106e-02 
 8.78000000e-09  3.71766842e-02 
 8.80000000e-09  3.68502371e-02 
 8.82000000e-09  3.65183337e-02 
 8.84000000e-09  3.61810387e-02 
 8.86000000e-09  3.58384173e-02 
 8.88000000e-09  3.54905346e-02 
 8.90000000e-09  3.51374562e-02 
 8.92000000e-09  3.47792479e-02 
 8.94000000e-09  3.44159758e-02 
 8.96000000e-09  3.40477058e-02 
 8.98000000e-09  3.36745043e-02 
 9.00000000e-09  3.32964377e-02 
 9.02000000e-09  3.29135727e-02 
 9.04000000e-09  3.25259758e-02 
 9.06000000e-09  3.21337138e-02 
 9.08000000e-09  3.17368536e-02 
 9.10000000e-09  3.13354620e-02 
 9.12000000e-09  3.09296060e-02 
 9.14000000e-09  3.05193525e-02 
 9.16000000e-09  3.01047686e-02 
 9.18000000e-09  2.96859212e-02 
 9.20000000e-09  2.92628774e-02 
 9.22000000e-09  2.88357040e-02 
 9.24000000e-09  2.84044682e-02 
 9.26000000e-09  2.79692369e-02 
 9.28000000e-09  2.75300769e-02 
 9.30000000e-09  2.70870552e-02 
 9.32000000e-09  2.66402387e-02 
 9.34000000e-09  2.61896941e-02 
 9.36000000e-09  2.57354882e-02 
 9.38000000e-09  2.52776877e-02 
 9.40000000e-09  2.48163593e-02 
 9.42000000e-09  2.43515696e-02 
 9.44000000e-09  2.38833850e-02 
 9.46000000e-09  2.34118722e-02 
 9.48000000e-09  2.29370975e-02 
 9.50000000e-09  2.24591273e-02 
 9.52000000e-09  2.19780280e-02 
 9.54000000e-09  2.14938659e-02 
 9.56000000e-09  2.10067072e-02 
 9.58000000e-09  2.05166181e-02 
 9.60000000e-09  2.00236647e-02 
 9.62000000e-09  1.95279133e-02 
 9.64000000e-09  1.90294299e-02 
 9.66000000e-09  1.85282806e-02 
 9.68000000e-09  1.80245315e-02 
 9.70000000e-09  1.75182486e-02 
 9.72000000e-09  1.70094981e-02 
 9.74000000e-09  1.64983461e-02 
 9.76000000e-09  1.59848585e-02 
 9.78000000e-09  1.54691016e-02 
 9.80000000e-09  1.49511414e-02 
 9.82000000e-09  1.44310443e-02 
 9.84000000e-09  1.39088764e-02 
 9.86000000e-09  1.33847040e-02 
 9.88000000e-09  1.28585936e-02 
 9.90000000e-09  1.23306116e-02 
 9.92000000e-09  1.18008245e-02 
 9.94000000e-09  1.12692990e-02 
 9.96000000e-09  1.07361019e-02 
 9.98000000e-09  1.02013001e-02 
 1.00000000e-08  9.66496054e-03 
 1.00200000e-08  9.12715048e-03 
 1.00400000e-08  8.58793723e-03 
 1.00600000e-08  8.04738828e-03 
 1.00800000e-08  7.50557133e-03 
 1.01000000e-08  6.96255423e-03 
 1.01200000e-08  6.41840508e-03 
 1.01400000e-08  5.87319215e-03 
 1.01600000e-08  5.32698397e-03 
 1.01800000e-08  4.77984928e-03 
 1.02000000e-08  4.23185709e-03 
 1.02200000e-08  3.68307664e-03 
 1.02400000e-08  3.13357747e-03 
 1.02600000e-08  2.58342939e-03 
 1.02800000e-08  2.03270248e-03 
 1.03000000e-08  1.48146716e-03 
 1.03200000e-08  9.29794120e-04 
 1.03400000e-08  3.77754403e-04 
 1.03600000e-08 -1.74580634e-04 
 1.03800000e-08 -7.27139290e-04 
 1.04000000e-08 -1.27984952e-03 
 1.04200000e-08 -1.83263891e-03 
 1.04400000e-08 -2.38543469e-03 
 1.04600000e-08 -2.93816372e-03 
 1.04800000e-08 -3.49075247e-03 
 1.05000000e-08 -4.04312702e-03 
 1.05200000e-08 -4.59521308e-03 
 1.05400000e-08 -5.14693592e-03 
 1.05600000e-08 -5.69822044e-03 
 1.05800000e-08 -6.24899112e-03 
 1.06000000e-08 -6.79917200e-03 
 1.06200000e-08 -7.34868674e-03 
 1.06400000e-08 -7.89745854e-03 
 1.06600000e-08 -8.44541021e-03 
 1.06800000e-08 -8.99246411e-03 
 1.07000000e-08 -9.53854218e-03 
 1.07200000e-08 -1.00835659e-02 
 1.07400000e-08 -1.06274564e-02 
 1.07600000e-08 -1.11701343e-02 
 1.07800000e-08 -1.17115199e-02 
 1.08000000e-08 -1.22515328e-02 
 1.08200000e-08 -1.27900926e-02 
 1.08400000e-08 -1.33271182e-02 
 1.08600000e-08 -1.38625281e-02 
 1.08800000e-08 -1.43962404e-02 
 1.09000000e-08 -1.49281730e-02 
 1.09200000e-08 -1.54582431e-02 
 1.09400000e-08 -1.59863678e-02 
 1.09600000e-08 -1.65124635e-02 
 1.09800000e-08 -1.70364467e-02 
 1.10000000e-08 -1.75582330e-02 
 1.10200000e-08 -1.80777380e-02 
 1.10400000e-08 -1.85948770e-02 
 1.10600000e-08 -1.91095648e-02 
 1.10800000e-08 -1.96217160e-02 
 1.11000000e-08 -2.01312449e-02 
 1.11200000e-08 -2.06380656e-02 
 1.11400000e-08 -2.11420917e-02 
 1.11600000e-08 -2.16432369e-02 
 1.11800000e-08 -2.21414145e-02 
 1.12000000e-08 -2.26365377e-02 
 1.12200000e-08 -2.31285194e-02 
 1.12400000e-08 -2.36172725e-02 
 1.12600000e-08 -2.41027096e-02 
 1.12800000e-08 -2.45847435e-02 
 1.13000000e-08 -2.50632867e-02 
 1.13200000e-08 -2.55382517e-02 
 1.13400000e-08 -2.60095510e-02 
 1.13600000e-08 -2.64770971e-02 
 1.13800000e-08 -2.69408025e-02 
 1.14000000e-08 -2.74005800e-02 
 1.14200000e-08 -2.78563422e-02 
 1.14400000e-08 -2.83080021e-02 
 1.14600000e-08 -2.87554726e-02 
 1.14800000e-08 -2.91986672e-02 
 1.15000000e-08 -2.96374992e-02 
 1.15200000e-08 -3.00718825e-02 
 1.15400000e-08 -3.05017312e-02 
 1.15600000e-08 -3.09269598e-02 
 1.15800000e-08 -3.13474830e-02 
 1.16000000e-08 -3.17632163e-02 
 1.16200000e-08 -3.21740754e-02 
 1.16400000e-08 -3.25799765e-02 
 1.16600000e-08 -3.29808365e-02 
 1.16800000e-08 -3.33765728e-02 
 1.17000000e-08 -3.37671034e-02 
 1.17200000e-08 -3.41523471e-02 
 1.17400000e-08 -3.45322234e-02 
 1.17600000e-08 -3.49066524e-02 
 1.17800000e-08 -3.52755551e-02 
 1.18000000e-08 -3.56388534e-02 
 1.18200000e-08 -3.59964701e-02 
 1.18400000e-08 -3.63483289e-02 
 1.18600000e-08 -3.66943543e-02 
 1.18800000e-08 -3.70344722e-02 
 1.19000000e-08 -3.73686091e-02 
 1.19200000e-08 -3.76966931e-02 
 1.19400000e-08 -3.80186530e-02 
 1.19600000e-08 -3.83344190e-02 
 1.19800000e-08 -3.86439225e-02 
 1.20000000e-08 -3.89470963e-02 
 1.20200000e-08 -3.92438743e-02 
 1.20400000e-08 -3.95341918e-02 
 1.20600000e-08 -3.98179856e-02 
 1.20800000e-08 -4.00951939e-02 
 1.21000000e-08 -4.03657562e-02 
 1.21200000e-08 -4.06296137e-02 
 1.21400000e-08 -4.08867091e-02 
 1.21600000e-08 -4.11369867e-02 
 1.21800000e-08 -4.13803922e-02 
 1.22000000e-08 -4.16168732e-02 
 1.22200000e-08 -4.18463788e-02 
 1.22400000e-08 -4.20688600e-02 
 1.22600000e-08 -4.22842694e-02 
 1.22800000e-08 -4.24925613e-02 
 1.23000000e-08 -4.26936919e-02 
 1.23200000e-08 -4.28876191e-02 
 1.23400000e-08 -4.30743029e-02 
 1.23600000e-08 -4.32537049e-02 
 1.23800000e-08 -4.34257886e-02 
 1.24000000e-08 -4.35905195e-02 
 1.24200000e-08 -4.37478650e-02 
 1.24400000e-08 -4.38977944e-02 
 1.24600000e-08 -4.40402790e-02 
 1.24800000e-08 -4.41752920e-02 
 1.25000000e-08 -4.43028087e-02 
 1.25200000e-08 -4.44228061e-02 
 1.25400000e-08 -4.45352636e-02 
 1.25600000e-08 -4.46401622e-02 
 1.25800000e-08 -4.47374851e-02 
 1.26000000e-08 -4.48272176e-02 
 1.26200000e-08 -4.49093467e-02 
 1.26400000e-08 -4.49838618e-02 
 1.26600000e-08 -4.50507540e-02 
 1.26800000e-08 -4.51100165e-02 
 1.27000000e-08 -4.51616445e-02 
 1.27200000e-08 -4.52056352e-02 
 1.27400000e-08 -4.52419876e-02 
 1.27600000e-08 -4.52707030e-02 
 1.27800000e-08 -4.52917843e-02 
 1.28000000e-08 -4.53052365e-02 
 1.28200000e-08 -4.53110667e-02 
 1.28400000e-08 -4.53092836e-02 
 1.28600000e-08 -4.52998979e-02 
 1.28800000e-08 -4.52829223e-02 
 1.29000000e-08 -4.52583711e-02 
 1.29200000e-08 -4.52262606e-02 
 1.29400000e-08 -4.51866088e-02 
 1.29600000e-08 -4.51394357e-02 
 1.29800000e-08 -4.50847627e-02 
 1.30000000e-08 -4.50226131e-02 
 1.30200000e-08 -4.49530120e-02 
 1.30400000e-08 -4.48759861e-02 
 1.30600000e-08 -4.47915635e-02 
 1.30800000e-08 -4.46997742e-02 
 1.31000000e-08 -4.46006496e-02 
 1.31200000e-08 -4.44942229e-02 
 1.31400000e-08 -4.43805283e-02 
 1.31600000e-08 -4.42596021e-02 
 1.31800000e-08 -4.41314814e-02 
 1.32000000e-08 -4.39962052e-02 
 1.32200000e-08 -4.38538137e-02 
 1.32400000e-08 -4.37043483e-02 
 1.32600000e-08 -4.35478518e-02 
 1.32800000e-08 -4.33843684e-02 
 1.33000000e-08 -4.32139431e-02 
 1.33200000e-08 -4.30366226e-02 
 1.33400000e-08 -4.28524544e-02 
 1.33600000e-08 -4.26614872e-02 
 1.33800000e-08 -4.24637707e-02 
 1.34000000e-08 -4.22593558e-02 
 1.34200000e-08 -4.20482943e-02 
 1.34400000e-08 -4.18306389e-02 
 1.34600000e-08 -4.16064432e-02 
 1.34800000e-08 -4.13757619e-02 
 1.35000000e-08 -4.11386504e-02 
 1.35200000e-08 -4.08951647e-02 
 1.35400000e-08 -4.06453621e-02 
 1.35600000e-08 -4.03893001e-02 
 1.35800000e-08 -4.01270373e-02 
 1.36000000e-08 -3.98586327e-02 
 1.36200000e-08 -3.95841460e-02 
 1.36400000e-08 -3.93036378e-02 
 1.36600000e-08 -3.90171687e-02 
 1.36800000e-08 -3.87248005e-02 
 1.37000000e-08 -3.84265949e-02 
 1.37200000e-08 -3.81226145e-02 
 1.37400000e-08 -3.78129223e-02 
 1.37600000e-08 -3.74975814e-02 
 1.37800000e-08 -3.71766557e-02 
 1.38000000e-08 -3.68502093e-02 
 1.38200000e-08 -3.65183066e-02 
 1.38400000e-08 -3.61810123e-02 
 1.38600000e-08 -3.58383915e-02 
 1.38800000e-08 -3.54905094e-02 
 1.39000000e-08 -3.51374317e-02 
 1.39200000e-08 -3.47792241e-02 
 1.39400000e-08 -3.44159525e-02 
 1.39600000e-08 -3.40476831e-02 
 1.39800000e-08 -3.36744822e-02 
 1.40000000e-08 -3.32964162e-02 
 1.40200000e-08 -3.29135517e-02 
 1.40400000e-08 -3.25259554e-02 
 1.40600000e-08 -3.21336940e-02 
 1.40800000e-08 -3.17368343e-02 
 1.41000000e-08 -3.13354433e-02 
 1.41200000e-08 -3.09295878e-02 
 1.41400000e-08 -3.05193349e-02 
 1.41600000e-08 -3.01047514e-02 
 1.41800000e-08 -2.96859045e-02 
 1.42000000e-08 -2.92628611e-02 
 1.42200000e-08 -2.88356883e-02 
 1.42400000e-08 -2.84044529e-02 
 1.42600000e-08 -2.79692220e-02 
 1.42800000e-08 -2.75300625e-02 
 1.43000000e-08 -2.70870413e-02 
 1.43200000e-08 -2.66402252e-02 
 1.43400000e-08 -2.61896810e-02 
 1.43600000e-08 -2.57354756e-02 
 1.43800000e-08 -2.52776755e-02 
 1.44000000e-08 -2.48163475e-02 
 1.44200000e-08 -2.43515581e-02 
 1.44400000e-08 -2.38833740e-02 
 1.44600000e-08 -2.34118615e-02 
 1.44800000e-08 -2.29370872e-02 
 1.45000000e-08 -2.24591174e-02 
 1.45200000e-08 -2.19780185e-02 
 1.45400000e-08 -2.14938567e-02 
 1.45600000e-08 -2.10066983e-02 
 1.45800000e-08 -2.05166095e-02 
 1.46000000e-08 -2.00236565e-02 
 1.46200000e-08 -1.95279053e-02 
 1.46400000e-08 -1.90294222e-02 
 1.46600000e-08 -1.85282733e-02 
 1.46800000e-08 -1.80245245e-02 
 1.47000000e-08 -1.75182419e-02 
 1.47200000e-08 -1.70094917e-02 
 1.47400000e-08 -1.64983399e-02 
 1.47600000e-08 -1.59848526e-02 
 1.47800000e-08 -1.54690960e-02 
 1.48000000e-08 -1.49511361e-02 
 1.48200000e-08 -1.44310392e-02 
 1.48400000e-08 -1.39088716e-02 
 1.48600000e-08 -1.33846995e-02 
 1.48800000e-08 -1.28585893e-02 
 1.49000000e-08 -1.23306075e-02 
 1.49200000e-08 -1.18008206e-02 
 1.49400000e-08 -1.12692954e-02 
 1.49600000e-08 -1.07360985e-02 
 1.49800000e-08 -1.02012969e-02 
 1.50000000e-08 -9.66495755e-03 
 1.50200000e-08 -9.12714770e-03 
 1.50400000e-08 -8.58793464e-03 
 1.50600000e-08 -8.04738589e-03 
 1.50800000e-08 -7.50556913e-03 
 1.51000000e-08 -6.96255223e-03 
 1.51200000e-08 -6.41840326e-03 
 1.51400000e-08 -5.87319051e-03 
 1.51600000e-08 -5.32698250e-03 
 1.51800000e-08 -4.77984798e-03 
 1.52000000e-08 -4.23185595e-03 
 1.52200000e-08 -3.68307567e-03 
 1.52400000e-08 -3.13357666e-03 
 1.52600000e-08 -2.58342873e-03 
 1.52800000e-08 -2.03270197e-03 
 1.53000000e-08 -1.48146679e-03 
 1.53200000e-08 -9.29793898e-04 
 1.53400000e-08 -3.77754320e-04 
 1.53600000e-08  1.74580581e-04 
 1.53800000e-08  7.27139106e-04 
 1.54000000e-08  1.27984920e-03 
 1.54200000e-08  1.83263847e-03 
 1.54400000e-08  2.38543413e-03 
 1.54600000e-08  2.93816304e-03 
 1.54800000e-08  3.49075167e-03 
 1.55000000e-08  4.04312612e-03 
 1.55200000e-08  4.59521206e-03 
 1.55400000e-08  5.14693480e-03 
 1.55600000e-08  5.69821922e-03 
 1.55800000e-08  6.24898979e-03 
 1.56000000e-08  6.79917058e-03 
 1.56200000e-08  7.34868523e-03 
 1.56400000e-08  7.89745694e-03 
 1.56600000e-08  8.44540852e-03 
 1.56800000e-08  8.99246234e-03 
 1.57000000e-08  9.53854032e-03 
 1.57200000e-08  1.00835640e-02 
 1.57400000e-08  1.06274544e-02 
 1.57600000e-08  1.11701322e-02 
 1.57800000e-08  1.17115177e-02 
 1.58000000e-08  1.22515306e-02 
 1.58200000e-08  1.27900903e-02 
 1.58400000e-08  1.33271158e-02 
 1.58600000e-08  1.38625257e-02 
 1.58800000e-08  1.43962379e-02 
 1.59000000e-08  1.49281705e-02 
 1.59200000e-08  1.54582405e-02 
 1.59400000e-08  1.59863651e-02 
 1.59600000e-08  1.65124608e-02 
 1.59800000e-08  1.70364439e-02 
 1.60000000e-08  1.75582302e-02 
 1.60200000e-08  1.80777352e-02 
 1.60400000e-08  1.85948741e-02 
 1.60600000e-08  1.91095619e-02 
 1.60800000e-08  1.96217130e-02 
 1.61000000e-08  2.01312419e-02 
 1.61200000e-08  2.06380625e-02 
 1.61400000e-08  2.11420886e-02 
 1.61600000e-08  2.16432338e-02 
 1.61800000e-08  2.21414114e-02 
 1.62000000e-08  2.26365345e-02 
 1.62200000e-08  2.31285162e-02 
 1.62400000e-08  2.36172692e-02 
 1.62600000e-08  2.41027064e-02 
 1.62800000e-08  2.45847403e-02 
 1.63000000e-08  2.50632834e-02 
 1.63200000e-08  2.55382484e-02 
 1.63400000e-08  2.60095477e-02 
 1.63600000e-08  2.64770937e-02 
 1.63800000e-08  2.69407992e-02 
 1.64000000e-08  2.74005766e-02 
 1.64200000e-08  2.78563388e-02 
 1.64400000e-08  2.83079987e-02 
 1.64600000e-08  2.87554692e-02 
 1.64800000e-08  2.91986638e-02 
 1.65000000e-08  2.96374958e-02 
 1.65200000e-08  3.00718791e-02 
 1.65400000e-08  3.05017278e-02 
 1.65600000e-08  3.09269564e-02 
 1.65800000e-08  3.13474796e-02 
 1.66000000e-08  3.17632129e-02 
 1.66200000e-08  3.21740720e-02 
 1.66400000e-08  3.25799731e-02 
 1.66600000e-08  3.29808331e-02 
 1.66800000e-08  3.33765694e-02 
 1.67000000e-08  3.37671001e-02 
 1.67200000e-08  3.41523438e-02 
 1.67400000e-08  3.45322200e-02 
 1.67600000e-08  3.49066490e-02 
 1.67800000e-08  3.52755517e-02 
 1.68000000e-08  3.56388501e-02 
 1.68200000e-08  3.59964668e-02 
 1.68400000e-08  3.63483256e-02 
 1.68600000e-08  3.66943511e-02 
 1.68800000e-08  3.70344689e-02 
 1.69000000e-08  3.73686059e-02 
 1.69200000e-08  3.76966898e-02 
 1.69400000e-08  3.80186497e-02 
 1.69600000e-08  3.83344158e-02 
 1.69800000e-08  3.86439194e-02 
 1.70000000e-08  3.89470931e-02 
 1.70200000e-08  3.92438712e-02 
 1.70400000e-08  3.95341887e-02 
 1.70600000e-08  3.98179825e-02 
 1.70800000e-08  4.00951908e-02 
 1.71000000e-08  4.03657531e-02 
 1.71200000e-08  4.06296107e-02 
 1.71400000e-08  4.08867061e-02 
 1.71600000e-08  4.11369837e-02 
 1.71800000e-08  4.13803893e-02 
 1.72000000e-08  4.16168703e-02 
 1.72200000e-08  4.18463760e-02 
 1.72400000e-08  4.20688572e-02 
 1.72600000e-08  4.22842666e-02 
 1.72800000e-08  4.24925585e-02 
 1.73000000e-08  4.26936891e-02 
 1.73200000e-08  4.28876164e-02 
 1.73400000e-08  4.30743002e-02 
 1.73600000e-08  4.32537022e-02 
 1.73800000e-08  4.34257859e-02 
 1.74000000e-08  4.35905168e-02 
 1.74200000e-08  4.37478624e-02 
 1.74400000e-08  4.38977918e-02 
 1.74600000e-08  4.40402765e-02 
 1.74800000e-08  4.41752895e-02 
 1.75000000e-08  4.43028062e-02 
 1.75200000e-08  4.44228037e-02 
 1.75400000e-08  4.45352611e-02 
 1.75600000e-08  4.46401598e-02 
 1.75800000e-08  4.47374827e-02 
 1.76000000e-08  4.48272152e-02 
 1.76200000e-08  4.49093445e-02 
 1.76400000e-08  4.49838596e-02 
 1.76600000e-08  4.50507518e-02 
 1.76800000e-08  4.51100143e-02 
 1.77000000e-08  4.51616424e-02 
 1.77200000e-08  4.52056330e-02 
 1.77400000e-08  4.52419855e-02 
 1.77600000e-08  4.52707009e-02 
 1.77800000e-08  4.52917822e-02 
 1.78000000e-08  4.53052345e-02 
 1.78200000e-08  4.53110647e-02 
 1.78400000e-08  4.53092817e-02 
 1.78600000e-08  4.52998960e-02 
 1.78800000e-08  4.52829204e-02 
 1.79000000e-08  4.52583692e-02 
 1.79200000e-08  4.52262588e-02 
 1.79400000e-08  4.51866070e-02 
 1.79600000e-08  4.51394339e-02 
 1.79800000e-08  4.50847609e-02 
 1.80000000e-08  4.50226114e-02 
 1.80200000e-08  4.49530104e-02 
 1.80400000e-08  4.48759844e-02 
 1.80600000e-08  4.47915618e-02 
 1.80800000e-08  4.46997726e-02 
 1.81000000e-08  4.46006481e-02 
 1.81200000e-08  4.44942213e-02 
 1.81400000e-08  4.43805268e-02 
 1.81600000e-08  4.42596006e-02 
 1.81800000e-08  4.41314800e-02 
 1.82000000e-08  4.39962038e-02 
 1.82200000e-08  4.38538123e-02 
 1.82400000e-08  4.37043469e-02 
 1.82600000e-08  4.35478505e-02 
 1.82800000e-08  4.33843670e-02 
 1.83000000e-08  4.32139418e-02 
 1.83200000e-08  4.30366213e-02 
 1.83400000e-08  4.28524531e-02 
 1.83600000e-08  4.26614859e-02 
 1.83800000e-08  4.24637695e-02 
 1.84000000e-08  4.22593546e-02 
 1.84200000e-08  4.20482931e-02 
 1.84400000e-08  4.18306377e-02 
 1.84600000e-08  4.16064421e-02 
 1.84800000e-08  4.13757608e-02 
 1.85000000e-08  4.11386493e-02 
 1.85200000e-08  4.08951637e-02 
 1.85400000e-08  4.06453611e-02 
 1.85600000e-08  4.03892991e-02 
 1.85800000e-08  4.01270363e-02 
 1.86000000e-08  3.98586317e-02 
 1.86200000e-08  3.95841451e-02 
 1.86400000e-08  3.93036368e-02 
 1.86600000e-08  3.90171678e-02 
 1.86800000e-08  3.87247996e-02 
 1.87000000e-08  3.84265941e-02 
 1.87200000e-08  3.81226137e-02 
 1.87400000e-08  3.78129215e-02 
 1.87600000e-08  3.74975806e-02 
 1.87800000e-08  3.71766550e-02 
 1.88000000e-08  3.68502086e-02 
 1.88200000e-08  3.65183059e-02 
 1.88400000e-08  3.61810116e-02 
 1.88600000e-08  3.58383908e-02 
 1.88800000e-08  3.54905087e-02 
 1.89000000e-08  3.51374310e-02 
 1.89200000e-08  3.47792234e-02 
 1.89400000e-08  3.44159519e-02 
 1.89600000e-08  3.40476825e-02 
 1.89800000e-08  3.36744816e-02 
 1.90000000e-08  3.32964156e-02 
 1.90200000e-08  3.29135512e-02 
 1.90400000e-08  3.25259549e-02 
 1.90600000e-08  3.21336935e-02 
 1.90800000e-08  3.17368338e-02 
 1.91000000e-08  3.13354428e-02 
 1.91200000e-08  3.09295873e-02 
 1.91400000e-08  3.05193344e-02 
 1.91600000e-08  3.01047510e-02 
 1.91800000e-08  2.96859041e-02 
 1.92000000e-08  2.92628607e-02 
 1.92200000e-08  2.88356879e-02 
 1.92400000e-08  2.84044525e-02 
 1.92600000e-08  2.79692216e-02 
 1.92800000e-08  2.75300622e-02 
 1.93000000e-08  2.70870409e-02 
 1.93200000e-08  2.66402248e-02 
 1.93400000e-08  2.61896807e-02 
 1.93600000e-08  2.57354752e-02 
 1.93800000e-08  2.52776752e-02 
 1.94000000e-08  2.48163472e-02 
 1.94200000e-08  2.43515578e-02 
 1.94400000e-08  2.38833737e-02 
 1.94600000e-08  2.34118612e-02 
 1.94800000e-08  2.29370869e-02 
 1.95000000e-08  2.24591171e-02 
 1.95200000e-08  2.19780182e-02 
 1.95400000e-08  2.14938564e-02 
 1.95600000e-08  2.10066980e-02 
 1.95800000e-08  2.05166093e-02 
 1.96000000e-08  2.00236562e-02 
 1.96200000e-08  1.95279051e-02 
 1.96400000e-08  1.90294220e-02 
 1.96600000e-08  1.85282731e-02 
 1.96800000e-08  1.80245243e-02 
 1.97000000e-08  1.75182417e-02 
 1.97200000e-08  1.70094915e-02 
 1.97400000e-08  1.64983397e-02 
 1.97600000e-08  1.59848525e-02 
 1.97800000e-08  1.54690958e-02 
 1.98000000e-08  1.49511360e-02 
 1.98200000e-08  1.44310391e-02 
 1.98400000e-08  1.39088714e-02 
 1.98600000e-08  1.33846993e-02 
 1.98800000e-08  1.28585892e-02 
 1.99000000e-08  1.23306074e-02 
 1.99200000e-08  1.18008205e-02 
 1.99400000e-08  1.12692953e-02 
 1.99600000e-08  1.07360984e-02 
 1.99800000e-08  1.02012968e-02 
 2.00000000e-08  9.66495747e-03 
 2.00200000e-08  9.12714762e-03 
 2.00400000e-08  8.58793457e-03 
 2.00600000e-08  8.04738583e-03 
 2.00800000e-08  7.50556907e-03 
 2.01000000e-08  6.96255217e-03 
 2.01200000e-08  6.41840321e-03 
 2.01400000e-08  5.87319046e-03 
 2.01600000e-08  5.32698246e-03 
 2.01800000e-08  4.77984795e-03 
 2.02000000e-08  4.23185592e-03 
 2.02200000e-08  3.68307564e-03 
 2.02400000e-08  3.13357664e-03 
 2.02600000e-08  2.58342871e-03 
 2.02800000e-08  2.03270196e-03 
 2.03000000e-08  1.48146678e-03 
 2.03200000e-08  9.29793892e-04 
 2.03400000e-08  3.77754318e-04 
 2.03600000e-08 -1.74580580e-04 
 2.03800000e-08 -7.27139101e-04 
 2.04000000e-08 -1.27984920e-03 
 2.04200000e-08 -1.83263846e-03 
 2.04400000e-08 -2.38543411e-03 
 2.04600000e-08 -2.93816302e-03 
 2.04800000e-08 -3.49075165e-03 
 2.05000000e-08 -4.04312609e-03 
 2.05200000e-08 -4.59521204e-03 
 2.05400000e-08 -5.14693477e-03 
 2.05600000e-08 -5.69821919e-03 
 2.05800000e-08 -6.24898976e-03 
 2.06000000e-08 -6.79917054e-03 
 2.06200000e-08 -7.34868518e-03 
 2.06400000e-08 -7.89745690e-03 
 2.06600000e-08 -8.44540848e-03 
 2.06800000e-08 -8.99246229e-03 
 2.07000000e-08 -9.53854027e-03 
 2.07200000e-08 -1.00835639e-02 
 2.07400000e-08 -1.06274544e-02 
 2.07600000e-08 -1.11701322e-02 
 2.07800000e-08 -1.17115176e-02 
 2.08000000e-08 -1.22515306e-02 
 2.08200000e-08 -1.27900903e-02 
 2.08400000e-08 -1.33271158e-02 
 2.08600000e-08 -1.38625256e-02 
 2.08800000e-08 -1.43962379e-02 
 2.09000000e-08 -1.49281704e-02 
 2.09200000e-08 -1.54582405e-02 
 2.09400000e-08 -1.59863651e-02 
 2.09600000e-08 -1.65124608e-02 
 2.09800000e-08 -1.70364438e-02 
 2.10000000e-08 -1.75582301e-02 
 2.10200000e-08 -1.80777351e-02 
 2.10400000e-08 -1.85948740e-02 
 2.10600000e-08 -1.91095618e-02 
 2.10800000e-08 -1.96217130e-02 
 2.11000000e-08 -2.01312418e-02 
 2.11200000e-08 -2.06380624e-02 
 2.11400000e-08 -2.11420885e-02 
 2.11600000e-08 -2.16432337e-02 
 2.11800000e-08 -2.21414113e-02 
 2.12000000e-08 -2.26365344e-02 
 2.12200000e-08 -2.31285161e-02 
 2.12400000e-08 -2.36172692e-02 
 2.12600000e-08 -2.41027063e-02 
 2.12800000e-08 -2.45847402e-02 
 2.13000000e-08 -2.50632834e-02 
 2.13200000e-08 -2.55382483e-02 
 2.13400000e-08 -2.60095476e-02 
 2.13600000e-08 -2.64770936e-02 
 2.13800000e-08 -2.69407991e-02 
 2.14000000e-08 -2.74005765e-02 
 2.14200000e-08 -2.78563387e-02 
 2.14400000e-08 -2.83079986e-02 
 2.14600000e-08 -2.87554691e-02 
 2.14800000e-08 -2.91986637e-02 
 2.15000000e-08 -2.96374957e-02 
 2.15200000e-08 -3.00718790e-02 
 2.15400000e-08 -3.05017277e-02 
 2.15600000e-08 -3.09269563e-02 
 2.15800000e-08 -3.13474796e-02 
 2.16000000e-08 -3.17632128e-02 
 2.16200000e-08 -3.21740719e-02 
 2.16400000e-08 -3.25799730e-02 
 2.16600000e-08 -3.29808330e-02 
 2.16800000e-08 -3.33765693e-02 
 2.17000000e-08 -3.37671000e-02 
 2.17200000e-08 -3.41523437e-02 
 2.17400000e-08 -3.45322199e-02 
 2.17600000e-08 -3.49066489e-02 
 2.17800000e-08 -3.52755517e-02 
 2.18000000e-08 -3.56388500e-02 
 2.18200000e-08 -3.59964667e-02 
 2.18400000e-08 -3.63483255e-02 
 2.18600000e-08 -3.66943510e-02 
 2.18800000e-08 -3.70344688e-02 
 2.19000000e-08 -3.73686058e-02 
 2.19200000e-08 -3.76966898e-02 
 2.19400000e-08 -3.80186497e-02 
 2.19600000e-08 -3.83344157e-02 
 2.19800000e-08 -3.86439193e-02 
 2.20000000e-08 -3.89470931e-02 
 2.20200000e-08 -3.92438711e-02 
 2.20400000e-08 -3.95341886e-02 
 2.20600000e-08 -3.98179824e-02 
 2.20800000e-08 -4.00951907e-02 
 2.21000000e-08 -4.03657531e-02 
 2.21200000e-08 -4.06296106e-02 
 2.21400000e-08 -4.08867061e-02 
 2.21600000e-08 -4.11369836e-02 
 2.21800000e-08 -4.13803892e-02 
 2.22000000e-08 -4.16168702e-02 
 2.22200000e-08 -4.18463759e-02 
 2.22400000e-08 -4.20688571e-02 
 2.22600000e-08 -4.22842665e-02 
 2.22800000e-08 -4.24925584e-02 
 2.23000000e-08 -4.26936890e-02 
 2.23200000e-08 -4.28876163e-02 
 2.23400000e-08 -4.30743001e-02 
 2.23600000e-08 -4.32537021e-02 
 2.23800000e-08 -4.34257858e-02 
 2.24000000e-08 -4.35905168e-02 
 2.24200000e-08 -4.37478623e-02 
 2.24400000e-08 -4.38977918e-02 
 2.24600000e-08 -4.40402764e-02 
 2.24800000e-08 -4.41752895e-02 
 2.25000000e-08 -4.43028061e-02 
 2.25200000e-08 -4.44228036e-02 
 2.25400000e-08 -4.45352611e-02 
 2.25600000e-08 -4.46401597e-02 
 2.25800000e-08 -4.47374827e-02 
 2.26000000e-08 -4.48272152e-02 
 2.26200000e-08 -4.49093444e-02 
 2.26400000e-08 -4.49838595e-02 
 2.26600000e-08 -4.50507517e-02 
 2.26800000e-08 -4.51100143e-02 
 2.27000000e-08 -4.51616423e-02 
 2.27200000e-08 -4.52056330e-02 
 2.27400000e-08 -4.52419854e-02 
 2.27600000e-08 -4.52707008e-02 
 2.27800000e-08 -4.52917822e-02 
 2.28000000e-08 -4.53052345e-02 
 2.28200000e-08 -4.53110647e-02 
 2.28400000e-08 -4.53092816e-02 
 2.28600000e-08 -4.52998960e-02 
 2.28800000e-08 -4.52829204e-02 
 2.29000000e-08 -4.52583692e-02 
 2.29200000e-08 -4.52262587e-02 
 2.29400000e-08 -4.51866070e-02 
 2.29600000e-08 -4.51394339e-02 
 2.29800000e-08 -4.50847609e-02 
 2.30000000e-08 -4.50226114e-02 
 2.30200000e-08 -4.49530103e-02 
 2.30400000e-08 -4.48759844e-02 
 2.30600000e-08 -4.47915618e-02 
 2.30800000e-08 -4.46997725e-02 
 2.31000000e-08 -4.46006480e-02 
 2.31200000e-08 -4.44942213e-02 
 2.31400000e-08 -4.43805268e-02 
 2.31600000e-08 -4.42596005e-02 
 2.31800000e-08 -4.41314799e-02 
 2.32000000e-08 -4.39962038e-02 
 2.32200000e-08 -4.38538123e-02 
 2.32400000e-08 -4.37043469e-02 
 2.32600000e-08 -4.35478505e-02 
 2.32800000e-08 -4.33843670e-02 
 2.33000000e-08 -4.32139418e-02 
 2.33200000e-08 -4.30366213e-02 
 2.33400000e-08 -4.28524531e-02 
 2.33600000e-08 -4.26614859e-02 
 2.33800000e-08 -4.24637695e-02 
 2.34000000e-08 -4.22593546e-02 
 2.34200000e-08 -4.20482931e-02 
 2.34400000e-08 -4.18306377e-02 
 2.34600000e-08 -4.16064421e-02 
 2.34800000e-08 -4.13757608e-02 
 2.35000000e-08 -4.11386493e-02 
 2.35200000e-08 -4.08951637e-02 
 2.35400000e-08 -4.06453611e-02 
 2.35600000e-08 -4.03892991e-02 
 2.35800000e-08 -4.01270363e-02 
 2.36000000e-08 -3.98586317e-02 
 2.36200000e-08 -3.95841451e-02 
 2.36400000e-08 -3.93036368e-02 
 2.36600000e-08 -3.90171678e-02 
 2.36800000e-08 -3.87247996e-02 
 2.37000000e-08 -3.84265940e-02 
 2.37200000e-08 -3.81226137e-02 
 2.37400000e-08 -3.78129214e-02 
 2.37600000e-08 -3.74975806e-02 
 2.37800000e-08 -3.71766550e-02 
 2.38000000e-08 -3.68502086e-02 
 2.38200000e-08 -3.65183058e-02 
 2.38400000e-08 -3.61810116e-02 
 2.38600000e-08 -3.58383908e-02 
 2.38800000e-08 -3.54905087e-02 
 2.39000000e-08 -3.51374310e-02 
 2.39200000e-08 -3.47792234e-02 
 2.39400000e-08 -3.44159518e-02 
 2.39600000e-08 -3.40476825e-02 
 2.39800000e-08 -3.36744816e-02 
 2.40000000e-08 -3.32964156e-02 
 2.40200000e-08 -3.29135511e-02 
 2.40400000e-08 -3.25259548e-02 
 2.40600000e-08 -3.21336934e-02 
 2.40800000e-08 -3.17368338e-02 
 2.41000000e-08 -3.13354428e-02 
 2.41200000e-08 -3.09295873e-02 
 2.41400000e-08 -3.05193344e-02 
 2.41600000e-08 -3.01047509e-02 
 2.41800000e-08 -2.96859041e-02 
 2.42000000e-08 -2.92628607e-02 
 2.42200000e-08 -2.88356879e-02 
 2.42400000e-08 -2.84044525e-02 
 2.42600000e-08 -2.79692216e-02 
 2.42800000e-08 -2.75300621e-02 
 2.43000000e-08 -2.70870409e-02 
 2.43200000e-08 -2.66402248e-02 
 2.43400000e-08 -2.61896807e-02 
 2.43600000e-08 -2.57354752e-02 
 2.43800000e-08 -2.52776751e-02 
 2.44000000e-08 -2.48163471e-02 
 2.44200000e-08 -2.43515578e-02 
 2.44400000e-08 -2.38833737e-02 
 2.44600000e-08 -2.34118612e-02 
 2.44800000e-08 -2.29370869e-02 
 2.45000000e-08 -2.24591171e-02 
 2.45200000e-08 -2.19780182e-02 
 2.45400000e-08 -2.14938564e-02 
 2.45600000e-08 -2.10066980e-02 
 2.45800000e-08 -2.05166092e-02 
 2.46000000e-08 -2.00236562e-02 
 2.46200000e-08 -1.95279051e-02 
 2.46400000e-08 -1.90294220e-02 
 2.46600000e-08 -1.85282731e-02 
 2.46800000e-08 -1.80245243e-02 
 2.47000000e-08 -1.75182417e-02 
 2.47200000e-08 -1.70094915e-02 
 2.47400000e-08 -1.64983397e-02 
 2.47600000e-08 -1.59848525e-02 
 2.47800000e-08 -1.54690958e-02 
 2.48000000e-08 -1.49511360e-02 
 2.48200000e-08 -1.44310391e-02 
 2.48400000e-08 -1.39088714e-02 
 2.48600000e-08 -1.33846993e-02 
 2.48800000e-08 -1.28585892e-02 
 2.49000000e-08 -1.23306074e-02 
 2.49200000e-08 -1.18008205e-02 
 2.49400000e-08 -1.12692953e-02 
 2.49600000e-08 -1.07360984e-02 
 2.49800000e-08 -1.02012968e-02 
 2.50000000e-08 -9.66495747e-03 
 2.50200000e-08 -9.12714762e-03 
 2.50400000e-08 -8.58793457e-03 
 2.50600000e-08 -8.04738583e-03 
 2.50800000e-08 -7.50556907e-03 
 2.51000000e-08 -6.96255217e-03 
 2.51200000e-08 -6.41840320e-03 
 2.51400000e-08 -5.87319046e-03 
 2.51600000e-08 -5.32698246e-03 
 2.51800000e-08 -4.77984795e-03 
 2.52000000e-08 -4.23185592e-03 
 2.52200000e-08 -3.68307564e-03 
 2.52400000e-08 -3.13357663e-03 
 2.52600000e-08 -2.58342871e-03 
 2.52800000e-08 -2.03270196e-03 
 2.53000000e-08 -1.48146678e-03 
 2.53200000e-08 -9.29793892e-04 
 2.53400000e-08 -3.77754318e-04 
 2.53600000e-08  1.74580580e-04 
 2.53800000e-08  7.27139101e-04 
 2.54000000e-08  1.27984920e-03 
 2.54200000e-08  1.83263846e-03 
 2.54400000e-08  2.38543411e-03 
 2.54600000e-08  2.93816302e-03 
 2.54800000e-08  3.49075165e-03 
 2.55000000e-08  4.04312609e-03 
 2.55200000e-08  4.59521204e-03 
 2.55400000e-08  5.14693477e-03 
 2.55600000e-08  5.69821919e-03 
 2.55800000e-08  6.24898976e-03 
 2.56000000e-08  6.79917054e-03 
 2.56200000e-08  7.34868518e-03 
 2.56400000e-08  7.89745690e-03 
 2.56600000e-08  8.44540848e-03 
 2.56800000e-08  8.99246229e-03 
 2.57000000e-08  9.53854027e-03 
 2.57200000e-08  1.00835639e-02 
 2.57400000e-08  1.06274544e-02 
 2.57600000e-08  1.11701322e-02 
 2.57800000e-08  1.17115176e-02 
 2.58000000e-08  1.22515305e-02 
 2.58200000e-08  1.27900903e-02 
 2.58400000e-08  1.33271158e-02 
 2.58600000e-08  1.38625256e-02 
 2.58800000e-08  1.43962379e-02 
 2.59000000e-08  1.49281704e-02 
 2.59200000e-08  1.54582405e-02 
 2.59400000e-08  1.59863650e-02 
 2.59600000e-08  1.65124608e-02 
 2.59800000e-08  1.70364438e-02 
 2.60000000e-08  1.75582301e-02 
 2.60200000e-08  1.80777351e-02 
 2.60400000e-08  1.85948740e-02 
 2.60600000e-08  1.91095618e-02 
 2.60800000e-08  1.96217130e-02 
 2.61000000e-08  2.01312418e-02 
 2.61200000e-08  2.06380624e-02 
 2.61400000e-08  2.11420885e-02 
 2.61600000e-08  2.16432337e-02 
 2.61800000e-08  2.21414113e-02 
 2.62000000e-08  2.26365344e-02 
 2.62200000e-08  2.31285161e-02 
 2.62400000e-08  2.36172692e-02 
 2.62600000e-08  2.41027063e-02 
 2.62800000e-08  2.45847402e-02 
 2.63000000e-08  2.50632834e-02 
 2.63200000e-08  2.55382483e-02 
 2.63400000e-08  2.60095476e-02 
 2.63600000e-08  2.64770936e-02 
 2.63800000e-08  2.69407991e-02 
 2.64000000e-08  2.74005765e-02 
 2.64200000e-08  2.78563387e-02 
 2.64400000e-08  2.83079986e-02 
 2.64600000e-08  2.87554691e-02 
 2.64800000e-08  2.91986637e-02 
 2.65000000e-08  2.96374957e-02 
 2.65200000e-08  3.00718790e-02 
 2.65400000e-08  3.05017277e-02 
 2.65600000e-08  3.09269563e-02 
 2.65800000e-08  3.13474795e-02 
 2.66000000e-08  3.17632128e-02 
 2.66200000e-08  3.21740719e-02 
 2.66400000e-08  3.25799730e-02 
 2.66600000e-08  3.29808330e-02 
 2.66800000e-08  3.33765693e-02 
 2.67000000e-08  3.37671000e-02 
 2.67200000e-08  3.41523437e-02 
 2.67400000e-08  3.45322199e-02 
 2.67600000e-08  3.49066489e-02 
 2.67800000e-08  3.52755517e-02 
 2.68000000e-08  3.56388500e-02 
 2.68200000e-08  3.59964667e-02 
 2.68400000e-08  3.63483255e-02 
 2.68600000e-08  3.66943510e-02 
 2.68800000e-08  3.70344688e-02 
 2.69000000e-08  3.73686058e-02 
 2.69200000e-08  3.76966898e-02 
 2.69400000e-08  3.80186497e-02 
 2.69600000e-08  3.83344157e-02 
 2.69800000e-08  3.86439193e-02 
 2.70000000e-08  3.89470931e-02 
 2.70200000e-08  3.92438711e-02 
 2.70400000e-08  3.95341886e-02 
 2.70600000e-08  3.98179824e-02 
 2.70800000e-08  4.00951907e-02 
 2.71000000e-08  4.03657531e-02 
 2.71200000e-08  4.06296106e-02 
 2.71400000e-08  4.08867061e-02 
 2.71600000e-08  4.11369836e-02 
 2.71800000e-08  4.13803892e-02 
 2.72000000e-08  4.16168702e-02 
 2.72200000e-08  4.18463759e-02 
 2.72400000e-08  4.20688571e-02 
 2.72600000e-08  4.22842665e-02 
 2.72800000e-08  4.24925584e-02 
 2.73000000e-08  4.26936890e-02 
 2.73200000e-08  4.28876163e-02 
 2.73400000e-08  4.30743001e-02 
 2.73600000e-08  4.32537021e-02 
 2.73800000e-08  4.34257858e-02 
 2.74000000e-08  4.35905168e-02 
 2.74200000e-08  4.37478623e-02 
 2.74400000e-08  4.38977918e-02 
 2.74600000e-08  4.40402764e-02 
 2.74800000e-08  4.41752895e-02 
 2.75000000e-08  4.43028061e-02 
 2.75200000e-08  4.44228036e-02 
 2.75400000e-08  4.45352611e-02 
 2.75600000e-08  4.46401597e-02 
 2.75800000e-08  4.47374827e-02 
 2.76000000e-08  4.48272152e-02 
 2.76200000e-08  4.49093444e-02 
 2.76400000e-08  4.49838595e-02 
 2.76600000e-08  4.50507517e-02 
 2.76800000e-08  4.51100143e-02 
 2.77000000e-08  4.51616423e-02 
 2.77200000e-08  4.52056330e-02 
 2.77400000e-08  4.52419854e-02 
 2.77600000e-08  4.52707008e-02 
 2.77800000e-08  4.52917822e-02 
 2.78000000e-08  4.53052345e-02 
 2.78200000e-08  4.53110647e-02 
 2.78400000e-08  4.53092816e-02 
 2.78600000e-08  4.52998960e-02 
 2.78800000e-08  4.52829203e-02 
 2.79000000e-08  4.52583692e-02 
 2.79200000e-08  4.52262587e-02 
 2.79400000e-08  4.51866070e-02 
 2.79600000e-08  4.51394339e-02 
 2.79800000e-08  4.50847609e-02 
 2.80000000e-08  4.50226114e-02 
 2.80200000e-08  4.49530103e-02 
 2.80400000e-08  4.48759844e-02 
 2.80600000e-08  4.47915618e-02 
 2.80800000e-08  4.46997725e-02 
 2.81000000e-08  4.46006480e-02 
 2.81200000e-08  4.44942213e-02 
 2.81400000e-08  4.43805268e-02 
 2.81600000e-08  4.42596005e-02 
 2.81800000e-08  4.41314799e-02 
 2.82000000e-08  4.39962038e-02 
 2.82200000e-08  4.38538123e-02 
 2.82400000e-08  4.37043469e-02 
 2.82600000e-08  4.35478505e-02 
 2.82800000e-08  4.33843670e-02 
 2.83000000e-08  4.32139418e-02 
 2.83200000e-08  4.30366213e-02 
 2.83400000e-08  4.28524531e-02 
 2.83600000e-08  4.26614859e-02 
 2.83800000e-08  4.24637695e-02 
 2.84000000e-08  4.22593546e-02 
 2.84200000e-08  4.20482931e-02 
 2.84400000e-08  4.18306377e-02 
 2.84600000e-08  4.16064421e-02 
 2.84800000e-08  4.13757608e-02 
 2.85000000e-08  4.11386493e-02 
 2.85200000e-08  4.08951637e-02 
 2.85400000e-08  4.06453611e-02 
 2.85600000e-08  4.03892991e-02 
 2.85800000e-08  4.01270363e-02 
 2.86000000e-08  3.98586317e-02 
 2.86200000e-08  3.95841451e-02 
 2.86400000e-08  3.93036368e-02 
 2.86600000e-08  3.90171678e-02 
 2.86800000e-08  3.87247996e-02 
 2.87000000e-08  3.84265940e-02 
 2.87200000e-08  3.81226137e-02 
 2.87400000e-08  3.78129214e-02 
 2.87600000e-08  3.74975806e-02 
 2.87800000e-08  3.71766550e-02 
 2.88000000e-08  3.68502086e-02 
 2.88200000e-08  3.65183058e-02 
 2.88400000e-08  3.61810116e-02 
 2.88600000e-08  3.58383908e-02 
 2.88800000e-08  3.54905087e-02 
 2.89000000e-08  3.51374310e-02 
 2.89200000e-08  3.47792234e-02 
 2.89400000e-08  3.44159518e-02 
 2.89600000e-08  3.40476825e-02 
 2.89800000e-08  3.36744816e-02 
 2.90000000e-08  3.32964156e-02 
 2.90200000e-08  3.29135511e-02 
 2.90400000e-08  3.25259548e-02 
 2.90600000e-08  3.21336934e-02 
 2.90800000e-08  3.17368338e-02 
 2.91000000e-08  3.13354428e-02 
 2.91200000e-08  3.09295873e-02 
 2.91400000e-08  3.05193344e-02 
 2.91600000e-08  3.01047509e-02 
 2.91800000e-08  2.96859041e-02 
 2.92000000e-08  2.92628607e-02 
 2.92200000e-08  2.88356879e-02 
 2.92400000e-08  2.84044525e-02 
 2.92600000e-08  2.79692216e-02 
 2.92800000e-08  2.75300621e-02 
 2.93000000e-08  2.70870409e-02 
 2.93200000e-08  2.66402248e-02 
 2.93400000e-08  2.61896807e-02 
 2.93600000e-08  2.57354752e-02 
 2.93800000e-08  2.52776751e-02 
 2.94000000e-08  2.48163471e-02 
 2.94200000e-08  2.43515578e-02 
 2.94400000e-08  2.38833737e-02 
 2.94600000e-08  2.34118612e-02 
 2.94800000e-08  2.29370869e-02 
 2.95000000e-08  2.24591171e-02 
 2.95200000e-08  2.19780182e-02 
 2.95400000e-08  2.14938564e-02 
 2.95600000e-08  2.10066980e-02 
 2.95800000e-08  2.05166092e-02 
 2.96000000e-08  2.00236562e-02 
 2.96200000e-08  1.95279051e-02 
 2.96400000e-08  1.90294220e-02 
 2.96600000e-08  1.85282731e-02 
 2.96800000e-08  1.80245243e-02 
 2.97000000e-08  1.75182417e-02 
 2.97200000e-08  1.70094915e-02 
 2.97400000e-08  1.64983397e-02 
 2.97600000e-08  1.59848525e-02 
 2.97800000e-08  1.54690958e-02 
 2.98000000e-08  1.49511360e-02 
 2.98200000e-08  1.44310391e-02 
 2.98400000e-08  1.39088714e-02 
 2.98600000e-08  1.33846993e-02 
 2.98800000e-08  1.28585892e-02 
 2.99000000e-08  1.23306074e-02 
 2.99200000e-08  1.18008205e-02 
 2.99400000e-08  1.12692953e-02 
 2.99600000e-08  1.07360984e-02 
 2.99800000e-08  1.02012968e-02 
 3.00000000e-08  9.66495747e-03 
 3.00200000e-08  9.12714762e-03 
 3.00400000e-08  8.58793457e-03 
 3.00600000e-08  8.04738583e-03 
 3.00800000e-08  7.50556907e-03 
 3.01000000e-08  6.96255217e-03 
 3.01200000e-08  6.41840320e-03 
 3.01400000e-08  5.87319046e-03 
 3.01600000e-08  5.32698246e-03 
 3.01800000e-08  4.77984795e-03 
 3.02000000e-08  4.23185592e-03 
 3.02200000e-08  3.68307564e-03 
 3.02400000e-08  3.13357663e-03 
 3.02600000e-08  2.58342871e-03 
 3.02800000e-08  2.03270196e-03 
 3.03000000e-08  1.48146678e-03 
 3.03200000e-08  9.29793892e-04 
 3.03400000e-08  3.77754318e-04 
 3.03600000e-08 -1.74580580e-04 
 3.03800000e-08 -7.27139101e-04 
 3.04000000e-08 -1.27984920e-03 
 3.04200000e-08 -1.83263846e-03 
 3.04400000e-08 -2.38543411e-03 
 3.04600000e-08 -2.93816302e-03 
 3.04800000e-08 -3.49075165e-03 
 3.05000000e-08 -4.04312609e-03 
 3.05200000e-08 -4.59521204e-03 
 3.05400000e-08 -5.14693477e-03 
 3.05600000e-08 -5.69821919e-03 
 3.05800000e-08 -6.24898976e-03 
 3.06000000e-08 -6.79917054e-03 
 3.06200000e-08 -7.34868518e-03 
 3.06400000e-08 -7.89745690e-03 
 3.06600000e-08 -8.44540848e-03 
 3.06800000e-08 -8.99246229e-03 
 3.07000000e-08 -9.53854027e-03 
 3.07200000e-08 -1.00835639e-02 
 3.07400000e-08 -1.06274544e-02 
 3.07600000e-08 -1.11701322e-02 
 3.07800000e-08 -1.17115176e-02 
 3.08000000e-08 -1.22515305e-02 
 3.08200000e-08 -1.27900903e-02 
 3.08400000e-08 -1.33271158e-02 
 3.08600000e-08 -1.38625256e-02 
 3.08800000e-08 -1.43962379e-02 
 3.09000000e-08 -1.49281704e-02 
 3.09200000e-08 -1.54582405e-02 
 3.09400000e-08 -1.59863650e-02 
 3.09600000e-08 -1.65124608e-02 
 3.09800000e-08 -1.70364438e-02 
 3.10000000e-08 -1.75582301e-02 
 3.10200000e-08 -1.80777351e-02 
 3.10400000e-08 -1.85948740e-02 
 3.10600000e-08 -1.91095618e-02 
 3.10800000e-08 -1.96217130e-02 
 3.11000000e-08 -2.01312418e-02 
 3.11200000e-08 -2.06380624e-02 
 3.11400000e-08 -2.11420885e-02 
 3.11600000e-08 -2.16432337e-02 
 3.11800000e-08 -2.21414113e-02 
 3.12000000e-08 -2.26365344e-02 
 3.12200000e-08 -2.31285161e-02 
 3.12400000e-08 -2.36172692e-02 
 3.12600000e-08 -2.41027063e-02 
 3.12800000e-08 -2.45847402e-02 
 3.13000000e-08 -2.50632834e-02 
 3.13200000e-08 -2.55382483e-02 
 3.13400000e-08 -2.60095476e-02 
 3.13600000e-08 -2.64770936e-02 
 3.13800000e-08 -2.69407991e-02 
 3.14000000e-08 -2.74005765e-02 
 3.14200000e-08 -2.78563387e-02 
 3.14400000e-08 -2.83079986e-02 
 3.14600000e-08 -2.87554691e-02 
 3.14800000e-08 -2.91986637e-02 
 3.15000000e-08 -2.96374957e-02 
 3.15200000e-08 -3.00718790e-02 
 3.15400000e-08 -3.05017277e-02 
 3.15600000e-08 -3.09269563e-02 
 3.15800000e-08 -3.13474795e-02 
 3.16000000e-08 -3.17632128e-02 
 3.16200000e-08 -3.21740719e-02 
 3.16400000e-08 -3.25799730e-02 
 3.16600000e-08 -3.29808330e-02 
 3.16800000e-08 -3.33765693e-02 
 3.17000000e-08 -3.37671000e-02 
 3.17200000e-08 -3.41523437e-02 
 3.17400000e-08 -3.45322199e-02 
 3.17600000e-08 -3.49066489e-02 
 3.17800000e-08 -3.52755517e-02 
 3.18000000e-08 -3.56388500e-02 
 3.18200000e-08 -3.59964667e-02 
 3.18400000e-08 -3.63483255e-02 
 3.18600000e-08 -3.66943510e-02 
 3.18800000e-08 -3.70344688e-02 
 3.19000000e-08 -3.73686058e-02 
 3.19200000e-08 -3.76966898e-02 
 3.19400000e-08 -3.80186497e-02 
 3.19600000e-08 -3.83344157e-02 
 3.19800000e-08 -3.86439193e-02 
 3.20000000e-08 -3.89470931e-02 
 3.20200000e-08 -3.92438711e-02 
 3.20400000e-08 -3.95341886e-02 
 3.20600000e-08 -3.98179824e-02 
 3.20800000e-08 -4.00951907e-02 
 3.21000000e-08 -4.03657531e-02 
 3.21200000e-08 -4.06296106e-02 
 3.21400000e-08 -4.08867061e-02 
 3.21600000e-08 -4.11369836e-02 
 3.21800000e-08 -4.13803892e-02 
 3.22000000e-08 -4.16168702e-02 
 3.22200000e-08 -4.18463759e-02 
 3.22400000e-08 -4.20688571e-02 
 3.22600000e-08 -4.22842665e-02 
 3.22800000e-08 -4.24925584e-02 
 3.23000000e-08 -4.26936890e-02 
 3.23200000e-08 -4.28876163e-02 
 3.23400000e-08 -4.30743001e-02 
 3.23600000e-08 -4.32537021e-02 
 3.23800000e-08 -4.34257858e-02 
 3.24000000e-08 -4.35905168e-02 
 3.24200000e-08 -4.37478623e-02 
 3.24400000e-08 -4.38977918e-02 
 3.24600000e-08 -4.40402764e-02 
 3.24800000e-08 -4.41752895e-02 
 3.25000000e-08 -4.43028061e-02 
 3.25200000e-08 -4.44228036e-02 
 3.25400000e-08 -4.45352611e-02 
 3.25600000e-08 -4.46401597e-02 
 3.25800000e-08 -4.47374827e-02 
 3.26000000e-08 -4.48272152e-02 
 3.26200000e-08 -4.49093444e-02 
 3.26400000e-08 -4.49838595e-02 
 3.26600000e-08 -4.50507517e-02 
 3.26800000e-08 -4.51100143e-02 
 3.27000000e-08 -4.51616423e-02 
 3.27200000e-08 -4.52056330e-02 
 3.27400000e-08 -4.52419854e-02 
 3.27600000e-08 -4.52707008e-02 
 3.27800000e-08 -4.52917822e-02 
 3.28000000e-08 -4.53052345e-02 
 3.28200000e-08 -4.53110647e-02 
 3.28400000e-08 -4.53092816e-02 
 3.28600000e-08 -4.52998960e-02 
 3.28800000e-08 -4.52829203e-02 
 3.29000000e-08 -4.52583692e-02 
 3.29200000e-08 -4.52262587e-02 
 3.29400000e-08 -4.51866070e-02 
 3.29600000e-08 -4.51394339e-02 
 3.29800000e-08 -4.50847609e-02 
 3.30000000e-08 -4.50226114e-02 
 3.30200000e-08 -4.49530103e-02 
 3.30400000e-08 -4.48759844e-02 
 3.30600000e-08 -4.47915618e-02 
 3.30800000e-08 -4.46997725e-02 
 3.31000000e-08 -4.46006480e-02 
 3.31200000e-08 -4.44942213e-02 
 3.31400000e-08 -4.43805268e-02 
 3.31600000e-08 -4.42596005e-02 
 3.31800000e-08 -4.41314799e-02 
 3.32000000e-08 -4.39962038e-02 
 3.32200000e-08 -4.38538123e-02 
 3.32400000e-08 -4.37043469e-02 
 3.32600000e-08 -4.35478505e-02 
 3.32800000e-08 -4.33843670e-02 
 3.33000000e-08 -4.32139418e-02 
 3.33200000e-08 -4.30366213e-02 
 3.33400000e-08 -4.28524531e-02 
 3.33600000e-08 -4.26614859e-02 
 3.33800000e-08 -4.24637695e-02 
 3.34000000e-08 -4.22593546e-02 
 3.34200000e-08 -4.20482931e-02 
 3.34400000e-08 -4.18306377e-02 
 3.34600000e-08 -4.16064421e-02 
 3.34800000e-08 -4.13757608e-02 
 3.35000000e-08 -4.11386493e-02 
 3.35200000e-08 -4.08951637e-02 
 3.35400000e-08 -4.06453611e-02 
 3.35600000e-08 -4.03892991e-02 
 3.35800000e-08 -4.01270363e-02 
 3.36000000e-08 -3.98586317e-02 
 3.36200000e-08 -3.95841451e-02 
 3.36400000e-08 -3.93036368e-02 
 3.36600000e-08 -3.90171678e-02 
 3.36800000e-08 -3.87247996e-02 
 3.37000000e-08 -3.84265940e-02 
 3.37200000e-08 -3.81226137e-02 
 3.37400000e-08 -3.78129214e-02 
 3.37600000e-08 -3.74975806e-02 
 3.37800000e-08 -3.71766550e-02 
 3.38000000e-08 -3.68502086e-02 
 3.38200000e-08 -3.65183058e-02 
 3.38400000e-08 -3.61810116e-02 
 3.38600000e-08 -3.58383908e-02 
 3.38800000e-08 -3.54905087e-02 
 3.39000000e-08 -3.51374310e-02 
 3.39200000e-08 -3.47792234e-02 
 3.39400000e-08 -3.44159518e-02 
 3.39600000e-08 -3.40476825e-02 
 3.39800000e-08 -3.36744816e-02 
 3.40000000e-08 -3.32964156e-02 
 3.40200000e-08 -3.29135511e-02 
 3.40400000e-08 -3.25259548e-02 
 3.40600000e-08 -3.21336934e-02 
 3.40800000e-08 -3.17368338e-02 
 3.41000000e-08 -3.13354428e-02 
 3.41200000e-08 -3.09295873e-02 
 3.41400000e-08 -3.05193344e-02 
 3.41600000e-08 -3.01047509e-02 
 3.41800000e-08 -2.96859041e-02 
 3.42000000e-08 -2.92628607e-02 
 3.42200000e-08 -2.88356879e-02 
 3.42400000e-08 -2.84044525e-02 
 3.42600000e-08 -2.79692216e-02 
 3.42800000e-08 -2.75300621e-02 
 3.43000000e-08 -2.70870409e-02 
 3.43200000e-08 -2.66402248e-02 
 3.43400000e-08 -2.61896807e-02 
 3.43600000e-08 -2.57354752e-02 
 3.43800000e-08 -2.52776751e-02 
 3.44000000e-08 -2.48163471e-02 
 3.44200000e-08 -2.43515578e-02 
 3.44400000e-08 -2.38833737e-02 
 3.44600000e-08 -2.34118612e-02 
 3.44800000e-08 -2.29370869e-02 
 3.45000000e-08 -2.24591171e-02 
 3.45200000e-08 -2.19780182e-02 
 3.45400000e-08 -2.14938564e-02 
 3.45600000e-08 -2.10066980e-02 
 3.45800000e-08 -2.05166092e-02 
 3.46000000e-08 -2.00236562e-02 
 3.46200000e-08 -1.95279051e-02 
 3.46400000e-08 -1.90294220e-02 
 3.46600000e-08 -1.85282731e-02 
 3.46800000e-08 -1.80245243e-02 
 3.47000000e-08 -1.75182417e-02 
 3.47200000e-08 -1.70094915e-02 
 3.47400000e-08 -1.64983397e-02 
 3.47600000e-08 -1.59848525e-02 
 3.47800000e-08 -1.54690958e-02 
 3.48000000e-08 -1.49511360e-02 
 3.48200000e-08 -1.44310391e-02 
 3.48400000e-08 -1.39088714e-02 
 3.48600000e-08 -1.33846993e-02 
 3.48800000e-08 -1.28585892e-02 
 3.49000000e-08 -1.23306074e-02 
 3.49200000e-08 -1.18008205e-02 
 3.49400000e-08 -1.12692953e-02 
 3.49600000e-08 -1.07360984e-02 
 3.49800000e-08 -1.02012968e-02 
 3.50000000e-08 -9.66495747e-03 
 3.50200000e-08 -9.12714762e-03 
 3.50400000e-08 -8.58793457e-03 
 3.50600000e-08 -8.04738583e-03 
 3.50800000e-08 -7.50556907e-03 
 3.51000000e-08 -6.96255217e-03 
 3.51200000e-08 -6.41840320e-03 
 3.51400000e-08 -5.87319046e-03 
 3.51600000e-08 -5.32698246e-03 
 3.51800000e-08 -4.77984795e-03 
 3.52000000e-08 -4.23185592e-03 
 3.52200000e-08 -3.68307564e-03 
 3.52400000e-08 -3.13357663e-03 
 3.52600000e-08 -2.58342871e-03 
 3.52800000e-08 -2.03270196e-03 
 3.53000000e-08 -1.48146678e-03 
 3.53200000e-08 -9.29793892e-04 
 3.53400000e-08 -3.77754318e-04 
 3.53600000e-08  1.74580580e-04 
 3.53800000e-08  7.27139101e-04 
 3.54000000e-08  1.27984920e-03 
 3.54200000e-08  1.83263846e-03 
 3.54400000e-08  2.38543411e-03 
 3.54600000e-08  2.93816302e-03 
 3.54800000e-08  3.49075165e-03 
 3.55000000e-08  4.04312609e-03 
 3.55200000e-08  4.59521204e-03 
 3.55400000e-08  5.14693477e-03 
 3.55600000e-08  5.69821919e-03 
 3.55800000e-08  6.24898976e-03 
 3.56000000e-08  6.79917054e-03 
 3.56200000e-08  7.34868518e-03 
 3.56400000e-08  7.89745690e-03 
 3.56600000e-08  8.44540848e-03 
 3.56800000e-08  8.99246229e-03 
 3.57000000e-08  9.53854027e-03 
 3.57200000e-08  1.00835639e-02 
 3.57400000e-08  1.06274544e-02 
 3.57600000e-08  1.11701322e-02 
 3.57800000e-08  1.17115176e-02 
 3.58000000e-08  1.22515305e-02 
 3.58200000e-08  1.27900903e-02 
 3.58400000e-08  1.33271158e-02 
 3.58600000e-08  1.38625256e-02 
 3.58800000e-08  1.43962379e-02 
 3.59000000e-08  1.49281704e-02 
 3.59200000e-08  1.54582405e-02 
 3.59400000e-08  1.59863650e-02 
 3.59600000e-08  1.65124608e-02 
 3.59800000e-08  1.70364438e-02 
 3.60000000e-08  1.75582301e-02 
 3.60200000e-08  1.80777351e-02 
 3.60400000e-08  1.85948740e-02 
 3.60600000e-08  1.91095618e-02 
 3.60800000e-08  1.96217130e-02 
 3.61000000e-08  2.01312418e-02 
 3.61200000e-08  2.06380624e-02 
 3.61400000e-08  2.11420885e-02 
 3.61600000e-08  2.16432337e-02 
 3.61800000e-08  2.21414113e-02 
 3.62000000e-08  2.26365344e-02 
 3.62200000e-08  2.31285161e-02 
 3.62400000e-08  2.36172692e-02 
 3.62600000e-08  2.41027063e-02 
 3.62800000e-08  2.45847402e-02 
 3.63000000e-08  2.50632834e-02 
 3.63200000e-08  2.55382483e-02 
 3.63400000e-08  2.60095476e-02 
 3.63600000e-08  2.64770936e-02 
 3.63800000e-08  2.69407991e-02 
 3.64000000e-08  2.74005765e-02 
 3.64200000e-08  2.78563387e-02 
 3.64400000e-08  2.83079986e-02 
 3.64600000e-08  2.87554691e-02 
 3.64800000e-08  2.91986637e-02 
 3.65000000e-08  2.96374957e-02 
 3.65200000e-08  3.00718790e-02 
 3.65400000e-08  3.05017277e-02 
 3.65600000e-08  3.09269563e-02 
 3.65800000e-08  3.13474795e-02 
 3.66000000e-08  3.17632128e-02 
 3.66200000e-08  3.21740719e-02 
 3.66400000e-08  3.25799730e-02 
 3.66600000e-08  3.29808330e-02 
 3.66800000e-08  3.33765693e-02 
 3.67000000e-08  3.37671000e-02 
 3.67200000e-08  3.41523437e-02 
 3.67400000e-08  3.45322199e-02 
 3.67600000e-08  3.49066489e-02 
 3.67800000e-08  3.52755517e-02 
 3.68000000e-08  3.56388500e-02 
 3.68200000e-08  3.59964667e-02 
 3.68400000e-08  3.63483255e-02 
 3.68600000e-08  3.66943510e-02 
 3.68800000e-08  3.70344688e-02 
 3.69000000e-08  3.73686058e-02 
 3.69200000e-08  3.76966898e-02 
 3.69400000e-08  3.80186497e-02 
 3.69600000e-08  3.83344157e-02 
 3.69800000e-08  3.86439193e-02 
 3.70000000e-08  3.89470931e-02 
 3.70200000e-08  3.92438711e-02 
 3.70400000e-08  3.95341886e-02 
 3.70600000e-08  3.98179824e-02 
 3.70800000e-08  4.00951907e-02 
 3.71000000e-08  4.03657531e-02 
 3.71200000e-08  4.06296106e-02 
 3.71400000e-08  4.08867061e-02 
 3.71600000e-08  4.11369836e-02 
 3.71800000e-08  4.13803892e-02 
 3.72000000e-08  4.16168702e-02 
 3.72200000e-08  4.18463759e-02 
 3.72400000e-08  4.20688571e-02 
 3.72600000e-08  4.22842665e-02 
 3.72800000e-08  4.24925584e-02 
 3.73000000e-08  4.26936890e-02 
 3.73200000e-08  4.28876163e-02 
 3.73400000e-08  4.30743001e-02 
 3.73600000e-08  4.32537021e-02 
 3.73800000e-08  4.34257858e-02 
 3.74000000e-08  4.35905168e-02 
 3.74200000e-08  4.37478623e-02 
 3.74400000e-08  4.38977918e-02 
 3.74600000e-08  4.40402764e-02 
 3.74800000e-08  4.41752895e-02 
 3.75000000e-08  4.43028061e-02 
 3.75200000e-08  4.44228036e-02 
 3.75400000e-08  4.45352611e-02 
 3.75600000e-08  4.46401597e-02 
 3.75800000e-08  4.47374827e-02 
 3.76000000e-08  4.48272152e-02 
 3.76200000e-08  4.49093444e-02 
 3.76400000e-08  4.49838595e-02 
 3.76600000e-08  4.50507517e-02 
 3.76800000e-08  4.51100143e-02 
 3.77000000e-08  4.51616423e-02 
 3.77200000e-08  4.52056330e-02 
 3.77400000e-08  4.52419854e-02 
 3.77600000e-08  4.52707008e-02 
 3.77800000e-08  4.52917822e-02 
 3.78000000e-08  4.53052345e-02 
 3.78200000e-08  4.53110647e-02 
 3.78400000e-08  4.53092816e-02 
 3.78600000e-08  4.52998960e-02 
 3.78800000e-08  4.52829203e-02 
 3.79000000e-08  4.52583692e-02 
 3.79200000e-08  4.52262587e-02 
 3.79400000e-08  4.51866070e-02 
 3.79600000e-08  4.51394339e-02 
 3.79800000e-08  4.50847609e-02 
 3.80000000e-08  4.50226114e-02 
 3.80200000e-08  4.49530103e-02 
 3.80400000e-08  4.48759844e-02 
 3.80600000e-08  4.47915618e-02 
 3.80800000e-08  4.46997725e-02 
 3.81000000e-08  4.46006480e-02 
 3.81200000e-08  4.44942213e-02 
 3.81400000e-08  4.43805268e-02 
 3.81600000e-08  4.42596005e-02 
 3.81800000e-08  4.41314799e-02 
 3.82000000e-08  4.39962038e-02 
 3.82200000e-08  4.38538123e-02 
 3.82400000e-08  4.37043469e-02 
 3.82600000e-08  4.35478505e-02 
 3.82800000e-08  4.33843670e-02 
 3.83000000e-08  4.32139418e-02 
 3.83200000e-08  4.30366213e-02 
 3.83400000e-08  4.28524531e-02 
 3.83600000e-08  4.26614859e-02 
 3.83800000e-08  4.24637695e-02 
 3.84000000e-08  4.22593546e-02 
 3.84200000e-08  4.20482931e-02 
 3.84400000e-08  4.18306377e-02 
 3.84600000e-08  4.16064421e-02 
 3.84800000e-08  4.13757608e-02 
 3.85000000e-08  4.11386493e-02 
 3.85200000e-08  4.08951637e-02 
 3.85400000e-08  4.06453611e-02 
 3.85600000e-08  4.03892991e-02 
 3.85800000e-08  4.01270363e-02 
 3.86000000e-08  3.98586317e-02 
 3.86200000e-08  3.95841451e-02 
 3.86400000e-08  3.93036368e-02 
 3.86600000e-08  3.90171678e-02 
 3.86800000e-08  3.87247996e-02 
 3.87000000e-08  3.84265940e-02 
 3.87200000e-08  3.81226137e-02 
 3.87400000e-08  3.78129214e-02 
 3.87600000e-08  3.74975806e-02 
 3.87800000e-08  3.71766550e-02 
 3.88000000e-08  3.68502086e-02 
 3.88200000e-08  3.65183058e-02 
 3.88400000e-08  3.61810116e-02 
 3.88600000e-08  3.58383908e-02 
 3.88800000e-08  3.54905087e-02 
 3.89000000e-08  3.51374310e-02 
 3.89200000e-08  3.47792234e-02 
 3.89400000e-08  3.44159518e-02 
 3.89600000e-08  3.40476825e-02 
 3.89800000e-08  3.36744816e-02 
 3.90000000e-08  3.32964156e-02 
 3.90200000e-08  3.29135511e-02 
 3.90400000e-08  3.25259548e-02 
 3.90600000e-08  3.21336934e-02 
 3.90800000e-08  3.17368338e-02 
 3.91000000e-08  3.13354428e-02 
 3.91200000e-08  3.09295873e-02 
 3.91400000e-08  3.05193344e-02 
 3.91600000e-08  3.01047509e-02 
 3.91800000e-08  2.96859041e-02 
 3.92000000e-08  2.92628607e-02 
 3.92200000e-08  2.88356879e-02 
 3.92400000e-08  2.84044525e-02 
 3.92600000e-08  2.79692216e-02 
 3.92800000e-08  2.75300621e-02 
 3.93000000e-08  2.70870409e-02 
 3.93200000e-08  2.66402248e-02 
 3.93400000e-08  2.61896807e-02 
 3.93600000e-08  2.57354752e-02 
 3.93800000e-08  2.52776751e-02 
 3.94000000e-08  2.48163471e-02 
 3.94200000e-08  2.43515578e-02 
 3.94400000e-08  2.38833737e-02 
 3.94600000e-08  2.34118612e-02 
 3.94800000e-08  2.29370869e-02 
 3.95000000e-08  2.24591171e-02 
 3.95200000e-08  2.19780182e-02 
 3.95400000e-08  2.14938564e-02 
 3.95600000e-08  2.10066980e-02 
 3.95800000e-08  2.05166092e-02 
 3.96000000e-08  2.00236562e-02 
 3.96200000e-08  1.95279051e-02 
 3.96400000e-08  1.90294220e-02 
 3.96600000e-08  1.85282731e-02 
 3.96800000e-08  1.80245243e-02 
 3.97000000e-08  1.75182417e-02 
 3.97200000e-08  1.70094915e-02 
 3.97400000e-08  1.64983397e-02 
 3.97600000e-08  1.59848525e-02 
 3.97800000e-08  1.54690958e-02 
 3.98000000e-08  1.49511360e-02 
 3.98200000e-08  1.44310391e-02 
 3.98400000e-08  1.39088714e-02 
 3.98600000e-08  1.33846993e-02 
 3.98800000e-08  1.28585892e-02 
 3.99000000e-08  1.23306074e-02 
 3.99200000e-08  1.18008205e-02 
 3.99400000e-08  1.12692953e-02 
 3.99600000e-08  1.07360984e-02 
 3.99800000e-08  1.02012968e-02 
 4.00000000e-08  9.66495747e-03 
 4.00200000e-08  9.12714762e-03 
 4.00400000e-08  8.58793457e-03 
 4.00600000e-08  8.04738583e-03 
 4.00800000e-08  7.50556907e-03 
 4.01000000e-08  6.96255217e-03 
 4.01200000e-08  6.41840320e-03 
 4.01400000e-08  5.87319046e-03 
 4.01600000e-08  5.32698246e-03 
 4.01800000e-08  4.77984795e-03 
 4.02000000e-08  4.23185592e-03 
 4.02200000e-08  3.68307564e-03 
 4.02400000e-08  3.13357663e-03 
 4.02600000e-08  2.58342871e-03 
 4.02800000e-08  2.03270196e-03 
 4.03000000e-08  1.48146678e-03 
 4.03200000e-08  9.29793892e-04 
 4.03400000e-08  3.77754318e-04 
 4.03600000e-08 -1.74580580e-04 
 4.03800000e-08 -7.27139101e-04 
 4.04000000e-08 -1.27984920e-03 
 4.04200000e-08 -1.83263846e-03 
 4.04400000e-08 -2.38543411e-03 
 4.04600000e-08 -2.93816302e-03 
 4.04800000e-08 -3.49075165e-03 
 4.05000000e-08 -4.04312609e-03 
 4.05200000e-08 -4.59521204e-03 
 4.05400000e-08 -5.14693477e-03 
 4.05600000e-08 -5.69821919e-03 
 4.05800000e-08 -6.24898976e-03 
 4.06000000e-08 -6.79917054e-03 
 4.06200000e-08 -7.34868518e-03 
 4.06400000e-08 -7.89745690e-03 
 4.06600000e-08 -8.44540848e-03 
 4.06800000e-08 -8.99246229e-03 
 4.07000000e-08 -9.53854027e-03 
 4.07200000e-08 -1.00835639e-02 
 4.07400000e-08 -1.06274544e-02 
 4.07600000e-08 -1.11701322e-02 
 4.07800000e-08 -1.17115176e-02 
 4.08000000e-08 -1.22515305e-02 
 4.08200000e-08 -1.27900903e-02 
 4.08400000e-08 -1.33271158e-02 
 4.08600000e-08 -1.38625256e-02 
 4.08800000e-08 -1.43962379e-02 
 4.09000000e-08 -1.49281704e-02 
 4.09200000e-08 -1.54582405e-02 
 4.09400000e-08 -1.59863650e-02 
 4.09600000e-08 -1.65124608e-02 
 4.09800000e-08 -1.70364438e-02 
 4.10000000e-08 -1.75582301e-02 
 4.10200000e-08 -1.80777351e-02 
 4.10400000e-08 -1.85948740e-02 
 4.10600000e-08 -1.91095618e-02 
 4.10800000e-08 -1.96217130e-02 
 4.11000000e-08 -2.01312418e-02 
 4.11200000e-08 -2.06380624e-02 
 4.11400000e-08 -2.11420885e-02 
 4.11600000e-08 -2.16432337e-02 
 4.11800000e-08 -2.21414113e-02 
 4.12000000e-08 -2.26365344e-02 
 4.12200000e-08 -2.31285161e-02 
 4.12400000e-08 -2.36172692e-02 
 4.12600000e-08 -2.41027063e-02 
 4.12800000e-08 -2.45847402e-02 
 4.13000000e-08 -2.50632834e-02 
 4.13200000e-08 -2.55382483e-02 
 4.13400000e-08 -2.60095476e-02 
 4.13600000e-08 -2.64770936e-02 
 4.13800000e-08 -2.69407991e-02 
 4.14000000e-08 -2.74005765e-02 
 4.14200000e-08 -2.78563387e-02 
 4.14400000e-08 -2.83079986e-02 
 4.14600000e-08 -2.87554691e-02 
 4.14800000e-08 -2.91986637e-02 
 4.15000000e-08 -2.96374957e-02 
 4.15200000e-08 -3.00718790e-02 
 4.15400000e-08 -3.05017277e-02 
 4.15600000e-08 -3.09269563e-02 
 4.15800000e-08 -3.13474795e-02 
 4.16000000e-08 -3.17632128e-02 
 4.16200000e-08 -3.21740719e-02 
 4.16400000e-08 -3.25799730e-02 
 4.16600000e-08 -3.29808330e-02 
 4.16800000e-08 -3.33765693e-02 
 4.17000000e-08 -3.37671000e-02 
 4.17200000e-08 -3.41523437e-02 
 4.17400000e-08 -3.45322199e-02 
 4.17600000e-08 -3.49066489e-02 
 4.17800000e-08 -3.52755517e-02 
 4.18000000e-08 -3.56388500e-02 
 4.18200000e-08 -3.59964667e-02 
 4.18400000e-08 -3.63483255e-02 
 4.18600000e-08 -3.66943510e-02 
 4.18800000e-08 -3.70344688e-02 
 4.19000000e-08 -3.73686058e-02 
 4.19200000e-08 -3.76966898e-02 
 4.19400000e-08 -3.80186497e-02 
 4.19600000e-08 -3.83344157e-02 
 4.19800000e-08 -3.86439193e-02 
 4.20000000e-08 -3.89470931e-02 
 4.20200000e-08 -3.92438711e-02 
 4.20400000e-08 -3.95341886e-02 
 4.20600000e-08 -3.98179824e-02 
 4.20800000e-08 -4.00951907e-02 
 4.21000000e-08 -4.03657531e-02 
 4.21200000e-08 -4.06296106e-02 
 4.21400000e-08 -4.08867061e-02 
 4.21600000e-08 -4.11369836e-02 
 4.21800000e-08 -4.13803892e-02 
 4.22000000e-08 -4.16168702e-02 
 4.22200000e-08 -4.18463759e-02 
 4.22400000e-08 -4.20688571e-02 
 4.22600000e-08 -4.22842665e-02 
 4.22800000e-08 -4.24925584e-02 
 4.23000000e-08 -4.26936890e-02 
 4.23200000e-08 -4.28876163e-02 
 4.23400000e-08 -4.30743001e-02 
 4.23600000e-08 -4.32537021e-02 
 4.23800000e-08 -4.34257858e-02 
 4.24000000e-08 -4.35905168e-02 
 4.24200000e-08 -4.37478623e-02 
 4.24400000e-08 -4.38977918e-02 
 4.24600000e-08 -4.40402764e-02 
 4.24800000e-08 -4.41752895e-02 
 4.25000000e-08 -4.43028061e-02 
 4.25200000e-08 -4.44228036e-02 
 4.25400000e-08 -4.45352611e-02 
 4.25600000e-08 -4.46401597e-02 
 4.25800000e-08 -4.47374827e-02 
 4.26000000e-08 -4.48272152e-02 
 4.26200000e-08 -4.49093444e-02 
 4.26400000e-08 -4.49838595e-02 
 4.26600000e-08 -4.50507517e-02 
 4.26800000e-08 -4.51100143e-02 
 4.27000000e-08 -4.51616423e-02 
 4.27200000e-08 -4.52056330e-02 
 4.27400000e-08 -4.52419854e-02 
 4.27600000e-08 -4.52707008e-02 
 4.27800000e-08 -4.52917822e-02 
 4.28000000e-08 -4.53052345e-02 
 4.28200000e-08 -4.53110647e-02 
 4.28400000e-08 -4.53092816e-02 
 4.28600000e-08 -4.52998960e-02 
 4.28800000e-08 -4.52829203e-02 
 4.29000000e-08 -4.52583692e-02 
 4.29200000e-08 -4.52262587e-02 
 4.29400000e-08 -4.51866070e-02 
 4.29600000e-08 -4.51394339e-02 
 4.29800000e-08 -4.50847609e-02 
 4.30000000e-08 -4.50226114e-02 
 4.30200000e-08 -4.49530103e-02 
 4.30400000e-08 -4.48759844e-02 
 4.30600000e-08 -4.47915618e-02 
 4.30800000e-08 -4.46997725e-02 
 4.31000000e-08 -4.46006480e-02 
 4.31200000e-08 -4.44942213e-02 
 4.31400000e-08 -4.43805268e-02 
 4.31600000e-08 -4.42596005e-02 
 4.31800000e-08 -4.41314799e-02 
 4.32000000e-08 -4.39962038e-02 
 4.32200000e-08 -4.38538123e-02 
 4.32400000e-08 -4.37043469e-02 
 4.32600000e-08 -4.35478505e-02 
 4.32800000e-08 -4.33843670e-02 
 4.33000000e-08 -4.32139418e-02 
 4.33200000e-08 -4.30366213e-02 
 4.33400000e-08 -4.28524531e-02 
 4.33600000e-08 -4.26614859e-02 
 4.33800000e-08 -4.24637695e-02 
 4.34000000e-08 -4.22593546e-02 
 4.34200000e-08 -4.20482931e-02 
 4.34400000e-08 -4.18306377e-02 
 4.34600000e-08 -4.16064421e-02 
 4.34800000e-08 -4.13757608e-02 
 4.35000000e-08 -4.11386493e-02 
 4.35200000e-08 -4.08951637e-02 
 4.35400000e-08 -4.06453611e-02 
 4.35600000e-08 -4.03892991e-02 
 4.35800000e-08 -4.01270363e-02 
 4.36000000e-08 -3.98586317e-02 
 4.36200000e-08 -3.95841451e-02 
 4.36400000e-08 -3.93036368e-02 
 4.36600000e-08 -3.90171678e-02 
 4.36800000e-08 -3.87247996e-02 
 4.37000000e-08 -3.84265940e-02 
 4.37200000e-08 -3.81226137e-02 
 4.37400000e-08 -3.78129214e-02 
 4.37600000e-08 -3.74975806e-02 
 4.37800000e-08 -3.71766550e-02 
 4.38000000e-08 -3.68502086e-02 
 4.38200000e-08 -3.65183058e-02 
 4.38400000e-08 -3.61810116e-02 
 4.38600000e-08 -3.58383908e-02 
 4.38800000e-08 -3.54905087e-02 
 4.39000000e-08 -3.51374310e-02 
 4.39200000e-08 -3.47792234e-02 
 4.39400000e-08 -3.44159518e-02 
 4.39600000e-08 -3.40476825e-02 
 4.39800000e-08 -3.36744816e-02 
 4.40000000e-08 -3.32964156e-02 
 4.40200000e-08 -3.29135511e-02 
 4.40400000e-08 -3.25259548e-02 
 4.40600000e-08 -3.21336934e-02 
 4.40800000e-08 -3.17368338e-02 
 4.41000000e-08 -3.13354428e-02 
 4.41200000e-08 -3.09295873e-02 
 4.41400000e-08 -3.05193344e-02 
 4.41600000e-08 -3.01047509e-02 
 4.41800000e-08 -2.96859041e-02 
 4.42000000e-08 -2.92628607e-02 
 4.42200000e-08 -2.88356879e-02 
 4.42400000e-08 -2.84044525e-02 
 4.42600000e-08 -2.79692216e-02 
 4.42800000e-08 -2.75300621e-02 
 4.43000000e-08 -2.70870409e-02 
 4.43200000e-08 -2.66402248e-02 
 4.43400000e-08 -2.61896807e-02 
 4.43600000e-08 -2.57354752e-02 
 4.43800000e-08 -2.52776751e-02 
 4.44000000e-08 -2.48163471e-02 
 4.44200000e-08 -2.43515578e-02 
 4.44400000e-08 -2.38833737e-02 
 4.44600000e-08 -2.34118612e-02 
 4.44800000e-08 -2.29370869e-02 
 4.45000000e-08 -2.24591171e-02 
 4.45200000e-08 -2.19780182e-02 
 4.45400000e-08 -2.14938564e-02 
 4.45600000e-08 -2.10066980e-02 
 4.45800000e-08 -2.05166092e-02 
 4.46000000e-08 -2.00236562e-02 
 4.46200000e-08 -1.95279051e-02 
 4.46400000e-08 -1.90294220e-02 
 4.46600000e-08 -1.85282731e-02 
 4.46800000e-08 -1.80245243e-02 
 4.47000000e-08 -1.75182417e-02 
 4.47200000e-08 -1.70094915e-02 
 4.47400000e-08 -1.64983397e-02 
 4.47600000e-08 -1.59848525e-02 
 4.47800000e-08 -1.54690958e-02 
 4.48000000e-08 -1.49511360e-02 
 4.48200000e-08 -1.44310391e-02 
 4.48400000e-08 -1.39088714e-02 
 4.48600000e-08 -1.33846993e-02 
 4.48800000e-08 -1.28585892e-02 
 4.49000000e-08 -1.23306074e-02 
 4.49200000e-08 -1.18008205e-02 
 4.49400000e-08 -1.12692953e-02 
 4.49600000e-08 -1.07360984e-02 
 4.49800000e-08 -1.02012968e-02 
 4.50000000e-08 -9.66495747e-03 
 4.50200000e-08 -9.12714762e-03 
 4.50400000e-08 -8.58793457e-03 
 4.50600000e-08 -8.04738583e-03 
 4.50800000e-08 -7.50556907e-03 
 4.51000000e-08 -6.96255217e-03 
 4.51200000e-08 -6.41840320e-03 
 4.51400000e-08 -5.87319046e-03 
 4.51600000e-08 -5.32698246e-03 
 4.51800000e-08 -4.77984795e-03 
 4.52000000e-08 -4.23185592e-03 
 4.52200000e-08 -3.68307564e-03 
 4.52400000e-08 -3.13357663e-03 
 4.52600000e-08 -2.58342871e-03 
 4.52800000e-08 -2.03270196e-03 
 4.53000000e-08 -1.48146678e-03 
 4.53200000e-08 -9.29793892e-04 
 4.53400000e-08 -3.77754318e-04 
 4.53600000e-08  1.74580580e-04 
 4.53800000e-08  7.27139101e-04 
 4.54000000e-08  1.27984920e-03 
 4.54200000e-08  1.83263846e-03 
 4.54400000e-08  2.38543411e-03 
 4.54600000e-08  2.93816302e-03 
 4.54800000e-08  3.49075165e-03 
 4.55000000e-08  4.04312609e-03 
 4.55200000e-08  4.59521204e-03 
 4.55400000e-08  5.14693477e-03 
 4.55600000e-08  5.69821919e-03 
 4.55800000e-08  6.24898976e-03 
 4.56000000e-08  6.79917054e-03 
 4.56200000e-08  7.34868518e-03 
 4.56400000e-08  7.89745690e-03 
 4.56600000e-08  8.44540848e-03 
 4.56800000e-08  8.99246229e-03 
 4.57000000e-08  9.53854027e-03 
 4.57200000e-08  1.00835639e-02 
 4.57400000e-08  1.06274544e-02 
 4.57600000e-08  1.11701322e-02 
 4.57800000e-08  1.17115176e-02 
 4.58000000e-08  1.22515305e-02 
 4.58200000e-08  1.27900903e-02 
 4.58400000e-08  1.33271158e-02 
 4.58600000e-08  1.38625256e-02 
 4.58800000e-08  1.43962379e-02 
 4.59000000e-08  1.49281704e-02 
 4.59200000e-08  1.54582405e-02 
 4.59400000e-08  1.59863650e-02 
 4.59600000e-08  1.65124608e-02 
 4.59800000e-08  1.70364438e-02 
 4.60000000e-08  1.75582301e-02 
 4.60200000e-08  1.80777351e-02 
 4.60400000e-08  1.85948740e-02 
 4.60600000e-08  1.91095618e-02 
 4.60800000e-08  1.96217130e-02 
 4.61000000e-08  2.01312418e-02 
 4.61200000e-08  2.06380624e-02 
 4.61400000e-08  2.11420885e-02 
 4.61600000e-08  2.16432337e-02 
 4.61800000e-08  2.21414113e-02 
 4.62000000e-08  2.26365344e-02 
 4.62200000e-08  2.31285161e-02 
 4.62400000e-08  2.36172692e-02 
 4.62600000e-08  2.41027063e-02 
 4.62800000e-08  2.45847402e-02 
 4.63000000e-08  2.50632834e-02 
 4.63200000e-08  2.55382483e-02 
 4.63400000e-08  2.60095476e-02 
 4.63600000e-08  2.64770936e-02 
 4.63800000e-08  2.69407991e-02 
 4.64000000e-08  2.74005765e-02 
 4.64200000e-08  2.78563387e-02 
 4.64400000e-08  2.83079986e-02 
 4.64600000e-08  2.87554691e-02 
 4.64800000e-08  2.91986637e-02 
 4.65000000e-08  2.96374957e-02 
 4.65200000e-08  3.00718790e-02 
 4.65400000e-08  3.05017277e-02 
 4.65600000e-08  3.09269563e-02 
 4.65800000e-08  3.13474795e-02 
 4.66000000e-08  3.17632128e-02 
 4.66200000e-08  3.21740719e-02 
 4.66400000e-08  3.25799730e-02 
 4.66600000e-08  3.29808330e-02 
 4.66800000e-08  3.33765693e-02 
 4.67000000e-08  3.37671000e-02 
 4.67200000e-08  3.41523437e-02 
 4.67400000e-08  3.45322199e-02 
 4.67600000e-08  3.49066489e-02 
 4.67800000e-08  3.52755517e-02 
 4.68000000e-08  3.56388500e-02 
 4.68200000e-08  3.59964667e-02 
 4.68400000e-08  3.63483255e-02 
 4.68600000e-08  3.66943510e-02 
 4.68800000e-08  3.70344688e-02 
 4.69000000e-08  3.73686058e-02 
 4.69200000e-08  3.76966898e-02 
 4.69400000e-08  3.80186497e-02 
 4.69600000e-08  3.83344157e-02 
 4.69800000e-08  3.86439193e-02 
 4.70000000e-08  3.89470931e-02 
 4.70200000e-08  3.92438711e-02 
 4.70400000e-08  3.95341886e-02 
 4.70600000e-08  3.98179824e-02 
 4.70800000e-08  4.00951907e-02 
 4.71000000e-08  4.03657531e-02 
 4.71200000e-08  4.06296106e-02 
 4.71400000e-08  4.08867061e-02 
 4.71600000e-08  4.11369836e-02 
 4.71800000e-08  4.13803892e-02 
 4.72000000e-08  4.16168702e-02 
 4.72200000e-08  4.18463759e-02 
 4.72400000e-08  4.20688571e-02 
 4.72600000e-08  4.22842665e-02 
 4.72800000e-08  4.24925584e-02 
 4.73000000e-08  4.26936890e-02 
 4.73200000e-08  4.28876163e-02 
 4.73400000e-08  4.30743001e-02 
 4.73600000e-08  4.32537021e-02 
 4.73800000e-08  4.34257858e-02 
 4.74000000e-08  4.35905168e-02 
 4.74200000e-08  4.37478623e-02 
 4.74400000e-08  4.38977918e-02 
 4.74600000e-08  4.40402764e-02 
 4.74800000e-08  4.41752895e-02 
 4.75000000e-08  4.43028061e-02 
 4.75200000e-08  4.44228036e-02 
 4.75400000e-08  4.45352611e-02 
 4.75600000e-08  4.46401597e-02 
 4.75800000e-08  4.47374827e-02 
 4.76000000e-08  4.48272152e-02 
 4.76200000e-08  4.49093444e-02 
 4.76400000e-08  4.49838595e-02 
 4.76600000e-08  4.50507517e-02 
 4.76800000e-08  4.51100143e-02 
 4.77000000e-08  4.51616423e-02 
 4.77200000e-08  4.52056330e-02 
 4.77400000e-08  4.52419854e-02 
 4.77600000e-08  4.52707008e-02 
 4.77800000e-08  4.52917822e-02 
 4.78000000e-08  4.53052345e-02 
 4.78200000e-08  4.53110647e-02 
 4.78400000e-08  4.53092816e-02 
 4.78600000e-08  4.52998960e-02 
 4.78800000e-08  4.52829203e-02 
 4.79000000e-08  4.52583692e-02 
 4.79200000e-08  4.52262587e-02 
 4.79400000e-08  4.51866070e-02 
 4.79600000e-08  4.51394339e-02 
 4.79800000e-08  4.50847609e-02 
 4.80000000e-08  4.50226114e-02 
 4.80200000e-08  4.49530103e-02 
 4.80400000e-08  4.48759844e-02 
 4.80600000e-08  4.47915618e-02 
 4.80800000e-08  4.46997725e-02 
 4.81000000e-08  4.46006480e-02 
 4.81200000e-08  4.44942213e-02 
 4.81400000e-08  4.43805268e-02 
 4.81600000e-08  4.42596005e-02 
 4.81800000e-08  4.41314799e-02 
 4.82000000e-08  4.39962038e-02 
 4.82200000e-08  4.38538123e-02 
 4.82400000e-08  4.37043469e-02 
 4.82600000e-08  4.35478505e-02 
 4.82800000e-08  4.33843670e-02 
 4.83000000e-08  4.32139418e-02 
 4.83200000e-08  4.30366213e-02 
 4.83400000e-08  4.28524531e-02 
 4.83600000e-08  4.26614859e-02 
 4.83800000e-08  4.24637695e-02 
 4.84000000e-08  4.22593546e-02 
 4.84200000e-08  4.20482931e-02 
 4.84400000e-08  4.18306377e-02 
 4.84600000e-08  4.16064421e-02 
 4.84800000e-08  4.13757608e-02 
 4.85000000e-08  4.11386493e-02 
 4.85200000e-08  4.08951637e-02 
 4.85400000e-08  4.06453611e-02 
 4.85600000e-08  4.03892991e-02 
 4.85800000e-08  4.01270363e-02 
 4.86000000e-08  3.98586317e-02 
 4.86200000e-08  3.95841451e-02 
 4.86400000e-08  3.93036368e-02 
 4.86600000e-08  3.90171678e-02 
 4.86800000e-08  3.87247996e-02 
 4.87000000e-08  3.84265940e-02 
 4.87200000e-08  3.81226137e-02 
 4.87400000e-08  3.78129214e-02 
 4.87600000e-08  3.74975806e-02 
 4.87800000e-08  3.71766550e-02 
 4.88000000e-08  3.68502086e-02 
 4.88200000e-08  3.65183058e-02 
 4.88400000e-08  3.61810116e-02 
 4.88600000e-08  3.58383908e-02 
 4.88800000e-08  3.54905087e-02 
 4.89000000e-08  3.51374310e-02 
 4.89200000e-08  3.47792234e-02 
 4.89400000e-08  3.44159518e-02 
 4.89600000e-08  3.40476825e-02 
 4.89800000e-08  3.36744816e-02 
 4.90000000e-08  3.32964156e-02 
 4.90200000e-08  3.29135511e-02 
 4.90400000e-08  3.25259548e-02 
 4.90600000e-08  3.21336934e-02 
 4.90800000e-08  3.17368338e-02 
 4.91000000e-08  3.13354428e-02 
 4.91200000e-08  3.09295873e-02 
 4.91400000e-08  3.05193344e-02 
 4.91600000e-08  3.01047509e-02 
 4.91800000e-08  2.96859041e-02 
 4.92000000e-08  2.92628607e-02 
 4.92200000e-08  2.88356879e-02 
 4.92400000e-08  2.84044525e-02 
 4.92600000e-08  2.79692216e-02 
 4.92800000e-08  2.75300621e-02 
 4.93000000e-08  2.70870409e-02 
 4.93200000e-08  2.66402248e-02 
 4.93400000e-08  2.61896807e-02 
 4.93600000e-08  2.57354752e-02 
 4.93800000e-08  2.52776751e-02 
 4.94000000e-08  2.48163471e-02 
 4.94200000e-08  2.43515578e-02 
 4.94400000e-08  2.38833737e-02 
 4.94600000e-08  2.34118612e-02 
 4.94800000e-08  2.29370869e-02 
 4.95000000e-08  2.24591171e-02 
 4.95200000e-08  2.19780182e-02 
 4.95400000e-08  2.14938564e-02 
 4.95600000e-08  2.10066980e-02 
 4.95800000e-08  2.05166092e-02 
 4.96000000e-08  2.00236562e-02 
 4.96200000e-08  1.95279051e-02 
 4.96400000e-08  1.90294220e-02 
 4.96600000e-08  1.85282731e-02 
 4.96800000e-08  1.80245243e-02 
 4.97000000e-08  1.75182417e-02 
 4.97200000e-08  1.70094915e-02 
 4.97400000e-08  1.64983397e-02 
 4.97600000e-08  1.59848525e-02 
 4.97800000e-08  1.54690958e-02 
 4.98000000e-08  1.49511360e-02 
 4.98200000e-08  1.44310391e-02 
 4.98400000e-08  1.39088714e-02 
 4.98600000e-08  1.33846993e-02 
 4.98800000e-08  1.28585892e-02 
 4.99000000e-08  1.23306074e-02 
 4.99200000e-08  1.18008205e-02 
 4.99400000e-08  1.12692953e-02 
 4.99600000e-08  1.07360984e-02 
 4.99800000e-08  1.02012968e-02 
 5.00000000e-08  9.66495747e-03 
 5.00200000e-08  9.12714762e-03 
 5.00400000e-08  8.58793457e-03 
 5.00600000e-08  8.04738583e-03 
 5.00800000e-08  7.50556907e-03 
 5.01000000e-08  6.96255217e-03 
 5.01200000e-08  6.41840320e-03 
 5.01400000e-08  5.87319046e-03 
 5.01600000e-08  5.32698246e-03 
 5.01800000e-08  4.77984795e-03 
 5.02000000e-08  4.23185592e-03 
 5.02200000e-08  3.68307564e-03 
 5.02400000e-08  3.13357663e-03 
 5.02600000e-08  2.58342871e-03 
 5.02800000e-08  2.03270196e-03 
 5.03000000e-08  1.48146678e-03 
 5.03200000e-08  9.29793892e-04 
 5.03400000e-08  3.77754318e-04 
 5.03600000e-08 -1.74580580e-04 
 5.03800000e-08 -7.27139101e-04 
 5.04000000e-08 -1.27984920e-03 
 5.04200000e-08 -1.83263846e-03 
 5.04400000e-08 -2.38543411e-03 
 5.04600000e-08 -2.93816302e-03 
 5.04800000e-08 -3.49075165e-03 
 5.05000000e-08 -4.04312609e-03 
 5.05200000e-08 -4.59521204e-03 
 5.05400000e-08 -5.14693477e-03 
 5.05600000e-08 -5.69821919e-03 
 5.05800000e-08 -6.24898976e-03 
 5.06000000e-08 -6.79917054e-03 
 5.06200000e-08 -7.34868518e-03 
 5.06400000e-08 -7.89745690e-03 
 5.06600000e-08 -8.44540848e-03 
 5.06800000e-08 -8.99246229e-03 
 5.07000000e-08 -9.53854027e-03 
 5.07200000e-08 -1.00835639e-02 
 5.07400000e-08 -1.06274544e-02 
 5.07600000e-08 -1.11701322e-02 
 5.07800000e-08 -1.17115176e-02 
 5.08000000e-08 -1.22515305e-02 
 5.08200000e-08 -1.27900903e-02 
 5.08400000e-08 -1.33271158e-02 
 5.08600000e-08 -1.38625256e-02 
 5.08800000e-08 -1.43962379e-02 
 5.09000000e-08 -1.49281704e-02 
 5.09200000e-08 -1.54582405e-02 
 5.09400000e-08 -1.59863650e-02 
 5.09600000e-08 -1.65124608e-02 
 5.09800000e-08 -1.70364438e-02 
 5.10000000e-08 -1.75582301e-02 
 5.10200000e-08 -1.80777351e-02 
 5.10400000e-08 -1.85948740e-02 
 5.10600000e-08 -1.91095618e-02 
 5.10800000e-08 -1.96217130e-02 
 5.11000000e-08 -2.01312418e-02 
 5.11200000e-08 -2.06380624e-02 
 5.11400000e-08 -2.11420885e-02 
 5.11600000e-08 -2.16432337e-02 
 5.11800000e-08 -2.21414113e-02 
 5.12000000e-08 -2.26365344e-02 
 5.12200000e-08 -2.31285161e-02 
 5.12400000e-08 -2.36172692e-02 
 5.12600000e-08 -2.41027063e-02 
 5.12800000e-08 -2.45847402e-02 
 5.13000000e-08 -2.50632834e-02 
 5.13200000e-08 -2.55382483e-02 
 5.13400000e-08 -2.60095476e-02 
 5.13600000e-08 -2.64770936e-02 
 5.13800000e-08 -2.69407991e-02 
 5.14000000e-08 -2.74005765e-02 
 5.14200000e-08 -2.78563387e-02 
 5.14400000e-08 -2.83079986e-02 
 5.14600000e-08 -2.87554691e-02 
 5.14800000e-08 -2.91986637e-02 
 5.15000000e-08 -2.96374957e-02 
 5.15200000e-08 -3.00718790e-02 
 5.15400000e-08 -3.05017277e-02 
 5.15600000e-08 -3.09269563e-02 
 5.15800000e-08 -3.13474795e-02 
 5.16000000e-08 -3.17632128e-02 
 5.16200000e-08 -3.21740719e-02 
 5.16400000e-08 -3.25799730e-02 
 5.16600000e-08 -3.29808330e-02 
 5.16800000e-08 -3.33765693e-02 
 5.17000000e-08 -3.37671000e-02 
 5.17200000e-08 -3.41523437e-02 
 5.17400000e-08 -3.45322199e-02 
 5.17600000e-08 -3.49066489e-02 
 5.17800000e-08 -3.52755517e-02 
 5.18000000e-08 -3.56388500e-02 
 5.18200000e-08 -3.59964667e-02 
 5.18400000e-08 -3.63483255e-02 
 5.18600000e-08 -3.66943510e-02 
 5.18800000e-08 -3.70344688e-02 
 5.19000000e-08 -3.73686058e-02 
 5.19200000e-08 -3.76966898e-02 
 5.19400000e-08 -3.80186497e-02 
 5.19600000e-08 -3.83344157e-02 
 5.19800000e-08 -3.86439193e-02 
 5.20000000e-08 -3.89470931e-02 
 5.20200000e-08 -3.92438711e-02 
 5.20400000e-08 -3.95341886e-02 
 5.20600000e-08 -3.98179824e-02 
 5.20800000e-08 -4.00951907e-02 
 5.21000000e-08 -4.03657531e-02 
 5.21200000e-08 -4.06296106e-02 
 5.21400000e-08 -4.08867061e-02 
 5.21600000e-08 -4.11369836e-02 
 5.21800000e-08 -4.13803892e-02 
 5.22000000e-08 -4.16168702e-02 
 5.22200000e-08 -4.18463759e-02 
 5.22400000e-08 -4.20688571e-02 
 5.22600000e-08 -4.22842665e-02 
 5.22800000e-08 -4.24925584e-02 
 5.23000000e-08 -4.26936890e-02 
 5.23200000e-08 -4.28876163e-02 
 5.23400000e-08 -4.30743001e-02 
 5.23600000e-08 -4.32537021e-02 
 5.23800000e-08 -4.34257858e-02 
 5.24000000e-08 -4.35905168e-02 
 5.24200000e-08 -4.37478623e-02 
 5.24400000e-08 -4.38977918e-02 
 5.24600000e-08 -4.40402764e-02 
 5.24800000e-08 -4.41752895e-02 
 5.25000000e-08 -4.43028061e-02 
 5.25200000e-08 -4.44228036e-02 
 5.25400000e-08 -4.45352611e-02 
 5.25600000e-08 -4.46401597e-02 
 5.25800000e-08 -4.47374827e-02 
 5.26000000e-08 -4.48272152e-02 
 5.26200000e-08 -4.49093444e-02 
 5.26400000e-08 -4.49838595e-02 
 5.26600000e-08 -4.50507517e-02 
 5.26800000e-08 -4.51100143e-02 
 5.27000000e-08 -4.51616423e-02 
 5.27200000e-08 -4.52056330e-02 
 5.27400000e-08 -4.52419854e-02 
 5.27600000e-08 -4.52707008e-02 
 5.27800000e-08 -4.52917822e-02 
 5.28000000e-08 -4.53052345e-02 
 5.28200000e-08 -4.53110647e-02 
 5.28400000e-08 -4.53092816e-02 
 5.28600000e-08 -4.52998960e-02 
 5.28800000e-08 -4.52829203e-02 
 5.29000000e-08 -4.52583692e-02 
 5.29200000e-08 -4.52262587e-02 
 5.29400000e-08 -4.51866070e-02 
 5.29600000e-08 -4.51394339e-02 
 5.29800000e-08 -4.50847609e-02 
 5.30000000e-08 -4.50226114e-02 
 5.30200000e-08 -4.49530103e-02 
 5.30400000e-08 -4.48759844e-02 
 5.30600000e-08 -4.47915618e-02 
 5.30800000e-08 -4.46997725e-02 
 5.31000000e-08 -4.46006480e-02 
 5.31200000e-08 -4.44942213e-02 
 5.31400000e-08 -4.43805268e-02 
 5.31600000e-08 -4.42596005e-02 
 5.31800000e-08 -4.41314799e-02 
 5.32000000e-08 -4.39962038e-02 
 5.32200000e-08 -4.38538123e-02 
 5.32400000e-08 -4.37043469e-02 
 5.32600000e-08 -4.35478505e-02 
 5.32800000e-08 -4.33843670e-02 
 5.33000000e-08 -4.32139418e-02 
 5.33200000e-08 -4.30366213e-02 
 5.33400000e-08 -4.28524531e-02 
 5.33600000e-08 -4.26614859e-02 
 5.33800000e-08 -4.24637695e-02 
 5.34000000e-08 -4.22593546e-02 
 5.34200000e-08 -4.20482931e-02 
 5.34400000e-08 -4.18306377e-02 
 5.34600000e-08 -4.16064421e-02 
 5.34800000e-08 -4.13757608e-02 
 5.35000000e-08 -4.11386493e-02 
 5.35200000e-08 -4.08951637e-02 
 5.35400000e-08 -4.06453611e-02 
 5.35600000e-08 -4.03892991e-02 
 5.35800000e-08 -4.01270363e-02 
 5.36000000e-08 -3.98586317e-02 
 5.36200000e-08 -3.95841451e-02 
 5.36400000e-08 -3.93036368e-02 
 5.36600000e-08 -3.90171678e-02 
 5.36800000e-08 -3.87247996e-02 
 5.37000000e-08 -3.84265940e-02 
 5.37200000e-08 -3.81226137e-02 
 5.37400000e-08 -3.78129214e-02 
 5.37600000e-08 -3.74975806e-02 
 5.37800000e-08 -3.71766550e-02 
 5.38000000e-08 -3.68502086e-02 
 5.38200000e-08 -3.65183058e-02 
 5.38400000e-08 -3.61810116e-02 
 5.38600000e-08 -3.58383908e-02 
 5.38800000e-08 -3.54905087e-02 
 5.39000000e-08 -3.51374310e-02 
 5.39200000e-08 -3.47792234e-02 
 5.39400000e-08 -3.44159518e-02 
 5.39600000e-08 -3.40476825e-02 
 5.39800000e-08 -3.36744816e-02 
 5.40000000e-08 -3.32964156e-02 
 5.40200000e-08 -3.29135511e-02 
 5.40400000e-08 -3.25259548e-02 
 5.40600000e-08 -3.21336934e-02 
 5.40800000e-08 -3.17368338e-02 
 5.41000000e-08 -3.13354428e-02 
 5.41200000e-08 -3.09295873e-02 
 5.41400000e-08 -3.05193344e-02 
 5.41600000e-08 -3.01047509e-02 
 5.41800000e-08 -2.96859041e-02 
 5.42000000e-08 -2.92628607e-02 
 5.42200000e-08 -2.88356879e-02 
 5.42400000e-08 -2.84044525e-02 
 5.42600000e-08 -2.79692216e-02 
 5.42800000e-08 -2.75300621e-02 
 5.43000000e-08 -2.70870409e-02 
 5.43200000e-08 -2.66402248e-02 
 5.43400000e-08 -2.61896807e-02 
 5.43600000e-08 -2.57354752e-02 
 5.43800000e-08 -2.52776751e-02 
 5.44000000e-08 -2.48163471e-02 
 5.44200000e-08 -2.43515578e-02 
 5.44400000e-08 -2.38833737e-02 
 5.44600000e-08 -2.34118612e-02 
 5.44800000e-08 -2.29370869e-02 
 5.45000000e-08 -2.24591171e-02 
 5.45200000e-08 -2.19780182e-02 
 5.45400000e-08 -2.14938564e-02 
 5.45600000e-08 -2.10066980e-02 
 5.45800000e-08 -2.05166092e-02 
 5.46000000e-08 -2.00236562e-02 
 5.46200000e-08 -1.95279051e-02 
 5.46400000e-08 -1.90294220e-02 
 5.46600000e-08 -1.85282731e-02 
 5.46800000e-08 -1.80245243e-02 
 5.47000000e-08 -1.75182417e-02 
 5.47200000e-08 -1.70094915e-02 
 5.47400000e-08 -1.64983397e-02 
 5.47600000e-08 -1.59848525e-02 
 5.47800000e-08 -1.54690958e-02 
 5.48000000e-08 -1.49511360e-02 
 5.48200000e-08 -1.44310391e-02 
 5.48400000e-08 -1.39088714e-02 
 5.48600000e-08 -1.33846993e-02 
 5.48800000e-08 -1.28585892e-02 
 5.49000000e-08 -1.23306074e-02 
 5.49200000e-08 -1.18008205e-02 
 5.49400000e-08 -1.12692953e-02 
 5.49600000e-08 -1.07360984e-02 
 5.49800000e-08 -1.02012968e-02 
 5.50000000e-08 -9.66495747e-03 
 5.50200000e-08 -9.12714762e-03 
 5.50400000e-08 -8.58793457e-03 
 5.50600000e-08 -8.04738583e-03 
 5.50800000e-08 -7.50556907e-03 
 5.51000000e-08 -6.96255217e-03 
 5.51200000e-08 -6.41840320e-03 
 5.51400000e-08 -5.87319046e-03 
 5.51600000e-08 -5.32698246e-03 
 5.51800000e-08 -4.77984795e-03 
 5.52000000e-08 -4.23185592e-03 
 5.52200000e-08 -3.68307564e-03 
 5.52400000e-08 -3.13357663e-03 
 5.52600000e-08 -2.58342871e-03 
 5.52800000e-08 -2.03270196e-03 
 5.53000000e-08 -1.48146678e-03 
 5.53200000e-08 -9.29793892e-04 
 5.53400000e-08 -3.77754318e-04 
 5.53600000e-08  1.74580580e-04 
 5.53800000e-08  7.27139101e-04 
 5.54000000e-08  1.27984920e-03 
 5.54200000e-08  1.83263846e-03 
 5.54400000e-08  2.38543411e-03 
 5.54600000e-08  2.93816302e-03 
 5.54800000e-08  3.49075165e-03 
 5.55000000e-08  4.04312609e-03 
 5.55200000e-08  4.59521204e-03 
 5.55400000e-08  5.14693477e-03 
 5.55600000e-08  5.69821919e-03 
 5.55800000e-08  6.24898976e-03 
 5.56000000e-08  6.79917054e-03 
 5.56200000e-08  7.34868518e-03 
 5.56400000e-08  7.89745690e-03 
 5.56600000e-08  8.44540848e-03 
 5.56800000e-08  8.99246229e-03 
 5.57000000e-08  9.53854027e-03 
 5.57200000e-08  1.00835639e-02 
 5.57400000e-08  1.06274544e-02 
 5.57600000e-08  1.11701322e-02 
 5.57800000e-08  1.17115176e-02 
 5.58000000e-08  1.22515305e-02 
 5.58200000e-08  1.27900903e-02 
 5.58400000e-08  1.33271158e-02 
 5.58600000e-08  1.38625256e-02 
 5.58800000e-08  1.43962379e-02 
 5.59000000e-08  1.49281704e-02 
 5.59200000e-08  1.54582405e-02 
 5.59400000e-08  1.59863650e-02 
 5.59600000e-08  1.65124608e-02 
 5.59800000e-08  1.70364438e-02 
 5.60000000e-08  1.75582301e-02 
 5.60200000e-08  1.80777351e-02 
 5.60400000e-08  1.85948740e-02 
 5.60600000e-08  1.91095618e-02 
 5.60800000e-08  1.96217130e-02 
 5.61000000e-08  2.01312418e-02 
 5.61200000e-08  2.06380624e-02 
 5.61400000e-08  2.11420885e-02 
 5.61600000e-08  2.16432337e-02 
 5.61800000e-08  2.21414113e-02 
 5.62000000e-08  2.26365344e-02 
 5.62200000e-08  2.31285161e-02 
 5.62400000e-08  2.36172692e-02 
 5.62600000e-08  2.41027063e-02 
 5.62800000e-08  2.45847402e-02 
 5.63000000e-08  2.50632834e-02 
 5.63200000e-08  2.55382483e-02 
 5.63400000e-08  2.60095476e-02 
 5.63600000e-08  2.64770936e-02 
 5.63800000e-08  2.69407991e-02 
 5.64000000e-08  2.74005765e-02 
 5.64200000e-08  2.78563387e-02 
 5.64400000e-08  2.83079986e-02 
 5.64600000e-08  2.87554691e-02 
 5.64800000e-08  2.91986637e-02 
 5.65000000e-08  2.96374957e-02 
 5.65200000e-08  3.00718790e-02 
 5.65400000e-08  3.05017277e-02 
 5.65600000e-08  3.09269563e-02 
 5.65800000e-08  3.13474795e-02 
 5.66000000e-08  3.17632128e-02 
 5.66200000e-08  3.21740719e-02 
 5.66400000e-08  3.25799730e-02 
 5.66600000e-08  3.29808330e-02 
 5.66800000e-08  3.33765693e-02 
 5.67000000e-08  3.37671000e-02 
 5.67200000e-08  3.41523437e-02 
 5.67400000e-08  3.45322199e-02 
 5.67600000e-08  3.49066489e-02 
 5.67800000e-08  3.52755517e-02 
 5.68000000e-08  3.56388500e-02 
 5.68200000e-08  3.59964667e-02 
 5.68400000e-08  3.63483255e-02 
 5.68600000e-08  3.66943510e-02 
 5.68800000e-08  3.70344688e-02 
 5.69000000e-08  3.73686058e-02 
 5.69200000e-08  3.76966898e-02 
 5.69400000e-08  3.80186497e-02 
 5.69600000e-08  3.83344157e-02 
 5.69800000e-08  3.86439193e-02 
 5.70000000e-08  3.89470931e-02 
 5.70200000e-08  3.92438711e-02 
 5.70400000e-08  3.95341886e-02 
 5.70600000e-08  3.98179824e-02 
 5.70800000e-08  4.00951907e-02 
 5.71000000e-08  4.03657531e-02 
 5.71200000e-08  4.06296106e-02 
 5.71400000e-08  4.08867061e-02 
 5.71600000e-08  4.11369836e-02 
 5.71800000e-08  4.13803892e-02 
 5.72000000e-08  4.16168702e-02 
 5.72200000e-08  4.18463759e-02 
 5.72400000e-08  4.20688571e-02 
 5.72600000e-08  4.22842665e-02 
 5.72800000e-08  4.24925584e-02 
 5.73000000e-08  4.26936890e-02 
 5.73200000e-08  4.28876163e-02 
 5.73400000e-08  4.30743001e-02 
 5.73600000e-08  4.32537021e-02 
 5.73800000e-08  4.34257858e-02 
 5.74000000e-08  4.35905168e-02 
 5.74200000e-08  4.37478623e-02 
 5.74400000e-08  4.38977918e-02 
 5.74600000e-08  4.40402764e-02 
 5.74800000e-08  4.41752895e-02 
 5.75000000e-08  4.43028061e-02 
 5.75200000e-08  4.44228036e-02 
 5.75400000e-08  4.45352611e-02 
 5.75600000e-08  4.46401597e-02 
 5.75800000e-08  4.47374827e-02 
 5.76000000e-08  4.48272152e-02 
 5.76200000e-08  4.49093444e-02 
 5.76400000e-08  4.49838595e-02 
 5.76600000e-08  4.50507517e-02 
 5.76800000e-08  4.51100143e-02 
 5.77000000e-08  4.51616423e-02 
 5.77200000e-08  4.52056330e-02 
 5.77400000e-08  4.52419854e-02 
 5.77600000e-08  4.52707008e-02 
 5.77800000e-08  4.52917822e-02 
 5.78000000e-08  4.53052345e-02 
 5.78200000e-08  4.53110647e-02 
 5.78400000e-08  4.53092816e-02 
 5.78600000e-08  4.52998960e-02 
 5.78800000e-08  4.52829203e-02 
 5.79000000e-08  4.52583692e-02 
 5.79200000e-08  4.52262587e-02 
 5.79400000e-08  4.51866070e-02 
 5.79600000e-08  4.51394339e-02 
 5.79800000e-08  4.50847609e-02 
 5.80000000e-08  4.50226114e-02 
 5.80200000e-08  4.49530103e-02 
 5.80400000e-08  4.48759844e-02 
 5.80600000e-08  4.47915618e-02 
 5.80800000e-08  4.46997725e-02 
 5.81000000e-08  4.46006480e-02 
 5.81200000e-08  4.44942213e-02 
 5.81400000e-08  4.43805268e-02 
 5.81600000e-08  4.42596005e-02 
 5.81800000e-08  4.41314799e-02 
 5.82000000e-08  4.39962038e-02 
 5.82200000e-08  4.38538123e-02 
 5.82400000e-08  4.37043469e-02 
 5.82600000e-08  4.35478505e-02 
 5.82800000e-08  4.33843670e-02 
 5.83000000e-08  4.32139418e-02 
 5.83200000e-08  4.30366213e-02 
 5.83400000e-08  4.28524531e-02 
 5.83600000e-08  4.26614859e-02 
 5.83800000e-08  4.24637695e-02 
 5.84000000e-08  4.22593546e-02 
 5.84200000e-08  4.20482931e-02 
 5.84400000e-08  4.18306377e-02 
 5.84600000e-08  4.16064421e-02 
 5.84800000e-08  4.13757608e-02 
 5.85000000e-08  4.11386493e-02 
 5.85200000e-08  4.08951637e-02 
 5.85400000e-08  4.06453611e-02 
 5.85600000e-08  4.03892991e-02 
 5.85800000e-08  4.01270363e-02 
 5.86000000e-08  3.98586317e-02 
 5.86200000e-08  3.95841451e-02 
 5.86400000e-08  3.93036368e-02 
 5.86600000e-08  3.90171678e-02 
 5.86800000e-08  3.87247996e-02 
 5.87000000e-08  3.84265940e-02 
 5.87200000e-08  3.81226137e-02 
 5.87400000e-08  3.78129214e-02 
 5.87600000e-08  3.74975806e-02 
 5.87800000e-08  3.71766550e-02 
 5.88000000e-08  3.68502086e-02 
 5.88200000e-08  3.65183058e-02 
 5.88400000e-08  3.61810116e-02 
 5.88600000e-08  3.58383908e-02 
 5.88800000e-08  3.54905087e-02 
 5.89000000e-08  3.51374310e-02 
 5.89200000e-08  3.47792234e-02 
 5.89400000e-08  3.44159518e-02 
 5.89600000e-08  3.40476825e-02 
 5.89800000e-08  3.36744816e-02 
 5.90000000e-08  3.32964156e-02 
 5.90200000e-08  3.29135511e-02 
 5.90400000e-08  3.25259548e-02 
 5.90600000e-08  3.21336934e-02 
 5.90800000e-08  3.17368338e-02 
 5.91000000e-08  3.13354428e-02 
 5.91200000e-08  3.09295873e-02 
 5.91400000e-08  3.05193344e-02 
 5.91600000e-08  3.01047509e-02 
 5.91800000e-08  2.96859041e-02 
 5.92000000e-08  2.92628607e-02 
 5.92200000e-08  2.88356879e-02 
 5.92400000e-08  2.84044525e-02 
 5.92600000e-08  2.79692216e-02 
 5.92800000e-08  2.75300621e-02 
 5.93000000e-08  2.70870409e-02 
 5.93200000e-08  2.66402248e-02 
 5.93400000e-08  2.61896807e-02 
 5.93600000e-08  2.57354752e-02 
 5.93800000e-08  2.52776751e-02 
 5.94000000e-08  2.48163471e-02 
 5.94200000e-08  2.43515578e-02 
 5.94400000e-08  2.38833737e-02 
 5.94600000e-08  2.34118612e-02 
 5.94800000e-08  2.29370869e-02 
 5.95000000e-08  2.24591171e-02 
 5.95200000e-08  2.19780182e-02 
 5.95400000e-08  2.14938564e-02 
 5.95600000e-08  2.10066980e-02 
 5.95800000e-08  2.05166092e-02 
 5.96000000e-08  2.00236562e-02 
 5.96200000e-08  1.95279051e-02 
 5.96400000e-08  1.90294220e-02 
 5.96600000e-08  1.85282731e-02 
 5.96800000e-08  1.80245243e-02 
 5.97000000e-08  1.75182417e-02 
 5.97200000e-08  1.70094915e-02 
 5.97400000e-08  1.64983397e-02 
 5.97600000e-08  1.59848525e-02 
 5.97800000e-08  1.54690958e-02 
 5.98000000e-08  1.49511360e-02 
 5.98200000e-08  1.44310391e-02 
 5.98400000e-08  1.39088714e-02 
 5.98600000e-08  1.33846993e-02 
 5.98800000e-08  1.28585892e-02 
 5.99000000e-08  1.23306074e-02 
 5.99200000e-08  1.18008205e-02 
 5.99400000e-08  1.12692953e-02 
 5.99600000e-08  1.07360984e-02 
 5.99800000e-08  1.02012968e-02 
 6.00000000e-08  9.66509944e-03 
