 0.00000000e+00 -6.93889390e-18 
 2.00000000e-11  7.31317291e-04 
 4.00000000e-11  1.09012538e-03 
 6.00000000e-11  1.31965633e-03 
 8.00000000e-11  1.48264786e-03 
 1.00000000e-10  1.61288270e-03 
 1.20000000e-10  1.72325679e-03 
 1.40000000e-10  1.81905951e-03 
 1.60000000e-10  1.90276718e-03 
 1.80000000e-10  1.97578739e-03 
 2.00000000e-10  2.03910798e-03 
 2.20000000e-10  2.09351847e-03 
 2.40000000e-10  2.13971175e-03 
 2.60000000e-10  2.17830573e-03 
 2.80000000e-10  2.20987040e-03 
 3.00000000e-10  2.23492460e-03 
 3.20000000e-10  2.25395077e-03 
 3.40000000e-10  2.26738978e-03 
 3.60000000e-10  2.27565200e-03 
 3.80000000e-10  2.27911293e-03 
 4.00000000e-10  2.27812205e-03 
 4.20000000e-10  2.27299947e-03 
 4.40000000e-10  2.26404307e-03 
 4.60000000e-10  2.25152593e-03 
 4.80000000e-10  2.23570218e-03 
 5.00000000e-10  2.21680498e-03 
 5.20000000e-10  2.19505132e-03 
 5.40000000e-10  2.17064048e-03 
 5.60000000e-10  2.14375795e-03 
 5.80000000e-10  2.11457427e-03 
 6.00000000e-10  2.08324821e-03 
 6.20000000e-10  2.04992589e-03 
 6.40000000e-10  2.01474342e-03 
 6.60000000e-10  1.97782624e-03 
 6.80000000e-10  1.93929121e-03 
 7.00000000e-10  1.89924620e-03 
 7.20000000e-10  1.85779178e-03 
 7.40000000e-10  1.81502092e-03 
 7.60000000e-10  1.77102036e-03 
 7.80000000e-10  1.72587043e-03 
 8.00000000e-10  1.67964614e-03 
 8.20000000e-10  1.63241710e-03 
 8.40000000e-10  1.58424839e-03 
 8.60000000e-10  1.53520051e-03 
 8.80000000e-10  1.48533014e-03 
 9.00000000e-10  1.43469005e-03 
 9.20000000e-10  1.38332978e-03 
 9.40000000e-10  1.33129558e-03 
 9.60000000e-10  1.27863093e-03 
 9.80000000e-10  1.22537652e-03 
 1.00000000e-09  1.17157073e-03 
 1.02000000e-09  1.11724954e-03 
 1.04000000e-09  1.06244697e-03 
 1.06000000e-09  1.00719504e-03 
 1.08000000e-09  9.51524080e-04 
 1.10000000e-09  8.95462741e-04 
 1.12000000e-09  8.39038230e-04 
 1.14000000e-09  7.82276335e-04 
 1.16000000e-09  7.25201623e-04 
 1.18000000e-09  6.67837459e-04 
 1.20000000e-09  6.10206169e-04 
 1.22000000e-09  5.52329063e-04 
 1.24000000e-09  4.94226569e-04 
 1.26000000e-09  4.35918255e-04 
 1.28000000e-09  3.77422939e-04 
 1.30000000e-09  3.18758711e-04 
 1.32000000e-09  2.59943024e-04 
 1.34000000e-09  2.00992712e-04 
 1.36000000e-09  1.41924067e-04 
 1.38000000e-09  8.27528592e-05 
 1.40000000e-09  2.34943943e-05 
 1.42000000e-09 -3.58364667e-05 
 1.44000000e-09 -9.52252566e-05 
 1.46000000e-09 -1.54657888e-04 
 1.48000000e-09 -2.14120610e-04 
 1.50000000e-09 -2.73599998e-04 
 1.52000000e-09 -3.33082912e-04 
 1.54000000e-09 -3.92556494e-04 
 1.56000000e-09 -4.52008132e-04 
 1.58000000e-09 -5.11425456e-04 
 1.60000000e-09 -5.70796307e-04 
 1.62000000e-09 -6.30108735e-04 
 1.64000000e-09 -6.89350978e-04 
 1.66000000e-09 -7.48511453e-04 
 1.68000000e-09 -8.07578739e-04 
 1.70000000e-09 -8.66541574e-04 
 1.72000000e-09 -9.25388843e-04 
 1.74000000e-09 -9.84109566e-04 
 1.76000000e-09 -1.04269290e-03 
 1.78000000e-09 -1.10112811e-03 
 1.80000000e-09 -1.15940459e-03 
 1.82000000e-09 -1.21751186e-03 
 1.84000000e-09 -1.27543951e-03 
 1.86000000e-09 -1.33317726e-03 
 1.88000000e-09 -1.39071492e-03 
 1.90000000e-09 -1.44804240e-03 
 1.92000000e-09 -1.50514970e-03 
 1.94000000e-09 -1.56202689e-03 
 1.96000000e-09 -1.61866415e-03 
 1.98000000e-09 -1.67505174e-03 
 2.00000000e-09 -1.73118000e-03 
 2.02000000e-09 -1.78703935e-03 
 2.04000000e-09 -1.84262029e-03 
 2.06000000e-09 -1.89791339e-03 
 2.08000000e-09 -1.95290932e-03 
 2.10000000e-09 -2.00759881e-03 
 2.12000000e-09 -2.06197267e-03 
 2.14000000e-09 -2.11602180e-03 
 2.16000000e-09 -2.16973716e-03 
 2.18000000e-09 -2.22310979e-03 
 2.20000000e-09 -2.27613082e-03 
 2.22000000e-09 -2.32879145e-03 
 2.24000000e-09 -2.38108294e-03 
 2.26000000e-09 -2.43299666e-03 
 2.28000000e-09 -2.48452403e-03 
 2.30000000e-09 -2.53565657e-03 
 2.32000000e-09 -2.58638587e-03 
 2.34000000e-09 -2.63670361e-03 
 2.36000000e-09 -2.68660153e-03 
 2.38000000e-09 -2.73607147e-03 
 2.40000000e-09 -2.78510535e-03 
 2.42000000e-09 -2.83369518e-03 
 2.44000000e-09 -2.88183304e-03 
 2.46000000e-09 -2.92951110e-03 
 2.48000000e-09 -2.97672163e-03 
 2.50000000e-09 -3.02345697e-03 
 2.52000000e-09 -3.06970956e-03 
 2.54000000e-09 -3.11547192e-03 
 2.56000000e-09 -3.16073667e-03 
 2.58000000e-09 -3.20549652e-03 
 2.60000000e-09 -3.24974427e-03 
 2.62000000e-09 -3.29347281e-03 
 2.64000000e-09 -3.33667513e-03 
 2.66000000e-09 -3.37934431e-03 
 2.68000000e-09 -3.42147354e-03 
 2.70000000e-09 -3.46305608e-03 
 2.72000000e-09 -3.50408532e-03 
 2.74000000e-09 -3.54455472e-03 
 2.76000000e-09 -3.58445787e-03 
 2.78000000e-09 -3.62378844e-03 
 2.80000000e-09 -3.66254020e-03 
 2.82000000e-09 -3.70070704e-03 
 2.84000000e-09 -3.73828294e-03 
 2.86000000e-09 -3.77526198e-03 
 2.88000000e-09 -3.81163836e-03 
 2.90000000e-09 -3.84740637e-03 
 2.92000000e-09 -3.88256043e-03 
 2.94000000e-09 -3.91709504e-03 
 2.96000000e-09 -3.95100482e-03 
 2.98000000e-09 -3.98428450e-03 
 3.00000000e-09 -4.01692891e-03 
 3.02000000e-09 -4.04893302e-03 
 3.04000000e-09 -4.08029186e-03 
 3.06000000e-09 -4.11100062e-03 
 3.08000000e-09 -4.14105457e-03 
 3.10000000e-09 -4.17044911e-03 
 3.12000000e-09 -4.19917974e-03 
 3.14000000e-09 -4.22724207e-03 
 3.16000000e-09 -4.25463184e-03 
 3.18000000e-09 -4.28134490e-03 
 3.20000000e-09 -4.30737720e-03 
 3.22000000e-09 -4.33272482e-03 
 3.24000000e-09 -4.35738394e-03 
 3.26000000e-09 -4.38135087e-03 
 3.28000000e-09 -4.40462203e-03 
 3.30000000e-09 -4.42719395e-03 
 3.32000000e-09 -4.44906328e-03 
 3.34000000e-09 -4.47022680e-03 
 3.36000000e-09 -4.49068137e-03 
 3.38000000e-09 -4.51042401e-03 
 3.40000000e-09 -4.52945183e-03 
 3.42000000e-09 -4.54776206e-03 
 3.44000000e-09 -4.56535204e-03 
 3.46000000e-09 -4.58221926e-03 
 3.48000000e-09 -4.59836128e-03 
 3.50000000e-09 -4.61377581e-03 
 3.52000000e-09 -4.62846067e-03 
 3.54000000e-09 -4.64241379e-03 
 3.56000000e-09 -4.65563321e-03 
 3.58000000e-09 -4.66811712e-03 
 3.60000000e-09 -4.67986378e-03 
 3.62000000e-09 -4.69087160e-03 
 3.64000000e-09 -4.70113910e-03 
 3.66000000e-09 -4.71066491e-03 
 3.68000000e-09 -4.71944777e-03 
 3.70000000e-09 -4.72748656e-03 
 3.72000000e-09 -4.73478026e-03 
 3.74000000e-09 -4.74132795e-03 
 3.76000000e-09 -4.74712886e-03 
 3.78000000e-09 -4.75218231e-03 
 3.80000000e-09 -4.75648773e-03 
 3.82000000e-09 -4.76004470e-03 
 3.84000000e-09 -4.76285287e-03 
 3.86000000e-09 -4.76491204e-03 
 3.88000000e-09 -4.76622210e-03 
 3.90000000e-09 -4.76678307e-03 
 3.92000000e-09 -4.76659506e-03 
 3.94000000e-09 -4.76565832e-03 
 3.96000000e-09 -4.76397321e-03 
 3.98000000e-09 -4.76154017e-03 
 4.00000000e-09 -4.75835979e-03 
 4.02000000e-09 -4.75443276e-03 
 4.04000000e-09 -4.74975987e-03 
 4.06000000e-09 -4.74434202e-03 
 4.08000000e-09 -4.73818025e-03 
 4.10000000e-09 -4.73127567e-03 
 4.12000000e-09 -4.72362953e-03 
 4.14000000e-09 -4.71524318e-03 
 4.16000000e-09 -4.70611806e-03 
 4.18000000e-09 -4.69625574e-03 
 4.20000000e-09 -4.68565791e-03 
 4.22000000e-09 -4.67432632e-03 
 4.24000000e-09 -4.66226289e-03 
 4.26000000e-09 -4.64946959e-03 
 4.28000000e-09 -4.63594853e-03 
 4.30000000e-09 -4.62170191e-03 
 4.32000000e-09 -4.60673205e-03 
 4.34000000e-09 -4.59104136e-03 
 4.36000000e-09 -4.57463236e-03 
 4.38000000e-09 -4.55750767e-03 
 4.40000000e-09 -4.53967003e-03 
 4.42000000e-09 -4.52112226e-03 
 4.44000000e-09 -4.50186731e-03 
 4.46000000e-09 -4.48190820e-03 
 4.48000000e-09 -4.46124807e-03 
 4.50000000e-09 -4.43989016e-03 
 4.52000000e-09 -4.41783781e-03 
 4.54000000e-09 -4.39509446e-03 
 4.56000000e-09 -4.37166365e-03 
 4.58000000e-09 -4.34754902e-03 
 4.60000000e-09 -4.32275430e-03 
 4.62000000e-09 -4.29728334e-03 
 4.64000000e-09 -4.27114006e-03 
 4.66000000e-09 -4.24432849e-03 
 4.68000000e-09 -4.21685278e-03 
 4.70000000e-09 -4.18871712e-03 
 4.72000000e-09 -4.15992586e-03 
 4.74000000e-09 -4.13048340e-03 
 4.76000000e-09 -4.10039425e-03 
 4.78000000e-09 -4.06966302e-03 
 4.80000000e-09 -4.03829441e-03 
 4.82000000e-09 -4.00629320e-03 
 4.84000000e-09 -3.97366428e-03 
 4.86000000e-09 -3.94041264e-03 
 4.88000000e-09 -3.90654332e-03 
 4.90000000e-09 -3.87206150e-03 
 4.92000000e-09 -3.83697243e-03 
 4.94000000e-09 -3.80128144e-03 
 4.96000000e-09 -3.76499396e-03 
 4.98000000e-09 -3.72811551e-03 
 5.00000000e-09 -3.69065170e-03 
 5.02000000e-09 -3.65260822e-03 
 5.04000000e-09 -3.61399086e-03 
 5.06000000e-09 -3.57480547e-03 
 5.08000000e-09 -3.53505801e-03 
 5.10000000e-09 -3.49475453e-03 
 5.12000000e-09 -3.45390115e-03 
 5.14000000e-09 -3.41250406e-03 
 5.16000000e-09 -3.37056958e-03 
 5.18000000e-09 -3.32810406e-03 
 5.20000000e-09 -3.28511396e-03 
 5.22000000e-09 -3.24160583e-03 
 5.24000000e-09 -3.19758628e-03 
 5.26000000e-09 -3.15306201e-03 
 5.28000000e-09 -3.10803980e-03 
 5.30000000e-09 -3.06252650e-03 
 5.32000000e-09 -3.01652905e-03 
 5.34000000e-09 -2.97005446e-03 
 5.36000000e-09 -2.92310981e-03 
 5.38000000e-09 -2.87570228e-03 
 5.40000000e-09 -2.82783910e-03 
 5.42000000e-09 -2.77952758e-03 
 5.44000000e-09 -2.73077511e-03 
 5.46000000e-09 -2.68158915e-03 
 5.48000000e-09 -2.63197723e-03 
 5.50000000e-09 -2.58194694e-03 
 5.52000000e-09 -2.53150597e-03 
 5.54000000e-09 -2.48066205e-03 
 5.56000000e-09 -2.42942298e-03 
 5.58000000e-09 -2.37779664e-03 
 5.60000000e-09 -2.32579098e-03 
 5.62000000e-09 -2.27341401e-03 
 5.64000000e-09 -2.22067378e-03 
 5.66000000e-09 -2.16757844e-03 
 5.68000000e-09 -2.11413618e-03 
 5.70000000e-09 -2.06035527e-03 
 5.72000000e-09 -2.00624401e-03 
 5.74000000e-09 -1.95181079e-03 
 5.76000000e-09 -1.89706404e-03 
 5.78000000e-09 -1.84201226e-03 
 5.80000000e-09 -1.78666399e-03 
 5.82000000e-09 -1.73102783e-03 
 5.84000000e-09 -1.67511245e-03 
 5.86000000e-09 -1.61892655e-03 
 5.88000000e-09 -1.56247889e-03 
 5.90000000e-09 -1.50577828e-03 
 5.92000000e-09 -1.44883358e-03 
 5.94000000e-09 -1.39165370e-03 
 5.96000000e-09 -1.33424758e-03 
 5.98000000e-09 -1.27662423e-03 
 6.00000000e-09 -1.21879269e-03 
 6.02000000e-09 -1.16076204e-03 
 6.04000000e-09 -1.10254141e-03 
 6.06000000e-09 -1.04413994e-03 
 6.08000000e-09 -9.85566862e-04 
 6.10000000e-09 -9.26831395e-04 
 6.12000000e-09 -8.67942818e-04 
 6.14000000e-09 -8.08910437e-04 
 6.16000000e-09 -7.49743592e-04 
 6.18000000e-09 -6.90451652e-04 
 6.20000000e-09 -6.31044016e-04 
 6.22000000e-09 -5.71530113e-04 
 6.24000000e-09 -5.11919394e-04 
 6.26000000e-09 -4.52221337e-04 
 6.28000000e-09 -3.92445445e-04 
 6.30000000e-09 -3.32601237e-04 
 6.32000000e-09 -2.72698258e-04 
 6.34000000e-09 -2.12746066e-04 
 6.36000000e-09 -1.52754239e-04 
 6.38000000e-09 -9.27323688e-05 
 6.40000000e-09 -3.26900595e-05 
 6.42000000e-09  2.73630722e-05 
 6.44000000e-09  8.74174002e-05 
 6.46000000e-09  1.47463290e-04 
 6.48000000e-09  2.07491102e-04 
 6.50000000e-09  2.67491190e-04 
 6.52000000e-09  3.27453906e-04 
 6.54000000e-09  3.87369601e-04 
 6.56000000e-09  4.47228628e-04 
 6.58000000e-09  5.07021339e-04 
 6.60000000e-09  5.66738094e-04 
 6.62000000e-09  6.26369256e-04 
 6.64000000e-09  6.85905198e-04 
 6.66000000e-09  7.45336303e-04 
 6.68000000e-09  8.04652963e-04 
 6.70000000e-09  8.63845586e-04 
 6.72000000e-09  9.22904595e-04 
 6.74000000e-09  9.81820427e-04 
 6.76000000e-09  1.04058354e-03 
 6.78000000e-09  1.09918442e-03 
 6.80000000e-09  1.15761356e-03 
 6.82000000e-09  1.21586148e-03 
 6.84000000e-09  1.27391875e-03 
 6.86000000e-09  1.33177594e-03 
 6.88000000e-09  1.38942366e-03 
 6.90000000e-09  1.44685255e-03 
 6.92000000e-09  1.50405329e-03 
 6.94000000e-09  1.56101660e-03 
 6.96000000e-09  1.61773321e-03 
 6.98000000e-09  1.67419391e-03 
 7.00000000e-09  1.73038955e-03 
 7.02000000e-09  1.78631098e-03 
 7.04000000e-09  1.84194912e-03 
 7.06000000e-09  1.89729494e-03 
 7.08000000e-09  1.95233944e-03 
 7.10000000e-09  2.00707369e-03 
 7.12000000e-09  2.06148880e-03 
 7.14000000e-09  2.11557594e-03 
 7.16000000e-09  2.16932632e-03 
 7.18000000e-09  2.22273123e-03 
 7.20000000e-09  2.27578200e-03 
 7.22000000e-09  2.32847002e-03 
 7.24000000e-09  2.38078677e-03 
 7.26000000e-09  2.43272375e-03 
 7.28000000e-09  2.48427257e-03 
 7.30000000e-09  2.53542487e-03 
 7.32000000e-09  2.58617238e-03 
 7.34000000e-09  2.63650689e-03 
 7.36000000e-09  2.68642027e-03 
 7.38000000e-09  2.73590446e-03 
 7.40000000e-09  2.78495147e-03 
 7.42000000e-09  2.83355339e-03 
 7.44000000e-09  2.88170240e-03 
 7.46000000e-09  2.92939074e-03 
 7.48000000e-09  2.97661073e-03 
 7.50000000e-09  3.02335480e-03 
 7.52000000e-09  3.06961542e-03 
 7.54000000e-09  3.11538519e-03 
 7.56000000e-09  3.16065677e-03 
 7.58000000e-09  3.20542291e-03 
 7.60000000e-09  3.24967646e-03 
 7.62000000e-09  3.29341034e-03 
 7.64000000e-09  3.33661758e-03 
 7.66000000e-09  3.37929130e-03 
 7.68000000e-09  3.42142470e-03 
 7.70000000e-09  3.46301110e-03 
 7.72000000e-09  3.50404389e-03 
 7.74000000e-09  3.54451656e-03 
 7.76000000e-09  3.58442273e-03 
 7.78000000e-09  3.62375607e-03 
 7.80000000e-09  3.66251040e-03 
 7.82000000e-09  3.70067959e-03 
 7.84000000e-09  3.73825766e-03 
 7.86000000e-09  3.77523871e-03 
 7.88000000e-09  3.81161693e-03 
 7.90000000e-09  3.84738665e-03 
 7.92000000e-09  3.88254227e-03 
 7.94000000e-09  3.91707832e-03 
 7.96000000e-09  3.95098944e-03 
 7.98000000e-09  3.98427034e-03 
 8.00000000e-09  4.01691589e-03 
 8.02000000e-09  4.04892104e-03 
 8.04000000e-09  4.08028084e-03 
 8.06000000e-09  4.11099049e-03 
 8.08000000e-09  4.14104525e-03 
 8.10000000e-09  4.17044054e-03 
 8.12000000e-09  4.19917186e-03 
 8.14000000e-09  4.22723483e-03 
 8.16000000e-09  4.25462519e-03 
 8.18000000e-09  4.28133879e-03 
 8.20000000e-09  4.30737159e-03 
 8.22000000e-09  4.33271967e-03 
 8.24000000e-09  4.35737921e-03 
 8.26000000e-09  4.38134653e-03 
 8.28000000e-09  4.40461805e-03 
 8.30000000e-09  4.42719030e-03 
 8.32000000e-09  4.44905994e-03 
 8.34000000e-09  4.47022374e-03 
 8.36000000e-09  4.49067857e-03 
 8.38000000e-09  4.51042145e-03 
 8.40000000e-09  4.52944949e-03 
 8.42000000e-09  4.54775992e-03 
 8.44000000e-09  4.56535009e-03 
 8.46000000e-09  4.58221748e-03 
 8.48000000e-09  4.59835966e-03 
 8.50000000e-09  4.61377433e-03 
 8.52000000e-09  4.62845933e-03 
 8.54000000e-09  4.64241257e-03 
 8.56000000e-09  4.65563211e-03 
 8.58000000e-09  4.66811611e-03 
 8.60000000e-09  4.67986287e-03 
 8.62000000e-09  4.69087078e-03 
 8.64000000e-09  4.70113836e-03 
 8.66000000e-09  4.71066424e-03 
 8.68000000e-09  4.71944718e-03 
 8.70000000e-09  4.72748603e-03 
 8.72000000e-09  4.73477978e-03 
 8.74000000e-09  4.74132753e-03 
 8.76000000e-09  4.74712849e-03 
 8.78000000e-09  4.75218198e-03 
 8.80000000e-09  4.75648745e-03 
 8.82000000e-09  4.76004446e-03 
 8.84000000e-09  4.76285266e-03 
 8.86000000e-09  4.76491186e-03 
 8.88000000e-09  4.76622195e-03 
 8.90000000e-09  4.76678294e-03 
 8.92000000e-09  4.76659496e-03 
 8.94000000e-09  4.76565825e-03 
 8.96000000e-09  4.76397315e-03 
 8.98000000e-09  4.76154013e-03 
 9.00000000e-09  4.75835977e-03 
 9.02000000e-09  4.75443276e-03 
 9.04000000e-09  4.74975988e-03 
 9.06000000e-09  4.74434205e-03 
 9.08000000e-09  4.73818029e-03 
 9.10000000e-09  4.73127572e-03 
 9.12000000e-09  4.72362959e-03 
 9.14000000e-09  4.71524324e-03 
 9.16000000e-09  4.70611813e-03 
 9.18000000e-09  4.69625582e-03 
 9.20000000e-09  4.68565799e-03 
 9.22000000e-09  4.67432642e-03 
 9.24000000e-09  4.66226298e-03 
 9.26000000e-09  4.64946969e-03 
 9.28000000e-09  4.63594863e-03 
 9.30000000e-09  4.62170202e-03 
 9.32000000e-09  4.60673216e-03 
 9.34000000e-09  4.59104147e-03 
 9.36000000e-09  4.57463247e-03 
 9.38000000e-09  4.55750779e-03 
 9.40000000e-09  4.53967015e-03 
 9.42000000e-09  4.52112239e-03 
 9.44000000e-09  4.50186743e-03 
 9.46000000e-09  4.48190832e-03 
 9.48000000e-09  4.46124819e-03 
 9.50000000e-09  4.43989028e-03 
 9.52000000e-09  4.41783793e-03 
 9.54000000e-09  4.39509458e-03 
 9.56000000e-09  4.37166377e-03 
 9.58000000e-09  4.34754914e-03 
 9.60000000e-09  4.32275443e-03 
 9.62000000e-09  4.29728346e-03 
 9.64000000e-09  4.27114018e-03 
 9.66000000e-09  4.24432862e-03 
 9.68000000e-09  4.21685289e-03 
 9.70000000e-09  4.18871724e-03 
 9.72000000e-09  4.15992598e-03 
 9.74000000e-09  4.13048352e-03 
 9.76000000e-09  4.10039437e-03 
 9.78000000e-09  4.06966314e-03 
 9.80000000e-09  4.03829452e-03 
 9.82000000e-09  4.00629331e-03 
 9.84000000e-09  3.97366439e-03 
 9.86000000e-09  3.94041274e-03 
 9.88000000e-09  3.90654343e-03 
 9.90000000e-09  3.87206161e-03 
 9.92000000e-09  3.83697253e-03 
 9.94000000e-09  3.80128154e-03 
 9.96000000e-09  3.76499406e-03 
 9.98000000e-09  3.72811561e-03 
 1.00000000e-08  3.69065180e-03 
 1.00200000e-08  3.65260832e-03 
 1.00400000e-08  3.61399095e-03 
 1.00600000e-08  3.57480556e-03 
 1.00800000e-08  3.53505811e-03 
 1.01000000e-08  3.49475462e-03 
 1.01200000e-08  3.45390124e-03 
 1.01400000e-08  3.41250415e-03 
 1.01600000e-08  3.37056966e-03 
 1.01800000e-08  3.32810414e-03 
 1.02000000e-08  3.28511405e-03 
 1.02200000e-08  3.24160592e-03 
 1.02400000e-08  3.19758636e-03 
 1.02600000e-08  3.15306209e-03 
 1.02800000e-08  3.10803988e-03 
 1.03000000e-08  3.06252658e-03 
 1.03200000e-08  3.01652912e-03 
 1.03400000e-08  2.97005453e-03 
 1.03600000e-08  2.92310989e-03 
 1.03800000e-08  2.87570235e-03 
 1.04000000e-08  2.82783917e-03 
 1.04200000e-08  2.77952765e-03 
 1.04400000e-08  2.73077518e-03 
 1.04600000e-08  2.68158922e-03 
 1.04800000e-08  2.63197729e-03 
 1.05000000e-08  2.58194701e-03 
 1.05200000e-08  2.53150603e-03 
 1.05400000e-08  2.48066210e-03 
 1.05600000e-08  2.42942304e-03 
 1.05800000e-08  2.37779670e-03 
 1.06000000e-08  2.32579104e-03 
 1.06200000e-08  2.27341406e-03 
 1.06400000e-08  2.22067383e-03 
 1.06600000e-08  2.16757849e-03 
 1.06800000e-08  2.11413623e-03 
 1.07000000e-08  2.06035532e-03 
 1.07200000e-08  2.00624406e-03 
 1.07400000e-08  1.95181084e-03 
 1.07600000e-08  1.89706409e-03 
 1.07800000e-08  1.84201230e-03 
 1.08000000e-08  1.78666403e-03 
 1.08200000e-08  1.73102787e-03 
 1.08400000e-08  1.67511249e-03 
 1.08600000e-08  1.61892659e-03 
 1.08800000e-08  1.56247893e-03 
 1.09000000e-08  1.50577832e-03 
 1.09200000e-08  1.44883362e-03 
 1.09400000e-08  1.39165373e-03 
 1.09600000e-08  1.33424762e-03 
 1.09800000e-08  1.27662427e-03 
 1.10000000e-08  1.21879273e-03 
 1.10200000e-08  1.16076208e-03 
 1.10400000e-08  1.10254144e-03 
 1.10600000e-08  1.04413998e-03 
 1.10800000e-08  9.85566892e-04 
 1.11000000e-08  9.26831425e-04 
 1.11200000e-08  8.67942847e-04 
 1.11400000e-08  8.08910465e-04 
 1.11600000e-08  7.49743619e-04 
 1.11800000e-08  6.90451678e-04 
 1.12000000e-08  6.31044042e-04 
 1.12200000e-08  5.71530137e-04 
 1.12400000e-08  5.11919418e-04 
 1.12600000e-08  4.52221361e-04 
 1.12800000e-08  3.92445467e-04 
 1.13000000e-08  3.32601259e-04 
 1.13200000e-08  2.72698279e-04 
 1.13400000e-08  2.12746087e-04 
 1.13600000e-08  1.52754259e-04 
 1.13800000e-08  9.27323882e-05 
 1.14000000e-08  3.26900783e-05 
 1.14200000e-08 -2.73630540e-05 
 1.14400000e-08 -8.74173826e-05 
 1.14600000e-08 -1.47463273e-04 
 1.14800000e-08 -2.07491085e-04 
 1.15000000e-08 -2.67491174e-04 
 1.15200000e-08 -3.27453891e-04 
 1.15400000e-08 -3.87369587e-04 
 1.15600000e-08 -4.47228614e-04 
 1.15800000e-08 -5.07021325e-04 
 1.16000000e-08 -5.66738080e-04 
 1.16200000e-08 -6.26369243e-04 
 1.16400000e-08 -6.85905186e-04 
 1.16600000e-08 -7.45336291e-04 
 1.16800000e-08 -8.04652952e-04 
 1.17000000e-08 -8.63845576e-04 
 1.17200000e-08 -9.22904584e-04 
 1.17400000e-08 -9.81820417e-04 
 1.17600000e-08 -1.04058353e-03 
 1.17800000e-08 -1.09918441e-03 
 1.18000000e-08 -1.15761355e-03 
 1.18200000e-08 -1.21586147e-03 
 1.18400000e-08 -1.27391874e-03 
 1.18600000e-08 -1.33177593e-03 
 1.18800000e-08 -1.38942365e-03 
 1.19000000e-08 -1.44685254e-03 
 1.19200000e-08 -1.50405329e-03 
 1.19400000e-08 -1.56101659e-03 
 1.19600000e-08 -1.61773320e-03 
 1.19800000e-08 -1.67419391e-03 
 1.20000000e-08 -1.73038954e-03 
 1.20200000e-08 -1.78631097e-03 
 1.20400000e-08 -1.84194911e-03 
 1.20600000e-08 -1.89729493e-03 
 1.20800000e-08 -1.95233944e-03 
 1.21000000e-08 -2.00707369e-03 
 1.21200000e-08 -2.06148880e-03 
 1.21400000e-08 -2.11557594e-03 
 1.21600000e-08 -2.16932632e-03 
 1.21800000e-08 -2.22273123e-03 
 1.22000000e-08 -2.27578199e-03 
 1.22200000e-08 -2.32847002e-03 
 1.22400000e-08 -2.38078677e-03 
 1.22600000e-08 -2.43272375e-03 
 1.22800000e-08 -2.48427257e-03 
 1.23000000e-08 -2.53542487e-03 
 1.23200000e-08 -2.58617238e-03 
 1.23400000e-08 -2.63650689e-03 
 1.23600000e-08 -2.68642027e-03 
 1.23800000e-08 -2.73590446e-03 
 1.24000000e-08 -2.78495147e-03 
 1.24200000e-08 -2.83355339e-03 
 1.24400000e-08 -2.88170240e-03 
 1.24600000e-08 -2.92939074e-03 
 1.24800000e-08 -2.97661073e-03 
 1.25000000e-08 -3.02335480e-03 
 1.25200000e-08 -3.06961542e-03 
 1.25400000e-08 -3.11538519e-03 
 1.25600000e-08 -3.16065677e-03 
 1.25800000e-08 -3.20542291e-03 
 1.26000000e-08 -3.24967646e-03 
 1.26200000e-08 -3.29341034e-03 
 1.26400000e-08 -3.33661758e-03 
 1.26600000e-08 -3.37929130e-03 
 1.26800000e-08 -3.42142471e-03 
 1.27000000e-08 -3.46301110e-03 
 1.27200000e-08 -3.50404389e-03 
 1.27400000e-08 -3.54451657e-03 
 1.27600000e-08 -3.58442273e-03 
 1.27800000e-08 -3.62375608e-03 
 1.28000000e-08 -3.66251040e-03 
 1.28200000e-08 -3.70067960e-03 
 1.28400000e-08 -3.73825767e-03 
 1.28600000e-08 -3.77523871e-03 
 1.28800000e-08 -3.81161694e-03 
 1.29000000e-08 -3.84738665e-03 
 1.29200000e-08 -3.88254227e-03 
 1.29400000e-08 -3.91707833e-03 
 1.29600000e-08 -3.95098944e-03 
 1.29800000e-08 -3.98427034e-03 
 1.30000000e-08 -4.01691589e-03 
 1.30200000e-08 -4.04892104e-03 
 1.30400000e-08 -4.08028085e-03 
 1.30600000e-08 -4.11099049e-03 
 1.30800000e-08 -4.14104526e-03 
 1.31000000e-08 -4.17044054e-03 
 1.31200000e-08 -4.19917186e-03 
 1.31400000e-08 -4.22723483e-03 
 1.31600000e-08 -4.25462520e-03 
 1.31800000e-08 -4.28133879e-03 
 1.32000000e-08 -4.30737159e-03 
 1.32200000e-08 -4.33271967e-03 
 1.32400000e-08 -4.35737921e-03 
 1.32600000e-08 -4.38134653e-03 
 1.32800000e-08 -4.40461805e-03 
 1.33000000e-08 -4.42719030e-03 
 1.33200000e-08 -4.44905994e-03 
 1.33400000e-08 -4.47022374e-03 
 1.33600000e-08 -4.49067857e-03 
 1.33800000e-08 -4.51042145e-03 
 1.34000000e-08 -4.52944949e-03 
 1.34200000e-08 -4.54775992e-03 
 1.34400000e-08 -4.56535009e-03 
 1.34600000e-08 -4.58221748e-03 
 1.34800000e-08 -4.59835966e-03 
 1.35000000e-08 -4.61377434e-03 
 1.35200000e-08 -4.62845933e-03 
 1.35400000e-08 -4.64241257e-03 
 1.35600000e-08 -4.65563211e-03 
 1.35800000e-08 -4.66811611e-03 
 1.36000000e-08 -4.67986287e-03 
 1.36200000e-08 -4.69087078e-03 
 1.36400000e-08 -4.70113836e-03 
 1.36600000e-08 -4.71066425e-03 
 1.36800000e-08 -4.71944718e-03 
 1.37000000e-08 -4.72748604e-03 
 1.37200000e-08 -4.73477979e-03 
 1.37400000e-08 -4.74132754e-03 
 1.37600000e-08 -4.74712849e-03 
 1.37800000e-08 -4.75218198e-03 
 1.38000000e-08 -4.75648745e-03 
 1.38200000e-08 -4.76004446e-03 
 1.38400000e-08 -4.76285267e-03 
 1.38600000e-08 -4.76491187e-03 
 1.38800000e-08 -4.76622196e-03 
 1.39000000e-08 -4.76678295e-03 
 1.39200000e-08 -4.76659497e-03 
 1.39400000e-08 -4.76565825e-03 
 1.39600000e-08 -4.76397315e-03 
 1.39800000e-08 -4.76154014e-03 
 1.40000000e-08 -4.75835978e-03 
 1.40200000e-08 -4.75443276e-03 
 1.40400000e-08 -4.74975988e-03 
 1.40600000e-08 -4.74434205e-03 
 1.40800000e-08 -4.73818029e-03 
 1.41000000e-08 -4.73127572e-03 
 1.41200000e-08 -4.72362959e-03 
 1.41400000e-08 -4.71524324e-03 
 1.41600000e-08 -4.70611813e-03 
 1.41800000e-08 -4.69625582e-03 
 1.42000000e-08 -4.68565799e-03 
 1.42200000e-08 -4.67432642e-03 
 1.42400000e-08 -4.66226299e-03 
 1.42600000e-08 -4.64946969e-03 
 1.42800000e-08 -4.63594863e-03 
 1.43000000e-08 -4.62170202e-03 
 1.43200000e-08 -4.60673216e-03 
 1.43400000e-08 -4.59104147e-03 
 1.43600000e-08 -4.57463247e-03 
 1.43800000e-08 -4.55750779e-03 
 1.44000000e-08 -4.53967015e-03 
 1.44200000e-08 -4.52112239e-03 
 1.44400000e-08 -4.50186743e-03 
 1.44600000e-08 -4.48190832e-03 
 1.44800000e-08 -4.46124819e-03 
 1.45000000e-08 -4.43989028e-03 
 1.45200000e-08 -4.41783793e-03 
 1.45400000e-08 -4.39509458e-03 
 1.45600000e-08 -4.37166378e-03 
 1.45800000e-08 -4.34754914e-03 
 1.46000000e-08 -4.32275443e-03 
 1.46200000e-08 -4.29728346e-03 
 1.46400000e-08 -4.27114018e-03 
 1.46600000e-08 -4.24432862e-03 
 1.46800000e-08 -4.21685290e-03 
 1.47000000e-08 -4.18871724e-03 
 1.47200000e-08 -4.15992598e-03 
 1.47400000e-08 -4.13048352e-03 
 1.47600000e-08 -4.10039437e-03 
 1.47800000e-08 -4.06966314e-03 
 1.48000000e-08 -4.03829452e-03 
 1.48200000e-08 -4.00629331e-03 
 1.48400000e-08 -3.97366440e-03 
 1.48600000e-08 -3.94041275e-03 
 1.48800000e-08 -3.90654343e-03 
 1.49000000e-08 -3.87206161e-03 
 1.49200000e-08 -3.83697254e-03 
 1.49400000e-08 -3.80128154e-03 
 1.49600000e-08 -3.76499406e-03 
 1.49800000e-08 -3.72811561e-03 
 1.50000000e-08 -3.69065180e-03 
 1.50200000e-08 -3.65260832e-03 
 1.50400000e-08 -3.61399095e-03 
 1.50600000e-08 -3.57480556e-03 
 1.50800000e-08 -3.53505811e-03 
 1.51000000e-08 -3.49475462e-03 
 1.51200000e-08 -3.45390124e-03 
 1.51400000e-08 -3.41250415e-03 
 1.51600000e-08 -3.37056966e-03 
 1.51800000e-08 -3.32810414e-03 
 1.52000000e-08 -3.28511405e-03 
 1.52200000e-08 -3.24160592e-03 
 1.52400000e-08 -3.19758637e-03 
 1.52600000e-08 -3.15306209e-03 
 1.52800000e-08 -3.10803988e-03 
 1.53000000e-08 -3.06252658e-03 
 1.53200000e-08 -3.01652913e-03 
 1.53400000e-08 -2.97005453e-03 
 1.53600000e-08 -2.92310989e-03 
 1.53800000e-08 -2.87570235e-03 
 1.54000000e-08 -2.82783917e-03 
 1.54200000e-08 -2.77952765e-03 
 1.54400000e-08 -2.73077518e-03 
 1.54600000e-08 -2.68158922e-03 
 1.54800000e-08 -2.63197729e-03 
 1.55000000e-08 -2.58194701e-03 
 1.55200000e-08 -2.53150603e-03 
 1.55400000e-08 -2.48066211e-03 
 1.55600000e-08 -2.42942304e-03 
 1.55800000e-08 -2.37779670e-03 
 1.56000000e-08 -2.32579104e-03 
 1.56200000e-08 -2.27341406e-03 
 1.56400000e-08 -2.22067383e-03 
 1.56600000e-08 -2.16757849e-03 
 1.56800000e-08 -2.11413623e-03 
 1.57000000e-08 -2.06035532e-03 
 1.57200000e-08 -2.00624406e-03 
 1.57400000e-08 -1.95181084e-03 
 1.57600000e-08 -1.89706409e-03 
 1.57800000e-08 -1.84201230e-03 
 1.58000000e-08 -1.78666403e-03 
 1.58200000e-08 -1.73102787e-03 
 1.58400000e-08 -1.67511249e-03 
 1.58600000e-08 -1.61892659e-03 
 1.58800000e-08 -1.56247893e-03 
 1.59000000e-08 -1.50577832e-03 
 1.59200000e-08 -1.44883362e-03 
 1.59400000e-08 -1.39165373e-03 
 1.59600000e-08 -1.33424762e-03 
 1.59800000e-08 -1.27662427e-03 
 1.60000000e-08 -1.21879273e-03 
 1.60200000e-08 -1.16076208e-03 
 1.60400000e-08 -1.10254144e-03 
 1.60600000e-08 -1.04413998e-03 
 1.60800000e-08 -9.85566892e-04 
 1.61000000e-08 -9.26831425e-04 
 1.61200000e-08 -8.67942847e-04 
 1.61400000e-08 -8.08910465e-04 
 1.61600000e-08 -7.49743619e-04 
 1.61800000e-08 -6.90451678e-04 
 1.62000000e-08 -6.31044042e-04 
 1.62200000e-08 -5.71530138e-04 
 1.62400000e-08 -5.11919418e-04 
 1.62600000e-08 -4.52221361e-04 
 1.62800000e-08 -3.92445468e-04 
 1.63000000e-08 -3.32601260e-04 
 1.63200000e-08 -2.72698279e-04 
 1.63400000e-08 -2.12746087e-04 
 1.63600000e-08 -1.52754260e-04 
 1.63800000e-08 -9.27323884e-05 
 1.64000000e-08 -3.26900785e-05 
 1.64200000e-08  2.73630538e-05 
 1.64400000e-08  8.74173824e-05 
 1.64600000e-08  1.47463273e-04 
 1.64800000e-08  2.07491085e-04 
 1.65000000e-08  2.67491174e-04 
 1.65200000e-08  3.27453891e-04 
 1.65400000e-08  3.87369587e-04 
 1.65600000e-08  4.47228613e-04 
 1.65800000e-08  5.07021325e-04 
 1.66000000e-08  5.66738080e-04 
 1.66200000e-08  6.26369243e-04 
 1.66400000e-08  6.85905186e-04 
 1.66600000e-08  7.45336291e-04 
 1.66800000e-08  8.04652952e-04 
 1.67000000e-08  8.63845575e-04 
 1.67200000e-08  9.22904584e-04 
 1.67400000e-08  9.81820417e-04 
 1.67600000e-08  1.04058353e-03 
 1.67800000e-08  1.09918441e-03 
 1.68000000e-08  1.15761355e-03 
 1.68200000e-08  1.21586147e-03 
 1.68400000e-08  1.27391874e-03 
 1.68600000e-08  1.33177593e-03 
 1.68800000e-08  1.38942365e-03 
 1.69000000e-08  1.44685254e-03 
 1.69200000e-08  1.50405329e-03 
 1.69400000e-08  1.56101659e-03 
 1.69600000e-08  1.61773320e-03 
 1.69800000e-08  1.67419391e-03 
 1.70000000e-08  1.73038954e-03 
 1.70200000e-08  1.78631097e-03 
 1.70400000e-08  1.84194911e-03 
 1.70600000e-08  1.89729493e-03 
 1.70800000e-08  1.95233944e-03 
 1.71000000e-08  2.00707369e-03 
 1.71200000e-08  2.06148880e-03 
 1.71400000e-08  2.11557594e-03 
 1.71600000e-08  2.16932632e-03 
 1.71800000e-08  2.22273123e-03 
 1.72000000e-08  2.27578199e-03 
 1.72200000e-08  2.32847002e-03 
 1.72400000e-08  2.38078677e-03 
 1.72600000e-08  2.43272375e-03 
 1.72800000e-08  2.48427257e-03 
 1.73000000e-08  2.53542487e-03 
 1.73200000e-08  2.58617238e-03 
 1.73400000e-08  2.63650689e-03 
 1.73600000e-08  2.68642027e-03 
 1.73800000e-08  2.73590446e-03 
 1.74000000e-08  2.78495147e-03 
 1.74200000e-08  2.83355339e-03 
 1.74400000e-08  2.88170240e-03 
 1.74600000e-08  2.92939074e-03 
 1.74800000e-08  2.97661073e-03 
 1.75000000e-08  3.02335480e-03 
 1.75200000e-08  3.06961542e-03 
 1.75400000e-08  3.11538519e-03 
 1.75600000e-08  3.16065677e-03 
 1.75800000e-08  3.20542291e-03 
 1.76000000e-08  3.24967646e-03 
 1.76200000e-08  3.29341034e-03 
 1.76400000e-08  3.33661758e-03 
 1.76600000e-08  3.37929130e-03 
 1.76800000e-08  3.42142471e-03 
 1.77000000e-08  3.46301110e-03 
 1.77200000e-08  3.50404389e-03 
 1.77400000e-08  3.54451657e-03 
 1.77600000e-08  3.58442273e-03 
 1.77800000e-08  3.62375608e-03 
 1.78000000e-08  3.66251040e-03 
 1.78200000e-08  3.70067960e-03 
 1.78400000e-08  3.73825767e-03 
 1.78600000e-08  3.77523871e-03 
 1.78800000e-08  3.81161694e-03 
 1.79000000e-08  3.84738665e-03 
 1.79200000e-08  3.88254227e-03 
 1.79400000e-08  3.91707833e-03 
 1.79600000e-08  3.95098944e-03 
 1.79800000e-08  3.98427034e-03 
 1.80000000e-08  4.01691589e-03 
 1.80200000e-08  4.04892104e-03 
 1.80400000e-08  4.08028085e-03 
 1.80600000e-08  4.11099049e-03 
 1.80800000e-08  4.14104526e-03 
 1.81000000e-08  4.17044054e-03 
 1.81200000e-08  4.19917186e-03 
 1.81400000e-08  4.22723483e-03 
 1.81600000e-08  4.25462520e-03 
 1.81800000e-08  4.28133879e-03 
 1.82000000e-08  4.30737159e-03 
 1.82200000e-08  4.33271967e-03 
 1.82400000e-08  4.35737921e-03 
 1.82600000e-08  4.38134653e-03 
 1.82800000e-08  4.40461805e-03 
 1.83000000e-08  4.42719030e-03 
 1.83200000e-08  4.44905994e-03 
 1.83400000e-08  4.47022374e-03 
 1.83600000e-08  4.49067857e-03 
 1.83800000e-08  4.51042145e-03 
 1.84000000e-08  4.52944949e-03 
 1.84200000e-08  4.54775992e-03 
 1.84400000e-08  4.56535009e-03 
 1.84600000e-08  4.58221748e-03 
 1.84800000e-08  4.59835966e-03 
 1.85000000e-08  4.61377434e-03 
 1.85200000e-08  4.62845933e-03 
 1.85400000e-08  4.64241257e-03 
 1.85600000e-08  4.65563211e-03 
 1.85800000e-08  4.66811611e-03 
 1.86000000e-08  4.67986287e-03 
 1.86200000e-08  4.69087078e-03 
 1.86400000e-08  4.70113836e-03 
 1.86600000e-08  4.71066425e-03 
 1.86800000e-08  4.71944718e-03 
 1.87000000e-08  4.72748604e-03 
 1.87200000e-08  4.73477979e-03 
 1.87400000e-08  4.74132754e-03 
 1.87600000e-08  4.74712849e-03 
 1.87800000e-08  4.75218198e-03 
 1.88000000e-08  4.75648745e-03 
 1.88200000e-08  4.76004446e-03 
 1.88400000e-08  4.76285267e-03 
 1.88600000e-08  4.76491187e-03 
 1.88800000e-08  4.76622196e-03 
 1.89000000e-08  4.76678295e-03 
 1.89200000e-08  4.76659497e-03 
 1.89400000e-08  4.76565825e-03 
 1.89600000e-08  4.76397315e-03 
 1.89800000e-08  4.76154014e-03 
 1.90000000e-08  4.75835978e-03 
 1.90200000e-08  4.75443276e-03 
 1.90400000e-08  4.74975988e-03 
 1.90600000e-08  4.74434205e-03 
 1.90800000e-08  4.73818029e-03 
 1.91000000e-08  4.73127572e-03 
 1.91200000e-08  4.72362959e-03 
 1.91400000e-08  4.71524324e-03 
 1.91600000e-08  4.70611813e-03 
 1.91800000e-08  4.69625582e-03 
 1.92000000e-08  4.68565799e-03 
 1.92200000e-08  4.67432642e-03 
 1.92400000e-08  4.66226299e-03 
 1.92600000e-08  4.64946969e-03 
 1.92800000e-08  4.63594863e-03 
 1.93000000e-08  4.62170202e-03 
 1.93200000e-08  4.60673216e-03 
 1.93400000e-08  4.59104147e-03 
 1.93600000e-08  4.57463247e-03 
 1.93800000e-08  4.55750779e-03 
 1.94000000e-08  4.53967015e-03 
 1.94200000e-08  4.52112239e-03 
 1.94400000e-08  4.50186743e-03 
 1.94600000e-08  4.48190832e-03 
 1.94800000e-08  4.46124819e-03 
 1.95000000e-08  4.43989028e-03 
 1.95200000e-08  4.41783793e-03 
 1.95400000e-08  4.39509458e-03 
 1.95600000e-08  4.37166378e-03 
 1.95800000e-08  4.34754914e-03 
 1.96000000e-08  4.32275443e-03 
 1.96200000e-08  4.29728346e-03 
 1.96400000e-08  4.27114018e-03 
 1.96600000e-08  4.24432862e-03 
 1.96800000e-08  4.21685290e-03 
 1.97000000e-08  4.18871724e-03 
 1.97200000e-08  4.15992598e-03 
 1.97400000e-08  4.13048352e-03 
 1.97600000e-08  4.10039437e-03 
 1.97800000e-08  4.06966314e-03 
 1.98000000e-08  4.03829452e-03 
 1.98200000e-08  4.00629331e-03 
 1.98400000e-08  3.97366440e-03 
 1.98600000e-08  3.94041275e-03 
 1.98800000e-08  3.90654343e-03 
 1.99000000e-08  3.87206161e-03 
 1.99200000e-08  3.83697254e-03 
 1.99400000e-08  3.80128154e-03 
 1.99600000e-08  3.76499406e-03 
 1.99800000e-08  3.72811561e-03 
 2.00000000e-08  3.69065180e-03 
 2.00200000e-08  3.65260832e-03 
 2.00400000e-08  3.61399095e-03 
 2.00600000e-08  3.57480556e-03 
 2.00800000e-08  3.53505811e-03 
 2.01000000e-08  3.49475462e-03 
 2.01200000e-08  3.45390124e-03 
 2.01400000e-08  3.41250415e-03 
 2.01600000e-08  3.37056966e-03 
 2.01800000e-08  3.32810414e-03 
 2.02000000e-08  3.28511405e-03 
 2.02200000e-08  3.24160592e-03 
 2.02400000e-08  3.19758637e-03 
 2.02600000e-08  3.15306209e-03 
 2.02800000e-08  3.10803988e-03 
 2.03000000e-08  3.06252658e-03 
 2.03200000e-08  3.01652913e-03 
 2.03400000e-08  2.97005453e-03 
 2.03600000e-08  2.92310989e-03 
 2.03800000e-08  2.87570235e-03 
 2.04000000e-08  2.82783917e-03 
 2.04200000e-08  2.77952765e-03 
 2.04400000e-08  2.73077518e-03 
 2.04600000e-08  2.68158922e-03 
 2.04800000e-08  2.63197729e-03 
 2.05000000e-08  2.58194701e-03 
 2.05200000e-08  2.53150603e-03 
 2.05400000e-08  2.48066211e-03 
 2.05600000e-08  2.42942304e-03 
 2.05800000e-08  2.37779670e-03 
 2.06000000e-08  2.32579104e-03 
 2.06200000e-08  2.27341406e-03 
 2.06400000e-08  2.22067383e-03 
 2.06600000e-08  2.16757849e-03 
 2.06800000e-08  2.11413623e-03 
 2.07000000e-08  2.06035532e-03 
 2.07200000e-08  2.00624406e-03 
 2.07400000e-08  1.95181084e-03 
 2.07600000e-08  1.89706409e-03 
 2.07800000e-08  1.84201230e-03 
 2.08000000e-08  1.78666403e-03 
 2.08200000e-08  1.73102787e-03 
 2.08400000e-08  1.67511249e-03 
 2.08600000e-08  1.61892659e-03 
 2.08800000e-08  1.56247893e-03 
 2.09000000e-08  1.50577832e-03 
 2.09200000e-08  1.44883362e-03 
 2.09400000e-08  1.39165373e-03 
 2.09600000e-08  1.33424762e-03 
 2.09800000e-08  1.27662427e-03 
 2.10000000e-08  1.21879273e-03 
 2.10200000e-08  1.16076208e-03 
 2.10400000e-08  1.10254144e-03 
 2.10600000e-08  1.04413998e-03 
 2.10800000e-08  9.85566892e-04 
 2.11000000e-08  9.26831425e-04 
 2.11200000e-08  8.67942847e-04 
 2.11400000e-08  8.08910465e-04 
 2.11600000e-08  7.49743619e-04 
 2.11800000e-08  6.90451678e-04 
 2.12000000e-08  6.31044042e-04 
 2.12200000e-08  5.71530138e-04 
 2.12400000e-08  5.11919418e-04 
 2.12600000e-08  4.52221361e-04 
 2.12800000e-08  3.92445468e-04 
 2.13000000e-08  3.32601260e-04 
 2.13200000e-08  2.72698279e-04 
 2.13400000e-08  2.12746087e-04 
 2.13600000e-08  1.52754260e-04 
 2.13800000e-08  9.27323884e-05 
 2.14000000e-08  3.26900785e-05 
 2.14200000e-08 -2.73630538e-05 
 2.14400000e-08 -8.74173824e-05 
 2.14600000e-08 -1.47463273e-04 
 2.14800000e-08 -2.07491085e-04 
 2.15000000e-08 -2.67491174e-04 
 2.15200000e-08 -3.27453891e-04 
 2.15400000e-08 -3.87369587e-04 
 2.15600000e-08 -4.47228613e-04 
 2.15800000e-08 -5.07021325e-04 
 2.16000000e-08 -5.66738080e-04 
 2.16200000e-08 -6.26369243e-04 
 2.16400000e-08 -6.85905186e-04 
 2.16600000e-08 -7.45336291e-04 
 2.16800000e-08 -8.04652952e-04 
 2.17000000e-08 -8.63845575e-04 
 2.17200000e-08 -9.22904584e-04 
 2.17400000e-08 -9.81820417e-04 
 2.17600000e-08 -1.04058353e-03 
 2.17800000e-08 -1.09918441e-03 
 2.18000000e-08 -1.15761355e-03 
 2.18200000e-08 -1.21586147e-03 
 2.18400000e-08 -1.27391874e-03 
 2.18600000e-08 -1.33177593e-03 
 2.18800000e-08 -1.38942365e-03 
 2.19000000e-08 -1.44685254e-03 
 2.19200000e-08 -1.50405329e-03 
 2.19400000e-08 -1.56101659e-03 
 2.19600000e-08 -1.61773320e-03 
 2.19800000e-08 -1.67419391e-03 
 2.20000000e-08 -1.73038954e-03 
 2.20200000e-08 -1.78631097e-03 
 2.20400000e-08 -1.84194911e-03 
 2.20600000e-08 -1.89729493e-03 
 2.20800000e-08 -1.95233944e-03 
 2.21000000e-08 -2.00707369e-03 
 2.21200000e-08 -2.06148880e-03 
 2.21400000e-08 -2.11557594e-03 
 2.21600000e-08 -2.16932632e-03 
 2.21800000e-08 -2.22273123e-03 
 2.22000000e-08 -2.27578199e-03 
 2.22200000e-08 -2.32847002e-03 
 2.22400000e-08 -2.38078677e-03 
 2.22600000e-08 -2.43272375e-03 
 2.22800000e-08 -2.48427257e-03 
 2.23000000e-08 -2.53542487e-03 
 2.23200000e-08 -2.58617238e-03 
 2.23400000e-08 -2.63650689e-03 
 2.23600000e-08 -2.68642027e-03 
 2.23800000e-08 -2.73590446e-03 
 2.24000000e-08 -2.78495147e-03 
 2.24200000e-08 -2.83355339e-03 
 2.24400000e-08 -2.88170240e-03 
 2.24600000e-08 -2.92939074e-03 
 2.24800000e-08 -2.97661073e-03 
 2.25000000e-08 -3.02335480e-03 
 2.25200000e-08 -3.06961542e-03 
 2.25400000e-08 -3.11538519e-03 
 2.25600000e-08 -3.16065677e-03 
 2.25800000e-08 -3.20542291e-03 
 2.26000000e-08 -3.24967646e-03 
 2.26200000e-08 -3.29341034e-03 
 2.26400000e-08 -3.33661758e-03 
 2.26600000e-08 -3.37929130e-03 
 2.26800000e-08 -3.42142471e-03 
 2.27000000e-08 -3.46301110e-03 
 2.27200000e-08 -3.50404389e-03 
 2.27400000e-08 -3.54451657e-03 
 2.27600000e-08 -3.58442273e-03 
 2.27800000e-08 -3.62375608e-03 
 2.28000000e-08 -3.66251040e-03 
 2.28200000e-08 -3.70067960e-03 
 2.28400000e-08 -3.73825767e-03 
 2.28600000e-08 -3.77523871e-03 
 2.28800000e-08 -3.81161694e-03 
 2.29000000e-08 -3.84738665e-03 
 2.29200000e-08 -3.88254227e-03 
 2.29400000e-08 -3.91707833e-03 
 2.29600000e-08 -3.95098944e-03 
 2.29800000e-08 -3.98427034e-03 
 2.30000000e-08 -4.01691589e-03 
 2.30200000e-08 -4.04892104e-03 
 2.30400000e-08 -4.08028085e-03 
 2.30600000e-08 -4.11099049e-03 
 2.30800000e-08 -4.14104526e-03 
 2.31000000e-08 -4.17044054e-03 
 2.31200000e-08 -4.19917186e-03 
 2.31400000e-08 -4.22723483e-03 
 2.31600000e-08 -4.25462520e-03 
 2.31800000e-08 -4.28133879e-03 
 2.32000000e-08 -4.30737159e-03 
 2.32200000e-08 -4.33271967e-03 
 2.32400000e-08 -4.35737921e-03 
 2.32600000e-08 -4.38134653e-03 
 2.32800000e-08 -4.40461805e-03 
 2.33000000e-08 -4.42719030e-03 
 2.33200000e-08 -4.44905994e-03 
 2.33400000e-08 -4.47022374e-03 
 2.33600000e-08 -4.49067857e-03 
 2.33800000e-08 -4.51042145e-03 
 2.34000000e-08 -4.52944949e-03 
 2.34200000e-08 -4.54775992e-03 
 2.34400000e-08 -4.56535009e-03 
 2.34600000e-08 -4.58221748e-03 
 2.34800000e-08 -4.59835966e-03 
 2.35000000e-08 -4.61377434e-03 
 2.35200000e-08 -4.62845933e-03 
 2.35400000e-08 -4.64241257e-03 
 2.35600000e-08 -4.65563211e-03 
 2.35800000e-08 -4.66811611e-03 
 2.36000000e-08 -4.67986287e-03 
 2.36200000e-08 -4.69087078e-03 
 2.36400000e-08 -4.70113836e-03 
 2.36600000e-08 -4.71066425e-03 
 2.36800000e-08 -4.71944718e-03 
 2.37000000e-08 -4.72748604e-03 
 2.37200000e-08 -4.73477979e-03 
 2.37400000e-08 -4.74132754e-03 
 2.37600000e-08 -4.74712849e-03 
 2.37800000e-08 -4.75218198e-03 
 2.38000000e-08 -4.75648745e-03 
 2.38200000e-08 -4.76004446e-03 
 2.38400000e-08 -4.76285267e-03 
 2.38600000e-08 -4.76491187e-03 
 2.38800000e-08 -4.76622196e-03 
 2.39000000e-08 -4.76678295e-03 
 2.39200000e-08 -4.76659497e-03 
 2.39400000e-08 -4.76565825e-03 
 2.39600000e-08 -4.76397315e-03 
 2.39800000e-08 -4.76154014e-03 
 2.40000000e-08 -4.75835978e-03 
 2.40200000e-08 -4.75443276e-03 
 2.40400000e-08 -4.74975988e-03 
 2.40600000e-08 -4.74434205e-03 
 2.40800000e-08 -4.73818029e-03 
 2.41000000e-08 -4.73127572e-03 
 2.41200000e-08 -4.72362959e-03 
 2.41400000e-08 -4.71524324e-03 
 2.41600000e-08 -4.70611813e-03 
 2.41800000e-08 -4.69625582e-03 
 2.42000000e-08 -4.68565799e-03 
 2.42200000e-08 -4.67432642e-03 
 2.42400000e-08 -4.66226299e-03 
 2.42600000e-08 -4.64946969e-03 
 2.42800000e-08 -4.63594863e-03 
 2.43000000e-08 -4.62170202e-03 
 2.43200000e-08 -4.60673216e-03 
 2.43400000e-08 -4.59104147e-03 
 2.43600000e-08 -4.57463247e-03 
 2.43800000e-08 -4.55750779e-03 
 2.44000000e-08 -4.53967015e-03 
 2.44200000e-08 -4.52112239e-03 
 2.44400000e-08 -4.50186743e-03 
 2.44600000e-08 -4.48190832e-03 
 2.44800000e-08 -4.46124819e-03 
 2.45000000e-08 -4.43989028e-03 
 2.45200000e-08 -4.41783793e-03 
 2.45400000e-08 -4.39509458e-03 
 2.45600000e-08 -4.37166378e-03 
 2.45800000e-08 -4.34754914e-03 
 2.46000000e-08 -4.32275443e-03 
 2.46200000e-08 -4.29728346e-03 
 2.46400000e-08 -4.27114018e-03 
 2.46600000e-08 -4.24432862e-03 
 2.46800000e-08 -4.21685290e-03 
 2.47000000e-08 -4.18871724e-03 
 2.47200000e-08 -4.15992598e-03 
 2.47400000e-08 -4.13048352e-03 
 2.47600000e-08 -4.10039437e-03 
 2.47800000e-08 -4.06966314e-03 
 2.48000000e-08 -4.03829452e-03 
 2.48200000e-08 -4.00629331e-03 
 2.48400000e-08 -3.97366440e-03 
 2.48600000e-08 -3.94041275e-03 
 2.48800000e-08 -3.90654343e-03 
 2.49000000e-08 -3.87206161e-03 
 2.49200000e-08 -3.83697254e-03 
 2.49400000e-08 -3.80128154e-03 
 2.49600000e-08 -3.76499406e-03 
 2.49800000e-08 -3.72811561e-03 
 2.50000000e-08 -3.69065180e-03 
 2.50200000e-08 -3.65260832e-03 
 2.50400000e-08 -3.61399095e-03 
 2.50600000e-08 -3.57480556e-03 
 2.50800000e-08 -3.53505811e-03 
 2.51000000e-08 -3.49475462e-03 
 2.51200000e-08 -3.45390124e-03 
 2.51400000e-08 -3.41250415e-03 
 2.51600000e-08 -3.37056966e-03 
 2.51800000e-08 -3.32810414e-03 
 2.52000000e-08 -3.28511405e-03 
 2.52200000e-08 -3.24160592e-03 
 2.52400000e-08 -3.19758637e-03 
 2.52600000e-08 -3.15306209e-03 
 2.52800000e-08 -3.10803988e-03 
 2.53000000e-08 -3.06252658e-03 
 2.53200000e-08 -3.01652913e-03 
 2.53400000e-08 -2.97005453e-03 
 2.53600000e-08 -2.92310989e-03 
 2.53800000e-08 -2.87570235e-03 
 2.54000000e-08 -2.82783917e-03 
 2.54200000e-08 -2.77952765e-03 
 2.54400000e-08 -2.73077518e-03 
 2.54600000e-08 -2.68158922e-03 
 2.54800000e-08 -2.63197729e-03 
 2.55000000e-08 -2.58194701e-03 
 2.55200000e-08 -2.53150603e-03 
 2.55400000e-08 -2.48066211e-03 
 2.55600000e-08 -2.42942304e-03 
 2.55800000e-08 -2.37779670e-03 
 2.56000000e-08 -2.32579104e-03 
 2.56200000e-08 -2.27341406e-03 
 2.56400000e-08 -2.22067383e-03 
 2.56600000e-08 -2.16757849e-03 
 2.56800000e-08 -2.11413623e-03 
 2.57000000e-08 -2.06035532e-03 
 2.57200000e-08 -2.00624406e-03 
 2.57400000e-08 -1.95181084e-03 
 2.57600000e-08 -1.89706409e-03 
 2.57800000e-08 -1.84201230e-03 
 2.58000000e-08 -1.78666403e-03 
 2.58200000e-08 -1.73102787e-03 
 2.58400000e-08 -1.67511249e-03 
 2.58600000e-08 -1.61892659e-03 
 2.58800000e-08 -1.56247893e-03 
 2.59000000e-08 -1.50577832e-03 
 2.59200000e-08 -1.44883362e-03 
 2.59400000e-08 -1.39165373e-03 
 2.59600000e-08 -1.33424762e-03 
 2.59800000e-08 -1.27662427e-03 
 2.60000000e-08 -1.21879273e-03 
 2.60200000e-08 -1.16076208e-03 
 2.60400000e-08 -1.10254144e-03 
 2.60600000e-08 -1.04413998e-03 
 2.60800000e-08 -9.85566892e-04 
 2.61000000e-08 -9.26831425e-04 
 2.61200000e-08 -8.67942847e-04 
 2.61400000e-08 -8.08910465e-04 
 2.61600000e-08 -7.49743619e-04 
 2.61800000e-08 -6.90451678e-04 
 2.62000000e-08 -6.31044042e-04 
 2.62200000e-08 -5.71530138e-04 
 2.62400000e-08 -5.11919418e-04 
 2.62600000e-08 -4.52221361e-04 
 2.62800000e-08 -3.92445468e-04 
 2.63000000e-08 -3.32601260e-04 
 2.63200000e-08 -2.72698279e-04 
 2.63400000e-08 -2.12746087e-04 
 2.63600000e-08 -1.52754260e-04 
 2.63800000e-08 -9.27323885e-05 
 2.64000000e-08 -3.26900785e-05 
 2.64200000e-08  2.73630538e-05 
 2.64400000e-08  8.74173824e-05 
 2.64600000e-08  1.47463273e-04 
 2.64800000e-08  2.07491085e-04 
 2.65000000e-08  2.67491174e-04 
 2.65200000e-08  3.27453891e-04 
 2.65400000e-08  3.87369587e-04 
 2.65600000e-08  4.47228613e-04 
 2.65800000e-08  5.07021325e-04 
 2.66000000e-08  5.66738080e-04 
 2.66200000e-08  6.26369243e-04 
 2.66400000e-08  6.85905186e-04 
 2.66600000e-08  7.45336291e-04 
 2.66800000e-08  8.04652952e-04 
 2.67000000e-08  8.63845575e-04 
 2.67200000e-08  9.22904584e-04 
 2.67400000e-08  9.81820417e-04 
 2.67600000e-08  1.04058353e-03 
 2.67800000e-08  1.09918441e-03 
 2.68000000e-08  1.15761355e-03 
 2.68200000e-08  1.21586147e-03 
 2.68400000e-08  1.27391874e-03 
 2.68600000e-08  1.33177593e-03 
 2.68800000e-08  1.38942365e-03 
 2.69000000e-08  1.44685254e-03 
 2.69200000e-08  1.50405329e-03 
 2.69400000e-08  1.56101659e-03 
 2.69600000e-08  1.61773320e-03 
 2.69800000e-08  1.67419391e-03 
 2.70000000e-08  1.73038954e-03 
 2.70200000e-08  1.78631097e-03 
 2.70400000e-08  1.84194911e-03 
 2.70600000e-08  1.89729493e-03 
 2.70800000e-08  1.95233944e-03 
 2.71000000e-08  2.00707369e-03 
 2.71200000e-08  2.06148880e-03 
 2.71400000e-08  2.11557594e-03 
 2.71600000e-08  2.16932632e-03 
 2.71800000e-08  2.22273123e-03 
 2.72000000e-08  2.27578199e-03 
 2.72200000e-08  2.32847002e-03 
 2.72400000e-08  2.38078677e-03 
 2.72600000e-08  2.43272375e-03 
 2.72800000e-08  2.48427257e-03 
 2.73000000e-08  2.53542487e-03 
 2.73200000e-08  2.58617238e-03 
 2.73400000e-08  2.63650689e-03 
 2.73600000e-08  2.68642027e-03 
 2.73800000e-08  2.73590446e-03 
 2.74000000e-08  2.78495147e-03 
 2.74200000e-08  2.83355339e-03 
 2.74400000e-08  2.88170240e-03 
 2.74600000e-08  2.92939074e-03 
 2.74800000e-08  2.97661073e-03 
 2.75000000e-08  3.02335480e-03 
 2.75200000e-08  3.06961542e-03 
 2.75400000e-08  3.11538519e-03 
 2.75600000e-08  3.16065677e-03 
 2.75800000e-08  3.20542291e-03 
 2.76000000e-08  3.24967646e-03 
 2.76200000e-08  3.29341034e-03 
 2.76400000e-08  3.33661758e-03 
 2.76600000e-08  3.37929130e-03 
 2.76800000e-08  3.42142471e-03 
 2.77000000e-08  3.46301110e-03 
 2.77200000e-08  3.50404389e-03 
 2.77400000e-08  3.54451657e-03 
 2.77600000e-08  3.58442273e-03 
 2.77800000e-08  3.62375608e-03 
 2.78000000e-08  3.66251040e-03 
 2.78200000e-08  3.70067960e-03 
 2.78400000e-08  3.73825767e-03 
 2.78600000e-08  3.77523871e-03 
 2.78800000e-08  3.81161694e-03 
 2.79000000e-08  3.84738665e-03 
 2.79200000e-08  3.88254227e-03 
 2.79400000e-08  3.91707833e-03 
 2.79600000e-08  3.95098944e-03 
 2.79800000e-08  3.98427034e-03 
 2.80000000e-08  4.01691589e-03 
 2.80200000e-08  4.04892104e-03 
 2.80400000e-08  4.08028085e-03 
 2.80600000e-08  4.11099049e-03 
 2.80800000e-08  4.14104526e-03 
 2.81000000e-08  4.17044054e-03 
 2.81200000e-08  4.19917186e-03 
 2.81400000e-08  4.22723483e-03 
 2.81600000e-08  4.25462520e-03 
 2.81800000e-08  4.28133879e-03 
 2.82000000e-08  4.30737159e-03 
 2.82200000e-08  4.33271967e-03 
 2.82400000e-08  4.35737921e-03 
 2.82600000e-08  4.38134653e-03 
 2.82800000e-08  4.40461805e-03 
 2.83000000e-08  4.42719030e-03 
 2.83200000e-08  4.44905994e-03 
 2.83400000e-08  4.47022374e-03 
 2.83600000e-08  4.49067857e-03 
 2.83800000e-08  4.51042145e-03 
 2.84000000e-08  4.52944949e-03 
 2.84200000e-08  4.54775992e-03 
 2.84400000e-08  4.56535009e-03 
 2.84600000e-08  4.58221748e-03 
 2.84800000e-08  4.59835966e-03 
 2.85000000e-08  4.61377434e-03 
 2.85200000e-08  4.62845933e-03 
 2.85400000e-08  4.64241257e-03 
 2.85600000e-08  4.65563211e-03 
 2.85800000e-08  4.66811611e-03 
 2.86000000e-08  4.67986287e-03 
 2.86200000e-08  4.69087078e-03 
 2.86400000e-08  4.70113836e-03 
 2.86600000e-08  4.71066425e-03 
 2.86800000e-08  4.71944718e-03 
 2.87000000e-08  4.72748604e-03 
 2.87200000e-08  4.73477979e-03 
 2.87400000e-08  4.74132754e-03 
 2.87600000e-08  4.74712849e-03 
 2.87800000e-08  4.75218198e-03 
 2.88000000e-08  4.75648745e-03 
 2.88200000e-08  4.76004446e-03 
 2.88400000e-08  4.76285267e-03 
 2.88600000e-08  4.76491187e-03 
 2.88800000e-08  4.76622196e-03 
 2.89000000e-08  4.76678295e-03 
 2.89200000e-08  4.76659497e-03 
 2.89400000e-08  4.76565825e-03 
 2.89600000e-08  4.76397315e-03 
 2.89800000e-08  4.76154014e-03 
 2.90000000e-08  4.75835978e-03 
 2.90200000e-08  4.75443276e-03 
 2.90400000e-08  4.74975988e-03 
 2.90600000e-08  4.74434205e-03 
 2.90800000e-08  4.73818029e-03 
 2.91000000e-08  4.73127572e-03 
 2.91200000e-08  4.72362959e-03 
 2.91400000e-08  4.71524324e-03 
 2.91600000e-08  4.70611813e-03 
 2.91800000e-08  4.69625582e-03 
 2.92000000e-08  4.68565799e-03 
 2.92200000e-08  4.67432642e-03 
 2.92400000e-08  4.66226299e-03 
 2.92600000e-08  4.64946969e-03 
 2.92800000e-08  4.63594863e-03 
 2.93000000e-08  4.62170202e-03 
 2.93200000e-08  4.60673216e-03 
 2.93400000e-08  4.59104147e-03 
 2.93600000e-08  4.57463247e-03 
 2.93800000e-08  4.55750779e-03 
 2.94000000e-08  4.53967015e-03 
 2.94200000e-08  4.52112239e-03 
 2.94400000e-08  4.50186743e-03 
 2.94600000e-08  4.48190832e-03 
 2.94800000e-08  4.46124819e-03 
 2.95000000e-08  4.43989028e-03 
 2.95200000e-08  4.41783793e-03 
 2.95400000e-08  4.39509458e-03 
 2.95600000e-08  4.37166378e-03 
 2.95800000e-08  4.34754914e-03 
 2.96000000e-08  4.32275443e-03 
 2.96200000e-08  4.29728346e-03 
 2.96400000e-08  4.27114018e-03 
 2.96600000e-08  4.24432862e-03 
 2.96800000e-08  4.21685290e-03 
 2.97000000e-08  4.18871724e-03 
 2.97200000e-08  4.15992598e-03 
 2.97400000e-08  4.13048352e-03 
 2.97600000e-08  4.10039437e-03 
 2.97800000e-08  4.06966314e-03 
 2.98000000e-08  4.03829452e-03 
 2.98200000e-08  4.00629331e-03 
 2.98400000e-08  3.97366440e-03 
 2.98600000e-08  3.94041275e-03 
 2.98800000e-08  3.90654343e-03 
 2.99000000e-08  3.87206161e-03 
 2.99200000e-08  3.83697254e-03 
 2.99400000e-08  3.80128154e-03 
 2.99600000e-08  3.76499406e-03 
 2.99800000e-08  3.72811561e-03 
 3.00000000e-08  3.69065180e-03 
 3.00200000e-08  3.65260832e-03 
 3.00400000e-08  3.61399095e-03 
 3.00600000e-08  3.57480556e-03 
 3.00800000e-08  3.53505811e-03 
 3.01000000e-08  3.49475462e-03 
 3.01200000e-08  3.45390124e-03 
 3.01400000e-08  3.41250415e-03 
 3.01600000e-08  3.37056966e-03 
 3.01800000e-08  3.32810414e-03 
 3.02000000e-08  3.28511405e-03 
 3.02200000e-08  3.24160592e-03 
 3.02400000e-08  3.19758637e-03 
 3.02600000e-08  3.15306209e-03 
 3.02800000e-08  3.10803988e-03 
 3.03000000e-08  3.06252658e-03 
 3.03200000e-08  3.01652913e-03 
 3.03400000e-08  2.97005453e-03 
 3.03600000e-08  2.92310989e-03 
 3.03800000e-08  2.87570235e-03 
 3.04000000e-08  2.82783917e-03 
 3.04200000e-08  2.77952765e-03 
 3.04400000e-08  2.73077518e-03 
 3.04600000e-08  2.68158922e-03 
 3.04800000e-08  2.63197729e-03 
 3.05000000e-08  2.58194701e-03 
 3.05200000e-08  2.53150603e-03 
 3.05400000e-08  2.48066211e-03 
 3.05600000e-08  2.42942304e-03 
 3.05800000e-08  2.37779670e-03 
 3.06000000e-08  2.32579104e-03 
 3.06200000e-08  2.27341406e-03 
 3.06400000e-08  2.22067383e-03 
 3.06600000e-08  2.16757849e-03 
 3.06800000e-08  2.11413623e-03 
 3.07000000e-08  2.06035532e-03 
 3.07200000e-08  2.00624406e-03 
 3.07400000e-08  1.95181084e-03 
 3.07600000e-08  1.89706409e-03 
 3.07800000e-08  1.84201230e-03 
 3.08000000e-08  1.78666403e-03 
 3.08200000e-08  1.73102787e-03 
 3.08400000e-08  1.67511249e-03 
 3.08600000e-08  1.61892659e-03 
 3.08800000e-08  1.56247893e-03 
 3.09000000e-08  1.50577832e-03 
 3.09200000e-08  1.44883362e-03 
 3.09400000e-08  1.39165373e-03 
 3.09600000e-08  1.33424762e-03 
 3.09800000e-08  1.27662427e-03 
 3.10000000e-08  1.21879273e-03 
 3.10200000e-08  1.16076208e-03 
 3.10400000e-08  1.10254144e-03 
 3.10600000e-08  1.04413998e-03 
 3.10800000e-08  9.85566892e-04 
 3.11000000e-08  9.26831425e-04 
 3.11200000e-08  8.67942847e-04 
 3.11400000e-08  8.08910465e-04 
 3.11600000e-08  7.49743619e-04 
 3.11800000e-08  6.90451678e-04 
 3.12000000e-08  6.31044042e-04 
 3.12200000e-08  5.71530138e-04 
 3.12400000e-08  5.11919418e-04 
 3.12600000e-08  4.52221361e-04 
 3.12800000e-08  3.92445468e-04 
 3.13000000e-08  3.32601260e-04 
 3.13200000e-08  2.72698279e-04 
 3.13400000e-08  2.12746087e-04 
 3.13600000e-08  1.52754260e-04 
 3.13800000e-08  9.27323885e-05 
 3.14000000e-08  3.26900785e-05 
 3.14200000e-08 -2.73630538e-05 
 3.14400000e-08 -8.74173824e-05 
 3.14600000e-08 -1.47463273e-04 
 3.14800000e-08 -2.07491085e-04 
 3.15000000e-08 -2.67491174e-04 
 3.15200000e-08 -3.27453891e-04 
 3.15400000e-08 -3.87369587e-04 
 3.15600000e-08 -4.47228613e-04 
 3.15800000e-08 -5.07021325e-04 
 3.16000000e-08 -5.66738080e-04 
 3.16200000e-08 -6.26369243e-04 
 3.16400000e-08 -6.85905186e-04 
 3.16600000e-08 -7.45336291e-04 
 3.16800000e-08 -8.04652952e-04 
 3.17000000e-08 -8.63845575e-04 
 3.17200000e-08 -9.22904584e-04 
 3.17400000e-08 -9.81820417e-04 
 3.17600000e-08 -1.04058353e-03 
 3.17800000e-08 -1.09918441e-03 
 3.18000000e-08 -1.15761355e-03 
 3.18200000e-08 -1.21586147e-03 
 3.18400000e-08 -1.27391874e-03 
 3.18600000e-08 -1.33177593e-03 
 3.18800000e-08 -1.38942365e-03 
 3.19000000e-08 -1.44685254e-03 
 3.19200000e-08 -1.50405329e-03 
 3.19400000e-08 -1.56101659e-03 
 3.19600000e-08 -1.61773320e-03 
 3.19800000e-08 -1.67419391e-03 
 3.20000000e-08 -1.73038954e-03 
 3.20200000e-08 -1.78631097e-03 
 3.20400000e-08 -1.84194911e-03 
 3.20600000e-08 -1.89729493e-03 
 3.20800000e-08 -1.95233944e-03 
 3.21000000e-08 -2.00707369e-03 
 3.21200000e-08 -2.06148880e-03 
 3.21400000e-08 -2.11557594e-03 
 3.21600000e-08 -2.16932632e-03 
 3.21800000e-08 -2.22273123e-03 
 3.22000000e-08 -2.27578199e-03 
 3.22200000e-08 -2.32847002e-03 
 3.22400000e-08 -2.38078677e-03 
 3.22600000e-08 -2.43272375e-03 
 3.22800000e-08 -2.48427257e-03 
 3.23000000e-08 -2.53542487e-03 
 3.23200000e-08 -2.58617238e-03 
 3.23400000e-08 -2.63650689e-03 
 3.23600000e-08 -2.68642027e-03 
 3.23800000e-08 -2.73590446e-03 
 3.24000000e-08 -2.78495147e-03 
 3.24200000e-08 -2.83355339e-03 
 3.24400000e-08 -2.88170240e-03 
 3.24600000e-08 -2.92939074e-03 
 3.24800000e-08 -2.97661073e-03 
 3.25000000e-08 -3.02335480e-03 
 3.25200000e-08 -3.06961542e-03 
 3.25400000e-08 -3.11538519e-03 
 3.25600000e-08 -3.16065677e-03 
 3.25800000e-08 -3.20542291e-03 
 3.26000000e-08 -3.24967646e-03 
 3.26200000e-08 -3.29341034e-03 
 3.26400000e-08 -3.33661758e-03 
 3.26600000e-08 -3.37929130e-03 
 3.26800000e-08 -3.42142471e-03 
 3.27000000e-08 -3.46301110e-03 
 3.27200000e-08 -3.50404389e-03 
 3.27400000e-08 -3.54451657e-03 
 3.27600000e-08 -3.58442273e-03 
 3.27800000e-08 -3.62375608e-03 
 3.28000000e-08 -3.66251040e-03 
 3.28200000e-08 -3.70067960e-03 
 3.28400000e-08 -3.73825767e-03 
 3.28600000e-08 -3.77523871e-03 
 3.28800000e-08 -3.81161694e-03 
 3.29000000e-08 -3.84738665e-03 
 3.29200000e-08 -3.88254227e-03 
 3.29400000e-08 -3.91707833e-03 
 3.29600000e-08 -3.95098944e-03 
 3.29800000e-08 -3.98427034e-03 
 3.30000000e-08 -4.01691589e-03 
 3.30200000e-08 -4.04892104e-03 
 3.30400000e-08 -4.08028085e-03 
 3.30600000e-08 -4.11099049e-03 
 3.30800000e-08 -4.14104526e-03 
 3.31000000e-08 -4.17044054e-03 
 3.31200000e-08 -4.19917186e-03 
 3.31400000e-08 -4.22723483e-03 
 3.31600000e-08 -4.25462520e-03 
 3.31800000e-08 -4.28133879e-03 
 3.32000000e-08 -4.30737159e-03 
 3.32200000e-08 -4.33271967e-03 
 3.32400000e-08 -4.35737921e-03 
 3.32600000e-08 -4.38134653e-03 
 3.32800000e-08 -4.40461805e-03 
 3.33000000e-08 -4.42719030e-03 
 3.33200000e-08 -4.44905994e-03 
 3.33400000e-08 -4.47022374e-03 
 3.33600000e-08 -4.49067857e-03 
 3.33800000e-08 -4.51042145e-03 
 3.34000000e-08 -4.52944949e-03 
 3.34200000e-08 -4.54775992e-03 
 3.34400000e-08 -4.56535009e-03 
 3.34600000e-08 -4.58221748e-03 
 3.34800000e-08 -4.59835966e-03 
 3.35000000e-08 -4.61377434e-03 
 3.35200000e-08 -4.62845933e-03 
 3.35400000e-08 -4.64241257e-03 
 3.35600000e-08 -4.65563211e-03 
 3.35800000e-08 -4.66811611e-03 
 3.36000000e-08 -4.67986287e-03 
 3.36200000e-08 -4.69087078e-03 
 3.36400000e-08 -4.70113836e-03 
 3.36600000e-08 -4.71066425e-03 
 3.36800000e-08 -4.71944718e-03 
 3.37000000e-08 -4.72748604e-03 
 3.37200000e-08 -4.73477979e-03 
 3.37400000e-08 -4.74132754e-03 
 3.37600000e-08 -4.74712849e-03 
 3.37800000e-08 -4.75218198e-03 
 3.38000000e-08 -4.75648745e-03 
 3.38200000e-08 -4.76004446e-03 
 3.38400000e-08 -4.76285267e-03 
 3.38600000e-08 -4.76491187e-03 
 3.38800000e-08 -4.76622196e-03 
 3.39000000e-08 -4.76678295e-03 
 3.39200000e-08 -4.76659497e-03 
 3.39400000e-08 -4.76565825e-03 
 3.39600000e-08 -4.76397315e-03 
 3.39800000e-08 -4.76154014e-03 
 3.40000000e-08 -4.75835978e-03 
 3.40200000e-08 -4.75443276e-03 
 3.40400000e-08 -4.74975988e-03 
 3.40600000e-08 -4.74434205e-03 
 3.40800000e-08 -4.73818029e-03 
 3.41000000e-08 -4.73127572e-03 
 3.41200000e-08 -4.72362959e-03 
 3.41400000e-08 -4.71524324e-03 
 3.41600000e-08 -4.70611813e-03 
 3.41800000e-08 -4.69625582e-03 
 3.42000000e-08 -4.68565799e-03 
 3.42200000e-08 -4.67432642e-03 
 3.42400000e-08 -4.66226299e-03 
 3.42600000e-08 -4.64946969e-03 
 3.42800000e-08 -4.63594863e-03 
 3.43000000e-08 -4.62170202e-03 
 3.43200000e-08 -4.60673216e-03 
 3.43400000e-08 -4.59104147e-03 
 3.43600000e-08 -4.57463247e-03 
 3.43800000e-08 -4.55750779e-03 
 3.44000000e-08 -4.53967015e-03 
 3.44200000e-08 -4.52112239e-03 
 3.44400000e-08 -4.50186743e-03 
 3.44600000e-08 -4.48190832e-03 
 3.44800000e-08 -4.46124819e-03 
 3.45000000e-08 -4.43989028e-03 
 3.45200000e-08 -4.41783793e-03 
 3.45400000e-08 -4.39509458e-03 
 3.45600000e-08 -4.37166378e-03 
 3.45800000e-08 -4.34754914e-03 
 3.46000000e-08 -4.32275443e-03 
 3.46200000e-08 -4.29728346e-03 
 3.46400000e-08 -4.27114018e-03 
 3.46600000e-08 -4.24432862e-03 
 3.46800000e-08 -4.21685290e-03 
 3.47000000e-08 -4.18871724e-03 
 3.47200000e-08 -4.15992598e-03 
 3.47400000e-08 -4.13048352e-03 
 3.47600000e-08 -4.10039437e-03 
 3.47800000e-08 -4.06966314e-03 
 3.48000000e-08 -4.03829452e-03 
 3.48200000e-08 -4.00629331e-03 
 3.48400000e-08 -3.97366440e-03 
 3.48600000e-08 -3.94041275e-03 
 3.48800000e-08 -3.90654343e-03 
 3.49000000e-08 -3.87206161e-03 
 3.49200000e-08 -3.83697254e-03 
 3.49400000e-08 -3.80128154e-03 
 3.49600000e-08 -3.76499406e-03 
 3.49800000e-08 -3.72811561e-03 
 3.50000000e-08 -3.69065180e-03 
 3.50200000e-08 -3.65260832e-03 
 3.50400000e-08 -3.61399095e-03 
 3.50600000e-08 -3.57480556e-03 
 3.50800000e-08 -3.53505811e-03 
 3.51000000e-08 -3.49475462e-03 
 3.51200000e-08 -3.45390124e-03 
 3.51400000e-08 -3.41250415e-03 
 3.51600000e-08 -3.37056966e-03 
 3.51800000e-08 -3.32810414e-03 
 3.52000000e-08 -3.28511405e-03 
 3.52200000e-08 -3.24160592e-03 
 3.52400000e-08 -3.19758637e-03 
 3.52600000e-08 -3.15306209e-03 
 3.52800000e-08 -3.10803988e-03 
 3.53000000e-08 -3.06252658e-03 
 3.53200000e-08 -3.01652913e-03 
 3.53400000e-08 -2.97005453e-03 
 3.53600000e-08 -2.92310989e-03 
 3.53800000e-08 -2.87570235e-03 
 3.54000000e-08 -2.82783917e-03 
 3.54200000e-08 -2.77952765e-03 
 3.54400000e-08 -2.73077518e-03 
 3.54600000e-08 -2.68158922e-03 
 3.54800000e-08 -2.63197729e-03 
 3.55000000e-08 -2.58194701e-03 
 3.55200000e-08 -2.53150603e-03 
 3.55400000e-08 -2.48066211e-03 
 3.55600000e-08 -2.42942304e-03 
 3.55800000e-08 -2.37779670e-03 
 3.56000000e-08 -2.32579104e-03 
 3.56200000e-08 -2.27341406e-03 
 3.56400000e-08 -2.22067383e-03 
 3.56600000e-08 -2.16757849e-03 
 3.56800000e-08 -2.11413623e-03 
 3.57000000e-08 -2.06035532e-03 
 3.57200000e-08 -2.00624406e-03 
 3.57400000e-08 -1.95181084e-03 
 3.57600000e-08 -1.89706409e-03 
 3.57800000e-08 -1.84201230e-03 
 3.58000000e-08 -1.78666403e-03 
 3.58200000e-08 -1.73102787e-03 
 3.58400000e-08 -1.67511249e-03 
 3.58600000e-08 -1.61892659e-03 
 3.58800000e-08 -1.56247893e-03 
 3.59000000e-08 -1.50577832e-03 
 3.59200000e-08 -1.44883362e-03 
 3.59400000e-08 -1.39165373e-03 
 3.59600000e-08 -1.33424762e-03 
 3.59800000e-08 -1.27662427e-03 
 3.60000000e-08 -1.21879273e-03 
 3.60200000e-08 -1.16076208e-03 
 3.60400000e-08 -1.10254144e-03 
 3.60600000e-08 -1.04413998e-03 
 3.60800000e-08 -9.85566892e-04 
 3.61000000e-08 -9.26831425e-04 
 3.61200000e-08 -8.67942847e-04 
 3.61400000e-08 -8.08910465e-04 
 3.61600000e-08 -7.49743619e-04 
 3.61800000e-08 -6.90451678e-04 
 3.62000000e-08 -6.31044042e-04 
 3.62200000e-08 -5.71530138e-04 
 3.62400000e-08 -5.11919418e-04 
 3.62600000e-08 -4.52221361e-04 
 3.62800000e-08 -3.92445468e-04 
 3.63000000e-08 -3.32601260e-04 
 3.63200000e-08 -2.72698279e-04 
 3.63400000e-08 -2.12746087e-04 
 3.63600000e-08 -1.52754260e-04 
 3.63800000e-08 -9.27323885e-05 
 3.64000000e-08 -3.26900785e-05 
 3.64200000e-08  2.73630538e-05 
 3.64400000e-08  8.74173824e-05 
 3.64600000e-08  1.47463273e-04 
 3.64800000e-08  2.07491085e-04 
 3.65000000e-08  2.67491174e-04 
 3.65200000e-08  3.27453891e-04 
 3.65400000e-08  3.87369587e-04 
 3.65600000e-08  4.47228613e-04 
 3.65800000e-08  5.07021325e-04 
 3.66000000e-08  5.66738080e-04 
 3.66200000e-08  6.26369243e-04 
 3.66400000e-08  6.85905186e-04 
 3.66600000e-08  7.45336291e-04 
 3.66800000e-08  8.04652952e-04 
 3.67000000e-08  8.63845575e-04 
 3.67200000e-08  9.22904584e-04 
 3.67400000e-08  9.81820417e-04 
 3.67600000e-08  1.04058353e-03 
 3.67800000e-08  1.09918441e-03 
 3.68000000e-08  1.15761355e-03 
 3.68200000e-08  1.21586147e-03 
 3.68400000e-08  1.27391874e-03 
 3.68600000e-08  1.33177593e-03 
 3.68800000e-08  1.38942365e-03 
 3.69000000e-08  1.44685254e-03 
 3.69200000e-08  1.50405329e-03 
 3.69400000e-08  1.56101659e-03 
 3.69600000e-08  1.61773320e-03 
 3.69800000e-08  1.67419391e-03 
 3.70000000e-08  1.73038954e-03 
 3.70200000e-08  1.78631097e-03 
 3.70400000e-08  1.84194911e-03 
 3.70600000e-08  1.89729493e-03 
 3.70800000e-08  1.95233944e-03 
 3.71000000e-08  2.00707369e-03 
 3.71200000e-08  2.06148880e-03 
 3.71400000e-08  2.11557594e-03 
 3.71600000e-08  2.16932632e-03 
 3.71800000e-08  2.22273123e-03 
 3.72000000e-08  2.27578199e-03 
 3.72200000e-08  2.32847002e-03 
 3.72400000e-08  2.38078677e-03 
 3.72600000e-08  2.43272375e-03 
 3.72800000e-08  2.48427257e-03 
 3.73000000e-08  2.53542487e-03 
 3.73200000e-08  2.58617238e-03 
 3.73400000e-08  2.63650689e-03 
 3.73600000e-08  2.68642027e-03 
 3.73800000e-08  2.73590446e-03 
 3.74000000e-08  2.78495147e-03 
 3.74200000e-08  2.83355339e-03 
 3.74400000e-08  2.88170240e-03 
 3.74600000e-08  2.92939074e-03 
 3.74800000e-08  2.97661073e-03 
 3.75000000e-08  3.02335480e-03 
 3.75200000e-08  3.06961542e-03 
 3.75400000e-08  3.11538519e-03 
 3.75600000e-08  3.16065677e-03 
 3.75800000e-08  3.20542291e-03 
 3.76000000e-08  3.24967646e-03 
 3.76200000e-08  3.29341034e-03 
 3.76400000e-08  3.33661758e-03 
 3.76600000e-08  3.37929130e-03 
 3.76800000e-08  3.42142471e-03 
 3.77000000e-08  3.46301110e-03 
 3.77200000e-08  3.50404389e-03 
 3.77400000e-08  3.54451657e-03 
 3.77600000e-08  3.58442273e-03 
 3.77800000e-08  3.62375608e-03 
 3.78000000e-08  3.66251040e-03 
 3.78200000e-08  3.70067960e-03 
 3.78400000e-08  3.73825767e-03 
 3.78600000e-08  3.77523871e-03 
 3.78800000e-08  3.81161694e-03 
 3.79000000e-08  3.84738665e-03 
 3.79200000e-08  3.88254227e-03 
 3.79400000e-08  3.91707833e-03 
 3.79600000e-08  3.95098944e-03 
 3.79800000e-08  3.98427034e-03 
 3.80000000e-08  4.01691589e-03 
 3.80200000e-08  4.04892104e-03 
 3.80400000e-08  4.08028085e-03 
 3.80600000e-08  4.11099049e-03 
 3.80800000e-08  4.14104526e-03 
 3.81000000e-08  4.17044054e-03 
 3.81200000e-08  4.19917186e-03 
 3.81400000e-08  4.22723483e-03 
 3.81600000e-08  4.25462520e-03 
 3.81800000e-08  4.28133879e-03 
 3.82000000e-08  4.30737159e-03 
 3.82200000e-08  4.33271967e-03 
 3.82400000e-08  4.35737921e-03 
 3.82600000e-08  4.38134653e-03 
 3.82800000e-08  4.40461805e-03 
 3.83000000e-08  4.42719030e-03 
 3.83200000e-08  4.44905994e-03 
 3.83400000e-08  4.47022374e-03 
 3.83600000e-08  4.49067857e-03 
 3.83800000e-08  4.51042145e-03 
 3.84000000e-08  4.52944949e-03 
 3.84200000e-08  4.54775992e-03 
 3.84400000e-08  4.56535009e-03 
 3.84600000e-08  4.58221748e-03 
 3.84800000e-08  4.59835966e-03 
 3.85000000e-08  4.61377434e-03 
 3.85200000e-08  4.62845933e-03 
 3.85400000e-08  4.64241257e-03 
 3.85600000e-08  4.65563211e-03 
 3.85800000e-08  4.66811611e-03 
 3.86000000e-08  4.67986287e-03 
 3.86200000e-08  4.69087078e-03 
 3.86400000e-08  4.70113836e-03 
 3.86600000e-08  4.71066425e-03 
 3.86800000e-08  4.71944718e-03 
 3.87000000e-08  4.72748604e-03 
 3.87200000e-08  4.73477979e-03 
 3.87400000e-08  4.74132754e-03 
 3.87600000e-08  4.74712849e-03 
 3.87800000e-08  4.75218198e-03 
 3.88000000e-08  4.75648745e-03 
 3.88200000e-08  4.76004446e-03 
 3.88400000e-08  4.76285267e-03 
 3.88600000e-08  4.76491187e-03 
 3.88800000e-08  4.76622196e-03 
 3.89000000e-08  4.76678295e-03 
 3.89200000e-08  4.76659497e-03 
 3.89400000e-08  4.76565825e-03 
 3.89600000e-08  4.76397315e-03 
 3.89800000e-08  4.76154014e-03 
 3.90000000e-08  4.75835978e-03 
 3.90200000e-08  4.75443276e-03 
 3.90400000e-08  4.74975988e-03 
 3.90600000e-08  4.74434205e-03 
 3.90800000e-08  4.73818029e-03 
 3.91000000e-08  4.73127572e-03 
 3.91200000e-08  4.72362959e-03 
 3.91400000e-08  4.71524324e-03 
 3.91600000e-08  4.70611813e-03 
 3.91800000e-08  4.69625582e-03 
 3.92000000e-08  4.68565799e-03 
 3.92200000e-08  4.67432642e-03 
 3.92400000e-08  4.66226299e-03 
 3.92600000e-08  4.64946969e-03 
 3.92800000e-08  4.63594863e-03 
 3.93000000e-08  4.62170202e-03 
 3.93200000e-08  4.60673216e-03 
 3.93400000e-08  4.59104147e-03 
 3.93600000e-08  4.57463247e-03 
 3.93800000e-08  4.55750779e-03 
 3.94000000e-08  4.53967015e-03 
 3.94200000e-08  4.52112239e-03 
 3.94400000e-08  4.50186743e-03 
 3.94600000e-08  4.48190832e-03 
 3.94800000e-08  4.46124819e-03 
 3.95000000e-08  4.43989028e-03 
 3.95200000e-08  4.41783793e-03 
 3.95400000e-08  4.39509458e-03 
 3.95600000e-08  4.37166378e-03 
 3.95800000e-08  4.34754914e-03 
 3.96000000e-08  4.32275443e-03 
 3.96200000e-08  4.29728346e-03 
 3.96400000e-08  4.27114018e-03 
 3.96600000e-08  4.24432862e-03 
 3.96800000e-08  4.21685290e-03 
 3.97000000e-08  4.18871724e-03 
 3.97200000e-08  4.15992598e-03 
 3.97400000e-08  4.13048352e-03 
 3.97600000e-08  4.10039437e-03 
 3.97800000e-08  4.06966314e-03 
 3.98000000e-08  4.03829452e-03 
 3.98200000e-08  4.00629331e-03 
 3.98400000e-08  3.97366440e-03 
 3.98600000e-08  3.94041275e-03 
 3.98800000e-08  3.90654343e-03 
 3.99000000e-08  3.87206161e-03 
 3.99200000e-08  3.83697254e-03 
 3.99400000e-08  3.80128154e-03 
 3.99600000e-08  3.76499406e-03 
 3.99800000e-08  3.72811561e-03 
 4.00000000e-08  3.69065180e-03 
 4.00200000e-08  3.65260832e-03 
 4.00400000e-08  3.61399095e-03 
 4.00600000e-08  3.57480556e-03 
 4.00800000e-08  3.53505811e-03 
 4.01000000e-08  3.49475462e-03 
 4.01200000e-08  3.45390124e-03 
 4.01400000e-08  3.41250415e-03 
 4.01600000e-08  3.37056966e-03 
 4.01800000e-08  3.32810414e-03 
 4.02000000e-08  3.28511405e-03 
 4.02200000e-08  3.24160592e-03 
 4.02400000e-08  3.19758637e-03 
 4.02600000e-08  3.15306209e-03 
 4.02800000e-08  3.10803988e-03 
 4.03000000e-08  3.06252658e-03 
 4.03200000e-08  3.01652913e-03 
 4.03400000e-08  2.97005453e-03 
 4.03600000e-08  2.92310989e-03 
 4.03800000e-08  2.87570235e-03 
 4.04000000e-08  2.82783917e-03 
 4.04200000e-08  2.77952765e-03 
 4.04400000e-08  2.73077518e-03 
 4.04600000e-08  2.68158922e-03 
 4.04800000e-08  2.63197729e-03 
 4.05000000e-08  2.58194701e-03 
 4.05200000e-08  2.53150603e-03 
 4.05400000e-08  2.48066211e-03 
 4.05600000e-08  2.42942304e-03 
 4.05800000e-08  2.37779670e-03 
 4.06000000e-08  2.32579104e-03 
 4.06200000e-08  2.27341406e-03 
 4.06400000e-08  2.22067383e-03 
 4.06600000e-08  2.16757849e-03 
 4.06800000e-08  2.11413623e-03 
 4.07000000e-08  2.06035532e-03 
 4.07200000e-08  2.00624406e-03 
 4.07400000e-08  1.95181084e-03 
 4.07600000e-08  1.89706409e-03 
 4.07800000e-08  1.84201230e-03 
 4.08000000e-08  1.78666403e-03 
 4.08200000e-08  1.73102787e-03 
 4.08400000e-08  1.67511249e-03 
 4.08600000e-08  1.61892659e-03 
 4.08800000e-08  1.56247893e-03 
 4.09000000e-08  1.50577832e-03 
 4.09200000e-08  1.44883362e-03 
 4.09400000e-08  1.39165373e-03 
 4.09600000e-08  1.33424762e-03 
 4.09800000e-08  1.27662427e-03 
 4.10000000e-08  1.21879273e-03 
 4.10200000e-08  1.16076208e-03 
 4.10400000e-08  1.10254144e-03 
 4.10600000e-08  1.04413998e-03 
 4.10800000e-08  9.85566893e-04 
 4.11000000e-08  9.26831425e-04 
 4.11200000e-08  8.67942847e-04 
 4.11400000e-08  8.08910465e-04 
 4.11600000e-08  7.49743619e-04 
 4.11800000e-08  6.90451678e-04 
 4.12000000e-08  6.31044042e-04 
 4.12200000e-08  5.71530138e-04 
 4.12400000e-08  5.11919418e-04 
 4.12600000e-08  4.52221361e-04 
 4.12800000e-08  3.92445468e-04 
 4.13000000e-08  3.32601260e-04 
 4.13200000e-08  2.72698279e-04 
 4.13400000e-08  2.12746087e-04 
 4.13600000e-08  1.52754260e-04 
 4.13800000e-08  9.27323884e-05 
 4.14000000e-08  3.26900785e-05 
 4.14200000e-08 -2.73630538e-05 
 4.14400000e-08 -8.74173824e-05 
 4.14600000e-08 -1.47463273e-04 
 4.14800000e-08 -2.07491085e-04 
 4.15000000e-08 -2.67491174e-04 
 4.15200000e-08 -3.27453891e-04 
 4.15400000e-08 -3.87369587e-04 
 4.15600000e-08 -4.47228613e-04 
 4.15800000e-08 -5.07021325e-04 
 4.16000000e-08 -5.66738080e-04 
 4.16200000e-08 -6.26369243e-04 
 4.16400000e-08 -6.85905186e-04 
 4.16600000e-08 -7.45336291e-04 
 4.16800000e-08 -8.04652952e-04 
 4.17000000e-08 -8.63845575e-04 
 4.17200000e-08 -9.22904584e-04 
 4.17400000e-08 -9.81820417e-04 
 4.17600000e-08 -1.04058353e-03 
 4.17800000e-08 -1.09918441e-03 
 4.18000000e-08 -1.15761355e-03 
 4.18200000e-08 -1.21586147e-03 
 4.18400000e-08 -1.27391874e-03 
 4.18600000e-08 -1.33177593e-03 
 4.18800000e-08 -1.38942365e-03 
 4.19000000e-08 -1.44685254e-03 
 4.19200000e-08 -1.50405329e-03 
 4.19400000e-08 -1.56101659e-03 
 4.19600000e-08 -1.61773320e-03 
 4.19800000e-08 -1.67419391e-03 
 4.20000000e-08 -1.73038954e-03 
 4.20200000e-08 -1.78631097e-03 
 4.20400000e-08 -1.84194911e-03 
 4.20600000e-08 -1.89729493e-03 
 4.20800000e-08 -1.95233944e-03 
 4.21000000e-08 -2.00707369e-03 
 4.21200000e-08 -2.06148880e-03 
 4.21400000e-08 -2.11557594e-03 
 4.21600000e-08 -2.16932632e-03 
 4.21800000e-08 -2.22273123e-03 
 4.22000000e-08 -2.27578199e-03 
 4.22200000e-08 -2.32847002e-03 
 4.22400000e-08 -2.38078677e-03 
 4.22600000e-08 -2.43272375e-03 
 4.22800000e-08 -2.48427257e-03 
 4.23000000e-08 -2.53542487e-03 
 4.23200000e-08 -2.58617238e-03 
 4.23400000e-08 -2.63650689e-03 
 4.23600000e-08 -2.68642027e-03 
 4.23800000e-08 -2.73590446e-03 
 4.24000000e-08 -2.78495147e-03 
 4.24200000e-08 -2.83355339e-03 
 4.24400000e-08 -2.88170240e-03 
 4.24600000e-08 -2.92939074e-03 
 4.24800000e-08 -2.97661073e-03 
 4.25000000e-08 -3.02335480e-03 
 4.25200000e-08 -3.06961542e-03 
 4.25400000e-08 -3.11538519e-03 
 4.25600000e-08 -3.16065677e-03 
 4.25800000e-08 -3.20542291e-03 
 4.26000000e-08 -3.24967646e-03 
 4.26200000e-08 -3.29341034e-03 
 4.26400000e-08 -3.33661758e-03 
 4.26600000e-08 -3.37929130e-03 
 4.26800000e-08 -3.42142471e-03 
 4.27000000e-08 -3.46301110e-03 
 4.27200000e-08 -3.50404389e-03 
 4.27400000e-08 -3.54451657e-03 
 4.27600000e-08 -3.58442273e-03 
 4.27800000e-08 -3.62375608e-03 
 4.28000000e-08 -3.66251040e-03 
 4.28200000e-08 -3.70067960e-03 
 4.28400000e-08 -3.73825767e-03 
 4.28600000e-08 -3.77523871e-03 
 4.28800000e-08 -3.81161694e-03 
 4.29000000e-08 -3.84738665e-03 
 4.29200000e-08 -3.88254227e-03 
 4.29400000e-08 -3.91707833e-03 
 4.29600000e-08 -3.95098944e-03 
 4.29800000e-08 -3.98427034e-03 
 4.30000000e-08 -4.01691589e-03 
 4.30200000e-08 -4.04892104e-03 
 4.30400000e-08 -4.08028085e-03 
 4.30600000e-08 -4.11099049e-03 
 4.30800000e-08 -4.14104526e-03 
 4.31000000e-08 -4.17044054e-03 
 4.31200000e-08 -4.19917186e-03 
 4.31400000e-08 -4.22723483e-03 
 4.31600000e-08 -4.25462520e-03 
 4.31800000e-08 -4.28133879e-03 
 4.32000000e-08 -4.30737159e-03 
 4.32200000e-08 -4.33271967e-03 
 4.32400000e-08 -4.35737921e-03 
 4.32600000e-08 -4.38134653e-03 
 4.32800000e-08 -4.40461805e-03 
 4.33000000e-08 -4.42719030e-03 
 4.33200000e-08 -4.44905994e-03 
 4.33400000e-08 -4.47022374e-03 
 4.33600000e-08 -4.49067857e-03 
 4.33800000e-08 -4.51042145e-03 
 4.34000000e-08 -4.52944949e-03 
 4.34200000e-08 -4.54775992e-03 
 4.34400000e-08 -4.56535009e-03 
 4.34600000e-08 -4.58221748e-03 
 4.34800000e-08 -4.59835966e-03 
 4.35000000e-08 -4.61377434e-03 
 4.35200000e-08 -4.62845933e-03 
 4.35400000e-08 -4.64241257e-03 
 4.35600000e-08 -4.65563211e-03 
 4.35800000e-08 -4.66811611e-03 
 4.36000000e-08 -4.67986287e-03 
 4.36200000e-08 -4.69087078e-03 
 4.36400000e-08 -4.70113836e-03 
 4.36600000e-08 -4.71066425e-03 
 4.36800000e-08 -4.71944718e-03 
 4.37000000e-08 -4.72748604e-03 
 4.37200000e-08 -4.73477979e-03 
 4.37400000e-08 -4.74132754e-03 
 4.37600000e-08 -4.74712849e-03 
 4.37800000e-08 -4.75218198e-03 
 4.38000000e-08 -4.75648745e-03 
 4.38200000e-08 -4.76004446e-03 
 4.38400000e-08 -4.76285267e-03 
 4.38600000e-08 -4.76491187e-03 
 4.38800000e-08 -4.76622196e-03 
 4.39000000e-08 -4.76678295e-03 
 4.39200000e-08 -4.76659497e-03 
 4.39400000e-08 -4.76565825e-03 
 4.39600000e-08 -4.76397315e-03 
 4.39800000e-08 -4.76154014e-03 
 4.40000000e-08 -4.75835978e-03 
 4.40200000e-08 -4.75443276e-03 
 4.40400000e-08 -4.74975988e-03 
 4.40600000e-08 -4.74434205e-03 
 4.40800000e-08 -4.73818029e-03 
 4.41000000e-08 -4.73127572e-03 
 4.41200000e-08 -4.72362959e-03 
 4.41400000e-08 -4.71524324e-03 
 4.41600000e-08 -4.70611813e-03 
 4.41800000e-08 -4.69625582e-03 
 4.42000000e-08 -4.68565799e-03 
 4.42200000e-08 -4.67432642e-03 
 4.42400000e-08 -4.66226299e-03 
 4.42600000e-08 -4.64946969e-03 
 4.42800000e-08 -4.63594863e-03 
 4.43000000e-08 -4.62170202e-03 
 4.43200000e-08 -4.60673216e-03 
 4.43400000e-08 -4.59104147e-03 
 4.43600000e-08 -4.57463247e-03 
 4.43800000e-08 -4.55750779e-03 
 4.44000000e-08 -4.53967015e-03 
 4.44200000e-08 -4.52112239e-03 
 4.44400000e-08 -4.50186743e-03 
 4.44600000e-08 -4.48190832e-03 
 4.44800000e-08 -4.46124819e-03 
 4.45000000e-08 -4.43989028e-03 
 4.45200000e-08 -4.41783793e-03 
 4.45400000e-08 -4.39509458e-03 
 4.45600000e-08 -4.37166378e-03 
 4.45800000e-08 -4.34754914e-03 
 4.46000000e-08 -4.32275443e-03 
 4.46200000e-08 -4.29728346e-03 
 4.46400000e-08 -4.27114018e-03 
 4.46600000e-08 -4.24432862e-03 
 4.46800000e-08 -4.21685290e-03 
 4.47000000e-08 -4.18871724e-03 
 4.47200000e-08 -4.15992598e-03 
 4.47400000e-08 -4.13048352e-03 
 4.47600000e-08 -4.10039437e-03 
 4.47800000e-08 -4.06966314e-03 
 4.48000000e-08 -4.03829452e-03 
 4.48200000e-08 -4.00629331e-03 
 4.48400000e-08 -3.97366440e-03 
 4.48600000e-08 -3.94041275e-03 
 4.48800000e-08 -3.90654343e-03 
 4.49000000e-08 -3.87206161e-03 
 4.49200000e-08 -3.83697254e-03 
 4.49400000e-08 -3.80128154e-03 
 4.49600000e-08 -3.76499406e-03 
 4.49800000e-08 -3.72811561e-03 
 4.50000000e-08 -3.69065180e-03 
 4.50200000e-08 -3.65260832e-03 
 4.50400000e-08 -3.61399095e-03 
 4.50600000e-08 -3.57480556e-03 
 4.50800000e-08 -3.53505811e-03 
 4.51000000e-08 -3.49475462e-03 
 4.51200000e-08 -3.45390124e-03 
 4.51400000e-08 -3.41250415e-03 
 4.51600000e-08 -3.37056966e-03 
 4.51800000e-08 -3.32810414e-03 
 4.52000000e-08 -3.28511405e-03 
 4.52200000e-08 -3.24160592e-03 
 4.52400000e-08 -3.19758637e-03 
 4.52600000e-08 -3.15306209e-03 
 4.52800000e-08 -3.10803988e-03 
 4.53000000e-08 -3.06252658e-03 
 4.53200000e-08 -3.01652913e-03 
 4.53400000e-08 -2.97005453e-03 
 4.53600000e-08 -2.92310989e-03 
 4.53800000e-08 -2.87570235e-03 
 4.54000000e-08 -2.82783917e-03 
 4.54200000e-08 -2.77952765e-03 
 4.54400000e-08 -2.73077518e-03 
 4.54600000e-08 -2.68158922e-03 
 4.54800000e-08 -2.63197729e-03 
 4.55000000e-08 -2.58194701e-03 
 4.55200000e-08 -2.53150603e-03 
 4.55400000e-08 -2.48066211e-03 
 4.55600000e-08 -2.42942304e-03 
 4.55800000e-08 -2.37779670e-03 
 4.56000000e-08 -2.32579104e-03 
 4.56200000e-08 -2.27341406e-03 
 4.56400000e-08 -2.22067383e-03 
 4.56600000e-08 -2.16757849e-03 
 4.56800000e-08 -2.11413623e-03 
 4.57000000e-08 -2.06035532e-03 
 4.57200000e-08 -2.00624406e-03 
 4.57400000e-08 -1.95181084e-03 
 4.57600000e-08 -1.89706409e-03 
 4.57800000e-08 -1.84201230e-03 
 4.58000000e-08 -1.78666403e-03 
 4.58200000e-08 -1.73102787e-03 
 4.58400000e-08 -1.67511249e-03 
 4.58600000e-08 -1.61892659e-03 
 4.58800000e-08 -1.56247893e-03 
 4.59000000e-08 -1.50577832e-03 
 4.59200000e-08 -1.44883362e-03 
 4.59400000e-08 -1.39165373e-03 
 4.59600000e-08 -1.33424762e-03 
 4.59800000e-08 -1.27662427e-03 
 4.60000000e-08 -1.21879273e-03 
 4.60200000e-08 -1.16076208e-03 
 4.60400000e-08 -1.10254144e-03 
 4.60600000e-08 -1.04413998e-03 
 4.60800000e-08 -9.85566892e-04 
 4.61000000e-08 -9.26831425e-04 
 4.61200000e-08 -8.67942847e-04 
 4.61400000e-08 -8.08910465e-04 
 4.61600000e-08 -7.49743619e-04 
 4.61800000e-08 -6.90451678e-04 
 4.62000000e-08 -6.31044042e-04 
 4.62200000e-08 -5.71530138e-04 
 4.62400000e-08 -5.11919418e-04 
 4.62600000e-08 -4.52221361e-04 
 4.62800000e-08 -3.92445468e-04 
 4.63000000e-08 -3.32601260e-04 
 4.63200000e-08 -2.72698279e-04 
 4.63400000e-08 -2.12746087e-04 
 4.63600000e-08 -1.52754260e-04 
 4.63800000e-08 -9.27323885e-05 
 4.64000000e-08 -3.26900785e-05 
 4.64200000e-08  2.73630538e-05 
 4.64400000e-08  8.74173824e-05 
 4.64600000e-08  1.47463273e-04 
 4.64800000e-08  2.07491085e-04 
 4.65000000e-08  2.67491174e-04 
 4.65200000e-08  3.27453891e-04 
 4.65400000e-08  3.87369587e-04 
 4.65600000e-08  4.47228613e-04 
 4.65800000e-08  5.07021325e-04 
 4.66000000e-08  5.66738080e-04 
 4.66200000e-08  6.26369243e-04 
 4.66400000e-08  6.85905186e-04 
 4.66600000e-08  7.45336291e-04 
 4.66800000e-08  8.04652952e-04 
 4.67000000e-08  8.63845575e-04 
 4.67200000e-08  9.22904584e-04 
 4.67400000e-08  9.81820417e-04 
 4.67600000e-08  1.04058353e-03 
 4.67800000e-08  1.09918441e-03 
 4.68000000e-08  1.15761355e-03 
 4.68200000e-08  1.21586147e-03 
 4.68400000e-08  1.27391874e-03 
 4.68600000e-08  1.33177593e-03 
 4.68800000e-08  1.38942365e-03 
 4.69000000e-08  1.44685254e-03 
 4.69200000e-08  1.50405329e-03 
 4.69400000e-08  1.56101659e-03 
 4.69600000e-08  1.61773320e-03 
 4.69800000e-08  1.67419391e-03 
 4.70000000e-08  1.73038954e-03 
 4.70200000e-08  1.78631097e-03 
 4.70400000e-08  1.84194911e-03 
 4.70600000e-08  1.89729493e-03 
 4.70800000e-08  1.95233944e-03 
 4.71000000e-08  2.00707369e-03 
 4.71200000e-08  2.06148880e-03 
 4.71400000e-08  2.11557594e-03 
 4.71600000e-08  2.16932632e-03 
 4.71800000e-08  2.22273123e-03 
 4.72000000e-08  2.27578199e-03 
 4.72200000e-08  2.32847002e-03 
 4.72400000e-08  2.38078677e-03 
 4.72600000e-08  2.43272375e-03 
 4.72800000e-08  2.48427257e-03 
 4.73000000e-08  2.53542487e-03 
 4.73200000e-08  2.58617238e-03 
 4.73400000e-08  2.63650689e-03 
 4.73600000e-08  2.68642027e-03 
 4.73800000e-08  2.73590446e-03 
 4.74000000e-08  2.78495147e-03 
 4.74200000e-08  2.83355339e-03 
 4.74400000e-08  2.88170240e-03 
 4.74600000e-08  2.92939074e-03 
 4.74800000e-08  2.97661073e-03 
 4.75000000e-08  3.02335480e-03 
 4.75200000e-08  3.06961542e-03 
 4.75400000e-08  3.11538519e-03 
 4.75600000e-08  3.16065677e-03 
 4.75800000e-08  3.20542291e-03 
 4.76000000e-08  3.24967646e-03 
 4.76200000e-08  3.29341034e-03 
 4.76400000e-08  3.33661758e-03 
 4.76600000e-08  3.37929130e-03 
 4.76800000e-08  3.42142471e-03 
 4.77000000e-08  3.46301110e-03 
 4.77200000e-08  3.50404389e-03 
 4.77400000e-08  3.54451657e-03 
 4.77600000e-08  3.58442273e-03 
 4.77800000e-08  3.62375608e-03 
 4.78000000e-08  3.66251040e-03 
 4.78200000e-08  3.70067960e-03 
 4.78400000e-08  3.73825767e-03 
 4.78600000e-08  3.77523871e-03 
 4.78800000e-08  3.81161694e-03 
 4.79000000e-08  3.84738665e-03 
 4.79200000e-08  3.88254227e-03 
 4.79400000e-08  3.91707833e-03 
 4.79600000e-08  3.95098944e-03 
 4.79800000e-08  3.98427034e-03 
 4.80000000e-08  4.01691589e-03 
 4.80200000e-08  4.04892104e-03 
 4.80400000e-08  4.08028085e-03 
 4.80600000e-08  4.11099049e-03 
 4.80800000e-08  4.14104526e-03 
 4.81000000e-08  4.17044054e-03 
 4.81200000e-08  4.19917186e-03 
 4.81400000e-08  4.22723483e-03 
 4.81600000e-08  4.25462520e-03 
 4.81800000e-08  4.28133879e-03 
 4.82000000e-08  4.30737159e-03 
 4.82200000e-08  4.33271967e-03 
 4.82400000e-08  4.35737921e-03 
 4.82600000e-08  4.38134653e-03 
 4.82800000e-08  4.40461805e-03 
 4.83000000e-08  4.42719030e-03 
 4.83200000e-08  4.44905994e-03 
 4.83400000e-08  4.47022374e-03 
 4.83600000e-08  4.49067857e-03 
 4.83800000e-08  4.51042145e-03 
 4.84000000e-08  4.52944949e-03 
 4.84200000e-08  4.54775992e-03 
 4.84400000e-08  4.56535009e-03 
 4.84600000e-08  4.58221748e-03 
 4.84800000e-08  4.59835966e-03 
 4.85000000e-08  4.61377434e-03 
 4.85200000e-08  4.62845933e-03 
 4.85400000e-08  4.64241257e-03 
 4.85600000e-08  4.65563211e-03 
 4.85800000e-08  4.66811611e-03 
 4.86000000e-08  4.67986287e-03 
 4.86200000e-08  4.69087078e-03 
 4.86400000e-08  4.70113836e-03 
 4.86600000e-08  4.71066425e-03 
 4.86800000e-08  4.71944718e-03 
 4.87000000e-08  4.72748604e-03 
 4.87200000e-08  4.73477979e-03 
 4.87400000e-08  4.74132754e-03 
 4.87600000e-08  4.74712849e-03 
 4.87800000e-08  4.75218198e-03 
 4.88000000e-08  4.75648745e-03 
 4.88200000e-08  4.76004446e-03 
 4.88400000e-08  4.76285267e-03 
 4.88600000e-08  4.76491187e-03 
 4.88800000e-08  4.76622196e-03 
 4.89000000e-08  4.76678295e-03 
 4.89200000e-08  4.76659497e-03 
 4.89400000e-08  4.76565825e-03 
 4.89600000e-08  4.76397315e-03 
 4.89800000e-08  4.76154014e-03 
 4.90000000e-08  4.75835978e-03 
 4.90200000e-08  4.75443276e-03 
 4.90400000e-08  4.74975988e-03 
 4.90600000e-08  4.74434205e-03 
 4.90800000e-08  4.73818029e-03 
 4.91000000e-08  4.73127572e-03 
 4.91200000e-08  4.72362959e-03 
 4.91400000e-08  4.71524324e-03 
 4.91600000e-08  4.70611813e-03 
 4.91800000e-08  4.69625582e-03 
 4.92000000e-08  4.68565799e-03 
 4.92200000e-08  4.67432642e-03 
 4.92400000e-08  4.66226299e-03 
 4.92600000e-08  4.64946969e-03 
 4.92800000e-08  4.63594863e-03 
 4.93000000e-08  4.62170202e-03 
 4.93200000e-08  4.60673216e-03 
 4.93400000e-08  4.59104147e-03 
 4.93600000e-08  4.57463247e-03 
 4.93800000e-08  4.55750779e-03 
 4.94000000e-08  4.53967015e-03 
 4.94200000e-08  4.52112239e-03 
 4.94400000e-08  4.50186743e-03 
 4.94600000e-08  4.48190832e-03 
 4.94800000e-08  4.46124819e-03 
 4.95000000e-08  4.43989028e-03 
 4.95200000e-08  4.41783793e-03 
 4.95400000e-08  4.39509458e-03 
 4.95600000e-08  4.37166378e-03 
 4.95800000e-08  4.34754914e-03 
 4.96000000e-08  4.32275443e-03 
 4.96200000e-08  4.29728346e-03 
 4.96400000e-08  4.27114018e-03 
 4.96600000e-08  4.24432862e-03 
 4.96800000e-08  4.21685290e-03 
 4.97000000e-08  4.18871724e-03 
 4.97200000e-08  4.15992598e-03 
 4.97400000e-08  4.13048352e-03 
 4.97600000e-08  4.10039437e-03 
 4.97800000e-08  4.06966314e-03 
 4.98000000e-08  4.03829452e-03 
 4.98200000e-08  4.00629331e-03 
 4.98400000e-08  3.97366440e-03 
 4.98600000e-08  3.94041275e-03 
 4.98800000e-08  3.90654343e-03 
 4.99000000e-08  3.87206161e-03 
 4.99200000e-08  3.83697254e-03 
 4.99400000e-08  3.80128154e-03 
 4.99600000e-08  3.76499406e-03 
 4.99800000e-08  3.72811561e-03 
 5.00000000e-08  3.69065180e-03 
 5.00200000e-08  3.65260832e-03 
 5.00400000e-08  3.61399095e-03 
 5.00600000e-08  3.57480556e-03 
 5.00800000e-08  3.53505811e-03 
 5.01000000e-08  3.49475462e-03 
 5.01200000e-08  3.45390124e-03 
 5.01400000e-08  3.41250415e-03 
 5.01600000e-08  3.37056966e-03 
 5.01800000e-08  3.32810414e-03 
 5.02000000e-08  3.28511405e-03 
 5.02200000e-08  3.24160592e-03 
 5.02400000e-08  3.19758637e-03 
 5.02600000e-08  3.15306209e-03 
 5.02800000e-08  3.10803988e-03 
 5.03000000e-08  3.06252658e-03 
 5.03200000e-08  3.01652913e-03 
 5.03400000e-08  2.97005453e-03 
 5.03600000e-08  2.92310989e-03 
 5.03800000e-08  2.87570235e-03 
 5.04000000e-08  2.82783917e-03 
 5.04200000e-08  2.77952765e-03 
 5.04400000e-08  2.73077518e-03 
 5.04600000e-08  2.68158922e-03 
 5.04800000e-08  2.63197729e-03 
 5.05000000e-08  2.58194701e-03 
 5.05200000e-08  2.53150603e-03 
 5.05400000e-08  2.48066211e-03 
 5.05600000e-08  2.42942304e-03 
 5.05800000e-08  2.37779670e-03 
 5.06000000e-08  2.32579104e-03 
 5.06200000e-08  2.27341406e-03 
 5.06400000e-08  2.22067383e-03 
 5.06600000e-08  2.16757849e-03 
 5.06800000e-08  2.11413623e-03 
 5.07000000e-08  2.06035532e-03 
 5.07200000e-08  2.00624406e-03 
 5.07400000e-08  1.95181084e-03 
 5.07600000e-08  1.89706409e-03 
 5.07800000e-08  1.84201230e-03 
 5.08000000e-08  1.78666403e-03 
 5.08200000e-08  1.73102787e-03 
 5.08400000e-08  1.67511249e-03 
 5.08600000e-08  1.61892659e-03 
 5.08800000e-08  1.56247893e-03 
 5.09000000e-08  1.50577832e-03 
 5.09200000e-08  1.44883362e-03 
 5.09400000e-08  1.39165373e-03 
 5.09600000e-08  1.33424762e-03 
 5.09800000e-08  1.27662427e-03 
 5.10000000e-08  1.21879273e-03 
 5.10200000e-08  1.16076208e-03 
 5.10400000e-08  1.10254144e-03 
 5.10600000e-08  1.04413998e-03 
 5.10800000e-08  9.85566892e-04 
 5.11000000e-08  9.26831425e-04 
 5.11200000e-08  8.67942847e-04 
 5.11400000e-08  8.08910465e-04 
 5.11600000e-08  7.49743619e-04 
 5.11800000e-08  6.90451678e-04 
 5.12000000e-08  6.31044042e-04 
 5.12200000e-08  5.71530138e-04 
 5.12400000e-08  5.11919418e-04 
 5.12600000e-08  4.52221361e-04 
 5.12800000e-08  3.92445468e-04 
 5.13000000e-08  3.32601260e-04 
 5.13200000e-08  2.72698279e-04 
 5.13400000e-08  2.12746087e-04 
 5.13600000e-08  1.52754260e-04 
 5.13800000e-08  9.27323884e-05 
 5.14000000e-08  3.26900785e-05 
 5.14200000e-08 -2.73630538e-05 
 5.14400000e-08 -8.74173824e-05 
 5.14600000e-08 -1.47463273e-04 
 5.14800000e-08 -2.07491085e-04 
 5.15000000e-08 -2.67491174e-04 
 5.15200000e-08 -3.27453891e-04 
 5.15400000e-08 -3.87369587e-04 
 5.15600000e-08 -4.47228613e-04 
 5.15800000e-08 -5.07021325e-04 
 5.16000000e-08 -5.66738080e-04 
 5.16200000e-08 -6.26369243e-04 
 5.16400000e-08 -6.85905186e-04 
 5.16600000e-08 -7.45336291e-04 
 5.16800000e-08 -8.04652952e-04 
 5.17000000e-08 -8.63845575e-04 
 5.17200000e-08 -9.22904584e-04 
 5.17400000e-08 -9.81820417e-04 
 5.17600000e-08 -1.04058353e-03 
 5.17800000e-08 -1.09918441e-03 
 5.18000000e-08 -1.15761355e-03 
 5.18200000e-08 -1.21586147e-03 
 5.18400000e-08 -1.27391874e-03 
 5.18600000e-08 -1.33177593e-03 
 5.18800000e-08 -1.38942365e-03 
 5.19000000e-08 -1.44685254e-03 
 5.19200000e-08 -1.50405329e-03 
 5.19400000e-08 -1.56101659e-03 
 5.19600000e-08 -1.61773320e-03 
 5.19800000e-08 -1.67419391e-03 
 5.20000000e-08 -1.73038954e-03 
 5.20200000e-08 -1.78631097e-03 
 5.20400000e-08 -1.84194911e-03 
 5.20600000e-08 -1.89729493e-03 
 5.20800000e-08 -1.95233944e-03 
 5.21000000e-08 -2.00707369e-03 
 5.21200000e-08 -2.06148880e-03 
 5.21400000e-08 -2.11557594e-03 
 5.21600000e-08 -2.16932632e-03 
 5.21800000e-08 -2.22273123e-03 
 5.22000000e-08 -2.27578199e-03 
 5.22200000e-08 -2.32847002e-03 
 5.22400000e-08 -2.38078677e-03 
 5.22600000e-08 -2.43272375e-03 
 5.22800000e-08 -2.48427257e-03 
 5.23000000e-08 -2.53542487e-03 
 5.23200000e-08 -2.58617238e-03 
 5.23400000e-08 -2.63650689e-03 
 5.23600000e-08 -2.68642027e-03 
 5.23800000e-08 -2.73590446e-03 
 5.24000000e-08 -2.78495147e-03 
 5.24200000e-08 -2.83355339e-03 
 5.24400000e-08 -2.88170240e-03 
 5.24600000e-08 -2.92939074e-03 
 5.24800000e-08 -2.97661073e-03 
 5.25000000e-08 -3.02335480e-03 
 5.25200000e-08 -3.06961542e-03 
 5.25400000e-08 -3.11538519e-03 
 5.25600000e-08 -3.16065677e-03 
 5.25800000e-08 -3.20542291e-03 
 5.26000000e-08 -3.24967646e-03 
 5.26200000e-08 -3.29341034e-03 
 5.26400000e-08 -3.33661758e-03 
 5.26600000e-08 -3.37929130e-03 
 5.26800000e-08 -3.42142471e-03 
 5.27000000e-08 -3.46301110e-03 
 5.27200000e-08 -3.50404389e-03 
 5.27400000e-08 -3.54451657e-03 
 5.27600000e-08 -3.58442273e-03 
 5.27800000e-08 -3.62375608e-03 
 5.28000000e-08 -3.66251040e-03 
 5.28200000e-08 -3.70067960e-03 
 5.28400000e-08 -3.73825767e-03 
 5.28600000e-08 -3.77523871e-03 
 5.28800000e-08 -3.81161694e-03 
 5.29000000e-08 -3.84738665e-03 
 5.29200000e-08 -3.88254227e-03 
 5.29400000e-08 -3.91707833e-03 
 5.29600000e-08 -3.95098944e-03 
 5.29800000e-08 -3.98427034e-03 
 5.30000000e-08 -4.01691589e-03 
 5.30200000e-08 -4.04892104e-03 
 5.30400000e-08 -4.08028085e-03 
 5.30600000e-08 -4.11099049e-03 
 5.30800000e-08 -4.14104526e-03 
 5.31000000e-08 -4.17044054e-03 
 5.31200000e-08 -4.19917186e-03 
 5.31400000e-08 -4.22723483e-03 
 5.31600000e-08 -4.25462520e-03 
 5.31800000e-08 -4.28133879e-03 
 5.32000000e-08 -4.30737159e-03 
 5.32200000e-08 -4.33271967e-03 
 5.32400000e-08 -4.35737921e-03 
 5.32600000e-08 -4.38134653e-03 
 5.32800000e-08 -4.40461805e-03 
 5.33000000e-08 -4.42719030e-03 
 5.33200000e-08 -4.44905994e-03 
 5.33400000e-08 -4.47022374e-03 
 5.33600000e-08 -4.49067857e-03 
 5.33800000e-08 -4.51042145e-03 
 5.34000000e-08 -4.52944949e-03 
 5.34200000e-08 -4.54775992e-03 
 5.34400000e-08 -4.56535009e-03 
 5.34600000e-08 -4.58221748e-03 
 5.34800000e-08 -4.59835966e-03 
 5.35000000e-08 -4.61377434e-03 
 5.35200000e-08 -4.62845933e-03 
 5.35400000e-08 -4.64241257e-03 
 5.35600000e-08 -4.65563211e-03 
 5.35800000e-08 -4.66811611e-03 
 5.36000000e-08 -4.67986287e-03 
 5.36200000e-08 -4.69087078e-03 
 5.36400000e-08 -4.70113836e-03 
 5.36600000e-08 -4.71066425e-03 
 5.36800000e-08 -4.71944718e-03 
 5.37000000e-08 -4.72748604e-03 
 5.37200000e-08 -4.73477979e-03 
 5.37400000e-08 -4.74132754e-03 
 5.37600000e-08 -4.74712849e-03 
 5.37800000e-08 -4.75218198e-03 
 5.38000000e-08 -4.75648745e-03 
 5.38200000e-08 -4.76004446e-03 
 5.38400000e-08 -4.76285267e-03 
 5.38600000e-08 -4.76491187e-03 
 5.38800000e-08 -4.76622196e-03 
 5.39000000e-08 -4.76678295e-03 
 5.39200000e-08 -4.76659497e-03 
 5.39400000e-08 -4.76565825e-03 
 5.39600000e-08 -4.76397315e-03 
 5.39800000e-08 -4.76154014e-03 
 5.40000000e-08 -4.75835978e-03 
 5.40200000e-08 -4.75443276e-03 
 5.40400000e-08 -4.74975988e-03 
 5.40600000e-08 -4.74434205e-03 
 5.40800000e-08 -4.73818029e-03 
 5.41000000e-08 -4.73127572e-03 
 5.41200000e-08 -4.72362959e-03 
 5.41400000e-08 -4.71524324e-03 
 5.41600000e-08 -4.70611813e-03 
 5.41800000e-08 -4.69625582e-03 
 5.42000000e-08 -4.68565799e-03 
 5.42200000e-08 -4.67432642e-03 
 5.42400000e-08 -4.66226299e-03 
 5.42600000e-08 -4.64946969e-03 
 5.42800000e-08 -4.63594863e-03 
 5.43000000e-08 -4.62170202e-03 
 5.43200000e-08 -4.60673216e-03 
 5.43400000e-08 -4.59104147e-03 
 5.43600000e-08 -4.57463247e-03 
 5.43800000e-08 -4.55750779e-03 
 5.44000000e-08 -4.53967015e-03 
 5.44200000e-08 -4.52112239e-03 
 5.44400000e-08 -4.50186743e-03 
 5.44600000e-08 -4.48190832e-03 
 5.44800000e-08 -4.46124819e-03 
 5.45000000e-08 -4.43989028e-03 
 5.45200000e-08 -4.41783793e-03 
 5.45400000e-08 -4.39509458e-03 
 5.45600000e-08 -4.37166378e-03 
 5.45800000e-08 -4.34754914e-03 
 5.46000000e-08 -4.32275443e-03 
 5.46200000e-08 -4.29728346e-03 
 5.46400000e-08 -4.27114018e-03 
 5.46600000e-08 -4.24432862e-03 
 5.46800000e-08 -4.21685290e-03 
 5.47000000e-08 -4.18871724e-03 
 5.47200000e-08 -4.15992598e-03 
 5.47400000e-08 -4.13048352e-03 
 5.47600000e-08 -4.10039437e-03 
 5.47800000e-08 -4.06966314e-03 
 5.48000000e-08 -4.03829452e-03 
 5.48200000e-08 -4.00629331e-03 
 5.48400000e-08 -3.97366440e-03 
 5.48600000e-08 -3.94041275e-03 
 5.48800000e-08 -3.90654343e-03 
 5.49000000e-08 -3.87206161e-03 
 5.49200000e-08 -3.83697254e-03 
 5.49400000e-08 -3.80128154e-03 
 5.49600000e-08 -3.76499406e-03 
 5.49800000e-08 -3.72811561e-03 
 5.50000000e-08 -3.69065180e-03 
 5.50200000e-08 -3.65260832e-03 
 5.50400000e-08 -3.61399095e-03 
 5.50600000e-08 -3.57480556e-03 
 5.50800000e-08 -3.53505811e-03 
 5.51000000e-08 -3.49475462e-03 
 5.51200000e-08 -3.45390124e-03 
 5.51400000e-08 -3.41250415e-03 
 5.51600000e-08 -3.37056966e-03 
 5.51800000e-08 -3.32810414e-03 
 5.52000000e-08 -3.28511405e-03 
 5.52200000e-08 -3.24160592e-03 
 5.52400000e-08 -3.19758637e-03 
 5.52600000e-08 -3.15306209e-03 
 5.52800000e-08 -3.10803988e-03 
 5.53000000e-08 -3.06252658e-03 
 5.53200000e-08 -3.01652913e-03 
 5.53400000e-08 -2.97005453e-03 
 5.53600000e-08 -2.92310989e-03 
 5.53800000e-08 -2.87570235e-03 
 5.54000000e-08 -2.82783917e-03 
 5.54200000e-08 -2.77952765e-03 
 5.54400000e-08 -2.73077518e-03 
 5.54600000e-08 -2.68158922e-03 
 5.54800000e-08 -2.63197729e-03 
 5.55000000e-08 -2.58194701e-03 
 5.55200000e-08 -2.53150603e-03 
 5.55400000e-08 -2.48066211e-03 
 5.55600000e-08 -2.42942304e-03 
 5.55800000e-08 -2.37779670e-03 
 5.56000000e-08 -2.32579104e-03 
 5.56200000e-08 -2.27341406e-03 
 5.56400000e-08 -2.22067383e-03 
 5.56600000e-08 -2.16757849e-03 
 5.56800000e-08 -2.11413623e-03 
 5.57000000e-08 -2.06035532e-03 
 5.57200000e-08 -2.00624406e-03 
 5.57400000e-08 -1.95181084e-03 
 5.57600000e-08 -1.89706409e-03 
 5.57800000e-08 -1.84201230e-03 
 5.58000000e-08 -1.78666403e-03 
 5.58200000e-08 -1.73102787e-03 
 5.58400000e-08 -1.67511249e-03 
 5.58600000e-08 -1.61892659e-03 
 5.58800000e-08 -1.56247893e-03 
 5.59000000e-08 -1.50577832e-03 
 5.59200000e-08 -1.44883362e-03 
 5.59400000e-08 -1.39165373e-03 
 5.59600000e-08 -1.33424762e-03 
 5.59800000e-08 -1.27662427e-03 
 5.60000000e-08 -1.21879273e-03 
 5.60200000e-08 -1.16076208e-03 
 5.60400000e-08 -1.10254144e-03 
 5.60600000e-08 -1.04413998e-03 
 5.60800000e-08 -9.85566892e-04 
 5.61000000e-08 -9.26831425e-04 
 5.61200000e-08 -8.67942847e-04 
 5.61400000e-08 -8.08910465e-04 
 5.61600000e-08 -7.49743619e-04 
 5.61800000e-08 -6.90451678e-04 
 5.62000000e-08 -6.31044042e-04 
 5.62200000e-08 -5.71530138e-04 
 5.62400000e-08 -5.11919418e-04 
 5.62600000e-08 -4.52221361e-04 
 5.62800000e-08 -3.92445468e-04 
 5.63000000e-08 -3.32601260e-04 
 5.63200000e-08 -2.72698279e-04 
 5.63400000e-08 -2.12746087e-04 
 5.63600000e-08 -1.52754260e-04 
 5.63800000e-08 -9.27323884e-05 
 5.64000000e-08 -3.26900785e-05 
 5.64200000e-08  2.73630538e-05 
 5.64400000e-08  8.74173825e-05 
 5.64600000e-08  1.47463273e-04 
 5.64800000e-08  2.07491085e-04 
 5.65000000e-08  2.67491174e-04 
 5.65200000e-08  3.27453891e-04 
 5.65400000e-08  3.87369587e-04 
 5.65600000e-08  4.47228613e-04 
 5.65800000e-08  5.07021325e-04 
 5.66000000e-08  5.66738080e-04 
 5.66200000e-08  6.26369243e-04 
 5.66400000e-08  6.85905186e-04 
 5.66600000e-08  7.45336291e-04 
 5.66800000e-08  8.04652952e-04 
 5.67000000e-08  8.63845575e-04 
 5.67200000e-08  9.22904584e-04 
 5.67400000e-08  9.81820417e-04 
 5.67600000e-08  1.04058353e-03 
 5.67800000e-08  1.09918441e-03 
 5.68000000e-08  1.15761355e-03 
 5.68200000e-08  1.21586147e-03 
 5.68400000e-08  1.27391874e-03 
 5.68600000e-08  1.33177593e-03 
 5.68800000e-08  1.38942365e-03 
 5.69000000e-08  1.44685254e-03 
 5.69200000e-08  1.50405329e-03 
 5.69400000e-08  1.56101659e-03 
 5.69600000e-08  1.61773320e-03 
 5.69800000e-08  1.67419391e-03 
 5.70000000e-08  1.73038954e-03 
 5.70200000e-08  1.78631097e-03 
 5.70400000e-08  1.84194911e-03 
 5.70600000e-08  1.89729493e-03 
 5.70800000e-08  1.95233944e-03 
 5.71000000e-08  2.00707369e-03 
 5.71200000e-08  2.06148880e-03 
 5.71400000e-08  2.11557594e-03 
 5.71600000e-08  2.16932632e-03 
 5.71800000e-08  2.22273123e-03 
 5.72000000e-08  2.27578199e-03 
 5.72200000e-08  2.32847002e-03 
 5.72400000e-08  2.38078677e-03 
 5.72600000e-08  2.43272375e-03 
 5.72800000e-08  2.48427257e-03 
 5.73000000e-08  2.53542487e-03 
 5.73200000e-08  2.58617238e-03 
 5.73400000e-08  2.63650689e-03 
 5.73600000e-08  2.68642027e-03 
 5.73800000e-08  2.73590446e-03 
 5.74000000e-08  2.78495147e-03 
 5.74200000e-08  2.83355339e-03 
 5.74400000e-08  2.88170240e-03 
 5.74600000e-08  2.92939074e-03 
 5.74800000e-08  2.97661073e-03 
 5.75000000e-08  3.02335480e-03 
 5.75200000e-08  3.06961542e-03 
 5.75400000e-08  3.11538519e-03 
 5.75600000e-08  3.16065677e-03 
 5.75800000e-08  3.20542291e-03 
 5.76000000e-08  3.24967646e-03 
 5.76200000e-08  3.29341034e-03 
 5.76400000e-08  3.33661758e-03 
 5.76600000e-08  3.37929130e-03 
 5.76800000e-08  3.42142471e-03 
 5.77000000e-08  3.46301110e-03 
 5.77200000e-08  3.50404389e-03 
 5.77400000e-08  3.54451657e-03 
 5.77600000e-08  3.58442273e-03 
 5.77800000e-08  3.62375608e-03 
 5.78000000e-08  3.66251040e-03 
 5.78200000e-08  3.70067960e-03 
 5.78400000e-08  3.73825767e-03 
 5.78600000e-08  3.77523871e-03 
 5.78800000e-08  3.81161694e-03 
 5.79000000e-08  3.84738665e-03 
 5.79200000e-08  3.88254227e-03 
 5.79400000e-08  3.91707833e-03 
 5.79600000e-08  3.95098944e-03 
 5.79800000e-08  3.98427034e-03 
 5.80000000e-08  4.01691589e-03 
 5.80200000e-08  4.04892104e-03 
 5.80400000e-08  4.08028085e-03 
 5.80600000e-08  4.11099049e-03 
 5.80800000e-08  4.14104526e-03 
 5.81000000e-08  4.17044054e-03 
 5.81200000e-08  4.19917186e-03 
 5.81400000e-08  4.22723483e-03 
 5.81600000e-08  4.25462520e-03 
 5.81800000e-08  4.28133879e-03 
 5.82000000e-08  4.30737159e-03 
 5.82200000e-08  4.33271967e-03 
 5.82400000e-08  4.35737921e-03 
 5.82600000e-08  4.38134653e-03 
 5.82800000e-08  4.40461805e-03 
 5.83000000e-08  4.42719030e-03 
 5.83200000e-08  4.44905994e-03 
 5.83400000e-08  4.47022374e-03 
 5.83600000e-08  4.49067857e-03 
 5.83800000e-08  4.51042145e-03 
 5.84000000e-08  4.52944949e-03 
 5.84200000e-08  4.54775992e-03 
 5.84400000e-08  4.56535009e-03 
 5.84600000e-08  4.58221748e-03 
 5.84800000e-08  4.59835966e-03 
 5.85000000e-08  4.61377434e-03 
 5.85200000e-08  4.62845933e-03 
 5.85400000e-08  4.64241257e-03 
 5.85600000e-08  4.65563211e-03 
 5.85800000e-08  4.66811611e-03 
 5.86000000e-08  4.67986287e-03 
 5.86200000e-08  4.69087078e-03 
 5.86400000e-08  4.70113836e-03 
 5.86600000e-08  4.71066425e-03 
 5.86800000e-08  4.71944718e-03 
 5.87000000e-08  4.72748604e-03 
 5.87200000e-08  4.73477979e-03 
 5.87400000e-08  4.74132754e-03 
 5.87600000e-08  4.74712849e-03 
 5.87800000e-08  4.75218198e-03 
 5.88000000e-08  4.75648745e-03 
 5.88200000e-08  4.76004446e-03 
 5.88400000e-08  4.76285267e-03 
 5.88600000e-08  4.76491187e-03 
 5.88800000e-08  4.76622196e-03 
 5.89000000e-08  4.76678295e-03 
 5.89200000e-08  4.76659497e-03 
 5.89400000e-08  4.76565825e-03 
 5.89600000e-08  4.76397315e-03 
 5.89800000e-08  4.76154014e-03 
 5.90000000e-08  4.75835978e-03 
 5.90200000e-08  4.75443276e-03 
 5.90400000e-08  4.74975988e-03 
 5.90600000e-08  4.74434205e-03 
 5.90800000e-08  4.73818029e-03 
 5.91000000e-08  4.73127572e-03 
 5.91200000e-08  4.72362959e-03 
 5.91400000e-08  4.71524324e-03 
 5.91600000e-08  4.70611813e-03 
 5.91800000e-08  4.69625582e-03 
 5.92000000e-08  4.68565799e-03 
 5.92200000e-08  4.67432642e-03 
 5.92400000e-08  4.66226299e-03 
 5.92600000e-08  4.64946969e-03 
 5.92800000e-08  4.63594863e-03 
 5.93000000e-08  4.62170202e-03 
 5.93200000e-08  4.60673216e-03 
 5.93400000e-08  4.59104147e-03 
 5.93600000e-08  4.57463247e-03 
 5.93800000e-08  4.55750779e-03 
 5.94000000e-08  4.53967015e-03 
 5.94200000e-08  4.52112239e-03 
 5.94400000e-08  4.50186743e-03 
 5.94600000e-08  4.48190832e-03 
 5.94800000e-08  4.46124819e-03 
 5.95000000e-08  4.43989028e-03 
 5.95200000e-08  4.41783793e-03 
 5.95400000e-08  4.39509458e-03 
 5.95600000e-08  4.37166378e-03 
 5.95800000e-08  4.34754914e-03 
 5.96000000e-08  4.32275443e-03 
 5.96200000e-08  4.29728346e-03 
 5.96400000e-08  4.27114018e-03 
 5.96600000e-08  4.24432862e-03 
 5.96800000e-08  4.21685290e-03 
 5.97000000e-08  4.18871724e-03 
 5.97200000e-08  4.15992598e-03 
 5.97400000e-08  4.13048352e-03 
 5.97600000e-08  4.10039437e-03 
 5.97800000e-08  4.06966314e-03 
 5.98000000e-08  4.03829452e-03 
 5.98200000e-08  4.00629331e-03 
 5.98400000e-08  3.97366440e-03 
 5.98600000e-08  3.94041275e-03 
 5.98800000e-08  3.90654343e-03 
 5.99000000e-08  3.87206161e-03 
 5.99200000e-08  3.83697254e-03 
 5.99400000e-08  3.80128154e-03 
 5.99600000e-08  3.76499406e-03 
 5.99800000e-08  3.72811561e-03 
 6.00000000e-08  3.69070609e-03 
