 0.00000000e+00  0.00000000e+00 
 2.00000000e-11 -1.15865711e-04 
 4.00000000e-11 -4.71927244e-04 
 6.00000000e-11 -9.85722245e-04 
 8.00000000e-11 -1.61427846e-03 
 1.00000000e-10 -2.31818832e-03 
 1.20000000e-10 -3.07109541e-03 
 1.40000000e-10 -3.85537208e-03 
 1.60000000e-10 -4.65922644e-03 
 1.80000000e-10 -5.47476947e-03 
 2.00000000e-10 -6.29672025e-03 
 2.20000000e-10 -7.12154199e-03 
 2.40000000e-10 -7.94686227e-03 
 2.60000000e-10 -8.77108726e-03 
 2.80000000e-10 -9.59314183e-03 
 3.00000000e-10 -1.04122977e-02 
 3.20000000e-10 -1.12280564e-02 
 3.40000000e-10 -1.20400737e-02 
 3.60000000e-10 -1.28481060e-02 
 3.80000000e-10 -1.36519775e-02 
 4.00000000e-10 -1.44515560e-02 
 4.20000000e-10 -1.52467382e-02 
 4.40000000e-10 -1.60374391e-02 
 4.60000000e-10 -1.68235855e-02 
 4.80000000e-10 -1.76051111e-02 
 5.00000000e-10 -1.83819540e-02 
 5.20000000e-10 -1.91540540e-02 
 5.40000000e-10 -1.99213526e-02 
 5.60000000e-10 -2.06837903e-02 
 5.80000000e-10 -2.14413083e-02 
 6.00000000e-10 -2.21938460e-02 
 6.20000000e-10 -2.29413428e-02 
 6.40000000e-10 -2.36837363e-02 
 6.60000000e-10 -2.44209636e-02 
 6.80000000e-10 -2.51529604e-02 
 7.00000000e-10 -2.58796617e-02 
 7.20000000e-10 -2.66010011e-02 
 7.40000000e-10 -2.73169119e-02 
 7.60000000e-10 -2.80273258e-02 
 7.80000000e-10 -2.87321745e-02 
 8.00000000e-10 -2.94313884e-02 
 8.20000000e-10 -3.01248975e-02 
 8.40000000e-10 -3.08126312e-02 
 8.60000000e-10 -3.14945184e-02 
 8.80000000e-10 -3.21704873e-02 
 9.00000000e-10 -3.28404663e-02 
 9.20000000e-10 -3.35043827e-02 
 9.40000000e-10 -3.41621643e-02 
 9.60000000e-10 -3.48137379e-02 
 9.80000000e-10 -3.54590310e-02 
 1.00000000e-09 -3.60979703e-02 
 1.02000000e-09 -3.67304828e-02 
 1.04000000e-09 -3.73564953e-02 
 1.06000000e-09 -3.79759351e-02 
 1.08000000e-09 -3.85887288e-02 
 1.10000000e-09 -3.91948041e-02 
 1.12000000e-09 -3.97940882e-02 
 1.14000000e-09 -4.03865088e-02 
 1.16000000e-09 -4.09719937e-02 
 1.18000000e-09 -4.15504715e-02 
 1.20000000e-09 -4.21218706e-02 
 1.22000000e-09 -4.26861201e-02 
 1.24000000e-09 -4.32431495e-02 
 1.26000000e-09 -4.37928888e-02 
 1.28000000e-09 -4.43352683e-02 
 1.30000000e-09 -4.48702193e-02 
 1.32000000e-09 -4.53976732e-02 
 1.34000000e-09 -4.59175624e-02 
 1.36000000e-09 -4.64298196e-02 
 1.38000000e-09 -4.69343785e-02 
 1.40000000e-09 -4.74311732e-02 
 1.42000000e-09 -4.79201389e-02 
 1.44000000e-09 -4.84012113e-02 
 1.46000000e-09 -4.88743269e-02 
 1.48000000e-09 -4.93394231e-02 
 1.50000000e-09 -4.97964382e-02 
 1.52000000e-09 -5.02453112e-02 
 1.54000000e-09 -5.06859823e-02 
 1.56000000e-09 -5.11183921e-02 
 1.58000000e-09 -5.15424827e-02 
 1.60000000e-09 -5.19581967e-02 
 1.62000000e-09 -5.23654782e-02 
 1.64000000e-09 -5.27642717e-02 
 1.66000000e-09 -5.31545233e-02 
 1.68000000e-09 -5.35361797e-02 
 1.70000000e-09 -5.39091889e-02 
 1.72000000e-09 -5.42734999e-02 
 1.74000000e-09 -5.46290629e-02 
 1.76000000e-09 -5.49758290e-02 
 1.78000000e-09 -5.53137507e-02 
 1.80000000e-09 -5.56427814e-02 
 1.82000000e-09 -5.59628760e-02 
 1.84000000e-09 -5.62739901e-02 
 1.86000000e-09 -5.65760810e-02 
 1.88000000e-09 -5.68691068e-02 
 1.90000000e-09 -5.71530272e-02 
 1.92000000e-09 -5.74278027e-02 
 1.94000000e-09 -5.76933954e-02 
 1.96000000e-09 -5.79497684e-02 
 1.98000000e-09 -5.81968865e-02 
 2.00000000e-09 -5.84347152e-02 
 2.02000000e-09 -5.86632217e-02 
 2.04000000e-09 -5.88823744e-02 
 2.06000000e-09 -5.90921430e-02 
 2.08000000e-09 -5.92924984e-02 
 2.10000000e-09 -5.94834132e-02 
 2.12000000e-09 -5.96648608e-02 
 2.14000000e-09 -5.98368166e-02 
 2.16000000e-09 -5.99992567e-02 
 2.18000000e-09 -6.01521590e-02 
 2.20000000e-09 -6.02955026e-02 
 2.22000000e-09 -6.04292682e-02 
 2.24000000e-09 -6.05534374e-02 
 2.26000000e-09 -6.06679938e-02 
 2.28000000e-09 -6.07729219e-02 
 2.30000000e-09 -6.08682079e-02 
 2.32000000e-09 -6.09538393e-02 
 2.34000000e-09 -6.10298050e-02 
 2.36000000e-09 -6.10960954e-02 
 2.38000000e-09 -6.11527023e-02 
 2.40000000e-09 -6.11996188e-02 
 2.42000000e-09 -6.12368397e-02 
 2.44000000e-09 -6.12643608e-02 
 2.46000000e-09 -6.12821799e-02 
 2.48000000e-09 -6.12902957e-02 
 2.50000000e-09 -6.12887088e-02 
 2.52000000e-09 -6.12774208e-02 
 2.54000000e-09 -6.12564353e-02 
 2.56000000e-09 -6.12257568e-02 
 2.58000000e-09 -6.11853915e-02 
 2.60000000e-09 -6.11353471e-02 
 2.62000000e-09 -6.10756327e-02 
 2.64000000e-09 -6.10062587e-02 
 2.66000000e-09 -6.09272373e-02 
 2.68000000e-09 -6.08385819e-02 
 2.70000000e-09 -6.07403073e-02 
 2.72000000e-09 -6.06324299e-02 
 2.74000000e-09 -6.05149676e-02 
 2.76000000e-09 -6.03879395e-02 
 2.78000000e-09 -6.02513665e-02 
 2.80000000e-09 -6.01052705e-02 
 2.82000000e-09 -5.99496755e-02 
 2.84000000e-09 -5.97846062e-02 
 2.86000000e-09 -5.96100893e-02 
 2.88000000e-09 -5.94261526e-02 
 2.90000000e-09 -5.92328256e-02 
 2.92000000e-09 -5.90301390e-02 
 2.94000000e-09 -5.88181251e-02 
 2.96000000e-09 -5.85968176e-02 
 2.98000000e-09 -5.83662517e-02 
 3.00000000e-09 -5.81264636e-02 
 3.02000000e-09 -5.78774916e-02 
 3.04000000e-09 -5.76193748e-02 
 3.06000000e-09 -5.73521541e-02 
 3.08000000e-09 -5.70758716e-02 
 3.10000000e-09 -5.67905709e-02 
 3.12000000e-09 -5.64962968e-02 
 3.14000000e-09 -5.61930959e-02 
 3.16000000e-09 -5.58810157e-02 
 3.18000000e-09 -5.55601055e-02 
 3.20000000e-09 -5.52304156e-02 
 3.22000000e-09 -5.48919979e-02 
 3.24000000e-09 -5.45449055e-02 
 3.26000000e-09 -5.41891931e-02 
 3.28000000e-09 -5.38249164e-02 
 3.30000000e-09 -5.34521329e-02 
 3.32000000e-09 -5.30709008e-02 
 3.34000000e-09 -5.26812802e-02 
 3.36000000e-09 -5.22833321e-02 
 3.38000000e-09 -5.18771192e-02 
 3.40000000e-09 -5.14627050e-02 
 3.42000000e-09 -5.10401548e-02 
 3.44000000e-09 -5.06095348e-02 
 3.46000000e-09 -5.01709128e-02 
 3.48000000e-09 -4.97243573e-02 
 3.50000000e-09 -4.92699388e-02 
 3.52000000e-09 -4.88077284e-02 
 3.54000000e-09 -4.83377988e-02 
 3.56000000e-09 -4.78602238e-02 
 3.58000000e-09 -4.73750784e-02 
 3.60000000e-09 -4.68824387e-02 
 3.62000000e-09 -4.63823823e-02 
 3.64000000e-09 -4.58749875e-02 
 3.66000000e-09 -4.53603344e-02 
 3.68000000e-09 -4.48385036e-02 
 3.70000000e-09 -4.43095772e-02 
 3.72000000e-09 -4.37736384e-02 
 3.74000000e-09 -4.32307715e-02 
 3.76000000e-09 -4.26810619e-02 
 3.78000000e-09 -4.21245960e-02 
 3.80000000e-09 -4.15614613e-02 
 3.82000000e-09 -4.09917467e-02 
 3.84000000e-09 -4.04155415e-02 
 3.86000000e-09 -3.98329368e-02 
 3.88000000e-09 -3.92440240e-02 
 3.90000000e-09 -3.86488961e-02 
 3.92000000e-09 -3.80476468e-02 
 3.94000000e-09 -3.74403708e-02 
 3.96000000e-09 -3.68271637e-02 
 3.98000000e-09 -3.62081225e-02 
 4.00000000e-09 -3.55833444e-02 
 4.02000000e-09 -3.49529283e-02 
 4.04000000e-09 -3.43169734e-02 
 4.06000000e-09 -3.36755801e-02 
 4.08000000e-09 -3.30288497e-02 
 4.10000000e-09 -3.23768842e-02 
 4.12000000e-09 -3.17197865e-02 
 4.14000000e-09 -3.10576605e-02 
 4.16000000e-09 -3.03906107e-02 
 4.18000000e-09 -2.97187425e-02 
 4.20000000e-09 -2.90421621e-02 
 4.22000000e-09 -2.83609763e-02 
 4.24000000e-09 -2.76752929e-02 
 4.26000000e-09 -2.69852204e-02 
 4.28000000e-09 -2.62908677e-02 
 4.30000000e-09 -2.55923448e-02 
 4.32000000e-09 -2.48897622e-02 
 4.34000000e-09 -2.41832310e-02 
 4.36000000e-09 -2.34728631e-02 
 4.38000000e-09 -2.27587709e-02 
 4.40000000e-09 -2.20410674e-02 
 4.42000000e-09 -2.13198664e-02 
 4.44000000e-09 -2.05952820e-02 
 4.46000000e-09 -1.98674291e-02 
 4.48000000e-09 -1.91364228e-02 
 4.50000000e-09 -1.84023792e-02 
 4.52000000e-09 -1.76654145e-02 
 4.54000000e-09 -1.69256455e-02 
 4.56000000e-09 -1.61831894e-02 
 4.58000000e-09 -1.54381641e-02 
 4.60000000e-09 -1.46906876e-02 
 4.62000000e-09 -1.39408786e-02 
 4.64000000e-09 -1.31888558e-02 
 4.66000000e-09 -1.24347387e-02 
 4.68000000e-09 -1.16786467e-02 
 4.70000000e-09 -1.09207000e-02 
 4.72000000e-09 -1.01610188e-02 
 4.74000000e-09 -9.39972363e-03 
 4.76000000e-09 -8.63693527e-03 
 4.78000000e-09 -7.87277488e-03 
 4.80000000e-09 -7.10736366e-03 
 4.82000000e-09 -6.34082321e-03 
 4.84000000e-09 -5.57327514e-03 
 4.86000000e-09 -4.80484137e-03 
 4.88000000e-09 -4.03564383e-03 
 4.90000000e-09 -3.26580473e-03 
 4.92000000e-09 -2.49544622e-03 
 4.94000000e-09 -1.72469071e-03 
 4.96000000e-09 -9.53660505e-04 
 4.98000000e-09 -1.82478111e-04 
 5.00000000e-09  5.88734089e-04 
 5.02000000e-09  1.35985355e-03 
 5.04000000e-09  2.13075792e-03 
 5.06000000e-09  2.90132469e-03 
 5.08000000e-09  3.67143158e-03 
 5.10000000e-09  4.44095625e-03 
 5.12000000e-09  5.20977658e-03 
 5.14000000e-09  5.97777043e-03 
 5.16000000e-09  6.74481594e-03 
 5.18000000e-09  7.51079127e-03 
 5.20000000e-09  8.27557489e-03 
 5.22000000e-09  9.03904533e-03 
 5.24000000e-09  9.80108148e-03 
 5.26000000e-09  1.05615623e-02 
 5.28000000e-09  1.13203672e-02 
 5.30000000e-09  1.20773757e-02 
 5.32000000e-09  1.28324677e-02 
 5.34000000e-09  1.35855235e-02 
 5.36000000e-09  1.43364234e-02 
 5.38000000e-09  1.50850485e-02 
 5.40000000e-09  1.58312801e-02 
 5.42000000e-09  1.65749996e-02 
 5.44000000e-09  1.73160894e-02 
 5.46000000e-09  1.80544318e-02 
 5.48000000e-09  1.87899098e-02 
 5.50000000e-09  1.95224068e-02 
 5.52000000e-09  2.02518069e-02 
 5.54000000e-09  2.09779943e-02 
 5.56000000e-09  2.17008541e-02 
 5.58000000e-09  2.24202718e-02 
 5.60000000e-09  2.31361335e-02 
 5.62000000e-09  2.38483258e-02 
 5.64000000e-09  2.45567360e-02 
 5.66000000e-09  2.52612519e-02 
 5.68000000e-09  2.59617621e-02 
 5.70000000e-09  2.66581558e-02 
 5.72000000e-09  2.73503228e-02 
 5.74000000e-09  2.80381537e-02 
 5.76000000e-09  2.87215397e-02 
 5.78000000e-09  2.94003728e-02 
 5.80000000e-09  3.00745457e-02 
 5.82000000e-09  3.07439519e-02 
 5.84000000e-09  3.14084857e-02 
 5.86000000e-09  3.20680421e-02 
 5.88000000e-09  3.27225170e-02 
 5.90000000e-09  3.33718071e-02 
 5.92000000e-09  3.40158099e-02 
 5.94000000e-09  3.46544238e-02 
 5.96000000e-09  3.52875482e-02 
 5.98000000e-09  3.59150831e-02 
 6.00000000e-09  3.65369297e-02 
 6.02000000e-09  3.71529899e-02 
 6.04000000e-09  3.77631668e-02 
 6.06000000e-09  3.83673640e-02 
 6.08000000e-09  3.89654867e-02 
 6.10000000e-09  3.95574404e-02 
 6.12000000e-09  4.01431322e-02 
 6.14000000e-09  4.07224698e-02 
 6.16000000e-09  4.12953621e-02 
 6.18000000e-09  4.18617190e-02 
 6.20000000e-09  4.24214515e-02 
 6.22000000e-09  4.29744716e-02 
 6.24000000e-09  4.35206924e-02 
 6.26000000e-09  4.40600281e-02 
 6.28000000e-09  4.45923941e-02 
 6.30000000e-09  4.51177067e-02 
 6.32000000e-09  4.56358835e-02 
 6.34000000e-09  4.61468431e-02 
 6.36000000e-09  4.66505055e-02 
 6.38000000e-09  4.71467916e-02 
 6.40000000e-09  4.76356237e-02 
 6.42000000e-09  4.81169251e-02 
 6.44000000e-09  4.85906205e-02 
 6.46000000e-09  4.90566355e-02 
 6.48000000e-09  4.95148974e-02 
 6.50000000e-09  4.99653341e-02 
 6.52000000e-09  5.04078755e-02 
 6.54000000e-09  5.08424520e-02 
 6.56000000e-09  5.12689959e-02 
 6.58000000e-09  5.16874402e-02 
 6.60000000e-09  5.20977198e-02 
 6.62000000e-09  5.24997704e-02 
 6.64000000e-09  5.28935291e-02 
 6.66000000e-09  5.32789346e-02 
 6.68000000e-09  5.36559265e-02 
 6.70000000e-09  5.40244460e-02 
 6.72000000e-09  5.43844357e-02 
 6.74000000e-09  5.47358392e-02 
 6.76000000e-09  5.50786019e-02 
 6.78000000e-09  5.54126701e-02 
 6.80000000e-09  5.57379918e-02 
 6.82000000e-09  5.60545164e-02 
 6.84000000e-09  5.63621943e-02 
 6.86000000e-09  5.66609778e-02 
 6.88000000e-09  5.69508202e-02 
 6.90000000e-09  5.72316764e-02 
 6.92000000e-09  5.75035027e-02 
 6.94000000e-09  5.77662566e-02 
 6.96000000e-09  5.80198974e-02 
 6.98000000e-09  5.82643855e-02 
 7.00000000e-09  5.84996829e-02 
 7.02000000e-09  5.87257530e-02 
 7.04000000e-09  5.89425605e-02 
 7.06000000e-09  5.91500719e-02 
 7.08000000e-09  5.93482547e-02 
 7.10000000e-09  5.95370783e-02 
 7.12000000e-09  5.97165132e-02 
 7.14000000e-09  5.98865315e-02 
 7.16000000e-09  6.00471069e-02 
 7.18000000e-09  6.01982144e-02 
 7.20000000e-09  6.03398305e-02 
 7.22000000e-09  6.04719332e-02 
 7.24000000e-09  6.05945020e-02 
 7.26000000e-09  6.07075178e-02 
 7.28000000e-09  6.08109632e-02 
 7.30000000e-09  6.09048221e-02 
 7.32000000e-09  6.09890798e-02 
 7.34000000e-09  6.10637234e-02 
 7.36000000e-09  6.11287412e-02 
 7.38000000e-09  6.11841232e-02 
 7.40000000e-09  6.12298607e-02 
 7.42000000e-09  6.12659467e-02 
 7.44000000e-09  6.12923757e-02 
 7.46000000e-09  6.13091434e-02 
 7.48000000e-09  6.13162474e-02 
 7.50000000e-09  6.13136865e-02 
 7.52000000e-09  6.13014612e-02 
 7.54000000e-09  6.12795733e-02 
 7.56000000e-09  6.12480264e-02 
 7.58000000e-09  6.12068252e-02 
 7.60000000e-09  6.11559762e-02 
 7.62000000e-09  6.10954874e-02 
 7.64000000e-09  6.10253681e-02 
 7.66000000e-09  6.09456293e-02 
 7.68000000e-09  6.08562833e-02 
 7.70000000e-09  6.07573441e-02 
 7.72000000e-09  6.06488270e-02 
 7.74000000e-09  6.05307489e-02 
 7.76000000e-09  6.04031283e-02 
 7.78000000e-09  6.02659848e-02 
 7.80000000e-09  6.01193399e-02 
 7.82000000e-09  5.99632164e-02 
 7.84000000e-09  5.97976385e-02 
 7.86000000e-09  5.96226320e-02 
 7.88000000e-09  5.94382242e-02 
 7.90000000e-09  5.92444437e-02 
 7.92000000e-09  5.90413206e-02 
 7.94000000e-09  5.88288867e-02 
 7.96000000e-09  5.86071748e-02 
 7.98000000e-09  5.83762196e-02 
 8.00000000e-09  5.81360571e-02 
 8.02000000e-09  5.78867245e-02 
 8.04000000e-09  5.76282607e-02 
 8.06000000e-09  5.73607060e-02 
 8.08000000e-09  5.70841020e-02 
 8.10000000e-09  5.67984919e-02 
 8.12000000e-09  5.65039201e-02 
 8.14000000e-09  5.62004325e-02 
 8.16000000e-09  5.58880765e-02 
 8.18000000e-09  5.55669007e-02 
 8.20000000e-09  5.52369553e-02 
 8.22000000e-09  5.48982916e-02 
 8.24000000e-09  5.45509626e-02 
 8.26000000e-09  5.41950223e-02 
 8.28000000e-09  5.38305264e-02 
 8.30000000e-09  5.34575317e-02 
 8.32000000e-09  5.30760966e-02 
 8.34000000e-09  5.26862804e-02 
 8.36000000e-09  5.22881443e-02 
 8.38000000e-09  5.18817502e-02 
 8.40000000e-09  5.14671618e-02 
 8.42000000e-09  5.10444438e-02 
 8.44000000e-09  5.06136625e-02 
 8.46000000e-09  5.01748850e-02 
 8.48000000e-09  4.97281800e-02 
 8.50000000e-09  4.92736176e-02 
 8.52000000e-09  4.88112687e-02 
 8.54000000e-09  4.83412058e-02 
 8.56000000e-09  4.78635025e-02 
 8.58000000e-09  4.73782335e-02 
 8.60000000e-09  4.68854750e-02 
 8.62000000e-09  4.63853042e-02 
 8.64000000e-09  4.58777995e-02 
 8.66000000e-09  4.53630403e-02 
 8.68000000e-09  4.48411076e-02 
 8.70000000e-09  4.43120831e-02 
 8.72000000e-09  4.37760499e-02 
 8.74000000e-09  4.32330922e-02 
 8.76000000e-09  4.26832951e-02 
 8.78000000e-09  4.21267450e-02 
 8.80000000e-09  4.15635294e-02 
 8.82000000e-09  4.09937367e-02 
 8.84000000e-09  4.04174566e-02 
 8.86000000e-09  3.98347796e-02 
 8.88000000e-09  3.92457974e-02 
 8.90000000e-09  3.86506026e-02 
 8.92000000e-09  3.80492890e-02 
 8.94000000e-09  3.74419510e-02 
 8.96000000e-09  3.68286844e-02 
 8.98000000e-09  3.62095858e-02 
 9.00000000e-09  3.55847526e-02 
 9.02000000e-09  3.49542833e-02 
 9.04000000e-09  3.43182773e-02 
 9.06000000e-09  3.36768349e-02 
 9.08000000e-09  3.30300571e-02 
 9.10000000e-09  3.23780461e-02 
 9.12000000e-09  3.17209046e-02 
 9.14000000e-09  3.10587364e-02 
 9.16000000e-09  3.03916460e-02 
 9.18000000e-09  2.97197388e-02 
 9.20000000e-09  2.90431208e-02 
 9.22000000e-09  2.83618988e-02 
 9.24000000e-09  2.76761807e-02 
 9.26000000e-09  2.69860746e-02 
 9.28000000e-09  2.62916897e-02 
 9.30000000e-09  2.55931358e-02 
 9.32000000e-09  2.48905234e-02 
 9.34000000e-09  2.41839635e-02 
 9.36000000e-09  2.34735679e-02 
 9.38000000e-09  2.27594491e-02 
 9.40000000e-09  2.20417201e-02 
 9.42000000e-09  2.13204945e-02 
 9.44000000e-09  2.05958864e-02 
 9.46000000e-09  1.98680107e-02 
 9.48000000e-09  1.91369826e-02 
 9.50000000e-09  1.84029178e-02 
 9.52000000e-09  1.76659328e-02 
 9.54000000e-09  1.69261442e-02 
 9.56000000e-09  1.61836694e-02 
 9.58000000e-09  1.54386260e-02 
 9.60000000e-09  1.46911322e-02 
 9.62000000e-09  1.39413063e-02 
 9.64000000e-09  1.31892675e-02 
 9.66000000e-09  1.24351348e-02 
 9.68000000e-09  1.16790280e-02 
 9.70000000e-09  1.09210669e-02 
 9.72000000e-09  1.01613719e-02 
 9.74000000e-09  9.40006342e-03 
 9.76000000e-09  8.63726231e-03 
 9.78000000e-09  7.87308960e-03 
 9.80000000e-09  7.10766658e-03 
 9.82000000e-09  6.34111473e-03 
 9.84000000e-09  5.57355573e-03 
 9.86000000e-09  4.80511140e-03 
 9.88000000e-09  4.03590375e-03 
 9.90000000e-09  3.26605487e-03 
 9.92000000e-09  2.49568701e-03 
 9.94000000e-09  1.72492245e-03 
 9.96000000e-09  9.53883579e-04 
 9.98000000e-09  1.82692806e-04 
 1.00000000e-08 -5.88527409e-04 
 1.00200000e-08 -1.35965463e-03 
 1.00400000e-08 -2.13056641e-03 
 1.00600000e-08 -2.90114036e-03 
 1.00800000e-08 -3.67125412e-03 
 1.01000000e-08 -4.44078544e-03 
 1.01200000e-08 -5.20961212e-03 
 1.01400000e-08 -5.97761213e-03 
 1.01600000e-08 -6.74466352e-03 
 1.01800000e-08 -7.51064455e-03 
 1.02000000e-08 -8.27543360e-03 
 1.02200000e-08 -9.03890932e-03 
 1.02400000e-08 -9.80095050e-03 
 1.02600000e-08 -1.05614362e-02 
 1.02800000e-08 -1.13202458e-02 
 1.03000000e-08 -1.20772588e-02 
 1.03200000e-08 -1.28323551e-02 
 1.03400000e-08 -1.35854150e-02 
 1.03600000e-08 -1.43363190e-02 
 1.03800000e-08 -1.50849480e-02 
 1.04000000e-08 -1.58311832e-02 
 1.04200000e-08 -1.65749064e-02 
 1.04400000e-08 -1.73159995e-02 
 1.04600000e-08 -1.80543452e-02 
 1.04800000e-08 -1.87898264e-02 
 1.05000000e-08 -1.95223265e-02 
 1.05200000e-08 -2.02517295e-02 
 1.05400000e-08 -2.09779198e-02 
 1.05600000e-08 -2.17007823e-02 
 1.05800000e-08 -2.24202026e-02 
 1.06000000e-08 -2.31360668e-02 
 1.06200000e-08 -2.38482615e-02 
 1.06400000e-08 -2.45566740e-02 
 1.06600000e-08 -2.52611922e-02 
 1.06800000e-08 -2.59617046e-02 
 1.07000000e-08 -2.66581004e-02 
 1.07200000e-08 -2.73502694e-02 
 1.07400000e-08 -2.80381022e-02 
 1.07600000e-08 -2.87214901e-02 
 1.07800000e-08 -2.94003249e-02 
 1.08000000e-08 -3.00744995e-02 
 1.08200000e-08 -3.07439074e-02 
 1.08400000e-08 -3.14084428e-02 
 1.08600000e-08 -3.20680007e-02 
 1.08800000e-08 -3.27224771e-02 
 1.09000000e-08 -3.33717686e-02 
 1.09200000e-08 -3.40157728e-02 
 1.09400000e-08 -3.46543880e-02 
 1.09600000e-08 -3.52875137e-02 
 1.09800000e-08 -3.59150498e-02 
 1.10000000e-08 -3.65368976e-02 
 1.10200000e-08 -3.71529589e-02 
 1.10400000e-08 -3.77631368e-02 
 1.10600000e-08 -3.83673351e-02 
 1.10800000e-08 -3.89654587e-02 
 1.11000000e-08 -3.95574135e-02 
 1.11200000e-08 -4.01431062e-02 
 1.11400000e-08 -4.07224447e-02 
 1.11600000e-08 -4.12953378e-02 
 1.11800000e-08 -4.18616956e-02 
 1.12000000e-08 -4.24214289e-02 
 1.12200000e-08 -4.29744498e-02 
 1.12400000e-08 -4.35206713e-02 
 1.12600000e-08 -4.40600078e-02 
 1.12800000e-08 -4.45923744e-02 
 1.13000000e-08 -4.51176876e-02 
 1.13200000e-08 -4.56358651e-02 
 1.13400000e-08 -4.61468253e-02 
 1.13600000e-08 -4.66504883e-02 
 1.13800000e-08 -4.71467750e-02 
 1.14000000e-08 -4.76356076e-02 
 1.14200000e-08 -4.81169096e-02 
 1.14400000e-08 -4.85906055e-02 
 1.14600000e-08 -4.90566210e-02 
 1.14800000e-08 -4.95148833e-02 
 1.15000000e-08 -4.99653206e-02 
 1.15200000e-08 -5.04078623e-02 
 1.15400000e-08 -5.08424393e-02 
 1.15600000e-08 -5.12689835e-02 
 1.15800000e-08 -5.16874283e-02 
 1.16000000e-08 -5.20977082e-02 
 1.16200000e-08 -5.24997592e-02 
 1.16400000e-08 -5.28935183e-02 
 1.16600000e-08 -5.32789241e-02 
 1.16800000e-08 -5.36559163e-02 
 1.17000000e-08 -5.40244362e-02 
 1.17200000e-08 -5.43844261e-02 
 1.17400000e-08 -5.47358300e-02 
 1.17600000e-08 -5.50785929e-02 
 1.17800000e-08 -5.54126614e-02 
 1.18000000e-08 -5.57379834e-02 
 1.18200000e-08 -5.60545082e-02 
 1.18400000e-08 -5.63621864e-02 
 1.18600000e-08 -5.66609701e-02 
 1.18800000e-08 -5.69508128e-02 
 1.19000000e-08 -5.72316692e-02 
 1.19200000e-08 -5.75034957e-02 
 1.19400000e-08 -5.77662498e-02 
 1.19600000e-08 -5.80198908e-02 
 1.19800000e-08 -5.82643791e-02 
 1.20000000e-08 -5.84996767e-02 
 1.20200000e-08 -5.87257469e-02 
 1.20400000e-08 -5.89425547e-02 
 1.20600000e-08 -5.91500662e-02 
 1.20800000e-08 -5.93482492e-02 
 1.21000000e-08 -5.95370729e-02 
 1.21200000e-08 -5.97165079e-02 
 1.21400000e-08 -5.98865265e-02 
 1.21600000e-08 -6.00471020e-02 
 1.21800000e-08 -6.01982096e-02 
 1.22000000e-08 -6.03398258e-02 
 1.22200000e-08 -6.04719286e-02 
 1.22400000e-08 -6.05944976e-02 
 1.22600000e-08 -6.07075136e-02 
 1.22800000e-08 -6.08109590e-02 
 1.23000000e-08 -6.09048180e-02 
 1.23200000e-08 -6.09890759e-02 
 1.23400000e-08 -6.10637195e-02 
 1.23600000e-08 -6.11287375e-02 
 1.23800000e-08 -6.11841195e-02 
 1.24000000e-08 -6.12298572e-02 
 1.24200000e-08 -6.12659433e-02 
 1.24400000e-08 -6.12923723e-02 
 1.24600000e-08 -6.13091402e-02 
 1.24800000e-08 -6.13162442e-02 
 1.25000000e-08 -6.13136834e-02 
 1.25200000e-08 -6.13014582e-02 
 1.25400000e-08 -6.12795704e-02 
 1.25600000e-08 -6.12480235e-02 
 1.25800000e-08 -6.12068224e-02 
 1.26000000e-08 -6.11559735e-02 
 1.26200000e-08 -6.10954847e-02 
 1.26400000e-08 -6.10253655e-02 
 1.26600000e-08 -6.09456267e-02 
 1.26800000e-08 -6.08562808e-02 
 1.27000000e-08 -6.07573417e-02 
 1.27200000e-08 -6.06488247e-02 
 1.27400000e-08 -6.05307467e-02 
 1.27600000e-08 -6.04031260e-02 
 1.27800000e-08 -6.02659826e-02 
 1.28000000e-08 -6.01193378e-02 
 1.28200000e-08 -5.99632143e-02 
 1.28400000e-08 -5.97976365e-02 
 1.28600000e-08 -5.96226301e-02 
 1.28800000e-08 -5.94382223e-02 
 1.29000000e-08 -5.92444418e-02 
 1.29200000e-08 -5.90413188e-02 
 1.29400000e-08 -5.88288849e-02 
 1.29600000e-08 -5.86071731e-02 
 1.29800000e-08 -5.83762180e-02 
 1.30000000e-08 -5.81360554e-02 
 1.30200000e-08 -5.78867229e-02 
 1.30400000e-08 -5.76282591e-02 
 1.30600000e-08 -5.73607044e-02 
 1.30800000e-08 -5.70841005e-02 
 1.31000000e-08 -5.67984904e-02 
 1.31200000e-08 -5.65039187e-02 
 1.31400000e-08 -5.62004311e-02 
 1.31600000e-08 -5.58880751e-02 
 1.31800000e-08 -5.55668994e-02 
 1.32000000e-08 -5.52369540e-02 
 1.32200000e-08 -5.48982904e-02 
 1.32400000e-08 -5.45509613e-02 
 1.32600000e-08 -5.41950211e-02 
 1.32800000e-08 -5.38305252e-02 
 1.33000000e-08 -5.34575306e-02 
 1.33200000e-08 -5.30760955e-02 
 1.33400000e-08 -5.26862794e-02 
 1.33600000e-08 -5.22881432e-02 
 1.33800000e-08 -5.18817492e-02 
 1.34000000e-08 -5.14671608e-02 
 1.34200000e-08 -5.10444429e-02 
 1.34400000e-08 -5.06136615e-02 
 1.34600000e-08 -5.01748840e-02 
 1.34800000e-08 -4.97281791e-02 
 1.35000000e-08 -4.92736167e-02 
 1.35200000e-08 -4.88112678e-02 
 1.35400000e-08 -4.83412049e-02 
 1.35600000e-08 -4.78635016e-02 
 1.35800000e-08 -4.73782327e-02 
 1.36000000e-08 -4.68854742e-02 
 1.36200000e-08 -4.63853034e-02 
 1.36400000e-08 -4.58777987e-02 
 1.36600000e-08 -4.53630396e-02 
 1.36800000e-08 -4.48411069e-02 
 1.37000000e-08 -4.43120824e-02 
 1.37200000e-08 -4.37760492e-02 
 1.37400000e-08 -4.32330915e-02 
 1.37600000e-08 -4.26832944e-02 
 1.37800000e-08 -4.21267443e-02 
 1.38000000e-08 -4.15635287e-02 
 1.38200000e-08 -4.09937361e-02 
 1.38400000e-08 -4.04174560e-02 
 1.38600000e-08 -3.98347790e-02 
 1.38800000e-08 -3.92457969e-02 
 1.39000000e-08 -3.86506021e-02 
 1.39200000e-08 -3.80492884e-02 
 1.39400000e-08 -3.74419505e-02 
 1.39600000e-08 -3.68286839e-02 
 1.39800000e-08 -3.62095853e-02 
 1.40000000e-08 -3.55847521e-02 
 1.40200000e-08 -3.49542828e-02 
 1.40400000e-08 -3.43182768e-02 
 1.40600000e-08 -3.36768344e-02 
 1.40800000e-08 -3.30300567e-02 
 1.41000000e-08 -3.23780456e-02 
 1.41200000e-08 -3.17209042e-02 
 1.41400000e-08 -3.10587360e-02 
 1.41600000e-08 -3.03916456e-02 
 1.41800000e-08 -2.97197384e-02 
 1.42000000e-08 -2.90431204e-02 
 1.42200000e-08 -2.83618985e-02 
 1.42400000e-08 -2.76761803e-02 
 1.42600000e-08 -2.69860743e-02 
 1.42800000e-08 -2.62916894e-02 
 1.43000000e-08 -2.55931355e-02 
 1.43200000e-08 -2.48905230e-02 
 1.43400000e-08 -2.41839632e-02 
 1.43600000e-08 -2.34735676e-02 
 1.43800000e-08 -2.27594488e-02 
 1.44000000e-08 -2.20417198e-02 
 1.44200000e-08 -2.13204942e-02 
 1.44400000e-08 -2.05958862e-02 
 1.44600000e-08 -1.98680104e-02 
 1.44800000e-08 -1.91369823e-02 
 1.45000000e-08 -1.84029176e-02 
 1.45200000e-08 -1.76659325e-02 
 1.45400000e-08 -1.69261440e-02 
 1.45600000e-08 -1.61836692e-02 
 1.45800000e-08 -1.54386258e-02 
 1.46000000e-08 -1.46911319e-02 
 1.46200000e-08 -1.39413061e-02 
 1.46400000e-08 -1.31892673e-02 
 1.46600000e-08 -1.24351346e-02 
 1.46800000e-08 -1.16790278e-02 
 1.47000000e-08 -1.09210668e-02 
 1.47200000e-08 -1.01613717e-02 
 1.47400000e-08 -9.40006326e-03 
 1.47600000e-08 -8.63726215e-03 
 1.47800000e-08 -7.87308945e-03 
 1.48000000e-08 -7.10766643e-03 
 1.48200000e-08 -6.34111459e-03 
 1.48400000e-08 -5.57355558e-03 
 1.48600000e-08 -4.80511127e-03 
 1.48800000e-08 -4.03590361e-03 
 1.49000000e-08 -3.26605475e-03 
 1.49200000e-08 -2.49568688e-03 
 1.49400000e-08 -1.72492233e-03 
 1.49600000e-08 -9.53883465e-04 
 1.49800000e-08 -1.82692702e-04 
 1.50000000e-08  5.88527515e-04 
 1.50200000e-08  1.35965473e-03 
 1.50400000e-08  2.13056651e-03 
 1.50600000e-08  2.90114045e-03 
 1.50800000e-08  3.67125421e-03 
 1.51000000e-08  4.44078552e-03 
 1.51200000e-08  5.20961220e-03 
 1.51400000e-08  5.97761220e-03 
 1.51600000e-08  6.74466359e-03 
 1.51800000e-08  7.51064461e-03 
 1.52000000e-08  8.27543367e-03 
 1.52200000e-08  9.03890938e-03 
 1.52400000e-08  9.80095056e-03 
 1.52600000e-08  1.05614363e-02 
 1.52800000e-08  1.13202458e-02 
 1.53000000e-08  1.20772588e-02 
 1.53200000e-08  1.28323552e-02 
 1.53400000e-08  1.35854151e-02 
 1.53600000e-08  1.43363191e-02 
 1.53800000e-08  1.50849480e-02 
 1.54000000e-08  1.58311833e-02 
 1.54200000e-08  1.65749064e-02 
 1.54400000e-08  1.73159996e-02 
 1.54600000e-08  1.80543452e-02 
 1.54800000e-08  1.87898264e-02 
 1.55000000e-08  1.95223265e-02 
 1.55200000e-08  2.02517295e-02 
 1.55400000e-08  2.09779198e-02 
 1.55600000e-08  2.17007823e-02 
 1.55800000e-08  2.24202027e-02 
 1.56000000e-08  2.31360668e-02 
 1.56200000e-08  2.38482616e-02 
 1.56400000e-08  2.45566741e-02 
 1.56600000e-08  2.52611922e-02 
 1.56800000e-08  2.59617046e-02 
 1.57000000e-08  2.66581004e-02 
 1.57200000e-08  2.73502694e-02 
 1.57400000e-08  2.80381022e-02 
 1.57600000e-08  2.87214901e-02 
 1.57800000e-08  2.94003249e-02 
 1.58000000e-08  3.00744996e-02 
 1.58200000e-08  3.07439074e-02 
 1.58400000e-08  3.14084428e-02 
 1.58600000e-08  3.20680007e-02 
 1.58800000e-08  3.27224771e-02 
 1.59000000e-08  3.33717686e-02 
 1.59200000e-08  3.40157728e-02 
 1.59400000e-08  3.46543880e-02 
 1.59600000e-08  3.52875137e-02 
 1.59800000e-08  3.59150498e-02 
 1.60000000e-08  3.65368976e-02 
 1.60200000e-08  3.71529589e-02 
 1.60400000e-08  3.77631368e-02 
 1.60600000e-08  3.83673351e-02 
 1.60800000e-08  3.89654587e-02 
 1.61000000e-08  3.95574135e-02 
 1.61200000e-08  4.01431062e-02 
 1.61400000e-08  4.07224447e-02 
 1.61600000e-08  4.12953378e-02 
 1.61800000e-08  4.18616956e-02 
 1.62000000e-08  4.24214289e-02 
 1.62200000e-08  4.29744498e-02 
 1.62400000e-08  4.35206713e-02 
 1.62600000e-08  4.40600078e-02 
 1.62800000e-08  4.45923744e-02 
 1.63000000e-08  4.51176876e-02 
 1.63200000e-08  4.56358650e-02 
 1.63400000e-08  4.61468253e-02 
 1.63600000e-08  4.66504883e-02 
 1.63800000e-08  4.71467750e-02 
 1.64000000e-08  4.76356076e-02 
 1.64200000e-08  4.81169096e-02 
 1.64400000e-08  4.85906054e-02 
 1.64600000e-08  4.90566210e-02 
 1.64800000e-08  4.95148833e-02 
 1.65000000e-08  4.99653205e-02 
 1.65200000e-08  5.04078623e-02 
 1.65400000e-08  5.08424393e-02 
 1.65600000e-08  5.12689835e-02 
 1.65800000e-08  5.16874283e-02 
 1.66000000e-08  5.20977082e-02 
 1.66200000e-08  5.24997592e-02 
 1.66400000e-08  5.28935183e-02 
 1.66600000e-08  5.32789241e-02 
 1.66800000e-08  5.36559163e-02 
 1.67000000e-08  5.40244362e-02 
 1.67200000e-08  5.43844261e-02 
 1.67400000e-08  5.47358300e-02 
 1.67600000e-08  5.50785929e-02 
 1.67800000e-08  5.54126614e-02 
 1.68000000e-08  5.57379834e-02 
 1.68200000e-08  5.60545082e-02 
 1.68400000e-08  5.63621864e-02 
 1.68600000e-08  5.66609701e-02 
 1.68800000e-08  5.69508128e-02 
 1.69000000e-08  5.72316692e-02 
 1.69200000e-08  5.75034956e-02 
 1.69400000e-08  5.77662498e-02 
 1.69600000e-08  5.80198908e-02 
 1.69800000e-08  5.82643791e-02 
 1.70000000e-08  5.84996767e-02 
 1.70200000e-08  5.87257469e-02 
 1.70400000e-08  5.89425546e-02 
 1.70600000e-08  5.91500661e-02 
 1.70800000e-08  5.93482492e-02 
 1.71000000e-08  5.95370729e-02 
 1.71200000e-08  5.97165079e-02 
 1.71400000e-08  5.98865264e-02 
 1.71600000e-08  6.00471020e-02 
 1.71800000e-08  6.01982096e-02 
 1.72000000e-08  6.03398258e-02 
 1.72200000e-08  6.04719286e-02 
 1.72400000e-08  6.05944975e-02 
 1.72600000e-08  6.07075135e-02 
 1.72800000e-08  6.08109590e-02 
 1.73000000e-08  6.09048180e-02 
 1.73200000e-08  6.09890758e-02 
 1.73400000e-08  6.10637195e-02 
 1.73600000e-08  6.11287374e-02 
 1.73800000e-08  6.11841195e-02 
 1.74000000e-08  6.12298572e-02 
 1.74200000e-08  6.12659433e-02 
 1.74400000e-08  6.12923723e-02 
 1.74600000e-08  6.13091401e-02 
 1.74800000e-08  6.13162442e-02 
 1.75000000e-08  6.13136834e-02 
 1.75200000e-08  6.13014582e-02 
 1.75400000e-08  6.12795704e-02 
 1.75600000e-08  6.12480235e-02 
 1.75800000e-08  6.12068224e-02 
 1.76000000e-08  6.11559735e-02 
 1.76200000e-08  6.10954847e-02 
 1.76400000e-08  6.10253655e-02 
 1.76600000e-08  6.09456267e-02 
 1.76800000e-08  6.08562808e-02 
 1.77000000e-08  6.07573417e-02 
 1.77200000e-08  6.06488246e-02 
 1.77400000e-08  6.05307466e-02 
 1.77600000e-08  6.04031260e-02 
 1.77800000e-08  6.02659826e-02 
 1.78000000e-08  6.01193378e-02 
 1.78200000e-08  5.99632143e-02 
 1.78400000e-08  5.97976365e-02 
 1.78600000e-08  5.96226301e-02 
 1.78800000e-08  5.94382223e-02 
 1.79000000e-08  5.92444418e-02 
 1.79200000e-08  5.90413188e-02 
 1.79400000e-08  5.88288849e-02 
 1.79600000e-08  5.86071731e-02 
 1.79800000e-08  5.83762179e-02 
 1.80000000e-08  5.81360554e-02 
 1.80200000e-08  5.78867228e-02 
 1.80400000e-08  5.76282591e-02 
 1.80600000e-08  5.73607044e-02 
 1.80800000e-08  5.70841005e-02 
 1.81000000e-08  5.67984904e-02 
 1.81200000e-08  5.65039186e-02 
 1.81400000e-08  5.62004311e-02 
 1.81600000e-08  5.58880751e-02 
 1.81800000e-08  5.55668994e-02 
 1.82000000e-08  5.52369540e-02 
 1.82200000e-08  5.48982903e-02 
 1.82400000e-08  5.45509613e-02 
 1.82600000e-08  5.41950211e-02 
 1.82800000e-08  5.38305252e-02 
 1.83000000e-08  5.34575306e-02 
 1.83200000e-08  5.30760954e-02 
 1.83400000e-08  5.26862793e-02 
 1.83600000e-08  5.22881432e-02 
 1.83800000e-08  5.18817491e-02 
 1.84000000e-08  5.14671608e-02 
 1.84200000e-08  5.10444428e-02 
 1.84400000e-08  5.06136615e-02 
 1.84600000e-08  5.01748840e-02 
 1.84800000e-08  4.97281791e-02 
 1.85000000e-08  4.92736167e-02 
 1.85200000e-08  4.88112678e-02 
 1.85400000e-08  4.83412049e-02 
 1.85600000e-08  4.78635016e-02 
 1.85800000e-08  4.73782327e-02 
 1.86000000e-08  4.68854742e-02 
 1.86200000e-08  4.63853034e-02 
 1.86400000e-08  4.58777987e-02 
 1.86600000e-08  4.53630396e-02 
 1.86800000e-08  4.48411069e-02 
 1.87000000e-08  4.43120824e-02 
 1.87200000e-08  4.37760492e-02 
 1.87400000e-08  4.32330915e-02 
 1.87600000e-08  4.26832944e-02 
 1.87800000e-08  4.21267443e-02 
 1.88000000e-08  4.15635287e-02 
 1.88200000e-08  4.09937361e-02 
 1.88400000e-08  4.04174560e-02 
 1.88600000e-08  3.98347790e-02 
 1.88800000e-08  3.92457968e-02 
 1.89000000e-08  3.86506021e-02 
 1.89200000e-08  3.80492884e-02 
 1.89400000e-08  3.74419505e-02 
 1.89600000e-08  3.68286839e-02 
 1.89800000e-08  3.62095853e-02 
 1.90000000e-08  3.55847521e-02 
 1.90200000e-08  3.49542828e-02 
 1.90400000e-08  3.43182768e-02 
 1.90600000e-08  3.36768344e-02 
 1.90800000e-08  3.30300567e-02 
 1.91000000e-08  3.23780456e-02 
 1.91200000e-08  3.17209042e-02 
 1.91400000e-08  3.10587360e-02 
 1.91600000e-08  3.03916456e-02 
 1.91800000e-08  2.97197384e-02 
 1.92000000e-08  2.90431204e-02 
 1.92200000e-08  2.83618985e-02 
 1.92400000e-08  2.76761803e-02 
 1.92600000e-08  2.69860743e-02 
 1.92800000e-08  2.62916894e-02 
 1.93000000e-08  2.55931355e-02 
 1.93200000e-08  2.48905230e-02 
 1.93400000e-08  2.41839632e-02 
 1.93600000e-08  2.34735676e-02 
 1.93800000e-08  2.27594488e-02 
 1.94000000e-08  2.20417198e-02 
 1.94200000e-08  2.13204942e-02 
 1.94400000e-08  2.05958862e-02 
 1.94600000e-08  1.98680104e-02 
 1.94800000e-08  1.91369823e-02 
 1.95000000e-08  1.84029176e-02 
 1.95200000e-08  1.76659325e-02 
 1.95400000e-08  1.69261440e-02 
 1.95600000e-08  1.61836692e-02 
 1.95800000e-08  1.54386258e-02 
 1.96000000e-08  1.46911319e-02 
 1.96200000e-08  1.39413061e-02 
 1.96400000e-08  1.31892673e-02 
 1.96600000e-08  1.24351346e-02 
 1.96800000e-08  1.16790278e-02 
 1.97000000e-08  1.09210668e-02 
 1.97200000e-08  1.01613717e-02 
 1.97400000e-08  9.40006326e-03 
 1.97600000e-08  8.63726215e-03 
 1.97800000e-08  7.87308945e-03 
 1.98000000e-08  7.10766643e-03 
 1.98200000e-08  6.34111459e-03 
 1.98400000e-08  5.57355558e-03 
 1.98600000e-08  4.80511126e-03 
 1.98800000e-08  4.03590361e-03 
 1.99000000e-08  3.26605475e-03 
 1.99200000e-08  2.49568688e-03 
 1.99400000e-08  1.72492233e-03 
 1.99600000e-08  9.53883464e-04 
 1.99800000e-08  1.82692700e-04 
 2.00000000e-08 -5.88527515e-04 
 2.00200000e-08 -1.35965473e-03 
 2.00400000e-08 -2.13056651e-03 
 2.00600000e-08 -2.90114045e-03 
 2.00800000e-08 -3.67125421e-03 
 2.01000000e-08 -4.44078552e-03 
 2.01200000e-08 -5.20961220e-03 
 2.01400000e-08 -5.97761220e-03 
 2.01600000e-08 -6.74466359e-03 
 2.01800000e-08 -7.51064461e-03 
 2.02000000e-08 -8.27543367e-03 
 2.02200000e-08 -9.03890938e-03 
 2.02400000e-08 -9.80095056e-03 
 2.02600000e-08 -1.05614363e-02 
 2.02800000e-08 -1.13202458e-02 
 2.03000000e-08 -1.20772588e-02 
 2.03200000e-08 -1.28323552e-02 
 2.03400000e-08 -1.35854151e-02 
 2.03600000e-08 -1.43363191e-02 
 2.03800000e-08 -1.50849480e-02 
 2.04000000e-08 -1.58311833e-02 
 2.04200000e-08 -1.65749064e-02 
 2.04400000e-08 -1.73159996e-02 
 2.04600000e-08 -1.80543453e-02 
 2.04800000e-08 -1.87898264e-02 
 2.05000000e-08 -1.95223265e-02 
 2.05200000e-08 -2.02517295e-02 
 2.05400000e-08 -2.09779198e-02 
 2.05600000e-08 -2.17007823e-02 
 2.05800000e-08 -2.24202027e-02 
 2.06000000e-08 -2.31360668e-02 
 2.06200000e-08 -2.38482616e-02 
 2.06400000e-08 -2.45566741e-02 
 2.06600000e-08 -2.52611922e-02 
 2.06800000e-08 -2.59617046e-02 
 2.07000000e-08 -2.66581004e-02 
 2.07200000e-08 -2.73502694e-02 
 2.07400000e-08 -2.80381022e-02 
 2.07600000e-08 -2.87214901e-02 
 2.07800000e-08 -2.94003249e-02 
 2.08000000e-08 -3.00744996e-02 
 2.08200000e-08 -3.07439074e-02 
 2.08400000e-08 -3.14084428e-02 
 2.08600000e-08 -3.20680007e-02 
 2.08800000e-08 -3.27224771e-02 
 2.09000000e-08 -3.33717686e-02 
 2.09200000e-08 -3.40157728e-02 
 2.09400000e-08 -3.46543880e-02 
 2.09600000e-08 -3.52875137e-02 
 2.09800000e-08 -3.59150498e-02 
 2.10000000e-08 -3.65368976e-02 
 2.10200000e-08 -3.71529589e-02 
 2.10400000e-08 -3.77631368e-02 
 2.10600000e-08 -3.83673351e-02 
 2.10800000e-08 -3.89654587e-02 
 2.11000000e-08 -3.95574135e-02 
 2.11200000e-08 -4.01431062e-02 
 2.11400000e-08 -4.07224447e-02 
 2.11600000e-08 -4.12953378e-02 
 2.11800000e-08 -4.18616956e-02 
 2.12000000e-08 -4.24214289e-02 
 2.12200000e-08 -4.29744498e-02 
 2.12400000e-08 -4.35206713e-02 
 2.12600000e-08 -4.40600078e-02 
 2.12800000e-08 -4.45923744e-02 
 2.13000000e-08 -4.51176876e-02 
 2.13200000e-08 -4.56358650e-02 
 2.13400000e-08 -4.61468253e-02 
 2.13600000e-08 -4.66504883e-02 
 2.13800000e-08 -4.71467750e-02 
 2.14000000e-08 -4.76356076e-02 
 2.14200000e-08 -4.81169096e-02 
 2.14400000e-08 -4.85906054e-02 
 2.14600000e-08 -4.90566210e-02 
 2.14800000e-08 -4.95148833e-02 
 2.15000000e-08 -4.99653205e-02 
 2.15200000e-08 -5.04078623e-02 
 2.15400000e-08 -5.08424393e-02 
 2.15600000e-08 -5.12689835e-02 
 2.15800000e-08 -5.16874283e-02 
 2.16000000e-08 -5.20977082e-02 
 2.16200000e-08 -5.24997592e-02 
 2.16400000e-08 -5.28935183e-02 
 2.16600000e-08 -5.32789241e-02 
 2.16800000e-08 -5.36559163e-02 
 2.17000000e-08 -5.40244362e-02 
 2.17200000e-08 -5.43844261e-02 
 2.17400000e-08 -5.47358300e-02 
 2.17600000e-08 -5.50785929e-02 
 2.17800000e-08 -5.54126614e-02 
 2.18000000e-08 -5.57379834e-02 
 2.18200000e-08 -5.60545082e-02 
 2.18400000e-08 -5.63621864e-02 
 2.18600000e-08 -5.66609701e-02 
 2.18800000e-08 -5.69508128e-02 
 2.19000000e-08 -5.72316692e-02 
 2.19200000e-08 -5.75034956e-02 
 2.19400000e-08 -5.77662498e-02 
 2.19600000e-08 -5.80198908e-02 
 2.19800000e-08 -5.82643791e-02 
 2.20000000e-08 -5.84996767e-02 
 2.20200000e-08 -5.87257469e-02 
 2.20400000e-08 -5.89425546e-02 
 2.20600000e-08 -5.91500661e-02 
 2.20800000e-08 -5.93482492e-02 
 2.21000000e-08 -5.95370729e-02 
 2.21200000e-08 -5.97165079e-02 
 2.21400000e-08 -5.98865264e-02 
 2.21600000e-08 -6.00471020e-02 
 2.21800000e-08 -6.01982096e-02 
 2.22000000e-08 -6.03398258e-02 
 2.22200000e-08 -6.04719286e-02 
 2.22400000e-08 -6.05944975e-02 
 2.22600000e-08 -6.07075135e-02 
 2.22800000e-08 -6.08109590e-02 
 2.23000000e-08 -6.09048180e-02 
 2.23200000e-08 -6.09890758e-02 
 2.23400000e-08 -6.10637195e-02 
 2.23600000e-08 -6.11287374e-02 
 2.23800000e-08 -6.11841195e-02 
 2.24000000e-08 -6.12298572e-02 
 2.24200000e-08 -6.12659433e-02 
 2.24400000e-08 -6.12923723e-02 
 2.24600000e-08 -6.13091401e-02 
 2.24800000e-08 -6.13162442e-02 
 2.25000000e-08 -6.13136834e-02 
 2.25200000e-08 -6.13014582e-02 
 2.25400000e-08 -6.12795704e-02 
 2.25600000e-08 -6.12480235e-02 
 2.25800000e-08 -6.12068224e-02 
 2.26000000e-08 -6.11559735e-02 
 2.26200000e-08 -6.10954847e-02 
 2.26400000e-08 -6.10253655e-02 
 2.26600000e-08 -6.09456267e-02 
 2.26800000e-08 -6.08562808e-02 
 2.27000000e-08 -6.07573417e-02 
 2.27200000e-08 -6.06488246e-02 
 2.27400000e-08 -6.05307466e-02 
 2.27600000e-08 -6.04031260e-02 
 2.27800000e-08 -6.02659826e-02 
 2.28000000e-08 -6.01193378e-02 
 2.28200000e-08 -5.99632143e-02 
 2.28400000e-08 -5.97976365e-02 
 2.28600000e-08 -5.96226301e-02 
 2.28800000e-08 -5.94382223e-02 
 2.29000000e-08 -5.92444418e-02 
 2.29200000e-08 -5.90413188e-02 
 2.29400000e-08 -5.88288849e-02 
 2.29600000e-08 -5.86071731e-02 
 2.29800000e-08 -5.83762179e-02 
 2.30000000e-08 -5.81360554e-02 
 2.30200000e-08 -5.78867228e-02 
 2.30400000e-08 -5.76282591e-02 
 2.30600000e-08 -5.73607044e-02 
 2.30800000e-08 -5.70841005e-02 
 2.31000000e-08 -5.67984904e-02 
 2.31200000e-08 -5.65039186e-02 
 2.31400000e-08 -5.62004311e-02 
 2.31600000e-08 -5.58880751e-02 
 2.31800000e-08 -5.55668994e-02 
 2.32000000e-08 -5.52369540e-02 
 2.32200000e-08 -5.48982903e-02 
 2.32400000e-08 -5.45509613e-02 
 2.32600000e-08 -5.41950211e-02 
 2.32800000e-08 -5.38305252e-02 
 2.33000000e-08 -5.34575306e-02 
 2.33200000e-08 -5.30760954e-02 
 2.33400000e-08 -5.26862793e-02 
 2.33600000e-08 -5.22881432e-02 
 2.33800000e-08 -5.18817491e-02 
 2.34000000e-08 -5.14671608e-02 
 2.34200000e-08 -5.10444428e-02 
 2.34400000e-08 -5.06136615e-02 
 2.34600000e-08 -5.01748840e-02 
 2.34800000e-08 -4.97281791e-02 
 2.35000000e-08 -4.92736167e-02 
 2.35200000e-08 -4.88112678e-02 
 2.35400000e-08 -4.83412049e-02 
 2.35600000e-08 -4.78635016e-02 
 2.35800000e-08 -4.73782327e-02 
 2.36000000e-08 -4.68854742e-02 
 2.36200000e-08 -4.63853034e-02 
 2.36400000e-08 -4.58777987e-02 
 2.36600000e-08 -4.53630396e-02 
 2.36800000e-08 -4.48411069e-02 
 2.37000000e-08 -4.43120824e-02 
 2.37200000e-08 -4.37760492e-02 
 2.37400000e-08 -4.32330915e-02 
 2.37600000e-08 -4.26832944e-02 
 2.37800000e-08 -4.21267443e-02 
 2.38000000e-08 -4.15635287e-02 
 2.38200000e-08 -4.09937361e-02 
 2.38400000e-08 -4.04174560e-02 
 2.38600000e-08 -3.98347790e-02 
 2.38800000e-08 -3.92457968e-02 
 2.39000000e-08 -3.86506021e-02 
 2.39200000e-08 -3.80492884e-02 
 2.39400000e-08 -3.74419505e-02 
 2.39600000e-08 -3.68286839e-02 
 2.39800000e-08 -3.62095853e-02 
 2.40000000e-08 -3.55847521e-02 
 2.40200000e-08 -3.49542828e-02 
 2.40400000e-08 -3.43182768e-02 
 2.40600000e-08 -3.36768344e-02 
 2.40800000e-08 -3.30300567e-02 
 2.41000000e-08 -3.23780456e-02 
 2.41200000e-08 -3.17209042e-02 
 2.41400000e-08 -3.10587360e-02 
 2.41600000e-08 -3.03916456e-02 
 2.41800000e-08 -2.97197384e-02 
 2.42000000e-08 -2.90431204e-02 
 2.42200000e-08 -2.83618985e-02 
 2.42400000e-08 -2.76761803e-02 
 2.42600000e-08 -2.69860743e-02 
 2.42800000e-08 -2.62916894e-02 
 2.43000000e-08 -2.55931355e-02 
 2.43200000e-08 -2.48905230e-02 
 2.43400000e-08 -2.41839632e-02 
 2.43600000e-08 -2.34735676e-02 
 2.43800000e-08 -2.27594488e-02 
 2.44000000e-08 -2.20417198e-02 
 2.44200000e-08 -2.13204942e-02 
 2.44400000e-08 -2.05958862e-02 
 2.44600000e-08 -1.98680104e-02 
 2.44800000e-08 -1.91369823e-02 
 2.45000000e-08 -1.84029176e-02 
 2.45200000e-08 -1.76659325e-02 
 2.45400000e-08 -1.69261440e-02 
 2.45600000e-08 -1.61836692e-02 
 2.45800000e-08 -1.54386258e-02 
 2.46000000e-08 -1.46911319e-02 
 2.46200000e-08 -1.39413061e-02 
 2.46400000e-08 -1.31892673e-02 
 2.46600000e-08 -1.24351346e-02 
 2.46800000e-08 -1.16790278e-02 
 2.47000000e-08 -1.09210668e-02 
 2.47200000e-08 -1.01613717e-02 
 2.47400000e-08 -9.40006326e-03 
 2.47600000e-08 -8.63726215e-03 
 2.47800000e-08 -7.87308945e-03 
 2.48000000e-08 -7.10766643e-03 
 2.48200000e-08 -6.34111459e-03 
 2.48400000e-08 -5.57355558e-03 
 2.48600000e-08 -4.80511126e-03 
 2.48800000e-08 -4.03590361e-03 
 2.49000000e-08 -3.26605475e-03 
 2.49200000e-08 -2.49568688e-03 
 2.49400000e-08 -1.72492233e-03 
 2.49600000e-08 -9.53883464e-04 
 2.49800000e-08 -1.82692700e-04 
 2.50000000e-08  5.88527515e-04 
 2.50200000e-08  1.35965473e-03 
 2.50400000e-08  2.13056651e-03 
 2.50600000e-08  2.90114045e-03 
 2.50800000e-08  3.67125421e-03 
 2.51000000e-08  4.44078552e-03 
 2.51200000e-08  5.20961220e-03 
 2.51400000e-08  5.97761220e-03 
 2.51600000e-08  6.74466359e-03 
 2.51800000e-08  7.51064461e-03 
 2.52000000e-08  8.27543367e-03 
 2.52200000e-08  9.03890938e-03 
 2.52400000e-08  9.80095056e-03 
 2.52600000e-08  1.05614363e-02 
 2.52800000e-08  1.13202458e-02 
 2.53000000e-08  1.20772588e-02 
 2.53200000e-08  1.28323552e-02 
 2.53400000e-08  1.35854151e-02 
 2.53600000e-08  1.43363191e-02 
 2.53800000e-08  1.50849480e-02 
 2.54000000e-08  1.58311833e-02 
 2.54200000e-08  1.65749064e-02 
 2.54400000e-08  1.73159996e-02 
 2.54600000e-08  1.80543453e-02 
 2.54800000e-08  1.87898264e-02 
 2.55000000e-08  1.95223265e-02 
 2.55200000e-08  2.02517295e-02 
 2.55400000e-08  2.09779198e-02 
 2.55600000e-08  2.17007823e-02 
 2.55800000e-08  2.24202027e-02 
 2.56000000e-08  2.31360668e-02 
 2.56200000e-08  2.38482616e-02 
 2.56400000e-08  2.45566741e-02 
 2.56600000e-08  2.52611922e-02 
 2.56800000e-08  2.59617046e-02 
 2.57000000e-08  2.66581004e-02 
 2.57200000e-08  2.73502694e-02 
 2.57400000e-08  2.80381022e-02 
 2.57600000e-08  2.87214901e-02 
 2.57800000e-08  2.94003249e-02 
 2.58000000e-08  3.00744996e-02 
 2.58200000e-08  3.07439074e-02 
 2.58400000e-08  3.14084428e-02 
 2.58600000e-08  3.20680007e-02 
 2.58800000e-08  3.27224771e-02 
 2.59000000e-08  3.33717686e-02 
 2.59200000e-08  3.40157728e-02 
 2.59400000e-08  3.46543880e-02 
 2.59600000e-08  3.52875137e-02 
 2.59800000e-08  3.59150498e-02 
 2.60000000e-08  3.65368976e-02 
 2.60200000e-08  3.71529589e-02 
 2.60400000e-08  3.77631368e-02 
 2.60600000e-08  3.83673351e-02 
 2.60800000e-08  3.89654587e-02 
 2.61000000e-08  3.95574135e-02 
 2.61200000e-08  4.01431062e-02 
 2.61400000e-08  4.07224447e-02 
 2.61600000e-08  4.12953378e-02 
 2.61800000e-08  4.18616956e-02 
 2.62000000e-08  4.24214289e-02 
 2.62200000e-08  4.29744498e-02 
 2.62400000e-08  4.35206713e-02 
 2.62600000e-08  4.40600078e-02 
 2.62800000e-08  4.45923744e-02 
 2.63000000e-08  4.51176876e-02 
 2.63200000e-08  4.56358650e-02 
 2.63400000e-08  4.61468253e-02 
 2.63600000e-08  4.66504883e-02 
 2.63800000e-08  4.71467750e-02 
 2.64000000e-08  4.76356076e-02 
 2.64200000e-08  4.81169096e-02 
 2.64400000e-08  4.85906054e-02 
 2.64600000e-08  4.90566210e-02 
 2.64800000e-08  4.95148833e-02 
 2.65000000e-08  4.99653205e-02 
 2.65200000e-08  5.04078623e-02 
 2.65400000e-08  5.08424393e-02 
 2.65600000e-08  5.12689835e-02 
 2.65800000e-08  5.16874283e-02 
 2.66000000e-08  5.20977082e-02 
 2.66200000e-08  5.24997592e-02 
 2.66400000e-08  5.28935183e-02 
 2.66600000e-08  5.32789241e-02 
 2.66800000e-08  5.36559163e-02 
 2.67000000e-08  5.40244362e-02 
 2.67200000e-08  5.43844261e-02 
 2.67400000e-08  5.47358300e-02 
 2.67600000e-08  5.50785929e-02 
 2.67800000e-08  5.54126614e-02 
 2.68000000e-08  5.57379834e-02 
 2.68200000e-08  5.60545082e-02 
 2.68400000e-08  5.63621864e-02 
 2.68600000e-08  5.66609701e-02 
 2.68800000e-08  5.69508128e-02 
 2.69000000e-08  5.72316692e-02 
 2.69200000e-08  5.75034956e-02 
 2.69400000e-08  5.77662498e-02 
 2.69600000e-08  5.80198908e-02 
 2.69800000e-08  5.82643791e-02 
 2.70000000e-08  5.84996767e-02 
 2.70200000e-08  5.87257469e-02 
 2.70400000e-08  5.89425546e-02 
 2.70600000e-08  5.91500661e-02 
 2.70800000e-08  5.93482492e-02 
 2.71000000e-08  5.95370729e-02 
 2.71200000e-08  5.97165079e-02 
 2.71400000e-08  5.98865264e-02 
 2.71600000e-08  6.00471020e-02 
 2.71800000e-08  6.01982096e-02 
 2.72000000e-08  6.03398258e-02 
 2.72200000e-08  6.04719286e-02 
 2.72400000e-08  6.05944975e-02 
 2.72600000e-08  6.07075135e-02 
 2.72800000e-08  6.08109590e-02 
 2.73000000e-08  6.09048180e-02 
 2.73200000e-08  6.09890758e-02 
 2.73400000e-08  6.10637195e-02 
 2.73600000e-08  6.11287374e-02 
 2.73800000e-08  6.11841195e-02 
 2.74000000e-08  6.12298572e-02 
 2.74200000e-08  6.12659433e-02 
 2.74400000e-08  6.12923723e-02 
 2.74600000e-08  6.13091401e-02 
 2.74800000e-08  6.13162442e-02 
 2.75000000e-08  6.13136834e-02 
 2.75200000e-08  6.13014582e-02 
 2.75400000e-08  6.12795704e-02 
 2.75600000e-08  6.12480235e-02 
 2.75800000e-08  6.12068224e-02 
 2.76000000e-08  6.11559735e-02 
 2.76200000e-08  6.10954847e-02 
 2.76400000e-08  6.10253655e-02 
 2.76600000e-08  6.09456267e-02 
 2.76800000e-08  6.08562808e-02 
 2.77000000e-08  6.07573417e-02 
 2.77200000e-08  6.06488246e-02 
 2.77400000e-08  6.05307466e-02 
 2.77600000e-08  6.04031260e-02 
 2.77800000e-08  6.02659826e-02 
 2.78000000e-08  6.01193378e-02 
 2.78200000e-08  5.99632143e-02 
 2.78400000e-08  5.97976365e-02 
 2.78600000e-08  5.96226301e-02 
 2.78800000e-08  5.94382223e-02 
 2.79000000e-08  5.92444418e-02 
 2.79200000e-08  5.90413188e-02 
 2.79400000e-08  5.88288849e-02 
 2.79600000e-08  5.86071731e-02 
 2.79800000e-08  5.83762179e-02 
 2.80000000e-08  5.81360554e-02 
 2.80200000e-08  5.78867228e-02 
 2.80400000e-08  5.76282591e-02 
 2.80600000e-08  5.73607044e-02 
 2.80800000e-08  5.70841005e-02 
 2.81000000e-08  5.67984904e-02 
 2.81200000e-08  5.65039186e-02 
 2.81400000e-08  5.62004311e-02 
 2.81600000e-08  5.58880751e-02 
 2.81800000e-08  5.55668994e-02 
 2.82000000e-08  5.52369540e-02 
 2.82200000e-08  5.48982903e-02 
 2.82400000e-08  5.45509613e-02 
 2.82600000e-08  5.41950211e-02 
 2.82800000e-08  5.38305252e-02 
 2.83000000e-08  5.34575306e-02 
 2.83200000e-08  5.30760954e-02 
 2.83400000e-08  5.26862793e-02 
 2.83600000e-08  5.22881432e-02 
 2.83800000e-08  5.18817491e-02 
 2.84000000e-08  5.14671608e-02 
 2.84200000e-08  5.10444428e-02 
 2.84400000e-08  5.06136615e-02 
 2.84600000e-08  5.01748840e-02 
 2.84800000e-08  4.97281791e-02 
 2.85000000e-08  4.92736167e-02 
 2.85200000e-08  4.88112678e-02 
 2.85400000e-08  4.83412049e-02 
 2.85600000e-08  4.78635016e-02 
 2.85800000e-08  4.73782327e-02 
 2.86000000e-08  4.68854742e-02 
 2.86200000e-08  4.63853034e-02 
 2.86400000e-08  4.58777987e-02 
 2.86600000e-08  4.53630396e-02 
 2.86800000e-08  4.48411069e-02 
 2.87000000e-08  4.43120824e-02 
 2.87200000e-08  4.37760492e-02 
 2.87400000e-08  4.32330915e-02 
 2.87600000e-08  4.26832944e-02 
 2.87800000e-08  4.21267443e-02 
 2.88000000e-08  4.15635287e-02 
 2.88200000e-08  4.09937361e-02 
 2.88400000e-08  4.04174560e-02 
 2.88600000e-08  3.98347790e-02 
 2.88800000e-08  3.92457968e-02 
 2.89000000e-08  3.86506021e-02 
 2.89200000e-08  3.80492884e-02 
 2.89400000e-08  3.74419505e-02 
 2.89600000e-08  3.68286839e-02 
 2.89800000e-08  3.62095853e-02 
 2.90000000e-08  3.55847521e-02 
 2.90200000e-08  3.49542828e-02 
 2.90400000e-08  3.43182768e-02 
 2.90600000e-08  3.36768344e-02 
 2.90800000e-08  3.30300567e-02 
 2.91000000e-08  3.23780456e-02 
 2.91200000e-08  3.17209042e-02 
 2.91400000e-08  3.10587360e-02 
 2.91600000e-08  3.03916456e-02 
 2.91800000e-08  2.97197384e-02 
 2.92000000e-08  2.90431204e-02 
 2.92200000e-08  2.83618985e-02 
 2.92400000e-08  2.76761803e-02 
 2.92600000e-08  2.69860743e-02 
 2.92800000e-08  2.62916894e-02 
 2.93000000e-08  2.55931355e-02 
 2.93200000e-08  2.48905230e-02 
 2.93400000e-08  2.41839632e-02 
 2.93600000e-08  2.34735676e-02 
 2.93800000e-08  2.27594488e-02 
 2.94000000e-08  2.20417198e-02 
 2.94200000e-08  2.13204942e-02 
 2.94400000e-08  2.05958862e-02 
 2.94600000e-08  1.98680104e-02 
 2.94800000e-08  1.91369823e-02 
 2.95000000e-08  1.84029176e-02 
 2.95200000e-08  1.76659325e-02 
 2.95400000e-08  1.69261440e-02 
 2.95600000e-08  1.61836692e-02 
 2.95800000e-08  1.54386258e-02 
 2.96000000e-08  1.46911319e-02 
 2.96200000e-08  1.39413061e-02 
 2.96400000e-08  1.31892673e-02 
 2.96600000e-08  1.24351346e-02 
 2.96800000e-08  1.16790278e-02 
 2.97000000e-08  1.09210668e-02 
 2.97200000e-08  1.01613717e-02 
 2.97400000e-08  9.40006326e-03 
 2.97600000e-08  8.63726215e-03 
 2.97800000e-08  7.87308945e-03 
 2.98000000e-08  7.10766643e-03 
 2.98200000e-08  6.34111459e-03 
 2.98400000e-08  5.57355558e-03 
 2.98600000e-08  4.80511126e-03 
 2.98800000e-08  4.03590361e-03 
 2.99000000e-08  3.26605475e-03 
 2.99200000e-08  2.49568688e-03 
 2.99400000e-08  1.72492233e-03 
 2.99600000e-08  9.53883464e-04 
 2.99800000e-08  1.82692700e-04 
 3.00000000e-08 -5.88527515e-04 
 3.00200000e-08 -1.35965473e-03 
 3.00400000e-08 -2.13056651e-03 
 3.00600000e-08 -2.90114045e-03 
 3.00800000e-08 -3.67125421e-03 
 3.01000000e-08 -4.44078552e-03 
 3.01200000e-08 -5.20961220e-03 
 3.01400000e-08 -5.97761220e-03 
 3.01600000e-08 -6.74466359e-03 
 3.01800000e-08 -7.51064461e-03 
 3.02000000e-08 -8.27543367e-03 
 3.02200000e-08 -9.03890938e-03 
 3.02400000e-08 -9.80095056e-03 
 3.02600000e-08 -1.05614363e-02 
 3.02800000e-08 -1.13202458e-02 
 3.03000000e-08 -1.20772588e-02 
 3.03200000e-08 -1.28323552e-02 
 3.03400000e-08 -1.35854151e-02 
 3.03600000e-08 -1.43363191e-02 
 3.03800000e-08 -1.50849480e-02 
 3.04000000e-08 -1.58311833e-02 
 3.04200000e-08 -1.65749064e-02 
 3.04400000e-08 -1.73159996e-02 
 3.04600000e-08 -1.80543453e-02 
 3.04800000e-08 -1.87898264e-02 
 3.05000000e-08 -1.95223265e-02 
 3.05200000e-08 -2.02517295e-02 
 3.05400000e-08 -2.09779198e-02 
 3.05600000e-08 -2.17007823e-02 
 3.05800000e-08 -2.24202027e-02 
 3.06000000e-08 -2.31360668e-02 
 3.06200000e-08 -2.38482616e-02 
 3.06400000e-08 -2.45566741e-02 
 3.06600000e-08 -2.52611922e-02 
 3.06800000e-08 -2.59617046e-02 
 3.07000000e-08 -2.66581004e-02 
 3.07200000e-08 -2.73502694e-02 
 3.07400000e-08 -2.80381022e-02 
 3.07600000e-08 -2.87214901e-02 
 3.07800000e-08 -2.94003249e-02 
 3.08000000e-08 -3.00744996e-02 
 3.08200000e-08 -3.07439074e-02 
 3.08400000e-08 -3.14084428e-02 
 3.08600000e-08 -3.20680007e-02 
 3.08800000e-08 -3.27224771e-02 
 3.09000000e-08 -3.33717686e-02 
 3.09200000e-08 -3.40157728e-02 
 3.09400000e-08 -3.46543880e-02 
 3.09600000e-08 -3.52875137e-02 
 3.09800000e-08 -3.59150498e-02 
 3.10000000e-08 -3.65368976e-02 
 3.10200000e-08 -3.71529589e-02 
 3.10400000e-08 -3.77631368e-02 
 3.10600000e-08 -3.83673351e-02 
 3.10800000e-08 -3.89654587e-02 
 3.11000000e-08 -3.95574135e-02 
 3.11200000e-08 -4.01431062e-02 
 3.11400000e-08 -4.07224447e-02 
 3.11600000e-08 -4.12953378e-02 
 3.11800000e-08 -4.18616956e-02 
 3.12000000e-08 -4.24214289e-02 
 3.12200000e-08 -4.29744498e-02 
 3.12400000e-08 -4.35206713e-02 
 3.12600000e-08 -4.40600078e-02 
 3.12800000e-08 -4.45923744e-02 
 3.13000000e-08 -4.51176876e-02 
 3.13200000e-08 -4.56358650e-02 
 3.13400000e-08 -4.61468253e-02 
 3.13600000e-08 -4.66504883e-02 
 3.13800000e-08 -4.71467750e-02 
 3.14000000e-08 -4.76356076e-02 
 3.14200000e-08 -4.81169096e-02 
 3.14400000e-08 -4.85906054e-02 
 3.14600000e-08 -4.90566210e-02 
 3.14800000e-08 -4.95148833e-02 
 3.15000000e-08 -4.99653205e-02 
 3.15200000e-08 -5.04078623e-02 
 3.15400000e-08 -5.08424393e-02 
 3.15600000e-08 -5.12689835e-02 
 3.15800000e-08 -5.16874283e-02 
 3.16000000e-08 -5.20977082e-02 
 3.16200000e-08 -5.24997592e-02 
 3.16400000e-08 -5.28935183e-02 
 3.16600000e-08 -5.32789241e-02 
 3.16800000e-08 -5.36559163e-02 
 3.17000000e-08 -5.40244362e-02 
 3.17200000e-08 -5.43844261e-02 
 3.17400000e-08 -5.47358300e-02 
 3.17600000e-08 -5.50785929e-02 
 3.17800000e-08 -5.54126614e-02 
 3.18000000e-08 -5.57379834e-02 
 3.18200000e-08 -5.60545082e-02 
 3.18400000e-08 -5.63621864e-02 
 3.18600000e-08 -5.66609701e-02 
 3.18800000e-08 -5.69508128e-02 
 3.19000000e-08 -5.72316692e-02 
 3.19200000e-08 -5.75034956e-02 
 3.19400000e-08 -5.77662498e-02 
 3.19600000e-08 -5.80198908e-02 
 3.19800000e-08 -5.82643791e-02 
 3.20000000e-08 -5.84996767e-02 
 3.20200000e-08 -5.87257469e-02 
 3.20400000e-08 -5.89425546e-02 
 3.20600000e-08 -5.91500661e-02 
 3.20800000e-08 -5.93482492e-02 
 3.21000000e-08 -5.95370729e-02 
 3.21200000e-08 -5.97165079e-02 
 3.21400000e-08 -5.98865264e-02 
 3.21600000e-08 -6.00471020e-02 
 3.21800000e-08 -6.01982096e-02 
 3.22000000e-08 -6.03398258e-02 
 3.22200000e-08 -6.04719286e-02 
 3.22400000e-08 -6.05944975e-02 
 3.22600000e-08 -6.07075135e-02 
 3.22800000e-08 -6.08109590e-02 
 3.23000000e-08 -6.09048180e-02 
 3.23200000e-08 -6.09890758e-02 
 3.23400000e-08 -6.10637195e-02 
 3.23600000e-08 -6.11287374e-02 
 3.23800000e-08 -6.11841195e-02 
 3.24000000e-08 -6.12298572e-02 
 3.24200000e-08 -6.12659433e-02 
 3.24400000e-08 -6.12923723e-02 
 3.24600000e-08 -6.13091401e-02 
 3.24800000e-08 -6.13162442e-02 
 3.25000000e-08 -6.13136834e-02 
 3.25200000e-08 -6.13014582e-02 
 3.25400000e-08 -6.12795704e-02 
 3.25600000e-08 -6.12480235e-02 
 3.25800000e-08 -6.12068224e-02 
 3.26000000e-08 -6.11559735e-02 
 3.26200000e-08 -6.10954847e-02 
 3.26400000e-08 -6.10253655e-02 
 3.26600000e-08 -6.09456267e-02 
 3.26800000e-08 -6.08562808e-02 
 3.27000000e-08 -6.07573417e-02 
 3.27200000e-08 -6.06488246e-02 
 3.27400000e-08 -6.05307466e-02 
 3.27600000e-08 -6.04031260e-02 
 3.27800000e-08 -6.02659826e-02 
 3.28000000e-08 -6.01193378e-02 
 3.28200000e-08 -5.99632143e-02 
 3.28400000e-08 -5.97976365e-02 
 3.28600000e-08 -5.96226301e-02 
 3.28800000e-08 -5.94382223e-02 
 3.29000000e-08 -5.92444418e-02 
 3.29200000e-08 -5.90413188e-02 
 3.29400000e-08 -5.88288849e-02 
 3.29600000e-08 -5.86071731e-02 
 3.29800000e-08 -5.83762179e-02 
 3.30000000e-08 -5.81360554e-02 
 3.30200000e-08 -5.78867228e-02 
 3.30400000e-08 -5.76282591e-02 
 3.30600000e-08 -5.73607044e-02 
 3.30800000e-08 -5.70841005e-02 
 3.31000000e-08 -5.67984904e-02 
 3.31200000e-08 -5.65039186e-02 
 3.31400000e-08 -5.62004311e-02 
 3.31600000e-08 -5.58880751e-02 
 3.31800000e-08 -5.55668994e-02 
 3.32000000e-08 -5.52369540e-02 
 3.32200000e-08 -5.48982903e-02 
 3.32400000e-08 -5.45509613e-02 
 3.32600000e-08 -5.41950211e-02 
 3.32800000e-08 -5.38305252e-02 
 3.33000000e-08 -5.34575306e-02 
 3.33200000e-08 -5.30760954e-02 
 3.33400000e-08 -5.26862793e-02 
 3.33600000e-08 -5.22881432e-02 
 3.33800000e-08 -5.18817491e-02 
 3.34000000e-08 -5.14671608e-02 
 3.34200000e-08 -5.10444428e-02 
 3.34400000e-08 -5.06136615e-02 
 3.34600000e-08 -5.01748840e-02 
 3.34800000e-08 -4.97281791e-02 
 3.35000000e-08 -4.92736167e-02 
 3.35200000e-08 -4.88112678e-02 
 3.35400000e-08 -4.83412049e-02 
 3.35600000e-08 -4.78635016e-02 
 3.35800000e-08 -4.73782327e-02 
 3.36000000e-08 -4.68854742e-02 
 3.36200000e-08 -4.63853034e-02 
 3.36400000e-08 -4.58777987e-02 
 3.36600000e-08 -4.53630396e-02 
 3.36800000e-08 -4.48411069e-02 
 3.37000000e-08 -4.43120824e-02 
 3.37200000e-08 -4.37760492e-02 
 3.37400000e-08 -4.32330915e-02 
 3.37600000e-08 -4.26832944e-02 
 3.37800000e-08 -4.21267443e-02 
 3.38000000e-08 -4.15635287e-02 
 3.38200000e-08 -4.09937361e-02 
 3.38400000e-08 -4.04174560e-02 
 3.38600000e-08 -3.98347790e-02 
 3.38800000e-08 -3.92457968e-02 
 3.39000000e-08 -3.86506021e-02 
 3.39200000e-08 -3.80492884e-02 
 3.39400000e-08 -3.74419505e-02 
 3.39600000e-08 -3.68286839e-02 
 3.39800000e-08 -3.62095853e-02 
 3.40000000e-08 -3.55847521e-02 
 3.40200000e-08 -3.49542828e-02 
 3.40400000e-08 -3.43182768e-02 
 3.40600000e-08 -3.36768344e-02 
 3.40800000e-08 -3.30300567e-02 
 3.41000000e-08 -3.23780456e-02 
 3.41200000e-08 -3.17209042e-02 
 3.41400000e-08 -3.10587360e-02 
 3.41600000e-08 -3.03916456e-02 
 3.41800000e-08 -2.97197384e-02 
 3.42000000e-08 -2.90431204e-02 
 3.42200000e-08 -2.83618985e-02 
 3.42400000e-08 -2.76761803e-02 
 3.42600000e-08 -2.69860743e-02 
 3.42800000e-08 -2.62916894e-02 
 3.43000000e-08 -2.55931355e-02 
 3.43200000e-08 -2.48905230e-02 
 3.43400000e-08 -2.41839632e-02 
 3.43600000e-08 -2.34735676e-02 
 3.43800000e-08 -2.27594488e-02 
 3.44000000e-08 -2.20417198e-02 
 3.44200000e-08 -2.13204942e-02 
 3.44400000e-08 -2.05958862e-02 
 3.44600000e-08 -1.98680104e-02 
 3.44800000e-08 -1.91369823e-02 
 3.45000000e-08 -1.84029176e-02 
 3.45200000e-08 -1.76659325e-02 
 3.45400000e-08 -1.69261440e-02 
 3.45600000e-08 -1.61836692e-02 
 3.45800000e-08 -1.54386258e-02 
 3.46000000e-08 -1.46911319e-02 
 3.46200000e-08 -1.39413061e-02 
 3.46400000e-08 -1.31892673e-02 
 3.46600000e-08 -1.24351346e-02 
 3.46800000e-08 -1.16790278e-02 
 3.47000000e-08 -1.09210668e-02 
 3.47200000e-08 -1.01613717e-02 
 3.47400000e-08 -9.40006326e-03 
 3.47600000e-08 -8.63726215e-03 
 3.47800000e-08 -7.87308945e-03 
 3.48000000e-08 -7.10766643e-03 
 3.48200000e-08 -6.34111459e-03 
 3.48400000e-08 -5.57355558e-03 
 3.48600000e-08 -4.80511126e-03 
 3.48800000e-08 -4.03590361e-03 
 3.49000000e-08 -3.26605475e-03 
 3.49200000e-08 -2.49568688e-03 
 3.49400000e-08 -1.72492233e-03 
 3.49600000e-08 -9.53883464e-04 
 3.49800000e-08 -1.82692700e-04 
 3.50000000e-08  5.88527516e-04 
 3.50200000e-08  1.35965473e-03 
 3.50400000e-08  2.13056651e-03 
 3.50600000e-08  2.90114045e-03 
 3.50800000e-08  3.67125421e-03 
 3.51000000e-08  4.44078552e-03 
 3.51200000e-08  5.20961220e-03 
 3.51400000e-08  5.97761220e-03 
 3.51600000e-08  6.74466359e-03 
 3.51800000e-08  7.51064461e-03 
 3.52000000e-08  8.27543367e-03 
 3.52200000e-08  9.03890938e-03 
 3.52400000e-08  9.80095056e-03 
 3.52600000e-08  1.05614363e-02 
 3.52800000e-08  1.13202458e-02 
 3.53000000e-08  1.20772588e-02 
 3.53200000e-08  1.28323552e-02 
 3.53400000e-08  1.35854151e-02 
 3.53600000e-08  1.43363191e-02 
 3.53800000e-08  1.50849480e-02 
 3.54000000e-08  1.58311833e-02 
 3.54200000e-08  1.65749064e-02 
 3.54400000e-08  1.73159996e-02 
 3.54600000e-08  1.80543453e-02 
 3.54800000e-08  1.87898264e-02 
 3.55000000e-08  1.95223265e-02 
 3.55200000e-08  2.02517295e-02 
 3.55400000e-08  2.09779198e-02 
 3.55600000e-08  2.17007823e-02 
 3.55800000e-08  2.24202027e-02 
 3.56000000e-08  2.31360668e-02 
 3.56200000e-08  2.38482616e-02 
 3.56400000e-08  2.45566741e-02 
 3.56600000e-08  2.52611922e-02 
 3.56800000e-08  2.59617046e-02 
 3.57000000e-08  2.66581004e-02 
 3.57200000e-08  2.73502694e-02 
 3.57400000e-08  2.80381022e-02 
 3.57600000e-08  2.87214901e-02 
 3.57800000e-08  2.94003249e-02 
 3.58000000e-08  3.00744996e-02 
 3.58200000e-08  3.07439074e-02 
 3.58400000e-08  3.14084428e-02 
 3.58600000e-08  3.20680007e-02 
 3.58800000e-08  3.27224771e-02 
 3.59000000e-08  3.33717686e-02 
 3.59200000e-08  3.40157728e-02 
 3.59400000e-08  3.46543880e-02 
 3.59600000e-08  3.52875137e-02 
 3.59800000e-08  3.59150498e-02 
 3.60000000e-08  3.65368976e-02 
 3.60200000e-08  3.71529589e-02 
 3.60400000e-08  3.77631368e-02 
 3.60600000e-08  3.83673351e-02 
 3.60800000e-08  3.89654587e-02 
 3.61000000e-08  3.95574135e-02 
 3.61200000e-08  4.01431062e-02 
 3.61400000e-08  4.07224447e-02 
 3.61600000e-08  4.12953378e-02 
 3.61800000e-08  4.18616956e-02 
 3.62000000e-08  4.24214289e-02 
 3.62200000e-08  4.29744498e-02 
 3.62400000e-08  4.35206713e-02 
 3.62600000e-08  4.40600078e-02 
 3.62800000e-08  4.45923744e-02 
 3.63000000e-08  4.51176876e-02 
 3.63200000e-08  4.56358650e-02 
 3.63400000e-08  4.61468253e-02 
 3.63600000e-08  4.66504883e-02 
 3.63800000e-08  4.71467750e-02 
 3.64000000e-08  4.76356076e-02 
 3.64200000e-08  4.81169096e-02 
 3.64400000e-08  4.85906054e-02 
 3.64600000e-08  4.90566210e-02 
 3.64800000e-08  4.95148833e-02 
 3.65000000e-08  4.99653205e-02 
 3.65200000e-08  5.04078623e-02 
 3.65400000e-08  5.08424393e-02 
 3.65600000e-08  5.12689835e-02 
 3.65800000e-08  5.16874283e-02 
 3.66000000e-08  5.20977082e-02 
 3.66200000e-08  5.24997592e-02 
 3.66400000e-08  5.28935183e-02 
 3.66600000e-08  5.32789241e-02 
 3.66800000e-08  5.36559163e-02 
 3.67000000e-08  5.40244362e-02 
 3.67200000e-08  5.43844261e-02 
 3.67400000e-08  5.47358300e-02 
 3.67600000e-08  5.50785929e-02 
 3.67800000e-08  5.54126614e-02 
 3.68000000e-08  5.57379834e-02 
 3.68200000e-08  5.60545082e-02 
 3.68400000e-08  5.63621864e-02 
 3.68600000e-08  5.66609701e-02 
 3.68800000e-08  5.69508128e-02 
 3.69000000e-08  5.72316692e-02 
 3.69200000e-08  5.75034956e-02 
 3.69400000e-08  5.77662498e-02 
 3.69600000e-08  5.80198908e-02 
 3.69800000e-08  5.82643791e-02 
 3.70000000e-08  5.84996767e-02 
 3.70200000e-08  5.87257469e-02 
 3.70400000e-08  5.89425546e-02 
 3.70600000e-08  5.91500661e-02 
 3.70800000e-08  5.93482492e-02 
 3.71000000e-08  5.95370729e-02 
 3.71200000e-08  5.97165079e-02 
 3.71400000e-08  5.98865264e-02 
 3.71600000e-08  6.00471020e-02 
 3.71800000e-08  6.01982096e-02 
 3.72000000e-08  6.03398258e-02 
 3.72200000e-08  6.04719286e-02 
 3.72400000e-08  6.05944975e-02 
 3.72600000e-08  6.07075135e-02 
 3.72800000e-08  6.08109590e-02 
 3.73000000e-08  6.09048180e-02 
 3.73200000e-08  6.09890758e-02 
 3.73400000e-08  6.10637195e-02 
 3.73600000e-08  6.11287374e-02 
 3.73800000e-08  6.11841195e-02 
 3.74000000e-08  6.12298572e-02 
 3.74200000e-08  6.12659433e-02 
 3.74400000e-08  6.12923723e-02 
 3.74600000e-08  6.13091401e-02 
 3.74800000e-08  6.13162442e-02 
 3.75000000e-08  6.13136834e-02 
 3.75200000e-08  6.13014582e-02 
 3.75400000e-08  6.12795704e-02 
 3.75600000e-08  6.12480235e-02 
 3.75800000e-08  6.12068224e-02 
 3.76000000e-08  6.11559735e-02 
 3.76200000e-08  6.10954847e-02 
 3.76400000e-08  6.10253655e-02 
 3.76600000e-08  6.09456267e-02 
 3.76800000e-08  6.08562808e-02 
 3.77000000e-08  6.07573417e-02 
 3.77200000e-08  6.06488246e-02 
 3.77400000e-08  6.05307466e-02 
 3.77600000e-08  6.04031260e-02 
 3.77800000e-08  6.02659826e-02 
 3.78000000e-08  6.01193378e-02 
 3.78200000e-08  5.99632143e-02 
 3.78400000e-08  5.97976365e-02 
 3.78600000e-08  5.96226301e-02 
 3.78800000e-08  5.94382223e-02 
 3.79000000e-08  5.92444418e-02 
 3.79200000e-08  5.90413188e-02 
 3.79400000e-08  5.88288849e-02 
 3.79600000e-08  5.86071731e-02 
 3.79800000e-08  5.83762179e-02 
 3.80000000e-08  5.81360554e-02 
 3.80200000e-08  5.78867228e-02 
 3.80400000e-08  5.76282591e-02 
 3.80600000e-08  5.73607044e-02 
 3.80800000e-08  5.70841005e-02 
 3.81000000e-08  5.67984904e-02 
 3.81200000e-08  5.65039186e-02 
 3.81400000e-08  5.62004311e-02 
 3.81600000e-08  5.58880751e-02 
 3.81800000e-08  5.55668994e-02 
 3.82000000e-08  5.52369540e-02 
 3.82200000e-08  5.48982903e-02 
 3.82400000e-08  5.45509613e-02 
 3.82600000e-08  5.41950211e-02 
 3.82800000e-08  5.38305252e-02 
 3.83000000e-08  5.34575306e-02 
 3.83200000e-08  5.30760954e-02 
 3.83400000e-08  5.26862793e-02 
 3.83600000e-08  5.22881432e-02 
 3.83800000e-08  5.18817491e-02 
 3.84000000e-08  5.14671608e-02 
 3.84200000e-08  5.10444428e-02 
 3.84400000e-08  5.06136615e-02 
 3.84600000e-08  5.01748840e-02 
 3.84800000e-08  4.97281791e-02 
 3.85000000e-08  4.92736167e-02 
 3.85200000e-08  4.88112678e-02 
 3.85400000e-08  4.83412049e-02 
 3.85600000e-08  4.78635016e-02 
 3.85800000e-08  4.73782327e-02 
 3.86000000e-08  4.68854742e-02 
 3.86200000e-08  4.63853034e-02 
 3.86400000e-08  4.58777987e-02 
 3.86600000e-08  4.53630396e-02 
 3.86800000e-08  4.48411069e-02 
 3.87000000e-08  4.43120824e-02 
 3.87200000e-08  4.37760492e-02 
 3.87400000e-08  4.32330915e-02 
 3.87600000e-08  4.26832944e-02 
 3.87800000e-08  4.21267443e-02 
 3.88000000e-08  4.15635287e-02 
 3.88200000e-08  4.09937361e-02 
 3.88400000e-08  4.04174560e-02 
 3.88600000e-08  3.98347790e-02 
 3.88800000e-08  3.92457968e-02 
 3.89000000e-08  3.86506021e-02 
 3.89200000e-08  3.80492884e-02 
 3.89400000e-08  3.74419505e-02 
 3.89600000e-08  3.68286839e-02 
 3.89800000e-08  3.62095853e-02 
 3.90000000e-08  3.55847521e-02 
 3.90200000e-08  3.49542828e-02 
 3.90400000e-08  3.43182768e-02 
 3.90600000e-08  3.36768344e-02 
 3.90800000e-08  3.30300567e-02 
 3.91000000e-08  3.23780456e-02 
 3.91200000e-08  3.17209042e-02 
 3.91400000e-08  3.10587360e-02 
 3.91600000e-08  3.03916456e-02 
 3.91800000e-08  2.97197384e-02 
 3.92000000e-08  2.90431204e-02 
 3.92200000e-08  2.83618985e-02 
 3.92400000e-08  2.76761803e-02 
 3.92600000e-08  2.69860743e-02 
 3.92800000e-08  2.62916894e-02 
 3.93000000e-08  2.55931355e-02 
 3.93200000e-08  2.48905230e-02 
 3.93400000e-08  2.41839632e-02 
 3.93600000e-08  2.34735676e-02 
 3.93800000e-08  2.27594488e-02 
 3.94000000e-08  2.20417198e-02 
 3.94200000e-08  2.13204942e-02 
 3.94400000e-08  2.05958862e-02 
 3.94600000e-08  1.98680104e-02 
 3.94800000e-08  1.91369823e-02 
 3.95000000e-08  1.84029176e-02 
 3.95200000e-08  1.76659325e-02 
 3.95400000e-08  1.69261440e-02 
 3.95600000e-08  1.61836692e-02 
 3.95800000e-08  1.54386258e-02 
 3.96000000e-08  1.46911319e-02 
 3.96200000e-08  1.39413061e-02 
 3.96400000e-08  1.31892673e-02 
 3.96600000e-08  1.24351346e-02 
 3.96800000e-08  1.16790278e-02 
 3.97000000e-08  1.09210668e-02 
 3.97200000e-08  1.01613717e-02 
 3.97400000e-08  9.40006326e-03 
 3.97600000e-08  8.63726215e-03 
 3.97800000e-08  7.87308945e-03 
 3.98000000e-08  7.10766643e-03 
 3.98200000e-08  6.34111459e-03 
 3.98400000e-08  5.57355558e-03 
 3.98600000e-08  4.80511126e-03 
 3.98800000e-08  4.03590361e-03 
 3.99000000e-08  3.26605475e-03 
 3.99200000e-08  2.49568688e-03 
 3.99400000e-08  1.72492233e-03 
 3.99600000e-08  9.53883465e-04 
 3.99800000e-08  1.82692701e-04 
 4.00000000e-08 -5.88527515e-04 
 4.00200000e-08 -1.35965473e-03 
 4.00400000e-08 -2.13056651e-03 
 4.00600000e-08 -2.90114045e-03 
 4.00800000e-08 -3.67125421e-03 
 4.01000000e-08 -4.44078552e-03 
 4.01200000e-08 -5.20961221e-03 
 4.01400000e-08 -5.97761220e-03 
 4.01600000e-08 -6.74466359e-03 
 4.01800000e-08 -7.51064461e-03 
 4.02000000e-08 -8.27543367e-03 
 4.02200000e-08 -9.03890938e-03 
 4.02400000e-08 -9.80095056e-03 
 4.02600000e-08 -1.05614363e-02 
 4.02800000e-08 -1.13202458e-02 
 4.03000000e-08 -1.20772588e-02 
 4.03200000e-08 -1.28323552e-02 
 4.03400000e-08 -1.35854151e-02 
 4.03600000e-08 -1.43363191e-02 
 4.03800000e-08 -1.50849480e-02 
 4.04000000e-08 -1.58311833e-02 
 4.04200000e-08 -1.65749064e-02 
 4.04400000e-08 -1.73159996e-02 
 4.04600000e-08 -1.80543453e-02 
 4.04800000e-08 -1.87898264e-02 
 4.05000000e-08 -1.95223265e-02 
 4.05200000e-08 -2.02517295e-02 
 4.05400000e-08 -2.09779198e-02 
 4.05600000e-08 -2.17007823e-02 
 4.05800000e-08 -2.24202027e-02 
 4.06000000e-08 -2.31360668e-02 
 4.06200000e-08 -2.38482616e-02 
 4.06400000e-08 -2.45566741e-02 
 4.06600000e-08 -2.52611922e-02 
 4.06800000e-08 -2.59617046e-02 
 4.07000000e-08 -2.66581004e-02 
 4.07200000e-08 -2.73502694e-02 
 4.07400000e-08 -2.80381022e-02 
 4.07600000e-08 -2.87214901e-02 
 4.07800000e-08 -2.94003249e-02 
 4.08000000e-08 -3.00744996e-02 
 4.08200000e-08 -3.07439074e-02 
 4.08400000e-08 -3.14084428e-02 
 4.08600000e-08 -3.20680007e-02 
 4.08800000e-08 -3.27224771e-02 
 4.09000000e-08 -3.33717686e-02 
 4.09200000e-08 -3.40157728e-02 
 4.09400000e-08 -3.46543880e-02 
 4.09600000e-08 -3.52875137e-02 
 4.09800000e-08 -3.59150498e-02 
 4.10000000e-08 -3.65368976e-02 
 4.10200000e-08 -3.71529589e-02 
 4.10400000e-08 -3.77631368e-02 
 4.10600000e-08 -3.83673351e-02 
 4.10800000e-08 -3.89654587e-02 
 4.11000000e-08 -3.95574135e-02 
 4.11200000e-08 -4.01431062e-02 
 4.11400000e-08 -4.07224447e-02 
 4.11600000e-08 -4.12953378e-02 
 4.11800000e-08 -4.18616956e-02 
 4.12000000e-08 -4.24214289e-02 
 4.12200000e-08 -4.29744498e-02 
 4.12400000e-08 -4.35206713e-02 
 4.12600000e-08 -4.40600078e-02 
 4.12800000e-08 -4.45923744e-02 
 4.13000000e-08 -4.51176876e-02 
 4.13200000e-08 -4.56358650e-02 
 4.13400000e-08 -4.61468253e-02 
 4.13600000e-08 -4.66504883e-02 
 4.13800000e-08 -4.71467750e-02 
 4.14000000e-08 -4.76356076e-02 
 4.14200000e-08 -4.81169096e-02 
 4.14400000e-08 -4.85906054e-02 
 4.14600000e-08 -4.90566210e-02 
 4.14800000e-08 -4.95148833e-02 
 4.15000000e-08 -4.99653205e-02 
 4.15200000e-08 -5.04078623e-02 
 4.15400000e-08 -5.08424393e-02 
 4.15600000e-08 -5.12689835e-02 
 4.15800000e-08 -5.16874283e-02 
 4.16000000e-08 -5.20977082e-02 
 4.16200000e-08 -5.24997592e-02 
 4.16400000e-08 -5.28935183e-02 
 4.16600000e-08 -5.32789241e-02 
 4.16800000e-08 -5.36559163e-02 
 4.17000000e-08 -5.40244362e-02 
 4.17200000e-08 -5.43844261e-02 
 4.17400000e-08 -5.47358300e-02 
 4.17600000e-08 -5.50785929e-02 
 4.17800000e-08 -5.54126614e-02 
 4.18000000e-08 -5.57379834e-02 
 4.18200000e-08 -5.60545082e-02 
 4.18400000e-08 -5.63621864e-02 
 4.18600000e-08 -5.66609701e-02 
 4.18800000e-08 -5.69508128e-02 
 4.19000000e-08 -5.72316692e-02 
 4.19200000e-08 -5.75034956e-02 
 4.19400000e-08 -5.77662498e-02 
 4.19600000e-08 -5.80198908e-02 
 4.19800000e-08 -5.82643791e-02 
 4.20000000e-08 -5.84996767e-02 
 4.20200000e-08 -5.87257469e-02 
 4.20400000e-08 -5.89425546e-02 
 4.20600000e-08 -5.91500661e-02 
 4.20800000e-08 -5.93482492e-02 
 4.21000000e-08 -5.95370729e-02 
 4.21200000e-08 -5.97165079e-02 
 4.21400000e-08 -5.98865264e-02 
 4.21600000e-08 -6.00471020e-02 
 4.21800000e-08 -6.01982096e-02 
 4.22000000e-08 -6.03398258e-02 
 4.22200000e-08 -6.04719286e-02 
 4.22400000e-08 -6.05944975e-02 
 4.22600000e-08 -6.07075135e-02 
 4.22800000e-08 -6.08109590e-02 
 4.23000000e-08 -6.09048180e-02 
 4.23200000e-08 -6.09890758e-02 
 4.23400000e-08 -6.10637195e-02 
 4.23600000e-08 -6.11287374e-02 
 4.23800000e-08 -6.11841195e-02 
 4.24000000e-08 -6.12298572e-02 
 4.24200000e-08 -6.12659433e-02 
 4.24400000e-08 -6.12923723e-02 
 4.24600000e-08 -6.13091401e-02 
 4.24800000e-08 -6.13162442e-02 
 4.25000000e-08 -6.13136834e-02 
 4.25200000e-08 -6.13014582e-02 
 4.25400000e-08 -6.12795704e-02 
 4.25600000e-08 -6.12480235e-02 
 4.25800000e-08 -6.12068224e-02 
 4.26000000e-08 -6.11559735e-02 
 4.26200000e-08 -6.10954847e-02 
 4.26400000e-08 -6.10253655e-02 
 4.26600000e-08 -6.09456267e-02 
 4.26800000e-08 -6.08562808e-02 
 4.27000000e-08 -6.07573417e-02 
 4.27200000e-08 -6.06488246e-02 
 4.27400000e-08 -6.05307466e-02 
 4.27600000e-08 -6.04031260e-02 
 4.27800000e-08 -6.02659826e-02 
 4.28000000e-08 -6.01193378e-02 
 4.28200000e-08 -5.99632143e-02 
 4.28400000e-08 -5.97976365e-02 
 4.28600000e-08 -5.96226301e-02 
 4.28800000e-08 -5.94382223e-02 
 4.29000000e-08 -5.92444418e-02 
 4.29200000e-08 -5.90413188e-02 
 4.29400000e-08 -5.88288849e-02 
 4.29600000e-08 -5.86071731e-02 
 4.29800000e-08 -5.83762179e-02 
 4.30000000e-08 -5.81360554e-02 
 4.30200000e-08 -5.78867228e-02 
 4.30400000e-08 -5.76282591e-02 
 4.30600000e-08 -5.73607044e-02 
 4.30800000e-08 -5.70841005e-02 
 4.31000000e-08 -5.67984904e-02 
 4.31200000e-08 -5.65039186e-02 
 4.31400000e-08 -5.62004311e-02 
 4.31600000e-08 -5.58880751e-02 
 4.31800000e-08 -5.55668994e-02 
 4.32000000e-08 -5.52369540e-02 
 4.32200000e-08 -5.48982903e-02 
 4.32400000e-08 -5.45509613e-02 
 4.32600000e-08 -5.41950211e-02 
 4.32800000e-08 -5.38305252e-02 
 4.33000000e-08 -5.34575306e-02 
 4.33200000e-08 -5.30760954e-02 
 4.33400000e-08 -5.26862793e-02 
 4.33600000e-08 -5.22881432e-02 
 4.33800000e-08 -5.18817491e-02 
 4.34000000e-08 -5.14671608e-02 
 4.34200000e-08 -5.10444428e-02 
 4.34400000e-08 -5.06136615e-02 
 4.34600000e-08 -5.01748840e-02 
 4.34800000e-08 -4.97281791e-02 
 4.35000000e-08 -4.92736167e-02 
 4.35200000e-08 -4.88112678e-02 
 4.35400000e-08 -4.83412049e-02 
 4.35600000e-08 -4.78635016e-02 
 4.35800000e-08 -4.73782327e-02 
 4.36000000e-08 -4.68854742e-02 
 4.36200000e-08 -4.63853034e-02 
 4.36400000e-08 -4.58777987e-02 
 4.36600000e-08 -4.53630396e-02 
 4.36800000e-08 -4.48411069e-02 
 4.37000000e-08 -4.43120824e-02 
 4.37200000e-08 -4.37760492e-02 
 4.37400000e-08 -4.32330915e-02 
 4.37600000e-08 -4.26832944e-02 
 4.37800000e-08 -4.21267443e-02 
 4.38000000e-08 -4.15635287e-02 
 4.38200000e-08 -4.09937361e-02 
 4.38400000e-08 -4.04174560e-02 
 4.38600000e-08 -3.98347790e-02 
 4.38800000e-08 -3.92457968e-02 
 4.39000000e-08 -3.86506021e-02 
 4.39200000e-08 -3.80492884e-02 
 4.39400000e-08 -3.74419505e-02 
 4.39600000e-08 -3.68286839e-02 
 4.39800000e-08 -3.62095853e-02 
 4.40000000e-08 -3.55847521e-02 
 4.40200000e-08 -3.49542828e-02 
 4.40400000e-08 -3.43182768e-02 
 4.40600000e-08 -3.36768344e-02 
 4.40800000e-08 -3.30300567e-02 
 4.41000000e-08 -3.23780456e-02 
 4.41200000e-08 -3.17209042e-02 
 4.41400000e-08 -3.10587360e-02 
 4.41600000e-08 -3.03916456e-02 
 4.41800000e-08 -2.97197384e-02 
 4.42000000e-08 -2.90431204e-02 
 4.42200000e-08 -2.83618985e-02 
 4.42400000e-08 -2.76761803e-02 
 4.42600000e-08 -2.69860743e-02 
 4.42800000e-08 -2.62916894e-02 
 4.43000000e-08 -2.55931355e-02 
 4.43200000e-08 -2.48905230e-02 
 4.43400000e-08 -2.41839632e-02 
 4.43600000e-08 -2.34735676e-02 
 4.43800000e-08 -2.27594488e-02 
 4.44000000e-08 -2.20417198e-02 
 4.44200000e-08 -2.13204942e-02 
 4.44400000e-08 -2.05958862e-02 
 4.44600000e-08 -1.98680104e-02 
 4.44800000e-08 -1.91369823e-02 
 4.45000000e-08 -1.84029176e-02 
 4.45200000e-08 -1.76659325e-02 
 4.45400000e-08 -1.69261440e-02 
 4.45600000e-08 -1.61836692e-02 
 4.45800000e-08 -1.54386258e-02 
 4.46000000e-08 -1.46911319e-02 
 4.46200000e-08 -1.39413061e-02 
 4.46400000e-08 -1.31892673e-02 
 4.46600000e-08 -1.24351346e-02 
 4.46800000e-08 -1.16790278e-02 
 4.47000000e-08 -1.09210668e-02 
 4.47200000e-08 -1.01613717e-02 
 4.47400000e-08 -9.40006326e-03 
 4.47600000e-08 -8.63726215e-03 
 4.47800000e-08 -7.87308945e-03 
 4.48000000e-08 -7.10766643e-03 
 4.48200000e-08 -6.34111459e-03 
 4.48400000e-08 -5.57355558e-03 
 4.48600000e-08 -4.80511126e-03 
 4.48800000e-08 -4.03590361e-03 
 4.49000000e-08 -3.26605475e-03 
 4.49200000e-08 -2.49568688e-03 
 4.49400000e-08 -1.72492233e-03 
 4.49600000e-08 -9.53883464e-04 
 4.49800000e-08 -1.82692700e-04 
 4.50000000e-08  5.88527515e-04 
 4.50200000e-08  1.35965473e-03 
 4.50400000e-08  2.13056651e-03 
 4.50600000e-08  2.90114045e-03 
 4.50800000e-08  3.67125421e-03 
 4.51000000e-08  4.44078552e-03 
 4.51200000e-08  5.20961221e-03 
 4.51400000e-08  5.97761220e-03 
 4.51600000e-08  6.74466359e-03 
 4.51800000e-08  7.51064461e-03 
 4.52000000e-08  8.27543367e-03 
 4.52200000e-08  9.03890938e-03 
 4.52400000e-08  9.80095056e-03 
 4.52600000e-08  1.05614363e-02 
 4.52800000e-08  1.13202458e-02 
 4.53000000e-08  1.20772588e-02 
 4.53200000e-08  1.28323552e-02 
 4.53400000e-08  1.35854151e-02 
 4.53600000e-08  1.43363191e-02 
 4.53800000e-08  1.50849480e-02 
 4.54000000e-08  1.58311833e-02 
 4.54200000e-08  1.65749064e-02 
 4.54400000e-08  1.73159996e-02 
 4.54600000e-08  1.80543453e-02 
 4.54800000e-08  1.87898264e-02 
 4.55000000e-08  1.95223265e-02 
 4.55200000e-08  2.02517295e-02 
 4.55400000e-08  2.09779198e-02 
 4.55600000e-08  2.17007823e-02 
 4.55800000e-08  2.24202027e-02 
 4.56000000e-08  2.31360668e-02 
 4.56200000e-08  2.38482616e-02 
 4.56400000e-08  2.45566741e-02 
 4.56600000e-08  2.52611922e-02 
 4.56800000e-08  2.59617046e-02 
 4.57000000e-08  2.66581004e-02 
 4.57200000e-08  2.73502694e-02 
 4.57400000e-08  2.80381022e-02 
 4.57600000e-08  2.87214901e-02 
 4.57800000e-08  2.94003249e-02 
 4.58000000e-08  3.00744996e-02 
 4.58200000e-08  3.07439074e-02 
 4.58400000e-08  3.14084428e-02 
 4.58600000e-08  3.20680007e-02 
 4.58800000e-08  3.27224771e-02 
 4.59000000e-08  3.33717686e-02 
 4.59200000e-08  3.40157728e-02 
 4.59400000e-08  3.46543880e-02 
 4.59600000e-08  3.52875137e-02 
 4.59800000e-08  3.59150498e-02 
 4.60000000e-08  3.65368976e-02 
 4.60200000e-08  3.71529589e-02 
 4.60400000e-08  3.77631368e-02 
 4.60600000e-08  3.83673351e-02 
 4.60800000e-08  3.89654587e-02 
 4.61000000e-08  3.95574135e-02 
 4.61200000e-08  4.01431062e-02 
 4.61400000e-08  4.07224447e-02 
 4.61600000e-08  4.12953378e-02 
 4.61800000e-08  4.18616956e-02 
 4.62000000e-08  4.24214289e-02 
 4.62200000e-08  4.29744498e-02 
 4.62400000e-08  4.35206713e-02 
 4.62600000e-08  4.40600078e-02 
 4.62800000e-08  4.45923744e-02 
 4.63000000e-08  4.51176876e-02 
 4.63200000e-08  4.56358650e-02 
 4.63400000e-08  4.61468253e-02 
 4.63600000e-08  4.66504883e-02 
 4.63800000e-08  4.71467750e-02 
 4.64000000e-08  4.76356076e-02 
 4.64200000e-08  4.81169096e-02 
 4.64400000e-08  4.85906054e-02 
 4.64600000e-08  4.90566210e-02 
 4.64800000e-08  4.95148833e-02 
 4.65000000e-08  4.99653205e-02 
 4.65200000e-08  5.04078623e-02 
 4.65400000e-08  5.08424393e-02 
 4.65600000e-08  5.12689835e-02 
 4.65800000e-08  5.16874283e-02 
 4.66000000e-08  5.20977082e-02 
 4.66200000e-08  5.24997592e-02 
 4.66400000e-08  5.28935183e-02 
 4.66600000e-08  5.32789241e-02 
 4.66800000e-08  5.36559163e-02 
 4.67000000e-08  5.40244362e-02 
 4.67200000e-08  5.43844261e-02 
 4.67400000e-08  5.47358300e-02 
 4.67600000e-08  5.50785929e-02 
 4.67800000e-08  5.54126614e-02 
 4.68000000e-08  5.57379834e-02 
 4.68200000e-08  5.60545082e-02 
 4.68400000e-08  5.63621864e-02 
 4.68600000e-08  5.66609701e-02 
 4.68800000e-08  5.69508128e-02 
 4.69000000e-08  5.72316692e-02 
 4.69200000e-08  5.75034956e-02 
 4.69400000e-08  5.77662498e-02 
 4.69600000e-08  5.80198908e-02 
 4.69800000e-08  5.82643791e-02 
 4.70000000e-08  5.84996767e-02 
 4.70200000e-08  5.87257469e-02 
 4.70400000e-08  5.89425546e-02 
 4.70600000e-08  5.91500661e-02 
 4.70800000e-08  5.93482492e-02 
 4.71000000e-08  5.95370729e-02 
 4.71200000e-08  5.97165079e-02 
 4.71400000e-08  5.98865264e-02 
 4.71600000e-08  6.00471020e-02 
 4.71800000e-08  6.01982096e-02 
 4.72000000e-08  6.03398258e-02 
 4.72200000e-08  6.04719286e-02 
 4.72400000e-08  6.05944975e-02 
 4.72600000e-08  6.07075135e-02 
 4.72800000e-08  6.08109590e-02 
 4.73000000e-08  6.09048180e-02 
 4.73200000e-08  6.09890758e-02 
 4.73400000e-08  6.10637195e-02 
 4.73600000e-08  6.11287374e-02 
 4.73800000e-08  6.11841195e-02 
 4.74000000e-08  6.12298572e-02 
 4.74200000e-08  6.12659433e-02 
 4.74400000e-08  6.12923723e-02 
 4.74600000e-08  6.13091401e-02 
 4.74800000e-08  6.13162442e-02 
 4.75000000e-08  6.13136834e-02 
 4.75200000e-08  6.13014582e-02 
 4.75400000e-08  6.12795704e-02 
 4.75600000e-08  6.12480235e-02 
 4.75800000e-08  6.12068224e-02 
 4.76000000e-08  6.11559735e-02 
 4.76200000e-08  6.10954847e-02 
 4.76400000e-08  6.10253655e-02 
 4.76600000e-08  6.09456267e-02 
 4.76800000e-08  6.08562808e-02 
 4.77000000e-08  6.07573417e-02 
 4.77200000e-08  6.06488246e-02 
 4.77400000e-08  6.05307466e-02 
 4.77600000e-08  6.04031260e-02 
 4.77800000e-08  6.02659826e-02 
 4.78000000e-08  6.01193378e-02 
 4.78200000e-08  5.99632143e-02 
 4.78400000e-08  5.97976365e-02 
 4.78600000e-08  5.96226301e-02 
 4.78800000e-08  5.94382223e-02 
 4.79000000e-08  5.92444418e-02 
 4.79200000e-08  5.90413188e-02 
 4.79400000e-08  5.88288849e-02 
 4.79600000e-08  5.86071731e-02 
 4.79800000e-08  5.83762179e-02 
 4.80000000e-08  5.81360554e-02 
 4.80200000e-08  5.78867228e-02 
 4.80400000e-08  5.76282591e-02 
 4.80600000e-08  5.73607044e-02 
 4.80800000e-08  5.70841005e-02 
 4.81000000e-08  5.67984904e-02 
 4.81200000e-08  5.65039186e-02 
 4.81400000e-08  5.62004311e-02 
 4.81600000e-08  5.58880751e-02 
 4.81800000e-08  5.55668994e-02 
 4.82000000e-08  5.52369540e-02 
 4.82200000e-08  5.48982903e-02 
 4.82400000e-08  5.45509613e-02 
 4.82600000e-08  5.41950211e-02 
 4.82800000e-08  5.38305252e-02 
 4.83000000e-08  5.34575306e-02 
 4.83200000e-08  5.30760954e-02 
 4.83400000e-08  5.26862793e-02 
 4.83600000e-08  5.22881432e-02 
 4.83800000e-08  5.18817491e-02 
 4.84000000e-08  5.14671608e-02 
 4.84200000e-08  5.10444428e-02 
 4.84400000e-08  5.06136615e-02 
 4.84600000e-08  5.01748840e-02 
 4.84800000e-08  4.97281791e-02 
 4.85000000e-08  4.92736167e-02 
 4.85200000e-08  4.88112678e-02 
 4.85400000e-08  4.83412049e-02 
 4.85600000e-08  4.78635016e-02 
 4.85800000e-08  4.73782327e-02 
 4.86000000e-08  4.68854742e-02 
 4.86200000e-08  4.63853034e-02 
 4.86400000e-08  4.58777987e-02 
 4.86600000e-08  4.53630396e-02 
 4.86800000e-08  4.48411069e-02 
 4.87000000e-08  4.43120824e-02 
 4.87200000e-08  4.37760492e-02 
 4.87400000e-08  4.32330915e-02 
 4.87600000e-08  4.26832944e-02 
 4.87800000e-08  4.21267443e-02 
 4.88000000e-08  4.15635287e-02 
 4.88200000e-08  4.09937361e-02 
 4.88400000e-08  4.04174560e-02 
 4.88600000e-08  3.98347790e-02 
 4.88800000e-08  3.92457968e-02 
 4.89000000e-08  3.86506021e-02 
 4.89200000e-08  3.80492884e-02 
 4.89400000e-08  3.74419505e-02 
 4.89600000e-08  3.68286839e-02 
 4.89800000e-08  3.62095853e-02 
 4.90000000e-08  3.55847521e-02 
 4.90200000e-08  3.49542828e-02 
 4.90400000e-08  3.43182768e-02 
 4.90600000e-08  3.36768344e-02 
 4.90800000e-08  3.30300567e-02 
 4.91000000e-08  3.23780456e-02 
 4.91200000e-08  3.17209042e-02 
 4.91400000e-08  3.10587360e-02 
 4.91600000e-08  3.03916456e-02 
 4.91800000e-08  2.97197384e-02 
 4.92000000e-08  2.90431204e-02 
 4.92200000e-08  2.83618985e-02 
 4.92400000e-08  2.76761803e-02 
 4.92600000e-08  2.69860743e-02 
 4.92800000e-08  2.62916894e-02 
 4.93000000e-08  2.55931355e-02 
 4.93200000e-08  2.48905230e-02 
 4.93400000e-08  2.41839632e-02 
 4.93600000e-08  2.34735676e-02 
 4.93800000e-08  2.27594488e-02 
 4.94000000e-08  2.20417198e-02 
 4.94200000e-08  2.13204942e-02 
 4.94400000e-08  2.05958862e-02 
 4.94600000e-08  1.98680104e-02 
 4.94800000e-08  1.91369823e-02 
 4.95000000e-08  1.84029176e-02 
 4.95200000e-08  1.76659325e-02 
 4.95400000e-08  1.69261440e-02 
 4.95600000e-08  1.61836692e-02 
 4.95800000e-08  1.54386258e-02 
 4.96000000e-08  1.46911319e-02 
 4.96200000e-08  1.39413061e-02 
 4.96400000e-08  1.31892673e-02 
 4.96600000e-08  1.24351346e-02 
 4.96800000e-08  1.16790278e-02 
 4.97000000e-08  1.09210668e-02 
 4.97200000e-08  1.01613717e-02 
 4.97400000e-08  9.40006326e-03 
 4.97600000e-08  8.63726215e-03 
 4.97800000e-08  7.87308945e-03 
 4.98000000e-08  7.10766643e-03 
 4.98200000e-08  6.34111458e-03 
 4.98400000e-08  5.57355558e-03 
 4.98600000e-08  4.80511126e-03 
 4.98800000e-08  4.03590361e-03 
 4.99000000e-08  3.26605475e-03 
 4.99200000e-08  2.49568688e-03 
 4.99400000e-08  1.72492233e-03 
 4.99600000e-08  9.53883464e-04 
 4.99800000e-08  1.82692700e-04 
 5.00000000e-08 -5.88527515e-04 
 5.00200000e-08 -1.35965473e-03 
 5.00400000e-08 -2.13056651e-03 
 5.00600000e-08 -2.90114045e-03 
 5.00800000e-08 -3.67125421e-03 
 5.01000000e-08 -4.44078552e-03 
 5.01200000e-08 -5.20961220e-03 
 5.01400000e-08 -5.97761220e-03 
 5.01600000e-08 -6.74466359e-03 
 5.01800000e-08 -7.51064461e-03 
 5.02000000e-08 -8.27543367e-03 
 5.02200000e-08 -9.03890938e-03 
 5.02400000e-08 -9.80095056e-03 
 5.02600000e-08 -1.05614363e-02 
 5.02800000e-08 -1.13202458e-02 
 5.03000000e-08 -1.20772588e-02 
 5.03200000e-08 -1.28323552e-02 
 5.03400000e-08 -1.35854151e-02 
 5.03600000e-08 -1.43363191e-02 
 5.03800000e-08 -1.50849480e-02 
 5.04000000e-08 -1.58311833e-02 
 5.04200000e-08 -1.65749064e-02 
 5.04400000e-08 -1.73159996e-02 
 5.04600000e-08 -1.80543453e-02 
 5.04800000e-08 -1.87898264e-02 
 5.05000000e-08 -1.95223265e-02 
 5.05200000e-08 -2.02517295e-02 
 5.05400000e-08 -2.09779198e-02 
 5.05600000e-08 -2.17007823e-02 
 5.05800000e-08 -2.24202027e-02 
 5.06000000e-08 -2.31360668e-02 
 5.06200000e-08 -2.38482616e-02 
 5.06400000e-08 -2.45566741e-02 
 5.06600000e-08 -2.52611922e-02 
 5.06800000e-08 -2.59617046e-02 
 5.07000000e-08 -2.66581004e-02 
 5.07200000e-08 -2.73502694e-02 
 5.07400000e-08 -2.80381022e-02 
 5.07600000e-08 -2.87214901e-02 
 5.07800000e-08 -2.94003249e-02 
 5.08000000e-08 -3.00744996e-02 
 5.08200000e-08 -3.07439074e-02 
 5.08400000e-08 -3.14084428e-02 
 5.08600000e-08 -3.20680007e-02 
 5.08800000e-08 -3.27224771e-02 
 5.09000000e-08 -3.33717686e-02 
 5.09200000e-08 -3.40157728e-02 
 5.09400000e-08 -3.46543880e-02 
 5.09600000e-08 -3.52875137e-02 
 5.09800000e-08 -3.59150498e-02 
 5.10000000e-08 -3.65368976e-02 
 5.10200000e-08 -3.71529589e-02 
 5.10400000e-08 -3.77631368e-02 
 5.10600000e-08 -3.83673351e-02 
 5.10800000e-08 -3.89654587e-02 
 5.11000000e-08 -3.95574135e-02 
 5.11200000e-08 -4.01431062e-02 
 5.11400000e-08 -4.07224447e-02 
 5.11600000e-08 -4.12953378e-02 
 5.11800000e-08 -4.18616956e-02 
 5.12000000e-08 -4.24214289e-02 
 5.12200000e-08 -4.29744498e-02 
 5.12400000e-08 -4.35206713e-02 
 5.12600000e-08 -4.40600078e-02 
 5.12800000e-08 -4.45923744e-02 
 5.13000000e-08 -4.51176876e-02 
 5.13200000e-08 -4.56358650e-02 
 5.13400000e-08 -4.61468253e-02 
 5.13600000e-08 -4.66504883e-02 
 5.13800000e-08 -4.71467750e-02 
 5.14000000e-08 -4.76356076e-02 
 5.14200000e-08 -4.81169096e-02 
 5.14400000e-08 -4.85906054e-02 
 5.14600000e-08 -4.90566210e-02 
 5.14800000e-08 -4.95148833e-02 
 5.15000000e-08 -4.99653205e-02 
 5.15200000e-08 -5.04078623e-02 
 5.15400000e-08 -5.08424393e-02 
 5.15600000e-08 -5.12689835e-02 
 5.15800000e-08 -5.16874283e-02 
 5.16000000e-08 -5.20977082e-02 
 5.16200000e-08 -5.24997592e-02 
 5.16400000e-08 -5.28935183e-02 
 5.16600000e-08 -5.32789241e-02 
 5.16800000e-08 -5.36559163e-02 
 5.17000000e-08 -5.40244362e-02 
 5.17200000e-08 -5.43844261e-02 
 5.17400000e-08 -5.47358300e-02 
 5.17600000e-08 -5.50785929e-02 
 5.17800000e-08 -5.54126614e-02 
 5.18000000e-08 -5.57379834e-02 
 5.18200000e-08 -5.60545082e-02 
 5.18400000e-08 -5.63621864e-02 
 5.18600000e-08 -5.66609701e-02 
 5.18800000e-08 -5.69508128e-02 
 5.19000000e-08 -5.72316692e-02 
 5.19200000e-08 -5.75034956e-02 
 5.19400000e-08 -5.77662498e-02 
 5.19600000e-08 -5.80198908e-02 
 5.19800000e-08 -5.82643791e-02 
 5.20000000e-08 -5.84996767e-02 
 5.20200000e-08 -5.87257469e-02 
 5.20400000e-08 -5.89425546e-02 
 5.20600000e-08 -5.91500661e-02 
 5.20800000e-08 -5.93482492e-02 
 5.21000000e-08 -5.95370729e-02 
 5.21200000e-08 -5.97165079e-02 
 5.21400000e-08 -5.98865264e-02 
 5.21600000e-08 -6.00471020e-02 
 5.21800000e-08 -6.01982096e-02 
 5.22000000e-08 -6.03398258e-02 
 5.22200000e-08 -6.04719286e-02 
 5.22400000e-08 -6.05944975e-02 
 5.22600000e-08 -6.07075135e-02 
 5.22800000e-08 -6.08109590e-02 
 5.23000000e-08 -6.09048180e-02 
 5.23200000e-08 -6.09890758e-02 
 5.23400000e-08 -6.10637195e-02 
 5.23600000e-08 -6.11287374e-02 
 5.23800000e-08 -6.11841195e-02 
 5.24000000e-08 -6.12298572e-02 
 5.24200000e-08 -6.12659433e-02 
 5.24400000e-08 -6.12923723e-02 
 5.24600000e-08 -6.13091401e-02 
 5.24800000e-08 -6.13162442e-02 
 5.25000000e-08 -6.13136834e-02 
 5.25200000e-08 -6.13014582e-02 
 5.25400000e-08 -6.12795704e-02 
 5.25600000e-08 -6.12480235e-02 
 5.25800000e-08 -6.12068224e-02 
 5.26000000e-08 -6.11559735e-02 
 5.26200000e-08 -6.10954847e-02 
 5.26400000e-08 -6.10253655e-02 
 5.26600000e-08 -6.09456267e-02 
 5.26800000e-08 -6.08562808e-02 
 5.27000000e-08 -6.07573417e-02 
 5.27200000e-08 -6.06488246e-02 
 5.27400000e-08 -6.05307466e-02 
 5.27600000e-08 -6.04031260e-02 
 5.27800000e-08 -6.02659826e-02 
 5.28000000e-08 -6.01193378e-02 
 5.28200000e-08 -5.99632143e-02 
 5.28400000e-08 -5.97976365e-02 
 5.28600000e-08 -5.96226301e-02 
 5.28800000e-08 -5.94382223e-02 
 5.29000000e-08 -5.92444418e-02 
 5.29200000e-08 -5.90413188e-02 
 5.29400000e-08 -5.88288849e-02 
 5.29600000e-08 -5.86071731e-02 
 5.29800000e-08 -5.83762179e-02 
 5.30000000e-08 -5.81360554e-02 
 5.30200000e-08 -5.78867228e-02 
 5.30400000e-08 -5.76282591e-02 
 5.30600000e-08 -5.73607044e-02 
 5.30800000e-08 -5.70841005e-02 
 5.31000000e-08 -5.67984904e-02 
 5.31200000e-08 -5.65039186e-02 
 5.31400000e-08 -5.62004311e-02 
 5.31600000e-08 -5.58880751e-02 
 5.31800000e-08 -5.55668994e-02 
 5.32000000e-08 -5.52369540e-02 
 5.32200000e-08 -5.48982903e-02 
 5.32400000e-08 -5.45509613e-02 
 5.32600000e-08 -5.41950211e-02 
 5.32800000e-08 -5.38305252e-02 
 5.33000000e-08 -5.34575306e-02 
 5.33200000e-08 -5.30760954e-02 
 5.33400000e-08 -5.26862793e-02 
 5.33600000e-08 -5.22881432e-02 
 5.33800000e-08 -5.18817491e-02 
 5.34000000e-08 -5.14671608e-02 
 5.34200000e-08 -5.10444428e-02 
 5.34400000e-08 -5.06136615e-02 
 5.34600000e-08 -5.01748840e-02 
 5.34800000e-08 -4.97281791e-02 
 5.35000000e-08 -4.92736167e-02 
 5.35200000e-08 -4.88112678e-02 
 5.35400000e-08 -4.83412049e-02 
 5.35600000e-08 -4.78635016e-02 
 5.35800000e-08 -4.73782327e-02 
 5.36000000e-08 -4.68854742e-02 
 5.36200000e-08 -4.63853034e-02 
 5.36400000e-08 -4.58777987e-02 
 5.36600000e-08 -4.53630396e-02 
 5.36800000e-08 -4.48411069e-02 
 5.37000000e-08 -4.43120824e-02 
 5.37200000e-08 -4.37760492e-02 
 5.37400000e-08 -4.32330915e-02 
 5.37600000e-08 -4.26832944e-02 
 5.37800000e-08 -4.21267443e-02 
 5.38000000e-08 -4.15635287e-02 
 5.38200000e-08 -4.09937361e-02 
 5.38400000e-08 -4.04174560e-02 
 5.38600000e-08 -3.98347790e-02 
 5.38800000e-08 -3.92457968e-02 
 5.39000000e-08 -3.86506021e-02 
 5.39200000e-08 -3.80492884e-02 
 5.39400000e-08 -3.74419505e-02 
 5.39600000e-08 -3.68286839e-02 
 5.39800000e-08 -3.62095853e-02 
 5.40000000e-08 -3.55847521e-02 
 5.40200000e-08 -3.49542828e-02 
 5.40400000e-08 -3.43182768e-02 
 5.40600000e-08 -3.36768344e-02 
 5.40800000e-08 -3.30300567e-02 
 5.41000000e-08 -3.23780456e-02 
 5.41200000e-08 -3.17209042e-02 
 5.41400000e-08 -3.10587360e-02 
 5.41600000e-08 -3.03916456e-02 
 5.41800000e-08 -2.97197384e-02 
 5.42000000e-08 -2.90431204e-02 
 5.42200000e-08 -2.83618985e-02 
 5.42400000e-08 -2.76761803e-02 
 5.42600000e-08 -2.69860743e-02 
 5.42800000e-08 -2.62916894e-02 
 5.43000000e-08 -2.55931355e-02 
 5.43200000e-08 -2.48905230e-02 
 5.43400000e-08 -2.41839632e-02 
 5.43600000e-08 -2.34735676e-02 
 5.43800000e-08 -2.27594488e-02 
 5.44000000e-08 -2.20417198e-02 
 5.44200000e-08 -2.13204942e-02 
 5.44400000e-08 -2.05958862e-02 
 5.44600000e-08 -1.98680104e-02 
 5.44800000e-08 -1.91369823e-02 
 5.45000000e-08 -1.84029176e-02 
 5.45200000e-08 -1.76659325e-02 
 5.45400000e-08 -1.69261440e-02 
 5.45600000e-08 -1.61836692e-02 
 5.45800000e-08 -1.54386258e-02 
 5.46000000e-08 -1.46911319e-02 
 5.46200000e-08 -1.39413061e-02 
 5.46400000e-08 -1.31892673e-02 
 5.46600000e-08 -1.24351346e-02 
 5.46800000e-08 -1.16790278e-02 
 5.47000000e-08 -1.09210668e-02 
 5.47200000e-08 -1.01613717e-02 
 5.47400000e-08 -9.40006326e-03 
 5.47600000e-08 -8.63726215e-03 
 5.47800000e-08 -7.87308945e-03 
 5.48000000e-08 -7.10766643e-03 
 5.48200000e-08 -6.34111459e-03 
 5.48400000e-08 -5.57355558e-03 
 5.48600000e-08 -4.80511126e-03 
 5.48800000e-08 -4.03590361e-03 
 5.49000000e-08 -3.26605475e-03 
 5.49200000e-08 -2.49568688e-03 
 5.49400000e-08 -1.72492233e-03 
 5.49600000e-08 -9.53883465e-04 
 5.49800000e-08 -1.82692699e-04 
 5.50000000e-08  5.88527515e-04 
 5.50200000e-08  1.35965473e-03 
 5.50400000e-08  2.13056651e-03 
 5.50600000e-08  2.90114045e-03 
 5.50800000e-08  3.67125421e-03 
 5.51000000e-08  4.44078552e-03 
 5.51200000e-08  5.20961220e-03 
 5.51400000e-08  5.97761220e-03 
 5.51600000e-08  6.74466359e-03 
 5.51800000e-08  7.51064461e-03 
 5.52000000e-08  8.27543367e-03 
 5.52200000e-08  9.03890938e-03 
 5.52400000e-08  9.80095056e-03 
 5.52600000e-08  1.05614363e-02 
 5.52800000e-08  1.13202458e-02 
 5.53000000e-08  1.20772588e-02 
 5.53200000e-08  1.28323552e-02 
 5.53400000e-08  1.35854151e-02 
 5.53600000e-08  1.43363191e-02 
 5.53800000e-08  1.50849480e-02 
 5.54000000e-08  1.58311833e-02 
 5.54200000e-08  1.65749064e-02 
 5.54400000e-08  1.73159996e-02 
 5.54600000e-08  1.80543452e-02 
 5.54800000e-08  1.87898264e-02 
 5.55000000e-08  1.95223265e-02 
 5.55200000e-08  2.02517295e-02 
 5.55400000e-08  2.09779198e-02 
 5.55600000e-08  2.17007823e-02 
 5.55800000e-08  2.24202027e-02 
 5.56000000e-08  2.31360668e-02 
 5.56200000e-08  2.38482616e-02 
 5.56400000e-08  2.45566741e-02 
 5.56600000e-08  2.52611922e-02 
 5.56800000e-08  2.59617046e-02 
 5.57000000e-08  2.66581004e-02 
 5.57200000e-08  2.73502694e-02 
 5.57400000e-08  2.80381022e-02 
 5.57600000e-08  2.87214901e-02 
 5.57800000e-08  2.94003249e-02 
 5.58000000e-08  3.00744996e-02 
 5.58200000e-08  3.07439074e-02 
 5.58400000e-08  3.14084428e-02 
 5.58600000e-08  3.20680007e-02 
 5.58800000e-08  3.27224771e-02 
 5.59000000e-08  3.33717686e-02 
 5.59200000e-08  3.40157728e-02 
 5.59400000e-08  3.46543880e-02 
 5.59600000e-08  3.52875137e-02 
 5.59800000e-08  3.59150498e-02 
 5.60000000e-08  3.65368976e-02 
 5.60200000e-08  3.71529589e-02 
 5.60400000e-08  3.77631368e-02 
 5.60600000e-08  3.83673351e-02 
 5.60800000e-08  3.89654587e-02 
 5.61000000e-08  3.95574135e-02 
 5.61200000e-08  4.01431062e-02 
 5.61400000e-08  4.07224447e-02 
 5.61600000e-08  4.12953378e-02 
 5.61800000e-08  4.18616956e-02 
 5.62000000e-08  4.24214289e-02 
 5.62200000e-08  4.29744498e-02 
 5.62400000e-08  4.35206713e-02 
 5.62600000e-08  4.40600078e-02 
 5.62800000e-08  4.45923744e-02 
 5.63000000e-08  4.51176876e-02 
 5.63200000e-08  4.56358650e-02 
 5.63400000e-08  4.61468253e-02 
 5.63600000e-08  4.66504883e-02 
 5.63800000e-08  4.71467750e-02 
 5.64000000e-08  4.76356076e-02 
 5.64200000e-08  4.81169096e-02 
 5.64400000e-08  4.85906054e-02 
 5.64600000e-08  4.90566210e-02 
 5.64800000e-08  4.95148833e-02 
 5.65000000e-08  4.99653205e-02 
 5.65200000e-08  5.04078623e-02 
 5.65400000e-08  5.08424393e-02 
 5.65600000e-08  5.12689835e-02 
 5.65800000e-08  5.16874283e-02 
 5.66000000e-08  5.20977082e-02 
 5.66200000e-08  5.24997592e-02 
 5.66400000e-08  5.28935183e-02 
 5.66600000e-08  5.32789241e-02 
 5.66800000e-08  5.36559163e-02 
 5.67000000e-08  5.40244362e-02 
 5.67200000e-08  5.43844261e-02 
 5.67400000e-08  5.47358300e-02 
 5.67600000e-08  5.50785929e-02 
 5.67800000e-08  5.54126614e-02 
 5.68000000e-08  5.57379834e-02 
 5.68200000e-08  5.60545082e-02 
 5.68400000e-08  5.63621864e-02 
 5.68600000e-08  5.66609701e-02 
 5.68800000e-08  5.69508128e-02 
 5.69000000e-08  5.72316692e-02 
 5.69200000e-08  5.75034956e-02 
 5.69400000e-08  5.77662498e-02 
 5.69600000e-08  5.80198908e-02 
 5.69800000e-08  5.82643791e-02 
 5.70000000e-08  5.84996767e-02 
 5.70200000e-08  5.87257469e-02 
 5.70400000e-08  5.89425546e-02 
 5.70600000e-08  5.91500661e-02 
 5.70800000e-08  5.93482492e-02 
 5.71000000e-08  5.95370729e-02 
 5.71200000e-08  5.97165079e-02 
 5.71400000e-08  5.98865264e-02 
 5.71600000e-08  6.00471020e-02 
 5.71800000e-08  6.01982096e-02 
 5.72000000e-08  6.03398258e-02 
 5.72200000e-08  6.04719286e-02 
 5.72400000e-08  6.05944975e-02 
 5.72600000e-08  6.07075135e-02 
 5.72800000e-08  6.08109590e-02 
 5.73000000e-08  6.09048180e-02 
 5.73200000e-08  6.09890758e-02 
 5.73400000e-08  6.10637195e-02 
 5.73600000e-08  6.11287374e-02 
 5.73800000e-08  6.11841195e-02 
 5.74000000e-08  6.12298572e-02 
 5.74200000e-08  6.12659433e-02 
 5.74400000e-08  6.12923723e-02 
 5.74600000e-08  6.13091401e-02 
 5.74800000e-08  6.13162442e-02 
 5.75000000e-08  6.13136834e-02 
 5.75200000e-08  6.13014582e-02 
 5.75400000e-08  6.12795704e-02 
 5.75600000e-08  6.12480235e-02 
 5.75800000e-08  6.12068224e-02 
 5.76000000e-08  6.11559735e-02 
 5.76200000e-08  6.10954847e-02 
 5.76400000e-08  6.10253655e-02 
 5.76600000e-08  6.09456267e-02 
 5.76800000e-08  6.08562808e-02 
 5.77000000e-08  6.07573417e-02 
 5.77200000e-08  6.06488246e-02 
 5.77400000e-08  6.05307466e-02 
 5.77600000e-08  6.04031260e-02 
 5.77800000e-08  6.02659826e-02 
 5.78000000e-08  6.01193378e-02 
 5.78200000e-08  5.99632143e-02 
 5.78400000e-08  5.97976365e-02 
 5.78600000e-08  5.96226301e-02 
 5.78800000e-08  5.94382223e-02 
 5.79000000e-08  5.92444418e-02 
 5.79200000e-08  5.90413188e-02 
 5.79400000e-08  5.88288849e-02 
 5.79600000e-08  5.86071731e-02 
 5.79800000e-08  5.83762179e-02 
 5.80000000e-08  5.81360554e-02 
 5.80200000e-08  5.78867228e-02 
 5.80400000e-08  5.76282591e-02 
 5.80600000e-08  5.73607044e-02 
 5.80800000e-08  5.70841005e-02 
 5.81000000e-08  5.67984904e-02 
 5.81200000e-08  5.65039186e-02 
 5.81400000e-08  5.62004311e-02 
 5.81600000e-08  5.58880751e-02 
 5.81800000e-08  5.55668994e-02 
 5.82000000e-08  5.52369540e-02 
 5.82200000e-08  5.48982903e-02 
 5.82400000e-08  5.45509613e-02 
 5.82600000e-08  5.41950211e-02 
 5.82800000e-08  5.38305252e-02 
 5.83000000e-08  5.34575306e-02 
 5.83200000e-08  5.30760954e-02 
 5.83400000e-08  5.26862793e-02 
 5.83600000e-08  5.22881432e-02 
 5.83800000e-08  5.18817491e-02 
 5.84000000e-08  5.14671608e-02 
 5.84200000e-08  5.10444428e-02 
 5.84400000e-08  5.06136615e-02 
 5.84600000e-08  5.01748840e-02 
 5.84800000e-08  4.97281791e-02 
 5.85000000e-08  4.92736167e-02 
 5.85200000e-08  4.88112678e-02 
 5.85400000e-08  4.83412049e-02 
 5.85600000e-08  4.78635016e-02 
 5.85800000e-08  4.73782327e-02 
 5.86000000e-08  4.68854742e-02 
 5.86200000e-08  4.63853034e-02 
 5.86400000e-08  4.58777987e-02 
 5.86600000e-08  4.53630396e-02 
 5.86800000e-08  4.48411069e-02 
 5.87000000e-08  4.43120824e-02 
 5.87200000e-08  4.37760492e-02 
 5.87400000e-08  4.32330915e-02 
 5.87600000e-08  4.26832944e-02 
 5.87800000e-08  4.21267443e-02 
 5.88000000e-08  4.15635287e-02 
 5.88200000e-08  4.09937361e-02 
 5.88400000e-08  4.04174560e-02 
 5.88600000e-08  3.98347790e-02 
 5.88800000e-08  3.92457968e-02 
 5.89000000e-08  3.86506021e-02 
 5.89200000e-08  3.80492884e-02 
 5.89400000e-08  3.74419505e-02 
 5.89600000e-08  3.68286839e-02 
 5.89800000e-08  3.62095853e-02 
 5.90000000e-08  3.55847521e-02 
 5.90200000e-08  3.49542828e-02 
 5.90400000e-08  3.43182768e-02 
 5.90600000e-08  3.36768344e-02 
 5.90800000e-08  3.30300567e-02 
 5.91000000e-08  3.23780456e-02 
 5.91200000e-08  3.17209042e-02 
 5.91400000e-08  3.10587360e-02 
 5.91600000e-08  3.03916456e-02 
 5.91800000e-08  2.97197384e-02 
 5.92000000e-08  2.90431204e-02 
 5.92200000e-08  2.83618985e-02 
 5.92400000e-08  2.76761803e-02 
 5.92600000e-08  2.69860743e-02 
 5.92800000e-08  2.62916894e-02 
 5.93000000e-08  2.55931355e-02 
 5.93200000e-08  2.48905230e-02 
 5.93400000e-08  2.41839632e-02 
 5.93600000e-08  2.34735676e-02 
 5.93800000e-08  2.27594488e-02 
 5.94000000e-08  2.20417198e-02 
 5.94200000e-08  2.13204942e-02 
 5.94400000e-08  2.05958862e-02 
 5.94600000e-08  1.98680104e-02 
 5.94800000e-08  1.91369823e-02 
 5.95000000e-08  1.84029176e-02 
 5.95200000e-08  1.76659325e-02 
 5.95400000e-08  1.69261440e-02 
 5.95600000e-08  1.61836692e-02 
 5.95800000e-08  1.54386258e-02 
 5.96000000e-08  1.46911319e-02 
 5.96200000e-08  1.39413061e-02 
 5.96400000e-08  1.31892673e-02 
 5.96600000e-08  1.24351346e-02 
 5.96800000e-08  1.16790278e-02 
 5.97000000e-08  1.09210668e-02 
 5.97200000e-08  1.01613717e-02 
 5.97400000e-08  9.40006326e-03 
 5.97600000e-08  8.63726215e-03 
 5.97800000e-08  7.87308945e-03 
 5.98000000e-08  7.10766643e-03 
 5.98200000e-08  6.34111459e-03 
 5.98400000e-08  5.57355558e-03 
 5.98600000e-08  4.80511126e-03 
 5.98800000e-08  4.03590361e-03 
 5.99000000e-08  3.26605475e-03 
 5.99200000e-08  2.49568688e-03 
 5.99400000e-08  1.72492233e-03 
 5.99600000e-08  9.53883463e-04 
 5.99800000e-08  1.82692700e-04 
 6.00000000e-08 -5.88538348e-04 
