 0.00000000e+00 -2.22044605e-16 
 2.00000000e-11  6.97835477e-05 
 4.00000000e-11 -1.24753430e-04 
 6.00000000e-11 -5.25238986e-04 
 8.00000000e-11 -1.10362837e-03 
 1.00000000e-10 -1.82450861e-03 
 1.20000000e-10 -2.65904204e-03 
 1.40000000e-10 -3.58380569e-03 
 1.60000000e-10 -4.57978535e-03 
 1.80000000e-10 -5.63159509e-03 
 2.00000000e-10 -6.72678796e-03 
 2.20000000e-10 -7.85533642e-03 
 2.40000000e-10 -9.00915945e-03 
 2.60000000e-10 -1.01817801e-02 
 2.80000000e-10 -1.13680004e-02 
 3.00000000e-10 -1.25636787e-02 
 3.20000000e-10 -1.37655056e-02 
 3.40000000e-10 -1.49708621e-02 
 3.60000000e-10 -1.61776634e-02 
 3.80000000e-10 -1.73842724e-02 
 4.00000000e-10 -1.85893893e-02 
 4.20000000e-10 -1.97920014e-02 
 4.40000000e-10 -2.09913042e-02 
 4.60000000e-10 -2.21866751e-02 
 4.80000000e-10 -2.33776159e-02 
 5.00000000e-10 -2.45637422e-02 
 5.20000000e-10 -2.57447400e-02 
 5.40000000e-10 -2.69203657e-02 
 5.60000000e-10 -2.80904119e-02 
 5.80000000e-10 -2.92547140e-02 
 6.00000000e-10 -3.04131228e-02 
 6.20000000e-10 -3.15655147e-02 
 6.40000000e-10 -3.27117689e-02 
 6.60000000e-10 -3.38517801e-02 
 6.80000000e-10 -3.49854386e-02 
 7.00000000e-10 -3.61126437e-02 
 7.20000000e-10 -3.72332871e-02 
 7.40000000e-10 -3.83472662e-02 
 7.60000000e-10 -3.94544685e-02 
 7.80000000e-10 -4.05547862e-02 
 8.00000000e-10 -4.16481008e-02 
 8.20000000e-10 -4.27342979e-02 
 8.40000000e-10 -4.38132526e-02 
 8.60000000e-10 -4.48848440e-02 
 8.80000000e-10 -4.59489413e-02 
 9.00000000e-10 -4.70054179e-02 
 9.20000000e-10 -4.80541380e-02 
 9.40000000e-10 -4.90949702e-02 
 9.60000000e-10 -5.01277751e-02 
 9.80000000e-10 -5.11524175e-02 
 1.00000000e-09 -5.21687554e-02 
 1.02000000e-09 -5.31766512e-02 
 1.04000000e-09 -5.41759610e-02 
 1.06000000e-09 -5.51665459e-02 
 1.08000000e-09 -5.61482613e-02 
 1.10000000e-09 -5.71209677e-02 
 1.12000000e-09 -5.80845204e-02 
 1.14000000e-09 -5.90387802e-02 
 1.16000000e-09 -5.99836034e-02 
 1.18000000e-09 -6.09188513e-02 
 1.20000000e-09 -6.18443817e-02 
 1.22000000e-09 -6.27600573e-02 
 1.24000000e-09 -6.36657375e-02 
 1.26000000e-09 -6.45612872e-02 
 1.28000000e-09 -6.54465680e-02 
 1.30000000e-09 -6.63214467e-02 
 1.32000000e-09 -6.71857877e-02 
 1.34000000e-09 -6.80394604e-02 
 1.36000000e-09 -6.88823317e-02 
 1.38000000e-09 -6.97142742e-02 
 1.40000000e-09 -7.05351578e-02 
 1.42000000e-09 -7.13448578e-02 
 1.44000000e-09 -7.21432477e-02 
 1.46000000e-09 -7.29302060e-02 
 1.48000000e-09 -7.37056095e-02 
 1.50000000e-09 -7.44693400e-02 
 1.52000000e-09 -7.52212780e-02 
 1.54000000e-09 -7.59613089e-02 
 1.56000000e-09 -7.66893167e-02 
 1.58000000e-09 -7.74051904e-02 
 1.60000000e-09 -7.81088180e-02 
 1.62000000e-09 -7.88000921e-02 
 1.64000000e-09 -7.94789044e-02 
 1.66000000e-09 -8.01451516e-02 
 1.68000000e-09 -8.07987294e-02 
 1.70000000e-09 -8.14395381e-02 
 1.72000000e-09 -8.20674775e-02 
 1.74000000e-09 -8.26824521e-02 
 1.76000000e-09 -8.32843657e-02 
 1.78000000e-09 -8.38731266e-02 
 1.80000000e-09 -8.44486430e-02 
 1.82000000e-09 -8.50108273e-02 
 1.84000000e-09 -8.55595917e-02 
 1.86000000e-09 -8.60948530e-02 
 1.88000000e-09 -8.66165275e-02 
 1.90000000e-09 -8.71245361e-02 
 1.92000000e-09 -8.76187996e-02 
 1.94000000e-09 -8.80992431e-02 
 1.96000000e-09 -8.85657916e-02 
 1.98000000e-09 -8.90183747e-02 
 2.00000000e-09 -8.94569216e-02 
 2.02000000e-09 -8.98813662e-02 
 2.04000000e-09 -9.02916423e-02 
 2.06000000e-09 -9.06876879e-02 
 2.08000000e-09 -9.10694414e-02 
 2.10000000e-09 -9.14368452e-02 
 2.12000000e-09 -9.17898421e-02 
 2.14000000e-09 -9.21283790e-02 
 2.16000000e-09 -9.24524030e-02 
 2.18000000e-09 -9.27618656e-02 
 2.20000000e-09 -9.30567185e-02 
 2.22000000e-09 -9.33369175e-02 
 2.24000000e-09 -9.36024188e-02 
 2.26000000e-09 -9.38531828e-02 
 2.28000000e-09 -9.40891704e-02 
 2.30000000e-09 -9.43103461e-02 
 2.32000000e-09 -9.45166757e-02 
 2.34000000e-09 -9.47081282e-02 
 2.36000000e-09 -9.48846738e-02 
 2.38000000e-09 -9.50462862e-02 
 2.40000000e-09 -9.51929402e-02 
 2.42000000e-09 -9.53246139e-02 
 2.44000000e-09 -9.54412868e-02 
 2.46000000e-09 -9.55429417e-02 
 2.48000000e-09 -9.56295625e-02 
 2.50000000e-09 -9.57011367e-02 
 2.52000000e-09 -9.57576528e-02 
 2.54000000e-09 -9.57991027e-02 
 2.56000000e-09 -9.58254797e-02 
 2.58000000e-09 -9.58367804e-02 
 2.60000000e-09 -9.58330025e-02 
 2.62000000e-09 -9.58141473e-02 
 2.64000000e-09 -9.57802170e-02 
 2.66000000e-09 -9.57312176e-02 
 2.68000000e-09 -9.56671559e-02 
 2.70000000e-09 -9.55880424e-02 
 2.72000000e-09 -9.54938888e-02 
 2.74000000e-09 -9.53847098e-02 
 2.76000000e-09 -9.52605219e-02 
 2.78000000e-09 -9.51213444e-02 
 2.80000000e-09 -9.49671983e-02 
 2.82000000e-09 -9.47981076e-02 
 2.84000000e-09 -9.46140978e-02 
 2.86000000e-09 -9.44151974e-02 
 2.88000000e-09 -9.42014365e-02 
 2.90000000e-09 -9.39728483e-02 
 2.92000000e-09 -9.37294673e-02 
 2.94000000e-09 -9.34713313e-02 
 2.96000000e-09 -9.31984794e-02 
 2.98000000e-09 -9.29109537e-02 
 3.00000000e-09 -9.26087980e-02 
 3.02000000e-09 -9.22920590e-02 
 3.04000000e-09 -9.19607848e-02 
 3.06000000e-09 -9.16150266e-02 
 3.08000000e-09 -9.12548371e-02 
 3.10000000e-09 -9.08802718e-02 
 3.12000000e-09 -9.04913880e-02 
 3.14000000e-09 -9.00882456e-02 
 3.16000000e-09 -8.96709062e-02 
 3.18000000e-09 -8.92394343e-02 
 3.20000000e-09 -8.87938959e-02 
 3.22000000e-09 -8.83343596e-02 
 3.24000000e-09 -8.78608959e-02 
 3.26000000e-09 -8.73735780e-02 
 3.28000000e-09 -8.68724804e-02 
 3.30000000e-09 -8.63576807e-02 
 3.32000000e-09 -8.58292577e-02 
 3.34000000e-09 -8.52872933e-02 
 3.36000000e-09 -8.47318707e-02 
 3.38000000e-09 -8.41630758e-02 
 3.40000000e-09 -8.35809960e-02 
 3.42000000e-09 -8.29857215e-02 
 3.44000000e-09 -8.23773439e-02 
 3.46000000e-09 -8.17559575e-02 
 3.48000000e-09 -8.11216581e-02 
 3.50000000e-09 -8.04745439e-02 
 3.52000000e-09 -7.98147148e-02 
 3.54000000e-09 -7.91422733e-02 
 3.56000000e-09 -7.84573232e-02 
 3.58000000e-09 -7.77599709e-02 
 3.60000000e-09 -7.70503242e-02 
 3.62000000e-09 -7.63284934e-02 
 3.64000000e-09 -7.55945904e-02 
 3.66000000e-09 -7.48487293e-02 
 3.68000000e-09 -7.40910257e-02 
 3.70000000e-09 -7.33215976e-02 
 3.72000000e-09 -7.25405646e-02 
 3.74000000e-09 -7.17480482e-02 
 3.76000000e-09 -7.09441717e-02 
 3.78000000e-09 -7.01290605e-02 
 3.80000000e-09 -6.93028415e-02 
 3.82000000e-09 -6.84656436e-02 
 3.84000000e-09 -6.76175974e-02 
 3.86000000e-09 -6.67588353e-02 
 3.88000000e-09 -6.58894914e-02 
 3.90000000e-09 -6.50097016e-02 
 3.92000000e-09 -6.41196034e-02 
 3.94000000e-09 -6.32193362e-02 
 3.96000000e-09 -6.23090408e-02 
 3.98000000e-09 -6.13888599e-02 
 4.00000000e-09 -6.04589376e-02 
 4.02000000e-09 -5.95194197e-02 
 4.04000000e-09 -5.85704536e-02 
 4.06000000e-09 -5.76121884e-02 
 4.08000000e-09 -5.66447743e-02 
 4.10000000e-09 -5.56683636e-02 
 4.12000000e-09 -5.46831097e-02 
 4.14000000e-09 -5.36891675e-02 
 4.16000000e-09 -5.26866936e-02 
 4.18000000e-09 -5.16758457e-02 
 4.20000000e-09 -5.06567830e-02 
 4.22000000e-09 -4.96296663e-02 
 4.24000000e-09 -4.85946575e-02 
 4.26000000e-09 -4.75519198e-02 
 4.28000000e-09 -4.65016179e-02 
 4.30000000e-09 -4.54439177e-02 
 4.32000000e-09 -4.43789862e-02 
 4.34000000e-09 -4.33069919e-02 
 4.36000000e-09 -4.22281041e-02 
 4.38000000e-09 -4.11424937e-02 
 4.40000000e-09 -4.00503323e-02 
 4.42000000e-09 -3.89517932e-02 
 4.44000000e-09 -3.78470500e-02 
 4.46000000e-09 -3.67362782e-02 
 4.48000000e-09 -3.56196536e-02 
 4.50000000e-09 -3.44973534e-02 
 4.52000000e-09 -3.33695557e-02 
 4.54000000e-09 -3.22364396e-02 
 4.56000000e-09 -3.10981848e-02 
 4.58000000e-09 -2.99549723e-02 
 4.60000000e-09 -2.88069836e-02 
 4.62000000e-09 -2.76544014e-02 
 4.64000000e-09 -2.64974087e-02 
 4.66000000e-09 -2.53361896e-02 
 4.68000000e-09 -2.41709289e-02 
 4.70000000e-09 -2.30018120e-02 
 4.72000000e-09 -2.18290251e-02 
 4.74000000e-09 -2.06527548e-02 
 4.76000000e-09 -1.94731885e-02 
 4.78000000e-09 -1.82905141e-02 
 4.80000000e-09 -1.71049200e-02 
 4.82000000e-09 -1.59165953e-02 
 4.84000000e-09 -1.47257293e-02 
 4.86000000e-09 -1.35325119e-02 
 4.88000000e-09 -1.23371334e-02 
 4.90000000e-09 -1.11397844e-02 
 4.92000000e-09 -9.94065593e-03 
 4.94000000e-09 -8.73993932e-03 
 4.96000000e-09 -7.53782609e-03 
 4.98000000e-09 -6.33450812e-03 
 5.00000000e-09 -5.13017739e-03 
 5.02000000e-09 -3.92502618e-03 
 5.04000000e-09 -2.71924679e-03 
 5.06000000e-09 -1.51303173e-03 
 5.08000000e-09 -3.06573510e-04 
 5.10000000e-09  8.99935237e-04 
 5.12000000e-09  2.10630195e-03 
 5.14000000e-09  3.31233401e-03 
 5.16000000e-09  4.51783894e-03 
 5.18000000e-09  5.72262425e-03 
 5.20000000e-09  6.92649767e-03 
 5.22000000e-09  8.12926701e-03 
 5.24000000e-09  9.33074033e-03 
 5.26000000e-09  1.05307259e-02 
 5.28000000e-09  1.17290321e-02 
 5.30000000e-09  1.29254679e-02 
 5.32000000e-09  1.41198423e-02 
 5.34000000e-09  1.53119649e-02 
 5.36000000e-09  1.65016454e-02 
 5.38000000e-09  1.76886941e-02 
 5.40000000e-09  1.88729219e-02 
 5.42000000e-09  2.00541398e-02 
 5.44000000e-09  2.12321597e-02 
 5.46000000e-09  2.24067938e-02 
 5.48000000e-09  2.35778549e-02 
 5.50000000e-09  2.47451566e-02 
 5.52000000e-09  2.59085130e-02 
 5.54000000e-09  2.70677388e-02 
 5.56000000e-09  2.82226497e-02 
 5.58000000e-09  2.93730617e-02 
 5.60000000e-09  3.05187920e-02 
 5.62000000e-09  3.16596583e-02 
 5.64000000e-09  3.27954794e-02 
 5.66000000e-09  3.39260746e-02 
 5.68000000e-09  3.50512644e-02 
 5.70000000e-09  3.61708702e-02 
 5.72000000e-09  3.72847142e-02 
 5.74000000e-09  3.83926196e-02 
 5.76000000e-09  3.94944108e-02 
 5.78000000e-09  4.05899130e-02 
 5.80000000e-09  4.16789526e-02 
 5.82000000e-09  4.27613570e-02 
 5.84000000e-09  4.38369549e-02 
 5.86000000e-09  4.49055760e-02 
 5.88000000e-09  4.59670512e-02 
 5.90000000e-09  4.70212126e-02 
 5.92000000e-09  4.80678937e-02 
 5.94000000e-09  4.91069289e-02 
 5.96000000e-09  5.01381543e-02 
 5.98000000e-09  5.11614070e-02 
 6.00000000e-09  5.21765256e-02 
 6.02000000e-09  5.31833501e-02 
 6.04000000e-09  5.41817216e-02 
 6.06000000e-09  5.51714830e-02 
 6.08000000e-09  5.61524784e-02 
 6.10000000e-09  5.71245533e-02 
 6.12000000e-09  5.80875550e-02 
 6.14000000e-09  5.90413320e-02 
 6.16000000e-09  5.99857345e-02 
 6.18000000e-09  6.09206140e-02 
 6.20000000e-09  6.18458240e-02 
 6.22000000e-09  6.27612193e-02 
 6.24000000e-09  6.36666563e-02 
 6.26000000e-09  6.45619931e-02 
 6.28000000e-09  6.54470897e-02 
 6.30000000e-09  6.63218073e-02 
 6.32000000e-09  6.71860093e-02 
 6.34000000e-09  6.80395604e-02 
 6.36000000e-09  6.88823273e-02 
 6.38000000e-09  6.97141785e-02 
 6.40000000e-09  7.05349840e-02 
 6.42000000e-09  7.13446158e-02 
 6.44000000e-09  7.21429477e-02 
 6.46000000e-09  7.29298554e-02 
 6.48000000e-09  7.37052162e-02 
 6.50000000e-09  7.44689096e-02 
 6.52000000e-09  7.52208167e-02 
 6.54000000e-09  7.59608206e-02 
 6.56000000e-09  7.66888064e-02 
 6.58000000e-09  7.74046609e-02 
 6.60000000e-09  7.81082733e-02 
 6.62000000e-09  7.87995341e-02 
 6.64000000e-09  7.94783365e-02 
 6.66000000e-09  8.01445750e-02 
 6.68000000e-09  8.07981467e-02 
 6.70000000e-09  8.14389502e-02 
 6.72000000e-09  8.20668866e-02 
 6.74000000e-09  8.26818587e-02 
 6.76000000e-09  8.32837715e-02 
 6.78000000e-09  8.38725321e-02 
 6.80000000e-09  8.44480494e-02 
 6.82000000e-09  8.50102349e-02 
 6.84000000e-09  8.55590017e-02 
 6.86000000e-09  8.60942653e-02 
 6.88000000e-09  8.66159432e-02 
 6.90000000e-09  8.71239551e-02 
 6.92000000e-09  8.76182228e-02 
 6.94000000e-09  8.80986703e-02 
 6.96000000e-09  8.85652237e-02 
 6.98000000e-09  8.90178113e-02 
 7.00000000e-09  8.94563635e-02 
 7.02000000e-09  8.98808131e-02 
 7.04000000e-09  9.02910948e-02 
 7.06000000e-09  9.06871457e-02 
 7.08000000e-09  9.10689052e-02 
 7.10000000e-09  9.14363145e-02 
 7.12000000e-09  9.17893176e-02 
 7.14000000e-09  9.21278602e-02 
 7.16000000e-09  9.24518905e-02 
 7.18000000e-09  9.27613590e-02 
 7.20000000e-09  9.30562183e-02 
 7.22000000e-09  9.33364232e-02 
 7.24000000e-09  9.36019310e-02 
 7.26000000e-09  9.38527011e-02 
 7.28000000e-09  9.40886951e-02 
 7.30000000e-09  9.43098770e-02 
 7.32000000e-09  9.45162130e-02 
 7.34000000e-09  9.47076717e-02 
 7.36000000e-09  9.48842238e-02 
 7.38000000e-09  9.50458423e-02 
 7.40000000e-09  9.51925027e-02 
 7.42000000e-09  9.53241826e-02 
 7.44000000e-09  9.54408620e-02 
 7.46000000e-09  9.55425230e-02 
 7.48000000e-09  9.56291502e-02 
 7.50000000e-09  9.57007304e-02 
 7.52000000e-09  9.57572528e-02 
 7.54000000e-09  9.57987088e-02 
 7.56000000e-09  9.58250921e-02 
 7.58000000e-09  9.58363987e-02 
 7.60000000e-09  9.58326271e-02 
 7.62000000e-09  9.58137777e-02 
 7.64000000e-09  9.57798536e-02 
 7.66000000e-09  9.57308599e-02 
 7.68000000e-09  9.56668043e-02 
 7.70000000e-09  9.55876966e-02 
 7.72000000e-09  9.54935489e-02 
 7.74000000e-09  9.53843756e-02 
 7.76000000e-09  9.52601936e-02 
 7.78000000e-09  9.51210217e-02 
 7.80000000e-09  9.49668813e-02 
 7.82000000e-09  9.47977961e-02 
 7.84000000e-09  9.46137919e-02 
 7.86000000e-09  9.44148969e-02 
 7.88000000e-09  9.42011416e-02 
 7.90000000e-09  9.39725586e-02 
 7.92000000e-09  9.37291831e-02 
 7.94000000e-09  9.34710523e-02 
 7.96000000e-09  9.31982057e-02 
 7.98000000e-09  9.29106851e-02 
 8.00000000e-09  9.26085347e-02 
 8.02000000e-09  9.22918006e-02 
 8.04000000e-09  9.19605315e-02 
 8.06000000e-09  9.16147782e-02 
 8.08000000e-09  9.12545936e-02 
 8.10000000e-09  9.08800331e-02 
 8.12000000e-09  9.04911542e-02 
 8.14000000e-09  9.00880164e-02 
 8.16000000e-09  8.96706818e-02 
 8.18000000e-09  8.92392145e-02 
 8.20000000e-09  8.87936806e-02 
 8.22000000e-09  8.83341488e-02 
 8.24000000e-09  8.78606896e-02 
 8.26000000e-09  8.73733760e-02 
 8.28000000e-09  8.68722828e-02 
 8.30000000e-09  8.63574873e-02 
 8.32000000e-09  8.58290687e-02 
 8.34000000e-09  8.52871083e-02 
 8.36000000e-09  8.47316899e-02 
 8.38000000e-09  8.41628989e-02 
 8.40000000e-09  8.35808232e-02 
 8.42000000e-09  8.29855526e-02 
 8.44000000e-09  8.23771789e-02 
 8.46000000e-09  8.17557962e-02 
 8.48000000e-09  8.11215006e-02 
 8.50000000e-09  8.04743901e-02 
 8.52000000e-09  7.98145647e-02 
 8.54000000e-09  7.91421267e-02 
 8.56000000e-09  7.84571802e-02 
 8.58000000e-09  7.77598313e-02 
 8.60000000e-09  7.70501881e-02 
 8.62000000e-09  7.63283606e-02 
 8.64000000e-09  7.55944610e-02 
 8.66000000e-09  7.48486030e-02 
 8.68000000e-09  7.40909027e-02 
 8.70000000e-09  7.33214778e-02 
 8.72000000e-09  7.25404478e-02 
 8.74000000e-09  7.17479345e-02 
 8.76000000e-09  7.09440610e-02 
 8.78000000e-09  7.01289527e-02 
 8.80000000e-09  6.93027366e-02 
 8.82000000e-09  6.84655416e-02 
 8.84000000e-09  6.76174982e-02 
 8.86000000e-09  6.67587388e-02 
 8.88000000e-09  6.58893976e-02 
 8.90000000e-09  6.50096104e-02 
 8.92000000e-09  6.41195149e-02 
 8.94000000e-09  6.32192502e-02 
 8.96000000e-09  6.23089573e-02 
 8.98000000e-09  6.13887788e-02 
 9.00000000e-09  6.04588589e-02 
 9.02000000e-09  5.95193434e-02 
 9.04000000e-09  5.85703797e-02 
 9.06000000e-09  5.76121166e-02 
 9.08000000e-09  5.66447049e-02 
 9.10000000e-09  5.56682963e-02 
 9.12000000e-09  5.46830445e-02 
 9.14000000e-09  5.36891045e-02 
 9.16000000e-09  5.26866326e-02 
 9.18000000e-09  5.16757867e-02 
 9.20000000e-09  5.06567260e-02 
 9.22000000e-09  4.96296112e-02 
 9.24000000e-09  4.85946043e-02 
 9.26000000e-09  4.75518685e-02 
 9.28000000e-09  4.65015684e-02 
 9.30000000e-09  4.54438699e-02 
 9.32000000e-09  4.43789402e-02 
 9.34000000e-09  4.33069475e-02 
 9.36000000e-09  4.22280614e-02 
 9.38000000e-09  4.11424526e-02 
 9.40000000e-09  4.00502929e-02 
 9.42000000e-09  3.89517552e-02 
 9.44000000e-09  3.78470136e-02 
 9.46000000e-09  3.67362432e-02 
 9.48000000e-09  3.56196201e-02 
 9.50000000e-09  3.44973213e-02 
 9.52000000e-09  3.33695250e-02 
 9.54000000e-09  3.22364102e-02 
 9.56000000e-09  3.10981568e-02 
 9.58000000e-09  2.99549455e-02 
 9.60000000e-09  2.88069581e-02 
 9.62000000e-09  2.76543771e-02 
 9.64000000e-09  2.64973856e-02 
 9.66000000e-09  2.53361677e-02 
 9.68000000e-09  2.41709081e-02 
 9.70000000e-09  2.30017923e-02 
 9.72000000e-09  2.18290064e-02 
 9.74000000e-09  2.06527372e-02 
 9.76000000e-09  1.94731719e-02 
 9.78000000e-09  1.82904985e-02 
 9.80000000e-09  1.71049054e-02 
 9.82000000e-09  1.59165816e-02 
 9.84000000e-09  1.47257165e-02 
 9.86000000e-09  1.35325000e-02 
 9.88000000e-09  1.23371224e-02 
 9.90000000e-09  1.11397742e-02 
 9.92000000e-09  9.94064661e-03 
 9.94000000e-09  8.73993078e-03 
 9.96000000e-09  7.53781833e-03 
 9.98000000e-09  6.33450110e-03 
 1.00000000e-08  5.13017112e-03 
 1.00200000e-08  3.92502060e-03 
 1.00400000e-08  2.71924190e-03 
 1.00600000e-08  1.51302750e-03 
 1.00800000e-08  3.06569936e-04 
 1.01000000e-08 -8.99938198e-04 
 1.01200000e-08 -2.10630430e-03 
 1.01400000e-08 -3.31233578e-03 
 1.01600000e-08 -4.51784013e-03 
 1.01800000e-08 -5.72262490e-03 
 1.02000000e-08 -6.92649778e-03 
 1.02200000e-08 -8.12926661e-03 
 1.02400000e-08 -9.33073943e-03 
 1.02600000e-08 -1.05307245e-02 
 1.02800000e-08 -1.17290303e-02 
 1.03000000e-08 -1.29254656e-02 
 1.03200000e-08 -1.41198396e-02 
 1.03400000e-08 -1.53119617e-02 
 1.03600000e-08 -1.65016418e-02 
 1.03800000e-08 -1.76886902e-02 
 1.04000000e-08 -1.88729176e-02 
 1.04200000e-08 -2.00541352e-02 
 1.04400000e-08 -2.12321547e-02 
 1.04600000e-08 -2.24067885e-02 
 1.04800000e-08 -2.35778493e-02 
 1.05000000e-08 -2.47451507e-02 
 1.05200000e-08 -2.59085068e-02 
 1.05400000e-08 -2.70677324e-02 
 1.05600000e-08 -2.82226429e-02 
 1.05800000e-08 -2.93730547e-02 
 1.06000000e-08 -3.05187847e-02 
 1.06200000e-08 -3.16596508e-02 
 1.06400000e-08 -3.27954716e-02 
 1.06600000e-08 -3.39260667e-02 
 1.06800000e-08 -3.50512563e-02 
 1.07000000e-08 -3.61708619e-02 
 1.07200000e-08 -3.72847057e-02 
 1.07400000e-08 -3.83926110e-02 
 1.07600000e-08 -3.94944020e-02 
 1.07800000e-08 -4.05899040e-02 
 1.08000000e-08 -4.16789434e-02 
 1.08200000e-08 -4.27613478e-02 
 1.08400000e-08 -4.38369455e-02 
 1.08600000e-08 -4.49055665e-02 
 1.08800000e-08 -4.59670416e-02 
 1.09000000e-08 -4.70212029e-02 
 1.09200000e-08 -4.80678839e-02 
 1.09400000e-08 -4.91069190e-02 
 1.09600000e-08 -5.01381443e-02 
 1.09800000e-08 -5.11613970e-02 
 1.10000000e-08 -5.21765156e-02 
 1.10200000e-08 -5.31833399e-02 
 1.10400000e-08 -5.41817114e-02 
 1.10600000e-08 -5.51714728e-02 
 1.10800000e-08 -5.61524681e-02 
 1.11000000e-08 -5.71245430e-02 
 1.11200000e-08 -5.80875447e-02 
 1.11400000e-08 -5.90413217e-02 
 1.11600000e-08 -5.99857241e-02 
 1.11800000e-08 -6.09206036e-02 
 1.12000000e-08 -6.18458136e-02 
 1.12200000e-08 -6.27612089e-02 
 1.12400000e-08 -6.36666459e-02 
 1.12600000e-08 -6.45619827e-02 
 1.12800000e-08 -6.54470793e-02 
 1.13000000e-08 -6.63217970e-02 
 1.13200000e-08 -6.71859989e-02 
 1.13400000e-08 -6.80395501e-02 
 1.13600000e-08 -6.88823170e-02 
 1.13800000e-08 -6.97141682e-02 
 1.14000000e-08 -7.05349737e-02 
 1.14200000e-08 -7.13446056e-02 
 1.14400000e-08 -7.21429376e-02 
 1.14600000e-08 -7.29298453e-02 
 1.14800000e-08 -7.37052062e-02 
 1.15000000e-08 -7.44688996e-02 
 1.15200000e-08 -7.52208067e-02 
 1.15400000e-08 -7.59608107e-02 
 1.15600000e-08 -7.66887965e-02 
 1.15800000e-08 -7.74046511e-02 
 1.16000000e-08 -7.81082635e-02 
 1.16200000e-08 -7.87995245e-02 
 1.16400000e-08 -7.94783268e-02 
 1.16600000e-08 -8.01445655e-02 
 1.16800000e-08 -8.07981372e-02 
 1.17000000e-08 -8.14389408e-02 
 1.17200000e-08 -8.20668773e-02 
 1.17400000e-08 -8.26818495e-02 
 1.17600000e-08 -8.32837623e-02 
 1.17800000e-08 -8.38725230e-02 
 1.18000000e-08 -8.44480404e-02 
 1.18200000e-08 -8.50102259e-02 
 1.18400000e-08 -8.55589928e-02 
 1.18600000e-08 -8.60942565e-02 
 1.18800000e-08 -8.66159345e-02 
 1.19000000e-08 -8.71239465e-02 
 1.19200000e-08 -8.76182143e-02 
 1.19400000e-08 -8.80986619e-02 
 1.19600000e-08 -8.85652153e-02 
 1.19800000e-08 -8.90178030e-02 
 1.20000000e-08 -8.94563553e-02 
 1.20200000e-08 -8.98808050e-02 
 1.20400000e-08 -9.02910868e-02 
 1.20600000e-08 -9.06871378e-02 
 1.20800000e-08 -9.10688973e-02 
 1.21000000e-08 -9.14363068e-02 
 1.21200000e-08 -9.17893099e-02 
 1.21400000e-08 -9.21278526e-02 
 1.21600000e-08 -9.24518831e-02 
 1.21800000e-08 -9.27613516e-02 
 1.22000000e-08 -9.30562110e-02 
 1.22200000e-08 -9.33364161e-02 
 1.22400000e-08 -9.36019240e-02 
 1.22600000e-08 -9.38526941e-02 
 1.22800000e-08 -9.40886882e-02 
 1.23000000e-08 -9.43098702e-02 
 1.23200000e-08 -9.45162063e-02 
 1.23400000e-08 -9.47076651e-02 
 1.23600000e-08 -9.48842172e-02 
 1.23800000e-08 -9.50458359e-02 
 1.24000000e-08 -9.51924964e-02 
 1.24200000e-08 -9.53241764e-02 
 1.24400000e-08 -9.54408558e-02 
 1.24600000e-08 -9.55425169e-02 
 1.24800000e-08 -9.56291442e-02 
 1.25000000e-08 -9.57007246e-02 
 1.25200000e-08 -9.57572470e-02 
 1.25400000e-08 -9.57987031e-02 
 1.25600000e-08 -9.58250865e-02 
 1.25800000e-08 -9.58363932e-02 
 1.26000000e-08 -9.58326216e-02 
 1.26200000e-08 -9.58137723e-02 
 1.26400000e-08 -9.57798483e-02 
 1.26600000e-08 -9.57308548e-02 
 1.26800000e-08 -9.56667993e-02 
 1.27000000e-08 -9.55876916e-02 
 1.27200000e-08 -9.54935440e-02 
 1.27400000e-08 -9.53843708e-02 
 1.27600000e-08 -9.52601888e-02 
 1.27800000e-08 -9.51210170e-02 
 1.28000000e-08 -9.49668767e-02 
 1.28200000e-08 -9.47977916e-02 
 1.28400000e-08 -9.46137875e-02 
 1.28600000e-08 -9.44148926e-02 
 1.28800000e-08 -9.42011373e-02 
 1.29000000e-08 -9.39725545e-02 
 1.29200000e-08 -9.37291790e-02 
 1.29400000e-08 -9.34710483e-02 
 1.29600000e-08 -9.31982017e-02 
 1.29800000e-08 -9.29106813e-02 
 1.30000000e-08 -9.26085309e-02 
 1.30200000e-08 -9.22917969e-02 
 1.30400000e-08 -9.19605278e-02 
 1.30600000e-08 -9.16147746e-02 
 1.30800000e-08 -9.12545901e-02 
 1.31000000e-08 -9.08800297e-02 
 1.31200000e-08 -9.04911508e-02 
 1.31400000e-08 -9.00880131e-02 
 1.31600000e-08 -8.96706786e-02 
 1.31800000e-08 -8.92392113e-02 
 1.32000000e-08 -8.87936775e-02 
 1.32200000e-08 -8.83341458e-02 
 1.32400000e-08 -8.78606867e-02 
 1.32600000e-08 -8.73733731e-02 
 1.32800000e-08 -8.68722800e-02 
 1.33000000e-08 -8.63574845e-02 
 1.33200000e-08 -8.58290659e-02 
 1.33400000e-08 -8.52871057e-02 
 1.33600000e-08 -8.47316873e-02 
 1.33800000e-08 -8.41628964e-02 
 1.34000000e-08 -8.35808207e-02 
 1.34200000e-08 -8.29855501e-02 
 1.34400000e-08 -8.23771765e-02 
 1.34600000e-08 -8.17557939e-02 
 1.34800000e-08 -8.11214983e-02 
 1.35000000e-08 -8.04743878e-02 
 1.35200000e-08 -7.98145625e-02 
 1.35400000e-08 -7.91421246e-02 
 1.35600000e-08 -7.84571781e-02 
 1.35800000e-08 -7.77598293e-02 
 1.36000000e-08 -7.70501861e-02 
 1.36200000e-08 -7.63283587e-02 
 1.36400000e-08 -7.55944591e-02 
 1.36600000e-08 -7.48486012e-02 
 1.36800000e-08 -7.40909009e-02 
 1.37000000e-08 -7.33214760e-02 
 1.37200000e-08 -7.25404462e-02 
 1.37400000e-08 -7.17479328e-02 
 1.37600000e-08 -7.09440594e-02 
 1.37800000e-08 -7.01289512e-02 
 1.38000000e-08 -6.93027351e-02 
 1.38200000e-08 -6.84655401e-02 
 1.38400000e-08 -6.76174967e-02 
 1.38600000e-08 -6.67587374e-02 
 1.38800000e-08 -6.58893962e-02 
 1.39000000e-08 -6.50096091e-02 
 1.39200000e-08 -6.41195136e-02 
 1.39400000e-08 -6.32192490e-02 
 1.39600000e-08 -6.23089561e-02 
 1.39800000e-08 -6.13887777e-02 
 1.40000000e-08 -6.04588578e-02 
 1.40200000e-08 -5.95193423e-02 
 1.40400000e-08 -5.85703786e-02 
 1.40600000e-08 -5.76121156e-02 
 1.40800000e-08 -5.66447039e-02 
 1.41000000e-08 -5.56682954e-02 
 1.41200000e-08 -5.46830436e-02 
 1.41400000e-08 -5.36891036e-02 
 1.41600000e-08 -5.26866317e-02 
 1.41800000e-08 -5.16757858e-02 
 1.42000000e-08 -5.06567252e-02 
 1.42200000e-08 -4.96296104e-02 
 1.42400000e-08 -4.85946035e-02 
 1.42600000e-08 -4.75518677e-02 
 1.42800000e-08 -4.65015677e-02 
 1.43000000e-08 -4.54438692e-02 
 1.43200000e-08 -4.43789395e-02 
 1.43400000e-08 -4.33069469e-02 
 1.43600000e-08 -4.22280608e-02 
 1.43800000e-08 -4.11424520e-02 
 1.44000000e-08 -4.00502923e-02 
 1.44200000e-08 -3.89517547e-02 
 1.44400000e-08 -3.78470131e-02 
 1.44600000e-08 -3.67362427e-02 
 1.44800000e-08 -3.56196196e-02 
 1.45000000e-08 -3.44973209e-02 
 1.45200000e-08 -3.33695246e-02 
 1.45400000e-08 -3.22364098e-02 
 1.45600000e-08 -3.10981564e-02 
 1.45800000e-08 -2.99549451e-02 
 1.46000000e-08 -2.88069578e-02 
 1.46200000e-08 -2.76543767e-02 
 1.46400000e-08 -2.64973852e-02 
 1.46600000e-08 -2.53361673e-02 
 1.46800000e-08 -2.41709078e-02 
 1.47000000e-08 -2.30017920e-02 
 1.47200000e-08 -2.18290062e-02 
 1.47400000e-08 -2.06527369e-02 
 1.47600000e-08 -1.94731717e-02 
 1.47800000e-08 -1.82904983e-02 
 1.48000000e-08 -1.71049052e-02 
 1.48200000e-08 -1.59165814e-02 
 1.48400000e-08 -1.47257164e-02 
 1.48600000e-08 -1.35324999e-02 
 1.48800000e-08 -1.23371222e-02 
 1.49000000e-08 -1.11397741e-02 
 1.49200000e-08 -9.94064647e-03 
 1.49400000e-08 -8.73993065e-03 
 1.49600000e-08 -7.53781822e-03 
 1.49800000e-08 -6.33450100e-03 
 1.50000000e-08 -5.13017103e-03 
 1.50200000e-08 -3.92502052e-03 
 1.50400000e-08 -2.71924183e-03 
 1.50600000e-08 -1.51302744e-03 
 1.50800000e-08 -3.06569884e-04 
 1.51000000e-08  8.99938241e-04 
 1.51200000e-08  2.10630433e-03 
 1.51400000e-08  3.31233581e-03 
 1.51600000e-08  4.51784015e-03 
 1.51800000e-08  5.72262491e-03 
 1.52000000e-08  6.92649778e-03 
 1.52200000e-08  8.12926661e-03 
 1.52400000e-08  9.33073942e-03 
 1.52600000e-08  1.05307245e-02 
 1.52800000e-08  1.17290303e-02 
 1.53000000e-08  1.29254656e-02 
 1.53200000e-08  1.41198396e-02 
 1.53400000e-08  1.53119617e-02 
 1.53600000e-08  1.65016418e-02 
 1.53800000e-08  1.76886902e-02 
 1.54000000e-08  1.88729175e-02 
 1.54200000e-08  2.00541351e-02 
 1.54400000e-08  2.12321546e-02 
 1.54600000e-08  2.24067884e-02 
 1.54800000e-08  2.35778492e-02 
 1.55000000e-08  2.47451506e-02 
 1.55200000e-08  2.59085067e-02 
 1.55400000e-08  2.70677323e-02 
 1.55600000e-08  2.82226428e-02 
 1.55800000e-08  2.93730546e-02 
 1.56000000e-08  3.05187846e-02 
 1.56200000e-08  3.16596507e-02 
 1.56400000e-08  3.27954715e-02 
 1.56600000e-08  3.39260666e-02 
 1.56800000e-08  3.50512562e-02 
 1.57000000e-08  3.61708618e-02 
 1.57200000e-08  3.72847056e-02 
 1.57400000e-08  3.83926109e-02 
 1.57600000e-08  3.94944018e-02 
 1.57800000e-08  4.05899039e-02 
 1.58000000e-08  4.16789433e-02 
 1.58200000e-08  4.27613476e-02 
 1.58400000e-08  4.38369454e-02 
 1.58600000e-08  4.49055664e-02 
 1.58800000e-08  4.59670414e-02 
 1.59000000e-08  4.70212028e-02 
 1.59200000e-08  4.80678837e-02 
 1.59400000e-08  4.91069189e-02 
 1.59600000e-08  5.01381442e-02 
 1.59800000e-08  5.11613969e-02 
 1.60000000e-08  5.21765154e-02 
 1.60200000e-08  5.31833398e-02 
 1.60400000e-08  5.41817113e-02 
 1.60600000e-08  5.51714726e-02 
 1.60800000e-08  5.61524679e-02 
 1.61000000e-08  5.71245429e-02 
 1.61200000e-08  5.80875445e-02 
 1.61400000e-08  5.90413215e-02 
 1.61600000e-08  5.99857239e-02 
 1.61800000e-08  6.09206035e-02 
 1.62000000e-08  6.18458135e-02 
 1.62200000e-08  6.27612087e-02 
 1.62400000e-08  6.36666457e-02 
 1.62600000e-08  6.45619826e-02 
 1.62800000e-08  6.54470791e-02 
 1.63000000e-08  6.63217968e-02 
 1.63200000e-08  6.71859988e-02 
 1.63400000e-08  6.80395499e-02 
 1.63600000e-08  6.88823169e-02 
 1.63800000e-08  6.97141680e-02 
 1.64000000e-08  7.05349736e-02 
 1.64200000e-08  7.13446054e-02 
 1.64400000e-08  7.21429374e-02 
 1.64600000e-08  7.29298451e-02 
 1.64800000e-08  7.37052060e-02 
 1.65000000e-08  7.44688994e-02 
 1.65200000e-08  7.52208065e-02 
 1.65400000e-08  7.59608105e-02 
 1.65600000e-08  7.66887963e-02 
 1.65800000e-08  7.74046510e-02 
 1.66000000e-08  7.81082634e-02 
 1.66200000e-08  7.87995243e-02 
 1.66400000e-08  7.94783267e-02 
 1.66600000e-08  8.01445653e-02 
 1.66800000e-08  8.07981371e-02 
 1.67000000e-08  8.14389407e-02 
 1.67200000e-08  8.20668772e-02 
 1.67400000e-08  8.26818493e-02 
 1.67600000e-08  8.32837622e-02 
 1.67800000e-08  8.38725228e-02 
 1.68000000e-08  8.44480403e-02 
 1.68200000e-08  8.50102258e-02 
 1.68400000e-08  8.55589927e-02 
 1.68600000e-08  8.60942564e-02 
 1.68800000e-08  8.66159344e-02 
 1.69000000e-08  8.71239464e-02 
 1.69200000e-08  8.76182142e-02 
 1.69400000e-08  8.80986617e-02 
 1.69600000e-08  8.85652152e-02 
 1.69800000e-08  8.90178029e-02 
 1.70000000e-08  8.94563552e-02 
 1.70200000e-08  8.98808049e-02 
 1.70400000e-08  9.02910867e-02 
 1.70600000e-08  9.06871377e-02 
 1.70800000e-08  9.10688972e-02 
 1.71000000e-08  9.14363067e-02 
 1.71200000e-08  9.17893098e-02 
 1.71400000e-08  9.21278525e-02 
 1.71600000e-08  9.24518830e-02 
 1.71800000e-08  9.27613515e-02 
 1.72000000e-08  9.30562109e-02 
 1.72200000e-08  9.33364160e-02 
 1.72400000e-08  9.36019239e-02 
 1.72600000e-08  9.38526940e-02 
 1.72800000e-08  9.40886881e-02 
 1.73000000e-08  9.43098701e-02 
 1.73200000e-08  9.45162062e-02 
 1.73400000e-08  9.47076650e-02 
 1.73600000e-08  9.48842172e-02 
 1.73800000e-08  9.50458358e-02 
 1.74000000e-08  9.51924963e-02 
 1.74200000e-08  9.53241763e-02 
 1.74400000e-08  9.54408557e-02 
 1.74600000e-08  9.55425169e-02 
 1.74800000e-08  9.56291442e-02 
 1.75000000e-08  9.57007245e-02 
 1.75200000e-08  9.57572470e-02 
 1.75400000e-08  9.57987030e-02 
 1.75600000e-08  9.58250864e-02 
 1.75800000e-08  9.58363931e-02 
 1.76000000e-08  9.58326216e-02 
 1.76200000e-08  9.58137723e-02 
 1.76400000e-08  9.57798482e-02 
 1.76600000e-08  9.57308547e-02 
 1.76800000e-08  9.56667992e-02 
 1.77000000e-08  9.55876916e-02 
 1.77200000e-08  9.54935439e-02 
 1.77400000e-08  9.53843707e-02 
 1.77600000e-08  9.52601887e-02 
 1.77800000e-08  9.51210169e-02 
 1.78000000e-08  9.49668767e-02 
 1.78200000e-08  9.47977915e-02 
 1.78400000e-08  9.46137874e-02 
 1.78600000e-08  9.44148925e-02 
 1.78800000e-08  9.42011373e-02 
 1.79000000e-08  9.39725544e-02 
 1.79200000e-08  9.37291790e-02 
 1.79400000e-08  9.34710482e-02 
 1.79600000e-08  9.31982017e-02 
 1.79800000e-08  9.29106812e-02 
 1.80000000e-08  9.26085308e-02 
 1.80200000e-08  9.22917968e-02 
 1.80400000e-08  9.19605278e-02 
 1.80600000e-08  9.16147745e-02 
 1.80800000e-08  9.12545901e-02 
 1.81000000e-08  9.08800296e-02 
 1.81200000e-08  9.04911507e-02 
 1.81400000e-08  9.00880131e-02 
 1.81600000e-08  8.96706785e-02 
 1.81800000e-08  8.92392112e-02 
 1.82000000e-08  8.87936775e-02 
 1.82200000e-08  8.83341457e-02 
 1.82400000e-08  8.78606866e-02 
 1.82600000e-08  8.73733730e-02 
 1.82800000e-08  8.68722799e-02 
 1.83000000e-08  8.63574845e-02 
 1.83200000e-08  8.58290659e-02 
 1.83400000e-08  8.52871056e-02 
 1.83600000e-08  8.47316872e-02 
 1.83800000e-08  8.41628963e-02 
 1.84000000e-08  8.35808207e-02 
 1.84200000e-08  8.29855501e-02 
 1.84400000e-08  8.23771765e-02 
 1.84600000e-08  8.17557939e-02 
 1.84800000e-08  8.11214983e-02 
 1.85000000e-08  8.04743878e-02 
 1.85200000e-08  7.98145625e-02 
 1.85400000e-08  7.91421246e-02 
 1.85600000e-08  7.84571781e-02 
 1.85800000e-08  7.77598292e-02 
 1.86000000e-08  7.70501861e-02 
 1.86200000e-08  7.63283587e-02 
 1.86400000e-08  7.55944591e-02 
 1.86600000e-08  7.48486012e-02 
 1.86800000e-08  7.40909009e-02 
 1.87000000e-08  7.33214760e-02 
 1.87200000e-08  7.25404461e-02 
 1.87400000e-08  7.17479328e-02 
 1.87600000e-08  7.09440594e-02 
 1.87800000e-08  7.01289512e-02 
 1.88000000e-08  6.93027351e-02 
 1.88200000e-08  6.84655401e-02 
 1.88400000e-08  6.76174967e-02 
 1.88600000e-08  6.67587374e-02 
 1.88800000e-08  6.58893962e-02 
 1.89000000e-08  6.50096091e-02 
 1.89200000e-08  6.41195136e-02 
 1.89400000e-08  6.32192490e-02 
 1.89600000e-08  6.23089561e-02 
 1.89800000e-08  6.13887777e-02 
 1.90000000e-08  6.04588578e-02 
 1.90200000e-08  5.95193423e-02 
 1.90400000e-08  5.85703786e-02 
 1.90600000e-08  5.76121156e-02 
 1.90800000e-08  5.66447038e-02 
 1.91000000e-08  5.56682953e-02 
 1.91200000e-08  5.46830436e-02 
 1.91400000e-08  5.36891035e-02 
 1.91600000e-08  5.26866317e-02 
 1.91800000e-08  5.16757858e-02 
 1.92000000e-08  5.06567252e-02 
 1.92200000e-08  4.96296104e-02 
 1.92400000e-08  4.85946035e-02 
 1.92600000e-08  4.75518677e-02 
 1.92800000e-08  4.65015677e-02 
 1.93000000e-08  4.54438692e-02 
 1.93200000e-08  4.43789395e-02 
 1.93400000e-08  4.33069469e-02 
 1.93600000e-08  4.22280608e-02 
 1.93800000e-08  4.11424520e-02 
 1.94000000e-08  4.00502923e-02 
 1.94200000e-08  3.89517547e-02 
 1.94400000e-08  3.78470131e-02 
 1.94600000e-08  3.67362427e-02 
 1.94800000e-08  3.56196196e-02 
 1.95000000e-08  3.44973209e-02 
 1.95200000e-08  3.33695246e-02 
 1.95400000e-08  3.22364098e-02 
 1.95600000e-08  3.10981564e-02 
 1.95800000e-08  2.99549451e-02 
 1.96000000e-08  2.88069578e-02 
 1.96200000e-08  2.76543767e-02 
 1.96400000e-08  2.64973852e-02 
 1.96600000e-08  2.53361673e-02 
 1.96800000e-08  2.41709078e-02 
 1.97000000e-08  2.30017920e-02 
 1.97200000e-08  2.18290062e-02 
 1.97400000e-08  2.06527369e-02 
 1.97600000e-08  1.94731717e-02 
 1.97800000e-08  1.82904983e-02 
 1.98000000e-08  1.71049052e-02 
 1.98200000e-08  1.59165814e-02 
 1.98400000e-08  1.47257164e-02 
 1.98600000e-08  1.35324999e-02 
 1.98800000e-08  1.23371222e-02 
 1.99000000e-08  1.11397741e-02 
 1.99200000e-08  9.94064647e-03 
 1.99400000e-08  8.73993065e-03 
 1.99600000e-08  7.53781822e-03 
 1.99800000e-08  6.33450100e-03 
 2.00000000e-08  5.13017102e-03 
 2.00200000e-08  3.92502052e-03 
 2.00400000e-08  2.71924183e-03 
 2.00600000e-08  1.51302744e-03 
 2.00800000e-08  3.06569883e-04 
 2.01000000e-08 -8.99938242e-04 
 2.01200000e-08 -2.10630433e-03 
 2.01400000e-08 -3.31233581e-03 
 2.01600000e-08 -4.51784015e-03 
 2.01800000e-08 -5.72262491e-03 
 2.02000000e-08 -6.92649778e-03 
 2.02200000e-08 -8.12926661e-03 
 2.02400000e-08 -9.33073942e-03 
 2.02600000e-08 -1.05307245e-02 
 2.02800000e-08 -1.17290303e-02 
 2.03000000e-08 -1.29254656e-02 
 2.03200000e-08 -1.41198396e-02 
 2.03400000e-08 -1.53119617e-02 
 2.03600000e-08 -1.65016418e-02 
 2.03800000e-08 -1.76886902e-02 
 2.04000000e-08 -1.88729175e-02 
 2.04200000e-08 -2.00541351e-02 
 2.04400000e-08 -2.12321546e-02 
 2.04600000e-08 -2.24067884e-02 
 2.04800000e-08 -2.35778492e-02 
 2.05000000e-08 -2.47451506e-02 
 2.05200000e-08 -2.59085067e-02 
 2.05400000e-08 -2.70677323e-02 
 2.05600000e-08 -2.82226428e-02 
 2.05800000e-08 -2.93730546e-02 
 2.06000000e-08 -3.05187846e-02 
 2.06200000e-08 -3.16596507e-02 
 2.06400000e-08 -3.27954715e-02 
 2.06600000e-08 -3.39260666e-02 
 2.06800000e-08 -3.50512562e-02 
 2.07000000e-08 -3.61708618e-02 
 2.07200000e-08 -3.72847056e-02 
 2.07400000e-08 -3.83926108e-02 
 2.07600000e-08 -3.94944018e-02 
 2.07800000e-08 -4.05899039e-02 
 2.08000000e-08 -4.16789433e-02 
 2.08200000e-08 -4.27613476e-02 
 2.08400000e-08 -4.38369454e-02 
 2.08600000e-08 -4.49055664e-02 
 2.08800000e-08 -4.59670414e-02 
 2.09000000e-08 -4.70212028e-02 
 2.09200000e-08 -4.80678837e-02 
 2.09400000e-08 -4.91069189e-02 
 2.09600000e-08 -5.01381442e-02 
 2.09800000e-08 -5.11613969e-02 
 2.10000000e-08 -5.21765154e-02 
 2.10200000e-08 -5.31833398e-02 
 2.10400000e-08 -5.41817113e-02 
 2.10600000e-08 -5.51714726e-02 
 2.10800000e-08 -5.61524679e-02 
 2.11000000e-08 -5.71245429e-02 
 2.11200000e-08 -5.80875445e-02 
 2.11400000e-08 -5.90413215e-02 
 2.11600000e-08 -5.99857239e-02 
 2.11800000e-08 -6.09206035e-02 
 2.12000000e-08 -6.18458135e-02 
 2.12200000e-08 -6.27612087e-02 
 2.12400000e-08 -6.36666457e-02 
 2.12600000e-08 -6.45619826e-02 
 2.12800000e-08 -6.54470791e-02 
 2.13000000e-08 -6.63217968e-02 
 2.13200000e-08 -6.71859988e-02 
 2.13400000e-08 -6.80395499e-02 
 2.13600000e-08 -6.88823169e-02 
 2.13800000e-08 -6.97141680e-02 
 2.14000000e-08 -7.05349736e-02 
 2.14200000e-08 -7.13446054e-02 
 2.14400000e-08 -7.21429374e-02 
 2.14600000e-08 -7.29298451e-02 
 2.14800000e-08 -7.37052060e-02 
 2.15000000e-08 -7.44688994e-02 
 2.15200000e-08 -7.52208065e-02 
 2.15400000e-08 -7.59608105e-02 
 2.15600000e-08 -7.66887963e-02 
 2.15800000e-08 -7.74046510e-02 
 2.16000000e-08 -7.81082634e-02 
 2.16200000e-08 -7.87995243e-02 
 2.16400000e-08 -7.94783267e-02 
 2.16600000e-08 -8.01445653e-02 
 2.16800000e-08 -8.07981371e-02 
 2.17000000e-08 -8.14389407e-02 
 2.17200000e-08 -8.20668772e-02 
 2.17400000e-08 -8.26818493e-02 
 2.17600000e-08 -8.32837622e-02 
 2.17800000e-08 -8.38725228e-02 
 2.18000000e-08 -8.44480403e-02 
 2.18200000e-08 -8.50102258e-02 
 2.18400000e-08 -8.55589927e-02 
 2.18600000e-08 -8.60942564e-02 
 2.18800000e-08 -8.66159344e-02 
 2.19000000e-08 -8.71239464e-02 
 2.19200000e-08 -8.76182142e-02 
 2.19400000e-08 -8.80986617e-02 
 2.19600000e-08 -8.85652152e-02 
 2.19800000e-08 -8.90178029e-02 
 2.20000000e-08 -8.94563552e-02 
 2.20200000e-08 -8.98808049e-02 
 2.20400000e-08 -9.02910867e-02 
 2.20600000e-08 -9.06871377e-02 
 2.20800000e-08 -9.10688972e-02 
 2.21000000e-08 -9.14363067e-02 
 2.21200000e-08 -9.17893098e-02 
 2.21400000e-08 -9.21278525e-02 
 2.21600000e-08 -9.24518830e-02 
 2.21800000e-08 -9.27613515e-02 
 2.22000000e-08 -9.30562109e-02 
 2.22200000e-08 -9.33364160e-02 
 2.22400000e-08 -9.36019239e-02 
 2.22600000e-08 -9.38526940e-02 
 2.22800000e-08 -9.40886881e-02 
 2.23000000e-08 -9.43098701e-02 
 2.23200000e-08 -9.45162062e-02 
 2.23400000e-08 -9.47076650e-02 
 2.23600000e-08 -9.48842172e-02 
 2.23800000e-08 -9.50458358e-02 
 2.24000000e-08 -9.51924963e-02 
 2.24200000e-08 -9.53241763e-02 
 2.24400000e-08 -9.54408557e-02 
 2.24600000e-08 -9.55425168e-02 
 2.24800000e-08 -9.56291442e-02 
 2.25000000e-08 -9.57007245e-02 
 2.25200000e-08 -9.57572470e-02 
 2.25400000e-08 -9.57987030e-02 
 2.25600000e-08 -9.58250864e-02 
 2.25800000e-08 -9.58363931e-02 
 2.26000000e-08 -9.58326215e-02 
 2.26200000e-08 -9.58137723e-02 
 2.26400000e-08 -9.57798482e-02 
 2.26600000e-08 -9.57308547e-02 
 2.26800000e-08 -9.56667992e-02 
 2.27000000e-08 -9.55876915e-02 
 2.27200000e-08 -9.54935439e-02 
 2.27400000e-08 -9.53843707e-02 
 2.27600000e-08 -9.52601887e-02 
 2.27800000e-08 -9.51210169e-02 
 2.28000000e-08 -9.49668767e-02 
 2.28200000e-08 -9.47977915e-02 
 2.28400000e-08 -9.46137874e-02 
 2.28600000e-08 -9.44148925e-02 
 2.28800000e-08 -9.42011373e-02 
 2.29000000e-08 -9.39725544e-02 
 2.29200000e-08 -9.37291790e-02 
 2.29400000e-08 -9.34710482e-02 
 2.29600000e-08 -9.31982017e-02 
 2.29800000e-08 -9.29106812e-02 
 2.30000000e-08 -9.26085308e-02 
 2.30200000e-08 -9.22917968e-02 
 2.30400000e-08 -9.19605278e-02 
 2.30600000e-08 -9.16147745e-02 
 2.30800000e-08 -9.12545901e-02 
 2.31000000e-08 -9.08800296e-02 
 2.31200000e-08 -9.04911507e-02 
 2.31400000e-08 -9.00880131e-02 
 2.31600000e-08 -8.96706785e-02 
 2.31800000e-08 -8.92392112e-02 
 2.32000000e-08 -8.87936775e-02 
 2.32200000e-08 -8.83341457e-02 
 2.32400000e-08 -8.78606866e-02 
 2.32600000e-08 -8.73733730e-02 
 2.32800000e-08 -8.68722799e-02 
 2.33000000e-08 -8.63574844e-02 
 2.33200000e-08 -8.58290659e-02 
 2.33400000e-08 -8.52871056e-02 
 2.33600000e-08 -8.47316872e-02 
 2.33800000e-08 -8.41628963e-02 
 2.34000000e-08 -8.35808207e-02 
 2.34200000e-08 -8.29855501e-02 
 2.34400000e-08 -8.23771765e-02 
 2.34600000e-08 -8.17557939e-02 
 2.34800000e-08 -8.11214983e-02 
 2.35000000e-08 -8.04743878e-02 
 2.35200000e-08 -7.98145625e-02 
 2.35400000e-08 -7.91421246e-02 
 2.35600000e-08 -7.84571781e-02 
 2.35800000e-08 -7.77598292e-02 
 2.36000000e-08 -7.70501861e-02 
 2.36200000e-08 -7.63283587e-02 
 2.36400000e-08 -7.55944591e-02 
 2.36600000e-08 -7.48486012e-02 
 2.36800000e-08 -7.40909009e-02 
 2.37000000e-08 -7.33214760e-02 
 2.37200000e-08 -7.25404461e-02 
 2.37400000e-08 -7.17479328e-02 
 2.37600000e-08 -7.09440594e-02 
 2.37800000e-08 -7.01289512e-02 
 2.38000000e-08 -6.93027351e-02 
 2.38200000e-08 -6.84655401e-02 
 2.38400000e-08 -6.76174967e-02 
 2.38600000e-08 -6.67587374e-02 
 2.38800000e-08 -6.58893962e-02 
 2.39000000e-08 -6.50096091e-02 
 2.39200000e-08 -6.41195136e-02 
 2.39400000e-08 -6.32192490e-02 
 2.39600000e-08 -6.23089561e-02 
 2.39800000e-08 -6.13887777e-02 
 2.40000000e-08 -6.04588578e-02 
 2.40200000e-08 -5.95193423e-02 
 2.40400000e-08 -5.85703786e-02 
 2.40600000e-08 -5.76121156e-02 
 2.40800000e-08 -5.66447038e-02 
 2.41000000e-08 -5.56682953e-02 
 2.41200000e-08 -5.46830436e-02 
 2.41400000e-08 -5.36891035e-02 
 2.41600000e-08 -5.26866317e-02 
 2.41800000e-08 -5.16757858e-02 
 2.42000000e-08 -5.06567252e-02 
 2.42200000e-08 -4.96296104e-02 
 2.42400000e-08 -4.85946035e-02 
 2.42600000e-08 -4.75518677e-02 
 2.42800000e-08 -4.65015677e-02 
 2.43000000e-08 -4.54438692e-02 
 2.43200000e-08 -4.43789395e-02 
 2.43400000e-08 -4.33069469e-02 
 2.43600000e-08 -4.22280608e-02 
 2.43800000e-08 -4.11424520e-02 
 2.44000000e-08 -4.00502923e-02 
 2.44200000e-08 -3.89517547e-02 
 2.44400000e-08 -3.78470131e-02 
 2.44600000e-08 -3.67362427e-02 
 2.44800000e-08 -3.56196196e-02 
 2.45000000e-08 -3.44973209e-02 
 2.45200000e-08 -3.33695246e-02 
 2.45400000e-08 -3.22364098e-02 
 2.45600000e-08 -3.10981564e-02 
 2.45800000e-08 -2.99549451e-02 
 2.46000000e-08 -2.88069578e-02 
 2.46200000e-08 -2.76543767e-02 
 2.46400000e-08 -2.64973852e-02 
 2.46600000e-08 -2.53361673e-02 
 2.46800000e-08 -2.41709078e-02 
 2.47000000e-08 -2.30017920e-02 
 2.47200000e-08 -2.18290062e-02 
 2.47400000e-08 -2.06527369e-02 
 2.47600000e-08 -1.94731717e-02 
 2.47800000e-08 -1.82904983e-02 
 2.48000000e-08 -1.71049052e-02 
 2.48200000e-08 -1.59165814e-02 
 2.48400000e-08 -1.47257164e-02 
 2.48600000e-08 -1.35324999e-02 
 2.48800000e-08 -1.23371222e-02 
 2.49000000e-08 -1.11397741e-02 
 2.49200000e-08 -9.94064647e-03 
 2.49400000e-08 -8.73993065e-03 
 2.49600000e-08 -7.53781822e-03 
 2.49800000e-08 -6.33450100e-03 
 2.50000000e-08 -5.13017102e-03 
 2.50200000e-08 -3.92502052e-03 
 2.50400000e-08 -2.71924183e-03 
 2.50600000e-08 -1.51302744e-03 
 2.50800000e-08 -3.06569883e-04 
 2.51000000e-08  8.99938241e-04 
 2.51200000e-08  2.10630433e-03 
 2.51400000e-08  3.31233581e-03 
 2.51600000e-08  4.51784015e-03 
 2.51800000e-08  5.72262491e-03 
 2.52000000e-08  6.92649778e-03 
 2.52200000e-08  8.12926661e-03 
 2.52400000e-08  9.33073942e-03 
 2.52600000e-08  1.05307245e-02 
 2.52800000e-08  1.17290303e-02 
 2.53000000e-08  1.29254656e-02 
 2.53200000e-08  1.41198396e-02 
 2.53400000e-08  1.53119617e-02 
 2.53600000e-08  1.65016418e-02 
 2.53800000e-08  1.76886902e-02 
 2.54000000e-08  1.88729175e-02 
 2.54200000e-08  2.00541351e-02 
 2.54400000e-08  2.12321546e-02 
 2.54600000e-08  2.24067884e-02 
 2.54800000e-08  2.35778492e-02 
 2.55000000e-08  2.47451506e-02 
 2.55200000e-08  2.59085067e-02 
 2.55400000e-08  2.70677323e-02 
 2.55600000e-08  2.82226428e-02 
 2.55800000e-08  2.93730546e-02 
 2.56000000e-08  3.05187846e-02 
 2.56200000e-08  3.16596507e-02 
 2.56400000e-08  3.27954715e-02 
 2.56600000e-08  3.39260666e-02 
 2.56800000e-08  3.50512562e-02 
 2.57000000e-08  3.61708618e-02 
 2.57200000e-08  3.72847056e-02 
 2.57400000e-08  3.83926108e-02 
 2.57600000e-08  3.94944018e-02 
 2.57800000e-08  4.05899039e-02 
 2.58000000e-08  4.16789433e-02 
 2.58200000e-08  4.27613476e-02 
 2.58400000e-08  4.38369454e-02 
 2.58600000e-08  4.49055664e-02 
 2.58800000e-08  4.59670414e-02 
 2.59000000e-08  4.70212028e-02 
 2.59200000e-08  4.80678837e-02 
 2.59400000e-08  4.91069189e-02 
 2.59600000e-08  5.01381442e-02 
 2.59800000e-08  5.11613969e-02 
 2.60000000e-08  5.21765154e-02 
 2.60200000e-08  5.31833398e-02 
 2.60400000e-08  5.41817113e-02 
 2.60600000e-08  5.51714726e-02 
 2.60800000e-08  5.61524679e-02 
 2.61000000e-08  5.71245429e-02 
 2.61200000e-08  5.80875445e-02 
 2.61400000e-08  5.90413215e-02 
 2.61600000e-08  5.99857239e-02 
 2.61800000e-08  6.09206035e-02 
 2.62000000e-08  6.18458135e-02 
 2.62200000e-08  6.27612087e-02 
 2.62400000e-08  6.36666457e-02 
 2.62600000e-08  6.45619826e-02 
 2.62800000e-08  6.54470791e-02 
 2.63000000e-08  6.63217968e-02 
 2.63200000e-08  6.71859988e-02 
 2.63400000e-08  6.80395499e-02 
 2.63600000e-08  6.88823169e-02 
 2.63800000e-08  6.97141680e-02 
 2.64000000e-08  7.05349736e-02 
 2.64200000e-08  7.13446054e-02 
 2.64400000e-08  7.21429374e-02 
 2.64600000e-08  7.29298451e-02 
 2.64800000e-08  7.37052060e-02 
 2.65000000e-08  7.44688994e-02 
 2.65200000e-08  7.52208065e-02 
 2.65400000e-08  7.59608105e-02 
 2.65600000e-08  7.66887963e-02 
 2.65800000e-08  7.74046510e-02 
 2.66000000e-08  7.81082634e-02 
 2.66200000e-08  7.87995243e-02 
 2.66400000e-08  7.94783267e-02 
 2.66600000e-08  8.01445653e-02 
 2.66800000e-08  8.07981371e-02 
 2.67000000e-08  8.14389407e-02 
 2.67200000e-08  8.20668772e-02 
 2.67400000e-08  8.26818493e-02 
 2.67600000e-08  8.32837622e-02 
 2.67800000e-08  8.38725228e-02 
 2.68000000e-08  8.44480403e-02 
 2.68200000e-08  8.50102258e-02 
 2.68400000e-08  8.55589927e-02 
 2.68600000e-08  8.60942564e-02 
 2.68800000e-08  8.66159344e-02 
 2.69000000e-08  8.71239464e-02 
 2.69200000e-08  8.76182142e-02 
 2.69400000e-08  8.80986617e-02 
 2.69600000e-08  8.85652152e-02 
 2.69800000e-08  8.90178029e-02 
 2.70000000e-08  8.94563552e-02 
 2.70200000e-08  8.98808049e-02 
 2.70400000e-08  9.02910867e-02 
 2.70600000e-08  9.06871377e-02 
 2.70800000e-08  9.10688972e-02 
 2.71000000e-08  9.14363067e-02 
 2.71200000e-08  9.17893098e-02 
 2.71400000e-08  9.21278525e-02 
 2.71600000e-08  9.24518830e-02 
 2.71800000e-08  9.27613515e-02 
 2.72000000e-08  9.30562109e-02 
 2.72200000e-08  9.33364160e-02 
 2.72400000e-08  9.36019239e-02 
 2.72600000e-08  9.38526940e-02 
 2.72800000e-08  9.40886881e-02 
 2.73000000e-08  9.43098701e-02 
 2.73200000e-08  9.45162062e-02 
 2.73400000e-08  9.47076650e-02 
 2.73600000e-08  9.48842172e-02 
 2.73800000e-08  9.50458358e-02 
 2.74000000e-08  9.51924963e-02 
 2.74200000e-08  9.53241763e-02 
 2.74400000e-08  9.54408557e-02 
 2.74600000e-08  9.55425168e-02 
 2.74800000e-08  9.56291442e-02 
 2.75000000e-08  9.57007245e-02 
 2.75200000e-08  9.57572470e-02 
 2.75400000e-08  9.57987030e-02 
 2.75600000e-08  9.58250864e-02 
 2.75800000e-08  9.58363931e-02 
 2.76000000e-08  9.58326215e-02 
 2.76200000e-08  9.58137723e-02 
 2.76400000e-08  9.57798482e-02 
 2.76600000e-08  9.57308547e-02 
 2.76800000e-08  9.56667992e-02 
 2.77000000e-08  9.55876915e-02 
 2.77200000e-08  9.54935439e-02 
 2.77400000e-08  9.53843707e-02 
 2.77600000e-08  9.52601887e-02 
 2.77800000e-08  9.51210169e-02 
 2.78000000e-08  9.49668767e-02 
 2.78200000e-08  9.47977915e-02 
 2.78400000e-08  9.46137874e-02 
 2.78600000e-08  9.44148925e-02 
 2.78800000e-08  9.42011373e-02 
 2.79000000e-08  9.39725544e-02 
 2.79200000e-08  9.37291790e-02 
 2.79400000e-08  9.34710482e-02 
 2.79600000e-08  9.31982017e-02 
 2.79800000e-08  9.29106812e-02 
 2.80000000e-08  9.26085308e-02 
 2.80200000e-08  9.22917968e-02 
 2.80400000e-08  9.19605278e-02 
 2.80600000e-08  9.16147745e-02 
 2.80800000e-08  9.12545901e-02 
 2.81000000e-08  9.08800296e-02 
 2.81200000e-08  9.04911507e-02 
 2.81400000e-08  9.00880131e-02 
 2.81600000e-08  8.96706785e-02 
 2.81800000e-08  8.92392112e-02 
 2.82000000e-08  8.87936775e-02 
 2.82200000e-08  8.83341457e-02 
 2.82400000e-08  8.78606866e-02 
 2.82600000e-08  8.73733730e-02 
 2.82800000e-08  8.68722799e-02 
 2.83000000e-08  8.63574844e-02 
 2.83200000e-08  8.58290659e-02 
 2.83400000e-08  8.52871056e-02 
 2.83600000e-08  8.47316872e-02 
 2.83800000e-08  8.41628963e-02 
 2.84000000e-08  8.35808207e-02 
 2.84200000e-08  8.29855501e-02 
 2.84400000e-08  8.23771765e-02 
 2.84600000e-08  8.17557939e-02 
 2.84800000e-08  8.11214983e-02 
 2.85000000e-08  8.04743878e-02 
 2.85200000e-08  7.98145625e-02 
 2.85400000e-08  7.91421246e-02 
 2.85600000e-08  7.84571781e-02 
 2.85800000e-08  7.77598292e-02 
 2.86000000e-08  7.70501861e-02 
 2.86200000e-08  7.63283587e-02 
 2.86400000e-08  7.55944591e-02 
 2.86600000e-08  7.48486012e-02 
 2.86800000e-08  7.40909009e-02 
 2.87000000e-08  7.33214760e-02 
 2.87200000e-08  7.25404461e-02 
 2.87400000e-08  7.17479328e-02 
 2.87600000e-08  7.09440594e-02 
 2.87800000e-08  7.01289512e-02 
 2.88000000e-08  6.93027351e-02 
 2.88200000e-08  6.84655401e-02 
 2.88400000e-08  6.76174967e-02 
 2.88600000e-08  6.67587374e-02 
 2.88800000e-08  6.58893962e-02 
 2.89000000e-08  6.50096091e-02 
 2.89200000e-08  6.41195136e-02 
 2.89400000e-08  6.32192490e-02 
 2.89600000e-08  6.23089561e-02 
 2.89800000e-08  6.13887777e-02 
 2.90000000e-08  6.04588578e-02 
 2.90200000e-08  5.95193423e-02 
 2.90400000e-08  5.85703786e-02 
 2.90600000e-08  5.76121156e-02 
 2.90800000e-08  5.66447038e-02 
 2.91000000e-08  5.56682953e-02 
 2.91200000e-08  5.46830436e-02 
 2.91400000e-08  5.36891035e-02 
 2.91600000e-08  5.26866317e-02 
 2.91800000e-08  5.16757858e-02 
 2.92000000e-08  5.06567252e-02 
 2.92200000e-08  4.96296104e-02 
 2.92400000e-08  4.85946035e-02 
 2.92600000e-08  4.75518677e-02 
 2.92800000e-08  4.65015677e-02 
 2.93000000e-08  4.54438692e-02 
 2.93200000e-08  4.43789395e-02 
 2.93400000e-08  4.33069469e-02 
 2.93600000e-08  4.22280608e-02 
 2.93800000e-08  4.11424520e-02 
 2.94000000e-08  4.00502923e-02 
 2.94200000e-08  3.89517547e-02 
 2.94400000e-08  3.78470131e-02 
 2.94600000e-08  3.67362427e-02 
 2.94800000e-08  3.56196196e-02 
 2.95000000e-08  3.44973209e-02 
 2.95200000e-08  3.33695246e-02 
 2.95400000e-08  3.22364098e-02 
 2.95600000e-08  3.10981564e-02 
 2.95800000e-08  2.99549451e-02 
 2.96000000e-08  2.88069578e-02 
 2.96200000e-08  2.76543767e-02 
 2.96400000e-08  2.64973852e-02 
 2.96600000e-08  2.53361673e-02 
 2.96800000e-08  2.41709078e-02 
 2.97000000e-08  2.30017920e-02 
 2.97200000e-08  2.18290062e-02 
 2.97400000e-08  2.06527369e-02 
 2.97600000e-08  1.94731717e-02 
 2.97800000e-08  1.82904983e-02 
 2.98000000e-08  1.71049052e-02 
 2.98200000e-08  1.59165814e-02 
 2.98400000e-08  1.47257164e-02 
 2.98600000e-08  1.35324999e-02 
 2.98800000e-08  1.23371222e-02 
 2.99000000e-08  1.11397741e-02 
 2.99200000e-08  9.94064647e-03 
 2.99400000e-08  8.73993065e-03 
 2.99600000e-08  7.53781822e-03 
 2.99800000e-08  6.33450100e-03 
 3.00000000e-08  5.13017103e-03 
 3.00200000e-08  3.92502052e-03 
 3.00400000e-08  2.71924183e-03 
 3.00600000e-08  1.51302744e-03 
 3.00800000e-08  3.06569883e-04 
 3.01000000e-08 -8.99938242e-04 
 3.01200000e-08 -2.10630433e-03 
 3.01400000e-08 -3.31233581e-03 
 3.01600000e-08 -4.51784015e-03 
 3.01800000e-08 -5.72262491e-03 
 3.02000000e-08 -6.92649778e-03 
 3.02200000e-08 -8.12926661e-03 
 3.02400000e-08 -9.33073942e-03 
 3.02600000e-08 -1.05307245e-02 
 3.02800000e-08 -1.17290303e-02 
 3.03000000e-08 -1.29254656e-02 
 3.03200000e-08 -1.41198396e-02 
 3.03400000e-08 -1.53119617e-02 
 3.03600000e-08 -1.65016418e-02 
 3.03800000e-08 -1.76886902e-02 
 3.04000000e-08 -1.88729175e-02 
 3.04200000e-08 -2.00541351e-02 
 3.04400000e-08 -2.12321546e-02 
 3.04600000e-08 -2.24067884e-02 
 3.04800000e-08 -2.35778492e-02 
 3.05000000e-08 -2.47451506e-02 
 3.05200000e-08 -2.59085067e-02 
 3.05400000e-08 -2.70677323e-02 
 3.05600000e-08 -2.82226428e-02 
 3.05800000e-08 -2.93730546e-02 
 3.06000000e-08 -3.05187846e-02 
 3.06200000e-08 -3.16596507e-02 
 3.06400000e-08 -3.27954715e-02 
 3.06600000e-08 -3.39260666e-02 
 3.06800000e-08 -3.50512562e-02 
 3.07000000e-08 -3.61708618e-02 
 3.07200000e-08 -3.72847056e-02 
 3.07400000e-08 -3.83926108e-02 
 3.07600000e-08 -3.94944018e-02 
 3.07800000e-08 -4.05899039e-02 
 3.08000000e-08 -4.16789433e-02 
 3.08200000e-08 -4.27613476e-02 
 3.08400000e-08 -4.38369454e-02 
 3.08600000e-08 -4.49055664e-02 
 3.08800000e-08 -4.59670414e-02 
 3.09000000e-08 -4.70212028e-02 
 3.09200000e-08 -4.80678837e-02 
 3.09400000e-08 -4.91069189e-02 
 3.09600000e-08 -5.01381442e-02 
 3.09800000e-08 -5.11613969e-02 
 3.10000000e-08 -5.21765154e-02 
 3.10200000e-08 -5.31833398e-02 
 3.10400000e-08 -5.41817113e-02 
 3.10600000e-08 -5.51714726e-02 
 3.10800000e-08 -5.61524679e-02 
 3.11000000e-08 -5.71245429e-02 
 3.11200000e-08 -5.80875445e-02 
 3.11400000e-08 -5.90413215e-02 
 3.11600000e-08 -5.99857239e-02 
 3.11800000e-08 -6.09206035e-02 
 3.12000000e-08 -6.18458135e-02 
 3.12200000e-08 -6.27612087e-02 
 3.12400000e-08 -6.36666457e-02 
 3.12600000e-08 -6.45619826e-02 
 3.12800000e-08 -6.54470791e-02 
 3.13000000e-08 -6.63217968e-02 
 3.13200000e-08 -6.71859988e-02 
 3.13400000e-08 -6.80395499e-02 
 3.13600000e-08 -6.88823169e-02 
 3.13800000e-08 -6.97141680e-02 
 3.14000000e-08 -7.05349736e-02 
 3.14200000e-08 -7.13446054e-02 
 3.14400000e-08 -7.21429374e-02 
 3.14600000e-08 -7.29298451e-02 
 3.14800000e-08 -7.37052060e-02 
 3.15000000e-08 -7.44688994e-02 
 3.15200000e-08 -7.52208065e-02 
 3.15400000e-08 -7.59608105e-02 
 3.15600000e-08 -7.66887963e-02 
 3.15800000e-08 -7.74046510e-02 
 3.16000000e-08 -7.81082634e-02 
 3.16200000e-08 -7.87995243e-02 
 3.16400000e-08 -7.94783267e-02 
 3.16600000e-08 -8.01445653e-02 
 3.16800000e-08 -8.07981371e-02 
 3.17000000e-08 -8.14389407e-02 
 3.17200000e-08 -8.20668772e-02 
 3.17400000e-08 -8.26818493e-02 
 3.17600000e-08 -8.32837622e-02 
 3.17800000e-08 -8.38725228e-02 
 3.18000000e-08 -8.44480403e-02 
 3.18200000e-08 -8.50102258e-02 
 3.18400000e-08 -8.55589927e-02 
 3.18600000e-08 -8.60942564e-02 
 3.18800000e-08 -8.66159344e-02 
 3.19000000e-08 -8.71239464e-02 
 3.19200000e-08 -8.76182142e-02 
 3.19400000e-08 -8.80986617e-02 
 3.19600000e-08 -8.85652152e-02 
 3.19800000e-08 -8.90178029e-02 
 3.20000000e-08 -8.94563552e-02 
 3.20200000e-08 -8.98808049e-02 
 3.20400000e-08 -9.02910867e-02 
 3.20600000e-08 -9.06871377e-02 
 3.20800000e-08 -9.10688972e-02 
 3.21000000e-08 -9.14363067e-02 
 3.21200000e-08 -9.17893098e-02 
 3.21400000e-08 -9.21278525e-02 
 3.21600000e-08 -9.24518830e-02 
 3.21800000e-08 -9.27613515e-02 
 3.22000000e-08 -9.30562109e-02 
 3.22200000e-08 -9.33364160e-02 
 3.22400000e-08 -9.36019239e-02 
 3.22600000e-08 -9.38526940e-02 
 3.22800000e-08 -9.40886881e-02 
 3.23000000e-08 -9.43098701e-02 
 3.23200000e-08 -9.45162062e-02 
 3.23400000e-08 -9.47076650e-02 
 3.23600000e-08 -9.48842172e-02 
 3.23800000e-08 -9.50458358e-02 
 3.24000000e-08 -9.51924963e-02 
 3.24200000e-08 -9.53241763e-02 
 3.24400000e-08 -9.54408557e-02 
 3.24600000e-08 -9.55425168e-02 
 3.24800000e-08 -9.56291442e-02 
 3.25000000e-08 -9.57007245e-02 
 3.25200000e-08 -9.57572470e-02 
 3.25400000e-08 -9.57987030e-02 
 3.25600000e-08 -9.58250864e-02 
 3.25800000e-08 -9.58363931e-02 
 3.26000000e-08 -9.58326215e-02 
 3.26200000e-08 -9.58137723e-02 
 3.26400000e-08 -9.57798482e-02 
 3.26600000e-08 -9.57308547e-02 
 3.26800000e-08 -9.56667992e-02 
 3.27000000e-08 -9.55876915e-02 
 3.27200000e-08 -9.54935439e-02 
 3.27400000e-08 -9.53843707e-02 
 3.27600000e-08 -9.52601887e-02 
 3.27800000e-08 -9.51210169e-02 
 3.28000000e-08 -9.49668767e-02 
 3.28200000e-08 -9.47977915e-02 
 3.28400000e-08 -9.46137874e-02 
 3.28600000e-08 -9.44148925e-02 
 3.28800000e-08 -9.42011373e-02 
 3.29000000e-08 -9.39725544e-02 
 3.29200000e-08 -9.37291790e-02 
 3.29400000e-08 -9.34710482e-02 
 3.29600000e-08 -9.31982017e-02 
 3.29800000e-08 -9.29106812e-02 
 3.30000000e-08 -9.26085308e-02 
 3.30200000e-08 -9.22917968e-02 
 3.30400000e-08 -9.19605278e-02 
 3.30600000e-08 -9.16147745e-02 
 3.30800000e-08 -9.12545901e-02 
 3.31000000e-08 -9.08800296e-02 
 3.31200000e-08 -9.04911507e-02 
 3.31400000e-08 -9.00880131e-02 
 3.31600000e-08 -8.96706785e-02 
 3.31800000e-08 -8.92392112e-02 
 3.32000000e-08 -8.87936775e-02 
 3.32200000e-08 -8.83341457e-02 
 3.32400000e-08 -8.78606866e-02 
 3.32600000e-08 -8.73733730e-02 
 3.32800000e-08 -8.68722799e-02 
 3.33000000e-08 -8.63574844e-02 
 3.33200000e-08 -8.58290659e-02 
 3.33400000e-08 -8.52871056e-02 
 3.33600000e-08 -8.47316872e-02 
 3.33800000e-08 -8.41628963e-02 
 3.34000000e-08 -8.35808207e-02 
 3.34200000e-08 -8.29855501e-02 
 3.34400000e-08 -8.23771765e-02 
 3.34600000e-08 -8.17557939e-02 
 3.34800000e-08 -8.11214983e-02 
 3.35000000e-08 -8.04743878e-02 
 3.35200000e-08 -7.98145625e-02 
 3.35400000e-08 -7.91421246e-02 
 3.35600000e-08 -7.84571781e-02 
 3.35800000e-08 -7.77598292e-02 
 3.36000000e-08 -7.70501861e-02 
 3.36200000e-08 -7.63283587e-02 
 3.36400000e-08 -7.55944591e-02 
 3.36600000e-08 -7.48486012e-02 
 3.36800000e-08 -7.40909009e-02 
 3.37000000e-08 -7.33214760e-02 
 3.37200000e-08 -7.25404461e-02 
 3.37400000e-08 -7.17479328e-02 
 3.37600000e-08 -7.09440594e-02 
 3.37800000e-08 -7.01289512e-02 
 3.38000000e-08 -6.93027351e-02 
 3.38200000e-08 -6.84655401e-02 
 3.38400000e-08 -6.76174967e-02 
 3.38600000e-08 -6.67587374e-02 
 3.38800000e-08 -6.58893962e-02 
 3.39000000e-08 -6.50096091e-02 
 3.39200000e-08 -6.41195136e-02 
 3.39400000e-08 -6.32192490e-02 
 3.39600000e-08 -6.23089561e-02 
 3.39800000e-08 -6.13887777e-02 
 3.40000000e-08 -6.04588578e-02 
 3.40200000e-08 -5.95193423e-02 
 3.40400000e-08 -5.85703786e-02 
 3.40600000e-08 -5.76121156e-02 
 3.40800000e-08 -5.66447038e-02 
 3.41000000e-08 -5.56682953e-02 
 3.41200000e-08 -5.46830436e-02 
 3.41400000e-08 -5.36891035e-02 
 3.41600000e-08 -5.26866317e-02 
 3.41800000e-08 -5.16757858e-02 
 3.42000000e-08 -5.06567252e-02 
 3.42200000e-08 -4.96296104e-02 
 3.42400000e-08 -4.85946035e-02 
 3.42600000e-08 -4.75518677e-02 
 3.42800000e-08 -4.65015677e-02 
 3.43000000e-08 -4.54438692e-02 
 3.43200000e-08 -4.43789395e-02 
 3.43400000e-08 -4.33069469e-02 
 3.43600000e-08 -4.22280608e-02 
 3.43800000e-08 -4.11424520e-02 
 3.44000000e-08 -4.00502923e-02 
 3.44200000e-08 -3.89517546e-02 
 3.44400000e-08 -3.78470131e-02 
 3.44600000e-08 -3.67362427e-02 
 3.44800000e-08 -3.56196196e-02 
 3.45000000e-08 -3.44973209e-02 
 3.45200000e-08 -3.33695246e-02 
 3.45400000e-08 -3.22364098e-02 
 3.45600000e-08 -3.10981564e-02 
 3.45800000e-08 -2.99549451e-02 
 3.46000000e-08 -2.88069578e-02 
 3.46200000e-08 -2.76543767e-02 
 3.46400000e-08 -2.64973852e-02 
 3.46600000e-08 -2.53361673e-02 
 3.46800000e-08 -2.41709078e-02 
 3.47000000e-08 -2.30017920e-02 
 3.47200000e-08 -2.18290062e-02 
 3.47400000e-08 -2.06527369e-02 
 3.47600000e-08 -1.94731717e-02 
 3.47800000e-08 -1.82904983e-02 
 3.48000000e-08 -1.71049052e-02 
 3.48200000e-08 -1.59165814e-02 
 3.48400000e-08 -1.47257164e-02 
 3.48600000e-08 -1.35324999e-02 
 3.48800000e-08 -1.23371222e-02 
 3.49000000e-08 -1.11397741e-02 
 3.49200000e-08 -9.94064647e-03 
 3.49400000e-08 -8.73993065e-03 
 3.49600000e-08 -7.53781822e-03 
 3.49800000e-08 -6.33450100e-03 
 3.50000000e-08 -5.13017102e-03 
 3.50200000e-08 -3.92502052e-03 
 3.50400000e-08 -2.71924183e-03 
 3.50600000e-08 -1.51302744e-03 
 3.50800000e-08 -3.06569883e-04 
 3.51000000e-08  8.99938241e-04 
 3.51200000e-08  2.10630433e-03 
 3.51400000e-08  3.31233581e-03 
 3.51600000e-08  4.51784015e-03 
 3.51800000e-08  5.72262491e-03 
 3.52000000e-08  6.92649778e-03 
 3.52200000e-08  8.12926661e-03 
 3.52400000e-08  9.33073942e-03 
 3.52600000e-08  1.05307245e-02 
 3.52800000e-08  1.17290303e-02 
 3.53000000e-08  1.29254656e-02 
 3.53200000e-08  1.41198396e-02 
 3.53400000e-08  1.53119617e-02 
 3.53600000e-08  1.65016418e-02 
 3.53800000e-08  1.76886902e-02 
 3.54000000e-08  1.88729175e-02 
 3.54200000e-08  2.00541351e-02 
 3.54400000e-08  2.12321546e-02 
 3.54600000e-08  2.24067884e-02 
 3.54800000e-08  2.35778492e-02 
 3.55000000e-08  2.47451506e-02 
 3.55200000e-08  2.59085067e-02 
 3.55400000e-08  2.70677323e-02 
 3.55600000e-08  2.82226428e-02 
 3.55800000e-08  2.93730546e-02 
 3.56000000e-08  3.05187846e-02 
 3.56200000e-08  3.16596507e-02 
 3.56400000e-08  3.27954715e-02 
 3.56600000e-08  3.39260666e-02 
 3.56800000e-08  3.50512562e-02 
 3.57000000e-08  3.61708618e-02 
 3.57200000e-08  3.72847056e-02 
 3.57400000e-08  3.83926108e-02 
 3.57600000e-08  3.94944018e-02 
 3.57800000e-08  4.05899039e-02 
 3.58000000e-08  4.16789433e-02 
 3.58200000e-08  4.27613476e-02 
 3.58400000e-08  4.38369454e-02 
 3.58600000e-08  4.49055664e-02 
 3.58800000e-08  4.59670414e-02 
 3.59000000e-08  4.70212028e-02 
 3.59200000e-08  4.80678837e-02 
 3.59400000e-08  4.91069189e-02 
 3.59600000e-08  5.01381442e-02 
 3.59800000e-08  5.11613969e-02 
 3.60000000e-08  5.21765154e-02 
 3.60200000e-08  5.31833398e-02 
 3.60400000e-08  5.41817113e-02 
 3.60600000e-08  5.51714726e-02 
 3.60800000e-08  5.61524679e-02 
 3.61000000e-08  5.71245429e-02 
 3.61200000e-08  5.80875445e-02 
 3.61400000e-08  5.90413215e-02 
 3.61600000e-08  5.99857239e-02 
 3.61800000e-08  6.09206035e-02 
 3.62000000e-08  6.18458135e-02 
 3.62200000e-08  6.27612087e-02 
 3.62400000e-08  6.36666457e-02 
 3.62600000e-08  6.45619826e-02 
 3.62800000e-08  6.54470791e-02 
 3.63000000e-08  6.63217968e-02 
 3.63200000e-08  6.71859988e-02 
 3.63400000e-08  6.80395499e-02 
 3.63600000e-08  6.88823169e-02 
 3.63800000e-08  6.97141680e-02 
 3.64000000e-08  7.05349736e-02 
 3.64200000e-08  7.13446054e-02 
 3.64400000e-08  7.21429374e-02 
 3.64600000e-08  7.29298451e-02 
 3.64800000e-08  7.37052060e-02 
 3.65000000e-08  7.44688994e-02 
 3.65200000e-08  7.52208065e-02 
 3.65400000e-08  7.59608105e-02 
 3.65600000e-08  7.66887963e-02 
 3.65800000e-08  7.74046510e-02 
 3.66000000e-08  7.81082634e-02 
 3.66200000e-08  7.87995243e-02 
 3.66400000e-08  7.94783267e-02 
 3.66600000e-08  8.01445653e-02 
 3.66800000e-08  8.07981371e-02 
 3.67000000e-08  8.14389407e-02 
 3.67200000e-08  8.20668772e-02 
 3.67400000e-08  8.26818493e-02 
 3.67600000e-08  8.32837622e-02 
 3.67800000e-08  8.38725228e-02 
 3.68000000e-08  8.44480403e-02 
 3.68200000e-08  8.50102258e-02 
 3.68400000e-08  8.55589927e-02 
 3.68600000e-08  8.60942564e-02 
 3.68800000e-08  8.66159344e-02 
 3.69000000e-08  8.71239464e-02 
 3.69200000e-08  8.76182142e-02 
 3.69400000e-08  8.80986617e-02 
 3.69600000e-08  8.85652152e-02 
 3.69800000e-08  8.90178029e-02 
 3.70000000e-08  8.94563552e-02 
 3.70200000e-08  8.98808049e-02 
 3.70400000e-08  9.02910867e-02 
 3.70600000e-08  9.06871377e-02 
 3.70800000e-08  9.10688972e-02 
 3.71000000e-08  9.14363067e-02 
 3.71200000e-08  9.17893098e-02 
 3.71400000e-08  9.21278525e-02 
 3.71600000e-08  9.24518830e-02 
 3.71800000e-08  9.27613515e-02 
 3.72000000e-08  9.30562109e-02 
 3.72200000e-08  9.33364160e-02 
 3.72400000e-08  9.36019239e-02 
 3.72600000e-08  9.38526940e-02 
 3.72800000e-08  9.40886881e-02 
 3.73000000e-08  9.43098701e-02 
 3.73200000e-08  9.45162062e-02 
 3.73400000e-08  9.47076650e-02 
 3.73600000e-08  9.48842172e-02 
 3.73800000e-08  9.50458358e-02 
 3.74000000e-08  9.51924963e-02 
 3.74200000e-08  9.53241763e-02 
 3.74400000e-08  9.54408557e-02 
 3.74600000e-08  9.55425168e-02 
 3.74800000e-08  9.56291442e-02 
 3.75000000e-08  9.57007245e-02 
 3.75200000e-08  9.57572470e-02 
 3.75400000e-08  9.57987030e-02 
 3.75600000e-08  9.58250864e-02 
 3.75800000e-08  9.58363931e-02 
 3.76000000e-08  9.58326215e-02 
 3.76200000e-08  9.58137723e-02 
 3.76400000e-08  9.57798482e-02 
 3.76600000e-08  9.57308547e-02 
 3.76800000e-08  9.56667992e-02 
 3.77000000e-08  9.55876915e-02 
 3.77200000e-08  9.54935439e-02 
 3.77400000e-08  9.53843707e-02 
 3.77600000e-08  9.52601887e-02 
 3.77800000e-08  9.51210169e-02 
 3.78000000e-08  9.49668767e-02 
 3.78200000e-08  9.47977915e-02 
 3.78400000e-08  9.46137874e-02 
 3.78600000e-08  9.44148925e-02 
 3.78800000e-08  9.42011373e-02 
 3.79000000e-08  9.39725544e-02 
 3.79200000e-08  9.37291790e-02 
 3.79400000e-08  9.34710482e-02 
 3.79600000e-08  9.31982017e-02 
 3.79800000e-08  9.29106812e-02 
 3.80000000e-08  9.26085308e-02 
 3.80200000e-08  9.22917968e-02 
 3.80400000e-08  9.19605278e-02 
 3.80600000e-08  9.16147745e-02 
 3.80800000e-08  9.12545901e-02 
 3.81000000e-08  9.08800296e-02 
 3.81200000e-08  9.04911507e-02 
 3.81400000e-08  9.00880131e-02 
 3.81600000e-08  8.96706785e-02 
 3.81800000e-08  8.92392112e-02 
 3.82000000e-08  8.87936775e-02 
 3.82200000e-08  8.83341457e-02 
 3.82400000e-08  8.78606866e-02 
 3.82600000e-08  8.73733730e-02 
 3.82800000e-08  8.68722799e-02 
 3.83000000e-08  8.63574844e-02 
 3.83200000e-08  8.58290659e-02 
 3.83400000e-08  8.52871056e-02 
 3.83600000e-08  8.47316872e-02 
 3.83800000e-08  8.41628963e-02 
 3.84000000e-08  8.35808207e-02 
 3.84200000e-08  8.29855501e-02 
 3.84400000e-08  8.23771765e-02 
 3.84600000e-08  8.17557939e-02 
 3.84800000e-08  8.11214983e-02 
 3.85000000e-08  8.04743878e-02 
 3.85200000e-08  7.98145625e-02 
 3.85400000e-08  7.91421246e-02 
 3.85600000e-08  7.84571781e-02 
 3.85800000e-08  7.77598292e-02 
 3.86000000e-08  7.70501861e-02 
 3.86200000e-08  7.63283587e-02 
 3.86400000e-08  7.55944591e-02 
 3.86600000e-08  7.48486012e-02 
 3.86800000e-08  7.40909009e-02 
 3.87000000e-08  7.33214760e-02 
 3.87200000e-08  7.25404461e-02 
 3.87400000e-08  7.17479328e-02 
 3.87600000e-08  7.09440594e-02 
 3.87800000e-08  7.01289512e-02 
 3.88000000e-08  6.93027351e-02 
 3.88200000e-08  6.84655401e-02 
 3.88400000e-08  6.76174967e-02 
 3.88600000e-08  6.67587374e-02 
 3.88800000e-08  6.58893962e-02 
 3.89000000e-08  6.50096091e-02 
 3.89200000e-08  6.41195136e-02 
 3.89400000e-08  6.32192490e-02 
 3.89600000e-08  6.23089561e-02 
 3.89800000e-08  6.13887777e-02 
 3.90000000e-08  6.04588578e-02 
 3.90200000e-08  5.95193423e-02 
 3.90400000e-08  5.85703786e-02 
 3.90600000e-08  5.76121156e-02 
 3.90800000e-08  5.66447038e-02 
 3.91000000e-08  5.56682953e-02 
 3.91200000e-08  5.46830436e-02 
 3.91400000e-08  5.36891035e-02 
 3.91600000e-08  5.26866317e-02 
 3.91800000e-08  5.16757858e-02 
 3.92000000e-08  5.06567252e-02 
 3.92200000e-08  4.96296104e-02 
 3.92400000e-08  4.85946035e-02 
 3.92600000e-08  4.75518677e-02 
 3.92800000e-08  4.65015677e-02 
 3.93000000e-08  4.54438692e-02 
 3.93200000e-08  4.43789395e-02 
 3.93400000e-08  4.33069469e-02 
 3.93600000e-08  4.22280608e-02 
 3.93800000e-08  4.11424520e-02 
 3.94000000e-08  4.00502923e-02 
 3.94200000e-08  3.89517547e-02 
 3.94400000e-08  3.78470131e-02 
 3.94600000e-08  3.67362427e-02 
 3.94800000e-08  3.56196196e-02 
 3.95000000e-08  3.44973209e-02 
 3.95200000e-08  3.33695246e-02 
 3.95400000e-08  3.22364098e-02 
 3.95600000e-08  3.10981564e-02 
 3.95800000e-08  2.99549451e-02 
 3.96000000e-08  2.88069578e-02 
 3.96200000e-08  2.76543767e-02 
 3.96400000e-08  2.64973852e-02 
 3.96600000e-08  2.53361673e-02 
 3.96800000e-08  2.41709078e-02 
 3.97000000e-08  2.30017920e-02 
 3.97200000e-08  2.18290062e-02 
 3.97400000e-08  2.06527369e-02 
 3.97600000e-08  1.94731717e-02 
 3.97800000e-08  1.82904983e-02 
 3.98000000e-08  1.71049052e-02 
 3.98200000e-08  1.59165814e-02 
 3.98400000e-08  1.47257164e-02 
 3.98600000e-08  1.35324999e-02 
 3.98800000e-08  1.23371222e-02 
 3.99000000e-08  1.11397741e-02 
 3.99200000e-08  9.94064647e-03 
 3.99400000e-08  8.73993065e-03 
 3.99600000e-08  7.53781822e-03 
 3.99800000e-08  6.33450100e-03 
 4.00000000e-08  5.13017103e-03 
 4.00200000e-08  3.92502052e-03 
 4.00400000e-08  2.71924183e-03 
 4.00600000e-08  1.51302744e-03 
 4.00800000e-08  3.06569883e-04 
 4.01000000e-08 -8.99938241e-04 
 4.01200000e-08 -2.10630433e-03 
 4.01400000e-08 -3.31233581e-03 
 4.01600000e-08 -4.51784015e-03 
 4.01800000e-08 -5.72262491e-03 
 4.02000000e-08 -6.92649778e-03 
 4.02200000e-08 -8.12926661e-03 
 4.02400000e-08 -9.33073942e-03 
 4.02600000e-08 -1.05307245e-02 
 4.02800000e-08 -1.17290303e-02 
 4.03000000e-08 -1.29254656e-02 
 4.03200000e-08 -1.41198396e-02 
 4.03400000e-08 -1.53119617e-02 
 4.03600000e-08 -1.65016418e-02 
 4.03800000e-08 -1.76886902e-02 
 4.04000000e-08 -1.88729175e-02 
 4.04200000e-08 -2.00541351e-02 
 4.04400000e-08 -2.12321546e-02 
 4.04600000e-08 -2.24067884e-02 
 4.04800000e-08 -2.35778492e-02 
 4.05000000e-08 -2.47451506e-02 
 4.05200000e-08 -2.59085067e-02 
 4.05400000e-08 -2.70677323e-02 
 4.05600000e-08 -2.82226428e-02 
 4.05800000e-08 -2.93730546e-02 
 4.06000000e-08 -3.05187846e-02 
 4.06200000e-08 -3.16596507e-02 
 4.06400000e-08 -3.27954715e-02 
 4.06600000e-08 -3.39260666e-02 
 4.06800000e-08 -3.50512562e-02 
 4.07000000e-08 -3.61708618e-02 
 4.07200000e-08 -3.72847056e-02 
 4.07400000e-08 -3.83926108e-02 
 4.07600000e-08 -3.94944018e-02 
 4.07800000e-08 -4.05899039e-02 
 4.08000000e-08 -4.16789433e-02 
 4.08200000e-08 -4.27613476e-02 
 4.08400000e-08 -4.38369454e-02 
 4.08600000e-08 -4.49055664e-02 
 4.08800000e-08 -4.59670414e-02 
 4.09000000e-08 -4.70212028e-02 
 4.09200000e-08 -4.80678837e-02 
 4.09400000e-08 -4.91069189e-02 
 4.09600000e-08 -5.01381442e-02 
 4.09800000e-08 -5.11613969e-02 
 4.10000000e-08 -5.21765154e-02 
 4.10200000e-08 -5.31833398e-02 
 4.10400000e-08 -5.41817113e-02 
 4.10600000e-08 -5.51714726e-02 
 4.10800000e-08 -5.61524679e-02 
 4.11000000e-08 -5.71245429e-02 
 4.11200000e-08 -5.80875445e-02 
 4.11400000e-08 -5.90413215e-02 
 4.11600000e-08 -5.99857239e-02 
 4.11800000e-08 -6.09206035e-02 
 4.12000000e-08 -6.18458135e-02 
 4.12200000e-08 -6.27612087e-02 
 4.12400000e-08 -6.36666457e-02 
 4.12600000e-08 -6.45619826e-02 
 4.12800000e-08 -6.54470791e-02 
 4.13000000e-08 -6.63217968e-02 
 4.13200000e-08 -6.71859988e-02 
 4.13400000e-08 -6.80395499e-02 
 4.13600000e-08 -6.88823169e-02 
 4.13800000e-08 -6.97141680e-02 
 4.14000000e-08 -7.05349736e-02 
 4.14200000e-08 -7.13446054e-02 
 4.14400000e-08 -7.21429374e-02 
 4.14600000e-08 -7.29298451e-02 
 4.14800000e-08 -7.37052060e-02 
 4.15000000e-08 -7.44688994e-02 
 4.15200000e-08 -7.52208065e-02 
 4.15400000e-08 -7.59608105e-02 
 4.15600000e-08 -7.66887963e-02 
 4.15800000e-08 -7.74046510e-02 
 4.16000000e-08 -7.81082634e-02 
 4.16200000e-08 -7.87995243e-02 
 4.16400000e-08 -7.94783267e-02 
 4.16600000e-08 -8.01445653e-02 
 4.16800000e-08 -8.07981371e-02 
 4.17000000e-08 -8.14389407e-02 
 4.17200000e-08 -8.20668772e-02 
 4.17400000e-08 -8.26818493e-02 
 4.17600000e-08 -8.32837622e-02 
 4.17800000e-08 -8.38725228e-02 
 4.18000000e-08 -8.44480403e-02 
 4.18200000e-08 -8.50102258e-02 
 4.18400000e-08 -8.55589927e-02 
 4.18600000e-08 -8.60942564e-02 
 4.18800000e-08 -8.66159344e-02 
 4.19000000e-08 -8.71239464e-02 
 4.19200000e-08 -8.76182142e-02 
 4.19400000e-08 -8.80986617e-02 
 4.19600000e-08 -8.85652152e-02 
 4.19800000e-08 -8.90178029e-02 
 4.20000000e-08 -8.94563552e-02 
 4.20200000e-08 -8.98808049e-02 
 4.20400000e-08 -9.02910867e-02 
 4.20600000e-08 -9.06871377e-02 
 4.20800000e-08 -9.10688972e-02 
 4.21000000e-08 -9.14363067e-02 
 4.21200000e-08 -9.17893098e-02 
 4.21400000e-08 -9.21278525e-02 
 4.21600000e-08 -9.24518830e-02 
 4.21800000e-08 -9.27613515e-02 
 4.22000000e-08 -9.30562109e-02 
 4.22200000e-08 -9.33364160e-02 
 4.22400000e-08 -9.36019239e-02 
 4.22600000e-08 -9.38526940e-02 
 4.22800000e-08 -9.40886881e-02 
 4.23000000e-08 -9.43098701e-02 
 4.23200000e-08 -9.45162062e-02 
 4.23400000e-08 -9.47076650e-02 
 4.23600000e-08 -9.48842172e-02 
 4.23800000e-08 -9.50458358e-02 
 4.24000000e-08 -9.51924963e-02 
 4.24200000e-08 -9.53241763e-02 
 4.24400000e-08 -9.54408557e-02 
 4.24600000e-08 -9.55425168e-02 
 4.24800000e-08 -9.56291441e-02 
 4.25000000e-08 -9.57007245e-02 
 4.25200000e-08 -9.57572470e-02 
 4.25400000e-08 -9.57987030e-02 
 4.25600000e-08 -9.58250864e-02 
 4.25800000e-08 -9.58363931e-02 
 4.26000000e-08 -9.58326215e-02 
 4.26200000e-08 -9.58137723e-02 
 4.26400000e-08 -9.57798482e-02 
 4.26600000e-08 -9.57308547e-02 
 4.26800000e-08 -9.56667992e-02 
 4.27000000e-08 -9.55876915e-02 
 4.27200000e-08 -9.54935439e-02 
 4.27400000e-08 -9.53843707e-02 
 4.27600000e-08 -9.52601887e-02 
 4.27800000e-08 -9.51210169e-02 
 4.28000000e-08 -9.49668767e-02 
 4.28200000e-08 -9.47977915e-02 
 4.28400000e-08 -9.46137874e-02 
 4.28600000e-08 -9.44148925e-02 
 4.28800000e-08 -9.42011373e-02 
 4.29000000e-08 -9.39725544e-02 
 4.29200000e-08 -9.37291790e-02 
 4.29400000e-08 -9.34710482e-02 
 4.29600000e-08 -9.31982017e-02 
 4.29800000e-08 -9.29106812e-02 
 4.30000000e-08 -9.26085308e-02 
 4.30200000e-08 -9.22917968e-02 
 4.30400000e-08 -9.19605278e-02 
 4.30600000e-08 -9.16147745e-02 
 4.30800000e-08 -9.12545901e-02 
 4.31000000e-08 -9.08800296e-02 
 4.31200000e-08 -9.04911507e-02 
 4.31400000e-08 -9.00880131e-02 
 4.31600000e-08 -8.96706785e-02 
 4.31800000e-08 -8.92392112e-02 
 4.32000000e-08 -8.87936775e-02 
 4.32200000e-08 -8.83341457e-02 
 4.32400000e-08 -8.78606866e-02 
 4.32600000e-08 -8.73733730e-02 
 4.32800000e-08 -8.68722799e-02 
 4.33000000e-08 -8.63574844e-02 
 4.33200000e-08 -8.58290659e-02 
 4.33400000e-08 -8.52871056e-02 
 4.33600000e-08 -8.47316872e-02 
 4.33800000e-08 -8.41628963e-02 
 4.34000000e-08 -8.35808207e-02 
 4.34200000e-08 -8.29855501e-02 
 4.34400000e-08 -8.23771765e-02 
 4.34600000e-08 -8.17557939e-02 
 4.34800000e-08 -8.11214983e-02 
 4.35000000e-08 -8.04743878e-02 
 4.35200000e-08 -7.98145625e-02 
 4.35400000e-08 -7.91421246e-02 
 4.35600000e-08 -7.84571781e-02 
 4.35800000e-08 -7.77598292e-02 
 4.36000000e-08 -7.70501861e-02 
 4.36200000e-08 -7.63283587e-02 
 4.36400000e-08 -7.55944591e-02 
 4.36600000e-08 -7.48486012e-02 
 4.36800000e-08 -7.40909009e-02 
 4.37000000e-08 -7.33214760e-02 
 4.37200000e-08 -7.25404461e-02 
 4.37400000e-08 -7.17479328e-02 
 4.37600000e-08 -7.09440594e-02 
 4.37800000e-08 -7.01289512e-02 
 4.38000000e-08 -6.93027351e-02 
 4.38200000e-08 -6.84655401e-02 
 4.38400000e-08 -6.76174967e-02 
 4.38600000e-08 -6.67587374e-02 
 4.38800000e-08 -6.58893962e-02 
 4.39000000e-08 -6.50096091e-02 
 4.39200000e-08 -6.41195136e-02 
 4.39400000e-08 -6.32192490e-02 
 4.39600000e-08 -6.23089561e-02 
 4.39800000e-08 -6.13887777e-02 
 4.40000000e-08 -6.04588578e-02 
 4.40200000e-08 -5.95193423e-02 
 4.40400000e-08 -5.85703786e-02 
 4.40600000e-08 -5.76121156e-02 
 4.40800000e-08 -5.66447038e-02 
 4.41000000e-08 -5.56682953e-02 
 4.41200000e-08 -5.46830436e-02 
 4.41400000e-08 -5.36891035e-02 
 4.41600000e-08 -5.26866317e-02 
 4.41800000e-08 -5.16757858e-02 
 4.42000000e-08 -5.06567252e-02 
 4.42200000e-08 -4.96296104e-02 
 4.42400000e-08 -4.85946035e-02 
 4.42600000e-08 -4.75518677e-02 
 4.42800000e-08 -4.65015677e-02 
 4.43000000e-08 -4.54438692e-02 
 4.43200000e-08 -4.43789395e-02 
 4.43400000e-08 -4.33069469e-02 
 4.43600000e-08 -4.22280608e-02 
 4.43800000e-08 -4.11424520e-02 
 4.44000000e-08 -4.00502923e-02 
 4.44200000e-08 -3.89517546e-02 
 4.44400000e-08 -3.78470131e-02 
 4.44600000e-08 -3.67362427e-02 
 4.44800000e-08 -3.56196196e-02 
 4.45000000e-08 -3.44973209e-02 
 4.45200000e-08 -3.33695246e-02 
 4.45400000e-08 -3.22364098e-02 
 4.45600000e-08 -3.10981564e-02 
 4.45800000e-08 -2.99549451e-02 
 4.46000000e-08 -2.88069578e-02 
 4.46200000e-08 -2.76543767e-02 
 4.46400000e-08 -2.64973852e-02 
 4.46600000e-08 -2.53361673e-02 
 4.46800000e-08 -2.41709078e-02 
 4.47000000e-08 -2.30017920e-02 
 4.47200000e-08 -2.18290062e-02 
 4.47400000e-08 -2.06527369e-02 
 4.47600000e-08 -1.94731717e-02 
 4.47800000e-08 -1.82904983e-02 
 4.48000000e-08 -1.71049052e-02 
 4.48200000e-08 -1.59165814e-02 
 4.48400000e-08 -1.47257164e-02 
 4.48600000e-08 -1.35324999e-02 
 4.48800000e-08 -1.23371222e-02 
 4.49000000e-08 -1.11397741e-02 
 4.49200000e-08 -9.94064647e-03 
 4.49400000e-08 -8.73993065e-03 
 4.49600000e-08 -7.53781822e-03 
 4.49800000e-08 -6.33450100e-03 
 4.50000000e-08 -5.13017103e-03 
 4.50200000e-08 -3.92502052e-03 
 4.50400000e-08 -2.71924183e-03 
 4.50600000e-08 -1.51302744e-03 
 4.50800000e-08 -3.06569883e-04 
 4.51000000e-08  8.99938241e-04 
 4.51200000e-08  2.10630433e-03 
 4.51400000e-08  3.31233581e-03 
 4.51600000e-08  4.51784015e-03 
 4.51800000e-08  5.72262491e-03 
 4.52000000e-08  6.92649778e-03 
 4.52200000e-08  8.12926661e-03 
 4.52400000e-08  9.33073942e-03 
 4.52600000e-08  1.05307245e-02 
 4.52800000e-08  1.17290303e-02 
 4.53000000e-08  1.29254656e-02 
 4.53200000e-08  1.41198396e-02 
 4.53400000e-08  1.53119617e-02 
 4.53600000e-08  1.65016418e-02 
 4.53800000e-08  1.76886902e-02 
 4.54000000e-08  1.88729175e-02 
 4.54200000e-08  2.00541351e-02 
 4.54400000e-08  2.12321546e-02 
 4.54600000e-08  2.24067884e-02 
 4.54800000e-08  2.35778492e-02 
 4.55000000e-08  2.47451506e-02 
 4.55200000e-08  2.59085067e-02 
 4.55400000e-08  2.70677323e-02 
 4.55600000e-08  2.82226428e-02 
 4.55800000e-08  2.93730546e-02 
 4.56000000e-08  3.05187846e-02 
 4.56200000e-08  3.16596507e-02 
 4.56400000e-08  3.27954715e-02 
 4.56600000e-08  3.39260666e-02 
 4.56800000e-08  3.50512562e-02 
 4.57000000e-08  3.61708618e-02 
 4.57200000e-08  3.72847056e-02 
 4.57400000e-08  3.83926108e-02 
 4.57600000e-08  3.94944018e-02 
 4.57800000e-08  4.05899039e-02 
 4.58000000e-08  4.16789433e-02 
 4.58200000e-08  4.27613476e-02 
 4.58400000e-08  4.38369454e-02 
 4.58600000e-08  4.49055664e-02 
 4.58800000e-08  4.59670414e-02 
 4.59000000e-08  4.70212028e-02 
 4.59200000e-08  4.80678837e-02 
 4.59400000e-08  4.91069189e-02 
 4.59600000e-08  5.01381442e-02 
 4.59800000e-08  5.11613969e-02 
 4.60000000e-08  5.21765154e-02 
 4.60200000e-08  5.31833398e-02 
 4.60400000e-08  5.41817113e-02 
 4.60600000e-08  5.51714726e-02 
 4.60800000e-08  5.61524679e-02 
 4.61000000e-08  5.71245429e-02 
 4.61200000e-08  5.80875445e-02 
 4.61400000e-08  5.90413215e-02 
 4.61600000e-08  5.99857239e-02 
 4.61800000e-08  6.09206035e-02 
 4.62000000e-08  6.18458135e-02 
 4.62200000e-08  6.27612087e-02 
 4.62400000e-08  6.36666457e-02 
 4.62600000e-08  6.45619826e-02 
 4.62800000e-08  6.54470791e-02 
 4.63000000e-08  6.63217968e-02 
 4.63200000e-08  6.71859988e-02 
 4.63400000e-08  6.80395499e-02 
 4.63600000e-08  6.88823169e-02 
 4.63800000e-08  6.97141680e-02 
 4.64000000e-08  7.05349736e-02 
 4.64200000e-08  7.13446054e-02 
 4.64400000e-08  7.21429374e-02 
 4.64600000e-08  7.29298451e-02 
 4.64800000e-08  7.37052060e-02 
 4.65000000e-08  7.44688994e-02 
 4.65200000e-08  7.52208065e-02 
 4.65400000e-08  7.59608105e-02 
 4.65600000e-08  7.66887963e-02 
 4.65800000e-08  7.74046510e-02 
 4.66000000e-08  7.81082634e-02 
 4.66200000e-08  7.87995243e-02 
 4.66400000e-08  7.94783267e-02 
 4.66600000e-08  8.01445653e-02 
 4.66800000e-08  8.07981371e-02 
 4.67000000e-08  8.14389407e-02 
 4.67200000e-08  8.20668772e-02 
 4.67400000e-08  8.26818493e-02 
 4.67600000e-08  8.32837622e-02 
 4.67800000e-08  8.38725228e-02 
 4.68000000e-08  8.44480403e-02 
 4.68200000e-08  8.50102258e-02 
 4.68400000e-08  8.55589927e-02 
 4.68600000e-08  8.60942564e-02 
 4.68800000e-08  8.66159344e-02 
 4.69000000e-08  8.71239464e-02 
 4.69200000e-08  8.76182142e-02 
 4.69400000e-08  8.80986617e-02 
 4.69600000e-08  8.85652152e-02 
 4.69800000e-08  8.90178029e-02 
 4.70000000e-08  8.94563552e-02 
 4.70200000e-08  8.98808049e-02 
 4.70400000e-08  9.02910867e-02 
 4.70600000e-08  9.06871377e-02 
 4.70800000e-08  9.10688972e-02 
 4.71000000e-08  9.14363067e-02 
 4.71200000e-08  9.17893098e-02 
 4.71400000e-08  9.21278525e-02 
 4.71600000e-08  9.24518830e-02 
 4.71800000e-08  9.27613515e-02 
 4.72000000e-08  9.30562109e-02 
 4.72200000e-08  9.33364160e-02 
 4.72400000e-08  9.36019239e-02 
 4.72600000e-08  9.38526940e-02 
 4.72800000e-08  9.40886881e-02 
 4.73000000e-08  9.43098701e-02 
 4.73200000e-08  9.45162062e-02 
 4.73400000e-08  9.47076650e-02 
 4.73600000e-08  9.48842172e-02 
 4.73800000e-08  9.50458358e-02 
 4.74000000e-08  9.51924963e-02 
 4.74200000e-08  9.53241763e-02 
 4.74400000e-08  9.54408557e-02 
 4.74600000e-08  9.55425168e-02 
 4.74800000e-08  9.56291442e-02 
 4.75000000e-08  9.57007245e-02 
 4.75200000e-08  9.57572470e-02 
 4.75400000e-08  9.57987030e-02 
 4.75600000e-08  9.58250864e-02 
 4.75800000e-08  9.58363931e-02 
 4.76000000e-08  9.58326215e-02 
 4.76200000e-08  9.58137723e-02 
 4.76400000e-08  9.57798482e-02 
 4.76600000e-08  9.57308547e-02 
 4.76800000e-08  9.56667992e-02 
 4.77000000e-08  9.55876915e-02 
 4.77200000e-08  9.54935439e-02 
 4.77400000e-08  9.53843707e-02 
 4.77600000e-08  9.52601887e-02 
 4.77800000e-08  9.51210169e-02 
 4.78000000e-08  9.49668767e-02 
 4.78200000e-08  9.47977915e-02 
 4.78400000e-08  9.46137874e-02 
 4.78600000e-08  9.44148925e-02 
 4.78800000e-08  9.42011373e-02 
 4.79000000e-08  9.39725544e-02 
 4.79200000e-08  9.37291790e-02 
 4.79400000e-08  9.34710482e-02 
 4.79600000e-08  9.31982017e-02 
 4.79800000e-08  9.29106812e-02 
 4.80000000e-08  9.26085308e-02 
 4.80200000e-08  9.22917968e-02 
 4.80400000e-08  9.19605278e-02 
 4.80600000e-08  9.16147745e-02 
 4.80800000e-08  9.12545901e-02 
 4.81000000e-08  9.08800296e-02 
 4.81200000e-08  9.04911507e-02 
 4.81400000e-08  9.00880131e-02 
 4.81600000e-08  8.96706785e-02 
 4.81800000e-08  8.92392112e-02 
 4.82000000e-08  8.87936775e-02 
 4.82200000e-08  8.83341457e-02 
 4.82400000e-08  8.78606866e-02 
 4.82600000e-08  8.73733730e-02 
 4.82800000e-08  8.68722799e-02 
 4.83000000e-08  8.63574845e-02 
 4.83200000e-08  8.58290659e-02 
 4.83400000e-08  8.52871056e-02 
 4.83600000e-08  8.47316872e-02 
 4.83800000e-08  8.41628963e-02 
 4.84000000e-08  8.35808207e-02 
 4.84200000e-08  8.29855501e-02 
 4.84400000e-08  8.23771765e-02 
 4.84600000e-08  8.17557939e-02 
 4.84800000e-08  8.11214983e-02 
 4.85000000e-08  8.04743878e-02 
 4.85200000e-08  7.98145625e-02 
 4.85400000e-08  7.91421246e-02 
 4.85600000e-08  7.84571781e-02 
 4.85800000e-08  7.77598292e-02 
 4.86000000e-08  7.70501861e-02 
 4.86200000e-08  7.63283587e-02 
 4.86400000e-08  7.55944591e-02 
 4.86600000e-08  7.48486012e-02 
 4.86800000e-08  7.40909009e-02 
 4.87000000e-08  7.33214760e-02 
 4.87200000e-08  7.25404461e-02 
 4.87400000e-08  7.17479328e-02 
 4.87600000e-08  7.09440594e-02 
 4.87800000e-08  7.01289512e-02 
 4.88000000e-08  6.93027351e-02 
 4.88200000e-08  6.84655401e-02 
 4.88400000e-08  6.76174967e-02 
 4.88600000e-08  6.67587374e-02 
 4.88800000e-08  6.58893962e-02 
 4.89000000e-08  6.50096091e-02 
 4.89200000e-08  6.41195136e-02 
 4.89400000e-08  6.32192490e-02 
 4.89600000e-08  6.23089561e-02 
 4.89800000e-08  6.13887777e-02 
 4.90000000e-08  6.04588578e-02 
 4.90200000e-08  5.95193423e-02 
 4.90400000e-08  5.85703786e-02 
 4.90600000e-08  5.76121156e-02 
 4.90800000e-08  5.66447038e-02 
 4.91000000e-08  5.56682953e-02 
 4.91200000e-08  5.46830436e-02 
 4.91400000e-08  5.36891035e-02 
 4.91600000e-08  5.26866317e-02 
 4.91800000e-08  5.16757858e-02 
 4.92000000e-08  5.06567252e-02 
 4.92200000e-08  4.96296104e-02 
 4.92400000e-08  4.85946035e-02 
 4.92600000e-08  4.75518677e-02 
 4.92800000e-08  4.65015677e-02 
 4.93000000e-08  4.54438692e-02 
 4.93200000e-08  4.43789395e-02 
 4.93400000e-08  4.33069469e-02 
 4.93600000e-08  4.22280608e-02 
 4.93800000e-08  4.11424520e-02 
 4.94000000e-08  4.00502923e-02 
 4.94200000e-08  3.89517546e-02 
 4.94400000e-08  3.78470131e-02 
 4.94600000e-08  3.67362427e-02 
 4.94800000e-08  3.56196196e-02 
 4.95000000e-08  3.44973209e-02 
 4.95200000e-08  3.33695246e-02 
 4.95400000e-08  3.22364098e-02 
 4.95600000e-08  3.10981564e-02 
 4.95800000e-08  2.99549451e-02 
 4.96000000e-08  2.88069578e-02 
 4.96200000e-08  2.76543767e-02 
 4.96400000e-08  2.64973852e-02 
 4.96600000e-08  2.53361673e-02 
 4.96800000e-08  2.41709078e-02 
 4.97000000e-08  2.30017920e-02 
 4.97200000e-08  2.18290062e-02 
 4.97400000e-08  2.06527369e-02 
 4.97600000e-08  1.94731717e-02 
 4.97800000e-08  1.82904983e-02 
 4.98000000e-08  1.71049052e-02 
 4.98200000e-08  1.59165814e-02 
 4.98400000e-08  1.47257164e-02 
 4.98600000e-08  1.35324999e-02 
 4.98800000e-08  1.23371222e-02 
 4.99000000e-08  1.11397741e-02 
 4.99200000e-08  9.94064647e-03 
 4.99400000e-08  8.73993065e-03 
 4.99600000e-08  7.53781822e-03 
 4.99800000e-08  6.33450100e-03 
 5.00000000e-08  5.13017102e-03 
 5.00200000e-08  3.92502052e-03 
 5.00400000e-08  2.71924183e-03 
 5.00600000e-08  1.51302744e-03 
 5.00800000e-08  3.06569883e-04 
 5.01000000e-08 -8.99938241e-04 
 5.01200000e-08 -2.10630433e-03 
 5.01400000e-08 -3.31233581e-03 
 5.01600000e-08 -4.51784015e-03 
 5.01800000e-08 -5.72262491e-03 
 5.02000000e-08 -6.92649778e-03 
 5.02200000e-08 -8.12926661e-03 
 5.02400000e-08 -9.33073942e-03 
 5.02600000e-08 -1.05307245e-02 
 5.02800000e-08 -1.17290303e-02 
 5.03000000e-08 -1.29254656e-02 
 5.03200000e-08 -1.41198396e-02 
 5.03400000e-08 -1.53119617e-02 
 5.03600000e-08 -1.65016418e-02 
 5.03800000e-08 -1.76886902e-02 
 5.04000000e-08 -1.88729175e-02 
 5.04200000e-08 -2.00541351e-02 
 5.04400000e-08 -2.12321546e-02 
 5.04600000e-08 -2.24067884e-02 
 5.04800000e-08 -2.35778492e-02 
 5.05000000e-08 -2.47451506e-02 
 5.05200000e-08 -2.59085067e-02 
 5.05400000e-08 -2.70677323e-02 
 5.05600000e-08 -2.82226428e-02 
 5.05800000e-08 -2.93730546e-02 
 5.06000000e-08 -3.05187846e-02 
 5.06200000e-08 -3.16596507e-02 
 5.06400000e-08 -3.27954715e-02 
 5.06600000e-08 -3.39260666e-02 
 5.06800000e-08 -3.50512562e-02 
 5.07000000e-08 -3.61708618e-02 
 5.07200000e-08 -3.72847056e-02 
 5.07400000e-08 -3.83926108e-02 
 5.07600000e-08 -3.94944018e-02 
 5.07800000e-08 -4.05899039e-02 
 5.08000000e-08 -4.16789433e-02 
 5.08200000e-08 -4.27613476e-02 
 5.08400000e-08 -4.38369454e-02 
 5.08600000e-08 -4.49055664e-02 
 5.08800000e-08 -4.59670414e-02 
 5.09000000e-08 -4.70212028e-02 
 5.09200000e-08 -4.80678837e-02 
 5.09400000e-08 -4.91069189e-02 
 5.09600000e-08 -5.01381442e-02 
 5.09800000e-08 -5.11613969e-02 
 5.10000000e-08 -5.21765154e-02 
 5.10200000e-08 -5.31833398e-02 
 5.10400000e-08 -5.41817113e-02 
 5.10600000e-08 -5.51714726e-02 
 5.10800000e-08 -5.61524679e-02 
 5.11000000e-08 -5.71245429e-02 
 5.11200000e-08 -5.80875445e-02 
 5.11400000e-08 -5.90413215e-02 
 5.11600000e-08 -5.99857239e-02 
 5.11800000e-08 -6.09206035e-02 
 5.12000000e-08 -6.18458135e-02 
 5.12200000e-08 -6.27612087e-02 
 5.12400000e-08 -6.36666457e-02 
 5.12600000e-08 -6.45619826e-02 
 5.12800000e-08 -6.54470791e-02 
 5.13000000e-08 -6.63217968e-02 
 5.13200000e-08 -6.71859988e-02 
 5.13400000e-08 -6.80395499e-02 
 5.13600000e-08 -6.88823169e-02 
 5.13800000e-08 -6.97141680e-02 
 5.14000000e-08 -7.05349736e-02 
 5.14200000e-08 -7.13446054e-02 
 5.14400000e-08 -7.21429374e-02 
 5.14600000e-08 -7.29298451e-02 
 5.14800000e-08 -7.37052060e-02 
 5.15000000e-08 -7.44688994e-02 
 5.15200000e-08 -7.52208065e-02 
 5.15400000e-08 -7.59608105e-02 
 5.15600000e-08 -7.66887963e-02 
 5.15800000e-08 -7.74046510e-02 
 5.16000000e-08 -7.81082634e-02 
 5.16200000e-08 -7.87995243e-02 
 5.16400000e-08 -7.94783267e-02 
 5.16600000e-08 -8.01445653e-02 
 5.16800000e-08 -8.07981371e-02 
 5.17000000e-08 -8.14389407e-02 
 5.17200000e-08 -8.20668772e-02 
 5.17400000e-08 -8.26818493e-02 
 5.17600000e-08 -8.32837622e-02 
 5.17800000e-08 -8.38725228e-02 
 5.18000000e-08 -8.44480403e-02 
 5.18200000e-08 -8.50102258e-02 
 5.18400000e-08 -8.55589927e-02 
 5.18600000e-08 -8.60942564e-02 
 5.18800000e-08 -8.66159344e-02 
 5.19000000e-08 -8.71239464e-02 
 5.19200000e-08 -8.76182142e-02 
 5.19400000e-08 -8.80986617e-02 
 5.19600000e-08 -8.85652152e-02 
 5.19800000e-08 -8.90178029e-02 
 5.20000000e-08 -8.94563552e-02 
 5.20200000e-08 -8.98808049e-02 
 5.20400000e-08 -9.02910867e-02 
 5.20600000e-08 -9.06871377e-02 
 5.20800000e-08 -9.10688972e-02 
 5.21000000e-08 -9.14363067e-02 
 5.21200000e-08 -9.17893098e-02 
 5.21400000e-08 -9.21278525e-02 
 5.21600000e-08 -9.24518830e-02 
 5.21800000e-08 -9.27613515e-02 
 5.22000000e-08 -9.30562109e-02 
 5.22200000e-08 -9.33364160e-02 
 5.22400000e-08 -9.36019239e-02 
 5.22600000e-08 -9.38526940e-02 
 5.22800000e-08 -9.40886881e-02 
 5.23000000e-08 -9.43098701e-02 
 5.23200000e-08 -9.45162062e-02 
 5.23400000e-08 -9.47076650e-02 
 5.23600000e-08 -9.48842172e-02 
 5.23800000e-08 -9.50458358e-02 
 5.24000000e-08 -9.51924963e-02 
 5.24200000e-08 -9.53241763e-02 
 5.24400000e-08 -9.54408557e-02 
 5.24600000e-08 -9.55425168e-02 
 5.24800000e-08 -9.56291442e-02 
 5.25000000e-08 -9.57007245e-02 
 5.25200000e-08 -9.57572470e-02 
 5.25400000e-08 -9.57987030e-02 
 5.25600000e-08 -9.58250864e-02 
 5.25800000e-08 -9.58363931e-02 
 5.26000000e-08 -9.58326215e-02 
 5.26200000e-08 -9.58137723e-02 
 5.26400000e-08 -9.57798482e-02 
 5.26600000e-08 -9.57308547e-02 
 5.26800000e-08 -9.56667992e-02 
 5.27000000e-08 -9.55876915e-02 
 5.27200000e-08 -9.54935439e-02 
 5.27400000e-08 -9.53843707e-02 
 5.27600000e-08 -9.52601887e-02 
 5.27800000e-08 -9.51210169e-02 
 5.28000000e-08 -9.49668767e-02 
 5.28200000e-08 -9.47977915e-02 
 5.28400000e-08 -9.46137874e-02 
 5.28600000e-08 -9.44148925e-02 
 5.28800000e-08 -9.42011373e-02 
 5.29000000e-08 -9.39725544e-02 
 5.29200000e-08 -9.37291790e-02 
 5.29400000e-08 -9.34710482e-02 
 5.29600000e-08 -9.31982017e-02 
 5.29800000e-08 -9.29106812e-02 
 5.30000000e-08 -9.26085308e-02 
 5.30200000e-08 -9.22917968e-02 
 5.30400000e-08 -9.19605278e-02 
 5.30600000e-08 -9.16147745e-02 
 5.30800000e-08 -9.12545901e-02 
 5.31000000e-08 -9.08800296e-02 
 5.31200000e-08 -9.04911507e-02 
 5.31400000e-08 -9.00880131e-02 
 5.31600000e-08 -8.96706785e-02 
 5.31800000e-08 -8.92392112e-02 
 5.32000000e-08 -8.87936775e-02 
 5.32200000e-08 -8.83341457e-02 
 5.32400000e-08 -8.78606866e-02 
 5.32600000e-08 -8.73733730e-02 
 5.32800000e-08 -8.68722799e-02 
 5.33000000e-08 -8.63574844e-02 
 5.33200000e-08 -8.58290659e-02 
 5.33400000e-08 -8.52871056e-02 
 5.33600000e-08 -8.47316872e-02 
 5.33800000e-08 -8.41628963e-02 
 5.34000000e-08 -8.35808207e-02 
 5.34200000e-08 -8.29855501e-02 
 5.34400000e-08 -8.23771765e-02 
 5.34600000e-08 -8.17557939e-02 
 5.34800000e-08 -8.11214983e-02 
 5.35000000e-08 -8.04743878e-02 
 5.35200000e-08 -7.98145625e-02 
 5.35400000e-08 -7.91421246e-02 
 5.35600000e-08 -7.84571781e-02 
 5.35800000e-08 -7.77598292e-02 
 5.36000000e-08 -7.70501861e-02 
 5.36200000e-08 -7.63283587e-02 
 5.36400000e-08 -7.55944591e-02 
 5.36600000e-08 -7.48486012e-02 
 5.36800000e-08 -7.40909009e-02 
 5.37000000e-08 -7.33214760e-02 
 5.37200000e-08 -7.25404461e-02 
 5.37400000e-08 -7.17479328e-02 
 5.37600000e-08 -7.09440594e-02 
 5.37800000e-08 -7.01289512e-02 
 5.38000000e-08 -6.93027351e-02 
 5.38200000e-08 -6.84655401e-02 
 5.38400000e-08 -6.76174967e-02 
 5.38600000e-08 -6.67587374e-02 
 5.38800000e-08 -6.58893962e-02 
 5.39000000e-08 -6.50096091e-02 
 5.39200000e-08 -6.41195136e-02 
 5.39400000e-08 -6.32192490e-02 
 5.39600000e-08 -6.23089561e-02 
 5.39800000e-08 -6.13887777e-02 
 5.40000000e-08 -6.04588578e-02 
 5.40200000e-08 -5.95193423e-02 
 5.40400000e-08 -5.85703786e-02 
 5.40600000e-08 -5.76121156e-02 
 5.40800000e-08 -5.66447038e-02 
 5.41000000e-08 -5.56682953e-02 
 5.41200000e-08 -5.46830436e-02 
 5.41400000e-08 -5.36891035e-02 
 5.41600000e-08 -5.26866317e-02 
 5.41800000e-08 -5.16757858e-02 
 5.42000000e-08 -5.06567252e-02 
 5.42200000e-08 -4.96296104e-02 
 5.42400000e-08 -4.85946035e-02 
 5.42600000e-08 -4.75518677e-02 
 5.42800000e-08 -4.65015677e-02 
 5.43000000e-08 -4.54438692e-02 
 5.43200000e-08 -4.43789395e-02 
 5.43400000e-08 -4.33069469e-02 
 5.43600000e-08 -4.22280608e-02 
 5.43800000e-08 -4.11424520e-02 
 5.44000000e-08 -4.00502923e-02 
 5.44200000e-08 -3.89517547e-02 
 5.44400000e-08 -3.78470131e-02 
 5.44600000e-08 -3.67362427e-02 
 5.44800000e-08 -3.56196196e-02 
 5.45000000e-08 -3.44973209e-02 
 5.45200000e-08 -3.33695246e-02 
 5.45400000e-08 -3.22364098e-02 
 5.45600000e-08 -3.10981564e-02 
 5.45800000e-08 -2.99549451e-02 
 5.46000000e-08 -2.88069578e-02 
 5.46200000e-08 -2.76543767e-02 
 5.46400000e-08 -2.64973852e-02 
 5.46600000e-08 -2.53361673e-02 
 5.46800000e-08 -2.41709078e-02 
 5.47000000e-08 -2.30017920e-02 
 5.47200000e-08 -2.18290062e-02 
 5.47400000e-08 -2.06527369e-02 
 5.47600000e-08 -1.94731717e-02 
 5.47800000e-08 -1.82904983e-02 
 5.48000000e-08 -1.71049052e-02 
 5.48200000e-08 -1.59165814e-02 
 5.48400000e-08 -1.47257164e-02 
 5.48600000e-08 -1.35324999e-02 
 5.48800000e-08 -1.23371222e-02 
 5.49000000e-08 -1.11397741e-02 
 5.49200000e-08 -9.94064647e-03 
 5.49400000e-08 -8.73993065e-03 
 5.49600000e-08 -7.53781822e-03 
 5.49800000e-08 -6.33450100e-03 
 5.50000000e-08 -5.13017102e-03 
 5.50200000e-08 -3.92502052e-03 
 5.50400000e-08 -2.71924183e-03 
 5.50600000e-08 -1.51302744e-03 
 5.50800000e-08 -3.06569883e-04 
 5.51000000e-08  8.99938242e-04 
 5.51200000e-08  2.10630433e-03 
 5.51400000e-08  3.31233581e-03 
 5.51600000e-08  4.51784015e-03 
 5.51800000e-08  5.72262491e-03 
 5.52000000e-08  6.92649778e-03 
 5.52200000e-08  8.12926661e-03 
 5.52400000e-08  9.33073942e-03 
 5.52600000e-08  1.05307245e-02 
 5.52800000e-08  1.17290303e-02 
 5.53000000e-08  1.29254656e-02 
 5.53200000e-08  1.41198396e-02 
 5.53400000e-08  1.53119617e-02 
 5.53600000e-08  1.65016418e-02 
 5.53800000e-08  1.76886902e-02 
 5.54000000e-08  1.88729175e-02 
 5.54200000e-08  2.00541351e-02 
 5.54400000e-08  2.12321546e-02 
 5.54600000e-08  2.24067884e-02 
 5.54800000e-08  2.35778492e-02 
 5.55000000e-08  2.47451506e-02 
 5.55200000e-08  2.59085067e-02 
 5.55400000e-08  2.70677323e-02 
 5.55600000e-08  2.82226428e-02 
 5.55800000e-08  2.93730546e-02 
 5.56000000e-08  3.05187846e-02 
 5.56200000e-08  3.16596507e-02 
 5.56400000e-08  3.27954715e-02 
 5.56600000e-08  3.39260666e-02 
 5.56800000e-08  3.50512562e-02 
 5.57000000e-08  3.61708618e-02 
 5.57200000e-08  3.72847056e-02 
 5.57400000e-08  3.83926108e-02 
 5.57600000e-08  3.94944018e-02 
 5.57800000e-08  4.05899039e-02 
 5.58000000e-08  4.16789433e-02 
 5.58200000e-08  4.27613476e-02 
 5.58400000e-08  4.38369454e-02 
 5.58600000e-08  4.49055664e-02 
 5.58800000e-08  4.59670414e-02 
 5.59000000e-08  4.70212028e-02 
 5.59200000e-08  4.80678837e-02 
 5.59400000e-08  4.91069189e-02 
 5.59600000e-08  5.01381442e-02 
 5.59800000e-08  5.11613969e-02 
 5.60000000e-08  5.21765154e-02 
 5.60200000e-08  5.31833398e-02 
 5.60400000e-08  5.41817113e-02 
 5.60600000e-08  5.51714726e-02 
 5.60800000e-08  5.61524679e-02 
 5.61000000e-08  5.71245429e-02 
 5.61200000e-08  5.80875445e-02 
 5.61400000e-08  5.90413215e-02 
 5.61600000e-08  5.99857239e-02 
 5.61800000e-08  6.09206035e-02 
 5.62000000e-08  6.18458135e-02 
 5.62200000e-08  6.27612087e-02 
 5.62400000e-08  6.36666457e-02 
 5.62600000e-08  6.45619826e-02 
 5.62800000e-08  6.54470791e-02 
 5.63000000e-08  6.63217968e-02 
 5.63200000e-08  6.71859988e-02 
 5.63400000e-08  6.80395499e-02 
 5.63600000e-08  6.88823169e-02 
 5.63800000e-08  6.97141680e-02 
 5.64000000e-08  7.05349736e-02 
 5.64200000e-08  7.13446054e-02 
 5.64400000e-08  7.21429374e-02 
 5.64600000e-08  7.29298451e-02 
 5.64800000e-08  7.37052060e-02 
 5.65000000e-08  7.44688994e-02 
 5.65200000e-08  7.52208065e-02 
 5.65400000e-08  7.59608105e-02 
 5.65600000e-08  7.66887963e-02 
 5.65800000e-08  7.74046510e-02 
 5.66000000e-08  7.81082634e-02 
 5.66200000e-08  7.87995243e-02 
 5.66400000e-08  7.94783267e-02 
 5.66600000e-08  8.01445653e-02 
 5.66800000e-08  8.07981371e-02 
 5.67000000e-08  8.14389407e-02 
 5.67200000e-08  8.20668772e-02 
 5.67400000e-08  8.26818493e-02 
 5.67600000e-08  8.32837622e-02 
 5.67800000e-08  8.38725228e-02 
 5.68000000e-08  8.44480403e-02 
 5.68200000e-08  8.50102258e-02 
 5.68400000e-08  8.55589927e-02 
 5.68600000e-08  8.60942564e-02 
 5.68800000e-08  8.66159344e-02 
 5.69000000e-08  8.71239464e-02 
 5.69200000e-08  8.76182142e-02 
 5.69400000e-08  8.80986617e-02 
 5.69600000e-08  8.85652152e-02 
 5.69800000e-08  8.90178029e-02 
 5.70000000e-08  8.94563552e-02 
 5.70200000e-08  8.98808049e-02 
 5.70400000e-08  9.02910867e-02 
 5.70600000e-08  9.06871377e-02 
 5.70800000e-08  9.10688972e-02 
 5.71000000e-08  9.14363067e-02 
 5.71200000e-08  9.17893098e-02 
 5.71400000e-08  9.21278525e-02 
 5.71600000e-08  9.24518830e-02 
 5.71800000e-08  9.27613515e-02 
 5.72000000e-08  9.30562109e-02 
 5.72200000e-08  9.33364160e-02 
 5.72400000e-08  9.36019239e-02 
 5.72600000e-08  9.38526940e-02 
 5.72800000e-08  9.40886881e-02 
 5.73000000e-08  9.43098701e-02 
 5.73200000e-08  9.45162062e-02 
 5.73400000e-08  9.47076650e-02 
 5.73600000e-08  9.48842172e-02 
 5.73800000e-08  9.50458358e-02 
 5.74000000e-08  9.51924963e-02 
 5.74200000e-08  9.53241763e-02 
 5.74400000e-08  9.54408557e-02 
 5.74600000e-08  9.55425168e-02 
 5.74800000e-08  9.56291441e-02 
 5.75000000e-08  9.57007245e-02 
 5.75200000e-08  9.57572470e-02 
 5.75400000e-08  9.57987030e-02 
 5.75600000e-08  9.58250864e-02 
 5.75800000e-08  9.58363931e-02 
 5.76000000e-08  9.58326215e-02 
 5.76200000e-08  9.58137723e-02 
 5.76400000e-08  9.57798482e-02 
 5.76600000e-08  9.57308547e-02 
 5.76800000e-08  9.56667992e-02 
 5.77000000e-08  9.55876915e-02 
 5.77200000e-08  9.54935439e-02 
 5.77400000e-08  9.53843707e-02 
 5.77600000e-08  9.52601887e-02 
 5.77800000e-08  9.51210169e-02 
 5.78000000e-08  9.49668767e-02 
 5.78200000e-08  9.47977915e-02 
 5.78400000e-08  9.46137874e-02 
 5.78600000e-08  9.44148925e-02 
 5.78800000e-08  9.42011373e-02 
 5.79000000e-08  9.39725544e-02 
 5.79200000e-08  9.37291790e-02 
 5.79400000e-08  9.34710482e-02 
 5.79600000e-08  9.31982017e-02 
 5.79800000e-08  9.29106812e-02 
 5.80000000e-08  9.26085308e-02 
 5.80200000e-08  9.22917968e-02 
 5.80400000e-08  9.19605278e-02 
 5.80600000e-08  9.16147745e-02 
 5.80800000e-08  9.12545901e-02 
 5.81000000e-08  9.08800296e-02 
 5.81200000e-08  9.04911507e-02 
 5.81400000e-08  9.00880131e-02 
 5.81600000e-08  8.96706785e-02 
 5.81800000e-08  8.92392112e-02 
 5.82000000e-08  8.87936775e-02 
 5.82200000e-08  8.83341457e-02 
 5.82400000e-08  8.78606866e-02 
 5.82600000e-08  8.73733730e-02 
 5.82800000e-08  8.68722799e-02 
 5.83000000e-08  8.63574844e-02 
 5.83200000e-08  8.58290659e-02 
 5.83400000e-08  8.52871056e-02 
 5.83600000e-08  8.47316872e-02 
 5.83800000e-08  8.41628963e-02 
 5.84000000e-08  8.35808207e-02 
 5.84200000e-08  8.29855501e-02 
 5.84400000e-08  8.23771765e-02 
 5.84600000e-08  8.17557939e-02 
 5.84800000e-08  8.11214983e-02 
 5.85000000e-08  8.04743878e-02 
 5.85200000e-08  7.98145625e-02 
 5.85400000e-08  7.91421246e-02 
 5.85600000e-08  7.84571781e-02 
 5.85800000e-08  7.77598292e-02 
 5.86000000e-08  7.70501861e-02 
 5.86200000e-08  7.63283587e-02 
 5.86400000e-08  7.55944591e-02 
 5.86600000e-08  7.48486012e-02 
 5.86800000e-08  7.40909009e-02 
 5.87000000e-08  7.33214760e-02 
 5.87200000e-08  7.25404461e-02 
 5.87400000e-08  7.17479328e-02 
 5.87600000e-08  7.09440594e-02 
 5.87800000e-08  7.01289512e-02 
 5.88000000e-08  6.93027351e-02 
 5.88200000e-08  6.84655401e-02 
 5.88400000e-08  6.76174967e-02 
 5.88600000e-08  6.67587374e-02 
 5.88800000e-08  6.58893962e-02 
 5.89000000e-08  6.50096091e-02 
 5.89200000e-08  6.41195136e-02 
 5.89400000e-08  6.32192490e-02 
 5.89600000e-08  6.23089561e-02 
 5.89800000e-08  6.13887777e-02 
 5.90000000e-08  6.04588578e-02 
 5.90200000e-08  5.95193423e-02 
 5.90400000e-08  5.85703786e-02 
 5.90600000e-08  5.76121156e-02 
 5.90800000e-08  5.66447038e-02 
 5.91000000e-08  5.56682953e-02 
 5.91200000e-08  5.46830436e-02 
 5.91400000e-08  5.36891035e-02 
 5.91600000e-08  5.26866317e-02 
 5.91800000e-08  5.16757858e-02 
 5.92000000e-08  5.06567252e-02 
 5.92200000e-08  4.96296104e-02 
 5.92400000e-08  4.85946035e-02 
 5.92600000e-08  4.75518677e-02 
 5.92800000e-08  4.65015677e-02 
 5.93000000e-08  4.54438692e-02 
 5.93200000e-08  4.43789395e-02 
 5.93400000e-08  4.33069469e-02 
 5.93600000e-08  4.22280608e-02 
 5.93800000e-08  4.11424520e-02 
 5.94000000e-08  4.00502923e-02 
 5.94200000e-08  3.89517546e-02 
 5.94400000e-08  3.78470131e-02 
 5.94600000e-08  3.67362427e-02 
 5.94800000e-08  3.56196196e-02 
 5.95000000e-08  3.44973209e-02 
 5.95200000e-08  3.33695246e-02 
 5.95400000e-08  3.22364098e-02 
 5.95600000e-08  3.10981564e-02 
 5.95800000e-08  2.99549451e-02 
 5.96000000e-08  2.88069578e-02 
 5.96200000e-08  2.76543767e-02 
 5.96400000e-08  2.64973852e-02 
 5.96600000e-08  2.53361673e-02 
 5.96800000e-08  2.41709078e-02 
 5.97000000e-08  2.30017920e-02 
 5.97200000e-08  2.18290062e-02 
 5.97400000e-08  2.06527369e-02 
 5.97600000e-08  1.94731717e-02 
 5.97800000e-08  1.82904983e-02 
 5.98000000e-08  1.71049052e-02 
 5.98200000e-08  1.59165814e-02 
 5.98400000e-08  1.47257164e-02 
 5.98600000e-08  1.35324999e-02 
 5.98800000e-08  1.23371222e-02 
 5.99000000e-08  1.11397741e-02 
 5.99200000e-08  9.94064647e-03 
 5.99400000e-08  8.73993065e-03 
 5.99600000e-08  7.53781822e-03 
 5.99800000e-08  6.33450100e-03 
 6.00000000e-08  5.13025045e-03 
