 0.00000000e+00  0.00000000e+00 
 2.00000000e-11  5.62408597e-06 
 4.00000000e-11 -4.73819856e-05 
 6.00000000e-11 -9.94157098e-05 
 8.00000000e-11 -1.50439455e-04 
 1.00000000e-10 -2.00484459e-04 
 1.20000000e-10 -2.49568716e-04 
 1.40000000e-10 -2.97722537e-04 
 1.60000000e-10 -3.44961938e-04 
 1.80000000e-10 -3.91315570e-04 
 2.00000000e-10 -4.36798067e-04 
 2.20000000e-10 -4.81436277e-04 
 2.40000000e-10 -5.25243641e-04 
 2.60000000e-10 -5.68245229e-04 
 2.80000000e-10 -6.10453379e-04 
 3.00000000e-10 -6.51891457e-04 
 3.20000000e-10 -6.92570764e-04 
 3.40000000e-10 -7.32513052e-04 
 3.60000000e-10 -7.71728647e-04 
 3.80000000e-10 -8.10237777e-04 
 4.00000000e-10 -8.48049852e-04 
 4.20000000e-10 -8.85183668e-04 
 4.40000000e-10 -9.21647778e-04 
 4.60000000e-10 -9.57459633e-04 
 4.80000000e-10 -9.92626988e-04 
 5.00000000e-10 -1.02716603e-03 
 5.20000000e-10 -1.06108378e-03 
 5.40000000e-10 -1.09439523e-03 
 5.60000000e-10 -1.12710672e-03 
 5.80000000e-10 -1.15923215e-03 
 6.00000000e-10 -1.19077720e-03 
 6.20000000e-10 -1.22175476e-03 
 6.40000000e-10 -1.25216991e-03 
 6.60000000e-10 -1.28203458e-03 
 6.80000000e-10 -1.31135333e-03 
 7.00000000e-10 -1.34013717e-03 
 7.20000000e-10 -1.36839016e-03 
 7.40000000e-10 -1.39612250e-03 
 7.60000000e-10 -1.42333779e-03 
 7.80000000e-10 -1.45004545e-03 
 8.00000000e-10 -1.47624865e-03 
 8.20000000e-10 -1.50195612e-03 
 8.40000000e-10 -1.52717064e-03 
 8.60000000e-10 -1.55190026e-03 
 8.80000000e-10 -1.57614743e-03 
 9.00000000e-10 -1.59991958e-03 
 9.20000000e-10 -1.62321885e-03 
 9.40000000e-10 -1.64605209e-03 
 9.60000000e-10 -1.66842116e-03 
 9.80000000e-10 -1.69033239e-03 
 1.00000000e-09 -1.71178737e-03 
 1.02000000e-09 -1.73279195e-03 
 1.04000000e-09 -1.75334750e-03 
 1.06000000e-09 -1.77345940e-03 
 1.08000000e-09 -1.79312881e-03 
 1.10000000e-09 -1.81236073e-03 
 1.12000000e-09 -1.83115612e-03 
 1.14000000e-09 -1.84951958e-03 
 1.16000000e-09 -1.86745192e-03 
 1.18000000e-09 -1.88495740e-03 
 1.20000000e-09 -1.90203667e-03 
 1.22000000e-09 -1.91869367e-03 
 1.24000000e-09 -1.93492893e-03 
 1.26000000e-09 -1.95074611e-03 
 1.28000000e-09 -1.96614560e-03 
 1.30000000e-09 -1.98113080e-03 
 1.32000000e-09 -1.99570201e-03 
 1.34000000e-09 -2.00986239e-03 
 1.36000000e-09 -2.02361215e-03 
 1.38000000e-09 -2.03695422e-03 
 1.40000000e-09 -2.04988877e-03 
 1.42000000e-09 -2.06241849e-03 
 1.44000000e-09 -2.07454350e-03 
 1.46000000e-09 -2.08626633e-03 
 1.48000000e-09 -2.09758705e-03 
 1.50000000e-09 -2.10850800e-03 
 1.52000000e-09 -2.11902923e-03 
 1.54000000e-09 -2.12915293e-03 
 1.56000000e-09 -2.13887912e-03 
 1.58000000e-09 -2.14820988e-03 
 1.60000000e-09 -2.15714518e-03 
 1.62000000e-09 -2.16568698e-03 
 1.64000000e-09 -2.17383527e-03 
 1.66000000e-09 -2.18159189e-03 
 1.68000000e-09 -2.18895682e-03 
 1.70000000e-09 -2.19593182e-03 
 1.72000000e-09 -2.20251688e-03 
 1.74000000e-09 -2.20871366e-03 
 1.76000000e-09 -2.21452217e-03 
 1.78000000e-09 -2.21994401e-03 
 1.80000000e-09 -2.22497920e-03 
 1.82000000e-09 -2.22962928e-03 
 1.84000000e-09 -2.23389429e-03 
 1.86000000e-09 -2.23777574e-03 
 1.88000000e-09 -2.24127369e-03 
 1.90000000e-09 -2.24438960e-03 
 1.92000000e-09 -2.24712357e-03 
 1.94000000e-09 -2.24947703e-03 
 1.96000000e-09 -2.25145012e-03 
 1.98000000e-09 -2.25304426e-03 
 2.00000000e-09 -2.25425961e-03 
 2.02000000e-09 -2.25509759e-03 
 2.04000000e-09 -2.25555841e-03 
 2.06000000e-09 -2.25564346e-03 
 2.08000000e-09 -2.25535304e-03 
 2.10000000e-09 -2.25468852e-03 
 2.12000000e-09 -2.25365024e-03 
 2.14000000e-09 -2.25223959e-03 
 2.16000000e-09 -2.25045698e-03 
 2.18000000e-09 -2.24830382e-03 
 2.20000000e-09 -2.24578055e-03 
 2.22000000e-09 -2.24288861e-03 
 2.24000000e-09 -2.23962852e-03 
 2.26000000e-09 -2.23600173e-03 
 2.28000000e-09 -2.23200885e-03 
 2.30000000e-09 -2.22765134e-03 
 2.32000000e-09 -2.22292988e-03 
 2.34000000e-09 -2.21784599e-03 
 2.36000000e-09 -2.21240040e-03 
 2.38000000e-09 -2.20659467e-03 
 2.40000000e-09 -2.20042963e-03 
 2.42000000e-09 -2.19390687e-03 
 2.44000000e-09 -2.18702731e-03 
 2.46000000e-09 -2.17979258e-03 
 2.48000000e-09 -2.17220367e-03 
 2.50000000e-09 -2.16426229e-03 
 2.52000000e-09 -2.15596951e-03 
 2.54000000e-09 -2.14732709e-03 
 2.56000000e-09 -2.13833619e-03 
 2.58000000e-09 -2.12899864e-03 
 2.60000000e-09 -2.11931567e-03 
 2.62000000e-09 -2.10928919e-03 
 2.64000000e-09 -2.09892053e-03 
 2.66000000e-09 -2.08821164e-03 
 2.68000000e-09 -2.07716398e-03 
 2.70000000e-09 -2.06577955e-03 
 2.72000000e-09 -2.05405990e-03 
 2.74000000e-09 -2.04200713e-03 
 2.76000000e-09 -2.02962286e-03 
 2.78000000e-09 -2.01690928e-03 
 2.80000000e-09 -2.00386812e-03 
 2.82000000e-09 -1.99050163e-03 
 2.84000000e-09 -1.97681164e-03 
 2.86000000e-09 -1.96280050e-03 
 2.88000000e-09 -1.94847014e-03 
 2.90000000e-09 -1.93382297e-03 
 2.92000000e-09 -1.91886105e-03 
 2.94000000e-09 -1.90358686e-03 
 2.96000000e-09 -1.88800256e-03 
 2.98000000e-09 -1.87211074e-03 
 3.00000000e-09 -1.85591365e-03 
 3.02000000e-09 -1.83941397e-03 
 3.04000000e-09 -1.82261404e-03 
 3.06000000e-09 -1.80551665e-03 
 3.08000000e-09 -1.78812425e-03 
 3.10000000e-09 -1.77043969e-03 
 3.12000000e-09 -1.75246555e-03 
 3.14000000e-09 -1.73420477e-03 
 3.16000000e-09 -1.71566004e-03 
 3.18000000e-09 -1.69683437e-03 
 3.20000000e-09 -1.67773057e-03 
 3.22000000e-09 -1.65835175e-03 
 3.24000000e-09 -1.63870079e-03 
 3.26000000e-09 -1.61878093e-03 
 3.28000000e-09 -1.59859515e-03 
 3.30000000e-09 -1.57814676e-03 
 3.32000000e-09 -1.55743885e-03 
 3.34000000e-09 -1.53647482e-03 
 3.36000000e-09 -1.51525788e-03 
 3.38000000e-09 -1.49379150e-03 
 3.40000000e-09 -1.47207899e-03 
 3.42000000e-09 -1.45012393e-03 
 3.44000000e-09 -1.42792970e-03 
 3.46000000e-09 -1.40549998e-03 
 3.48000000e-09 -1.38283825e-03 
 3.50000000e-09 -1.35994827e-03 
 3.52000000e-09 -1.33683363e-03 
 3.54000000e-09 -1.31349816e-03 
 3.56000000e-09 -1.28994554e-03 
 3.58000000e-09 -1.26617969e-03 
 3.60000000e-09 -1.24220438e-03 
 3.62000000e-09 -1.21802361e-03 
 3.64000000e-09 -1.19364123e-03 
 3.66000000e-09 -1.16906132e-03 
 3.68000000e-09 -1.14428782e-03 
 3.70000000e-09 -1.11932489e-03 
 3.72000000e-09 -1.09417654e-03 
 3.74000000e-09 -1.06884700e-03 
 3.76000000e-09 -1.04334037e-03 
 3.78000000e-09 -1.01766094e-03 
 3.80000000e-09 -9.91812896e-04 
 3.82000000e-09 -9.65800592e-04 
 3.84000000e-09 -9.39628268e-04 
 3.86000000e-09 -9.13300358e-04 
 3.88000000e-09 -8.86821166e-04 
 3.90000000e-09 -8.60195184e-04 
 3.92000000e-09 -8.33426780e-04 
 3.94000000e-09 -8.06520501e-04 
 3.96000000e-09 -7.79480776e-04 
 3.98000000e-09 -7.52312204e-04 
 4.00000000e-09 -7.25019268e-04 
 4.02000000e-09 -6.97606617e-04 
 4.04000000e-09 -6.70078785e-04 
 4.06000000e-09 -6.42440464e-04 
 4.08000000e-09 -6.14696236e-04 
 4.10000000e-09 -5.86850834e-04 
 4.12000000e-09 -5.58908879e-04 
 4.14000000e-09 -5.30875143e-04 
 4.16000000e-09 -5.02754286e-04 
 4.18000000e-09 -4.74551109e-04 
 4.20000000e-09 -4.46270305e-04 
 4.22000000e-09 -4.17916705e-04 
 4.24000000e-09 -3.89495030e-04 
 4.26000000e-09 -3.61010133e-04 
 4.28000000e-09 -3.32466760e-04 
 4.30000000e-09 -3.03869782e-04 
 4.32000000e-09 -2.75223966e-04 
 4.34000000e-09 -2.46534196e-04 
 4.36000000e-09 -2.17805253e-04 
 4.38000000e-09 -1.89042031e-04 
 4.40000000e-09 -1.60249322e-04 
 4.42000000e-09 -1.31432026e-04 
 4.44000000e-09 -1.02594940e-04 
 4.46000000e-09 -7.37429632e-05 
 4.48000000e-09 -4.48808944e-05 
 4.50000000e-09 -1.60136293e-05 
 4.52000000e-09  1.28540371e-05 
 4.54000000e-09  4.17172173e-05 
 4.56000000e-09  7.05711243e-05 
 4.58000000e-09  9.94108837e-05 
 4.60000000e-09  1.28231721e-04 
 4.62000000e-09  1.57028778e-04 
 4.64000000e-09  1.85797298e-04 
 4.66000000e-09  2.14532445e-04 
 4.68000000e-09  2.43229481e-04 
 4.70000000e-09  2.71883598e-04 
 4.72000000e-09  3.00490084e-04 
 4.74000000e-09  3.29044159e-04 
 4.76000000e-09  3.57541140e-04 
 4.78000000e-09  3.85976282e-04 
 4.80000000e-09  4.14344937e-04 
 4.82000000e-09  4.42642397e-04 
 4.84000000e-09  4.70864050e-04 
 4.86000000e-09  4.99005231e-04 
 4.88000000e-09  5.27061371e-04 
 4.90000000e-09  5.55027847e-04 
 4.92000000e-09  5.82900137e-04 
 4.94000000e-09  6.10673668e-04 
 4.96000000e-09  6.38343967e-04 
 4.98000000e-09  6.65906511e-04 
 5.00000000e-09  6.93356880e-04 
 5.02000000e-09  7.20690609e-04 
 5.04000000e-09  7.47903332e-04 
 5.06000000e-09  7.74990643e-04 
 5.08000000e-09  8.01948236e-04 
 5.10000000e-09  8.28771766e-04 
 5.12000000e-09  8.55456988e-04 
 5.14000000e-09  8.81999624e-04 
 5.16000000e-09  9.08395494e-04 
 5.18000000e-09  9.34640386e-04 
 5.20000000e-09  9.60730188e-04 
 5.22000000e-09  9.86660760e-04 
 5.24000000e-09  1.01242806e-03 
 5.26000000e-09  1.03802802e-03 
 5.28000000e-09  1.06345667e-03 
 5.30000000e-09  1.08871001e-03 
 5.32000000e-09  1.11378416e-03 
 5.34000000e-09  1.13867520e-03 
 5.36000000e-09  1.16337931e-03 
 5.38000000e-09  1.18789265e-03 
 5.40000000e-09  1.21221149e-03 
 5.42000000e-09  1.23633207e-03 
 5.44000000e-09  1.26025073e-03 
 5.46000000e-09  1.28396381e-03 
 5.48000000e-09  1.30746772e-03 
 5.50000000e-09  1.33075889e-03 
 5.52000000e-09  1.35383381e-03 
 5.54000000e-09  1.37668900e-03 
 5.56000000e-09  1.39932103e-03 
 5.58000000e-09  1.42172651e-03 
 5.60000000e-09  1.44390211e-03 
 5.62000000e-09  1.46584450e-03 
 5.64000000e-09  1.48755046e-03 
 5.66000000e-09  1.50901674e-03 
 5.68000000e-09  1.53024021e-03 
 5.70000000e-09  1.55121772e-03 
 5.72000000e-09  1.57194622e-03 
 5.74000000e-09  1.59242265e-03 
 5.76000000e-09  1.61264404e-03 
 5.78000000e-09  1.63260745e-03 
 5.80000000e-09  1.65230998e-03 
 5.82000000e-09  1.67174877e-03 
 5.84000000e-09  1.69092105e-03 
 5.86000000e-09  1.70982402e-03 
 5.88000000e-09  1.72845501e-03 
 5.90000000e-09  1.74681131e-03 
 5.92000000e-09  1.76489035e-03 
 5.94000000e-09  1.78268951e-03 
 5.96000000e-09  1.80020630e-03 
 5.98000000e-09  1.81743822e-03 
 6.00000000e-09  1.83438284e-03 
 6.02000000e-09  1.85103776e-03 
 6.04000000e-09  1.86740066e-03 
 6.06000000e-09  1.88346922e-03 
 6.08000000e-09  1.89924121e-03 
 6.10000000e-09  1.91471441e-03 
 6.12000000e-09  1.92988667e-03 
 6.14000000e-09  1.94475587e-03 
 6.16000000e-09  1.95931995e-03 
 6.18000000e-09  1.97357688e-03 
 6.20000000e-09  1.98752471e-03 
 6.22000000e-09  2.00116147e-03 
 6.24000000e-09  2.01448531e-03 
 6.26000000e-09  2.02749436e-03 
 6.28000000e-09  2.04018686e-03 
 6.30000000e-09  2.05256103e-03 
 6.32000000e-09  2.06461519e-03 
 6.34000000e-09  2.07634767e-03 
 6.36000000e-09  2.08775686e-03 
 6.38000000e-09  2.09884119e-03 
 6.40000000e-09  2.10959914e-03 
 6.42000000e-09  2.12002921e-03 
 6.44000000e-09  2.13013000e-03 
 6.46000000e-09  2.13990009e-03 
 6.48000000e-09  2.14933815e-03 
 6.50000000e-09  2.15844287e-03 
 6.52000000e-09  2.16721300e-03 
 6.54000000e-09  2.17564732e-03 
 6.56000000e-09  2.18374467e-03 
 6.58000000e-09  2.19150391e-03 
 6.60000000e-09  2.19892397e-03 
 6.62000000e-09  2.20600381e-03 
 6.64000000e-09  2.21274244e-03 
 6.66000000e-09  2.21913889e-03 
 6.68000000e-09  2.22519229e-03 
 6.70000000e-09  2.23090174e-03 
 6.72000000e-09  2.23626646e-03 
 6.74000000e-09  2.24128564e-03 
 6.76000000e-09  2.24595857e-03 
 6.78000000e-09  2.25028455e-03 
 6.80000000e-09  2.25426295e-03 
 6.82000000e-09  2.25789316e-03 
 6.84000000e-09  2.26117463e-03 
 6.86000000e-09  2.26410684e-03 
 6.88000000e-09  2.26668934e-03 
 6.90000000e-09  2.26892168e-03 
 6.92000000e-09  2.27080350e-03 
 6.94000000e-09  2.27233446e-03 
 6.96000000e-09  2.27351426e-03 
 6.98000000e-09  2.27434266e-03 
 7.00000000e-09  2.27481946e-03 
 7.02000000e-09  2.27494449e-03 
 7.04000000e-09  2.27471764e-03 
 7.06000000e-09  2.27413885e-03 
 7.08000000e-09  2.27320810e-03 
 7.10000000e-09  2.27192538e-03 
 7.12000000e-09  2.27029080e-03 
 7.14000000e-09  2.26830444e-03 
 7.16000000e-09  2.26596647e-03 
 7.18000000e-09  2.26327709e-03 
 7.20000000e-09  2.26023656e-03 
 7.22000000e-09  2.25684516e-03 
 7.24000000e-09  2.25310325e-03 
 7.26000000e-09  2.24901120e-03 
 7.28000000e-09  2.24456946e-03 
 7.30000000e-09  2.23977851e-03 
 7.32000000e-09  2.23463888e-03 
 7.34000000e-09  2.22915115e-03 
 7.36000000e-09  2.22331595e-03 
 7.38000000e-09  2.21713394e-03 
 7.40000000e-09  2.21060586e-03 
 7.42000000e-09  2.20373247e-03 
 7.44000000e-09  2.19651460e-03 
 7.46000000e-09  2.18895311e-03 
 7.48000000e-09  2.18104893e-03 
 7.50000000e-09  2.17280302e-03 
 7.52000000e-09  2.16421640e-03 
 7.54000000e-09  2.15529014e-03 
 7.56000000e-09  2.14602537e-03 
 7.58000000e-09  2.13642324e-03 
 7.60000000e-09  2.12648499e-03 
 7.62000000e-09  2.11621187e-03 
 7.64000000e-09  2.10560524e-03 
 7.66000000e-09  2.09466644e-03 
 7.68000000e-09  2.08339692e-03 
 7.70000000e-09  2.07179814e-03 
 7.72000000e-09  2.05987166e-03 
 7.74000000e-09  2.04761903e-03 
 7.76000000e-09  2.03504192e-03 
 7.78000000e-09  2.02214200e-03 
 7.80000000e-09  2.00892103e-03 
 7.82000000e-09  1.99538079e-03 
 7.84000000e-09  1.98152314e-03 
 7.86000000e-09  1.96734997e-03 
 7.88000000e-09  1.95286326e-03 
 7.90000000e-09  1.93806501e-03 
 7.92000000e-09  1.92295728e-03 
 7.94000000e-09  1.90754220e-03 
 7.96000000e-09  1.89182193e-03 
 7.98000000e-09  1.87579871e-03 
 8.00000000e-09  1.85947481e-03 
 8.02000000e-09  1.84285257e-03 
 8.04000000e-09  1.82593439e-03 
 8.06000000e-09  1.80872270e-03 
 8.08000000e-09  1.79122000e-03 
 8.10000000e-09  1.77342884e-03 
 8.12000000e-09  1.75535183e-03 
 8.14000000e-09  1.73699162e-03 
 8.16000000e-09  1.71835094e-03 
 8.18000000e-09  1.69943254e-03 
 8.20000000e-09  1.68023925e-03 
 8.22000000e-09  1.66077392e-03 
 8.24000000e-09  1.64103951e-03 
 8.26000000e-09  1.62103896e-03 
 8.28000000e-09  1.60077533e-03 
 8.30000000e-09  1.58025169e-03 
 8.32000000e-09  1.55947117e-03 
 8.34000000e-09  1.53843696e-03 
 8.36000000e-09  1.51715229e-03 
 8.38000000e-09  1.49562045e-03 
 8.40000000e-09  1.47384477e-03 
 8.42000000e-09  1.45182864e-03 
 8.44000000e-09  1.42957551e-03 
 8.46000000e-09  1.40708883e-03 
 8.48000000e-09  1.38437216e-03 
 8.50000000e-09  1.36142907e-03 
 8.52000000e-09  1.33826318e-03 
 8.54000000e-09  1.31487818e-03 
 8.56000000e-09  1.29127777e-03 
 8.58000000e-09  1.26746572e-03 
 8.60000000e-09  1.24344584e-03 
 8.62000000e-09  1.21922198e-03 
 8.64000000e-09  1.19479804e-03 
 8.66000000e-09  1.17017794e-03 
 8.68000000e-09  1.14536569e-03 
 8.70000000e-09  1.12036529e-03 
 8.72000000e-09  1.09518080e-03 
 8.74000000e-09  1.06981632e-03 
 8.76000000e-09  1.04427599e-03 
 8.78000000e-09  1.01856399e-03 
 8.80000000e-09  9.92684521e-04 
 8.82000000e-09  9.66641836e-04 
 8.84000000e-09  9.40440223e-04 
 8.86000000e-09  9.14083988e-04 
 8.88000000e-09  8.87577489e-04 
 8.90000000e-09  8.60925100e-04 
 8.92000000e-09  8.34131240e-04 
 8.94000000e-09  8.07200343e-04 
 8.96000000e-09  7.80136888e-04 
 8.98000000e-09  7.52945368e-04 
 9.00000000e-09  7.25630314e-04 
 9.02000000e-09  6.98196272e-04 
 9.04000000e-09  6.70647824e-04 
 9.06000000e-09  6.42989566e-04 
 9.08000000e-09  6.15226124e-04 
 9.10000000e-09  5.87362139e-04 
 9.12000000e-09  5.59402280e-04 
 9.14000000e-09  5.31351226e-04 
 9.16000000e-09  5.03213684e-04 
 9.18000000e-09  4.74994367e-04 
 9.20000000e-09  4.46698018e-04 
 9.22000000e-09  4.18329379e-04 
 9.24000000e-09  3.89893220e-04 
 9.26000000e-09  3.61394310e-04 
 9.28000000e-09  3.32837443e-04 
 9.30000000e-09  3.04227409e-04 
 9.32000000e-09  2.75569022e-04 
 9.34000000e-09  2.46867088e-04 
 9.36000000e-09  2.18126436e-04 
 9.38000000e-09  1.89351883e-04 
 9.40000000e-09  1.60548268e-04 
 9.42000000e-09  1.31720418e-04 
 9.44000000e-09  1.02873174e-04 
 9.46000000e-09  7.40113662e-05 
 9.48000000e-09  4.51398375e-05 
 9.50000000e-09  1.62634167e-05 
 9.52000000e-09 -1.26130588e-05 
 9.54000000e-09 -4.14847657e-05 
 9.56000000e-09 -7.03468751e-05 
 9.58000000e-09 -9.91945749e-05 
 9.60000000e-09 -1.28023049e-04 
 9.62000000e-09 -1.56827500e-04 
 9.64000000e-09 -1.85603130e-04 
 9.66000000e-09 -2.14345161e-04 
 9.68000000e-09 -2.43048816e-04 
 9.70000000e-09 -2.71709343e-04 
 9.72000000e-09 -3.00321989e-04 
 9.74000000e-09 -3.28882031e-04 
 9.76000000e-09 -3.57384747e-04 
 9.78000000e-09 -3.85825445e-04 
 9.80000000e-09 -4.14199437e-04 
 9.82000000e-09 -4.42502067e-04 
 9.84000000e-09 -4.70728687e-04 
 9.86000000e-09 -4.98874681e-04 
 9.88000000e-09 -5.26935443e-04 
 9.90000000e-09 -5.54906399e-04 
 9.92000000e-09 -5.82782990e-04 
 9.94000000e-09 -6.10560691e-04 
 9.96000000e-09 -6.38234990e-04 
 9.98000000e-09 -6.65801415e-04 
 1.00000000e-08 -6.93255507e-04 
 1.00200000e-08 -7.20592847e-04 
 1.00400000e-08 -7.47809034e-04 
 1.00600000e-08 -7.74899705e-04 
 1.00800000e-08 -8.01860520e-04 
 1.01000000e-08 -8.28687177e-04 
 1.01200000e-08 -8.55375396e-04 
 1.01400000e-08 -8.81920942e-04 
 1.01600000e-08 -9.08319599e-04 
 1.01800000e-08 -9.34567198e-04 
 1.02000000e-08 -9.60659594e-04 
 1.02200000e-08 -9.86592684e-04 
 1.02400000e-08 -1.01236239e-03 
 1.02600000e-08 -1.03796470e-03 
 1.02800000e-08 -1.06339559e-03 
 1.03000000e-08 -1.08865111e-03 
 1.03200000e-08 -1.11372735e-03 
 1.03400000e-08 -1.13862041e-03 
 1.03600000e-08 -1.16332646e-03 
 1.03800000e-08 -1.18784169e-03 
 1.04000000e-08 -1.21216233e-03 
 1.04200000e-08 -1.23628467e-03 
 1.04400000e-08 -1.26020501e-03 
 1.04600000e-08 -1.28391972e-03 
 1.04800000e-08 -1.30742519e-03 
 1.05000000e-08 -1.33071788e-03 
 1.05200000e-08 -1.35379425e-03 
 1.05400000e-08 -1.37665085e-03 
 1.05600000e-08 -1.39928423e-03 
 1.05800000e-08 -1.42169102e-03 
 1.06000000e-08 -1.44386787e-03 
 1.06200000e-08 -1.46581149e-03 
 1.06400000e-08 -1.48751861e-03 
 1.06600000e-08 -1.50898603e-03 
 1.06800000e-08 -1.53021059e-03 
 1.07000000e-08 -1.55118916e-03 
 1.07200000e-08 -1.57191866e-03 
 1.07400000e-08 -1.59239607e-03 
 1.07600000e-08 -1.61261840e-03 
 1.07800000e-08 -1.63258272e-03 
 1.08000000e-08 -1.65228613e-03 
 1.08200000e-08 -1.67172577e-03 
 1.08400000e-08 -1.69089885e-03 
 1.08600000e-08 -1.70980262e-03 
 1.08800000e-08 -1.72843436e-03 
 1.09000000e-08 -1.74679140e-03 
 1.09200000e-08 -1.76487114e-03 
 1.09400000e-08 -1.78267099e-03 
 1.09600000e-08 -1.80018843e-03 
 1.09800000e-08 -1.81742098e-03 
 1.10000000e-08 -1.83436620e-03 
 1.10200000e-08 -1.85102172e-03 
 1.10400000e-08 -1.86738518e-03 
 1.10600000e-08 -1.88345429e-03 
 1.10800000e-08 -1.89922681e-03 
 1.11000000e-08 -1.91470052e-03 
 1.11200000e-08 -1.92987326e-03 
 1.11400000e-08 -1.94474294e-03 
 1.11600000e-08 -1.95930748e-03 
 1.11800000e-08 -1.97356485e-03 
 1.12000000e-08 -1.98751309e-03 
 1.12200000e-08 -2.00115027e-03 
 1.12400000e-08 -2.01447450e-03 
 1.12600000e-08 -2.02748394e-03 
 1.12800000e-08 -2.04017680e-03 
 1.13000000e-08 -2.05255133e-03 
 1.13200000e-08 -2.06460583e-03 
 1.13400000e-08 -2.07633864e-03 
 1.13600000e-08 -2.08774815e-03 
 1.13800000e-08 -2.09883278e-03 
 1.14000000e-08 -2.10959102e-03 
 1.14200000e-08 -2.12002139e-03 
 1.14400000e-08 -2.13012245e-03 
 1.14600000e-08 -2.13989281e-03 
 1.14800000e-08 -2.14933112e-03 
 1.15000000e-08 -2.15843609e-03 
 1.15200000e-08 -2.16720646e-03 
 1.15400000e-08 -2.17564101e-03 
 1.15600000e-08 -2.18373857e-03 
 1.15800000e-08 -2.19149803e-03 
 1.16000000e-08 -2.19891830e-03 
 1.16200000e-08 -2.20599834e-03 
 1.16400000e-08 -2.21273715e-03 
 1.16600000e-08 -2.21913380e-03 
 1.16800000e-08 -2.22518737e-03 
 1.17000000e-08 -2.23089700e-03 
 1.17200000e-08 -2.23626188e-03 
 1.17400000e-08 -2.24128122e-03 
 1.17600000e-08 -2.24595430e-03 
 1.17800000e-08 -2.25028044e-03 
 1.18000000e-08 -2.25425898e-03 
 1.18200000e-08 -2.25788933e-03 
 1.18400000e-08 -2.26117093e-03 
 1.18600000e-08 -2.26410328e-03 
 1.18800000e-08 -2.26668590e-03 
 1.19000000e-08 -2.26891836e-03 
 1.19200000e-08 -2.27080030e-03 
 1.19400000e-08 -2.27233136e-03 
 1.19600000e-08 -2.27351127e-03 
 1.19800000e-08 -2.27433978e-03 
 1.20000000e-08 -2.27481667e-03 
 1.20200000e-08 -2.27494180e-03 
 1.20400000e-08 -2.27471505e-03 
 1.20600000e-08 -2.27413635e-03 
 1.20800000e-08 -2.27320568e-03 
 1.21000000e-08 -2.27192306e-03 
 1.21200000e-08 -2.27028855e-03 
 1.21400000e-08 -2.26830227e-03 
 1.21600000e-08 -2.26596438e-03 
 1.21800000e-08 -2.26327507e-03 
 1.22000000e-08 -2.26023461e-03 
 1.22200000e-08 -2.25684328e-03 
 1.22400000e-08 -2.25310143e-03 
 1.22600000e-08 -2.24900945e-03 
 1.22800000e-08 -2.24456777e-03 
 1.23000000e-08 -2.23977688e-03 
 1.23200000e-08 -2.23463731e-03 
 1.23400000e-08 -2.22914963e-03 
 1.23600000e-08 -2.22331448e-03 
 1.23800000e-08 -2.21713253e-03 
 1.24000000e-08 -2.21060450e-03 
 1.24200000e-08 -2.20373116e-03 
 1.24400000e-08 -2.19651333e-03 
 1.24600000e-08 -2.18895189e-03 
 1.24800000e-08 -2.18104775e-03 
 1.25000000e-08 -2.17280188e-03 
 1.25200000e-08 -2.16421530e-03 
 1.25400000e-08 -2.15528908e-03 
 1.25600000e-08 -2.14602434e-03 
 1.25800000e-08 -2.13642225e-03 
 1.26000000e-08 -2.12648403e-03 
 1.26200000e-08 -2.11621095e-03 
 1.26400000e-08 -2.10560434e-03 
 1.26600000e-08 -2.09466558e-03 
 1.26800000e-08 -2.08339609e-03 
 1.27000000e-08 -2.07179734e-03 
 1.27200000e-08 -2.05987088e-03 
 1.27400000e-08 -2.04761829e-03 
 1.27600000e-08 -2.03504120e-03 
 1.27800000e-08 -2.02214131e-03 
 1.28000000e-08 -2.00892036e-03 
 1.28200000e-08 -1.99538014e-03 
 1.28400000e-08 -1.98152251e-03 
 1.28600000e-08 -1.96734937e-03 
 1.28800000e-08 -1.95286268e-03 
 1.29000000e-08 -1.93806445e-03 
 1.29200000e-08 -1.92295674e-03 
 1.29400000e-08 -1.90754168e-03 
 1.29600000e-08 -1.89182143e-03 
 1.29800000e-08 -1.87579822e-03 
 1.30000000e-08 -1.85947434e-03 
 1.30200000e-08 -1.84285212e-03 
 1.30400000e-08 -1.82593395e-03 
 1.30600000e-08 -1.80872228e-03 
 1.30800000e-08 -1.79121959e-03 
 1.31000000e-08 -1.77342845e-03 
 1.31200000e-08 -1.75535145e-03 
 1.31400000e-08 -1.73699126e-03 
 1.31600000e-08 -1.71835059e-03 
 1.31800000e-08 -1.69943220e-03 
 1.32000000e-08 -1.68023892e-03 
 1.32200000e-08 -1.66077361e-03 
 1.32400000e-08 -1.64103920e-03 
 1.32600000e-08 -1.62103867e-03 
 1.32800000e-08 -1.60077505e-03 
 1.33000000e-08 -1.58025142e-03 
 1.33200000e-08 -1.55947091e-03 
 1.33400000e-08 -1.53843671e-03 
 1.33600000e-08 -1.51715205e-03 
 1.33800000e-08 -1.49562021e-03 
 1.34000000e-08 -1.47384455e-03 
 1.34200000e-08 -1.45182843e-03 
 1.34400000e-08 -1.42957529e-03 
 1.34600000e-08 -1.40708863e-03 
 1.34800000e-08 -1.38437197e-03 
 1.35000000e-08 -1.36142888e-03 
 1.35200000e-08 -1.33826300e-03 
 1.35400000e-08 -1.31487800e-03 
 1.35600000e-08 -1.29127760e-03 
 1.35800000e-08 -1.26746555e-03 
 1.36000000e-08 -1.24344568e-03 
 1.36200000e-08 -1.21922183e-03 
 1.36400000e-08 -1.19479789e-03 
 1.36600000e-08 -1.17017781e-03 
 1.36800000e-08 -1.14536555e-03 
 1.37000000e-08 -1.12036516e-03 
 1.37200000e-08 -1.09518067e-03 
 1.37400000e-08 -1.06981620e-03 
 1.37600000e-08 -1.04427587e-03 
 1.37800000e-08 -1.01856387e-03 
 1.38000000e-08 -9.92684412e-04 
 1.38200000e-08 -9.66641734e-04 
 1.38400000e-08 -9.40440122e-04 
 1.38600000e-08 -9.14083893e-04 
 1.38800000e-08 -8.87577396e-04 
 1.39000000e-08 -8.60925012e-04 
 1.39200000e-08 -8.34131152e-04 
 1.39400000e-08 -8.07200261e-04 
 1.39600000e-08 -7.80136808e-04 
 1.39800000e-08 -7.52945292e-04 
 1.40000000e-08 -7.25630239e-04 
 1.40200000e-08 -6.98196201e-04 
 1.40400000e-08 -6.70647755e-04 
 1.40600000e-08 -6.42989500e-04 
 1.40800000e-08 -6.15226060e-04 
 1.41000000e-08 -5.87362079e-04 
 1.41200000e-08 -5.59402220e-04 
 1.41400000e-08 -5.31351170e-04 
 1.41600000e-08 -5.03213628e-04 
 1.41800000e-08 -4.74994316e-04 
 1.42000000e-08 -4.46697966e-04 
 1.42200000e-08 -4.18329331e-04 
 1.42400000e-08 -3.89893172e-04 
 1.42600000e-08 -3.61394265e-04 
 1.42800000e-08 -3.32837398e-04 
 1.43000000e-08 -3.04227368e-04 
 1.43200000e-08 -2.75568981e-04 
 1.43400000e-08 -2.46867051e-04 
 1.43600000e-08 -2.18126398e-04 
 1.43800000e-08 -1.89351848e-04 
 1.44000000e-08 -1.60548233e-04 
 1.44200000e-08 -1.31720386e-04 
 1.44400000e-08 -1.02873141e-04 
 1.44600000e-08 -7.40113363e-05 
 1.44800000e-08 -4.51398071e-05 
 1.45000000e-08 -1.62633889e-05 
 1.45200000e-08  1.26130869e-05 
 1.45400000e-08  4.14847914e-05 
 1.45600000e-08  7.03469014e-05 
 1.45800000e-08  9.91945984e-05 
 1.46000000e-08  1.28023073e-04 
 1.46200000e-08  1.56827522e-04 
 1.46400000e-08  1.85603152e-04 
 1.46600000e-08  2.14345181e-04 
 1.46800000e-08  2.43048837e-04 
 1.47000000e-08  2.71709361e-04 
 1.47200000e-08  3.00322009e-04 
 1.47400000e-08  3.28882048e-04 
 1.47600000e-08  3.57384765e-04 
 1.47800000e-08  3.85825460e-04 
 1.48000000e-08  4.14199453e-04 
 1.48200000e-08  4.42502082e-04 
 1.48400000e-08  4.70728703e-04 
 1.48600000e-08  4.98874695e-04 
 1.48800000e-08  5.26935457e-04 
 1.49000000e-08  5.54906411e-04 
 1.49200000e-08  5.82783003e-04 
 1.49400000e-08  6.10560702e-04 
 1.49600000e-08  6.38235003e-04 
 1.49800000e-08  6.65801425e-04 
 1.50000000e-08  6.93255519e-04 
 1.50200000e-08  7.20592857e-04 
 1.50400000e-08  7.47809045e-04 
 1.50600000e-08  7.74899714e-04 
 1.50800000e-08  8.01860530e-04 
 1.51000000e-08  8.28687185e-04 
 1.51200000e-08  8.55375405e-04 
 1.51400000e-08  8.81920949e-04 
 1.51600000e-08  9.08319607e-04 
 1.51800000e-08  9.34567205e-04 
 1.52000000e-08  9.60659602e-04 
 1.52200000e-08  9.86592690e-04 
 1.52400000e-08  1.01236240e-03 
 1.52600000e-08  1.03796470e-03 
 1.52800000e-08  1.06339560e-03 
 1.53000000e-08  1.08865112e-03 
 1.53200000e-08  1.11372736e-03 
 1.53400000e-08  1.13862042e-03 
 1.53600000e-08  1.16332647e-03 
 1.53800000e-08  1.18784169e-03 
 1.54000000e-08  1.21216234e-03 
 1.54200000e-08  1.23628467e-03 
 1.54400000e-08  1.26020501e-03 
 1.54600000e-08  1.28391972e-03 
 1.54800000e-08  1.30742520e-03 
 1.55000000e-08  1.33071788e-03 
 1.55200000e-08  1.35379425e-03 
 1.55400000e-08  1.37665085e-03 
 1.55600000e-08  1.39928424e-03 
 1.55800000e-08  1.42169103e-03 
 1.56000000e-08  1.44386788e-03 
 1.56200000e-08  1.46581149e-03 
 1.56400000e-08  1.48751862e-03 
 1.56600000e-08  1.50898604e-03 
 1.56800000e-08  1.53021059e-03 
 1.57000000e-08  1.55118916e-03 
 1.57200000e-08  1.57191866e-03 
 1.57400000e-08  1.59239607e-03 
 1.57600000e-08  1.61261841e-03 
 1.57800000e-08  1.63258272e-03 
 1.58000000e-08  1.65228613e-03 
 1.58200000e-08  1.67172577e-03 
 1.58400000e-08  1.69089886e-03 
 1.58600000e-08  1.70980262e-03 
 1.58800000e-08  1.72843436e-03 
 1.59000000e-08  1.74679140e-03 
 1.59200000e-08  1.76487114e-03 
 1.59400000e-08  1.78267099e-03 
 1.59600000e-08  1.80018843e-03 
 1.59800000e-08  1.81742098e-03 
 1.60000000e-08  1.83436621e-03 
 1.60200000e-08  1.85102172e-03 
 1.60400000e-08  1.86738518e-03 
 1.60600000e-08  1.88345429e-03 
 1.60800000e-08  1.89922681e-03 
 1.61000000e-08  1.91470052e-03 
 1.61200000e-08  1.92987327e-03 
 1.61400000e-08  1.94474294e-03 
 1.61600000e-08  1.95930748e-03 
 1.61800000e-08  1.97356485e-03 
 1.62000000e-08  1.98751310e-03 
 1.62200000e-08  2.00115027e-03 
 1.62400000e-08  2.01447450e-03 
 1.62600000e-08  2.02748394e-03 
 1.62800000e-08  2.04017680e-03 
 1.63000000e-08  2.05255133e-03 
 1.63200000e-08  2.06460583e-03 
 1.63400000e-08  2.07633864e-03 
 1.63600000e-08  2.08774815e-03 
 1.63800000e-08  2.09883278e-03 
 1.64000000e-08  2.10959102e-03 
 1.64200000e-08  2.12002139e-03 
 1.64400000e-08  2.13012245e-03 
 1.64600000e-08  2.13989281e-03 
 1.64800000e-08  2.14933112e-03 
 1.65000000e-08  2.15843609e-03 
 1.65200000e-08  2.16720646e-03 
 1.65400000e-08  2.17564101e-03 
 1.65600000e-08  2.18373858e-03 
 1.65800000e-08  2.19149803e-03 
 1.66000000e-08  2.19891830e-03 
 1.66200000e-08  2.20599834e-03 
 1.66400000e-08  2.21273715e-03 
 1.66600000e-08  2.21913380e-03 
 1.66800000e-08  2.22518737e-03 
 1.67000000e-08  2.23089700e-03 
 1.67200000e-08  2.23626188e-03 
 1.67400000e-08  2.24128122e-03 
 1.67600000e-08  2.24595431e-03 
 1.67800000e-08  2.25028044e-03 
 1.68000000e-08  2.25425898e-03 
 1.68200000e-08  2.25788933e-03 
 1.68400000e-08  2.26117094e-03 
 1.68600000e-08  2.26410328e-03 
 1.68800000e-08  2.26668590e-03 
 1.69000000e-08  2.26891836e-03 
 1.69200000e-08  2.27080030e-03 
 1.69400000e-08  2.27233137e-03 
 1.69600000e-08  2.27351127e-03 
 1.69800000e-08  2.27433978e-03 
 1.70000000e-08  2.27481667e-03 
 1.70200000e-08  2.27494180e-03 
 1.70400000e-08  2.27471505e-03 
 1.70600000e-08  2.27413635e-03 
 1.70800000e-08  2.27320568e-03 
 1.71000000e-08  2.27192306e-03 
 1.71200000e-08  2.27028855e-03 
 1.71400000e-08  2.26830227e-03 
 1.71600000e-08  2.26596438e-03 
 1.71800000e-08  2.26327507e-03 
 1.72000000e-08  2.26023461e-03 
 1.72200000e-08  2.25684328e-03 
 1.72400000e-08  2.25310143e-03 
 1.72600000e-08  2.24900945e-03 
 1.72800000e-08  2.24456777e-03 
 1.73000000e-08  2.23977688e-03 
 1.73200000e-08  2.23463731e-03 
 1.73400000e-08  2.22914963e-03 
 1.73600000e-08  2.22331448e-03 
 1.73800000e-08  2.21713253e-03 
 1.74000000e-08  2.21060450e-03 
 1.74200000e-08  2.20373116e-03 
 1.74400000e-08  2.19651333e-03 
 1.74600000e-08  2.18895189e-03 
 1.74800000e-08  2.18104775e-03 
 1.75000000e-08  2.17280188e-03 
 1.75200000e-08  2.16421530e-03 
 1.75400000e-08  2.15528908e-03 
 1.75600000e-08  2.14602434e-03 
 1.75800000e-08  2.13642225e-03 
 1.76000000e-08  2.12648403e-03 
 1.76200000e-08  2.11621095e-03 
 1.76400000e-08  2.10560435e-03 
 1.76600000e-08  2.09466558e-03 
 1.76800000e-08  2.08339609e-03 
 1.77000000e-08  2.07179734e-03 
 1.77200000e-08  2.05987088e-03 
 1.77400000e-08  2.04761829e-03 
 1.77600000e-08  2.03504120e-03 
 1.77800000e-08  2.02214131e-03 
 1.78000000e-08  2.00892036e-03 
 1.78200000e-08  1.99538014e-03 
 1.78400000e-08  1.98152251e-03 
 1.78600000e-08  1.96734937e-03 
 1.78800000e-08  1.95286268e-03 
 1.79000000e-08  1.93806445e-03 
 1.79200000e-08  1.92295674e-03 
 1.79400000e-08  1.90754168e-03 
 1.79600000e-08  1.89182143e-03 
 1.79800000e-08  1.87579822e-03 
 1.80000000e-08  1.85947434e-03 
 1.80200000e-08  1.84285212e-03 
 1.80400000e-08  1.82593395e-03 
 1.80600000e-08  1.80872228e-03 
 1.80800000e-08  1.79121959e-03 
 1.81000000e-08  1.77342845e-03 
 1.81200000e-08  1.75535145e-03 
 1.81400000e-08  1.73699126e-03 
 1.81600000e-08  1.71835059e-03 
 1.81800000e-08  1.69943220e-03 
 1.82000000e-08  1.68023892e-03 
 1.82200000e-08  1.66077361e-03 
 1.82400000e-08  1.64103920e-03 
 1.82600000e-08  1.62103867e-03 
 1.82800000e-08  1.60077505e-03 
 1.83000000e-08  1.58025142e-03 
 1.83200000e-08  1.55947091e-03 
 1.83400000e-08  1.53843671e-03 
 1.83600000e-08  1.51715205e-03 
 1.83800000e-08  1.49562021e-03 
 1.84000000e-08  1.47384455e-03 
 1.84200000e-08  1.45182843e-03 
 1.84400000e-08  1.42957530e-03 
 1.84600000e-08  1.40708863e-03 
 1.84800000e-08  1.38437197e-03 
 1.85000000e-08  1.36142888e-03 
 1.85200000e-08  1.33826300e-03 
 1.85400000e-08  1.31487800e-03 
 1.85600000e-08  1.29127760e-03 
 1.85800000e-08  1.26746556e-03 
 1.86000000e-08  1.24344568e-03 
 1.86200000e-08  1.21922183e-03 
 1.86400000e-08  1.19479789e-03 
 1.86600000e-08  1.17017781e-03 
 1.86800000e-08  1.14536555e-03 
 1.87000000e-08  1.12036516e-03 
 1.87200000e-08  1.09518067e-03 
 1.87400000e-08  1.06981620e-03 
 1.87600000e-08  1.04427587e-03 
 1.87800000e-08  1.01856387e-03 
 1.88000000e-08  9.92684412e-04 
 1.88200000e-08  9.66641734e-04 
 1.88400000e-08  9.40440122e-04 
 1.88600000e-08  9.14083893e-04 
 1.88800000e-08  8.87577396e-04 
 1.89000000e-08  8.60925012e-04 
 1.89200000e-08  8.34131152e-04 
 1.89400000e-08  8.07200261e-04 
 1.89600000e-08  7.80136808e-04 
 1.89800000e-08  7.52945292e-04 
 1.90000000e-08  7.25630239e-04 
 1.90200000e-08  6.98196201e-04 
 1.90400000e-08  6.70647755e-04 
 1.90600000e-08  6.42989500e-04 
 1.90800000e-08  6.15226060e-04 
 1.91000000e-08  5.87362079e-04 
 1.91200000e-08  5.59402220e-04 
 1.91400000e-08  5.31351170e-04 
 1.91600000e-08  5.03213629e-04 
 1.91800000e-08  4.74994316e-04 
 1.92000000e-08  4.46697966e-04 
 1.92200000e-08  4.18329330e-04 
 1.92400000e-08  3.89893172e-04 
 1.92600000e-08  3.61394265e-04 
 1.92800000e-08  3.32837398e-04 
 1.93000000e-08  3.04227368e-04 
 1.93200000e-08  2.75568981e-04 
 1.93400000e-08  2.46867050e-04 
 1.93600000e-08  2.18126397e-04 
 1.93800000e-08  1.89351849e-04 
 1.94000000e-08  1.60548233e-04 
 1.94200000e-08  1.31720386e-04 
 1.94400000e-08  1.02873141e-04 
 1.94600000e-08  7.40113360e-05 
 1.94800000e-08  4.51398072e-05 
 1.95000000e-08  1.62633888e-05 
 1.95200000e-08 -1.26130870e-05 
 1.95400000e-08 -4.14847915e-05 
 1.95600000e-08 -7.03469012e-05 
 1.95800000e-08 -9.91945982e-05 
 1.96000000e-08 -1.28023073e-04 
 1.96200000e-08 -1.56827522e-04 
 1.96400000e-08 -1.85603152e-04 
 1.96600000e-08 -2.14345181e-04 
 1.96800000e-08 -2.43048837e-04 
 1.97000000e-08 -2.71709361e-04 
 1.97200000e-08 -3.00322009e-04 
 1.97400000e-08 -3.28882048e-04 
 1.97600000e-08 -3.57384765e-04 
 1.97800000e-08 -3.85825460e-04 
 1.98000000e-08 -4.14199453e-04 
 1.98200000e-08 -4.42502082e-04 
 1.98400000e-08 -4.70728703e-04 
 1.98600000e-08 -4.98874695e-04 
 1.98800000e-08 -5.26935457e-04 
 1.99000000e-08 -5.54906411e-04 
 1.99200000e-08 -5.82783003e-04 
 1.99400000e-08 -6.10560702e-04 
 1.99600000e-08 -6.38235003e-04 
 1.99800000e-08 -6.65801425e-04 
 2.00000000e-08 -6.93255519e-04 
 2.00200000e-08 -7.20592857e-04 
 2.00400000e-08 -7.47809045e-04 
 2.00600000e-08 -7.74899714e-04 
 2.00800000e-08 -8.01860530e-04 
 2.01000000e-08 -8.28687185e-04 
 2.01200000e-08 -8.55375406e-04 
 2.01400000e-08 -8.81920949e-04 
 2.01600000e-08 -9.08319607e-04 
 2.01800000e-08 -9.34567205e-04 
 2.02000000e-08 -9.60659601e-04 
 2.02200000e-08 -9.86592691e-04 
 2.02400000e-08 -1.01236240e-03 
 2.02600000e-08 -1.03796470e-03 
 2.02800000e-08 -1.06339560e-03 
 2.03000000e-08 -1.08865112e-03 
 2.03200000e-08 -1.11372736e-03 
 2.03400000e-08 -1.13862042e-03 
 2.03600000e-08 -1.16332647e-03 
 2.03800000e-08 -1.18784169e-03 
 2.04000000e-08 -1.21216234e-03 
 2.04200000e-08 -1.23628467e-03 
 2.04400000e-08 -1.26020501e-03 
 2.04600000e-08 -1.28391972e-03 
 2.04800000e-08 -1.30742520e-03 
 2.05000000e-08 -1.33071788e-03 
 2.05200000e-08 -1.35379425e-03 
 2.05400000e-08 -1.37665085e-03 
 2.05600000e-08 -1.39928424e-03 
 2.05800000e-08 -1.42169103e-03 
 2.06000000e-08 -1.44386788e-03 
 2.06200000e-08 -1.46581149e-03 
 2.06400000e-08 -1.48751862e-03 
 2.06600000e-08 -1.50898604e-03 
 2.06800000e-08 -1.53021059e-03 
 2.07000000e-08 -1.55118916e-03 
 2.07200000e-08 -1.57191866e-03 
 2.07400000e-08 -1.59239607e-03 
 2.07600000e-08 -1.61261841e-03 
 2.07800000e-08 -1.63258272e-03 
 2.08000000e-08 -1.65228613e-03 
 2.08200000e-08 -1.67172577e-03 
 2.08400000e-08 -1.69089886e-03 
 2.08600000e-08 -1.70980262e-03 
 2.08800000e-08 -1.72843436e-03 
 2.09000000e-08 -1.74679140e-03 
 2.09200000e-08 -1.76487114e-03 
 2.09400000e-08 -1.78267099e-03 
 2.09600000e-08 -1.80018843e-03 
 2.09800000e-08 -1.81742098e-03 
 2.10000000e-08 -1.83436621e-03 
 2.10200000e-08 -1.85102172e-03 
 2.10400000e-08 -1.86738518e-03 
 2.10600000e-08 -1.88345429e-03 
 2.10800000e-08 -1.89922681e-03 
 2.11000000e-08 -1.91470052e-03 
 2.11200000e-08 -1.92987327e-03 
 2.11400000e-08 -1.94474294e-03 
 2.11600000e-08 -1.95930748e-03 
 2.11800000e-08 -1.97356485e-03 
 2.12000000e-08 -1.98751310e-03 
 2.12200000e-08 -2.00115027e-03 
 2.12400000e-08 -2.01447450e-03 
 2.12600000e-08 -2.02748394e-03 
 2.12800000e-08 -2.04017680e-03 
 2.13000000e-08 -2.05255133e-03 
 2.13200000e-08 -2.06460583e-03 
 2.13400000e-08 -2.07633864e-03 
 2.13600000e-08 -2.08774815e-03 
 2.13800000e-08 -2.09883278e-03 
 2.14000000e-08 -2.10959103e-03 
 2.14200000e-08 -2.12002139e-03 
 2.14400000e-08 -2.13012245e-03 
 2.14600000e-08 -2.13989281e-03 
 2.14800000e-08 -2.14933112e-03 
 2.15000000e-08 -2.15843609e-03 
 2.15200000e-08 -2.16720646e-03 
 2.15400000e-08 -2.17564101e-03 
 2.15600000e-08 -2.18373858e-03 
 2.15800000e-08 -2.19149803e-03 
 2.16000000e-08 -2.19891830e-03 
 2.16200000e-08 -2.20599834e-03 
 2.16400000e-08 -2.21273715e-03 
 2.16600000e-08 -2.21913380e-03 
 2.16800000e-08 -2.22518737e-03 
 2.17000000e-08 -2.23089700e-03 
 2.17200000e-08 -2.23626188e-03 
 2.17400000e-08 -2.24128122e-03 
 2.17600000e-08 -2.24595431e-03 
 2.17800000e-08 -2.25028044e-03 
 2.18000000e-08 -2.25425898e-03 
 2.18200000e-08 -2.25788933e-03 
 2.18400000e-08 -2.26117094e-03 
 2.18600000e-08 -2.26410328e-03 
 2.18800000e-08 -2.26668590e-03 
 2.19000000e-08 -2.26891836e-03 
 2.19200000e-08 -2.27080030e-03 
 2.19400000e-08 -2.27233136e-03 
 2.19600000e-08 -2.27351127e-03 
 2.19800000e-08 -2.27433978e-03 
 2.20000000e-08 -2.27481667e-03 
 2.20200000e-08 -2.27494180e-03 
 2.20400000e-08 -2.27471505e-03 
 2.20600000e-08 -2.27413635e-03 
 2.20800000e-08 -2.27320568e-03 
 2.21000000e-08 -2.27192306e-03 
 2.21200000e-08 -2.27028855e-03 
 2.21400000e-08 -2.26830227e-03 
 2.21600000e-08 -2.26596438e-03 
 2.21800000e-08 -2.26327507e-03 
 2.22000000e-08 -2.26023461e-03 
 2.22200000e-08 -2.25684328e-03 
 2.22400000e-08 -2.25310143e-03 
 2.22600000e-08 -2.24900945e-03 
 2.22800000e-08 -2.24456777e-03 
 2.23000000e-08 -2.23977688e-03 
 2.23200000e-08 -2.23463731e-03 
 2.23400000e-08 -2.22914963e-03 
 2.23600000e-08 -2.22331448e-03 
 2.23800000e-08 -2.21713253e-03 
 2.24000000e-08 -2.21060450e-03 
 2.24200000e-08 -2.20373116e-03 
 2.24400000e-08 -2.19651333e-03 
 2.24600000e-08 -2.18895189e-03 
 2.24800000e-08 -2.18104775e-03 
 2.25000000e-08 -2.17280188e-03 
 2.25200000e-08 -2.16421530e-03 
 2.25400000e-08 -2.15528908e-03 
 2.25600000e-08 -2.14602434e-03 
 2.25800000e-08 -2.13642225e-03 
 2.26000000e-08 -2.12648403e-03 
 2.26200000e-08 -2.11621095e-03 
 2.26400000e-08 -2.10560435e-03 
 2.26600000e-08 -2.09466558e-03 
 2.26800000e-08 -2.08339609e-03 
 2.27000000e-08 -2.07179734e-03 
 2.27200000e-08 -2.05987088e-03 
 2.27400000e-08 -2.04761829e-03 
 2.27600000e-08 -2.03504120e-03 
 2.27800000e-08 -2.02214131e-03 
 2.28000000e-08 -2.00892036e-03 
 2.28200000e-08 -1.99538014e-03 
 2.28400000e-08 -1.98152251e-03 
 2.28600000e-08 -1.96734937e-03 
 2.28800000e-08 -1.95286268e-03 
 2.29000000e-08 -1.93806445e-03 
 2.29200000e-08 -1.92295674e-03 
 2.29400000e-08 -1.90754168e-03 
 2.29600000e-08 -1.89182143e-03 
 2.29800000e-08 -1.87579822e-03 
 2.30000000e-08 -1.85947434e-03 
 2.30200000e-08 -1.84285212e-03 
 2.30400000e-08 -1.82593395e-03 
 2.30600000e-08 -1.80872228e-03 
 2.30800000e-08 -1.79121959e-03 
 2.31000000e-08 -1.77342845e-03 
 2.31200000e-08 -1.75535145e-03 
 2.31400000e-08 -1.73699126e-03 
 2.31600000e-08 -1.71835059e-03 
 2.31800000e-08 -1.69943220e-03 
 2.32000000e-08 -1.68023892e-03 
 2.32200000e-08 -1.66077361e-03 
 2.32400000e-08 -1.64103920e-03 
 2.32600000e-08 -1.62103867e-03 
 2.32800000e-08 -1.60077505e-03 
 2.33000000e-08 -1.58025142e-03 
 2.33200000e-08 -1.55947091e-03 
 2.33400000e-08 -1.53843671e-03 
 2.33600000e-08 -1.51715205e-03 
 2.33800000e-08 -1.49562021e-03 
 2.34000000e-08 -1.47384455e-03 
 2.34200000e-08 -1.45182843e-03 
 2.34400000e-08 -1.42957530e-03 
 2.34600000e-08 -1.40708863e-03 
 2.34800000e-08 -1.38437197e-03 
 2.35000000e-08 -1.36142888e-03 
 2.35200000e-08 -1.33826300e-03 
 2.35400000e-08 -1.31487800e-03 
 2.35600000e-08 -1.29127760e-03 
 2.35800000e-08 -1.26746555e-03 
 2.36000000e-08 -1.24344568e-03 
 2.36200000e-08 -1.21922183e-03 
 2.36400000e-08 -1.19479789e-03 
 2.36600000e-08 -1.17017781e-03 
 2.36800000e-08 -1.14536556e-03 
 2.37000000e-08 -1.12036516e-03 
 2.37200000e-08 -1.09518067e-03 
 2.37400000e-08 -1.06981620e-03 
 2.37600000e-08 -1.04427587e-03 
 2.37800000e-08 -1.01856387e-03 
 2.38000000e-08 -9.92684412e-04 
 2.38200000e-08 -9.66641734e-04 
 2.38400000e-08 -9.40440122e-04 
 2.38600000e-08 -9.14083893e-04 
 2.38800000e-08 -8.87577396e-04 
 2.39000000e-08 -8.60925011e-04 
 2.39200000e-08 -8.34131153e-04 
 2.39400000e-08 -8.07200261e-04 
 2.39600000e-08 -7.80136808e-04 
 2.39800000e-08 -7.52945291e-04 
 2.40000000e-08 -7.25630239e-04 
 2.40200000e-08 -6.98196201e-04 
 2.40400000e-08 -6.70647755e-04 
 2.40600000e-08 -6.42989500e-04 
 2.40800000e-08 -6.15226060e-04 
 2.41000000e-08 -5.87362079e-04 
 2.41200000e-08 -5.59402220e-04 
 2.41400000e-08 -5.31351169e-04 
 2.41600000e-08 -5.03213629e-04 
 2.41800000e-08 -4.74994316e-04 
 2.42000000e-08 -4.46697967e-04 
 2.42200000e-08 -4.18329331e-04 
 2.42400000e-08 -3.89893172e-04 
 2.42600000e-08 -3.61394265e-04 
 2.42800000e-08 -3.32837399e-04 
 2.43000000e-08 -3.04227368e-04 
 2.43200000e-08 -2.75568981e-04 
 2.43400000e-08 -2.46867051e-04 
 2.43600000e-08 -2.18126398e-04 
 2.43800000e-08 -1.89351848e-04 
 2.44000000e-08 -1.60548233e-04 
 2.44200000e-08 -1.31720385e-04 
 2.44400000e-08 -1.02873141e-04 
 2.44600000e-08 -7.40113362e-05 
 2.44800000e-08 -4.51398073e-05 
 2.45000000e-08 -1.62633887e-05 
 2.45200000e-08  1.26130869e-05 
 2.45400000e-08  4.14847915e-05 
 2.45600000e-08  7.03469012e-05 
 2.45800000e-08  9.91945988e-05 
 2.46000000e-08  1.28023073e-04 
 2.46200000e-08  1.56827522e-04 
 2.46400000e-08  1.85603152e-04 
 2.46600000e-08  2.14345181e-04 
 2.46800000e-08  2.43048837e-04 
 2.47000000e-08  2.71709362e-04 
 2.47200000e-08  3.00322009e-04 
 2.47400000e-08  3.28882049e-04 
 2.47600000e-08  3.57384765e-04 
 2.47800000e-08  3.85825461e-04 
 2.48000000e-08  4.14199453e-04 
 2.48200000e-08  4.42502081e-04 
 2.48400000e-08  4.70728703e-04 
 2.48600000e-08  4.98874695e-04 
 2.48800000e-08  5.26935457e-04 
 2.49000000e-08  5.54906411e-04 
 2.49200000e-08  5.82783003e-04 
 2.49400000e-08  6.10560702e-04 
 2.49600000e-08  6.38235003e-04 
 2.49800000e-08  6.65801426e-04 
 2.50000000e-08  6.93255519e-04 
 2.50200000e-08  7.20592857e-04 
 2.50400000e-08  7.47809044e-04 
 2.50600000e-08  7.74899714e-04 
 2.50800000e-08  8.01860530e-04 
 2.51000000e-08  8.28687185e-04 
 2.51200000e-08  8.55375405e-04 
 2.51400000e-08  8.81920949e-04 
 2.51600000e-08  9.08319607e-04 
 2.51800000e-08  9.34567205e-04 
 2.52000000e-08  9.60659601e-04 
 2.52200000e-08  9.86592691e-04 
 2.52400000e-08  1.01236240e-03 
 2.52600000e-08  1.03796470e-03 
 2.52800000e-08  1.06339559e-03 
 2.53000000e-08  1.08865112e-03 
 2.53200000e-08  1.11372736e-03 
 2.53400000e-08  1.13862042e-03 
 2.53600000e-08  1.16332647e-03 
 2.53800000e-08  1.18784169e-03 
 2.54000000e-08  1.21216234e-03 
 2.54200000e-08  1.23628467e-03 
 2.54400000e-08  1.26020501e-03 
 2.54600000e-08  1.28391972e-03 
 2.54800000e-08  1.30742520e-03 
 2.55000000e-08  1.33071788e-03 
 2.55200000e-08  1.35379425e-03 
 2.55400000e-08  1.37665085e-03 
 2.55600000e-08  1.39928424e-03 
 2.55800000e-08  1.42169103e-03 
 2.56000000e-08  1.44386788e-03 
 2.56200000e-08  1.46581149e-03 
 2.56400000e-08  1.48751862e-03 
 2.56600000e-08  1.50898604e-03 
 2.56800000e-08  1.53021059e-03 
 2.57000000e-08  1.55118916e-03 
 2.57200000e-08  1.57191866e-03 
 2.57400000e-08  1.59239607e-03 
 2.57600000e-08  1.61261841e-03 
 2.57800000e-08  1.63258272e-03 
 2.58000000e-08  1.65228613e-03 
 2.58200000e-08  1.67172577e-03 
 2.58400000e-08  1.69089886e-03 
 2.58600000e-08  1.70980262e-03 
 2.58800000e-08  1.72843436e-03 
 2.59000000e-08  1.74679140e-03 
 2.59200000e-08  1.76487114e-03 
 2.59400000e-08  1.78267099e-03 
 2.59600000e-08  1.80018843e-03 
 2.59800000e-08  1.81742098e-03 
 2.60000000e-08  1.83436621e-03 
 2.60200000e-08  1.85102172e-03 
 2.60400000e-08  1.86738518e-03 
 2.60600000e-08  1.88345429e-03 
 2.60800000e-08  1.89922681e-03 
 2.61000000e-08  1.91470052e-03 
 2.61200000e-08  1.92987327e-03 
 2.61400000e-08  1.94474294e-03 
 2.61600000e-08  1.95930748e-03 
 2.61800000e-08  1.97356485e-03 
 2.62000000e-08  1.98751310e-03 
 2.62200000e-08  2.00115027e-03 
 2.62400000e-08  2.01447450e-03 
 2.62600000e-08  2.02748394e-03 
 2.62800000e-08  2.04017680e-03 
 2.63000000e-08  2.05255133e-03 
 2.63200000e-08  2.06460583e-03 
 2.63400000e-08  2.07633864e-03 
 2.63600000e-08  2.08774815e-03 
 2.63800000e-08  2.09883278e-03 
 2.64000000e-08  2.10959102e-03 
 2.64200000e-08  2.12002139e-03 
 2.64400000e-08  2.13012245e-03 
 2.64600000e-08  2.13989281e-03 
 2.64800000e-08  2.14933112e-03 
 2.65000000e-08  2.15843609e-03 
 2.65200000e-08  2.16720646e-03 
 2.65400000e-08  2.17564101e-03 
 2.65600000e-08  2.18373858e-03 
 2.65800000e-08  2.19149803e-03 
 2.66000000e-08  2.19891830e-03 
 2.66200000e-08  2.20599834e-03 
 2.66400000e-08  2.21273715e-03 
 2.66600000e-08  2.21913380e-03 
 2.66800000e-08  2.22518737e-03 
 2.67000000e-08  2.23089700e-03 
 2.67200000e-08  2.23626188e-03 
 2.67400000e-08  2.24128122e-03 
 2.67600000e-08  2.24595431e-03 
 2.67800000e-08  2.25028044e-03 
 2.68000000e-08  2.25425898e-03 
 2.68200000e-08  2.25788933e-03 
 2.68400000e-08  2.26117094e-03 
 2.68600000e-08  2.26410328e-03 
 2.68800000e-08  2.26668590e-03 
 2.69000000e-08  2.26891836e-03 
 2.69200000e-08  2.27080030e-03 
 2.69400000e-08  2.27233136e-03 
 2.69600000e-08  2.27351127e-03 
 2.69800000e-08  2.27433978e-03 
 2.70000000e-08  2.27481667e-03 
 2.70200000e-08  2.27494180e-03 
 2.70400000e-08  2.27471505e-03 
 2.70600000e-08  2.27413635e-03 
 2.70800000e-08  2.27320568e-03 
 2.71000000e-08  2.27192306e-03 
 2.71200000e-08  2.27028855e-03 
 2.71400000e-08  2.26830227e-03 
 2.71600000e-08  2.26596438e-03 
 2.71800000e-08  2.26327507e-03 
 2.72000000e-08  2.26023461e-03 
 2.72200000e-08  2.25684328e-03 
 2.72400000e-08  2.25310143e-03 
 2.72600000e-08  2.24900945e-03 
 2.72800000e-08  2.24456777e-03 
 2.73000000e-08  2.23977688e-03 
 2.73200000e-08  2.23463731e-03 
 2.73400000e-08  2.22914963e-03 
 2.73600000e-08  2.22331448e-03 
 2.73800000e-08  2.21713253e-03 
 2.74000000e-08  2.21060450e-03 
 2.74200000e-08  2.20373116e-03 
 2.74400000e-08  2.19651333e-03 
 2.74600000e-08  2.18895189e-03 
 2.74800000e-08  2.18104775e-03 
 2.75000000e-08  2.17280188e-03 
 2.75200000e-08  2.16421530e-03 
 2.75400000e-08  2.15528908e-03 
 2.75600000e-08  2.14602434e-03 
 2.75800000e-08  2.13642225e-03 
 2.76000000e-08  2.12648403e-03 
 2.76200000e-08  2.11621095e-03 
 2.76400000e-08  2.10560435e-03 
 2.76600000e-08  2.09466558e-03 
 2.76800000e-08  2.08339609e-03 
 2.77000000e-08  2.07179734e-03 
 2.77200000e-08  2.05987088e-03 
 2.77400000e-08  2.04761829e-03 
 2.77600000e-08  2.03504120e-03 
 2.77800000e-08  2.02214131e-03 
 2.78000000e-08  2.00892036e-03 
 2.78200000e-08  1.99538014e-03 
 2.78400000e-08  1.98152251e-03 
 2.78600000e-08  1.96734937e-03 
 2.78800000e-08  1.95286268e-03 
 2.79000000e-08  1.93806445e-03 
 2.79200000e-08  1.92295674e-03 
 2.79400000e-08  1.90754168e-03 
 2.79600000e-08  1.89182143e-03 
 2.79800000e-08  1.87579822e-03 
 2.80000000e-08  1.85947434e-03 
 2.80200000e-08  1.84285212e-03 
 2.80400000e-08  1.82593395e-03 
 2.80600000e-08  1.80872228e-03 
 2.80800000e-08  1.79121959e-03 
 2.81000000e-08  1.77342845e-03 
 2.81200000e-08  1.75535145e-03 
 2.81400000e-08  1.73699126e-03 
 2.81600000e-08  1.71835059e-03 
 2.81800000e-08  1.69943220e-03 
 2.82000000e-08  1.68023892e-03 
 2.82200000e-08  1.66077361e-03 
 2.82400000e-08  1.64103920e-03 
 2.82600000e-08  1.62103867e-03 
 2.82800000e-08  1.60077505e-03 
 2.83000000e-08  1.58025142e-03 
 2.83200000e-08  1.55947091e-03 
 2.83400000e-08  1.53843671e-03 
 2.83600000e-08  1.51715205e-03 
 2.83800000e-08  1.49562021e-03 
 2.84000000e-08  1.47384455e-03 
 2.84200000e-08  1.45182843e-03 
 2.84400000e-08  1.42957530e-03 
 2.84600000e-08  1.40708863e-03 
 2.84800000e-08  1.38437197e-03 
 2.85000000e-08  1.36142888e-03 
 2.85200000e-08  1.33826300e-03 
 2.85400000e-08  1.31487800e-03 
 2.85600000e-08  1.29127760e-03 
 2.85800000e-08  1.26746555e-03 
 2.86000000e-08  1.24344568e-03 
 2.86200000e-08  1.21922183e-03 
 2.86400000e-08  1.19479789e-03 
 2.86600000e-08  1.17017781e-03 
 2.86800000e-08  1.14536555e-03 
 2.87000000e-08  1.12036516e-03 
 2.87200000e-08  1.09518067e-03 
 2.87400000e-08  1.06981620e-03 
 2.87600000e-08  1.04427587e-03 
 2.87800000e-08  1.01856387e-03 
 2.88000000e-08  9.92684412e-04 
 2.88200000e-08  9.66641734e-04 
 2.88400000e-08  9.40440122e-04 
 2.88600000e-08  9.14083893e-04 
 2.88800000e-08  8.87577396e-04 
 2.89000000e-08  8.60925012e-04 
 2.89200000e-08  8.34131152e-04 
 2.89400000e-08  8.07200261e-04 
 2.89600000e-08  7.80136808e-04 
 2.89800000e-08  7.52945292e-04 
 2.90000000e-08  7.25630239e-04 
 2.90200000e-08  6.98196201e-04 
 2.90400000e-08  6.70647755e-04 
 2.90600000e-08  6.42989500e-04 
 2.90800000e-08  6.15226060e-04 
 2.91000000e-08  5.87362079e-04 
 2.91200000e-08  5.59402220e-04 
 2.91400000e-08  5.31351169e-04 
 2.91600000e-08  5.03213628e-04 
 2.91800000e-08  4.74994316e-04 
 2.92000000e-08  4.46697967e-04 
 2.92200000e-08  4.18329331e-04 
 2.92400000e-08  3.89893171e-04 
 2.92600000e-08  3.61394265e-04 
 2.92800000e-08  3.32837398e-04 
 2.93000000e-08  3.04227368e-04 
 2.93200000e-08  2.75568981e-04 
 2.93400000e-08  2.46867051e-04 
 2.93600000e-08  2.18126398e-04 
 2.93800000e-08  1.89351848e-04 
 2.94000000e-08  1.60548233e-04 
 2.94200000e-08  1.31720386e-04 
 2.94400000e-08  1.02873141e-04 
 2.94600000e-08  7.40113359e-05 
 2.94800000e-08  4.51398074e-05 
 2.95000000e-08  1.62633889e-05 
 2.95200000e-08 -1.26130870e-05 
 2.95400000e-08 -4.14847913e-05 
 2.95600000e-08 -7.03469013e-05 
 2.95800000e-08 -9.91945988e-05 
 2.96000000e-08 -1.28023073e-04 
 2.96200000e-08 -1.56827522e-04 
 2.96400000e-08 -1.85603152e-04 
 2.96600000e-08 -2.14345181e-04 
 2.96800000e-08 -2.43048837e-04 
 2.97000000e-08 -2.71709361e-04 
 2.97200000e-08 -3.00322009e-04 
 2.97400000e-08 -3.28882048e-04 
 2.97600000e-08 -3.57384765e-04 
 2.97800000e-08 -3.85825460e-04 
 2.98000000e-08 -4.14199453e-04 
 2.98200000e-08 -4.42502081e-04 
 2.98400000e-08 -4.70728702e-04 
 2.98600000e-08 -4.98874695e-04 
 2.98800000e-08 -5.26935457e-04 
 2.99000000e-08 -5.54906411e-04 
 2.99200000e-08 -5.82783003e-04 
 2.99400000e-08 -6.10560702e-04 
 2.99600000e-08 -6.38235003e-04 
 2.99800000e-08 -6.65801426e-04 
 3.00000000e-08 -6.93255519e-04 
 3.00200000e-08 -7.20592857e-04 
 3.00400000e-08 -7.47809045e-04 
 3.00600000e-08 -7.74899714e-04 
 3.00800000e-08 -8.01860530e-04 
 3.01000000e-08 -8.28687185e-04 
 3.01200000e-08 -8.55375405e-04 
 3.01400000e-08 -8.81920949e-04 
 3.01600000e-08 -9.08319607e-04 
 3.01800000e-08 -9.34567205e-04 
 3.02000000e-08 -9.60659602e-04 
 3.02200000e-08 -9.86592690e-04 
 3.02400000e-08 -1.01236240e-03 
 3.02600000e-08 -1.03796470e-03 
 3.02800000e-08 -1.06339560e-03 
 3.03000000e-08 -1.08865112e-03 
 3.03200000e-08 -1.11372736e-03 
 3.03400000e-08 -1.13862042e-03 
 3.03600000e-08 -1.16332647e-03 
 3.03800000e-08 -1.18784169e-03 
 3.04000000e-08 -1.21216234e-03 
 3.04200000e-08 -1.23628467e-03 
 3.04400000e-08 -1.26020501e-03 
 3.04600000e-08 -1.28391972e-03 
 3.04800000e-08 -1.30742520e-03 
 3.05000000e-08 -1.33071788e-03 
 3.05200000e-08 -1.35379425e-03 
 3.05400000e-08 -1.37665085e-03 
 3.05600000e-08 -1.39928424e-03 
 3.05800000e-08 -1.42169103e-03 
 3.06000000e-08 -1.44386788e-03 
 3.06200000e-08 -1.46581149e-03 
 3.06400000e-08 -1.48751862e-03 
 3.06600000e-08 -1.50898604e-03 
 3.06800000e-08 -1.53021059e-03 
 3.07000000e-08 -1.55118916e-03 
 3.07200000e-08 -1.57191866e-03 
 3.07400000e-08 -1.59239607e-03 
 3.07600000e-08 -1.61261841e-03 
 3.07800000e-08 -1.63258272e-03 
 3.08000000e-08 -1.65228613e-03 
 3.08200000e-08 -1.67172577e-03 
 3.08400000e-08 -1.69089886e-03 
 3.08600000e-08 -1.70980262e-03 
 3.08800000e-08 -1.72843436e-03 
 3.09000000e-08 -1.74679141e-03 
 3.09200000e-08 -1.76487114e-03 
 3.09400000e-08 -1.78267099e-03 
 3.09600000e-08 -1.80018843e-03 
 3.09800000e-08 -1.81742098e-03 
 3.10000000e-08 -1.83436621e-03 
 3.10200000e-08 -1.85102172e-03 
 3.10400000e-08 -1.86738518e-03 
 3.10600000e-08 -1.88345429e-03 
 3.10800000e-08 -1.89922681e-03 
 3.11000000e-08 -1.91470052e-03 
 3.11200000e-08 -1.92987327e-03 
 3.11400000e-08 -1.94474294e-03 
 3.11600000e-08 -1.95930748e-03 
 3.11800000e-08 -1.97356485e-03 
 3.12000000e-08 -1.98751310e-03 
 3.12200000e-08 -2.00115027e-03 
 3.12400000e-08 -2.01447450e-03 
 3.12600000e-08 -2.02748394e-03 
 3.12800000e-08 -2.04017680e-03 
 3.13000000e-08 -2.05255133e-03 
 3.13200000e-08 -2.06460583e-03 
 3.13400000e-08 -2.07633864e-03 
 3.13600000e-08 -2.08774815e-03 
 3.13800000e-08 -2.09883279e-03 
 3.14000000e-08 -2.10959103e-03 
 3.14200000e-08 -2.12002139e-03 
 3.14400000e-08 -2.13012245e-03 
 3.14600000e-08 -2.13989281e-03 
 3.14800000e-08 -2.14933112e-03 
 3.15000000e-08 -2.15843609e-03 
 3.15200000e-08 -2.16720646e-03 
 3.15400000e-08 -2.17564101e-03 
 3.15600000e-08 -2.18373858e-03 
 3.15800000e-08 -2.19149803e-03 
 3.16000000e-08 -2.19891830e-03 
 3.16200000e-08 -2.20599834e-03 
 3.16400000e-08 -2.21273715e-03 
 3.16600000e-08 -2.21913380e-03 
 3.16800000e-08 -2.22518737e-03 
 3.17000000e-08 -2.23089700e-03 
 3.17200000e-08 -2.23626188e-03 
 3.17400000e-08 -2.24128122e-03 
 3.17600000e-08 -2.24595431e-03 
 3.17800000e-08 -2.25028044e-03 
 3.18000000e-08 -2.25425898e-03 
 3.18200000e-08 -2.25788933e-03 
 3.18400000e-08 -2.26117094e-03 
 3.18600000e-08 -2.26410328e-03 
 3.18800000e-08 -2.26668590e-03 
 3.19000000e-08 -2.26891836e-03 
 3.19200000e-08 -2.27080030e-03 
 3.19400000e-08 -2.27233137e-03 
 3.19600000e-08 -2.27351127e-03 
 3.19800000e-08 -2.27433978e-03 
 3.20000000e-08 -2.27481667e-03 
 3.20200000e-08 -2.27494180e-03 
 3.20400000e-08 -2.27471505e-03 
 3.20600000e-08 -2.27413635e-03 
 3.20800000e-08 -2.27320568e-03 
 3.21000000e-08 -2.27192306e-03 
 3.21200000e-08 -2.27028855e-03 
 3.21400000e-08 -2.26830227e-03 
 3.21600000e-08 -2.26596438e-03 
 3.21800000e-08 -2.26327507e-03 
 3.22000000e-08 -2.26023461e-03 
 3.22200000e-08 -2.25684328e-03 
 3.22400000e-08 -2.25310143e-03 
 3.22600000e-08 -2.24900945e-03 
 3.22800000e-08 -2.24456777e-03 
 3.23000000e-08 -2.23977688e-03 
 3.23200000e-08 -2.23463731e-03 
 3.23400000e-08 -2.22914963e-03 
 3.23600000e-08 -2.22331448e-03 
 3.23800000e-08 -2.21713253e-03 
 3.24000000e-08 -2.21060450e-03 
 3.24200000e-08 -2.20373116e-03 
 3.24400000e-08 -2.19651333e-03 
 3.24600000e-08 -2.18895189e-03 
 3.24800000e-08 -2.18104775e-03 
 3.25000000e-08 -2.17280188e-03 
 3.25200000e-08 -2.16421530e-03 
 3.25400000e-08 -2.15528908e-03 
 3.25600000e-08 -2.14602434e-03 
 3.25800000e-08 -2.13642225e-03 
 3.26000000e-08 -2.12648403e-03 
 3.26200000e-08 -2.11621095e-03 
 3.26400000e-08 -2.10560435e-03 
 3.26600000e-08 -2.09466558e-03 
 3.26800000e-08 -2.08339609e-03 
 3.27000000e-08 -2.07179734e-03 
 3.27200000e-08 -2.05987088e-03 
 3.27400000e-08 -2.04761829e-03 
 3.27600000e-08 -2.03504120e-03 
 3.27800000e-08 -2.02214131e-03 
 3.28000000e-08 -2.00892036e-03 
 3.28200000e-08 -1.99538014e-03 
 3.28400000e-08 -1.98152251e-03 
 3.28600000e-08 -1.96734938e-03 
 3.28800000e-08 -1.95286268e-03 
 3.29000000e-08 -1.93806445e-03 
 3.29200000e-08 -1.92295674e-03 
 3.29400000e-08 -1.90754168e-03 
 3.29600000e-08 -1.89182143e-03 
 3.29800000e-08 -1.87579822e-03 
 3.30000000e-08 -1.85947434e-03 
 3.30200000e-08 -1.84285212e-03 
 3.30400000e-08 -1.82593395e-03 
 3.30600000e-08 -1.80872228e-03 
 3.30800000e-08 -1.79121959e-03 
 3.31000000e-08 -1.77342845e-03 
 3.31200000e-08 -1.75535145e-03 
 3.31400000e-08 -1.73699126e-03 
 3.31600000e-08 -1.71835059e-03 
 3.31800000e-08 -1.69943220e-03 
 3.32000000e-08 -1.68023892e-03 
 3.32200000e-08 -1.66077361e-03 
 3.32400000e-08 -1.64103920e-03 
 3.32600000e-08 -1.62103867e-03 
 3.32800000e-08 -1.60077505e-03 
 3.33000000e-08 -1.58025142e-03 
 3.33200000e-08 -1.55947091e-03 
 3.33400000e-08 -1.53843671e-03 
 3.33600000e-08 -1.51715205e-03 
 3.33800000e-08 -1.49562021e-03 
 3.34000000e-08 -1.47384455e-03 
 3.34200000e-08 -1.45182843e-03 
 3.34400000e-08 -1.42957529e-03 
 3.34600000e-08 -1.40708863e-03 
 3.34800000e-08 -1.38437197e-03 
 3.35000000e-08 -1.36142888e-03 
 3.35200000e-08 -1.33826300e-03 
 3.35400000e-08 -1.31487800e-03 
 3.35600000e-08 -1.29127760e-03 
 3.35800000e-08 -1.26746555e-03 
 3.36000000e-08 -1.24344568e-03 
 3.36200000e-08 -1.21922183e-03 
 3.36400000e-08 -1.19479789e-03 
 3.36600000e-08 -1.17017781e-03 
 3.36800000e-08 -1.14536555e-03 
 3.37000000e-08 -1.12036516e-03 
 3.37200000e-08 -1.09518067e-03 
 3.37400000e-08 -1.06981620e-03 
 3.37600000e-08 -1.04427587e-03 
 3.37800000e-08 -1.01856387e-03 
 3.38000000e-08 -9.92684413e-04 
 3.38200000e-08 -9.66641734e-04 
 3.38400000e-08 -9.40440122e-04 
 3.38600000e-08 -9.14083893e-04 
 3.38800000e-08 -8.87577395e-04 
 3.39000000e-08 -8.60925012e-04 
 3.39200000e-08 -8.34131153e-04 
 3.39400000e-08 -8.07200261e-04 
 3.39600000e-08 -7.80136807e-04 
 3.39800000e-08 -7.52945292e-04 
 3.40000000e-08 -7.25630239e-04 
 3.40200000e-08 -6.98196201e-04 
 3.40400000e-08 -6.70647755e-04 
 3.40600000e-08 -6.42989500e-04 
 3.40800000e-08 -6.15226060e-04 
 3.41000000e-08 -5.87362079e-04 
 3.41200000e-08 -5.59402220e-04 
 3.41400000e-08 -5.31351171e-04 
 3.41600000e-08 -5.03213629e-04 
 3.41800000e-08 -4.74994315e-04 
 3.42000000e-08 -4.46697967e-04 
 3.42200000e-08 -4.18329331e-04 
 3.42400000e-08 -3.89893172e-04 
 3.42600000e-08 -3.61394265e-04 
 3.42800000e-08 -3.32837399e-04 
 3.43000000e-08 -3.04227368e-04 
 3.43200000e-08 -2.75568980e-04 
 3.43400000e-08 -2.46867051e-04 
 3.43600000e-08 -2.18126397e-04 
 3.43800000e-08 -1.89351848e-04 
 3.44000000e-08 -1.60548233e-04 
 3.44200000e-08 -1.31720386e-04 
 3.44400000e-08 -1.02873141e-04 
 3.44600000e-08 -7.40113361e-05 
 3.44800000e-08 -4.51398069e-05 
 3.45000000e-08 -1.62633889e-05 
 3.45200000e-08  1.26130872e-05 
 3.45400000e-08  4.14847921e-05 
 3.45600000e-08  7.03469006e-05 
 3.45800000e-08  9.91945986e-05 
 3.46000000e-08  1.28023073e-04 
 3.46200000e-08  1.56827522e-04 
 3.46400000e-08  1.85603151e-04 
 3.46600000e-08  2.14345181e-04 
 3.46800000e-08  2.43048838e-04 
 3.47000000e-08  2.71709362e-04 
 3.47200000e-08  3.00322009e-04 
 3.47400000e-08  3.28882049e-04 
 3.47600000e-08  3.57384765e-04 
 3.47800000e-08  3.85825460e-04 
 3.48000000e-08  4.14199454e-04 
 3.48200000e-08  4.42502082e-04 
 3.48400000e-08  4.70728702e-04 
 3.48600000e-08  4.98874695e-04 
 3.48800000e-08  5.26935457e-04 
 3.49000000e-08  5.54906411e-04 
 3.49200000e-08  5.82783003e-04 
 3.49400000e-08  6.10560702e-04 
 3.49600000e-08  6.38235003e-04 
 3.49800000e-08  6.65801425e-04 
 3.50000000e-08  6.93255519e-04 
 3.50200000e-08  7.20592857e-04 
 3.50400000e-08  7.47809044e-04 
 3.50600000e-08  7.74899715e-04 
 3.50800000e-08  8.01860530e-04 
 3.51000000e-08  8.28687185e-04 
 3.51200000e-08  8.55375405e-04 
 3.51400000e-08  8.81920949e-04 
 3.51600000e-08  9.08319608e-04 
 3.51800000e-08  9.34567206e-04 
 3.52000000e-08  9.60659602e-04 
 3.52200000e-08  9.86592690e-04 
 3.52400000e-08  1.01236240e-03 
 3.52600000e-08  1.03796470e-03 
 3.52800000e-08  1.06339559e-03 
 3.53000000e-08  1.08865112e-03 
 3.53200000e-08  1.11372736e-03 
 3.53400000e-08  1.13862042e-03 
 3.53600000e-08  1.16332647e-03 
 3.53800000e-08  1.18784170e-03 
 3.54000000e-08  1.21216234e-03 
 3.54200000e-08  1.23628467e-03 
 3.54400000e-08  1.26020501e-03 
 3.54600000e-08  1.28391972e-03 
 3.54800000e-08  1.30742520e-03 
 3.55000000e-08  1.33071788e-03 
 3.55200000e-08  1.35379425e-03 
 3.55400000e-08  1.37665085e-03 
 3.55600000e-08  1.39928424e-03 
 3.55800000e-08  1.42169103e-03 
 3.56000000e-08  1.44386788e-03 
 3.56200000e-08  1.46581149e-03 
 3.56400000e-08  1.48751862e-03 
 3.56600000e-08  1.50898604e-03 
 3.56800000e-08  1.53021059e-03 
 3.57000000e-08  1.55118916e-03 
 3.57200000e-08  1.57191866e-03 
 3.57400000e-08  1.59239607e-03 
 3.57600000e-08  1.61261841e-03 
 3.57800000e-08  1.63258272e-03 
 3.58000000e-08  1.65228613e-03 
 3.58200000e-08  1.67172577e-03 
 3.58400000e-08  1.69089886e-03 
 3.58600000e-08  1.70980262e-03 
 3.58800000e-08  1.72843436e-03 
 3.59000000e-08  1.74679140e-03 
 3.59200000e-08  1.76487114e-03 
 3.59400000e-08  1.78267099e-03 
 3.59600000e-08  1.80018843e-03 
 3.59800000e-08  1.81742098e-03 
 3.60000000e-08  1.83436621e-03 
 3.60200000e-08  1.85102172e-03 
 3.60400000e-08  1.86738518e-03 
 3.60600000e-08  1.88345429e-03 
 3.60800000e-08  1.89922681e-03 
 3.61000000e-08  1.91470052e-03 
 3.61200000e-08  1.92987327e-03 
 3.61400000e-08  1.94474294e-03 
 3.61600000e-08  1.95930748e-03 
 3.61800000e-08  1.97356486e-03 
 3.62000000e-08  1.98751310e-03 
 3.62200000e-08  2.00115027e-03 
 3.62400000e-08  2.01447450e-03 
 3.62600000e-08  2.02748394e-03 
 3.62800000e-08  2.04017680e-03 
 3.63000000e-08  2.05255133e-03 
 3.63200000e-08  2.06460583e-03 
 3.63400000e-08  2.07633864e-03 
 3.63600000e-08  2.08774815e-03 
 3.63800000e-08  2.09883279e-03 
 3.64000000e-08  2.10959102e-03 
 3.64200000e-08  2.12002139e-03 
 3.64400000e-08  2.13012245e-03 
 3.64600000e-08  2.13989281e-03 
 3.64800000e-08  2.14933112e-03 
 3.65000000e-08  2.15843609e-03 
 3.65200000e-08  2.16720646e-03 
 3.65400000e-08  2.17564101e-03 
 3.65600000e-08  2.18373858e-03 
 3.65800000e-08  2.19149803e-03 
 3.66000000e-08  2.19891830e-03 
 3.66200000e-08  2.20599834e-03 
 3.66400000e-08  2.21273715e-03 
 3.66600000e-08  2.21913380e-03 
 3.66800000e-08  2.22518737e-03 
 3.67000000e-08  2.23089700e-03 
 3.67200000e-08  2.23626188e-03 
 3.67400000e-08  2.24128122e-03 
 3.67600000e-08  2.24595431e-03 
 3.67800000e-08  2.25028044e-03 
 3.68000000e-08  2.25425898e-03 
 3.68200000e-08  2.25788933e-03 
 3.68400000e-08  2.26117093e-03 
 3.68600000e-08  2.26410328e-03 
 3.68800000e-08  2.26668590e-03 
 3.69000000e-08  2.26891836e-03 
 3.69200000e-08  2.27080030e-03 
 3.69400000e-08  2.27233137e-03 
 3.69600000e-08  2.27351127e-03 
 3.69800000e-08  2.27433978e-03 
 3.70000000e-08  2.27481667e-03 
 3.70200000e-08  2.27494180e-03 
 3.70400000e-08  2.27471505e-03 
 3.70600000e-08  2.27413635e-03 
 3.70800000e-08  2.27320568e-03 
 3.71000000e-08  2.27192306e-03 
 3.71200000e-08  2.27028855e-03 
 3.71400000e-08  2.26830227e-03 
 3.71600000e-08  2.26596438e-03 
 3.71800000e-08  2.26327507e-03 
 3.72000000e-08  2.26023461e-03 
 3.72200000e-08  2.25684328e-03 
 3.72400000e-08  2.25310143e-03 
 3.72600000e-08  2.24900945e-03 
 3.72800000e-08  2.24456777e-03 
 3.73000000e-08  2.23977688e-03 
 3.73200000e-08  2.23463731e-03 
 3.73400000e-08  2.22914963e-03 
 3.73600000e-08  2.22331448e-03 
 3.73800000e-08  2.21713253e-03 
 3.74000000e-08  2.21060450e-03 
 3.74200000e-08  2.20373116e-03 
 3.74400000e-08  2.19651333e-03 
 3.74600000e-08  2.18895189e-03 
 3.74800000e-08  2.18104775e-03 
 3.75000000e-08  2.17280188e-03 
 3.75200000e-08  2.16421530e-03 
 3.75400000e-08  2.15528908e-03 
 3.75600000e-08  2.14602434e-03 
 3.75800000e-08  2.13642225e-03 
 3.76000000e-08  2.12648403e-03 
 3.76200000e-08  2.11621095e-03 
 3.76400000e-08  2.10560435e-03 
 3.76600000e-08  2.09466558e-03 
 3.76800000e-08  2.08339609e-03 
 3.77000000e-08  2.07179734e-03 
 3.77200000e-08  2.05987088e-03 
 3.77400000e-08  2.04761829e-03 
 3.77600000e-08  2.03504120e-03 
 3.77800000e-08  2.02214131e-03 
 3.78000000e-08  2.00892036e-03 
 3.78200000e-08  1.99538014e-03 
 3.78400000e-08  1.98152251e-03 
 3.78600000e-08  1.96734938e-03 
 3.78800000e-08  1.95286268e-03 
 3.79000000e-08  1.93806445e-03 
 3.79200000e-08  1.92295674e-03 
 3.79400000e-08  1.90754168e-03 
 3.79600000e-08  1.89182143e-03 
 3.79800000e-08  1.87579822e-03 
 3.80000000e-08  1.85947434e-03 
 3.80200000e-08  1.84285212e-03 
 3.80400000e-08  1.82593395e-03 
 3.80600000e-08  1.80872228e-03 
 3.80800000e-08  1.79121959e-03 
 3.81000000e-08  1.77342845e-03 
 3.81200000e-08  1.75535145e-03 
 3.81400000e-08  1.73699126e-03 
 3.81600000e-08  1.71835059e-03 
 3.81800000e-08  1.69943220e-03 
 3.82000000e-08  1.68023892e-03 
 3.82200000e-08  1.66077361e-03 
 3.82400000e-08  1.64103920e-03 
 3.82600000e-08  1.62103867e-03 
 3.82800000e-08  1.60077505e-03 
 3.83000000e-08  1.58025142e-03 
 3.83200000e-08  1.55947091e-03 
 3.83400000e-08  1.53843671e-03 
 3.83600000e-08  1.51715205e-03 
 3.83800000e-08  1.49562021e-03 
 3.84000000e-08  1.47384455e-03 
 3.84200000e-08  1.45182843e-03 
 3.84400000e-08  1.42957530e-03 
 3.84600000e-08  1.40708863e-03 
 3.84800000e-08  1.38437197e-03 
 3.85000000e-08  1.36142888e-03 
 3.85200000e-08  1.33826300e-03 
 3.85400000e-08  1.31487800e-03 
 3.85600000e-08  1.29127760e-03 
 3.85800000e-08  1.26746555e-03 
 3.86000000e-08  1.24344568e-03 
 3.86200000e-08  1.21922183e-03 
 3.86400000e-08  1.19479789e-03 
 3.86600000e-08  1.17017781e-03 
 3.86800000e-08  1.14536556e-03 
 3.87000000e-08  1.12036516e-03 
 3.87200000e-08  1.09518067e-03 
 3.87400000e-08  1.06981620e-03 
 3.87600000e-08  1.04427587e-03 
 3.87800000e-08  1.01856387e-03 
 3.88000000e-08  9.92684411e-04 
 3.88200000e-08  9.66641734e-04 
 3.88400000e-08  9.40440122e-04 
 3.88600000e-08  9.14083893e-04 
 3.88800000e-08  8.87577396e-04 
 3.89000000e-08  8.60925012e-04 
 3.89200000e-08  8.34131153e-04 
 3.89400000e-08  8.07200261e-04 
 3.89600000e-08  7.80136808e-04 
 3.89800000e-08  7.52945292e-04 
 3.90000000e-08  7.25630239e-04 
 3.90200000e-08  6.98196201e-04 
 3.90400000e-08  6.70647755e-04 
 3.90600000e-08  6.42989501e-04 
 3.90800000e-08  6.15226060e-04 
 3.91000000e-08  5.87362078e-04 
 3.91200000e-08  5.59402221e-04 
 3.91400000e-08  5.31351170e-04 
 3.91600000e-08  5.03213628e-04 
 3.91800000e-08  4.74994315e-04 
 3.92000000e-08  4.46697966e-04 
 3.92200000e-08  4.18329331e-04 
 3.92400000e-08  3.89893172e-04 
 3.92600000e-08  3.61394266e-04 
 3.92800000e-08  3.32837399e-04 
 3.93000000e-08  3.04227368e-04 
 3.93200000e-08  2.75568981e-04 
 3.93400000e-08  2.46867051e-04 
 3.93600000e-08  2.18126398e-04 
 3.93800000e-08  1.89351849e-04 
 3.94000000e-08  1.60548233e-04 
 3.94200000e-08  1.31720386e-04 
 3.94400000e-08  1.02873141e-04 
 3.94600000e-08  7.40113367e-05 
 3.94800000e-08  4.51398069e-05 
 3.95000000e-08  1.62633896e-05 
 3.95200000e-08 -1.26130868e-05 
 3.95400000e-08 -4.14847907e-05 
 3.95600000e-08 -7.03469018e-05 
 3.95800000e-08 -9.91945983e-05 
 3.96000000e-08 -1.28023072e-04 
 3.96200000e-08 -1.56827522e-04 
 3.96400000e-08 -1.85603152e-04 
 3.96600000e-08 -2.14345182e-04 
 3.96800000e-08 -2.43048836e-04 
 3.97000000e-08 -2.71709361e-04 
 3.97200000e-08 -3.00322009e-04 
 3.97400000e-08 -3.28882048e-04 
 3.97600000e-08 -3.57384765e-04 
 3.97800000e-08 -3.85825460e-04 
 3.98000000e-08 -4.14199453e-04 
 3.98200000e-08 -4.42502082e-04 
 3.98400000e-08 -4.70728703e-04 
 3.98600000e-08 -4.98874695e-04 
 3.98800000e-08 -5.26935457e-04 
 3.99000000e-08 -5.54906411e-04 
 3.99200000e-08 -5.82783002e-04 
 3.99400000e-08 -6.10560703e-04 
 3.99600000e-08 -6.38235003e-04 
 3.99800000e-08 -6.65801425e-04 
 4.00000000e-08 -6.93255519e-04 
 4.00200000e-08 -7.20592857e-04 
 4.00400000e-08 -7.47809045e-04 
 4.00600000e-08 -7.74899715e-04 
 4.00800000e-08 -8.01860530e-04 
 4.01000000e-08 -8.28687185e-04 
 4.01200000e-08 -8.55375405e-04 
 4.01400000e-08 -8.81920950e-04 
 4.01600000e-08 -9.08319608e-04 
 4.01800000e-08 -9.34567205e-04 
 4.02000000e-08 -9.60659602e-04 
 4.02200000e-08 -9.86592691e-04 
 4.02400000e-08 -1.01236240e-03 
 4.02600000e-08 -1.03796470e-03 
 4.02800000e-08 -1.06339560e-03 
 4.03000000e-08 -1.08865112e-03 
 4.03200000e-08 -1.11372736e-03 
 4.03400000e-08 -1.13862042e-03 
 4.03600000e-08 -1.16332647e-03 
 4.03800000e-08 -1.18784169e-03 
 4.04000000e-08 -1.21216234e-03 
 4.04200000e-08 -1.23628467e-03 
 4.04400000e-08 -1.26020501e-03 
 4.04600000e-08 -1.28391972e-03 
 4.04800000e-08 -1.30742520e-03 
 4.05000000e-08 -1.33071788e-03 
 4.05200000e-08 -1.35379425e-03 
 4.05400000e-08 -1.37665085e-03 
 4.05600000e-08 -1.39928424e-03 
 4.05800000e-08 -1.42169103e-03 
 4.06000000e-08 -1.44386788e-03 
 4.06200000e-08 -1.46581149e-03 
 4.06400000e-08 -1.48751862e-03 
 4.06600000e-08 -1.50898604e-03 
 4.06800000e-08 -1.53021059e-03 
 4.07000000e-08 -1.55118916e-03 
 4.07200000e-08 -1.57191866e-03 
 4.07400000e-08 -1.59239607e-03 
 4.07600000e-08 -1.61261841e-03 
 4.07800000e-08 -1.63258272e-03 
 4.08000000e-08 -1.65228613e-03 
 4.08200000e-08 -1.67172577e-03 
 4.08400000e-08 -1.69089886e-03 
 4.08600000e-08 -1.70980262e-03 
 4.08800000e-08 -1.72843436e-03 
 4.09000000e-08 -1.74679141e-03 
 4.09200000e-08 -1.76487114e-03 
 4.09400000e-08 -1.78267099e-03 
 4.09600000e-08 -1.80018843e-03 
 4.09800000e-08 -1.81742098e-03 
 4.10000000e-08 -1.83436621e-03 
 4.10200000e-08 -1.85102172e-03 
 4.10400000e-08 -1.86738518e-03 
 4.10600000e-08 -1.88345429e-03 
 4.10800000e-08 -1.89922681e-03 
 4.11000000e-08 -1.91470052e-03 
 4.11200000e-08 -1.92987327e-03 
 4.11400000e-08 -1.94474294e-03 
 4.11600000e-08 -1.95930748e-03 
 4.11800000e-08 -1.97356485e-03 
 4.12000000e-08 -1.98751310e-03 
 4.12200000e-08 -2.00115027e-03 
 4.12400000e-08 -2.01447450e-03 
 4.12600000e-08 -2.02748394e-03 
 4.12800000e-08 -2.04017680e-03 
 4.13000000e-08 -2.05255133e-03 
 4.13200000e-08 -2.06460583e-03 
 4.13400000e-08 -2.07633864e-03 
 4.13600000e-08 -2.08774815e-03 
 4.13800000e-08 -2.09883278e-03 
 4.14000000e-08 -2.10959102e-03 
 4.14200000e-08 -2.12002139e-03 
 4.14400000e-08 -2.13012245e-03 
 4.14600000e-08 -2.13989281e-03 
 4.14800000e-08 -2.14933112e-03 
 4.15000000e-08 -2.15843609e-03 
 4.15200000e-08 -2.16720646e-03 
 4.15400000e-08 -2.17564101e-03 
 4.15600000e-08 -2.18373858e-03 
 4.15800000e-08 -2.19149803e-03 
 4.16000000e-08 -2.19891830e-03 
 4.16200000e-08 -2.20599834e-03 
 4.16400000e-08 -2.21273715e-03 
 4.16600000e-08 -2.21913380e-03 
 4.16800000e-08 -2.22518737e-03 
 4.17000000e-08 -2.23089700e-03 
 4.17200000e-08 -2.23626188e-03 
 4.17400000e-08 -2.24128122e-03 
 4.17600000e-08 -2.24595431e-03 
 4.17800000e-08 -2.25028044e-03 
 4.18000000e-08 -2.25425898e-03 
 4.18200000e-08 -2.25788933e-03 
 4.18400000e-08 -2.26117093e-03 
 4.18600000e-08 -2.26410328e-03 
 4.18800000e-08 -2.26668590e-03 
 4.19000000e-08 -2.26891836e-03 
 4.19200000e-08 -2.27080030e-03 
 4.19400000e-08 -2.27233136e-03 
 4.19600000e-08 -2.27351127e-03 
 4.19800000e-08 -2.27433978e-03 
 4.20000000e-08 -2.27481667e-03 
 4.20200000e-08 -2.27494180e-03 
 4.20400000e-08 -2.27471505e-03 
 4.20600000e-08 -2.27413635e-03 
 4.20800000e-08 -2.27320568e-03 
 4.21000000e-08 -2.27192306e-03 
 4.21200000e-08 -2.27028855e-03 
 4.21400000e-08 -2.26830227e-03 
 4.21600000e-08 -2.26596438e-03 
 4.21800000e-08 -2.26327507e-03 
 4.22000000e-08 -2.26023461e-03 
 4.22200000e-08 -2.25684328e-03 
 4.22400000e-08 -2.25310143e-03 
 4.22600000e-08 -2.24900945e-03 
 4.22800000e-08 -2.24456777e-03 
 4.23000000e-08 -2.23977688e-03 
 4.23200000e-08 -2.23463731e-03 
 4.23400000e-08 -2.22914963e-03 
 4.23600000e-08 -2.22331448e-03 
 4.23800000e-08 -2.21713253e-03 
 4.24000000e-08 -2.21060450e-03 
 4.24200000e-08 -2.20373116e-03 
 4.24400000e-08 -2.19651333e-03 
 4.24600000e-08 -2.18895189e-03 
 4.24800000e-08 -2.18104775e-03 
 4.25000000e-08 -2.17280188e-03 
 4.25200000e-08 -2.16421530e-03 
 4.25400000e-08 -2.15528908e-03 
 4.25600000e-08 -2.14602434e-03 
 4.25800000e-08 -2.13642225e-03 
 4.26000000e-08 -2.12648403e-03 
 4.26200000e-08 -2.11621095e-03 
 4.26400000e-08 -2.10560435e-03 
 4.26600000e-08 -2.09466558e-03 
 4.26800000e-08 -2.08339609e-03 
 4.27000000e-08 -2.07179734e-03 
 4.27200000e-08 -2.05987088e-03 
 4.27400000e-08 -2.04761829e-03 
 4.27600000e-08 -2.03504120e-03 
 4.27800000e-08 -2.02214131e-03 
 4.28000000e-08 -2.00892036e-03 
 4.28200000e-08 -1.99538014e-03 
 4.28400000e-08 -1.98152251e-03 
 4.28600000e-08 -1.96734937e-03 
 4.28800000e-08 -1.95286268e-03 
 4.29000000e-08 -1.93806445e-03 
 4.29200000e-08 -1.92295674e-03 
 4.29400000e-08 -1.90754168e-03 
 4.29600000e-08 -1.89182143e-03 
 4.29800000e-08 -1.87579822e-03 
 4.30000000e-08 -1.85947434e-03 
 4.30200000e-08 -1.84285212e-03 
 4.30400000e-08 -1.82593395e-03 
 4.30600000e-08 -1.80872228e-03 
 4.30800000e-08 -1.79121959e-03 
 4.31000000e-08 -1.77342845e-03 
 4.31200000e-08 -1.75535145e-03 
 4.31400000e-08 -1.73699126e-03 
 4.31600000e-08 -1.71835059e-03 
 4.31800000e-08 -1.69943220e-03 
 4.32000000e-08 -1.68023892e-03 
 4.32200000e-08 -1.66077361e-03 
 4.32400000e-08 -1.64103920e-03 
 4.32600000e-08 -1.62103867e-03 
 4.32800000e-08 -1.60077505e-03 
 4.33000000e-08 -1.58025142e-03 
 4.33200000e-08 -1.55947091e-03 
 4.33400000e-08 -1.53843671e-03 
 4.33600000e-08 -1.51715205e-03 
 4.33800000e-08 -1.49562021e-03 
 4.34000000e-08 -1.47384455e-03 
 4.34200000e-08 -1.45182843e-03 
 4.34400000e-08 -1.42957529e-03 
 4.34600000e-08 -1.40708863e-03 
 4.34800000e-08 -1.38437197e-03 
 4.35000000e-08 -1.36142888e-03 
 4.35200000e-08 -1.33826300e-03 
 4.35400000e-08 -1.31487800e-03 
 4.35600000e-08 -1.29127760e-03 
 4.35800000e-08 -1.26746556e-03 
 4.36000000e-08 -1.24344568e-03 
 4.36200000e-08 -1.21922183e-03 
 4.36400000e-08 -1.19479789e-03 
 4.36600000e-08 -1.17017781e-03 
 4.36800000e-08 -1.14536555e-03 
 4.37000000e-08 -1.12036516e-03 
 4.37200000e-08 -1.09518067e-03 
 4.37400000e-08 -1.06981620e-03 
 4.37600000e-08 -1.04427587e-03 
 4.37800000e-08 -1.01856387e-03 
 4.38000000e-08 -9.92684412e-04 
 4.38200000e-08 -9.66641734e-04 
 4.38400000e-08 -9.40440122e-04 
 4.38600000e-08 -9.14083894e-04 
 4.38800000e-08 -8.87577396e-04 
 4.39000000e-08 -8.60925012e-04 
 4.39200000e-08 -8.34131153e-04 
 4.39400000e-08 -8.07200261e-04 
 4.39600000e-08 -7.80136808e-04 
 4.39800000e-08 -7.52945292e-04 
 4.40000000e-08 -7.25630240e-04 
 4.40200000e-08 -6.98196202e-04 
 4.40400000e-08 -6.70647755e-04 
 4.40600000e-08 -6.42989500e-04 
 4.40800000e-08 -6.15226061e-04 
 4.41000000e-08 -5.87362078e-04 
 4.41200000e-08 -5.59402220e-04 
 4.41400000e-08 -5.31351169e-04 
 4.41600000e-08 -5.03213628e-04 
 4.41800000e-08 -4.74994316e-04 
 4.42000000e-08 -4.46697967e-04 
 4.42200000e-08 -4.18329331e-04 
 4.42400000e-08 -3.89893172e-04 
 4.42600000e-08 -3.61394266e-04 
 4.42800000e-08 -3.32837398e-04 
 4.43000000e-08 -3.04227368e-04 
 4.43200000e-08 -2.75568981e-04 
 4.43400000e-08 -2.46867051e-04 
 4.43600000e-08 -2.18126398e-04 
 4.43800000e-08 -1.89351849e-04 
 4.44000000e-08 -1.60548233e-04 
 4.44200000e-08 -1.31720386e-04 
 4.44400000e-08 -1.02873141e-04 
 4.44600000e-08 -7.40113356e-05 
 4.44800000e-08 -4.51398073e-05 
 4.45000000e-08 -1.62633890e-05 
 4.45200000e-08  1.26130865e-05 
 4.45400000e-08  4.14847914e-05 
 4.45600000e-08  7.03469014e-05 
 4.45800000e-08  9.91945986e-05 
 4.46000000e-08  1.28023073e-04 
 4.46200000e-08  1.56827522e-04 
 4.46400000e-08  1.85603153e-04 
 4.46600000e-08  2.14345182e-04 
 4.46800000e-08  2.43048837e-04 
 4.47000000e-08  2.71709362e-04 
 4.47200000e-08  3.00322009e-04 
 4.47400000e-08  3.28882048e-04 
 4.47600000e-08  3.57384766e-04 
 4.47800000e-08  3.85825460e-04 
 4.48000000e-08  4.14199453e-04 
 4.48200000e-08  4.42502081e-04 
 4.48400000e-08  4.70728703e-04 
 4.48600000e-08  4.98874695e-04 
 4.48800000e-08  5.26935457e-04 
 4.49000000e-08  5.54906411e-04 
 4.49200000e-08  5.82783003e-04 
 4.49400000e-08  6.10560702e-04 
 4.49600000e-08  6.38235002e-04 
 4.49800000e-08  6.65801426e-04 
 4.50000000e-08  6.93255519e-04 
 4.50200000e-08  7.20592857e-04 
 4.50400000e-08  7.47809045e-04 
 4.50600000e-08  7.74899715e-04 
 4.50800000e-08  8.01860529e-04 
 4.51000000e-08  8.28687185e-04 
 4.51200000e-08  8.55375405e-04 
 4.51400000e-08  8.81920950e-04 
 4.51600000e-08  9.08319608e-04 
 4.51800000e-08  9.34567205e-04 
 4.52000000e-08  9.60659601e-04 
 4.52200000e-08  9.86592691e-04 
 4.52400000e-08  1.01236240e-03 
 4.52600000e-08  1.03796470e-03 
 4.52800000e-08  1.06339559e-03 
 4.53000000e-08  1.08865112e-03 
 4.53200000e-08  1.11372736e-03 
 4.53400000e-08  1.13862042e-03 
 4.53600000e-08  1.16332647e-03 
 4.53800000e-08  1.18784169e-03 
 4.54000000e-08  1.21216234e-03 
 4.54200000e-08  1.23628467e-03 
 4.54400000e-08  1.26020501e-03 
 4.54600000e-08  1.28391972e-03 
 4.54800000e-08  1.30742520e-03 
 4.55000000e-08  1.33071788e-03 
 4.55200000e-08  1.35379426e-03 
 4.55400000e-08  1.37665085e-03 
 4.55600000e-08  1.39928424e-03 
 4.55800000e-08  1.42169103e-03 
 4.56000000e-08  1.44386788e-03 
 4.56200000e-08  1.46581149e-03 
 4.56400000e-08  1.48751862e-03 
 4.56600000e-08  1.50898604e-03 
 4.56800000e-08  1.53021059e-03 
 4.57000000e-08  1.55118916e-03 
 4.57200000e-08  1.57191866e-03 
 4.57400000e-08  1.59239607e-03 
 4.57600000e-08  1.61261841e-03 
 4.57800000e-08  1.63258272e-03 
 4.58000000e-08  1.65228613e-03 
 4.58200000e-08  1.67172577e-03 
 4.58400000e-08  1.69089886e-03 
 4.58600000e-08  1.70980262e-03 
 4.58800000e-08  1.72843436e-03 
 4.59000000e-08  1.74679141e-03 
 4.59200000e-08  1.76487114e-03 
 4.59400000e-08  1.78267099e-03 
 4.59600000e-08  1.80018843e-03 
 4.59800000e-08  1.81742098e-03 
 4.60000000e-08  1.83436621e-03 
 4.60200000e-08  1.85102172e-03 
 4.60400000e-08  1.86738518e-03 
 4.60600000e-08  1.88345429e-03 
 4.60800000e-08  1.89922681e-03 
 4.61000000e-08  1.91470052e-03 
 4.61200000e-08  1.92987327e-03 
 4.61400000e-08  1.94474294e-03 
 4.61600000e-08  1.95930748e-03 
 4.61800000e-08  1.97356485e-03 
 4.62000000e-08  1.98751310e-03 
 4.62200000e-08  2.00115027e-03 
 4.62400000e-08  2.01447450e-03 
 4.62600000e-08  2.02748394e-03 
 4.62800000e-08  2.04017680e-03 
 4.63000000e-08  2.05255133e-03 
 4.63200000e-08  2.06460583e-03 
 4.63400000e-08  2.07633864e-03 
 4.63600000e-08  2.08774815e-03 
 4.63800000e-08  2.09883278e-03 
 4.64000000e-08  2.10959103e-03 
 4.64200000e-08  2.12002139e-03 
 4.64400000e-08  2.13012245e-03 
 4.64600000e-08  2.13989281e-03 
 4.64800000e-08  2.14933112e-03 
 4.65000000e-08  2.15843609e-03 
 4.65200000e-08  2.16720646e-03 
 4.65400000e-08  2.17564101e-03 
 4.65600000e-08  2.18373857e-03 
 4.65800000e-08  2.19149803e-03 
 4.66000000e-08  2.19891830e-03 
 4.66200000e-08  2.20599834e-03 
 4.66400000e-08  2.21273715e-03 
 4.66600000e-08  2.21913380e-03 
 4.66800000e-08  2.22518737e-03 
 4.67000000e-08  2.23089700e-03 
 4.67200000e-08  2.23626188e-03 
 4.67400000e-08  2.24128122e-03 
 4.67600000e-08  2.24595430e-03 
 4.67800000e-08  2.25028044e-03 
 4.68000000e-08  2.25425898e-03 
 4.68200000e-08  2.25788933e-03 
 4.68400000e-08  2.26117094e-03 
 4.68600000e-08  2.26410328e-03 
 4.68800000e-08  2.26668590e-03 
 4.69000000e-08  2.26891836e-03 
 4.69200000e-08  2.27080030e-03 
 4.69400000e-08  2.27233137e-03 
 4.69600000e-08  2.27351127e-03 
 4.69800000e-08  2.27433978e-03 
 4.70000000e-08  2.27481667e-03 
 4.70200000e-08  2.27494180e-03 
 4.70400000e-08  2.27471505e-03 
 4.70600000e-08  2.27413635e-03 
 4.70800000e-08  2.27320568e-03 
 4.71000000e-08  2.27192306e-03 
 4.71200000e-08  2.27028855e-03 
 4.71400000e-08  2.26830227e-03 
 4.71600000e-08  2.26596438e-03 
 4.71800000e-08  2.26327507e-03 
 4.72000000e-08  2.26023461e-03 
 4.72200000e-08  2.25684328e-03 
 4.72400000e-08  2.25310143e-03 
 4.72600000e-08  2.24900945e-03 
 4.72800000e-08  2.24456777e-03 
 4.73000000e-08  2.23977688e-03 
 4.73200000e-08  2.23463731e-03 
 4.73400000e-08  2.22914963e-03 
 4.73600000e-08  2.22331448e-03 
 4.73800000e-08  2.21713253e-03 
 4.74000000e-08  2.21060450e-03 
 4.74200000e-08  2.20373116e-03 
 4.74400000e-08  2.19651333e-03 
 4.74600000e-08  2.18895189e-03 
 4.74800000e-08  2.18104775e-03 
 4.75000000e-08  2.17280188e-03 
 4.75200000e-08  2.16421530e-03 
 4.75400000e-08  2.15528908e-03 
 4.75600000e-08  2.14602434e-03 
 4.75800000e-08  2.13642225e-03 
 4.76000000e-08  2.12648403e-03 
 4.76200000e-08  2.11621095e-03 
 4.76400000e-08  2.10560435e-03 
 4.76600000e-08  2.09466558e-03 
 4.76800000e-08  2.08339609e-03 
 4.77000000e-08  2.07179734e-03 
 4.77200000e-08  2.05987088e-03 
 4.77400000e-08  2.04761829e-03 
 4.77600000e-08  2.03504120e-03 
 4.77800000e-08  2.02214131e-03 
 4.78000000e-08  2.00892036e-03 
 4.78200000e-08  1.99538014e-03 
 4.78400000e-08  1.98152251e-03 
 4.78600000e-08  1.96734938e-03 
 4.78800000e-08  1.95286268e-03 
 4.79000000e-08  1.93806445e-03 
 4.79200000e-08  1.92295674e-03 
 4.79400000e-08  1.90754168e-03 
 4.79600000e-08  1.89182143e-03 
 4.79800000e-08  1.87579822e-03 
 4.80000000e-08  1.85947434e-03 
 4.80200000e-08  1.84285213e-03 
 4.80400000e-08  1.82593395e-03 
 4.80600000e-08  1.80872228e-03 
 4.80800000e-08  1.79121959e-03 
 4.81000000e-08  1.77342845e-03 
 4.81200000e-08  1.75535145e-03 
 4.81400000e-08  1.73699126e-03 
 4.81600000e-08  1.71835059e-03 
 4.81800000e-08  1.69943220e-03 
 4.82000000e-08  1.68023892e-03 
 4.82200000e-08  1.66077361e-03 
 4.82400000e-08  1.64103920e-03 
 4.82600000e-08  1.62103867e-03 
 4.82800000e-08  1.60077505e-03 
 4.83000000e-08  1.58025142e-03 
 4.83200000e-08  1.55947091e-03 
 4.83400000e-08  1.53843671e-03 
 4.83600000e-08  1.51715205e-03 
 4.83800000e-08  1.49562021e-03 
 4.84000000e-08  1.47384455e-03 
 4.84200000e-08  1.45182843e-03 
 4.84400000e-08  1.42957529e-03 
 4.84600000e-08  1.40708863e-03 
 4.84800000e-08  1.38437197e-03 
 4.85000000e-08  1.36142888e-03 
 4.85200000e-08  1.33826300e-03 
 4.85400000e-08  1.31487800e-03 
 4.85600000e-08  1.29127760e-03 
 4.85800000e-08  1.26746555e-03 
 4.86000000e-08  1.24344568e-03 
 4.86200000e-08  1.21922183e-03 
 4.86400000e-08  1.19479789e-03 
 4.86600000e-08  1.17017781e-03 
 4.86800000e-08  1.14536555e-03 
 4.87000000e-08  1.12036516e-03 
 4.87200000e-08  1.09518067e-03 
 4.87400000e-08  1.06981620e-03 
 4.87600000e-08  1.04427587e-03 
 4.87800000e-08  1.01856387e-03 
 4.88000000e-08  9.92684412e-04 
 4.88200000e-08  9.66641735e-04 
 4.88400000e-08  9.40440122e-04 
 4.88600000e-08  9.14083893e-04 
 4.88800000e-08  8.87577395e-04 
 4.89000000e-08  8.60925011e-04 
 4.89200000e-08  8.34131153e-04 
 4.89400000e-08  8.07200261e-04 
 4.89600000e-08  7.80136808e-04 
 4.89800000e-08  7.52945291e-04 
 4.90000000e-08  7.25630239e-04 
 4.90200000e-08  6.98196201e-04 
 4.90400000e-08  6.70647755e-04 
 4.90600000e-08  6.42989501e-04 
 4.90800000e-08  6.15226060e-04 
 4.91000000e-08  5.87362078e-04 
 4.91200000e-08  5.59402220e-04 
 4.91400000e-08  5.31351170e-04 
 4.91600000e-08  5.03213629e-04 
 4.91800000e-08  4.74994316e-04 
 4.92000000e-08  4.46697966e-04 
 4.92200000e-08  4.18329331e-04 
 4.92400000e-08  3.89893172e-04 
 4.92600000e-08  3.61394266e-04 
 4.92800000e-08  3.32837398e-04 
 4.93000000e-08  3.04227368e-04 
 4.93200000e-08  2.75568981e-04 
 4.93400000e-08  2.46867050e-04 
 4.93600000e-08  2.18126398e-04 
 4.93800000e-08  1.89351849e-04 
 4.94000000e-08  1.60548234e-04 
 4.94200000e-08  1.31720385e-04 
 4.94400000e-08  1.02873141e-04 
 4.94600000e-08  7.40113363e-05 
 4.94800000e-08  4.51398071e-05 
 4.95000000e-08  1.62633892e-05 
 4.95200000e-08 -1.26130880e-05 
 4.95400000e-08 -4.14847916e-05 
 4.95600000e-08 -7.03469016e-05 
 4.95800000e-08 -9.91945993e-05 
 4.96000000e-08 -1.28023073e-04 
 4.96200000e-08 -1.56827522e-04 
 4.96400000e-08 -1.85603153e-04 
 4.96600000e-08 -2.14345181e-04 
 4.96800000e-08 -2.43048837e-04 
 4.97000000e-08 -2.71709362e-04 
 4.97200000e-08 -3.00322009e-04 
 4.97400000e-08 -3.28882049e-04 
 4.97600000e-08 -3.57384765e-04 
 4.97800000e-08 -3.85825460e-04 
 4.98000000e-08 -4.14199453e-04 
 4.98200000e-08 -4.42502081e-04 
 4.98400000e-08 -4.70728703e-04 
 4.98600000e-08 -4.98874695e-04 
 4.98800000e-08 -5.26935458e-04 
 4.99000000e-08 -5.54906412e-04 
 4.99200000e-08 -5.82783003e-04 
 4.99400000e-08 -6.10560702e-04 
 4.99600000e-08 -6.38235003e-04 
 4.99800000e-08 -6.65801426e-04 
 5.00000000e-08 -6.93255518e-04 
 5.00200000e-08 -7.20592857e-04 
 5.00400000e-08 -7.47809045e-04 
 5.00600000e-08 -7.74899715e-04 
 5.00800000e-08 -8.01860530e-04 
 5.01000000e-08 -8.28687185e-04 
 5.01200000e-08 -8.55375406e-04 
 5.01400000e-08 -8.81920949e-04 
 5.01600000e-08 -9.08319607e-04 
 5.01800000e-08 -9.34567205e-04 
 5.02000000e-08 -9.60659601e-04 
 5.02200000e-08 -9.86592689e-04 
 5.02400000e-08 -1.01236240e-03 
 5.02600000e-08 -1.03796470e-03 
 5.02800000e-08 -1.06339560e-03 
 5.03000000e-08 -1.08865112e-03 
 5.03200000e-08 -1.11372736e-03 
 5.03400000e-08 -1.13862042e-03 
 5.03600000e-08 -1.16332647e-03 
 5.03800000e-08 -1.18784170e-03 
 5.04000000e-08 -1.21216234e-03 
 5.04200000e-08 -1.23628467e-03 
 5.04400000e-08 -1.26020501e-03 
 5.04600000e-08 -1.28391972e-03 
 5.04800000e-08 -1.30742520e-03 
 5.05000000e-08 -1.33071788e-03 
 5.05200000e-08 -1.35379425e-03 
 5.05400000e-08 -1.37665085e-03 
 5.05600000e-08 -1.39928424e-03 
 5.05800000e-08 -1.42169103e-03 
 5.06000000e-08 -1.44386788e-03 
 5.06200000e-08 -1.46581149e-03 
 5.06400000e-08 -1.48751862e-03 
 5.06600000e-08 -1.50898604e-03 
 5.06800000e-08 -1.53021059e-03 
 5.07000000e-08 -1.55118916e-03 
 5.07200000e-08 -1.57191866e-03 
 5.07400000e-08 -1.59239608e-03 
 5.07600000e-08 -1.61261841e-03 
 5.07800000e-08 -1.63258272e-03 
 5.08000000e-08 -1.65228613e-03 
 5.08200000e-08 -1.67172577e-03 
 5.08400000e-08 -1.69089886e-03 
 5.08600000e-08 -1.70980262e-03 
 5.08800000e-08 -1.72843436e-03 
 5.09000000e-08 -1.74679141e-03 
 5.09200000e-08 -1.76487114e-03 
 5.09400000e-08 -1.78267099e-03 
 5.09600000e-08 -1.80018843e-03 
 5.09800000e-08 -1.81742098e-03 
 5.10000000e-08 -1.83436620e-03 
 5.10200000e-08 -1.85102172e-03 
 5.10400000e-08 -1.86738518e-03 
 5.10600000e-08 -1.88345429e-03 
 5.10800000e-08 -1.89922681e-03 
 5.11000000e-08 -1.91470052e-03 
 5.11200000e-08 -1.92987327e-03 
 5.11400000e-08 -1.94474294e-03 
 5.11600000e-08 -1.95930748e-03 
 5.11800000e-08 -1.97356485e-03 
 5.12000000e-08 -1.98751310e-03 
 5.12200000e-08 -2.00115027e-03 
 5.12400000e-08 -2.01447450e-03 
 5.12600000e-08 -2.02748394e-03 
 5.12800000e-08 -2.04017680e-03 
 5.13000000e-08 -2.05255133e-03 
 5.13200000e-08 -2.06460583e-03 
 5.13400000e-08 -2.07633864e-03 
 5.13600000e-08 -2.08774815e-03 
 5.13800000e-08 -2.09883279e-03 
 5.14000000e-08 -2.10959102e-03 
 5.14200000e-08 -2.12002139e-03 
 5.14400000e-08 -2.13012245e-03 
 5.14600000e-08 -2.13989281e-03 
 5.14800000e-08 -2.14933112e-03 
 5.15000000e-08 -2.15843609e-03 
 5.15200000e-08 -2.16720646e-03 
 5.15400000e-08 -2.17564101e-03 
 5.15600000e-08 -2.18373857e-03 
 5.15800000e-08 -2.19149803e-03 
 5.16000000e-08 -2.19891830e-03 
 5.16200000e-08 -2.20599834e-03 
 5.16400000e-08 -2.21273715e-03 
 5.16600000e-08 -2.21913380e-03 
 5.16800000e-08 -2.22518737e-03 
 5.17000000e-08 -2.23089700e-03 
 5.17200000e-08 -2.23626188e-03 
 5.17400000e-08 -2.24128122e-03 
 5.17600000e-08 -2.24595430e-03 
 5.17800000e-08 -2.25028044e-03 
 5.18000000e-08 -2.25425898e-03 
 5.18200000e-08 -2.25788933e-03 
 5.18400000e-08 -2.26117094e-03 
 5.18600000e-08 -2.26410328e-03 
 5.18800000e-08 -2.26668590e-03 
 5.19000000e-08 -2.26891836e-03 
 5.19200000e-08 -2.27080030e-03 
 5.19400000e-08 -2.27233136e-03 
 5.19600000e-08 -2.27351128e-03 
 5.19800000e-08 -2.27433978e-03 
 5.20000000e-08 -2.27481667e-03 
 5.20200000e-08 -2.27494180e-03 
 5.20400000e-08 -2.27471505e-03 
 5.20600000e-08 -2.27413635e-03 
 5.20800000e-08 -2.27320568e-03 
 5.21000000e-08 -2.27192306e-03 
 5.21200000e-08 -2.27028855e-03 
 5.21400000e-08 -2.26830227e-03 
 5.21600000e-08 -2.26596438e-03 
 5.21800000e-08 -2.26327507e-03 
 5.22000000e-08 -2.26023461e-03 
 5.22200000e-08 -2.25684328e-03 
 5.22400000e-08 -2.25310143e-03 
 5.22600000e-08 -2.24900945e-03 
 5.22800000e-08 -2.24456777e-03 
 5.23000000e-08 -2.23977688e-03 
 5.23200000e-08 -2.23463731e-03 
 5.23400000e-08 -2.22914963e-03 
 5.23600000e-08 -2.22331448e-03 
 5.23800000e-08 -2.21713253e-03 
 5.24000000e-08 -2.21060450e-03 
 5.24200000e-08 -2.20373116e-03 
 5.24400000e-08 -2.19651333e-03 
 5.24600000e-08 -2.18895189e-03 
 5.24800000e-08 -2.18104775e-03 
 5.25000000e-08 -2.17280188e-03 
 5.25200000e-08 -2.16421530e-03 
 5.25400000e-08 -2.15528908e-03 
 5.25600000e-08 -2.14602434e-03 
 5.25800000e-08 -2.13642225e-03 
 5.26000000e-08 -2.12648403e-03 
 5.26200000e-08 -2.11621095e-03 
 5.26400000e-08 -2.10560434e-03 
 5.26600000e-08 -2.09466558e-03 
 5.26800000e-08 -2.08339609e-03 
 5.27000000e-08 -2.07179734e-03 
 5.27200000e-08 -2.05987088e-03 
 5.27400000e-08 -2.04761829e-03 
 5.27600000e-08 -2.03504120e-03 
 5.27800000e-08 -2.02214131e-03 
 5.28000000e-08 -2.00892036e-03 
 5.28200000e-08 -1.99538014e-03 
 5.28400000e-08 -1.98152251e-03 
 5.28600000e-08 -1.96734938e-03 
 5.28800000e-08 -1.95286268e-03 
 5.29000000e-08 -1.93806445e-03 
 5.29200000e-08 -1.92295674e-03 
 5.29400000e-08 -1.90754168e-03 
 5.29600000e-08 -1.89182143e-03 
 5.29800000e-08 -1.87579822e-03 
 5.30000000e-08 -1.85947434e-03 
 5.30200000e-08 -1.84285212e-03 
 5.30400000e-08 -1.82593395e-03 
 5.30600000e-08 -1.80872228e-03 
 5.30800000e-08 -1.79121959e-03 
 5.31000000e-08 -1.77342845e-03 
 5.31200000e-08 -1.75535145e-03 
 5.31400000e-08 -1.73699126e-03 
 5.31600000e-08 -1.71835059e-03 
 5.31800000e-08 -1.69943220e-03 
 5.32000000e-08 -1.68023892e-03 
 5.32200000e-08 -1.66077361e-03 
 5.32400000e-08 -1.64103920e-03 
 5.32600000e-08 -1.62103867e-03 
 5.32800000e-08 -1.60077505e-03 
 5.33000000e-08 -1.58025142e-03 
 5.33200000e-08 -1.55947091e-03 
 5.33400000e-08 -1.53843671e-03 
 5.33600000e-08 -1.51715204e-03 
 5.33800000e-08 -1.49562021e-03 
 5.34000000e-08 -1.47384455e-03 
 5.34200000e-08 -1.45182843e-03 
 5.34400000e-08 -1.42957530e-03 
 5.34600000e-08 -1.40708863e-03 
 5.34800000e-08 -1.38437197e-03 
 5.35000000e-08 -1.36142888e-03 
 5.35200000e-08 -1.33826300e-03 
 5.35400000e-08 -1.31487800e-03 
 5.35600000e-08 -1.29127760e-03 
 5.35800000e-08 -1.26746556e-03 
 5.36000000e-08 -1.24344568e-03 
 5.36200000e-08 -1.21922183e-03 
 5.36400000e-08 -1.19479789e-03 
 5.36600000e-08 -1.17017781e-03 
 5.36800000e-08 -1.14536555e-03 
 5.37000000e-08 -1.12036516e-03 
 5.37200000e-08 -1.09518067e-03 
 5.37400000e-08 -1.06981620e-03 
 5.37600000e-08 -1.04427587e-03 
 5.37800000e-08 -1.01856387e-03 
 5.38000000e-08 -9.92684412e-04 
 5.38200000e-08 -9.66641734e-04 
 5.38400000e-08 -9.40440122e-04 
 5.38600000e-08 -9.14083892e-04 
 5.38800000e-08 -8.87577396e-04 
 5.39000000e-08 -8.60925012e-04 
 5.39200000e-08 -8.34131154e-04 
 5.39400000e-08 -8.07200262e-04 
 5.39600000e-08 -7.80136808e-04 
 5.39800000e-08 -7.52945292e-04 
 5.40000000e-08 -7.25630239e-04 
 5.40200000e-08 -6.98196201e-04 
 5.40400000e-08 -6.70647755e-04 
 5.40600000e-08 -6.42989500e-04 
 5.40800000e-08 -6.15226060e-04 
 5.41000000e-08 -5.87362078e-04 
 5.41200000e-08 -5.59402221e-04 
 5.41400000e-08 -5.31351170e-04 
 5.41600000e-08 -5.03213628e-04 
 5.41800000e-08 -4.74994316e-04 
 5.42000000e-08 -4.46697966e-04 
 5.42200000e-08 -4.18329332e-04 
 5.42400000e-08 -3.89893172e-04 
 5.42600000e-08 -3.61394266e-04 
 5.42800000e-08 -3.32837398e-04 
 5.43000000e-08 -3.04227368e-04 
 5.43200000e-08 -2.75568981e-04 
 5.43400000e-08 -2.46867050e-04 
 5.43600000e-08 -2.18126398e-04 
 5.43800000e-08 -1.89351849e-04 
 5.44000000e-08 -1.60548234e-04 
 5.44200000e-08 -1.31720385e-04 
 5.44400000e-08 -1.02873141e-04 
 5.44600000e-08 -7.40113360e-05 
 5.44800000e-08 -4.51398076e-05 
 5.45000000e-08 -1.62633886e-05 
 5.45200000e-08  1.26130872e-05 
 5.45400000e-08  4.14847920e-05 
 5.45600000e-08  7.03469019e-05 
 5.45800000e-08  9.91945990e-05 
 5.46000000e-08  1.28023073e-04 
 5.46200000e-08  1.56827522e-04 
 5.46400000e-08  1.85603152e-04 
 5.46600000e-08  2.14345181e-04 
 5.46800000e-08  2.43048837e-04 
 5.47000000e-08  2.71709361e-04 
 5.47200000e-08  3.00322009e-04 
 5.47400000e-08  3.28882048e-04 
 5.47600000e-08  3.57384765e-04 
 5.47800000e-08  3.85825460e-04 
 5.48000000e-08  4.14199453e-04 
 5.48200000e-08  4.42502082e-04 
 5.48400000e-08  4.70728703e-04 
 5.48600000e-08  4.98874695e-04 
 5.48800000e-08  5.26935457e-04 
 5.49000000e-08  5.54906411e-04 
 5.49200000e-08  5.82783004e-04 
 5.49400000e-08  6.10560702e-04 
 5.49600000e-08  6.38235002e-04 
 5.49800000e-08  6.65801426e-04 
 5.50000000e-08  6.93255519e-04 
 5.50200000e-08  7.20592857e-04 
 5.50400000e-08  7.47809044e-04 
 5.50600000e-08  7.74899714e-04 
 5.50800000e-08  8.01860529e-04 
 5.51000000e-08  8.28687185e-04 
 5.51200000e-08  8.55375405e-04 
 5.51400000e-08  8.81920948e-04 
 5.51600000e-08  9.08319607e-04 
 5.51800000e-08  9.34567205e-04 
 5.52000000e-08  9.60659602e-04 
 5.52200000e-08  9.86592690e-04 
 5.52400000e-08  1.01236240e-03 
 5.52600000e-08  1.03796470e-03 
 5.52800000e-08  1.06339560e-03 
 5.53000000e-08  1.08865112e-03 
 5.53200000e-08  1.11372736e-03 
 5.53400000e-08  1.13862042e-03 
 5.53600000e-08  1.16332647e-03 
 5.53800000e-08  1.18784169e-03 
 5.54000000e-08  1.21216234e-03 
 5.54200000e-08  1.23628467e-03 
 5.54400000e-08  1.26020501e-03 
 5.54600000e-08  1.28391972e-03 
 5.54800000e-08  1.30742520e-03 
 5.55000000e-08  1.33071788e-03 
 5.55200000e-08  1.35379425e-03 
 5.55400000e-08  1.37665085e-03 
 5.55600000e-08  1.39928424e-03 
 5.55800000e-08  1.42169103e-03 
 5.56000000e-08  1.44386788e-03 
 5.56200000e-08  1.46581149e-03 
 5.56400000e-08  1.48751862e-03 
 5.56600000e-08  1.50898604e-03 
 5.56800000e-08  1.53021059e-03 
 5.57000000e-08  1.55118916e-03 
 5.57200000e-08  1.57191866e-03 
 5.57400000e-08  1.59239607e-03 
 5.57600000e-08  1.61261841e-03 
 5.57800000e-08  1.63258272e-03 
 5.58000000e-08  1.65228613e-03 
 5.58200000e-08  1.67172577e-03 
 5.58400000e-08  1.69089886e-03 
 5.58600000e-08  1.70980262e-03 
 5.58800000e-08  1.72843436e-03 
 5.59000000e-08  1.74679140e-03 
 5.59200000e-08  1.76487114e-03 
 5.59400000e-08  1.78267099e-03 
 5.59600000e-08  1.80018843e-03 
 5.59800000e-08  1.81742098e-03 
 5.60000000e-08  1.83436621e-03 
 5.60200000e-08  1.85102172e-03 
 5.60400000e-08  1.86738518e-03 
 5.60600000e-08  1.88345429e-03 
 5.60800000e-08  1.89922681e-03 
 5.61000000e-08  1.91470052e-03 
 5.61200000e-08  1.92987327e-03 
 5.61400000e-08  1.94474294e-03 
 5.61600000e-08  1.95930748e-03 
 5.61800000e-08  1.97356485e-03 
 5.62000000e-08  1.98751310e-03 
 5.62200000e-08  2.00115027e-03 
 5.62400000e-08  2.01447450e-03 
 5.62600000e-08  2.02748394e-03 
 5.62800000e-08  2.04017680e-03 
 5.63000000e-08  2.05255133e-03 
 5.63200000e-08  2.06460583e-03 
 5.63400000e-08  2.07633864e-03 
 5.63600000e-08  2.08774815e-03 
 5.63800000e-08  2.09883278e-03 
 5.64000000e-08  2.10959103e-03 
 5.64200000e-08  2.12002139e-03 
 5.64400000e-08  2.13012245e-03 
 5.64600000e-08  2.13989281e-03 
 5.64800000e-08  2.14933112e-03 
 5.65000000e-08  2.15843609e-03 
 5.65200000e-08  2.16720646e-03 
 5.65400000e-08  2.17564101e-03 
 5.65600000e-08  2.18373858e-03 
 5.65800000e-08  2.19149803e-03 
 5.66000000e-08  2.19891830e-03 
 5.66200000e-08  2.20599834e-03 
 5.66400000e-08  2.21273715e-03 
 5.66600000e-08  2.21913380e-03 
 5.66800000e-08  2.22518737e-03 
 5.67000000e-08  2.23089700e-03 
 5.67200000e-08  2.23626188e-03 
 5.67400000e-08  2.24128122e-03 
 5.67600000e-08  2.24595431e-03 
 5.67800000e-08  2.25028044e-03 
 5.68000000e-08  2.25425898e-03 
 5.68200000e-08  2.25788933e-03 
 5.68400000e-08  2.26117094e-03 
 5.68600000e-08  2.26410328e-03 
 5.68800000e-08  2.26668590e-03 
 5.69000000e-08  2.26891836e-03 
 5.69200000e-08  2.27080030e-03 
 5.69400000e-08  2.27233137e-03 
 5.69600000e-08  2.27351127e-03 
 5.69800000e-08  2.27433978e-03 
 5.70000000e-08  2.27481668e-03 
 5.70200000e-08  2.27494180e-03 
 5.70400000e-08  2.27471505e-03 
 5.70600000e-08  2.27413635e-03 
 5.70800000e-08  2.27320568e-03 
 5.71000000e-08  2.27192306e-03 
 5.71200000e-08  2.27028855e-03 
 5.71400000e-08  2.26830227e-03 
 5.71600000e-08  2.26596438e-03 
 5.71800000e-08  2.26327507e-03 
 5.72000000e-08  2.26023461e-03 
 5.72200000e-08  2.25684328e-03 
 5.72400000e-08  2.25310143e-03 
 5.72600000e-08  2.24900945e-03 
 5.72800000e-08  2.24456777e-03 
 5.73000000e-08  2.23977688e-03 
 5.73200000e-08  2.23463731e-03 
 5.73400000e-08  2.22914963e-03 
 5.73600000e-08  2.22331448e-03 
 5.73800000e-08  2.21713253e-03 
 5.74000000e-08  2.21060450e-03 
 5.74200000e-08  2.20373116e-03 
 5.74400000e-08  2.19651333e-03 
 5.74600000e-08  2.18895189e-03 
 5.74800000e-08  2.18104775e-03 
 5.75000000e-08  2.17280188e-03 
 5.75200000e-08  2.16421530e-03 
 5.75400000e-08  2.15528908e-03 
 5.75600000e-08  2.14602434e-03 
 5.75800000e-08  2.13642225e-03 
 5.76000000e-08  2.12648403e-03 
 5.76200000e-08  2.11621095e-03 
 5.76400000e-08  2.10560435e-03 
 5.76600000e-08  2.09466558e-03 
 5.76800000e-08  2.08339609e-03 
 5.77000000e-08  2.07179734e-03 
 5.77200000e-08  2.05987088e-03 
 5.77400000e-08  2.04761829e-03 
 5.77600000e-08  2.03504120e-03 
 5.77800000e-08  2.02214131e-03 
 5.78000000e-08  2.00892036e-03 
 5.78200000e-08  1.99538014e-03 
 5.78400000e-08  1.98152251e-03 
 5.78600000e-08  1.96734938e-03 
 5.78800000e-08  1.95286268e-03 
 5.79000000e-08  1.93806445e-03 
 5.79200000e-08  1.92295674e-03 
 5.79400000e-08  1.90754168e-03 
 5.79600000e-08  1.89182143e-03 
 5.79800000e-08  1.87579822e-03 
 5.80000000e-08  1.85947434e-03 
 5.80200000e-08  1.84285212e-03 
 5.80400000e-08  1.82593395e-03 
 5.80600000e-08  1.80872228e-03 
 5.80800000e-08  1.79121959e-03 
 5.81000000e-08  1.77342845e-03 
 5.81200000e-08  1.75535145e-03 
 5.81400000e-08  1.73699126e-03 
 5.81600000e-08  1.71835059e-03 
 5.81800000e-08  1.69943220e-03 
 5.82000000e-08  1.68023892e-03 
 5.82200000e-08  1.66077361e-03 
 5.82400000e-08  1.64103920e-03 
 5.82600000e-08  1.62103867e-03 
 5.82800000e-08  1.60077505e-03 
 5.83000000e-08  1.58025142e-03 
 5.83200000e-08  1.55947091e-03 
 5.83400000e-08  1.53843671e-03 
 5.83600000e-08  1.51715205e-03 
 5.83800000e-08  1.49562021e-03 
 5.84000000e-08  1.47384455e-03 
 5.84200000e-08  1.45182843e-03 
 5.84400000e-08  1.42957529e-03 
 5.84600000e-08  1.40708863e-03 
 5.84800000e-08  1.38437197e-03 
 5.85000000e-08  1.36142888e-03 
 5.85200000e-08  1.33826300e-03 
 5.85400000e-08  1.31487800e-03 
 5.85600000e-08  1.29127760e-03 
 5.85800000e-08  1.26746556e-03 
 5.86000000e-08  1.24344568e-03 
 5.86200000e-08  1.21922183e-03 
 5.86400000e-08  1.19479789e-03 
 5.86600000e-08  1.17017781e-03 
 5.86800000e-08  1.14536555e-03 
 5.87000000e-08  1.12036516e-03 
 5.87200000e-08  1.09518067e-03 
 5.87400000e-08  1.06981620e-03 
 5.87600000e-08  1.04427587e-03 
 5.87800000e-08  1.01856387e-03 
 5.88000000e-08  9.92684412e-04 
 5.88200000e-08  9.66641733e-04 
 5.88400000e-08  9.40440122e-04 
 5.88600000e-08  9.14083893e-04 
 5.88800000e-08  8.87577396e-04 
 5.89000000e-08  8.60925012e-04 
 5.89200000e-08  8.34131153e-04 
 5.89400000e-08  8.07200261e-04 
 5.89600000e-08  7.80136808e-04 
 5.89800000e-08  7.52945292e-04 
 5.90000000e-08  7.25630239e-04 
 5.90200000e-08  6.98196201e-04 
 5.90400000e-08  6.70647755e-04 
 5.90600000e-08  6.42989500e-04 
 5.90800000e-08  6.15226060e-04 
 5.91000000e-08  5.87362079e-04 
 5.91200000e-08  5.59402220e-04 
 5.91400000e-08  5.31351170e-04 
 5.91600000e-08  5.03213628e-04 
 5.91800000e-08  4.74994315e-04 
 5.92000000e-08  4.46697966e-04 
 5.92200000e-08  4.18329331e-04 
 5.92400000e-08  3.89893172e-04 
 5.92600000e-08  3.61394265e-04 
 5.92800000e-08  3.32837398e-04 
 5.93000000e-08  3.04227368e-04 
 5.93200000e-08  2.75568981e-04 
 5.93400000e-08  2.46867051e-04 
 5.93600000e-08  2.18126398e-04 
 5.93800000e-08  1.89351849e-04 
 5.94000000e-08  1.60548234e-04 
 5.94200000e-08  1.31720385e-04 
 5.94400000e-08  1.02873141e-04 
 5.94600000e-08  7.40113359e-05 
 5.94800000e-08  4.51398067e-05 
 5.95000000e-08  1.62633885e-05 
 5.95200000e-08 -1.26130878e-05 
 5.95400000e-08 -4.14847912e-05 
 5.95600000e-08 -7.03469015e-05 
 5.95800000e-08 -9.91945981e-05 
 5.96000000e-08 -1.28023072e-04 
 5.96200000e-08 -1.56827522e-04 
 5.96400000e-08 -1.85603152e-04 
 5.96600000e-08 -2.14345181e-04 
 5.96800000e-08 -2.43048836e-04 
 5.97000000e-08 -2.71709361e-04 
 5.97200000e-08 -3.00322008e-04 
 5.97400000e-08 -3.28882048e-04 
 5.97600000e-08 -3.57384766e-04 
 5.97800000e-08 -3.85825460e-04 
 5.98000000e-08 -4.14199454e-04 
 5.98200000e-08 -4.42502082e-04 
 5.98400000e-08 -4.70728703e-04 
 5.98600000e-08 -4.98874695e-04 
 5.98800000e-08 -5.26935457e-04 
 5.99000000e-08 -5.54906412e-04 
 5.99200000e-08 -5.82783003e-04 
 5.99400000e-08 -6.10560702e-04 
 5.99600000e-08 -6.38235003e-04 
 5.99800000e-08 -6.65801426e-04 
 6.00000000e-08 -6.93267623e-04 
