 0.00000000e+00 -2.77555756e-17 
 2.00000000e-11  7.95429921e-04 
 4.00000000e-11  1.22422527e-03 
 6.00000000e-11  1.51064161e-03 
 8.00000000e-11  1.71427500e-03 
 1.00000000e-10  1.87152115e-03 
 1.20000000e-10  1.99868421e-03 
 1.40000000e-10  2.10364122e-03 
 1.60000000e-10  2.19064908e-03 
 1.80000000e-10  2.26235764e-03 
 2.00000000e-10  2.32066459e-03 
 2.20000000e-10  2.36706464e-03 
 2.40000000e-10  2.40281980e-03 
 2.60000000e-10  2.42902121e-03 
 2.80000000e-10  2.44663730e-03 
 3.00000000e-10  2.45652566e-03 
 3.20000000e-10  2.45945656e-03 
 3.40000000e-10  2.45611590e-03 
 3.60000000e-10  2.44712150e-03 
 3.80000000e-10  2.43302434e-03 
 4.00000000e-10  2.41432116e-03 
 4.20000000e-10  2.39145528e-03 
 4.40000000e-10  2.36482661e-03 
 4.60000000e-10  2.33479225e-03 
 4.80000000e-10  2.30167455e-03 
 5.00000000e-10  2.26576157e-03 
 5.20000000e-10  2.22731351e-03 
 5.40000000e-10  2.18656308e-03 
 5.60000000e-10  2.14372071e-03 
 5.80000000e-10  2.09897477e-03 
 6.00000000e-10  2.05249581e-03 
 6.20000000e-10  2.00443670e-03 
 6.40000000e-10  1.95493602e-03 
 6.60000000e-10  1.90411819e-03 
 6.80000000e-10  1.85209622e-03 
 7.00000000e-10  1.79897175e-03 
 7.20000000e-10  1.74483727e-03 
 7.40000000e-10  1.68977621e-03 
 7.60000000e-10  1.63386463e-03 
 7.80000000e-10  1.57717136e-03 
 8.00000000e-10  1.51975934e-03 
 8.20000000e-10  1.46168569e-03 
 8.40000000e-10  1.40300285e-03 
 8.60000000e-10  1.34375858e-03 
 8.80000000e-10  1.28399691e-03 
 9.00000000e-10  1.22375811e-03 
 9.20000000e-10  1.16307950e-03 
 9.40000000e-10  1.10199536e-03 
 9.60000000e-10  1.04053760e-03 
 9.80000000e-10  9.78735754e-04 
 1.00000000e-09  9.16617419e-04 
 1.02000000e-09  8.54208294e-04 
 1.04000000e-09  7.91532546e-04 
 1.06000000e-09  7.28612819e-04 
 1.08000000e-09  6.65470532e-04 
 1.10000000e-09  6.02125888e-04 
 1.12000000e-09  5.38598114e-04 
 1.14000000e-09  4.74905462e-04 
 1.16000000e-09  4.11065407e-04 
 1.18000000e-09  3.47094645e-04 
 1.20000000e-09  2.83009251e-04 
 1.22000000e-09  2.18824677e-04 
 1.24000000e-09  1.54555882e-04 
 1.26000000e-09  9.02173214e-05 
 1.28000000e-09  2.58230595e-05 
 1.30000000e-09 -3.86132411e-05 
 1.32000000e-09 -1.03078235e-04 
 1.34000000e-09 -1.67558895e-04 
 1.36000000e-09 -2.32042453e-04 
 1.38000000e-09 -2.96516395e-04 
 1.40000000e-09 -3.60968415e-04 
 1.42000000e-09 -4.25386414e-04 
 1.44000000e-09 -4.89758462e-04 
 1.46000000e-09 -5.54072798e-04 
 1.48000000e-09 -6.18317797e-04 
 1.50000000e-09 -6.82481977e-04 
 1.52000000e-09 -7.46553966e-04 
 1.54000000e-09 -8.10522510e-04 
 1.56000000e-09 -8.74376452e-04 
 1.58000000e-09 -9.38104732e-04 
 1.60000000e-09 -1.00169637e-03 
 1.62000000e-09 -1.06514048e-03 
 1.64000000e-09 -1.12842624e-03 
 1.66000000e-09 -1.19154289e-03 
 1.68000000e-09 -1.25447977e-03 
 1.70000000e-09 -1.31722626e-03 
 1.72000000e-09 -1.37977181e-03 
 1.74000000e-09 -1.44210593e-03 
 1.76000000e-09 -1.50421818e-03 
 1.78000000e-09 -1.56609820e-03 
 1.80000000e-09 -1.62773566e-03 
 1.82000000e-09 -1.68912030e-03 
 1.84000000e-09 -1.75024193e-03 
 1.86000000e-09 -1.81109040e-03 
 1.88000000e-09 -1.87165561e-03 
 1.90000000e-09 -1.93192753e-03 
 1.92000000e-09 -1.99189618e-03 
 1.94000000e-09 -2.05155164e-03 
 1.96000000e-09 -2.11088406e-03 
 1.98000000e-09 -2.16988363e-03 
 2.00000000e-09 -2.22854062e-03 
 2.02000000e-09 -2.28684535e-03 
 2.04000000e-09 -2.34478821e-03 
 2.06000000e-09 -2.40235964e-03 
 2.08000000e-09 -2.45955017e-03 
 2.10000000e-09 -2.51635038e-03 
 2.12000000e-09 -2.57275092e-03 
 2.14000000e-09 -2.62874253e-03 
 2.16000000e-09 -2.68431600e-03 
 2.18000000e-09 -2.73946220e-03 
 2.20000000e-09 -2.79417207e-03 
 2.22000000e-09 -2.84843664e-03 
 2.24000000e-09 -2.90224702e-03 
 2.26000000e-09 -2.95559437e-03 
 2.28000000e-09 -3.00846998e-03 
 2.30000000e-09 -3.06086518e-03 
 2.32000000e-09 -3.11277141e-03 
 2.34000000e-09 -3.16418018e-03 
 2.36000000e-09 -3.21508311e-03 
 2.38000000e-09 -3.26547189e-03 
 2.40000000e-09 -3.31533831e-03 
 2.42000000e-09 -3.36467425e-03 
 2.44000000e-09 -3.41347168e-03 
 2.46000000e-09 -3.46172268e-03 
 2.48000000e-09 -3.50941943e-03 
 2.50000000e-09 -3.55655418e-03 
 2.52000000e-09 -3.60311930e-03 
 2.54000000e-09 -3.64910727e-03 
 2.56000000e-09 -3.69451067e-03 
 2.58000000e-09 -3.73932216e-03 
 2.60000000e-09 -3.78353454e-03 
 2.62000000e-09 -3.82714070e-03 
 2.64000000e-09 -3.87013363e-03 
 2.66000000e-09 -3.91250646e-03 
 2.68000000e-09 -3.95425239e-03 
 2.70000000e-09 -3.99536477e-03 
 2.72000000e-09 -4.03583704e-03 
 2.74000000e-09 -4.07566277e-03 
 2.76000000e-09 -4.11483562e-03 
 2.78000000e-09 -4.15334940e-03 
 2.80000000e-09 -4.19119801e-03 
 2.82000000e-09 -4.22837548e-03 
 2.84000000e-09 -4.26487597e-03 
 2.86000000e-09 -4.30069375e-03 
 2.88000000e-09 -4.33582319e-03 
 2.90000000e-09 -4.37025882e-03 
 2.92000000e-09 -4.40399527e-03 
 2.94000000e-09 -4.43702730e-03 
 2.96000000e-09 -4.46934980e-03 
 2.98000000e-09 -4.50095776e-03 
 3.00000000e-09 -4.53184632e-03 
 3.02000000e-09 -4.56201075e-03 
 3.04000000e-09 -4.59144642e-03 
 3.06000000e-09 -4.62014886e-03 
 3.08000000e-09 -4.64811369e-03 
 3.10000000e-09 -4.67533669e-03 
 3.12000000e-09 -4.70181375e-03 
 3.14000000e-09 -4.72754091e-03 
 3.16000000e-09 -4.75251431e-03 
 3.18000000e-09 -4.77673023e-03 
 3.20000000e-09 -4.80018510e-03 
 3.22000000e-09 -4.82287545e-03 
 3.24000000e-09 -4.84479796e-03 
 3.26000000e-09 -4.86594943e-03 
 3.28000000e-09 -4.88632679e-03 
 3.30000000e-09 -4.90592710e-03 
 3.32000000e-09 -4.92474757e-03 
 3.34000000e-09 -4.94278552e-03 
 3.36000000e-09 -4.96003839e-03 
 3.38000000e-09 -4.97650379e-03 
 3.40000000e-09 -4.99217941e-03 
 3.42000000e-09 -5.00706311e-03 
 3.44000000e-09 -5.02115287e-03 
 3.46000000e-09 -5.03444679e-03 
 3.48000000e-09 -5.04694310e-03 
 3.50000000e-09 -5.05864018e-03 
 3.52000000e-09 -5.06953651e-03 
 3.54000000e-09 -5.07963073e-03 
 3.56000000e-09 -5.08892157e-03 
 3.58000000e-09 -5.09740793e-03 
 3.60000000e-09 -5.10508881e-03 
 3.62000000e-09 -5.11196336e-03 
 3.64000000e-09 -5.11803083e-03 
 3.66000000e-09 -5.12329061e-03 
 3.68000000e-09 -5.12774223e-03 
 3.70000000e-09 -5.13138533e-03 
 3.72000000e-09 -5.13421969e-03 
 3.74000000e-09 -5.13624518e-03 
 3.76000000e-09 -5.13746185e-03 
 3.78000000e-09 -5.13786983e-03 
 3.80000000e-09 -5.13746939e-03 
 3.82000000e-09 -5.13626092e-03 
 3.84000000e-09 -5.13424494e-03 
 3.86000000e-09 -5.13142209e-03 
 3.88000000e-09 -5.12779313e-03 
 3.90000000e-09 -5.12335893e-03 
 3.92000000e-09 -5.11812050e-03 
 3.94000000e-09 -5.11207896e-03 
 3.96000000e-09 -5.10523555e-03 
 3.98000000e-09 -5.09759164e-03 
 4.00000000e-09 -5.08914869e-03 
 4.02000000e-09 -5.07990830e-03 
 4.04000000e-09 -5.06987219e-03 
 4.06000000e-09 -5.05904218e-03 
 4.08000000e-09 -5.04742023e-03 
 4.10000000e-09 -5.03500838e-03 
 4.12000000e-09 -5.02180882e-03 
 4.14000000e-09 -5.00782383e-03 
 4.16000000e-09 -4.99305582e-03 
 4.18000000e-09 -4.97750730e-03 
 4.20000000e-09 -4.96118088e-03 
 4.22000000e-09 -4.94407932e-03 
 4.24000000e-09 -4.92620546e-03 
 4.26000000e-09 -4.90756226e-03 
 4.28000000e-09 -4.88815278e-03 
 4.30000000e-09 -4.86798021e-03 
 4.32000000e-09 -4.84704781e-03 
 4.34000000e-09 -4.82535900e-03 
 4.36000000e-09 -4.80291725e-03 
 4.38000000e-09 -4.77972619e-03 
 4.40000000e-09 -4.75578951e-03 
 4.42000000e-09 -4.73111103e-03 
 4.44000000e-09 -4.70569468e-03 
 4.46000000e-09 -4.67954446e-03 
 4.48000000e-09 -4.65266452e-03 
 4.50000000e-09 -4.62505906e-03 
 4.52000000e-09 -4.59673243e-03 
 4.54000000e-09 -4.56768905e-03 
 4.56000000e-09 -4.53793346e-03 
 4.58000000e-09 -4.50747027e-03 
 4.60000000e-09 -4.47630422e-03 
 4.62000000e-09 -4.44444014e-03 
 4.64000000e-09 -4.41188296e-03 
 4.66000000e-09 -4.37863768e-03 
 4.68000000e-09 -4.34470944e-03 
 4.70000000e-09 -4.31010345e-03 
 4.72000000e-09 -4.27482501e-03 
 4.74000000e-09 -4.23887953e-03 
 4.76000000e-09 -4.20227251e-03 
 4.78000000e-09 -4.16500955e-03 
 4.80000000e-09 -4.12709632e-03 
 4.82000000e-09 -4.08853861e-03 
 4.84000000e-09 -4.04934227e-03 
 4.86000000e-09 -4.00951328e-03 
 4.88000000e-09 -3.96905769e-03 
 4.90000000e-09 -3.92798162e-03 
 4.92000000e-09 -3.88629132e-03 
 4.94000000e-09 -3.84399310e-03 
 4.96000000e-09 -3.80109336e-03 
 4.98000000e-09 -3.75759860e-03 
 5.00000000e-09 -3.71351540e-03 
 5.02000000e-09 -3.66885042e-03 
 5.04000000e-09 -3.62361041e-03 
 5.06000000e-09 -3.57780221e-03 
 5.08000000e-09 -3.53143275e-03 
 5.10000000e-09 -3.48450901e-03 
 5.12000000e-09 -3.43703809e-03 
 5.14000000e-09 -3.38902716e-03 
 5.16000000e-09 -3.34048347e-03 
 5.18000000e-09 -3.29141434e-03 
 5.20000000e-09 -3.24182718e-03 
 5.22000000e-09 -3.19172949e-03 
 5.24000000e-09 -3.14112884e-03 
 5.26000000e-09 -3.09003287e-03 
 5.28000000e-09 -3.03844930e-03 
 5.30000000e-09 -2.98638593e-03 
 5.32000000e-09 -2.93385064e-03 
 5.34000000e-09 -2.88085138e-03 
 5.36000000e-09 -2.82739618e-03 
 5.38000000e-09 -2.77349313e-03 
 5.40000000e-09 -2.71915040e-03 
 5.42000000e-09 -2.66437624e-03 
 5.44000000e-09 -2.60917896e-03 
 5.46000000e-09 -2.55356695e-03 
 5.48000000e-09 -2.49754865e-03 
 5.50000000e-09 -2.44113259e-03 
 5.52000000e-09 -2.38432736e-03 
 5.54000000e-09 -2.32714161e-03 
 5.56000000e-09 -2.26958406e-03 
 5.58000000e-09 -2.21166350e-03 
 5.60000000e-09 -2.15338879e-03 
 5.62000000e-09 -2.09476882e-03 
 5.64000000e-09 -2.03581258e-03 
 5.66000000e-09 -1.97652911e-03 
 5.68000000e-09 -1.91692749e-03 
 5.70000000e-09 -1.85701688e-03 
 5.72000000e-09 -1.79680649e-03 
 5.74000000e-09 -1.73630559e-03 
 5.76000000e-09 -1.67552350e-03 
 5.78000000e-09 -1.61446960e-03 
 5.80000000e-09 -1.55315332e-03 
 5.82000000e-09 -1.49158414e-03 
 5.84000000e-09 -1.42977160e-03 
 5.86000000e-09 -1.36772527e-03 
 5.88000000e-09 -1.30545478e-03 
 5.90000000e-09 -1.24296982e-03 
 5.92000000e-09 -1.18028011e-03 
 5.94000000e-09 -1.11739541e-03 
 5.96000000e-09 -1.05432553e-03 
 5.98000000e-09 -9.91080332e-04 
 6.00000000e-09 -9.27669699e-04 
 6.02000000e-09 -8.64103562e-04 
 6.04000000e-09 -8.00391891e-04 
 6.06000000e-09 -7.36544688e-04 
 6.08000000e-09 -6.72571992e-04 
 6.10000000e-09 -6.08483873e-04 
 6.12000000e-09 -5.44290432e-04 
 6.14000000e-09 -4.80001802e-04 
 6.16000000e-09 -4.15628142e-04 
 6.18000000e-09 -3.51179639e-04 
 6.20000000e-09 -2.86666503e-04 
 6.22000000e-09 -2.22098969e-04 
 6.24000000e-09 -1.57487292e-04 
 6.26000000e-09 -9.28417492e-05 
 6.28000000e-09 -2.81726332e-05 
 6.30000000e-09  3.65097454e-05 
 6.32000000e-09  1.01195062e-04 
 6.34000000e-09  1.65872978e-04 
 6.36000000e-09  2.30533145e-04 
 6.38000000e-09  2.95165206e-04 
 6.40000000e-09  3.59758794e-04 
 6.42000000e-09  4.24303538e-04 
 6.44000000e-09  4.88789065e-04 
 6.46000000e-09  5.53204997e-04 
 6.48000000e-09  6.17540959e-04 
 6.50000000e-09  6.81786575e-04 
 6.52000000e-09  7.45931476e-04 
 6.54000000e-09  8.09965297e-04 
 6.56000000e-09  8.73877682e-04 
 6.58000000e-09  9.37658285e-04 
 6.60000000e-09  1.00129677e-03 
 6.62000000e-09  1.06478282e-03 
 6.64000000e-09  1.12810612e-03 
 6.66000000e-09  1.19125639e-03 
 6.68000000e-09  1.25422337e-03 
 6.70000000e-09  1.31699680e-03 
 6.72000000e-09  1.37956647e-03 
 6.74000000e-09  1.44192218e-03 
 6.76000000e-09  1.50405376e-03 
 6.78000000e-09  1.56595109e-03 
 6.80000000e-09  1.62760404e-03 
 6.82000000e-09  1.68900256e-03 
 6.84000000e-09  1.75013660e-03 
 6.86000000e-09  1.81099618e-03 
 6.88000000e-09  1.87157134e-03 
 6.90000000e-09  1.93185217e-03 
 6.92000000e-09  1.99182879e-03 
 6.94000000e-09  2.05149140e-03 
 6.96000000e-09  2.11083020e-03 
 6.98000000e-09  2.16983550e-03 
 7.00000000e-09  2.22849761e-03 
 7.02000000e-09  2.28680692e-03 
 7.04000000e-09  2.34475387e-03 
 7.06000000e-09  2.40232898e-03 
 7.08000000e-09  2.45952279e-03 
 7.10000000e-09  2.51632594e-03 
 7.12000000e-09  2.57272912e-03 
 7.14000000e-09  2.62872308e-03 
 7.16000000e-09  2.68429866e-03 
 7.18000000e-09  2.73944674e-03 
 7.20000000e-09  2.79415830e-03 
 7.22000000e-09  2.84842438e-03 
 7.24000000e-09  2.90223611e-03 
 7.26000000e-09  2.95558467e-03 
 7.28000000e-09  3.00846136e-03 
 7.30000000e-09  3.06085753e-03 
 7.32000000e-09  3.11276462e-03 
 7.34000000e-09  3.16417417e-03 
 7.36000000e-09  3.21507779e-03 
 7.38000000e-09  3.26546718e-03 
 7.40000000e-09  3.31533415e-03 
 7.42000000e-09  3.36467059e-03 
 7.44000000e-09  3.41346846e-03 
 7.46000000e-09  3.46171986e-03 
 7.48000000e-09  3.50941696e-03 
 7.50000000e-09  3.55655202e-03 
 7.52000000e-09  3.60311743e-03 
 7.54000000e-09  3.64910565e-03 
 7.56000000e-09  3.69450927e-03 
 7.58000000e-09  3.73932096e-03 
 7.60000000e-09  3.78353352e-03 
 7.62000000e-09  3.82713983e-03 
 7.64000000e-09  3.87013291e-03 
 7.66000000e-09  3.91250586e-03 
 7.68000000e-09  3.95425191e-03 
 7.70000000e-09  3.99536439e-03 
 7.72000000e-09  4.03583674e-03 
 7.74000000e-09  4.07566255e-03 
 7.76000000e-09  4.11483547e-03 
 7.78000000e-09  4.15334931e-03 
 7.80000000e-09  4.19119797e-03 
 7.82000000e-09  4.22837550e-03 
 7.84000000e-09  4.26487603e-03 
 7.86000000e-09  4.30069384e-03 
 7.88000000e-09  4.33582332e-03 
 7.90000000e-09  4.37025897e-03 
 7.92000000e-09  4.40399545e-03 
 7.94000000e-09  4.43702750e-03 
 7.96000000e-09  4.46935001e-03 
 7.98000000e-09  4.50095799e-03 
 8.00000000e-09  4.53184657e-03 
 8.02000000e-09  4.56201101e-03 
 8.04000000e-09  4.59144669e-03 
 8.06000000e-09  4.62014913e-03 
 8.08000000e-09  4.64811397e-03 
 8.10000000e-09  4.67533698e-03 
 8.12000000e-09  4.70181405e-03 
 8.14000000e-09  4.72754121e-03 
 8.16000000e-09  4.75251461e-03 
 8.18000000e-09  4.77673054e-03 
 8.20000000e-09  4.80018540e-03 
 8.22000000e-09  4.82287575e-03 
 8.24000000e-09  4.84479826e-03 
 8.26000000e-09  4.86594973e-03 
 8.28000000e-09  4.88632709e-03 
 8.30000000e-09  4.90592740e-03 
 8.32000000e-09  4.92474787e-03 
 8.34000000e-09  4.94278581e-03 
 8.36000000e-09  4.96003868e-03 
 8.38000000e-09  4.97650407e-03 
 8.40000000e-09  4.99217970e-03 
 8.42000000e-09  5.00706340e-03 
 8.44000000e-09  5.02115315e-03 
 8.46000000e-09  5.03444706e-03 
 8.48000000e-09  5.04694337e-03 
 8.50000000e-09  5.05864045e-03 
 8.52000000e-09  5.06953677e-03 
 8.54000000e-09  5.07963098e-03 
 8.56000000e-09  5.08892182e-03 
 8.58000000e-09  5.09740818e-03 
 8.60000000e-09  5.10508906e-03 
 8.62000000e-09  5.11196360e-03 
 8.64000000e-09  5.11803106e-03 
 8.66000000e-09  5.12329085e-03 
 8.68000000e-09  5.12774246e-03 
 8.70000000e-09  5.13138556e-03 
 8.72000000e-09  5.13421991e-03 
 8.74000000e-09  5.13624540e-03 
 8.76000000e-09  5.13746206e-03 
 8.78000000e-09  5.13787004e-03 
 8.80000000e-09  5.13746959e-03 
 8.82000000e-09  5.13626112e-03 
 8.84000000e-09  5.13424514e-03 
 8.86000000e-09  5.13142228e-03 
 8.88000000e-09  5.12779332e-03 
 8.90000000e-09  5.12335911e-03 
 8.92000000e-09  5.11812068e-03 
 8.94000000e-09  5.11207914e-03 
 8.96000000e-09  5.10523573e-03 
 8.98000000e-09  5.09759180e-03 
 9.00000000e-09  5.08914885e-03 
 9.02000000e-09  5.07990846e-03 
 9.04000000e-09  5.06987235e-03 
 9.06000000e-09  5.05904234e-03 
 9.08000000e-09  5.04742038e-03 
 9.10000000e-09  5.03500853e-03 
 9.12000000e-09  5.02180897e-03 
 9.14000000e-09  5.00782398e-03 
 9.16000000e-09  4.99305596e-03 
 9.18000000e-09  4.97750743e-03 
 9.20000000e-09  4.96118102e-03 
 9.22000000e-09  4.94407945e-03 
 9.24000000e-09  4.92620559e-03 
 9.26000000e-09  4.90756238e-03 
 9.28000000e-09  4.88815290e-03 
 9.30000000e-09  4.86798032e-03 
 9.32000000e-09  4.84704793e-03 
 9.34000000e-09  4.82535911e-03 
 9.36000000e-09  4.80291736e-03 
 9.38000000e-09  4.77972629e-03 
 9.40000000e-09  4.75578961e-03 
 9.42000000e-09  4.73111113e-03 
 9.44000000e-09  4.70569477e-03 
 9.46000000e-09  4.67954456e-03 
 9.48000000e-09  4.65266461e-03 
 9.50000000e-09  4.62505915e-03 
 9.52000000e-09  4.59673252e-03 
 9.54000000e-09  4.56768914e-03 
 9.56000000e-09  4.53793354e-03 
 9.58000000e-09  4.50747035e-03 
 9.60000000e-09  4.47630430e-03 
 9.62000000e-09  4.44444022e-03 
 9.64000000e-09  4.41188303e-03 
 9.66000000e-09  4.37863775e-03 
 9.68000000e-09  4.34470951e-03 
 9.70000000e-09  4.31010351e-03 
 9.72000000e-09  4.27482507e-03 
 9.74000000e-09  4.23887959e-03 
 9.76000000e-09  4.20227257e-03 
 9.78000000e-09  4.16500961e-03 
 9.80000000e-09  4.12709638e-03 
 9.82000000e-09  4.08853866e-03 
 9.84000000e-09  4.04934232e-03 
 9.86000000e-09  4.00951333e-03 
 9.88000000e-09  3.96905773e-03 
 9.90000000e-09  3.92798167e-03 
 9.92000000e-09  3.88629136e-03 
 9.94000000e-09  3.84399314e-03 
 9.96000000e-09  3.80109340e-03 
 9.98000000e-09  3.75759864e-03 
 1.00000000e-08  3.71351543e-03 
 1.00200000e-08  3.66885045e-03 
 1.00400000e-08  3.62361044e-03 
 1.00600000e-08  3.57780225e-03 
 1.00800000e-08  3.53143278e-03 
 1.01000000e-08  3.48450904e-03 
 1.01200000e-08  3.43703812e-03 
 1.01400000e-08  3.38902719e-03 
 1.01600000e-08  3.34048349e-03 
 1.01800000e-08  3.29141436e-03 
 1.02000000e-08  3.24182721e-03 
 1.02200000e-08  3.19172952e-03 
 1.02400000e-08  3.14112886e-03 
 1.02600000e-08  3.09003289e-03 
 1.02800000e-08  3.03844931e-03 
 1.03000000e-08  2.98638595e-03 
 1.03200000e-08  2.93385066e-03 
 1.03400000e-08  2.88085140e-03 
 1.03600000e-08  2.82739620e-03 
 1.03800000e-08  2.77349314e-03 
 1.04000000e-08  2.71915042e-03 
 1.04200000e-08  2.66437626e-03 
 1.04400000e-08  2.60917898e-03 
 1.04600000e-08  2.55356696e-03 
 1.04800000e-08  2.49754866e-03 
 1.05000000e-08  2.44113260e-03 
 1.05200000e-08  2.38432736e-03 
 1.05400000e-08  2.32714161e-03 
 1.05600000e-08  2.26958407e-03 
 1.05800000e-08  2.21166351e-03 
 1.06000000e-08  2.15338879e-03 
 1.06200000e-08  2.09476883e-03 
 1.06400000e-08  2.03581259e-03 
 1.06600000e-08  1.97652911e-03 
 1.06800000e-08  1.91692749e-03 
 1.07000000e-08  1.85701688e-03 
 1.07200000e-08  1.79680649e-03 
 1.07400000e-08  1.73630559e-03 
 1.07600000e-08  1.67552350e-03 
 1.07800000e-08  1.61446960e-03 
 1.08000000e-08  1.55315332e-03 
 1.08200000e-08  1.49158414e-03 
 1.08400000e-08  1.42977159e-03 
 1.08600000e-08  1.36772526e-03 
 1.08800000e-08  1.30545478e-03 
 1.09000000e-08  1.24296982e-03 
 1.09200000e-08  1.18028010e-03 
 1.09400000e-08  1.11739540e-03 
 1.09600000e-08  1.05432553e-03 
 1.09800000e-08  9.91080327e-04 
 1.10000000e-08  9.27669693e-04 
 1.10200000e-08  8.64103556e-04 
 1.10400000e-08  8.00391884e-04 
 1.10600000e-08  7.36544681e-04 
 1.10800000e-08  6.72571984e-04 
 1.11000000e-08  6.08483865e-04 
 1.11200000e-08  5.44290424e-04 
 1.11400000e-08  4.80001794e-04 
 1.11600000e-08  4.15628134e-04 
 1.11800000e-08  3.51179630e-04 
 1.12000000e-08  2.86666494e-04 
 1.12200000e-08  2.22098959e-04 
 1.12400000e-08  1.57487283e-04 
 1.12600000e-08  9.28417391e-05 
 1.12800000e-08  2.81726229e-05 
 1.13000000e-08 -3.65097559e-05 
 1.13200000e-08 -1.01195072e-04 
 1.13400000e-08 -1.65872989e-04 
 1.13600000e-08 -2.30533156e-04 
 1.13800000e-08 -2.95165217e-04 
 1.14000000e-08 -3.59758805e-04 
 1.14200000e-08 -4.24303550e-04 
 1.14400000e-08 -4.88789077e-04 
 1.14600000e-08 -5.53205009e-04 
 1.14800000e-08 -6.17540970e-04 
 1.15000000e-08 -6.81786587e-04 
 1.15200000e-08 -7.45931488e-04 
 1.15400000e-08 -8.09965309e-04 
 1.15600000e-08 -8.73877695e-04 
 1.15800000e-08 -9.37658297e-04 
 1.16000000e-08 -1.00129678e-03 
 1.16200000e-08 -1.06478283e-03 
 1.16400000e-08 -1.12810613e-03 
 1.16600000e-08 -1.19125640e-03 
 1.16800000e-08 -1.25422338e-03 
 1.17000000e-08 -1.31699681e-03 
 1.17200000e-08 -1.37956648e-03 
 1.17400000e-08 -1.44192219e-03 
 1.17600000e-08 -1.50405378e-03 
 1.17800000e-08 -1.56595110e-03 
 1.18000000e-08 -1.62760405e-03 
 1.18200000e-08 -1.68900257e-03 
 1.18400000e-08 -1.75013662e-03 
 1.18600000e-08 -1.81099620e-03 
 1.18800000e-08 -1.87157136e-03 
 1.19000000e-08 -1.93185218e-03 
 1.19200000e-08 -1.99182881e-03 
 1.19400000e-08 -2.05149141e-03 
 1.19600000e-08 -2.11083022e-03 
 1.19800000e-08 -2.16983551e-03 
 1.20000000e-08 -2.22849762e-03 
 1.20200000e-08 -2.28680693e-03 
 1.20400000e-08 -2.34475388e-03 
 1.20600000e-08 -2.40232899e-03 
 1.20800000e-08 -2.45952280e-03 
 1.21000000e-08 -2.51632595e-03 
 1.21200000e-08 -2.57272913e-03 
 1.21400000e-08 -2.62872309e-03 
 1.21600000e-08 -2.68429867e-03 
 1.21800000e-08 -2.73944675e-03 
 1.22000000e-08 -2.79415831e-03 
 1.22200000e-08 -2.84842439e-03 
 1.22400000e-08 -2.90223612e-03 
 1.22600000e-08 -2.95558469e-03 
 1.22800000e-08 -3.00846137e-03 
 1.23000000e-08 -3.06085754e-03 
 1.23200000e-08 -3.11276463e-03 
 1.23400000e-08 -3.16417418e-03 
 1.23600000e-08 -3.21507780e-03 
 1.23800000e-08 -3.26546720e-03 
 1.24000000e-08 -3.31533417e-03 
 1.24200000e-08 -3.36467060e-03 
 1.24400000e-08 -3.41346847e-03 
 1.24600000e-08 -3.46171987e-03 
 1.24800000e-08 -3.50941697e-03 
 1.25000000e-08 -3.55655203e-03 
 1.25200000e-08 -3.60311744e-03 
 1.25400000e-08 -3.64910566e-03 
 1.25600000e-08 -3.69450928e-03 
 1.25800000e-08 -3.73932097e-03 
 1.26000000e-08 -3.78353353e-03 
 1.26200000e-08 -3.82713984e-03 
 1.26400000e-08 -3.87013292e-03 
 1.26600000e-08 -3.91250587e-03 
 1.26800000e-08 -3.95425192e-03 
 1.27000000e-08 -3.99536440e-03 
 1.27200000e-08 -4.03583675e-03 
 1.27400000e-08 -4.07566256e-03 
 1.27600000e-08 -4.11483548e-03 
 1.27800000e-08 -4.15334932e-03 
 1.28000000e-08 -4.19119798e-03 
 1.28200000e-08 -4.22837551e-03 
 1.28400000e-08 -4.26487604e-03 
 1.28600000e-08 -4.30069385e-03 
 1.28800000e-08 -4.33582332e-03 
 1.29000000e-08 -4.37025898e-03 
 1.29200000e-08 -4.40399546e-03 
 1.29400000e-08 -4.43702751e-03 
 1.29600000e-08 -4.46935002e-03 
 1.29800000e-08 -4.50095800e-03 
 1.30000000e-08 -4.53184658e-03 
 1.30200000e-08 -4.56201102e-03 
 1.30400000e-08 -4.59144670e-03 
 1.30600000e-08 -4.62014914e-03 
 1.30800000e-08 -4.64811398e-03 
 1.31000000e-08 -4.67533699e-03 
 1.31200000e-08 -4.70181406e-03 
 1.31400000e-08 -4.72754121e-03 
 1.31600000e-08 -4.75251462e-03 
 1.31800000e-08 -4.77673054e-03 
 1.32000000e-08 -4.80018541e-03 
 1.32200000e-08 -4.82287576e-03 
 1.32400000e-08 -4.84479827e-03 
 1.32600000e-08 -4.86594973e-03 
 1.32800000e-08 -4.88632709e-03 
 1.33000000e-08 -4.90592741e-03 
 1.33200000e-08 -4.92474788e-03 
 1.33400000e-08 -4.94278582e-03 
 1.33600000e-08 -4.96003869e-03 
 1.33800000e-08 -4.97650408e-03 
 1.34000000e-08 -4.99217970e-03 
 1.34200000e-08 -5.00706340e-03 
 1.34400000e-08 -5.02115316e-03 
 1.34600000e-08 -5.03444707e-03 
 1.34800000e-08 -5.04694338e-03 
 1.35000000e-08 -5.05864045e-03 
 1.35200000e-08 -5.06953678e-03 
 1.35400000e-08 -5.07963099e-03 
 1.35600000e-08 -5.08892183e-03 
 1.35800000e-08 -5.09740819e-03 
 1.36000000e-08 -5.10508906e-03 
 1.36200000e-08 -5.11196360e-03 
 1.36400000e-08 -5.11803107e-03 
 1.36600000e-08 -5.12329085e-03 
 1.36800000e-08 -5.12774247e-03 
 1.37000000e-08 -5.13138556e-03 
 1.37200000e-08 -5.13421991e-03 
 1.37400000e-08 -5.13624541e-03 
 1.37600000e-08 -5.13746207e-03 
 1.37800000e-08 -5.13787004e-03 
 1.38000000e-08 -5.13746959e-03 
 1.38200000e-08 -5.13626112e-03 
 1.38400000e-08 -5.13424514e-03 
 1.38600000e-08 -5.13142229e-03 
 1.38800000e-08 -5.12779332e-03 
 1.39000000e-08 -5.12335912e-03 
 1.39200000e-08 -5.11812069e-03 
 1.39400000e-08 -5.11207914e-03 
 1.39600000e-08 -5.10523573e-03 
 1.39800000e-08 -5.09759181e-03 
 1.40000000e-08 -5.08914885e-03 
 1.40200000e-08 -5.07990846e-03 
 1.40400000e-08 -5.06987235e-03 
 1.40600000e-08 -5.05904234e-03 
 1.40800000e-08 -5.04742038e-03 
 1.41000000e-08 -5.03500853e-03 
 1.41200000e-08 -5.02180897e-03 
 1.41400000e-08 -5.00782398e-03 
 1.41600000e-08 -4.99305596e-03 
 1.41800000e-08 -4.97750743e-03 
 1.42000000e-08 -4.96118102e-03 
 1.42200000e-08 -4.94407946e-03 
 1.42400000e-08 -4.92620559e-03 
 1.42600000e-08 -4.90756239e-03 
 1.42800000e-08 -4.88815291e-03 
 1.43000000e-08 -4.86798033e-03 
 1.43200000e-08 -4.84704793e-03 
 1.43400000e-08 -4.82535911e-03 
 1.43600000e-08 -4.80291736e-03 
 1.43800000e-08 -4.77972629e-03 
 1.44000000e-08 -4.75578961e-03 
 1.44200000e-08 -4.73111113e-03 
 1.44400000e-08 -4.70569478e-03 
 1.44600000e-08 -4.67954456e-03 
 1.44800000e-08 -4.65266461e-03 
 1.45000000e-08 -4.62505915e-03 
 1.45200000e-08 -4.59673252e-03 
 1.45400000e-08 -4.56768914e-03 
 1.45600000e-08 -4.53793354e-03 
 1.45800000e-08 -4.50747035e-03 
 1.46000000e-08 -4.47630430e-03 
 1.46200000e-08 -4.44444022e-03 
 1.46400000e-08 -4.41188303e-03 
 1.46600000e-08 -4.37863775e-03 
 1.46800000e-08 -4.34470951e-03 
 1.47000000e-08 -4.31010351e-03 
 1.47200000e-08 -4.27482507e-03 
 1.47400000e-08 -4.23887959e-03 
 1.47600000e-08 -4.20227258e-03 
 1.47800000e-08 -4.16500961e-03 
 1.48000000e-08 -4.12709638e-03 
 1.48200000e-08 -4.08853866e-03 
 1.48400000e-08 -4.04934233e-03 
 1.48600000e-08 -4.00951333e-03 
 1.48800000e-08 -3.96905774e-03 
 1.49000000e-08 -3.92798167e-03 
 1.49200000e-08 -3.88629137e-03 
 1.49400000e-08 -3.84399314e-03 
 1.49600000e-08 -3.80109340e-03 
 1.49800000e-08 -3.75759864e-03 
 1.50000000e-08 -3.71351543e-03 
 1.50200000e-08 -3.66885045e-03 
 1.50400000e-08 -3.62361045e-03 
 1.50600000e-08 -3.57780225e-03 
 1.50800000e-08 -3.53143278e-03 
 1.51000000e-08 -3.48450904e-03 
 1.51200000e-08 -3.43703812e-03 
 1.51400000e-08 -3.38902719e-03 
 1.51600000e-08 -3.34048349e-03 
 1.51800000e-08 -3.29141436e-03 
 1.52000000e-08 -3.24182721e-03 
 1.52200000e-08 -3.19172952e-03 
 1.52400000e-08 -3.14112886e-03 
 1.52600000e-08 -3.09003289e-03 
 1.52800000e-08 -3.03844932e-03 
 1.53000000e-08 -2.98638595e-03 
 1.53200000e-08 -2.93385066e-03 
 1.53400000e-08 -2.88085140e-03 
 1.53600000e-08 -2.82739620e-03 
 1.53800000e-08 -2.77349314e-03 
 1.54000000e-08 -2.71915042e-03 
 1.54200000e-08 -2.66437626e-03 
 1.54400000e-08 -2.60917898e-03 
 1.54600000e-08 -2.55356696e-03 
 1.54800000e-08 -2.49754866e-03 
 1.55000000e-08 -2.44113260e-03 
 1.55200000e-08 -2.38432736e-03 
 1.55400000e-08 -2.32714161e-03 
 1.55600000e-08 -2.26958407e-03 
 1.55800000e-08 -2.21166351e-03 
 1.56000000e-08 -2.15338879e-03 
 1.56200000e-08 -2.09476883e-03 
 1.56400000e-08 -2.03581259e-03 
 1.56600000e-08 -1.97652911e-03 
 1.56800000e-08 -1.91692749e-03 
 1.57000000e-08 -1.85701688e-03 
 1.57200000e-08 -1.79680649e-03 
 1.57400000e-08 -1.73630559e-03 
 1.57600000e-08 -1.67552350e-03 
 1.57800000e-08 -1.61446960e-03 
 1.58000000e-08 -1.55315332e-03 
 1.58200000e-08 -1.49158414e-03 
 1.58400000e-08 -1.42977159e-03 
 1.58600000e-08 -1.36772526e-03 
 1.58800000e-08 -1.30545478e-03 
 1.59000000e-08 -1.24296982e-03 
 1.59200000e-08 -1.18028010e-03 
 1.59400000e-08 -1.11739540e-03 
 1.59600000e-08 -1.05432553e-03 
 1.59800000e-08 -9.91080327e-04 
 1.60000000e-08 -9.27669692e-04 
 1.60200000e-08 -8.64103556e-04 
 1.60400000e-08 -8.00391884e-04 
 1.60600000e-08 -7.36544681e-04 
 1.60800000e-08 -6.72571984e-04 
 1.61000000e-08 -6.08483865e-04 
 1.61200000e-08 -5.44290424e-04 
 1.61400000e-08 -4.80001794e-04 
 1.61600000e-08 -4.15628134e-04 
 1.61800000e-08 -3.51179630e-04 
 1.62000000e-08 -2.86666494e-04 
 1.62200000e-08 -2.22098959e-04 
 1.62400000e-08 -1.57487282e-04 
 1.62600000e-08 -9.28417389e-05 
 1.62800000e-08 -2.81726227e-05 
 1.63000000e-08  3.65097561e-05 
 1.63200000e-08  1.01195072e-04 
 1.63400000e-08  1.65872989e-04 
 1.63600000e-08  2.30533156e-04 
 1.63800000e-08  2.95165217e-04 
 1.64000000e-08  3.59758805e-04 
 1.64200000e-08  4.24303550e-04 
 1.64400000e-08  4.88789077e-04 
 1.64600000e-08  5.53205009e-04 
 1.64800000e-08  6.17540971e-04 
 1.65000000e-08  6.81786587e-04 
 1.65200000e-08  7.45931488e-04 
 1.65400000e-08  8.09965310e-04 
 1.65600000e-08  8.73877695e-04 
 1.65800000e-08  9.37658297e-04 
 1.66000000e-08  1.00129678e-03 
 1.66200000e-08  1.06478283e-03 
 1.66400000e-08  1.12810613e-03 
 1.66600000e-08  1.19125640e-03 
 1.66800000e-08  1.25422338e-03 
 1.67000000e-08  1.31699681e-03 
 1.67200000e-08  1.37956648e-03 
 1.67400000e-08  1.44192219e-03 
 1.67600000e-08  1.50405378e-03 
 1.67800000e-08  1.56595110e-03 
 1.68000000e-08  1.62760405e-03 
 1.68200000e-08  1.68900257e-03 
 1.68400000e-08  1.75013662e-03 
 1.68600000e-08  1.81099620e-03 
 1.68800000e-08  1.87157136e-03 
 1.69000000e-08  1.93185218e-03 
 1.69200000e-08  1.99182881e-03 
 1.69400000e-08  2.05149141e-03 
 1.69600000e-08  2.11083022e-03 
 1.69800000e-08  2.16983551e-03 
 1.70000000e-08  2.22849762e-03 
 1.70200000e-08  2.28680693e-03 
 1.70400000e-08  2.34475388e-03 
 1.70600000e-08  2.40232899e-03 
 1.70800000e-08  2.45952280e-03 
 1.71000000e-08  2.51632595e-03 
 1.71200000e-08  2.57272913e-03 
 1.71400000e-08  2.62872309e-03 
 1.71600000e-08  2.68429867e-03 
 1.71800000e-08  2.73944675e-03 
 1.72000000e-08  2.79415831e-03 
 1.72200000e-08  2.84842439e-03 
 1.72400000e-08  2.90223612e-03 
 1.72600000e-08  2.95558469e-03 
 1.72800000e-08  3.00846137e-03 
 1.73000000e-08  3.06085754e-03 
 1.73200000e-08  3.11276463e-03 
 1.73400000e-08  3.16417418e-03 
 1.73600000e-08  3.21507780e-03 
 1.73800000e-08  3.26546720e-03 
 1.74000000e-08  3.31533417e-03 
 1.74200000e-08  3.36467060e-03 
 1.74400000e-08  3.41346847e-03 
 1.74600000e-08  3.46171987e-03 
 1.74800000e-08  3.50941697e-03 
 1.75000000e-08  3.55655203e-03 
 1.75200000e-08  3.60311744e-03 
 1.75400000e-08  3.64910566e-03 
 1.75600000e-08  3.69450928e-03 
 1.75800000e-08  3.73932097e-03 
 1.76000000e-08  3.78353353e-03 
 1.76200000e-08  3.82713984e-03 
 1.76400000e-08  3.87013292e-03 
 1.76600000e-08  3.91250587e-03 
 1.76800000e-08  3.95425192e-03 
 1.77000000e-08  3.99536440e-03 
 1.77200000e-08  4.03583675e-03 
 1.77400000e-08  4.07566256e-03 
 1.77600000e-08  4.11483548e-03 
 1.77800000e-08  4.15334932e-03 
 1.78000000e-08  4.19119798e-03 
 1.78200000e-08  4.22837551e-03 
 1.78400000e-08  4.26487604e-03 
 1.78600000e-08  4.30069385e-03 
 1.78800000e-08  4.33582332e-03 
 1.79000000e-08  4.37025898e-03 
 1.79200000e-08  4.40399546e-03 
 1.79400000e-08  4.43702751e-03 
 1.79600000e-08  4.46935002e-03 
 1.79800000e-08  4.50095800e-03 
 1.80000000e-08  4.53184658e-03 
 1.80200000e-08  4.56201102e-03 
 1.80400000e-08  4.59144670e-03 
 1.80600000e-08  4.62014914e-03 
 1.80800000e-08  4.64811398e-03 
 1.81000000e-08  4.67533699e-03 
 1.81200000e-08  4.70181406e-03 
 1.81400000e-08  4.72754121e-03 
 1.81600000e-08  4.75251462e-03 
 1.81800000e-08  4.77673054e-03 
 1.82000000e-08  4.80018541e-03 
 1.82200000e-08  4.82287576e-03 
 1.82400000e-08  4.84479827e-03 
 1.82600000e-08  4.86594973e-03 
 1.82800000e-08  4.88632709e-03 
 1.83000000e-08  4.90592741e-03 
 1.83200000e-08  4.92474788e-03 
 1.83400000e-08  4.94278582e-03 
 1.83600000e-08  4.96003869e-03 
 1.83800000e-08  4.97650408e-03 
 1.84000000e-08  4.99217970e-03 
 1.84200000e-08  5.00706340e-03 
 1.84400000e-08  5.02115316e-03 
 1.84600000e-08  5.03444707e-03 
 1.84800000e-08  5.04694338e-03 
 1.85000000e-08  5.05864045e-03 
 1.85200000e-08  5.06953678e-03 
 1.85400000e-08  5.07963099e-03 
 1.85600000e-08  5.08892183e-03 
 1.85800000e-08  5.09740819e-03 
 1.86000000e-08  5.10508906e-03 
 1.86200000e-08  5.11196360e-03 
 1.86400000e-08  5.11803107e-03 
 1.86600000e-08  5.12329085e-03 
 1.86800000e-08  5.12774247e-03 
 1.87000000e-08  5.13138556e-03 
 1.87200000e-08  5.13421991e-03 
 1.87400000e-08  5.13624541e-03 
 1.87600000e-08  5.13746207e-03 
 1.87800000e-08  5.13787004e-03 
 1.88000000e-08  5.13746959e-03 
 1.88200000e-08  5.13626112e-03 
 1.88400000e-08  5.13424514e-03 
 1.88600000e-08  5.13142229e-03 
 1.88800000e-08  5.12779332e-03 
 1.89000000e-08  5.12335912e-03 
 1.89200000e-08  5.11812069e-03 
 1.89400000e-08  5.11207914e-03 
 1.89600000e-08  5.10523573e-03 
 1.89800000e-08  5.09759181e-03 
 1.90000000e-08  5.08914885e-03 
 1.90200000e-08  5.07990846e-03 
 1.90400000e-08  5.06987235e-03 
 1.90600000e-08  5.05904234e-03 
 1.90800000e-08  5.04742038e-03 
 1.91000000e-08  5.03500853e-03 
 1.91200000e-08  5.02180897e-03 
 1.91400000e-08  5.00782398e-03 
 1.91600000e-08  4.99305596e-03 
 1.91800000e-08  4.97750743e-03 
 1.92000000e-08  4.96118102e-03 
 1.92200000e-08  4.94407946e-03 
 1.92400000e-08  4.92620559e-03 
 1.92600000e-08  4.90756239e-03 
 1.92800000e-08  4.88815291e-03 
 1.93000000e-08  4.86798033e-03 
 1.93200000e-08  4.84704793e-03 
 1.93400000e-08  4.82535911e-03 
 1.93600000e-08  4.80291736e-03 
 1.93800000e-08  4.77972629e-03 
 1.94000000e-08  4.75578961e-03 
 1.94200000e-08  4.73111114e-03 
 1.94400000e-08  4.70569478e-03 
 1.94600000e-08  4.67954456e-03 
 1.94800000e-08  4.65266461e-03 
 1.95000000e-08  4.62505915e-03 
 1.95200000e-08  4.59673252e-03 
 1.95400000e-08  4.56768914e-03 
 1.95600000e-08  4.53793354e-03 
 1.95800000e-08  4.50747035e-03 
 1.96000000e-08  4.47630430e-03 
 1.96200000e-08  4.44444022e-03 
 1.96400000e-08  4.41188303e-03 
 1.96600000e-08  4.37863775e-03 
 1.96800000e-08  4.34470951e-03 
 1.97000000e-08  4.31010351e-03 
 1.97200000e-08  4.27482507e-03 
 1.97400000e-08  4.23887959e-03 
 1.97600000e-08  4.20227258e-03 
 1.97800000e-08  4.16500961e-03 
 1.98000000e-08  4.12709638e-03 
 1.98200000e-08  4.08853866e-03 
 1.98400000e-08  4.04934233e-03 
 1.98600000e-08  4.00951333e-03 
 1.98800000e-08  3.96905774e-03 
 1.99000000e-08  3.92798167e-03 
 1.99200000e-08  3.88629137e-03 
 1.99400000e-08  3.84399314e-03 
 1.99600000e-08  3.80109340e-03 
 1.99800000e-08  3.75759864e-03 
 2.00000000e-08  3.71351543e-03 
 2.00200000e-08  3.66885045e-03 
 2.00400000e-08  3.62361045e-03 
 2.00600000e-08  3.57780225e-03 
 2.00800000e-08  3.53143278e-03 
 2.01000000e-08  3.48450904e-03 
 2.01200000e-08  3.43703812e-03 
 2.01400000e-08  3.38902719e-03 
 2.01600000e-08  3.34048349e-03 
 2.01800000e-08  3.29141436e-03 
 2.02000000e-08  3.24182721e-03 
 2.02200000e-08  3.19172952e-03 
 2.02400000e-08  3.14112886e-03 
 2.02600000e-08  3.09003289e-03 
 2.02800000e-08  3.03844932e-03 
 2.03000000e-08  2.98638595e-03 
 2.03200000e-08  2.93385066e-03 
 2.03400000e-08  2.88085140e-03 
 2.03600000e-08  2.82739620e-03 
 2.03800000e-08  2.77349314e-03 
 2.04000000e-08  2.71915042e-03 
 2.04200000e-08  2.66437626e-03 
 2.04400000e-08  2.60917898e-03 
 2.04600000e-08  2.55356696e-03 
 2.04800000e-08  2.49754866e-03 
 2.05000000e-08  2.44113260e-03 
 2.05200000e-08  2.38432736e-03 
 2.05400000e-08  2.32714161e-03 
 2.05600000e-08  2.26958407e-03 
 2.05800000e-08  2.21166351e-03 
 2.06000000e-08  2.15338879e-03 
 2.06200000e-08  2.09476883e-03 
 2.06400000e-08  2.03581259e-03 
 2.06600000e-08  1.97652911e-03 
 2.06800000e-08  1.91692749e-03 
 2.07000000e-08  1.85701688e-03 
 2.07200000e-08  1.79680649e-03 
 2.07400000e-08  1.73630559e-03 
 2.07600000e-08  1.67552350e-03 
 2.07800000e-08  1.61446960e-03 
 2.08000000e-08  1.55315332e-03 
 2.08200000e-08  1.49158414e-03 
 2.08400000e-08  1.42977159e-03 
 2.08600000e-08  1.36772526e-03 
 2.08800000e-08  1.30545478e-03 
 2.09000000e-08  1.24296982e-03 
 2.09200000e-08  1.18028010e-03 
 2.09400000e-08  1.11739540e-03 
 2.09600000e-08  1.05432553e-03 
 2.09800000e-08  9.91080327e-04 
 2.10000000e-08  9.27669692e-04 
 2.10200000e-08  8.64103556e-04 
 2.10400000e-08  8.00391884e-04 
 2.10600000e-08  7.36544681e-04 
 2.10800000e-08  6.72571984e-04 
 2.11000000e-08  6.08483865e-04 
 2.11200000e-08  5.44290424e-04 
 2.11400000e-08  4.80001794e-04 
 2.11600000e-08  4.15628133e-04 
 2.11800000e-08  3.51179630e-04 
 2.12000000e-08  2.86666494e-04 
 2.12200000e-08  2.22098959e-04 
 2.12400000e-08  1.57487282e-04 
 2.12600000e-08  9.28417389e-05 
 2.12800000e-08  2.81726227e-05 
 2.13000000e-08 -3.65097561e-05 
 2.13200000e-08 -1.01195072e-04 
 2.13400000e-08 -1.65872989e-04 
 2.13600000e-08 -2.30533156e-04 
 2.13800000e-08 -2.95165217e-04 
 2.14000000e-08 -3.59758805e-04 
 2.14200000e-08 -4.24303550e-04 
 2.14400000e-08 -4.88789077e-04 
 2.14600000e-08 -5.53205009e-04 
 2.14800000e-08 -6.17540971e-04 
 2.15000000e-08 -6.81786587e-04 
 2.15200000e-08 -7.45931488e-04 
 2.15400000e-08 -8.09965310e-04 
 2.15600000e-08 -8.73877695e-04 
 2.15800000e-08 -9.37658297e-04 
 2.16000000e-08 -1.00129678e-03 
 2.16200000e-08 -1.06478283e-03 
 2.16400000e-08 -1.12810613e-03 
 2.16600000e-08 -1.19125640e-03 
 2.16800000e-08 -1.25422338e-03 
 2.17000000e-08 -1.31699681e-03 
 2.17200000e-08 -1.37956648e-03 
 2.17400000e-08 -1.44192219e-03 
 2.17600000e-08 -1.50405378e-03 
 2.17800000e-08 -1.56595110e-03 
 2.18000000e-08 -1.62760405e-03 
 2.18200000e-08 -1.68900257e-03 
 2.18400000e-08 -1.75013662e-03 
 2.18600000e-08 -1.81099620e-03 
 2.18800000e-08 -1.87157136e-03 
 2.19000000e-08 -1.93185218e-03 
 2.19200000e-08 -1.99182881e-03 
 2.19400000e-08 -2.05149141e-03 
 2.19600000e-08 -2.11083022e-03 
 2.19800000e-08 -2.16983551e-03 
 2.20000000e-08 -2.22849762e-03 
 2.20200000e-08 -2.28680693e-03 
 2.20400000e-08 -2.34475388e-03 
 2.20600000e-08 -2.40232899e-03 
 2.20800000e-08 -2.45952280e-03 
 2.21000000e-08 -2.51632595e-03 
 2.21200000e-08 -2.57272913e-03 
 2.21400000e-08 -2.62872309e-03 
 2.21600000e-08 -2.68429867e-03 
 2.21800000e-08 -2.73944675e-03 
 2.22000000e-08 -2.79415831e-03 
 2.22200000e-08 -2.84842439e-03 
 2.22400000e-08 -2.90223612e-03 
 2.22600000e-08 -2.95558469e-03 
 2.22800000e-08 -3.00846137e-03 
 2.23000000e-08 -3.06085754e-03 
 2.23200000e-08 -3.11276463e-03 
 2.23400000e-08 -3.16417418e-03 
 2.23600000e-08 -3.21507780e-03 
 2.23800000e-08 -3.26546720e-03 
 2.24000000e-08 -3.31533417e-03 
 2.24200000e-08 -3.36467060e-03 
 2.24400000e-08 -3.41346847e-03 
 2.24600000e-08 -3.46171987e-03 
 2.24800000e-08 -3.50941697e-03 
 2.25000000e-08 -3.55655203e-03 
 2.25200000e-08 -3.60311744e-03 
 2.25400000e-08 -3.64910566e-03 
 2.25600000e-08 -3.69450928e-03 
 2.25800000e-08 -3.73932097e-03 
 2.26000000e-08 -3.78353353e-03 
 2.26200000e-08 -3.82713984e-03 
 2.26400000e-08 -3.87013292e-03 
 2.26600000e-08 -3.91250587e-03 
 2.26800000e-08 -3.95425192e-03 
 2.27000000e-08 -3.99536440e-03 
 2.27200000e-08 -4.03583675e-03 
 2.27400000e-08 -4.07566256e-03 
 2.27600000e-08 -4.11483548e-03 
 2.27800000e-08 -4.15334932e-03 
 2.28000000e-08 -4.19119798e-03 
 2.28200000e-08 -4.22837551e-03 
 2.28400000e-08 -4.26487604e-03 
 2.28600000e-08 -4.30069385e-03 
 2.28800000e-08 -4.33582332e-03 
 2.29000000e-08 -4.37025898e-03 
 2.29200000e-08 -4.40399546e-03 
 2.29400000e-08 -4.43702751e-03 
 2.29600000e-08 -4.46935002e-03 
 2.29800000e-08 -4.50095800e-03 
 2.30000000e-08 -4.53184658e-03 
 2.30200000e-08 -4.56201102e-03 
 2.30400000e-08 -4.59144670e-03 
 2.30600000e-08 -4.62014914e-03 
 2.30800000e-08 -4.64811398e-03 
 2.31000000e-08 -4.67533699e-03 
 2.31200000e-08 -4.70181406e-03 
 2.31400000e-08 -4.72754121e-03 
 2.31600000e-08 -4.75251462e-03 
 2.31800000e-08 -4.77673054e-03 
 2.32000000e-08 -4.80018541e-03 
 2.32200000e-08 -4.82287576e-03 
 2.32400000e-08 -4.84479827e-03 
 2.32600000e-08 -4.86594973e-03 
 2.32800000e-08 -4.88632709e-03 
 2.33000000e-08 -4.90592741e-03 
 2.33200000e-08 -4.92474788e-03 
 2.33400000e-08 -4.94278582e-03 
 2.33600000e-08 -4.96003869e-03 
 2.33800000e-08 -4.97650408e-03 
 2.34000000e-08 -4.99217970e-03 
 2.34200000e-08 -5.00706340e-03 
 2.34400000e-08 -5.02115316e-03 
 2.34600000e-08 -5.03444707e-03 
 2.34800000e-08 -5.04694338e-03 
 2.35000000e-08 -5.05864045e-03 
 2.35200000e-08 -5.06953678e-03 
 2.35400000e-08 -5.07963099e-03 
 2.35600000e-08 -5.08892183e-03 
 2.35800000e-08 -5.09740819e-03 
 2.36000000e-08 -5.10508906e-03 
 2.36200000e-08 -5.11196360e-03 
 2.36400000e-08 -5.11803107e-03 
 2.36600000e-08 -5.12329085e-03 
 2.36800000e-08 -5.12774247e-03 
 2.37000000e-08 -5.13138556e-03 
 2.37200000e-08 -5.13421991e-03 
 2.37400000e-08 -5.13624541e-03 
 2.37600000e-08 -5.13746207e-03 
 2.37800000e-08 -5.13787004e-03 
 2.38000000e-08 -5.13746959e-03 
 2.38200000e-08 -5.13626112e-03 
 2.38400000e-08 -5.13424514e-03 
 2.38600000e-08 -5.13142229e-03 
 2.38800000e-08 -5.12779332e-03 
 2.39000000e-08 -5.12335912e-03 
 2.39200000e-08 -5.11812069e-03 
 2.39400000e-08 -5.11207914e-03 
 2.39600000e-08 -5.10523573e-03 
 2.39800000e-08 -5.09759181e-03 
 2.40000000e-08 -5.08914885e-03 
 2.40200000e-08 -5.07990846e-03 
 2.40400000e-08 -5.06987235e-03 
 2.40600000e-08 -5.05904234e-03 
 2.40800000e-08 -5.04742038e-03 
 2.41000000e-08 -5.03500853e-03 
 2.41200000e-08 -5.02180897e-03 
 2.41400000e-08 -5.00782398e-03 
 2.41600000e-08 -4.99305596e-03 
 2.41800000e-08 -4.97750743e-03 
 2.42000000e-08 -4.96118102e-03 
 2.42200000e-08 -4.94407946e-03 
 2.42400000e-08 -4.92620559e-03 
 2.42600000e-08 -4.90756239e-03 
 2.42800000e-08 -4.88815291e-03 
 2.43000000e-08 -4.86798033e-03 
 2.43200000e-08 -4.84704793e-03 
 2.43400000e-08 -4.82535911e-03 
 2.43600000e-08 -4.80291736e-03 
 2.43800000e-08 -4.77972629e-03 
 2.44000000e-08 -4.75578961e-03 
 2.44200000e-08 -4.73111114e-03 
 2.44400000e-08 -4.70569478e-03 
 2.44600000e-08 -4.67954456e-03 
 2.44800000e-08 -4.65266461e-03 
 2.45000000e-08 -4.62505915e-03 
 2.45200000e-08 -4.59673252e-03 
 2.45400000e-08 -4.56768914e-03 
 2.45600000e-08 -4.53793354e-03 
 2.45800000e-08 -4.50747035e-03 
 2.46000000e-08 -4.47630430e-03 
 2.46200000e-08 -4.44444022e-03 
 2.46400000e-08 -4.41188303e-03 
 2.46600000e-08 -4.37863775e-03 
 2.46800000e-08 -4.34470951e-03 
 2.47000000e-08 -4.31010351e-03 
 2.47200000e-08 -4.27482507e-03 
 2.47400000e-08 -4.23887959e-03 
 2.47600000e-08 -4.20227258e-03 
 2.47800000e-08 -4.16500961e-03 
 2.48000000e-08 -4.12709638e-03 
 2.48200000e-08 -4.08853866e-03 
 2.48400000e-08 -4.04934233e-03 
 2.48600000e-08 -4.00951333e-03 
 2.48800000e-08 -3.96905774e-03 
 2.49000000e-08 -3.92798167e-03 
 2.49200000e-08 -3.88629137e-03 
 2.49400000e-08 -3.84399314e-03 
 2.49600000e-08 -3.80109340e-03 
 2.49800000e-08 -3.75759864e-03 
 2.50000000e-08 -3.71351543e-03 
 2.50200000e-08 -3.66885045e-03 
 2.50400000e-08 -3.62361045e-03 
 2.50600000e-08 -3.57780225e-03 
 2.50800000e-08 -3.53143278e-03 
 2.51000000e-08 -3.48450904e-03 
 2.51200000e-08 -3.43703812e-03 
 2.51400000e-08 -3.38902719e-03 
 2.51600000e-08 -3.34048349e-03 
 2.51800000e-08 -3.29141436e-03 
 2.52000000e-08 -3.24182721e-03 
 2.52200000e-08 -3.19172952e-03 
 2.52400000e-08 -3.14112886e-03 
 2.52600000e-08 -3.09003289e-03 
 2.52800000e-08 -3.03844932e-03 
 2.53000000e-08 -2.98638595e-03 
 2.53200000e-08 -2.93385066e-03 
 2.53400000e-08 -2.88085140e-03 
 2.53600000e-08 -2.82739620e-03 
 2.53800000e-08 -2.77349314e-03 
 2.54000000e-08 -2.71915042e-03 
 2.54200000e-08 -2.66437626e-03 
 2.54400000e-08 -2.60917898e-03 
 2.54600000e-08 -2.55356696e-03 
 2.54800000e-08 -2.49754866e-03 
 2.55000000e-08 -2.44113260e-03 
 2.55200000e-08 -2.38432736e-03 
 2.55400000e-08 -2.32714161e-03 
 2.55600000e-08 -2.26958407e-03 
 2.55800000e-08 -2.21166351e-03 
 2.56000000e-08 -2.15338879e-03 
 2.56200000e-08 -2.09476883e-03 
 2.56400000e-08 -2.03581259e-03 
 2.56600000e-08 -1.97652911e-03 
 2.56800000e-08 -1.91692749e-03 
 2.57000000e-08 -1.85701688e-03 
 2.57200000e-08 -1.79680649e-03 
 2.57400000e-08 -1.73630559e-03 
 2.57600000e-08 -1.67552350e-03 
 2.57800000e-08 -1.61446960e-03 
 2.58000000e-08 -1.55315332e-03 
 2.58200000e-08 -1.49158414e-03 
 2.58400000e-08 -1.42977159e-03 
 2.58600000e-08 -1.36772526e-03 
 2.58800000e-08 -1.30545478e-03 
 2.59000000e-08 -1.24296982e-03 
 2.59200000e-08 -1.18028010e-03 
 2.59400000e-08 -1.11739540e-03 
 2.59600000e-08 -1.05432553e-03 
 2.59800000e-08 -9.91080327e-04 
 2.60000000e-08 -9.27669692e-04 
 2.60200000e-08 -8.64103556e-04 
 2.60400000e-08 -8.00391884e-04 
 2.60600000e-08 -7.36544681e-04 
 2.60800000e-08 -6.72571984e-04 
 2.61000000e-08 -6.08483865e-04 
 2.61200000e-08 -5.44290424e-04 
 2.61400000e-08 -4.80001794e-04 
 2.61600000e-08 -4.15628134e-04 
 2.61800000e-08 -3.51179630e-04 
 2.62000000e-08 -2.86666494e-04 
 2.62200000e-08 -2.22098959e-04 
 2.62400000e-08 -1.57487282e-04 
 2.62600000e-08 -9.28417389e-05 
 2.62800000e-08 -2.81726227e-05 
 2.63000000e-08  3.65097561e-05 
 2.63200000e-08  1.01195073e-04 
 2.63400000e-08  1.65872989e-04 
 2.63600000e-08  2.30533156e-04 
 2.63800000e-08  2.95165217e-04 
 2.64000000e-08  3.59758805e-04 
 2.64200000e-08  4.24303550e-04 
 2.64400000e-08  4.88789077e-04 
 2.64600000e-08  5.53205009e-04 
 2.64800000e-08  6.17540971e-04 
 2.65000000e-08  6.81786587e-04 
 2.65200000e-08  7.45931488e-04 
 2.65400000e-08  8.09965310e-04 
 2.65600000e-08  8.73877695e-04 
 2.65800000e-08  9.37658297e-04 
 2.66000000e-08  1.00129678e-03 
 2.66200000e-08  1.06478283e-03 
 2.66400000e-08  1.12810613e-03 
 2.66600000e-08  1.19125640e-03 
 2.66800000e-08  1.25422338e-03 
 2.67000000e-08  1.31699681e-03 
 2.67200000e-08  1.37956648e-03 
 2.67400000e-08  1.44192219e-03 
 2.67600000e-08  1.50405378e-03 
 2.67800000e-08  1.56595110e-03 
 2.68000000e-08  1.62760405e-03 
 2.68200000e-08  1.68900257e-03 
 2.68400000e-08  1.75013662e-03 
 2.68600000e-08  1.81099620e-03 
 2.68800000e-08  1.87157136e-03 
 2.69000000e-08  1.93185218e-03 
 2.69200000e-08  1.99182881e-03 
 2.69400000e-08  2.05149141e-03 
 2.69600000e-08  2.11083022e-03 
 2.69800000e-08  2.16983551e-03 
 2.70000000e-08  2.22849762e-03 
 2.70200000e-08  2.28680693e-03 
 2.70400000e-08  2.34475388e-03 
 2.70600000e-08  2.40232899e-03 
 2.70800000e-08  2.45952280e-03 
 2.71000000e-08  2.51632595e-03 
 2.71200000e-08  2.57272913e-03 
 2.71400000e-08  2.62872309e-03 
 2.71600000e-08  2.68429867e-03 
 2.71800000e-08  2.73944675e-03 
 2.72000000e-08  2.79415831e-03 
 2.72200000e-08  2.84842439e-03 
 2.72400000e-08  2.90223612e-03 
 2.72600000e-08  2.95558469e-03 
 2.72800000e-08  3.00846137e-03 
 2.73000000e-08  3.06085754e-03 
 2.73200000e-08  3.11276463e-03 
 2.73400000e-08  3.16417418e-03 
 2.73600000e-08  3.21507780e-03 
 2.73800000e-08  3.26546720e-03 
 2.74000000e-08  3.31533417e-03 
 2.74200000e-08  3.36467060e-03 
 2.74400000e-08  3.41346847e-03 
 2.74600000e-08  3.46171987e-03 
 2.74800000e-08  3.50941697e-03 
 2.75000000e-08  3.55655203e-03 
 2.75200000e-08  3.60311744e-03 
 2.75400000e-08  3.64910566e-03 
 2.75600000e-08  3.69450928e-03 
 2.75800000e-08  3.73932097e-03 
 2.76000000e-08  3.78353353e-03 
 2.76200000e-08  3.82713984e-03 
 2.76400000e-08  3.87013292e-03 
 2.76600000e-08  3.91250587e-03 
 2.76800000e-08  3.95425192e-03 
 2.77000000e-08  3.99536440e-03 
 2.77200000e-08  4.03583675e-03 
 2.77400000e-08  4.07566256e-03 
 2.77600000e-08  4.11483548e-03 
 2.77800000e-08  4.15334932e-03 
 2.78000000e-08  4.19119798e-03 
 2.78200000e-08  4.22837551e-03 
 2.78400000e-08  4.26487604e-03 
 2.78600000e-08  4.30069385e-03 
 2.78800000e-08  4.33582332e-03 
 2.79000000e-08  4.37025898e-03 
 2.79200000e-08  4.40399546e-03 
 2.79400000e-08  4.43702751e-03 
 2.79600000e-08  4.46935002e-03 
 2.79800000e-08  4.50095800e-03 
 2.80000000e-08  4.53184658e-03 
 2.80200000e-08  4.56201102e-03 
 2.80400000e-08  4.59144670e-03 
 2.80600000e-08  4.62014914e-03 
 2.80800000e-08  4.64811398e-03 
 2.81000000e-08  4.67533699e-03 
 2.81200000e-08  4.70181406e-03 
 2.81400000e-08  4.72754121e-03 
 2.81600000e-08  4.75251462e-03 
 2.81800000e-08  4.77673054e-03 
 2.82000000e-08  4.80018541e-03 
 2.82200000e-08  4.82287576e-03 
 2.82400000e-08  4.84479827e-03 
 2.82600000e-08  4.86594973e-03 
 2.82800000e-08  4.88632709e-03 
 2.83000000e-08  4.90592741e-03 
 2.83200000e-08  4.92474788e-03 
 2.83400000e-08  4.94278582e-03 
 2.83600000e-08  4.96003869e-03 
 2.83800000e-08  4.97650408e-03 
 2.84000000e-08  4.99217970e-03 
 2.84200000e-08  5.00706340e-03 
 2.84400000e-08  5.02115316e-03 
 2.84600000e-08  5.03444707e-03 
 2.84800000e-08  5.04694338e-03 
 2.85000000e-08  5.05864045e-03 
 2.85200000e-08  5.06953678e-03 
 2.85400000e-08  5.07963099e-03 
 2.85600000e-08  5.08892183e-03 
 2.85800000e-08  5.09740819e-03 
 2.86000000e-08  5.10508906e-03 
 2.86200000e-08  5.11196360e-03 
 2.86400000e-08  5.11803107e-03 
 2.86600000e-08  5.12329085e-03 
 2.86800000e-08  5.12774247e-03 
 2.87000000e-08  5.13138556e-03 
 2.87200000e-08  5.13421991e-03 
 2.87400000e-08  5.13624541e-03 
 2.87600000e-08  5.13746207e-03 
 2.87800000e-08  5.13787004e-03 
 2.88000000e-08  5.13746959e-03 
 2.88200000e-08  5.13626112e-03 
 2.88400000e-08  5.13424514e-03 
 2.88600000e-08  5.13142229e-03 
 2.88800000e-08  5.12779332e-03 
 2.89000000e-08  5.12335912e-03 
 2.89200000e-08  5.11812069e-03 
 2.89400000e-08  5.11207914e-03 
 2.89600000e-08  5.10523573e-03 
 2.89800000e-08  5.09759181e-03 
 2.90000000e-08  5.08914885e-03 
 2.90200000e-08  5.07990846e-03 
 2.90400000e-08  5.06987235e-03 
 2.90600000e-08  5.05904234e-03 
 2.90800000e-08  5.04742038e-03 
 2.91000000e-08  5.03500853e-03 
 2.91200000e-08  5.02180897e-03 
 2.91400000e-08  5.00782398e-03 
 2.91600000e-08  4.99305596e-03 
 2.91800000e-08  4.97750743e-03 
 2.92000000e-08  4.96118102e-03 
 2.92200000e-08  4.94407946e-03 
 2.92400000e-08  4.92620559e-03 
 2.92600000e-08  4.90756239e-03 
 2.92800000e-08  4.88815291e-03 
 2.93000000e-08  4.86798033e-03 
 2.93200000e-08  4.84704793e-03 
 2.93400000e-08  4.82535911e-03 
 2.93600000e-08  4.80291736e-03 
 2.93800000e-08  4.77972629e-03 
 2.94000000e-08  4.75578961e-03 
 2.94200000e-08  4.73111114e-03 
 2.94400000e-08  4.70569478e-03 
 2.94600000e-08  4.67954456e-03 
 2.94800000e-08  4.65266461e-03 
 2.95000000e-08  4.62505915e-03 
 2.95200000e-08  4.59673252e-03 
 2.95400000e-08  4.56768914e-03 
 2.95600000e-08  4.53793354e-03 
 2.95800000e-08  4.50747035e-03 
 2.96000000e-08  4.47630430e-03 
 2.96200000e-08  4.44444022e-03 
 2.96400000e-08  4.41188303e-03 
 2.96600000e-08  4.37863775e-03 
 2.96800000e-08  4.34470951e-03 
 2.97000000e-08  4.31010351e-03 
 2.97200000e-08  4.27482507e-03 
 2.97400000e-08  4.23887959e-03 
 2.97600000e-08  4.20227258e-03 
 2.97800000e-08  4.16500961e-03 
 2.98000000e-08  4.12709638e-03 
 2.98200000e-08  4.08853866e-03 
 2.98400000e-08  4.04934233e-03 
 2.98600000e-08  4.00951333e-03 
 2.98800000e-08  3.96905774e-03 
 2.99000000e-08  3.92798167e-03 
 2.99200000e-08  3.88629137e-03 
 2.99400000e-08  3.84399314e-03 
 2.99600000e-08  3.80109340e-03 
 2.99800000e-08  3.75759864e-03 
 3.00000000e-08  3.71351543e-03 
 3.00200000e-08  3.66885045e-03 
 3.00400000e-08  3.62361045e-03 
 3.00600000e-08  3.57780225e-03 
 3.00800000e-08  3.53143278e-03 
 3.01000000e-08  3.48450904e-03 
 3.01200000e-08  3.43703812e-03 
 3.01400000e-08  3.38902719e-03 
 3.01600000e-08  3.34048349e-03 
 3.01800000e-08  3.29141436e-03 
 3.02000000e-08  3.24182721e-03 
 3.02200000e-08  3.19172952e-03 
 3.02400000e-08  3.14112886e-03 
 3.02600000e-08  3.09003289e-03 
 3.02800000e-08  3.03844932e-03 
 3.03000000e-08  2.98638595e-03 
 3.03200000e-08  2.93385066e-03 
 3.03400000e-08  2.88085140e-03 
 3.03600000e-08  2.82739620e-03 
 3.03800000e-08  2.77349314e-03 
 3.04000000e-08  2.71915042e-03 
 3.04200000e-08  2.66437626e-03 
 3.04400000e-08  2.60917898e-03 
 3.04600000e-08  2.55356696e-03 
 3.04800000e-08  2.49754866e-03 
 3.05000000e-08  2.44113260e-03 
 3.05200000e-08  2.38432736e-03 
 3.05400000e-08  2.32714161e-03 
 3.05600000e-08  2.26958407e-03 
 3.05800000e-08  2.21166351e-03 
 3.06000000e-08  2.15338879e-03 
 3.06200000e-08  2.09476883e-03 
 3.06400000e-08  2.03581259e-03 
 3.06600000e-08  1.97652911e-03 
 3.06800000e-08  1.91692749e-03 
 3.07000000e-08  1.85701688e-03 
 3.07200000e-08  1.79680649e-03 
 3.07400000e-08  1.73630559e-03 
 3.07600000e-08  1.67552350e-03 
 3.07800000e-08  1.61446960e-03 
 3.08000000e-08  1.55315332e-03 
 3.08200000e-08  1.49158414e-03 
 3.08400000e-08  1.42977159e-03 
 3.08600000e-08  1.36772526e-03 
 3.08800000e-08  1.30545478e-03 
 3.09000000e-08  1.24296982e-03 
 3.09200000e-08  1.18028010e-03 
 3.09400000e-08  1.11739540e-03 
 3.09600000e-08  1.05432553e-03 
 3.09800000e-08  9.91080327e-04 
 3.10000000e-08  9.27669692e-04 
 3.10200000e-08  8.64103556e-04 
 3.10400000e-08  8.00391884e-04 
 3.10600000e-08  7.36544681e-04 
 3.10800000e-08  6.72571984e-04 
 3.11000000e-08  6.08483865e-04 
 3.11200000e-08  5.44290424e-04 
 3.11400000e-08  4.80001794e-04 
 3.11600000e-08  4.15628134e-04 
 3.11800000e-08  3.51179630e-04 
 3.12000000e-08  2.86666494e-04 
 3.12200000e-08  2.22098959e-04 
 3.12400000e-08  1.57487282e-04 
 3.12600000e-08  9.28417390e-05 
 3.12800000e-08  2.81726227e-05 
 3.13000000e-08 -3.65097561e-05 
 3.13200000e-08 -1.01195072e-04 
 3.13400000e-08 -1.65872989e-04 
 3.13600000e-08 -2.30533156e-04 
 3.13800000e-08 -2.95165217e-04 
 3.14000000e-08 -3.59758805e-04 
 3.14200000e-08 -4.24303550e-04 
 3.14400000e-08 -4.88789077e-04 
 3.14600000e-08 -5.53205009e-04 
 3.14800000e-08 -6.17540971e-04 
 3.15000000e-08 -6.81786587e-04 
 3.15200000e-08 -7.45931488e-04 
 3.15400000e-08 -8.09965310e-04 
 3.15600000e-08 -8.73877695e-04 
 3.15800000e-08 -9.37658297e-04 
 3.16000000e-08 -1.00129678e-03 
 3.16200000e-08 -1.06478283e-03 
 3.16400000e-08 -1.12810613e-03 
 3.16600000e-08 -1.19125640e-03 
 3.16800000e-08 -1.25422338e-03 
 3.17000000e-08 -1.31699681e-03 
 3.17200000e-08 -1.37956648e-03 
 3.17400000e-08 -1.44192219e-03 
 3.17600000e-08 -1.50405378e-03 
 3.17800000e-08 -1.56595110e-03 
 3.18000000e-08 -1.62760405e-03 
 3.18200000e-08 -1.68900257e-03 
 3.18400000e-08 -1.75013662e-03 
 3.18600000e-08 -1.81099620e-03 
 3.18800000e-08 -1.87157136e-03 
 3.19000000e-08 -1.93185218e-03 
 3.19200000e-08 -1.99182881e-03 
 3.19400000e-08 -2.05149141e-03 
 3.19600000e-08 -2.11083022e-03 
 3.19800000e-08 -2.16983551e-03 
 3.20000000e-08 -2.22849762e-03 
 3.20200000e-08 -2.28680693e-03 
 3.20400000e-08 -2.34475388e-03 
 3.20600000e-08 -2.40232899e-03 
 3.20800000e-08 -2.45952280e-03 
 3.21000000e-08 -2.51632595e-03 
 3.21200000e-08 -2.57272913e-03 
 3.21400000e-08 -2.62872309e-03 
 3.21600000e-08 -2.68429867e-03 
 3.21800000e-08 -2.73944675e-03 
 3.22000000e-08 -2.79415831e-03 
 3.22200000e-08 -2.84842439e-03 
 3.22400000e-08 -2.90223612e-03 
 3.22600000e-08 -2.95558469e-03 
 3.22800000e-08 -3.00846137e-03 
 3.23000000e-08 -3.06085754e-03 
 3.23200000e-08 -3.11276463e-03 
 3.23400000e-08 -3.16417418e-03 
 3.23600000e-08 -3.21507780e-03 
 3.23800000e-08 -3.26546720e-03 
 3.24000000e-08 -3.31533417e-03 
 3.24200000e-08 -3.36467060e-03 
 3.24400000e-08 -3.41346847e-03 
 3.24600000e-08 -3.46171987e-03 
 3.24800000e-08 -3.50941697e-03 
 3.25000000e-08 -3.55655203e-03 
 3.25200000e-08 -3.60311744e-03 
 3.25400000e-08 -3.64910566e-03 
 3.25600000e-08 -3.69450928e-03 
 3.25800000e-08 -3.73932097e-03 
 3.26000000e-08 -3.78353353e-03 
 3.26200000e-08 -3.82713984e-03 
 3.26400000e-08 -3.87013292e-03 
 3.26600000e-08 -3.91250587e-03 
 3.26800000e-08 -3.95425192e-03 
 3.27000000e-08 -3.99536440e-03 
 3.27200000e-08 -4.03583675e-03 
 3.27400000e-08 -4.07566256e-03 
 3.27600000e-08 -4.11483548e-03 
 3.27800000e-08 -4.15334932e-03 
 3.28000000e-08 -4.19119798e-03 
 3.28200000e-08 -4.22837551e-03 
 3.28400000e-08 -4.26487604e-03 
 3.28600000e-08 -4.30069385e-03 
 3.28800000e-08 -4.33582332e-03 
 3.29000000e-08 -4.37025898e-03 
 3.29200000e-08 -4.40399546e-03 
 3.29400000e-08 -4.43702751e-03 
 3.29600000e-08 -4.46935002e-03 
 3.29800000e-08 -4.50095800e-03 
 3.30000000e-08 -4.53184658e-03 
 3.30200000e-08 -4.56201102e-03 
 3.30400000e-08 -4.59144670e-03 
 3.30600000e-08 -4.62014914e-03 
 3.30800000e-08 -4.64811398e-03 
 3.31000000e-08 -4.67533699e-03 
 3.31200000e-08 -4.70181406e-03 
 3.31400000e-08 -4.72754121e-03 
 3.31600000e-08 -4.75251462e-03 
 3.31800000e-08 -4.77673054e-03 
 3.32000000e-08 -4.80018541e-03 
 3.32200000e-08 -4.82287576e-03 
 3.32400000e-08 -4.84479827e-03 
 3.32600000e-08 -4.86594973e-03 
 3.32800000e-08 -4.88632709e-03 
 3.33000000e-08 -4.90592741e-03 
 3.33200000e-08 -4.92474788e-03 
 3.33400000e-08 -4.94278582e-03 
 3.33600000e-08 -4.96003869e-03 
 3.33800000e-08 -4.97650408e-03 
 3.34000000e-08 -4.99217970e-03 
 3.34200000e-08 -5.00706340e-03 
 3.34400000e-08 -5.02115316e-03 
 3.34600000e-08 -5.03444707e-03 
 3.34800000e-08 -5.04694338e-03 
 3.35000000e-08 -5.05864045e-03 
 3.35200000e-08 -5.06953678e-03 
 3.35400000e-08 -5.07963099e-03 
 3.35600000e-08 -5.08892183e-03 
 3.35800000e-08 -5.09740819e-03 
 3.36000000e-08 -5.10508906e-03 
 3.36200000e-08 -5.11196360e-03 
 3.36400000e-08 -5.11803107e-03 
 3.36600000e-08 -5.12329085e-03 
 3.36800000e-08 -5.12774247e-03 
 3.37000000e-08 -5.13138556e-03 
 3.37200000e-08 -5.13421991e-03 
 3.37400000e-08 -5.13624541e-03 
 3.37600000e-08 -5.13746207e-03 
 3.37800000e-08 -5.13787004e-03 
 3.38000000e-08 -5.13746959e-03 
 3.38200000e-08 -5.13626112e-03 
 3.38400000e-08 -5.13424514e-03 
 3.38600000e-08 -5.13142229e-03 
 3.38800000e-08 -5.12779332e-03 
 3.39000000e-08 -5.12335912e-03 
 3.39200000e-08 -5.11812069e-03 
 3.39400000e-08 -5.11207914e-03 
 3.39600000e-08 -5.10523573e-03 
 3.39800000e-08 -5.09759181e-03 
 3.40000000e-08 -5.08914885e-03 
 3.40200000e-08 -5.07990846e-03 
 3.40400000e-08 -5.06987235e-03 
 3.40600000e-08 -5.05904234e-03 
 3.40800000e-08 -5.04742038e-03 
 3.41000000e-08 -5.03500853e-03 
 3.41200000e-08 -5.02180897e-03 
 3.41400000e-08 -5.00782398e-03 
 3.41600000e-08 -4.99305596e-03 
 3.41800000e-08 -4.97750743e-03 
 3.42000000e-08 -4.96118102e-03 
 3.42200000e-08 -4.94407946e-03 
 3.42400000e-08 -4.92620559e-03 
 3.42600000e-08 -4.90756239e-03 
 3.42800000e-08 -4.88815291e-03 
 3.43000000e-08 -4.86798033e-03 
 3.43200000e-08 -4.84704793e-03 
 3.43400000e-08 -4.82535911e-03 
 3.43600000e-08 -4.80291736e-03 
 3.43800000e-08 -4.77972629e-03 
 3.44000000e-08 -4.75578961e-03 
 3.44200000e-08 -4.73111114e-03 
 3.44400000e-08 -4.70569478e-03 
 3.44600000e-08 -4.67954456e-03 
 3.44800000e-08 -4.65266461e-03 
 3.45000000e-08 -4.62505915e-03 
 3.45200000e-08 -4.59673252e-03 
 3.45400000e-08 -4.56768914e-03 
 3.45600000e-08 -4.53793354e-03 
 3.45800000e-08 -4.50747035e-03 
 3.46000000e-08 -4.47630430e-03 
 3.46200000e-08 -4.44444022e-03 
 3.46400000e-08 -4.41188303e-03 
 3.46600000e-08 -4.37863775e-03 
 3.46800000e-08 -4.34470951e-03 
 3.47000000e-08 -4.31010351e-03 
 3.47200000e-08 -4.27482507e-03 
 3.47400000e-08 -4.23887959e-03 
 3.47600000e-08 -4.20227258e-03 
 3.47800000e-08 -4.16500961e-03 
 3.48000000e-08 -4.12709638e-03 
 3.48200000e-08 -4.08853866e-03 
 3.48400000e-08 -4.04934233e-03 
 3.48600000e-08 -4.00951333e-03 
 3.48800000e-08 -3.96905774e-03 
 3.49000000e-08 -3.92798167e-03 
 3.49200000e-08 -3.88629137e-03 
 3.49400000e-08 -3.84399314e-03 
 3.49600000e-08 -3.80109340e-03 
 3.49800000e-08 -3.75759864e-03 
 3.50000000e-08 -3.71351543e-03 
 3.50200000e-08 -3.66885045e-03 
 3.50400000e-08 -3.62361045e-03 
 3.50600000e-08 -3.57780225e-03 
 3.50800000e-08 -3.53143278e-03 
 3.51000000e-08 -3.48450904e-03 
 3.51200000e-08 -3.43703812e-03 
 3.51400000e-08 -3.38902719e-03 
 3.51600000e-08 -3.34048349e-03 
 3.51800000e-08 -3.29141436e-03 
 3.52000000e-08 -3.24182721e-03 
 3.52200000e-08 -3.19172952e-03 
 3.52400000e-08 -3.14112886e-03 
 3.52600000e-08 -3.09003289e-03 
 3.52800000e-08 -3.03844932e-03 
 3.53000000e-08 -2.98638595e-03 
 3.53200000e-08 -2.93385066e-03 
 3.53400000e-08 -2.88085140e-03 
 3.53600000e-08 -2.82739620e-03 
 3.53800000e-08 -2.77349314e-03 
 3.54000000e-08 -2.71915042e-03 
 3.54200000e-08 -2.66437626e-03 
 3.54400000e-08 -2.60917898e-03 
 3.54600000e-08 -2.55356696e-03 
 3.54800000e-08 -2.49754866e-03 
 3.55000000e-08 -2.44113260e-03 
 3.55200000e-08 -2.38432736e-03 
 3.55400000e-08 -2.32714161e-03 
 3.55600000e-08 -2.26958407e-03 
 3.55800000e-08 -2.21166351e-03 
 3.56000000e-08 -2.15338879e-03 
 3.56200000e-08 -2.09476883e-03 
 3.56400000e-08 -2.03581259e-03 
 3.56600000e-08 -1.97652911e-03 
 3.56800000e-08 -1.91692749e-03 
 3.57000000e-08 -1.85701688e-03 
 3.57200000e-08 -1.79680649e-03 
 3.57400000e-08 -1.73630559e-03 
 3.57600000e-08 -1.67552350e-03 
 3.57800000e-08 -1.61446960e-03 
 3.58000000e-08 -1.55315332e-03 
 3.58200000e-08 -1.49158414e-03 
 3.58400000e-08 -1.42977159e-03 
 3.58600000e-08 -1.36772526e-03 
 3.58800000e-08 -1.30545478e-03 
 3.59000000e-08 -1.24296982e-03 
 3.59200000e-08 -1.18028010e-03 
 3.59400000e-08 -1.11739540e-03 
 3.59600000e-08 -1.05432553e-03 
 3.59800000e-08 -9.91080327e-04 
 3.60000000e-08 -9.27669692e-04 
 3.60200000e-08 -8.64103556e-04 
 3.60400000e-08 -8.00391884e-04 
 3.60600000e-08 -7.36544681e-04 
 3.60800000e-08 -6.72571984e-04 
 3.61000000e-08 -6.08483865e-04 
 3.61200000e-08 -5.44290424e-04 
 3.61400000e-08 -4.80001794e-04 
 3.61600000e-08 -4.15628133e-04 
 3.61800000e-08 -3.51179630e-04 
 3.62000000e-08 -2.86666494e-04 
 3.62200000e-08 -2.22098959e-04 
 3.62400000e-08 -1.57487282e-04 
 3.62600000e-08 -9.28417389e-05 
 3.62800000e-08 -2.81726227e-05 
 3.63000000e-08  3.65097561e-05 
 3.63200000e-08  1.01195073e-04 
 3.63400000e-08  1.65872989e-04 
 3.63600000e-08  2.30533156e-04 
 3.63800000e-08  2.95165217e-04 
 3.64000000e-08  3.59758805e-04 
 3.64200000e-08  4.24303550e-04 
 3.64400000e-08  4.88789077e-04 
 3.64600000e-08  5.53205009e-04 
 3.64800000e-08  6.17540971e-04 
 3.65000000e-08  6.81786587e-04 
 3.65200000e-08  7.45931488e-04 
 3.65400000e-08  8.09965310e-04 
 3.65600000e-08  8.73877695e-04 
 3.65800000e-08  9.37658297e-04 
 3.66000000e-08  1.00129678e-03 
 3.66200000e-08  1.06478283e-03 
 3.66400000e-08  1.12810613e-03 
 3.66600000e-08  1.19125640e-03 
 3.66800000e-08  1.25422338e-03 
 3.67000000e-08  1.31699681e-03 
 3.67200000e-08  1.37956648e-03 
 3.67400000e-08  1.44192219e-03 
 3.67600000e-08  1.50405378e-03 
 3.67800000e-08  1.56595110e-03 
 3.68000000e-08  1.62760405e-03 
 3.68200000e-08  1.68900257e-03 
 3.68400000e-08  1.75013662e-03 
 3.68600000e-08  1.81099620e-03 
 3.68800000e-08  1.87157136e-03 
 3.69000000e-08  1.93185218e-03 
 3.69200000e-08  1.99182881e-03 
 3.69400000e-08  2.05149141e-03 
 3.69600000e-08  2.11083022e-03 
 3.69800000e-08  2.16983551e-03 
 3.70000000e-08  2.22849762e-03 
 3.70200000e-08  2.28680693e-03 
 3.70400000e-08  2.34475388e-03 
 3.70600000e-08  2.40232899e-03 
 3.70800000e-08  2.45952280e-03 
 3.71000000e-08  2.51632595e-03 
 3.71200000e-08  2.57272913e-03 
 3.71400000e-08  2.62872309e-03 
 3.71600000e-08  2.68429867e-03 
 3.71800000e-08  2.73944675e-03 
 3.72000000e-08  2.79415831e-03 
 3.72200000e-08  2.84842439e-03 
 3.72400000e-08  2.90223612e-03 
 3.72600000e-08  2.95558469e-03 
 3.72800000e-08  3.00846137e-03 
 3.73000000e-08  3.06085754e-03 
 3.73200000e-08  3.11276463e-03 
 3.73400000e-08  3.16417418e-03 
 3.73600000e-08  3.21507780e-03 
 3.73800000e-08  3.26546720e-03 
 3.74000000e-08  3.31533417e-03 
 3.74200000e-08  3.36467060e-03 
 3.74400000e-08  3.41346847e-03 
 3.74600000e-08  3.46171987e-03 
 3.74800000e-08  3.50941697e-03 
 3.75000000e-08  3.55655203e-03 
 3.75200000e-08  3.60311744e-03 
 3.75400000e-08  3.64910566e-03 
 3.75600000e-08  3.69450928e-03 
 3.75800000e-08  3.73932097e-03 
 3.76000000e-08  3.78353353e-03 
 3.76200000e-08  3.82713984e-03 
 3.76400000e-08  3.87013292e-03 
 3.76600000e-08  3.91250587e-03 
 3.76800000e-08  3.95425192e-03 
 3.77000000e-08  3.99536440e-03 
 3.77200000e-08  4.03583675e-03 
 3.77400000e-08  4.07566256e-03 
 3.77600000e-08  4.11483548e-03 
 3.77800000e-08  4.15334932e-03 
 3.78000000e-08  4.19119798e-03 
 3.78200000e-08  4.22837551e-03 
 3.78400000e-08  4.26487604e-03 
 3.78600000e-08  4.30069385e-03 
 3.78800000e-08  4.33582332e-03 
 3.79000000e-08  4.37025898e-03 
 3.79200000e-08  4.40399546e-03 
 3.79400000e-08  4.43702751e-03 
 3.79600000e-08  4.46935002e-03 
 3.79800000e-08  4.50095800e-03 
 3.80000000e-08  4.53184658e-03 
 3.80200000e-08  4.56201102e-03 
 3.80400000e-08  4.59144670e-03 
 3.80600000e-08  4.62014914e-03 
 3.80800000e-08  4.64811398e-03 
 3.81000000e-08  4.67533699e-03 
 3.81200000e-08  4.70181406e-03 
 3.81400000e-08  4.72754121e-03 
 3.81600000e-08  4.75251462e-03 
 3.81800000e-08  4.77673054e-03 
 3.82000000e-08  4.80018541e-03 
 3.82200000e-08  4.82287576e-03 
 3.82400000e-08  4.84479827e-03 
 3.82600000e-08  4.86594973e-03 
 3.82800000e-08  4.88632709e-03 
 3.83000000e-08  4.90592741e-03 
 3.83200000e-08  4.92474788e-03 
 3.83400000e-08  4.94278582e-03 
 3.83600000e-08  4.96003869e-03 
 3.83800000e-08  4.97650408e-03 
 3.84000000e-08  4.99217970e-03 
 3.84200000e-08  5.00706340e-03 
 3.84400000e-08  5.02115316e-03 
 3.84600000e-08  5.03444707e-03 
 3.84800000e-08  5.04694338e-03 
 3.85000000e-08  5.05864045e-03 
 3.85200000e-08  5.06953678e-03 
 3.85400000e-08  5.07963099e-03 
 3.85600000e-08  5.08892183e-03 
 3.85800000e-08  5.09740819e-03 
 3.86000000e-08  5.10508906e-03 
 3.86200000e-08  5.11196360e-03 
 3.86400000e-08  5.11803107e-03 
 3.86600000e-08  5.12329085e-03 
 3.86800000e-08  5.12774247e-03 
 3.87000000e-08  5.13138556e-03 
 3.87200000e-08  5.13421991e-03 
 3.87400000e-08  5.13624541e-03 
 3.87600000e-08  5.13746207e-03 
 3.87800000e-08  5.13787004e-03 
 3.88000000e-08  5.13746959e-03 
 3.88200000e-08  5.13626112e-03 
 3.88400000e-08  5.13424514e-03 
 3.88600000e-08  5.13142229e-03 
 3.88800000e-08  5.12779332e-03 
 3.89000000e-08  5.12335912e-03 
 3.89200000e-08  5.11812069e-03 
 3.89400000e-08  5.11207914e-03 
 3.89600000e-08  5.10523573e-03 
 3.89800000e-08  5.09759181e-03 
 3.90000000e-08  5.08914885e-03 
 3.90200000e-08  5.07990846e-03 
 3.90400000e-08  5.06987235e-03 
 3.90600000e-08  5.05904234e-03 
 3.90800000e-08  5.04742038e-03 
 3.91000000e-08  5.03500853e-03 
 3.91200000e-08  5.02180897e-03 
 3.91400000e-08  5.00782398e-03 
 3.91600000e-08  4.99305596e-03 
 3.91800000e-08  4.97750743e-03 
 3.92000000e-08  4.96118102e-03 
 3.92200000e-08  4.94407946e-03 
 3.92400000e-08  4.92620559e-03 
 3.92600000e-08  4.90756239e-03 
 3.92800000e-08  4.88815291e-03 
 3.93000000e-08  4.86798033e-03 
 3.93200000e-08  4.84704793e-03 
 3.93400000e-08  4.82535911e-03 
 3.93600000e-08  4.80291736e-03 
 3.93800000e-08  4.77972629e-03 
 3.94000000e-08  4.75578961e-03 
 3.94200000e-08  4.73111114e-03 
 3.94400000e-08  4.70569478e-03 
 3.94600000e-08  4.67954456e-03 
 3.94800000e-08  4.65266461e-03 
 3.95000000e-08  4.62505915e-03 
 3.95200000e-08  4.59673252e-03 
 3.95400000e-08  4.56768914e-03 
 3.95600000e-08  4.53793354e-03 
 3.95800000e-08  4.50747035e-03 
 3.96000000e-08  4.47630430e-03 
 3.96200000e-08  4.44444022e-03 
 3.96400000e-08  4.41188303e-03 
 3.96600000e-08  4.37863775e-03 
 3.96800000e-08  4.34470951e-03 
 3.97000000e-08  4.31010351e-03 
 3.97200000e-08  4.27482507e-03 
 3.97400000e-08  4.23887959e-03 
 3.97600000e-08  4.20227258e-03 
 3.97800000e-08  4.16500961e-03 
 3.98000000e-08  4.12709638e-03 
 3.98200000e-08  4.08853866e-03 
 3.98400000e-08  4.04934233e-03 
 3.98600000e-08  4.00951333e-03 
 3.98800000e-08  3.96905774e-03 
 3.99000000e-08  3.92798167e-03 
 3.99200000e-08  3.88629137e-03 
 3.99400000e-08  3.84399314e-03 
 3.99600000e-08  3.80109340e-03 
 3.99800000e-08  3.75759864e-03 
 4.00000000e-08  3.71351543e-03 
 4.00200000e-08  3.66885045e-03 
 4.00400000e-08  3.62361045e-03 
 4.00600000e-08  3.57780225e-03 
 4.00800000e-08  3.53143278e-03 
 4.01000000e-08  3.48450904e-03 
 4.01200000e-08  3.43703812e-03 
 4.01400000e-08  3.38902719e-03 
 4.01600000e-08  3.34048349e-03 
 4.01800000e-08  3.29141436e-03 
 4.02000000e-08  3.24182721e-03 
 4.02200000e-08  3.19172952e-03 
 4.02400000e-08  3.14112886e-03 
 4.02600000e-08  3.09003289e-03 
 4.02800000e-08  3.03844932e-03 
 4.03000000e-08  2.98638595e-03 
 4.03200000e-08  2.93385066e-03 
 4.03400000e-08  2.88085140e-03 
 4.03600000e-08  2.82739620e-03 
 4.03800000e-08  2.77349314e-03 
 4.04000000e-08  2.71915042e-03 
 4.04200000e-08  2.66437626e-03 
 4.04400000e-08  2.60917898e-03 
 4.04600000e-08  2.55356696e-03 
 4.04800000e-08  2.49754866e-03 
 4.05000000e-08  2.44113260e-03 
 4.05200000e-08  2.38432736e-03 
 4.05400000e-08  2.32714161e-03 
 4.05600000e-08  2.26958407e-03 
 4.05800000e-08  2.21166351e-03 
 4.06000000e-08  2.15338879e-03 
 4.06200000e-08  2.09476883e-03 
 4.06400000e-08  2.03581259e-03 
 4.06600000e-08  1.97652911e-03 
 4.06800000e-08  1.91692749e-03 
 4.07000000e-08  1.85701688e-03 
 4.07200000e-08  1.79680649e-03 
 4.07400000e-08  1.73630559e-03 
 4.07600000e-08  1.67552350e-03 
 4.07800000e-08  1.61446960e-03 
 4.08000000e-08  1.55315332e-03 
 4.08200000e-08  1.49158414e-03 
 4.08400000e-08  1.42977159e-03 
 4.08600000e-08  1.36772526e-03 
 4.08800000e-08  1.30545478e-03 
 4.09000000e-08  1.24296982e-03 
 4.09200000e-08  1.18028010e-03 
 4.09400000e-08  1.11739540e-03 
 4.09600000e-08  1.05432553e-03 
 4.09800000e-08  9.91080327e-04 
 4.10000000e-08  9.27669692e-04 
 4.10200000e-08  8.64103556e-04 
 4.10400000e-08  8.00391884e-04 
 4.10600000e-08  7.36544681e-04 
 4.10800000e-08  6.72571984e-04 
 4.11000000e-08  6.08483865e-04 
 4.11200000e-08  5.44290424e-04 
 4.11400000e-08  4.80001794e-04 
 4.11600000e-08  4.15628133e-04 
 4.11800000e-08  3.51179630e-04 
 4.12000000e-08  2.86666494e-04 
 4.12200000e-08  2.22098959e-04 
 4.12400000e-08  1.57487282e-04 
 4.12600000e-08  9.28417389e-05 
 4.12800000e-08  2.81726227e-05 
 4.13000000e-08 -3.65097561e-05 
 4.13200000e-08 -1.01195073e-04 
 4.13400000e-08 -1.65872989e-04 
 4.13600000e-08 -2.30533156e-04 
 4.13800000e-08 -2.95165217e-04 
 4.14000000e-08 -3.59758805e-04 
 4.14200000e-08 -4.24303550e-04 
 4.14400000e-08 -4.88789077e-04 
 4.14600000e-08 -5.53205009e-04 
 4.14800000e-08 -6.17540971e-04 
 4.15000000e-08 -6.81786587e-04 
 4.15200000e-08 -7.45931488e-04 
 4.15400000e-08 -8.09965310e-04 
 4.15600000e-08 -8.73877695e-04 
 4.15800000e-08 -9.37658297e-04 
 4.16000000e-08 -1.00129678e-03 
 4.16200000e-08 -1.06478283e-03 
 4.16400000e-08 -1.12810613e-03 
 4.16600000e-08 -1.19125640e-03 
 4.16800000e-08 -1.25422338e-03 
 4.17000000e-08 -1.31699681e-03 
 4.17200000e-08 -1.37956648e-03 
 4.17400000e-08 -1.44192219e-03 
 4.17600000e-08 -1.50405378e-03 
 4.17800000e-08 -1.56595110e-03 
 4.18000000e-08 -1.62760405e-03 
 4.18200000e-08 -1.68900257e-03 
 4.18400000e-08 -1.75013662e-03 
 4.18600000e-08 -1.81099620e-03 
 4.18800000e-08 -1.87157136e-03 
 4.19000000e-08 -1.93185218e-03 
 4.19200000e-08 -1.99182881e-03 
 4.19400000e-08 -2.05149141e-03 
 4.19600000e-08 -2.11083022e-03 
 4.19800000e-08 -2.16983551e-03 
 4.20000000e-08 -2.22849762e-03 
 4.20200000e-08 -2.28680693e-03 
 4.20400000e-08 -2.34475388e-03 
 4.20600000e-08 -2.40232899e-03 
 4.20800000e-08 -2.45952280e-03 
 4.21000000e-08 -2.51632595e-03 
 4.21200000e-08 -2.57272913e-03 
 4.21400000e-08 -2.62872309e-03 
 4.21600000e-08 -2.68429867e-03 
 4.21800000e-08 -2.73944675e-03 
 4.22000000e-08 -2.79415831e-03 
 4.22200000e-08 -2.84842439e-03 
 4.22400000e-08 -2.90223612e-03 
 4.22600000e-08 -2.95558469e-03 
 4.22800000e-08 -3.00846137e-03 
 4.23000000e-08 -3.06085754e-03 
 4.23200000e-08 -3.11276463e-03 
 4.23400000e-08 -3.16417418e-03 
 4.23600000e-08 -3.21507780e-03 
 4.23800000e-08 -3.26546720e-03 
 4.24000000e-08 -3.31533417e-03 
 4.24200000e-08 -3.36467060e-03 
 4.24400000e-08 -3.41346847e-03 
 4.24600000e-08 -3.46171987e-03 
 4.24800000e-08 -3.50941697e-03 
 4.25000000e-08 -3.55655203e-03 
 4.25200000e-08 -3.60311744e-03 
 4.25400000e-08 -3.64910566e-03 
 4.25600000e-08 -3.69450928e-03 
 4.25800000e-08 -3.73932097e-03 
 4.26000000e-08 -3.78353353e-03 
 4.26200000e-08 -3.82713984e-03 
 4.26400000e-08 -3.87013292e-03 
 4.26600000e-08 -3.91250587e-03 
 4.26800000e-08 -3.95425192e-03 
 4.27000000e-08 -3.99536440e-03 
 4.27200000e-08 -4.03583675e-03 
 4.27400000e-08 -4.07566256e-03 
 4.27600000e-08 -4.11483548e-03 
 4.27800000e-08 -4.15334932e-03 
 4.28000000e-08 -4.19119798e-03 
 4.28200000e-08 -4.22837551e-03 
 4.28400000e-08 -4.26487604e-03 
 4.28600000e-08 -4.30069385e-03 
 4.28800000e-08 -4.33582332e-03 
 4.29000000e-08 -4.37025898e-03 
 4.29200000e-08 -4.40399546e-03 
 4.29400000e-08 -4.43702751e-03 
 4.29600000e-08 -4.46935002e-03 
 4.29800000e-08 -4.50095800e-03 
 4.30000000e-08 -4.53184658e-03 
 4.30200000e-08 -4.56201102e-03 
 4.30400000e-08 -4.59144670e-03 
 4.30600000e-08 -4.62014914e-03 
 4.30800000e-08 -4.64811398e-03 
 4.31000000e-08 -4.67533699e-03 
 4.31200000e-08 -4.70181406e-03 
 4.31400000e-08 -4.72754121e-03 
 4.31600000e-08 -4.75251462e-03 
 4.31800000e-08 -4.77673054e-03 
 4.32000000e-08 -4.80018541e-03 
 4.32200000e-08 -4.82287576e-03 
 4.32400000e-08 -4.84479827e-03 
 4.32600000e-08 -4.86594973e-03 
 4.32800000e-08 -4.88632709e-03 
 4.33000000e-08 -4.90592741e-03 
 4.33200000e-08 -4.92474788e-03 
 4.33400000e-08 -4.94278582e-03 
 4.33600000e-08 -4.96003869e-03 
 4.33800000e-08 -4.97650408e-03 
 4.34000000e-08 -4.99217970e-03 
 4.34200000e-08 -5.00706340e-03 
 4.34400000e-08 -5.02115316e-03 
 4.34600000e-08 -5.03444707e-03 
 4.34800000e-08 -5.04694338e-03 
 4.35000000e-08 -5.05864045e-03 
 4.35200000e-08 -5.06953678e-03 
 4.35400000e-08 -5.07963099e-03 
 4.35600000e-08 -5.08892183e-03 
 4.35800000e-08 -5.09740819e-03 
 4.36000000e-08 -5.10508906e-03 
 4.36200000e-08 -5.11196360e-03 
 4.36400000e-08 -5.11803107e-03 
 4.36600000e-08 -5.12329085e-03 
 4.36800000e-08 -5.12774247e-03 
 4.37000000e-08 -5.13138556e-03 
 4.37200000e-08 -5.13421991e-03 
 4.37400000e-08 -5.13624541e-03 
 4.37600000e-08 -5.13746207e-03 
 4.37800000e-08 -5.13787004e-03 
 4.38000000e-08 -5.13746959e-03 
 4.38200000e-08 -5.13626112e-03 
 4.38400000e-08 -5.13424514e-03 
 4.38600000e-08 -5.13142229e-03 
 4.38800000e-08 -5.12779332e-03 
 4.39000000e-08 -5.12335912e-03 
 4.39200000e-08 -5.11812069e-03 
 4.39400000e-08 -5.11207914e-03 
 4.39600000e-08 -5.10523573e-03 
 4.39800000e-08 -5.09759181e-03 
 4.40000000e-08 -5.08914885e-03 
 4.40200000e-08 -5.07990846e-03 
 4.40400000e-08 -5.06987235e-03 
 4.40600000e-08 -5.05904234e-03 
 4.40800000e-08 -5.04742038e-03 
 4.41000000e-08 -5.03500853e-03 
 4.41200000e-08 -5.02180897e-03 
 4.41400000e-08 -5.00782398e-03 
 4.41600000e-08 -4.99305596e-03 
 4.41800000e-08 -4.97750743e-03 
 4.42000000e-08 -4.96118102e-03 
 4.42200000e-08 -4.94407946e-03 
 4.42400000e-08 -4.92620559e-03 
 4.42600000e-08 -4.90756239e-03 
 4.42800000e-08 -4.88815291e-03 
 4.43000000e-08 -4.86798033e-03 
 4.43200000e-08 -4.84704793e-03 
 4.43400000e-08 -4.82535911e-03 
 4.43600000e-08 -4.80291736e-03 
 4.43800000e-08 -4.77972629e-03 
 4.44000000e-08 -4.75578961e-03 
 4.44200000e-08 -4.73111114e-03 
 4.44400000e-08 -4.70569478e-03 
 4.44600000e-08 -4.67954456e-03 
 4.44800000e-08 -4.65266461e-03 
 4.45000000e-08 -4.62505915e-03 
 4.45200000e-08 -4.59673252e-03 
 4.45400000e-08 -4.56768914e-03 
 4.45600000e-08 -4.53793354e-03 
 4.45800000e-08 -4.50747035e-03 
 4.46000000e-08 -4.47630430e-03 
 4.46200000e-08 -4.44444022e-03 
 4.46400000e-08 -4.41188303e-03 
 4.46600000e-08 -4.37863775e-03 
 4.46800000e-08 -4.34470951e-03 
 4.47000000e-08 -4.31010351e-03 
 4.47200000e-08 -4.27482507e-03 
 4.47400000e-08 -4.23887959e-03 
 4.47600000e-08 -4.20227258e-03 
 4.47800000e-08 -4.16500961e-03 
 4.48000000e-08 -4.12709638e-03 
 4.48200000e-08 -4.08853866e-03 
 4.48400000e-08 -4.04934233e-03 
 4.48600000e-08 -4.00951333e-03 
 4.48800000e-08 -3.96905774e-03 
 4.49000000e-08 -3.92798167e-03 
 4.49200000e-08 -3.88629137e-03 
 4.49400000e-08 -3.84399314e-03 
 4.49600000e-08 -3.80109340e-03 
 4.49800000e-08 -3.75759864e-03 
 4.50000000e-08 -3.71351543e-03 
 4.50200000e-08 -3.66885045e-03 
 4.50400000e-08 -3.62361045e-03 
 4.50600000e-08 -3.57780225e-03 
 4.50800000e-08 -3.53143278e-03 
 4.51000000e-08 -3.48450904e-03 
 4.51200000e-08 -3.43703812e-03 
 4.51400000e-08 -3.38902719e-03 
 4.51600000e-08 -3.34048349e-03 
 4.51800000e-08 -3.29141436e-03 
 4.52000000e-08 -3.24182721e-03 
 4.52200000e-08 -3.19172952e-03 
 4.52400000e-08 -3.14112886e-03 
 4.52600000e-08 -3.09003289e-03 
 4.52800000e-08 -3.03844932e-03 
 4.53000000e-08 -2.98638595e-03 
 4.53200000e-08 -2.93385066e-03 
 4.53400000e-08 -2.88085140e-03 
 4.53600000e-08 -2.82739620e-03 
 4.53800000e-08 -2.77349314e-03 
 4.54000000e-08 -2.71915042e-03 
 4.54200000e-08 -2.66437626e-03 
 4.54400000e-08 -2.60917898e-03 
 4.54600000e-08 -2.55356696e-03 
 4.54800000e-08 -2.49754866e-03 
 4.55000000e-08 -2.44113260e-03 
 4.55200000e-08 -2.38432736e-03 
 4.55400000e-08 -2.32714161e-03 
 4.55600000e-08 -2.26958407e-03 
 4.55800000e-08 -2.21166351e-03 
 4.56000000e-08 -2.15338879e-03 
 4.56200000e-08 -2.09476883e-03 
 4.56400000e-08 -2.03581259e-03 
 4.56600000e-08 -1.97652911e-03 
 4.56800000e-08 -1.91692749e-03 
 4.57000000e-08 -1.85701688e-03 
 4.57200000e-08 -1.79680649e-03 
 4.57400000e-08 -1.73630559e-03 
 4.57600000e-08 -1.67552350e-03 
 4.57800000e-08 -1.61446960e-03 
 4.58000000e-08 -1.55315332e-03 
 4.58200000e-08 -1.49158414e-03 
 4.58400000e-08 -1.42977159e-03 
 4.58600000e-08 -1.36772526e-03 
 4.58800000e-08 -1.30545478e-03 
 4.59000000e-08 -1.24296982e-03 
 4.59200000e-08 -1.18028010e-03 
 4.59400000e-08 -1.11739540e-03 
 4.59600000e-08 -1.05432553e-03 
 4.59800000e-08 -9.91080327e-04 
 4.60000000e-08 -9.27669692e-04 
 4.60200000e-08 -8.64103556e-04 
 4.60400000e-08 -8.00391884e-04 
 4.60600000e-08 -7.36544681e-04 
 4.60800000e-08 -6.72571984e-04 
 4.61000000e-08 -6.08483865e-04 
 4.61200000e-08 -5.44290424e-04 
 4.61400000e-08 -4.80001794e-04 
 4.61600000e-08 -4.15628133e-04 
 4.61800000e-08 -3.51179630e-04 
 4.62000000e-08 -2.86666494e-04 
 4.62200000e-08 -2.22098959e-04 
 4.62400000e-08 -1.57487282e-04 
 4.62600000e-08 -9.28417390e-05 
 4.62800000e-08 -2.81726227e-05 
 4.63000000e-08  3.65097561e-05 
 4.63200000e-08  1.01195073e-04 
 4.63400000e-08  1.65872989e-04 
 4.63600000e-08  2.30533156e-04 
 4.63800000e-08  2.95165217e-04 
 4.64000000e-08  3.59758805e-04 
 4.64200000e-08  4.24303550e-04 
 4.64400000e-08  4.88789077e-04 
 4.64600000e-08  5.53205009e-04 
 4.64800000e-08  6.17540971e-04 
 4.65000000e-08  6.81786587e-04 
 4.65200000e-08  7.45931488e-04 
 4.65400000e-08  8.09965310e-04 
 4.65600000e-08  8.73877695e-04 
 4.65800000e-08  9.37658297e-04 
 4.66000000e-08  1.00129678e-03 
 4.66200000e-08  1.06478283e-03 
 4.66400000e-08  1.12810613e-03 
 4.66600000e-08  1.19125640e-03 
 4.66800000e-08  1.25422338e-03 
 4.67000000e-08  1.31699681e-03 
 4.67200000e-08  1.37956648e-03 
 4.67400000e-08  1.44192219e-03 
 4.67600000e-08  1.50405378e-03 
 4.67800000e-08  1.56595110e-03 
 4.68000000e-08  1.62760405e-03 
 4.68200000e-08  1.68900257e-03 
 4.68400000e-08  1.75013662e-03 
 4.68600000e-08  1.81099620e-03 
 4.68800000e-08  1.87157136e-03 
 4.69000000e-08  1.93185218e-03 
 4.69200000e-08  1.99182881e-03 
 4.69400000e-08  2.05149141e-03 
 4.69600000e-08  2.11083022e-03 
 4.69800000e-08  2.16983551e-03 
 4.70000000e-08  2.22849762e-03 
 4.70200000e-08  2.28680693e-03 
 4.70400000e-08  2.34475388e-03 
 4.70600000e-08  2.40232899e-03 
 4.70800000e-08  2.45952280e-03 
 4.71000000e-08  2.51632595e-03 
 4.71200000e-08  2.57272913e-03 
 4.71400000e-08  2.62872309e-03 
 4.71600000e-08  2.68429867e-03 
 4.71800000e-08  2.73944675e-03 
 4.72000000e-08  2.79415831e-03 
 4.72200000e-08  2.84842439e-03 
 4.72400000e-08  2.90223612e-03 
 4.72600000e-08  2.95558469e-03 
 4.72800000e-08  3.00846137e-03 
 4.73000000e-08  3.06085754e-03 
 4.73200000e-08  3.11276463e-03 
 4.73400000e-08  3.16417418e-03 
 4.73600000e-08  3.21507780e-03 
 4.73800000e-08  3.26546720e-03 
 4.74000000e-08  3.31533417e-03 
 4.74200000e-08  3.36467060e-03 
 4.74400000e-08  3.41346847e-03 
 4.74600000e-08  3.46171987e-03 
 4.74800000e-08  3.50941697e-03 
 4.75000000e-08  3.55655203e-03 
 4.75200000e-08  3.60311744e-03 
 4.75400000e-08  3.64910566e-03 
 4.75600000e-08  3.69450928e-03 
 4.75800000e-08  3.73932097e-03 
 4.76000000e-08  3.78353353e-03 
 4.76200000e-08  3.82713984e-03 
 4.76400000e-08  3.87013292e-03 
 4.76600000e-08  3.91250587e-03 
 4.76800000e-08  3.95425192e-03 
 4.77000000e-08  3.99536440e-03 
 4.77200000e-08  4.03583675e-03 
 4.77400000e-08  4.07566256e-03 
 4.77600000e-08  4.11483548e-03 
 4.77800000e-08  4.15334932e-03 
 4.78000000e-08  4.19119798e-03 
 4.78200000e-08  4.22837551e-03 
 4.78400000e-08  4.26487604e-03 
 4.78600000e-08  4.30069385e-03 
 4.78800000e-08  4.33582332e-03 
 4.79000000e-08  4.37025898e-03 
 4.79200000e-08  4.40399546e-03 
 4.79400000e-08  4.43702751e-03 
 4.79600000e-08  4.46935002e-03 
 4.79800000e-08  4.50095800e-03 
 4.80000000e-08  4.53184658e-03 
 4.80200000e-08  4.56201102e-03 
 4.80400000e-08  4.59144670e-03 
 4.80600000e-08  4.62014914e-03 
 4.80800000e-08  4.64811398e-03 
 4.81000000e-08  4.67533699e-03 
 4.81200000e-08  4.70181406e-03 
 4.81400000e-08  4.72754121e-03 
 4.81600000e-08  4.75251462e-03 
 4.81800000e-08  4.77673054e-03 
 4.82000000e-08  4.80018541e-03 
 4.82200000e-08  4.82287576e-03 
 4.82400000e-08  4.84479827e-03 
 4.82600000e-08  4.86594973e-03 
 4.82800000e-08  4.88632709e-03 
 4.83000000e-08  4.90592741e-03 
 4.83200000e-08  4.92474788e-03 
 4.83400000e-08  4.94278582e-03 
 4.83600000e-08  4.96003869e-03 
 4.83800000e-08  4.97650408e-03 
 4.84000000e-08  4.99217970e-03 
 4.84200000e-08  5.00706340e-03 
 4.84400000e-08  5.02115316e-03 
 4.84600000e-08  5.03444707e-03 
 4.84800000e-08  5.04694338e-03 
 4.85000000e-08  5.05864045e-03 
 4.85200000e-08  5.06953678e-03 
 4.85400000e-08  5.07963099e-03 
 4.85600000e-08  5.08892183e-03 
 4.85800000e-08  5.09740819e-03 
 4.86000000e-08  5.10508906e-03 
 4.86200000e-08  5.11196360e-03 
 4.86400000e-08  5.11803107e-03 
 4.86600000e-08  5.12329085e-03 
 4.86800000e-08  5.12774247e-03 
 4.87000000e-08  5.13138556e-03 
 4.87200000e-08  5.13421991e-03 
 4.87400000e-08  5.13624541e-03 
 4.87600000e-08  5.13746207e-03 
 4.87800000e-08  5.13787004e-03 
 4.88000000e-08  5.13746959e-03 
 4.88200000e-08  5.13626112e-03 
 4.88400000e-08  5.13424514e-03 
 4.88600000e-08  5.13142229e-03 
 4.88800000e-08  5.12779332e-03 
 4.89000000e-08  5.12335912e-03 
 4.89200000e-08  5.11812069e-03 
 4.89400000e-08  5.11207914e-03 
 4.89600000e-08  5.10523573e-03 
 4.89800000e-08  5.09759181e-03 
 4.90000000e-08  5.08914885e-03 
 4.90200000e-08  5.07990846e-03 
 4.90400000e-08  5.06987235e-03 
 4.90600000e-08  5.05904234e-03 
 4.90800000e-08  5.04742038e-03 
 4.91000000e-08  5.03500853e-03 
 4.91200000e-08  5.02180897e-03 
 4.91400000e-08  5.00782398e-03 
 4.91600000e-08  4.99305596e-03 
 4.91800000e-08  4.97750743e-03 
 4.92000000e-08  4.96118102e-03 
 4.92200000e-08  4.94407946e-03 
 4.92400000e-08  4.92620559e-03 
 4.92600000e-08  4.90756239e-03 
 4.92800000e-08  4.88815291e-03 
 4.93000000e-08  4.86798033e-03 
 4.93200000e-08  4.84704793e-03 
 4.93400000e-08  4.82535911e-03 
 4.93600000e-08  4.80291736e-03 
 4.93800000e-08  4.77972629e-03 
 4.94000000e-08  4.75578961e-03 
 4.94200000e-08  4.73111113e-03 
 4.94400000e-08  4.70569478e-03 
 4.94600000e-08  4.67954456e-03 
 4.94800000e-08  4.65266461e-03 
 4.95000000e-08  4.62505915e-03 
 4.95200000e-08  4.59673252e-03 
 4.95400000e-08  4.56768914e-03 
 4.95600000e-08  4.53793354e-03 
 4.95800000e-08  4.50747035e-03 
 4.96000000e-08  4.47630430e-03 
 4.96200000e-08  4.44444022e-03 
 4.96400000e-08  4.41188303e-03 
 4.96600000e-08  4.37863775e-03 
 4.96800000e-08  4.34470951e-03 
 4.97000000e-08  4.31010351e-03 
 4.97200000e-08  4.27482507e-03 
 4.97400000e-08  4.23887959e-03 
 4.97600000e-08  4.20227258e-03 
 4.97800000e-08  4.16500961e-03 
 4.98000000e-08  4.12709638e-03 
 4.98200000e-08  4.08853866e-03 
 4.98400000e-08  4.04934233e-03 
 4.98600000e-08  4.00951333e-03 
 4.98800000e-08  3.96905774e-03 
 4.99000000e-08  3.92798167e-03 
 4.99200000e-08  3.88629137e-03 
 4.99400000e-08  3.84399314e-03 
 4.99600000e-08  3.80109340e-03 
 4.99800000e-08  3.75759864e-03 
 5.00000000e-08  3.71351543e-03 
 5.00200000e-08  3.66885045e-03 
 5.00400000e-08  3.62361045e-03 
 5.00600000e-08  3.57780225e-03 
 5.00800000e-08  3.53143278e-03 
 5.01000000e-08  3.48450904e-03 
 5.01200000e-08  3.43703812e-03 
 5.01400000e-08  3.38902719e-03 
 5.01600000e-08  3.34048349e-03 
 5.01800000e-08  3.29141436e-03 
 5.02000000e-08  3.24182721e-03 
 5.02200000e-08  3.19172952e-03 
 5.02400000e-08  3.14112886e-03 
 5.02600000e-08  3.09003289e-03 
 5.02800000e-08  3.03844932e-03 
 5.03000000e-08  2.98638595e-03 
 5.03200000e-08  2.93385066e-03 
 5.03400000e-08  2.88085140e-03 
 5.03600000e-08  2.82739620e-03 
 5.03800000e-08  2.77349314e-03 
 5.04000000e-08  2.71915042e-03 
 5.04200000e-08  2.66437626e-03 
 5.04400000e-08  2.60917898e-03 
 5.04600000e-08  2.55356696e-03 
 5.04800000e-08  2.49754866e-03 
 5.05000000e-08  2.44113260e-03 
 5.05200000e-08  2.38432736e-03 
 5.05400000e-08  2.32714161e-03 
 5.05600000e-08  2.26958407e-03 
 5.05800000e-08  2.21166351e-03 
 5.06000000e-08  2.15338879e-03 
 5.06200000e-08  2.09476883e-03 
 5.06400000e-08  2.03581259e-03 
 5.06600000e-08  1.97652911e-03 
 5.06800000e-08  1.91692749e-03 
 5.07000000e-08  1.85701688e-03 
 5.07200000e-08  1.79680649e-03 
 5.07400000e-08  1.73630559e-03 
 5.07600000e-08  1.67552350e-03 
 5.07800000e-08  1.61446960e-03 
 5.08000000e-08  1.55315332e-03 
 5.08200000e-08  1.49158414e-03 
 5.08400000e-08  1.42977159e-03 
 5.08600000e-08  1.36772526e-03 
 5.08800000e-08  1.30545478e-03 
 5.09000000e-08  1.24296982e-03 
 5.09200000e-08  1.18028010e-03 
 5.09400000e-08  1.11739540e-03 
 5.09600000e-08  1.05432553e-03 
 5.09800000e-08  9.91080327e-04 
 5.10000000e-08  9.27669692e-04 
 5.10200000e-08  8.64103556e-04 
 5.10400000e-08  8.00391884e-04 
 5.10600000e-08  7.36544681e-04 
 5.10800000e-08  6.72571984e-04 
 5.11000000e-08  6.08483865e-04 
 5.11200000e-08  5.44290424e-04 
 5.11400000e-08  4.80001794e-04 
 5.11600000e-08  4.15628133e-04 
 5.11800000e-08  3.51179630e-04 
 5.12000000e-08  2.86666494e-04 
 5.12200000e-08  2.22098959e-04 
 5.12400000e-08  1.57487282e-04 
 5.12600000e-08  9.28417390e-05 
 5.12800000e-08  2.81726227e-05 
 5.13000000e-08 -3.65097561e-05 
 5.13200000e-08 -1.01195073e-04 
 5.13400000e-08 -1.65872989e-04 
 5.13600000e-08 -2.30533156e-04 
 5.13800000e-08 -2.95165217e-04 
 5.14000000e-08 -3.59758805e-04 
 5.14200000e-08 -4.24303550e-04 
 5.14400000e-08 -4.88789077e-04 
 5.14600000e-08 -5.53205009e-04 
 5.14800000e-08 -6.17540971e-04 
 5.15000000e-08 -6.81786587e-04 
 5.15200000e-08 -7.45931488e-04 
 5.15400000e-08 -8.09965310e-04 
 5.15600000e-08 -8.73877695e-04 
 5.15800000e-08 -9.37658297e-04 
 5.16000000e-08 -1.00129678e-03 
 5.16200000e-08 -1.06478283e-03 
 5.16400000e-08 -1.12810613e-03 
 5.16600000e-08 -1.19125640e-03 
 5.16800000e-08 -1.25422338e-03 
 5.17000000e-08 -1.31699681e-03 
 5.17200000e-08 -1.37956648e-03 
 5.17400000e-08 -1.44192219e-03 
 5.17600000e-08 -1.50405378e-03 
 5.17800000e-08 -1.56595110e-03 
 5.18000000e-08 -1.62760405e-03 
 5.18200000e-08 -1.68900257e-03 
 5.18400000e-08 -1.75013662e-03 
 5.18600000e-08 -1.81099620e-03 
 5.18800000e-08 -1.87157136e-03 
 5.19000000e-08 -1.93185218e-03 
 5.19200000e-08 -1.99182881e-03 
 5.19400000e-08 -2.05149141e-03 
 5.19600000e-08 -2.11083022e-03 
 5.19800000e-08 -2.16983551e-03 
 5.20000000e-08 -2.22849762e-03 
 5.20200000e-08 -2.28680693e-03 
 5.20400000e-08 -2.34475388e-03 
 5.20600000e-08 -2.40232899e-03 
 5.20800000e-08 -2.45952280e-03 
 5.21000000e-08 -2.51632595e-03 
 5.21200000e-08 -2.57272913e-03 
 5.21400000e-08 -2.62872309e-03 
 5.21600000e-08 -2.68429867e-03 
 5.21800000e-08 -2.73944675e-03 
 5.22000000e-08 -2.79415831e-03 
 5.22200000e-08 -2.84842439e-03 
 5.22400000e-08 -2.90223612e-03 
 5.22600000e-08 -2.95558469e-03 
 5.22800000e-08 -3.00846137e-03 
 5.23000000e-08 -3.06085754e-03 
 5.23200000e-08 -3.11276463e-03 
 5.23400000e-08 -3.16417418e-03 
 5.23600000e-08 -3.21507780e-03 
 5.23800000e-08 -3.26546720e-03 
 5.24000000e-08 -3.31533417e-03 
 5.24200000e-08 -3.36467060e-03 
 5.24400000e-08 -3.41346847e-03 
 5.24600000e-08 -3.46171987e-03 
 5.24800000e-08 -3.50941697e-03 
 5.25000000e-08 -3.55655203e-03 
 5.25200000e-08 -3.60311744e-03 
 5.25400000e-08 -3.64910566e-03 
 5.25600000e-08 -3.69450928e-03 
 5.25800000e-08 -3.73932097e-03 
 5.26000000e-08 -3.78353353e-03 
 5.26200000e-08 -3.82713984e-03 
 5.26400000e-08 -3.87013292e-03 
 5.26600000e-08 -3.91250587e-03 
 5.26800000e-08 -3.95425192e-03 
 5.27000000e-08 -3.99536440e-03 
 5.27200000e-08 -4.03583675e-03 
 5.27400000e-08 -4.07566256e-03 
 5.27600000e-08 -4.11483548e-03 
 5.27800000e-08 -4.15334932e-03 
 5.28000000e-08 -4.19119798e-03 
 5.28200000e-08 -4.22837551e-03 
 5.28400000e-08 -4.26487604e-03 
 5.28600000e-08 -4.30069385e-03 
 5.28800000e-08 -4.33582332e-03 
 5.29000000e-08 -4.37025898e-03 
 5.29200000e-08 -4.40399546e-03 
 5.29400000e-08 -4.43702751e-03 
 5.29600000e-08 -4.46935002e-03 
 5.29800000e-08 -4.50095800e-03 
 5.30000000e-08 -4.53184658e-03 
 5.30200000e-08 -4.56201102e-03 
 5.30400000e-08 -4.59144670e-03 
 5.30600000e-08 -4.62014914e-03 
 5.30800000e-08 -4.64811398e-03 
 5.31000000e-08 -4.67533699e-03 
 5.31200000e-08 -4.70181406e-03 
 5.31400000e-08 -4.72754121e-03 
 5.31600000e-08 -4.75251462e-03 
 5.31800000e-08 -4.77673054e-03 
 5.32000000e-08 -4.80018541e-03 
 5.32200000e-08 -4.82287576e-03 
 5.32400000e-08 -4.84479827e-03 
 5.32600000e-08 -4.86594973e-03 
 5.32800000e-08 -4.88632709e-03 
 5.33000000e-08 -4.90592741e-03 
 5.33200000e-08 -4.92474788e-03 
 5.33400000e-08 -4.94278582e-03 
 5.33600000e-08 -4.96003869e-03 
 5.33800000e-08 -4.97650408e-03 
 5.34000000e-08 -4.99217970e-03 
 5.34200000e-08 -5.00706340e-03 
 5.34400000e-08 -5.02115316e-03 
 5.34600000e-08 -5.03444707e-03 
 5.34800000e-08 -5.04694338e-03 
 5.35000000e-08 -5.05864045e-03 
 5.35200000e-08 -5.06953678e-03 
 5.35400000e-08 -5.07963099e-03 
 5.35600000e-08 -5.08892183e-03 
 5.35800000e-08 -5.09740819e-03 
 5.36000000e-08 -5.10508906e-03 
 5.36200000e-08 -5.11196360e-03 
 5.36400000e-08 -5.11803107e-03 
 5.36600000e-08 -5.12329085e-03 
 5.36800000e-08 -5.12774247e-03 
 5.37000000e-08 -5.13138556e-03 
 5.37200000e-08 -5.13421991e-03 
 5.37400000e-08 -5.13624541e-03 
 5.37600000e-08 -5.13746207e-03 
 5.37800000e-08 -5.13787004e-03 
 5.38000000e-08 -5.13746959e-03 
 5.38200000e-08 -5.13626112e-03 
 5.38400000e-08 -5.13424514e-03 
 5.38600000e-08 -5.13142229e-03 
 5.38800000e-08 -5.12779332e-03 
 5.39000000e-08 -5.12335912e-03 
 5.39200000e-08 -5.11812069e-03 
 5.39400000e-08 -5.11207914e-03 
 5.39600000e-08 -5.10523573e-03 
 5.39800000e-08 -5.09759181e-03 
 5.40000000e-08 -5.08914885e-03 
 5.40200000e-08 -5.07990846e-03 
 5.40400000e-08 -5.06987235e-03 
 5.40600000e-08 -5.05904234e-03 
 5.40800000e-08 -5.04742038e-03 
 5.41000000e-08 -5.03500853e-03 
 5.41200000e-08 -5.02180897e-03 
 5.41400000e-08 -5.00782398e-03 
 5.41600000e-08 -4.99305596e-03 
 5.41800000e-08 -4.97750743e-03 
 5.42000000e-08 -4.96118102e-03 
 5.42200000e-08 -4.94407946e-03 
 5.42400000e-08 -4.92620559e-03 
 5.42600000e-08 -4.90756239e-03 
 5.42800000e-08 -4.88815291e-03 
 5.43000000e-08 -4.86798033e-03 
 5.43200000e-08 -4.84704793e-03 
 5.43400000e-08 -4.82535911e-03 
 5.43600000e-08 -4.80291736e-03 
 5.43800000e-08 -4.77972629e-03 
 5.44000000e-08 -4.75578961e-03 
 5.44200000e-08 -4.73111114e-03 
 5.44400000e-08 -4.70569478e-03 
 5.44600000e-08 -4.67954456e-03 
 5.44800000e-08 -4.65266461e-03 
 5.45000000e-08 -4.62505915e-03 
 5.45200000e-08 -4.59673252e-03 
 5.45400000e-08 -4.56768914e-03 
 5.45600000e-08 -4.53793354e-03 
 5.45800000e-08 -4.50747035e-03 
 5.46000000e-08 -4.47630430e-03 
 5.46200000e-08 -4.44444022e-03 
 5.46400000e-08 -4.41188303e-03 
 5.46600000e-08 -4.37863775e-03 
 5.46800000e-08 -4.34470951e-03 
 5.47000000e-08 -4.31010351e-03 
 5.47200000e-08 -4.27482507e-03 
 5.47400000e-08 -4.23887959e-03 
 5.47600000e-08 -4.20227258e-03 
 5.47800000e-08 -4.16500961e-03 
 5.48000000e-08 -4.12709638e-03 
 5.48200000e-08 -4.08853866e-03 
 5.48400000e-08 -4.04934233e-03 
 5.48600000e-08 -4.00951333e-03 
 5.48800000e-08 -3.96905774e-03 
 5.49000000e-08 -3.92798167e-03 
 5.49200000e-08 -3.88629137e-03 
 5.49400000e-08 -3.84399314e-03 
 5.49600000e-08 -3.80109340e-03 
 5.49800000e-08 -3.75759864e-03 
 5.50000000e-08 -3.71351543e-03 
 5.50200000e-08 -3.66885045e-03 
 5.50400000e-08 -3.62361045e-03 
 5.50600000e-08 -3.57780225e-03 
 5.50800000e-08 -3.53143278e-03 
 5.51000000e-08 -3.48450904e-03 
 5.51200000e-08 -3.43703812e-03 
 5.51400000e-08 -3.38902719e-03 
 5.51600000e-08 -3.34048349e-03 
 5.51800000e-08 -3.29141436e-03 
 5.52000000e-08 -3.24182721e-03 
 5.52200000e-08 -3.19172952e-03 
 5.52400000e-08 -3.14112886e-03 
 5.52600000e-08 -3.09003289e-03 
 5.52800000e-08 -3.03844932e-03 
 5.53000000e-08 -2.98638595e-03 
 5.53200000e-08 -2.93385066e-03 
 5.53400000e-08 -2.88085140e-03 
 5.53600000e-08 -2.82739620e-03 
 5.53800000e-08 -2.77349314e-03 
 5.54000000e-08 -2.71915042e-03 
 5.54200000e-08 -2.66437626e-03 
 5.54400000e-08 -2.60917898e-03 
 5.54600000e-08 -2.55356696e-03 
 5.54800000e-08 -2.49754866e-03 
 5.55000000e-08 -2.44113260e-03 
 5.55200000e-08 -2.38432736e-03 
 5.55400000e-08 -2.32714161e-03 
 5.55600000e-08 -2.26958407e-03 
 5.55800000e-08 -2.21166351e-03 
 5.56000000e-08 -2.15338879e-03 
 5.56200000e-08 -2.09476883e-03 
 5.56400000e-08 -2.03581259e-03 
 5.56600000e-08 -1.97652911e-03 
 5.56800000e-08 -1.91692749e-03 
 5.57000000e-08 -1.85701688e-03 
 5.57200000e-08 -1.79680649e-03 
 5.57400000e-08 -1.73630559e-03 
 5.57600000e-08 -1.67552350e-03 
 5.57800000e-08 -1.61446960e-03 
 5.58000000e-08 -1.55315332e-03 
 5.58200000e-08 -1.49158414e-03 
 5.58400000e-08 -1.42977159e-03 
 5.58600000e-08 -1.36772526e-03 
 5.58800000e-08 -1.30545478e-03 
 5.59000000e-08 -1.24296982e-03 
 5.59200000e-08 -1.18028010e-03 
 5.59400000e-08 -1.11739540e-03 
 5.59600000e-08 -1.05432553e-03 
 5.59800000e-08 -9.91080327e-04 
 5.60000000e-08 -9.27669692e-04 
 5.60200000e-08 -8.64103556e-04 
 5.60400000e-08 -8.00391884e-04 
 5.60600000e-08 -7.36544681e-04 
 5.60800000e-08 -6.72571984e-04 
 5.61000000e-08 -6.08483865e-04 
 5.61200000e-08 -5.44290424e-04 
 5.61400000e-08 -4.80001794e-04 
 5.61600000e-08 -4.15628133e-04 
 5.61800000e-08 -3.51179630e-04 
 5.62000000e-08 -2.86666494e-04 
 5.62200000e-08 -2.22098959e-04 
 5.62400000e-08 -1.57487282e-04 
 5.62600000e-08 -9.28417389e-05 
 5.62800000e-08 -2.81726227e-05 
 5.63000000e-08  3.65097561e-05 
 5.63200000e-08  1.01195073e-04 
 5.63400000e-08  1.65872989e-04 
 5.63600000e-08  2.30533156e-04 
 5.63800000e-08  2.95165217e-04 
 5.64000000e-08  3.59758805e-04 
 5.64200000e-08  4.24303550e-04 
 5.64400000e-08  4.88789077e-04 
 5.64600000e-08  5.53205009e-04 
 5.64800000e-08  6.17540971e-04 
 5.65000000e-08  6.81786587e-04 
 5.65200000e-08  7.45931488e-04 
 5.65400000e-08  8.09965310e-04 
 5.65600000e-08  8.73877695e-04 
 5.65800000e-08  9.37658297e-04 
 5.66000000e-08  1.00129678e-03 
 5.66200000e-08  1.06478283e-03 
 5.66400000e-08  1.12810613e-03 
 5.66600000e-08  1.19125640e-03 
 5.66800000e-08  1.25422338e-03 
 5.67000000e-08  1.31699681e-03 
 5.67200000e-08  1.37956648e-03 
 5.67400000e-08  1.44192219e-03 
 5.67600000e-08  1.50405378e-03 
 5.67800000e-08  1.56595110e-03 
 5.68000000e-08  1.62760405e-03 
 5.68200000e-08  1.68900257e-03 
 5.68400000e-08  1.75013662e-03 
 5.68600000e-08  1.81099620e-03 
 5.68800000e-08  1.87157136e-03 
 5.69000000e-08  1.93185218e-03 
 5.69200000e-08  1.99182881e-03 
 5.69400000e-08  2.05149141e-03 
 5.69600000e-08  2.11083022e-03 
 5.69800000e-08  2.16983551e-03 
 5.70000000e-08  2.22849762e-03 
 5.70200000e-08  2.28680693e-03 
 5.70400000e-08  2.34475388e-03 
 5.70600000e-08  2.40232899e-03 
 5.70800000e-08  2.45952280e-03 
 5.71000000e-08  2.51632595e-03 
 5.71200000e-08  2.57272913e-03 
 5.71400000e-08  2.62872309e-03 
 5.71600000e-08  2.68429867e-03 
 5.71800000e-08  2.73944675e-03 
 5.72000000e-08  2.79415831e-03 
 5.72200000e-08  2.84842439e-03 
 5.72400000e-08  2.90223612e-03 
 5.72600000e-08  2.95558469e-03 
 5.72800000e-08  3.00846137e-03 
 5.73000000e-08  3.06085754e-03 
 5.73200000e-08  3.11276463e-03 
 5.73400000e-08  3.16417418e-03 
 5.73600000e-08  3.21507780e-03 
 5.73800000e-08  3.26546720e-03 
 5.74000000e-08  3.31533417e-03 
 5.74200000e-08  3.36467060e-03 
 5.74400000e-08  3.41346847e-03 
 5.74600000e-08  3.46171987e-03 
 5.74800000e-08  3.50941697e-03 
 5.75000000e-08  3.55655203e-03 
 5.75200000e-08  3.60311744e-03 
 5.75400000e-08  3.64910566e-03 
 5.75600000e-08  3.69450928e-03 
 5.75800000e-08  3.73932097e-03 
 5.76000000e-08  3.78353353e-03 
 5.76200000e-08  3.82713984e-03 
 5.76400000e-08  3.87013292e-03 
 5.76600000e-08  3.91250587e-03 
 5.76800000e-08  3.95425192e-03 
 5.77000000e-08  3.99536440e-03 
 5.77200000e-08  4.03583675e-03 
 5.77400000e-08  4.07566256e-03 
 5.77600000e-08  4.11483548e-03 
 5.77800000e-08  4.15334932e-03 
 5.78000000e-08  4.19119798e-03 
 5.78200000e-08  4.22837551e-03 
 5.78400000e-08  4.26487604e-03 
 5.78600000e-08  4.30069385e-03 
 5.78800000e-08  4.33582332e-03 
 5.79000000e-08  4.37025898e-03 
 5.79200000e-08  4.40399546e-03 
 5.79400000e-08  4.43702751e-03 
 5.79600000e-08  4.46935002e-03 
 5.79800000e-08  4.50095800e-03 
 5.80000000e-08  4.53184658e-03 
 5.80200000e-08  4.56201102e-03 
 5.80400000e-08  4.59144670e-03 
 5.80600000e-08  4.62014914e-03 
 5.80800000e-08  4.64811398e-03 
 5.81000000e-08  4.67533699e-03 
 5.81200000e-08  4.70181406e-03 
 5.81400000e-08  4.72754121e-03 
 5.81600000e-08  4.75251462e-03 
 5.81800000e-08  4.77673054e-03 
 5.82000000e-08  4.80018541e-03 
 5.82200000e-08  4.82287576e-03 
 5.82400000e-08  4.84479827e-03 
 5.82600000e-08  4.86594973e-03 
 5.82800000e-08  4.88632709e-03 
 5.83000000e-08  4.90592741e-03 
 5.83200000e-08  4.92474788e-03 
 5.83400000e-08  4.94278582e-03 
 5.83600000e-08  4.96003869e-03 
 5.83800000e-08  4.97650408e-03 
 5.84000000e-08  4.99217970e-03 
 5.84200000e-08  5.00706340e-03 
 5.84400000e-08  5.02115316e-03 
 5.84600000e-08  5.03444707e-03 
 5.84800000e-08  5.04694338e-03 
 5.85000000e-08  5.05864045e-03 
 5.85200000e-08  5.06953678e-03 
 5.85400000e-08  5.07963099e-03 
 5.85600000e-08  5.08892183e-03 
 5.85800000e-08  5.09740819e-03 
 5.86000000e-08  5.10508906e-03 
 5.86200000e-08  5.11196360e-03 
 5.86400000e-08  5.11803107e-03 
 5.86600000e-08  5.12329085e-03 
 5.86800000e-08  5.12774247e-03 
 5.87000000e-08  5.13138556e-03 
 5.87200000e-08  5.13421991e-03 
 5.87400000e-08  5.13624541e-03 
 5.87600000e-08  5.13746207e-03 
 5.87800000e-08  5.13787004e-03 
 5.88000000e-08  5.13746959e-03 
 5.88200000e-08  5.13626112e-03 
 5.88400000e-08  5.13424514e-03 
 5.88600000e-08  5.13142229e-03 
 5.88800000e-08  5.12779332e-03 
 5.89000000e-08  5.12335912e-03 
 5.89200000e-08  5.11812069e-03 
 5.89400000e-08  5.11207914e-03 
 5.89600000e-08  5.10523573e-03 
 5.89800000e-08  5.09759181e-03 
 5.90000000e-08  5.08914885e-03 
 5.90200000e-08  5.07990846e-03 
 5.90400000e-08  5.06987235e-03 
 5.90600000e-08  5.05904234e-03 
 5.90800000e-08  5.04742038e-03 
 5.91000000e-08  5.03500853e-03 
 5.91200000e-08  5.02180897e-03 
 5.91400000e-08  5.00782398e-03 
 5.91600000e-08  4.99305596e-03 
 5.91800000e-08  4.97750743e-03 
 5.92000000e-08  4.96118102e-03 
 5.92200000e-08  4.94407946e-03 
 5.92400000e-08  4.92620559e-03 
 5.92600000e-08  4.90756239e-03 
 5.92800000e-08  4.88815291e-03 
 5.93000000e-08  4.86798033e-03 
 5.93200000e-08  4.84704793e-03 
 5.93400000e-08  4.82535911e-03 
 5.93600000e-08  4.80291736e-03 
 5.93800000e-08  4.77972629e-03 
 5.94000000e-08  4.75578961e-03 
 5.94200000e-08  4.73111114e-03 
 5.94400000e-08  4.70569478e-03 
 5.94600000e-08  4.67954456e-03 
 5.94800000e-08  4.65266461e-03 
 5.95000000e-08  4.62505915e-03 
 5.95200000e-08  4.59673252e-03 
 5.95400000e-08  4.56768914e-03 
 5.95600000e-08  4.53793354e-03 
 5.95800000e-08  4.50747035e-03 
 5.96000000e-08  4.47630430e-03 
 5.96200000e-08  4.44444022e-03 
 5.96400000e-08  4.41188303e-03 
 5.96600000e-08  4.37863775e-03 
 5.96800000e-08  4.34470951e-03 
 5.97000000e-08  4.31010351e-03 
 5.97200000e-08  4.27482507e-03 
 5.97400000e-08  4.23887959e-03 
 5.97600000e-08  4.20227258e-03 
 5.97800000e-08  4.16500961e-03 
 5.98000000e-08  4.12709638e-03 
 5.98200000e-08  4.08853866e-03 
 5.98400000e-08  4.04934233e-03 
 5.98600000e-08  4.00951333e-03 
 5.98800000e-08  3.96905774e-03 
 5.99000000e-08  3.92798167e-03 
 5.99200000e-08  3.88629137e-03 
 5.99400000e-08  3.84399314e-03 
 5.99600000e-08  3.80109340e-03 
 5.99800000e-08  3.75759864e-03 
 6.00000000e-08  3.71356967e-03 
