 1.00000000e+06 -1.88992857e-01  2.63317217e-04 
 1.05932636e+06 -1.88992842e-01  2.78938857e-04 
 1.12217233e+06 -1.88992825e-01  2.95487269e-04 
 1.18874673e+06 -1.88992807e-01  3.13017436e-04 
 1.25927075e+06 -1.88992785e-01  3.31587600e-04 
 1.33397869e+06 -1.88992762e-01  3.51259461e-04 
 1.41311879e+06 -1.88992735e-01  3.72098376e-04 
 1.49695398e+06 -1.88992705e-01  3.94173584e-04 
 1.58576281e+06 -1.88992672e-01  4.17558427e-04 
 1.67984034e+06 -1.88992635e-01  4.42330599e-04 
 1.77949915e+06 -1.88992592e-01  4.68572406e-04 
 1.88507036e+06 -1.88992545e-01  4.96371032e-04 
 1.99690471e+06 -1.88992492e-01  5.25818837e-04 
 2.11537380e+06 -1.88992433e-01  5.57013658e-04 
 2.24087122e+06 -1.88992366e-01  5.90059135e-04 
 2.37381395e+06 -1.88992291e-01  6.25065059e-04 
 2.51464369e+06 -1.88992207e-01  6.62147731e-04 
 2.66382834e+06 -1.88992112e-01  7.01430353e-04 
 2.82186357e+06 -1.88992007e-01  7.43043433e-04 
 2.98927446e+06 -1.88991888e-01  7.87125223e-04 
 3.16661723e+06 -1.88991754e-01  8.33822174e-04 
 3.35448110e+06 -1.88991605e-01  8.83289423e-04 
 3.55349024e+06 -1.88991437e-01  9.35691313e-04 
 3.76430588e+06 -1.88991248e-01  9.91201930e-04 
 3.98762844e+06 -1.88991037e-01  1.05000569e-03 
 4.22419991e+06 -1.88990800e-01  1.11229794e-03 
 4.47480631e+06 -1.88990533e-01  1.17828561e-03 
 4.74028027e+06 -1.88990235e-01  1.24818793e-03 
 5.02150383e+06 -1.88989899e-01  1.32223708e-03 
 5.31941137e+06 -1.88989523e-01  1.40067907e-03 
 5.63499267e+06 -1.88989101e-01  1.48377444e-03 
 5.96929627e+06 -1.88988627e-01  1.57179922e-03 
 6.32343288e+06 -1.88988095e-01  1.66504577e-03 
 6.69857912e+06 -1.88987499e-01  1.76382383e-03 
 7.09598142e+06 -1.88986829e-01  1.86846144e-03 
 7.51696016e+06 -1.88986078e-01  1.97930615e-03 
 7.96291403e+06 -1.88985235e-01  2.09672605e-03 
 8.43532472e+06 -1.88984289e-01  2.22111108e-03 
 8.93576181e+06 -1.88983227e-01  2.35287427e-03 
 9.46588802e+06 -1.88982036e-01  2.49245313e-03 
 1.00274647e+07 -1.88980699e-01  2.64031107e-03 
 1.06223576e+07 -1.88979199e-01  2.79693895e-03 
 1.12525434e+07 -1.88977515e-01  2.96285670e-03 
 1.19201159e+07 -1.88975626e-01  3.13861501e-03 
 1.26272929e+07 -1.88973506e-01  3.32479719e-03 
 1.33764242e+07 -1.88971128e-01  3.52202102e-03 
 1.41699988e+07 -1.88968458e-01  3.73094084e-03 
 1.50106532e+07 -1.88965463e-01  3.95224966e-03 
 1.59011806e+07 -1.88962102e-01  4.18668146e-03 
 1.68445397e+07 -1.88958331e-01  4.43501355e-03 
 1.78438649e+07 -1.88954098e-01  4.69806914e-03 
 1.89024764e+07 -1.88949349e-01  4.97671998e-03 
 2.00238915e+07 -1.88944021e-01  5.27188924e-03 
 2.12118361e+07 -1.88938041e-01  5.58455446e-03 
 2.24702570e+07 -1.88931332e-01  5.91575072e-03 
 2.38033356e+07 -1.88923803e-01  6.26657394e-03 
 2.52155008e+07 -1.88915356e-01  6.63818445e-03 
 2.67114446e+07 -1.88905877e-01  7.03181061e-03 
 2.82961373e+07 -1.88895242e-01  7.44875275e-03 
 2.99748441e+07 -1.88883308e-01  7.89038727e-03 
 3.17531424e+07 -1.88869919e-01  8.35817092e-03 
 3.36369407e+07 -1.88854897e-01  8.85364534e-03 
 3.56324979e+07 -1.88838042e-01  9.37844182e-03 
 3.77464443e+07 -1.88819132e-01  9.93428625e-03 
 3.99858033e+07 -1.88797917e-01  1.05230044e-02 
 4.23580154e+07 -1.88774117e-01  1.11465271e-02 
 4.48709622e+07 -1.88747416e-01  1.18068965e-02 
 4.75329930e+07 -1.88717463e-01  1.25062712e-02 
 5.03529523e+07 -1.88683864e-01  1.32469329e-02 
 5.33402096e+07 -1.88646175e-01  1.40312929e-02 
 5.65046900e+07 -1.88603901e-01  1.48618979e-02 
 5.98569075e+07 -1.88556487e-01  1.57414376e-02 
 6.34079998e+07 -1.88503312e-01  1.66727509e-02 
 6.71697655e+07 -1.88443680e-01  1.76588334e-02 
 7.11547031e+07 -1.88376812e-01  1.87028441e-02 
 7.53760525e+07 -1.88301836e-01  1.98081128e-02 
 7.98478392e+07 -1.88217779e-01  2.09781471e-02 
 8.45849207e+07 -1.88123550e-01  2.22166392e-02 
 8.96030360e+07 -1.88017932e-01  2.35274726e-02 
 9.49188578e+07 -1.87899566e-01  2.49147287e-02 
 1.00550048e+08 -1.87766933e-01  2.63826924e-02 
 1.06515316e+08 -1.87618340e-01  2.79358574e-02 
 1.12834482e+08 -1.87451899e-01  2.95789305e-02 
 1.19528541e+08 -1.87265508e-01  3.13168349e-02 
 1.26619734e+08 -1.87056826e-01  3.31547118e-02 
 1.34131621e+08 -1.86823253e-01  3.50979211e-02 
 1.42089162e+08 -1.86561898e-01  3.71520388e-02 
 1.50518795e+08 -1.86269559e-01  3.93228533e-02 
 1.59448526e+08 -1.85942686e-01  4.16163580e-02 
 1.68908027e+08 -1.85577354e-01  4.40387410e-02 
 1.78928725e+08 -1.85169231e-01  4.65963706e-02 
 1.89543915e+08 -1.84713544e-01  4.92957767e-02 
 2.00788865e+08 -1.84205045e-01  5.21436273e-02 
 2.12700937e+08 -1.83637980e-01  5.51466997e-02 
 2.25319709e+08 -1.83006054e-01  5.83118454e-02 
 2.38687107e+08 -1.82302403e-01  6.16459494e-02 
 2.52847543e+08 -1.81519565e-01  6.51558826e-02 
 2.67848067e+08 -1.80649460e-01  6.88484480e-02 
 2.83738518e+08 -1.79683374e-01  7.27303208e-02 
 3.00571690e+08 -1.78611950e-01  7.68079827e-02 
 3.18403514e+08 -1.77425187e-01  8.10876522e-02 
 3.37293235e+08 -1.76112459e-01  8.55752123e-02 
 3.57303614e+08 -1.74662534e-01  9.02761376e-02 
 3.78501137e+08 -1.73063619e-01  9.51954242e-02 
 4.00956231e+08 -1.71303413e-01  1.00337527e-01 
 4.24743504e+08 -1.69369175e-01  1.05706306e-01 
 4.49941989e+08 -1.67247805e-01  1.11304991e-01 
 4.76635408e+08 -1.64925937e-01  1.17136165e-01 
 5.04912451e+08 -1.62390034e-01  1.23201775e-01 
 5.34867068e+08 -1.59626480e-01  1.29503172e-01 
 5.66598783e+08 -1.56621662e-01  1.36041183e-01 
 6.00213026e+08 -1.53362028e-01  1.42816217e-01 
 6.35821479e+08 -1.49834114e-01  1.49828402e-01 
 6.73542451e+08 -1.46024517e-01  1.57077741e-01 
 7.13501272e+08 -1.41919816e-01  1.64564286e-01 
 7.55830704e+08 -1.37506418e-01  1.72288304e-01 
 8.00671387e+08 -1.32770333e-01  1.80250422e-01 
 8.48172305e+08 -1.27696866e-01  1.88451728e-01 
 8.98491278e+08 -1.22270246e-01  1.96893791e-01 
 9.51795494e+08 -1.16473190e-01  2.05578600e-01 
 1.00826205e+09 -1.10286433e-01  2.14508362e-01 
 1.06807857e+09 -1.03688250e-01  2.23685184e-01 
 1.13144378e+09 -9.66539975e-02  2.33110586e-01 
 1.19856822e+09 -8.91557263e-02  2.42784873e-01 
 1.26967491e+09 -8.11618871e-02  2.52706350e-01 
 1.34500010e+09 -7.26371858e-02  2.62870416e-01 
 1.42479405e+09 -6.35426153e-02  2.73268533e-01 
 1.50932190e+09 -5.38356998e-02  2.83887140e-01 
 1.59886447e+09 -4.34709789e-02  2.94706513e-01 
 1.69371927e+09 -3.24007500e-02  3.05699655e-01 
 1.79420147e+09 -2.05760823e-02  3.16831241e-01 
 1.90064491e+09 -7.94810460e-03  3.28056692e-01 
 2.01340325e+09  5.53044158e-03  3.39321431e-01 
 2.13285113e+09  1.99034025e-02  3.50560398e-01 
 2.25938542e+09  3.52092022e-02  3.61697874e-01 
 2.39342653e+09  5.14786726e-02  3.72647693e-01 
 2.53541981e+09  6.87327954e-02  3.83313898e-01 
 2.68583703e+09  8.69804441e-02  3.93591881e-01 
 2.84517796e+09  1.06216237e-01  4.03370053e-01 
 3.01397201e+09  1.26418627e-01  4.12532034e-01 
 3.19277999e+09  1.47548360e-01  4.20959346e-01 
 3.38219600e+09  1.69547447e-01  4.28534543e-01 
 3.58284937e+09  1.92338768e-01  4.35144668e-01 
 3.79540678e+09  2.15826416e-01  4.40684898e-01 
 4.02057444e+09  2.39896845e-01  4.45062185e-01 
 4.25910048e+09  2.64420838e-01  4.48198711e-01 
 4.51177740e+09  2.89256248e-01  4.50034919e-01 
 4.77944472e+09  3.14251408e-01  4.50531950e-01 
 5.06299177e+09  3.39249054e-01  4.49673299e-01 
 5.36336063e+09  3.64090550e-01  4.47465588e-01 
 5.68154929e+09  3.88620176e-01  4.43938396e-01 
 6.01861492e+09  4.12689252e-01  4.39143169e-01 
 6.37567742e+09  4.36159871e-01  4.33151286e-01 
 6.75392314e+09  4.58908043e-01  4.26051428e-01 
 7.15460881e+09  4.80826140e-01  4.17946432e-01 
 7.57906569e+09  5.01824544e-01  4.08949833e-01 
 8.02870406e+09  5.21832501e-01  3.99182302e-01 
 8.50501783e+09  5.40798217e-01  3.88768170e-01 
 9.00958956e+09  5.58688282e-01  3.77832199e-01 
 9.54409570e+09  5.75486539e-01  3.66496723e-01 
 1.01103121e+10  5.91192532e-01  3.54879241e-01 
 1.07101201e+10  6.05819670e-01  3.43090500e-01 
 1.13455126e+10  6.19393233e-01  3.31233067e-01 
 1.20186005e+10  6.31948338e-01  3.19400375e-01 
 1.27316203e+10  6.43527951e-01  3.07676191e-01 
 1.34869410e+10  6.54181021e-01  2.96134448e-01 
 1.42870721e+10  6.63960783e-01  2.84839370e-01 
 1.51346720e+10  6.72923268e-01  2.73845839e-01 
 1.60325570e+10  6.81126016e-01  2.63199925e-01 
 1.69837102e+10  6.88627012e-01  2.52939540e-01 
 1.79912919e+10  6.95483828e-01  2.43095146e-01 
 1.90586497e+10  7.01752946e-01  2.33690503e-01 
 2.01893300e+10  7.07489264e-01  2.24743411e-01 
 2.13870894e+10  7.12745736e-01  2.16266414e-01 
 2.26559075e+10  7.17573149e-01  2.08267478e-01 
 2.40000000e+10  7.22020001e-01  2.00750590e-01 
