 0.00000000e+00  0.00000000e+00 
 2.00000000e-11  2.63883166e-04 
 4.00000000e-11  8.95543576e-05 
 6.00000000e-11 -2.64728992e-04 
 8.00000000e-11 -7.00165963e-04 
 1.00000000e-10 -1.16547655e-03 
 1.20000000e-10 -1.64217545e-03 
 1.40000000e-10 -2.12353876e-03 
 1.60000000e-10 -2.60704600e-03 
 1.80000000e-10 -3.09170001e-03 
 2.00000000e-10 -3.57704082e-03 
 2.20000000e-10 -4.06281793e-03 
 2.40000000e-10 -4.54884727e-03 
 2.60000000e-10 -5.03498457e-03 
 2.80000000e-10 -5.52109101e-03 
 3.00000000e-10 -6.00704473e-03 
 3.20000000e-10 -6.49272100e-03 
 3.40000000e-10 -6.97800821e-03 
 3.60000000e-10 -7.46279038e-03 
 3.80000000e-10 -7.94696336e-03 
 4.00000000e-10 -8.43041815e-03 
 4.20000000e-10 -8.91305668e-03 
 4.40000000e-10 -9.39477578e-03 
 4.60000000e-10 -9.87548243e-03 
 4.80000000e-10 -1.03550783e-02 
 5.00000000e-10 -1.08334748e-02 
 5.20000000e-10 -1.13105775e-02 
 5.40000000e-10 -1.17863013e-02 
 5.60000000e-10 -1.22605554e-02 
 5.80000000e-10 -1.27332576e-02 
 6.00000000e-10 -1.32043202e-02 
 6.20000000e-10 -1.36736632e-02 
 6.40000000e-10 -1.41412015e-02 
 6.60000000e-10 -1.46068572e-02 
 6.80000000e-10 -1.50705473e-02 
 7.00000000e-10 -1.55321957e-02 
 7.20000000e-10 -1.59917211e-02 
 7.40000000e-10 -1.64490490e-02 
 7.60000000e-10 -1.69040995e-02 
 7.80000000e-10 -1.73567996e-02 
 8.00000000e-10 -1.78070707e-02 
 8.20000000e-10 -1.82548406e-02 
 8.40000000e-10 -1.87000323e-02 
 8.60000000e-10 -1.91425744e-02 
 8.80000000e-10 -1.95823908e-02 
 9.00000000e-10 -2.00194111e-02 
 9.20000000e-10 -2.04535602e-02 
 9.40000000e-10 -2.08847685e-02 
 9.60000000e-10 -2.13129617e-02 
 9.80000000e-10 -2.17380708e-02 
 1.00000000e-09 -2.21600224e-02 
 1.02000000e-09 -2.25787483e-02 
 1.04000000e-09 -2.29941759e-02 
 1.06000000e-09 -2.34062375e-02 
 1.08000000e-09 -2.38148614e-02 
 1.10000000e-09 -2.42199804e-02 
 1.12000000e-09 -2.46215237e-02 
 1.14000000e-09 -2.50194248e-02 
 1.16000000e-09 -2.54136136e-02 
 1.18000000e-09 -2.58040243e-02 
 1.20000000e-09 -2.61905875e-02 
 1.22000000e-09 -2.65732383e-02 
 1.24000000e-09 -2.69519080e-02 
 1.26000000e-09 -2.73265324e-02 
 1.28000000e-09 -2.76970439e-02 
 1.30000000e-09 -2.80633790e-02 
 1.32000000e-09 -2.84254708e-02 
 1.34000000e-09 -2.87832568e-02 
 1.36000000e-09 -2.91366712e-02 
 1.38000000e-09 -2.94856523e-02 
 1.40000000e-09 -2.98301352e-02 
 1.42000000e-09 -3.01700593e-02 
 1.44000000e-09 -3.05053609e-02 
 1.46000000e-09 -3.08359802e-02 
 1.48000000e-09 -3.11618548e-02 
 1.50000000e-09 -3.14829260e-02 
 1.52000000e-09 -3.17991327e-02 
 1.54000000e-09 -3.21104173e-02 
 1.56000000e-09 -3.24167199e-02 
 1.58000000e-09 -3.27179844e-02 
 1.60000000e-09 -3.30141523e-02 
 1.62000000e-09 -3.33051688e-02 
 1.64000000e-09 -3.35909767e-02 
 1.66000000e-09 -3.38715227e-02 
 1.68000000e-09 -3.41467513e-02 
 1.70000000e-09 -3.44166107e-02 
 1.72000000e-09 -3.46810470e-02 
 1.74000000e-09 -3.49400100e-02 
 1.76000000e-09 -3.51934475e-02 
 1.78000000e-09 -3.54413110e-02 
 1.80000000e-09 -3.56835503e-02 
 1.82000000e-09 -3.59201185e-02 
 1.84000000e-09 -3.61509672e-02 
 1.86000000e-09 -3.63760516e-02 
 1.88000000e-09 -3.65953253e-02 
 1.90000000e-09 -3.68087453e-02 
 1.92000000e-09 -3.70162672e-02 
 1.94000000e-09 -3.72178503e-02 
 1.96000000e-09 -3.74134523e-02 
 1.98000000e-09 -3.76030344e-02 
 2.00000000e-09 -3.77865567e-02 
 2.02000000e-09 -3.79639826e-02 
 2.04000000e-09 -3.81352745e-02 
 2.06000000e-09 -3.83003981e-02 
 2.08000000e-09 -3.84593182e-02 
 2.10000000e-09 -3.86120028e-02 
 2.12000000e-09 -3.87584191e-02 
 2.14000000e-09 -3.88985375e-02 
 2.16000000e-09 -3.90323280e-02 
 2.18000000e-09 -3.91597633e-02 
 2.20000000e-09 -3.92808158e-02 
 2.22000000e-09 -3.93954610e-02 
 2.24000000e-09 -3.95036740e-02 
 2.26000000e-09 -3.96054327e-02 
 2.28000000e-09 -3.97007148e-02 
 2.30000000e-09 -3.97895012e-02 
 2.32000000e-09 -3.98717722e-02 
 2.34000000e-09 -3.99475113e-02 
 2.36000000e-09 -4.00167016e-02 
 2.38000000e-09 -4.00793293e-02 
 2.40000000e-09 -4.01353806e-02 
 2.42000000e-09 -4.01848442e-02 
 2.44000000e-09 -4.02277091e-02 
 2.46000000e-09 -4.02639670e-02 
 2.48000000e-09 -4.02936096e-02 
 2.50000000e-09 -4.03166315e-02 
 2.52000000e-09 -4.03330274e-02 
 2.54000000e-09 -4.03427946e-02 
 2.56000000e-09 -4.03459305e-02 
 2.58000000e-09 -4.03424356e-02 
 2.60000000e-09 -4.03323100e-02 
 2.62000000e-09 -4.03155570e-02 
 2.64000000e-09 -4.02921798e-02 
 2.66000000e-09 -4.02621842e-02 
 2.68000000e-09 -4.02255766e-02 
 2.70000000e-09 -4.01823655e-02 
 2.72000000e-09 -4.01325600e-02 
 2.74000000e-09 -4.00761717e-02 
 2.76000000e-09 -4.00132124e-02 
 2.78000000e-09 -3.99436964e-02 
 2.80000000e-09 -3.98676383e-02 
 2.82000000e-09 -3.97850553e-02 
 2.84000000e-09 -3.96959647e-02 
 2.86000000e-09 -3.96003862e-02 
 2.88000000e-09 -3.94983401e-02 
 2.90000000e-09 -3.93898488e-02 
 2.92000000e-09 -3.92749351e-02 
 2.94000000e-09 -3.91536239e-02 
 2.96000000e-09 -3.90259408e-02 
 2.98000000e-09 -3.88919133e-02 
 3.00000000e-09 -3.87515695e-02 
 3.02000000e-09 -3.86049394e-02 
 3.04000000e-09 -3.84520535e-02 
 3.06000000e-09 -3.82929443e-02 
 3.08000000e-09 -3.81276448e-02 
 3.10000000e-09 -3.79561899e-02 
 3.12000000e-09 -3.77786148e-02 
 3.14000000e-09 -3.75949566e-02 
 3.16000000e-09 -3.74052530e-02 
 3.18000000e-09 -3.72095434e-02 
 3.20000000e-09 -3.70078675e-02 
 3.22000000e-09 -3.68002668e-02 
 3.24000000e-09 -3.65867832e-02 
 3.26000000e-09 -3.63674603e-02 
 3.28000000e-09 -3.61423419e-02 
 3.30000000e-09 -3.59114738e-02 
 3.32000000e-09 -3.56749016e-02 
 3.34000000e-09 -3.54326729e-02 
 3.36000000e-09 -3.51848353e-02 
 3.38000000e-09 -3.49314381e-02 
 3.40000000e-09 -3.46725307e-02 
 3.42000000e-09 -3.44081642e-02 
 3.44000000e-09 -3.41383896e-02 
 3.46000000e-09 -3.38632596e-02 
 3.48000000e-09 -3.35828268e-02 
 3.50000000e-09 -3.32971455e-02 
 3.52000000e-09 -3.30062697e-02 
 3.54000000e-09 -3.27102552e-02 
 3.56000000e-09 -3.24091575e-02 
 3.58000000e-09 -3.21030335e-02 
 3.60000000e-09 -3.17919403e-02 
 3.62000000e-09 -3.14759359e-02 
 3.64000000e-09 -3.11550787e-02 
 3.66000000e-09 -3.08294280e-02 
 3.68000000e-09 -3.04990431e-02 
 3.70000000e-09 -3.01639845e-02 
 3.72000000e-09 -2.98243127e-02 
 3.74000000e-09 -2.94800891e-02 
 3.76000000e-09 -2.91313752e-02 
 3.78000000e-09 -2.87782333e-02 
 3.80000000e-09 -2.84207259e-02 
 3.82000000e-09 -2.80589161e-02 
 3.84000000e-09 -2.76928673e-02 
 3.86000000e-09 -2.73226433e-02 
 3.88000000e-09 -2.69483083e-02 
 3.90000000e-09 -2.65699269e-02 
 3.92000000e-09 -2.61875638e-02 
 3.94000000e-09 -2.58012844e-02 
 3.96000000e-09 -2.54111540e-02 
 3.98000000e-09 -2.50172386e-02 
 4.00000000e-09 -2.46196040e-02 
 4.02000000e-09 -2.42183167e-02 
 4.04000000e-09 -2.38134431e-02 
 4.06000000e-09 -2.34050501e-02 
 4.08000000e-09 -2.29932046e-02 
 4.10000000e-09 -2.25779739e-02 
 4.12000000e-09 -2.21594253e-02 
 4.14000000e-09 -2.17376263e-02 
 4.16000000e-09 -2.13126447e-02 
 4.18000000e-09 -2.08845484e-02 
 4.20000000e-09 -2.04534052e-02 
 4.22000000e-09 -2.00192835e-02 
 4.24000000e-09 -1.95822514e-02 
 4.26000000e-09 -1.91423774e-02 
 4.28000000e-09 -1.86997298e-02 
 4.30000000e-09 -1.82543773e-02 
 4.32000000e-09 -1.78063885e-02 
 4.34000000e-09 -1.73558322e-02 
 4.36000000e-09 -1.69027771e-02 
 4.38000000e-09 -1.64472922e-02 
 4.40000000e-09 -1.59894462e-02 
 4.42000000e-09 -1.55293083e-02 
 4.44000000e-09 -1.50669473e-02 
 4.46000000e-09 -1.46024325e-02 
 4.48000000e-09 -1.41358327e-02 
 4.50000000e-09 -1.36672173e-02 
 4.52000000e-09 -1.31966553e-02 
 4.54000000e-09 -1.27242159e-02 
 4.56000000e-09 -1.22499681e-02 
 4.58000000e-09 -1.17739814e-02 
 4.60000000e-09 -1.12963248e-02 
 4.62000000e-09 -1.08170676e-02 
 4.64000000e-09 -1.03362790e-02 
 4.66000000e-09 -9.85402827e-03 
 4.68000000e-09 -9.37038453e-03 
 4.70000000e-09 -8.88541714e-03 
 4.72000000e-09 -8.39919523e-03 
 4.74000000e-09 -7.91178812e-03 
 4.76000000e-09 -7.42326497e-03 
 4.78000000e-09 -6.93369509e-03 
 4.80000000e-09 -6.44314762e-03 
 4.82000000e-09 -5.95169188e-03 
 4.84000000e-09 -5.45939701e-03 
 4.86000000e-09 -4.96633232e-03 
 4.88000000e-09 -4.47256695e-03 
 4.90000000e-09 -3.97817021e-03 
 4.92000000e-09 -3.48321125e-03 
 4.94000000e-09 -2.98775936e-03 
 4.96000000e-09 -2.49188371e-03 
 4.98000000e-09 -1.99565359e-03 
 5.00000000e-09 -1.49913818e-03 
 5.02000000e-09 -1.00240679e-03 
 5.04000000e-09 -5.05528586e-04 
 5.06000000e-09 -8.57291292e-06 
 5.08000000e-09  4.88391042e-04 
 5.10000000e-09  9.85293926e-04 
 5.12000000e-09  1.48206652e-03 
 5.14000000e-09  1.97863946e-03 
 5.16000000e-09  2.47494349e-03 
 5.18000000e-09  2.97090921e-03 
 5.20000000e-09  3.46646735e-03 
 5.22000000e-09  3.96154846e-03 
 5.24000000e-09  4.45608324e-03 
 5.26000000e-09  4.95000221e-03 
 5.28000000e-09  5.44323602e-03 
 5.30000000e-09  5.93571516e-03 
 5.32000000e-09  6.42737023e-03 
 5.34000000e-09  6.91813169e-03 
 5.36000000e-09  7.40793010e-03 
 5.38000000e-09  7.89669586e-03 
 5.40000000e-09  8.38435950e-03 
 5.42000000e-09  8.87085140e-03 
 5.44000000e-09  9.35610203e-03 
 5.46000000e-09  9.84004173e-03 
 5.48000000e-09  1.03226010e-02 
 5.50000000e-09  1.08037100e-02 
 5.52000000e-09  1.12832993e-02 
 5.54000000e-09  1.17612992e-02 
 5.56000000e-09  1.22376399e-02 
 5.58000000e-09  1.27122519e-02 
 5.60000000e-09  1.31850655e-02 
 5.62000000e-09  1.36560110e-02 
 5.64000000e-09  1.41250188e-02 
 5.66000000e-09  1.45920192e-02 
 5.68000000e-09  1.50569425e-02 
 5.70000000e-09  1.55197192e-02 
 5.72000000e-09  1.59802797e-02 
 5.74000000e-09  1.64385544e-02 
 5.76000000e-09  1.68944738e-02 
 5.78000000e-09  1.73479683e-02 
 5.80000000e-09  1.77989686e-02 
 5.82000000e-09  1.82474054e-02 
 5.84000000e-09  1.86932092e-02 
 5.86000000e-09  1.91363108e-02 
 5.88000000e-09  1.95766411e-02 
 5.90000000e-09  2.00141311e-02 
 5.92000000e-09  2.04487117e-02 
 5.94000000e-09  2.08803141e-02 
 5.96000000e-09  2.13088695e-02 
 5.98000000e-09  2.17343095e-02 
 6.00000000e-09  2.21565654e-02 
 6.02000000e-09  2.25755690e-02 
 6.04000000e-09  2.29912521e-02 
 6.06000000e-09  2.34035468e-02 
 6.08000000e-09  2.38123854e-02 
 6.10000000e-09  2.42177001e-02 
 6.12000000e-09  2.46194238e-02 
 6.14000000e-09  2.50174892e-02 
 6.16000000e-09  2.54118296e-02 
 6.18000000e-09  2.58023783e-02 
 6.20000000e-09  2.61890690e-02 
 6.22000000e-09  2.65718357e-02 
 6.24000000e-09  2.69506127e-02 
 6.26000000e-09  2.73253345e-02 
 6.28000000e-09  2.76959362e-02 
 6.30000000e-09  2.80623531e-02 
 6.32000000e-09  2.84245209e-02 
 6.34000000e-09  2.87823757e-02 
 6.36000000e-09  2.91358541e-02 
 6.38000000e-09  2.94848931e-02 
 6.40000000e-09  2.98294300e-02 
 6.42000000e-09  3.01694027e-02 
 6.44000000e-09  3.05047498e-02 
 6.46000000e-09  3.08354102e-02 
 6.48000000e-09  3.11613232e-02 
 6.50000000e-09  3.14824290e-02 
 6.52000000e-09  3.17986682e-02 
 6.54000000e-09  3.21099819e-02 
 6.56000000e-09  3.24163121e-02 
 6.58000000e-09  3.27176013e-02 
 6.60000000e-09  3.30137925e-02 
 6.62000000e-09  3.33048297e-02 
 6.64000000e-09  3.35906575e-02 
 6.66000000e-09  3.38712211e-02 
 6.68000000e-09  3.41464667e-02 
 6.70000000e-09  3.44163410e-02 
 6.72000000e-09  3.46807918e-02 
 6.74000000e-09  3.49397675e-02 
 6.76000000e-09  3.51932174e-02 
 6.78000000e-09  3.54410917e-02 
 6.80000000e-09  3.56833416e-02 
 6.82000000e-09  3.59199190e-02 
 6.84000000e-09  3.61507770e-02 
 6.86000000e-09  3.63758693e-02 
 6.88000000e-09  3.65951509e-02 
 6.90000000e-09  3.68085777e-02 
 6.92000000e-09  3.70161066e-02 
 6.94000000e-09  3.72176955e-02 
 6.96000000e-09  3.74133035e-02 
 6.98000000e-09  3.76028907e-02 
 7.00000000e-09  3.77864184e-02 
 7.02000000e-09  3.79638487e-02 
 7.04000000e-09  3.81351454e-02 
 7.06000000e-09  3.83002729e-02 
 7.08000000e-09  3.84591971e-02 
 7.10000000e-09  3.86118851e-02 
 7.12000000e-09  3.87583051e-02 
 7.14000000e-09  3.88984267e-02 
 7.16000000e-09  3.90322205e-02 
 7.18000000e-09  3.91596585e-02 
 7.20000000e-09  3.92807141e-02 
 7.22000000e-09  3.93953617e-02 
 7.24000000e-09  3.95035774e-02 
 7.26000000e-09  3.96053384e-02 
 7.28000000e-09  3.97006231e-02 
 7.30000000e-09  3.97894115e-02 
 7.32000000e-09  3.98716848e-02 
 7.34000000e-09  3.99474257e-02 
 7.36000000e-09  4.00166182e-02 
 7.38000000e-09  4.00792477e-02 
 7.40000000e-09  4.01353010e-02 
 7.42000000e-09  4.01847662e-02 
 7.44000000e-09  4.02276330e-02 
 7.46000000e-09  4.02638924e-02 
 7.48000000e-09  4.02935368e-02 
 7.50000000e-09  4.03165601e-02 
 7.52000000e-09  4.03329577e-02 
 7.54000000e-09  4.03427262e-02 
 7.56000000e-09  4.03458638e-02 
 7.58000000e-09  4.03423700e-02 
 7.60000000e-09  4.03322460e-02 
 7.62000000e-09  4.03154942e-02 
 7.64000000e-09  4.02921184e-02 
 7.66000000e-09  4.02621240e-02 
 7.68000000e-09  4.02255178e-02 
 7.70000000e-09  4.01823078e-02 
 7.72000000e-09  4.01325037e-02 
 7.74000000e-09  4.00761164e-02 
 7.76000000e-09  4.00131584e-02 
 7.78000000e-09  3.99436434e-02 
 7.80000000e-09  3.98675866e-02 
 7.82000000e-09  3.97850045e-02 
 7.84000000e-09  3.96959151e-02 
 7.86000000e-09  3.96003376e-02 
 7.88000000e-09  3.94982927e-02 
 7.90000000e-09  3.93898022e-02 
 7.92000000e-09  3.92748896e-02 
 7.94000000e-09  3.91535793e-02 
 7.96000000e-09  3.90258973e-02 
 7.98000000e-09  3.88918707e-02 
 8.00000000e-09  3.87515279e-02 
 8.02000000e-09  3.86048986e-02 
 8.04000000e-09  3.84520137e-02 
 8.06000000e-09  3.82929054e-02 
 8.08000000e-09  3.81276069e-02 
 8.10000000e-09  3.79561527e-02 
 8.12000000e-09  3.77785785e-02 
 8.14000000e-09  3.75949211e-02 
 8.16000000e-09  3.74052184e-02 
 8.18000000e-09  3.72095095e-02 
 8.20000000e-09  3.70078345e-02 
 8.22000000e-09  3.68002345e-02 
 8.24000000e-09  3.65867517e-02 
 8.26000000e-09  3.63674295e-02 
 8.28000000e-09  3.61423120e-02 
 8.30000000e-09  3.59114445e-02 
 8.32000000e-09  3.56748731e-02 
 8.34000000e-09  3.54326450e-02 
 8.36000000e-09  3.51848082e-02 
 8.38000000e-09  3.49314116e-02 
 8.40000000e-09  3.46725050e-02 
 8.42000000e-09  3.44081390e-02 
 8.44000000e-09  3.41383652e-02 
 8.46000000e-09  3.38632357e-02 
 8.48000000e-09  3.35828036e-02 
 8.50000000e-09  3.32971228e-02 
 8.52000000e-09  3.30062478e-02 
 8.54000000e-09  3.27102337e-02 
 8.56000000e-09  3.24091367e-02 
 8.58000000e-09  3.21030132e-02 
 8.60000000e-09  3.17919206e-02 
 8.62000000e-09  3.14759167e-02 
 8.64000000e-09  3.11550601e-02 
 8.66000000e-09  3.08294099e-02 
 8.68000000e-09  3.04990256e-02 
 8.70000000e-09  3.01639674e-02 
 8.72000000e-09  2.98242962e-02 
 8.74000000e-09  2.94800730e-02 
 8.76000000e-09  2.91313596e-02 
 8.78000000e-09  2.87782182e-02 
 8.80000000e-09  2.84207112e-02 
 8.82000000e-09  2.80589019e-02 
 8.84000000e-09  2.76928535e-02 
 8.86000000e-09  2.73226300e-02 
 8.88000000e-09  2.69482954e-02 
 8.90000000e-09  2.65699143e-02 
 8.92000000e-09  2.61875517e-02 
 8.94000000e-09  2.58012727e-02 
 8.96000000e-09  2.54111427e-02 
 8.98000000e-09  2.50172276e-02 
 9.00000000e-09  2.46195934e-02 
 9.02000000e-09  2.42183064e-02 
 9.04000000e-09  2.38134332e-02 
 9.06000000e-09  2.34050406e-02 
 9.08000000e-09  2.29931955e-02 
 9.10000000e-09  2.25779651e-02 
 9.12000000e-09  2.21594167e-02 
 9.14000000e-09  2.17376181e-02 
 9.16000000e-09  2.13126368e-02 
 9.18000000e-09  2.08845407e-02 
 9.20000000e-09  2.04533979e-02 
 9.22000000e-09  2.00192765e-02 
 9.24000000e-09  1.95822447e-02 
 9.26000000e-09  1.91423709e-02 
 9.28000000e-09  1.86997236e-02 
 9.30000000e-09  1.82543714e-02 
 9.32000000e-09  1.78063828e-02 
 9.34000000e-09  1.73558267e-02 
 9.36000000e-09  1.69027719e-02 
 9.38000000e-09  1.64472872e-02 
 9.40000000e-09  1.59894414e-02 
 9.42000000e-09  1.55293037e-02 
 9.44000000e-09  1.50669430e-02 
 9.46000000e-09  1.46024284e-02 
 9.48000000e-09  1.41358288e-02 
 9.50000000e-09  1.36672136e-02 
 9.52000000e-09  1.31966518e-02 
 9.54000000e-09  1.27242125e-02 
 9.56000000e-09  1.22499650e-02 
 9.58000000e-09  1.17739784e-02 
 9.60000000e-09  1.12963220e-02 
 9.62000000e-09  1.08170650e-02 
 9.64000000e-09  1.03362766e-02 
 9.66000000e-09  9.85402596e-03 
 9.68000000e-09  9.37038241e-03 
 9.70000000e-09  8.88541514e-03 
 9.72000000e-09  8.39919340e-03 
 9.74000000e-09  7.91178641e-03 
 9.76000000e-09  7.42326342e-03 
 9.78000000e-09  6.93369365e-03 
 9.80000000e-09  6.44314633e-03 
 9.82000000e-09  5.95169070e-03 
 9.84000000e-09  5.45939597e-03 
 9.86000000e-09  4.96633138e-03 
 9.88000000e-09  4.47256615e-03 
 9.90000000e-09  3.97816950e-03 
 9.92000000e-09  3.48321066e-03 
 9.94000000e-09  2.98775886e-03 
 9.96000000e-09  2.49188332e-03 
 9.98000000e-09  1.99565329e-03 
 1.00000000e-08  1.49913799e-03 
 1.00200000e-08  1.00240667e-03 
 1.00400000e-08  5.05528575e-04 
 1.00600000e-08  8.57296739e-06 
 1.00800000e-08 -4.88390886e-04 
 1.01000000e-08 -9.85293710e-04 
 1.01200000e-08 -1.48206621e-03 
 1.01400000e-08 -1.97863909e-03 
 1.01600000e-08 -2.47494304e-03 
 1.01800000e-08 -2.97090871e-03 
 1.02000000e-08 -3.46646676e-03 
 1.02200000e-08 -3.96154783e-03 
 1.02400000e-08 -4.45608253e-03 
 1.02600000e-08 -4.95000146e-03 
 1.02800000e-08 -5.44323519e-03 
 1.03000000e-08 -5.93571430e-03 
 1.03200000e-08 -6.42736930e-03 
 1.03400000e-08 -6.91813073e-03 
 1.03600000e-08 -7.40792907e-03 
 1.03800000e-08 -7.89669480e-03 
 1.04000000e-08 -8.38435838e-03 
 1.04200000e-08 -8.87085025e-03 
 1.04400000e-08 -9.35610083e-03 
 1.04600000e-08 -9.84004051e-03 
 1.04800000e-08 -1.03225997e-02 
 1.05000000e-08 -1.08037087e-02 
 1.05200000e-08 -1.12832980e-02 
 1.05400000e-08 -1.17612978e-02 
 1.05600000e-08 -1.22376385e-02 
 1.05800000e-08 -1.27122505e-02 
 1.06000000e-08 -1.31850641e-02 
 1.06200000e-08 -1.36560096e-02 
 1.06400000e-08 -1.41250173e-02 
 1.06600000e-08 -1.45920177e-02 
 1.06800000e-08 -1.50569410e-02 
 1.07000000e-08 -1.55197177e-02 
 1.07200000e-08 -1.59802781e-02 
 1.07400000e-08 -1.64385528e-02 
 1.07600000e-08 -1.68944721e-02 
 1.07800000e-08 -1.73479667e-02 
 1.08000000e-08 -1.77989670e-02 
 1.08200000e-08 -1.82474037e-02 
 1.08400000e-08 -1.86932075e-02 
 1.08600000e-08 -1.91363091e-02 
 1.08800000e-08 -1.95766395e-02 
 1.09000000e-08 -2.00141294e-02 
 1.09200000e-08 -2.04487100e-02 
 1.09400000e-08 -2.08803124e-02 
 1.09600000e-08 -2.13088678e-02 
 1.09800000e-08 -2.17343078e-02 
 1.10000000e-08 -2.21565637e-02 
 1.10200000e-08 -2.25755673e-02 
 1.10400000e-08 -2.29912504e-02 
 1.10600000e-08 -2.34035451e-02 
 1.10800000e-08 -2.38123836e-02 
 1.11000000e-08 -2.42176984e-02 
 1.11200000e-08 -2.46194221e-02 
 1.11400000e-08 -2.50174875e-02 
 1.11600000e-08 -2.54118279e-02 
 1.11800000e-08 -2.58023766e-02 
 1.12000000e-08 -2.61890673e-02 
 1.12200000e-08 -2.65718340e-02 
 1.12400000e-08 -2.69506110e-02 
 1.12600000e-08 -2.73253328e-02 
 1.12800000e-08 -2.76959345e-02 
 1.13000000e-08 -2.80623515e-02 
 1.13200000e-08 -2.84245193e-02 
 1.13400000e-08 -2.87823741e-02 
 1.13600000e-08 -2.91358525e-02 
 1.13800000e-08 -2.94848914e-02 
 1.14000000e-08 -2.98294283e-02 
 1.14200000e-08 -3.01694011e-02 
 1.14400000e-08 -3.05047482e-02 
 1.14600000e-08 -3.08354086e-02 
 1.14800000e-08 -3.11613216e-02 
 1.15000000e-08 -3.14824274e-02 
 1.15200000e-08 -3.17986666e-02 
 1.15400000e-08 -3.21099804e-02 
 1.15600000e-08 -3.24163106e-02 
 1.15800000e-08 -3.27175997e-02 
 1.16000000e-08 -3.30137910e-02 
 1.16200000e-08 -3.33048283e-02 
 1.16400000e-08 -3.35906560e-02 
 1.16600000e-08 -3.38712197e-02 
 1.16800000e-08 -3.41464652e-02 
 1.17000000e-08 -3.44163396e-02 
 1.17200000e-08 -3.46807904e-02 
 1.17400000e-08 -3.49397660e-02 
 1.17600000e-08 -3.51932160e-02 
 1.17800000e-08 -3.54410903e-02 
 1.18000000e-08 -3.56833402e-02 
 1.18200000e-08 -3.59199177e-02 
 1.18400000e-08 -3.61507756e-02 
 1.18600000e-08 -3.63758680e-02 
 1.18800000e-08 -3.65951496e-02 
 1.19000000e-08 -3.68085764e-02 
 1.19200000e-08 -3.70161053e-02 
 1.19400000e-08 -3.72176942e-02 
 1.19600000e-08 -3.74133023e-02 
 1.19800000e-08 -3.76028895e-02 
 1.20000000e-08 -3.77864171e-02 
 1.20200000e-08 -3.79638475e-02 
 1.20400000e-08 -3.81351442e-02 
 1.20600000e-08 -3.83002717e-02 
 1.20800000e-08 -3.84591959e-02 
 1.21000000e-08 -3.86118840e-02 
 1.21200000e-08 -3.87583040e-02 
 1.21400000e-08 -3.88984256e-02 
 1.21600000e-08 -3.90322194e-02 
 1.21800000e-08 -3.91596574e-02 
 1.22000000e-08 -3.92807130e-02 
 1.22200000e-08 -3.93953607e-02 
 1.22400000e-08 -3.95035764e-02 
 1.22600000e-08 -3.96053373e-02 
 1.22800000e-08 -3.97006221e-02 
 1.23000000e-08 -3.97894105e-02 
 1.23200000e-08 -3.98716838e-02 
 1.23400000e-08 -3.99474248e-02 
 1.23600000e-08 -4.00166173e-02 
 1.23800000e-08 -4.00792468e-02 
 1.24000000e-08 -4.01353000e-02 
 1.24200000e-08 -4.01847653e-02 
 1.24400000e-08 -4.02276321e-02 
 1.24600000e-08 -4.02638915e-02 
 1.24800000e-08 -4.02935359e-02 
 1.25000000e-08 -4.03165593e-02 
 1.25200000e-08 -4.03329569e-02 
 1.25400000e-08 -4.03427254e-02 
 1.25600000e-08 -4.03458630e-02 
 1.25800000e-08 -4.03423692e-02 
 1.26000000e-08 -4.03322452e-02 
 1.26200000e-08 -4.03154934e-02 
 1.26400000e-08 -4.02921177e-02 
 1.26600000e-08 -4.02621233e-02 
 1.26800000e-08 -4.02255170e-02 
 1.27000000e-08 -4.01823071e-02 
 1.27200000e-08 -4.01325030e-02 
 1.27400000e-08 -4.00761157e-02 
 1.27600000e-08 -4.00131577e-02 
 1.27800000e-08 -3.99436427e-02 
 1.28000000e-08 -3.98675859e-02 
 1.28200000e-08 -3.97850039e-02 
 1.28400000e-08 -3.96959145e-02 
 1.28600000e-08 -3.96003370e-02 
 1.28800000e-08 -3.94982921e-02 
 1.29000000e-08 -3.93898017e-02 
 1.29200000e-08 -3.92748890e-02 
 1.29400000e-08 -3.91535788e-02 
 1.29600000e-08 -3.90258968e-02 
 1.29800000e-08 -3.88918702e-02 
 1.30000000e-08 -3.87515274e-02 
 1.30200000e-08 -3.86048981e-02 
 1.30400000e-08 -3.84520132e-02 
 1.30600000e-08 -3.82929049e-02 
 1.30800000e-08 -3.81276064e-02 
 1.31000000e-08 -3.79561522e-02 
 1.31200000e-08 -3.77785780e-02 
 1.31400000e-08 -3.75949206e-02 
 1.31600000e-08 -3.74052180e-02 
 1.31800000e-08 -3.72095091e-02 
 1.32000000e-08 -3.70078341e-02 
 1.32200000e-08 -3.68002341e-02 
 1.32400000e-08 -3.65867513e-02 
 1.32600000e-08 -3.63674291e-02 
 1.32800000e-08 -3.61423116e-02 
 1.33000000e-08 -3.59114441e-02 
 1.33200000e-08 -3.56748727e-02 
 1.33400000e-08 -3.54326446e-02 
 1.33600000e-08 -3.51848078e-02 
 1.33800000e-08 -3.49314112e-02 
 1.34000000e-08 -3.46725047e-02 
 1.34200000e-08 -3.44081387e-02 
 1.34400000e-08 -3.41383649e-02 
 1.34600000e-08 -3.38632354e-02 
 1.34800000e-08 -3.35828034e-02 
 1.35000000e-08 -3.32971225e-02 
 1.35200000e-08 -3.30062475e-02 
 1.35400000e-08 -3.27102335e-02 
 1.35600000e-08 -3.24091364e-02 
 1.35800000e-08 -3.21030130e-02 
 1.36000000e-08 -3.17919204e-02 
 1.36200000e-08 -3.14759165e-02 
 1.36400000e-08 -3.11550599e-02 
 1.36600000e-08 -3.08294096e-02 
 1.36800000e-08 -3.04990253e-02 
 1.37000000e-08 -3.01639672e-02 
 1.37200000e-08 -2.98242960e-02 
 1.37400000e-08 -2.94800728e-02 
 1.37600000e-08 -2.91313594e-02 
 1.37800000e-08 -2.87782180e-02 
 1.38000000e-08 -2.84207111e-02 
 1.38200000e-08 -2.80589017e-02 
 1.38400000e-08 -2.76928533e-02 
 1.38600000e-08 -2.73226298e-02 
 1.38800000e-08 -2.69482952e-02 
 1.39000000e-08 -2.65699142e-02 
 1.39200000e-08 -2.61875516e-02 
 1.39400000e-08 -2.58012725e-02 
 1.39600000e-08 -2.54111426e-02 
 1.39800000e-08 -2.50172275e-02 
 1.40000000e-08 -2.46195933e-02 
 1.40200000e-08 -2.42183063e-02 
 1.40400000e-08 -2.38134331e-02 
 1.40600000e-08 -2.34050405e-02 
 1.40800000e-08 -2.29931953e-02 
 1.41000000e-08 -2.25779649e-02 
 1.41200000e-08 -2.21594166e-02 
 1.41400000e-08 -2.17376180e-02 
 1.41600000e-08 -2.13126367e-02 
 1.41800000e-08 -2.08845406e-02 
 1.42000000e-08 -2.04533978e-02 
 1.42200000e-08 -2.00192764e-02 
 1.42400000e-08 -1.95822446e-02 
 1.42600000e-08 -1.91423708e-02 
 1.42800000e-08 -1.86997235e-02 
 1.43000000e-08 -1.82543713e-02 
 1.43200000e-08 -1.78063828e-02 
 1.43400000e-08 -1.73558267e-02 
 1.43600000e-08 -1.69027718e-02 
 1.43800000e-08 -1.64472871e-02 
 1.44000000e-08 -1.59894414e-02 
 1.44200000e-08 -1.55293037e-02 
 1.44400000e-08 -1.50669430e-02 
 1.44600000e-08 -1.46024283e-02 
 1.44800000e-08 -1.41358288e-02 
 1.45000000e-08 -1.36672136e-02 
 1.45200000e-08 -1.31966517e-02 
 1.45400000e-08 -1.27242125e-02 
 1.45600000e-08 -1.22499650e-02 
 1.45800000e-08 -1.17739784e-02 
 1.46000000e-08 -1.12963220e-02 
 1.46200000e-08 -1.08170650e-02 
 1.46400000e-08 -1.03362765e-02 
 1.46600000e-08 -9.85402593e-03 
 1.46800000e-08 -9.37038238e-03 
 1.47000000e-08 -8.88541511e-03 
 1.47200000e-08 -8.39919337e-03 
 1.47400000e-08 -7.91178639e-03 
 1.47600000e-08 -7.42326340e-03 
 1.47800000e-08 -6.93369363e-03 
 1.48000000e-08 -6.44314632e-03 
 1.48200000e-08 -5.95169068e-03 
 1.48400000e-08 -5.45939596e-03 
 1.48600000e-08 -4.96633137e-03 
 1.48800000e-08 -4.47256614e-03 
 1.49000000e-08 -3.97816949e-03 
 1.49200000e-08 -3.48321065e-03 
 1.49400000e-08 -2.98775885e-03 
 1.49600000e-08 -2.49188332e-03 
 1.49800000e-08 -1.99565329e-03 
 1.50000000e-08 -1.49913799e-03 
 1.50200000e-08 -1.00240667e-03 
 1.50400000e-08 -5.05528574e-04 
 1.50600000e-08 -8.57296834e-06 
 1.50800000e-08  4.88390885e-04 
 1.51000000e-08  9.85293707e-04 
 1.51200000e-08  1.48206621e-03 
 1.51400000e-08  1.97863909e-03 
 1.51600000e-08  2.47494303e-03 
 1.51800000e-08  2.97090870e-03 
 1.52000000e-08  3.46646675e-03 
 1.52200000e-08  3.96154782e-03 
 1.52400000e-08  4.45608252e-03 
 1.52600000e-08  4.95000145e-03 
 1.52800000e-08  5.44323518e-03 
 1.53000000e-08  5.93571429e-03 
 1.53200000e-08  6.42736929e-03 
 1.53400000e-08  6.91813071e-03 
 1.53600000e-08  7.40792905e-03 
 1.53800000e-08  7.89669479e-03 
 1.54000000e-08  8.38435837e-03 
 1.54200000e-08  8.87085024e-03 
 1.54400000e-08  9.35610081e-03 
 1.54600000e-08  9.84004049e-03 
 1.54800000e-08  1.03225997e-02 
 1.55000000e-08  1.08037087e-02 
 1.55200000e-08  1.12832980e-02 
 1.55400000e-08  1.17612978e-02 
 1.55600000e-08  1.22376385e-02 
 1.55800000e-08  1.27122505e-02 
 1.56000000e-08  1.31850641e-02 
 1.56200000e-08  1.36560096e-02 
 1.56400000e-08  1.41250173e-02 
 1.56600000e-08  1.45920177e-02 
 1.56800000e-08  1.50569410e-02 
 1.57000000e-08  1.55197177e-02 
 1.57200000e-08  1.59802781e-02 
 1.57400000e-08  1.64385528e-02 
 1.57600000e-08  1.68944721e-02 
 1.57800000e-08  1.73479667e-02 
 1.58000000e-08  1.77989670e-02 
 1.58200000e-08  1.82474037e-02 
 1.58400000e-08  1.86932075e-02 
 1.58600000e-08  1.91363091e-02 
 1.58800000e-08  1.95766394e-02 
 1.59000000e-08  2.00141294e-02 
 1.59200000e-08  2.04487100e-02 
 1.59400000e-08  2.08803124e-02 
 1.59600000e-08  2.13088678e-02 
 1.59800000e-08  2.17343077e-02 
 1.60000000e-08  2.21565636e-02 
 1.60200000e-08  2.25755672e-02 
 1.60400000e-08  2.29912504e-02 
 1.60600000e-08  2.34035451e-02 
 1.60800000e-08  2.38123836e-02 
 1.61000000e-08  2.42176984e-02 
 1.61200000e-08  2.46194221e-02 
 1.61400000e-08  2.50174875e-02 
 1.61600000e-08  2.54118279e-02 
 1.61800000e-08  2.58023766e-02 
 1.62000000e-08  2.61890673e-02 
 1.62200000e-08  2.65718340e-02 
 1.62400000e-08  2.69506110e-02 
 1.62600000e-08  2.73253328e-02 
 1.62800000e-08  2.76959345e-02 
 1.63000000e-08  2.80623514e-02 
 1.63200000e-08  2.84245192e-02 
 1.63400000e-08  2.87823741e-02 
 1.63600000e-08  2.91358525e-02 
 1.63800000e-08  2.94848914e-02 
 1.64000000e-08  2.98294283e-02 
 1.64200000e-08  3.01694011e-02 
 1.64400000e-08  3.05047482e-02 
 1.64600000e-08  3.08354086e-02 
 1.64800000e-08  3.11613216e-02 
 1.65000000e-08  3.14824274e-02 
 1.65200000e-08  3.17986666e-02 
 1.65400000e-08  3.21099804e-02 
 1.65600000e-08  3.24163106e-02 
 1.65800000e-08  3.27175997e-02 
 1.66000000e-08  3.30137910e-02 
 1.66200000e-08  3.33048282e-02 
 1.66400000e-08  3.35906560e-02 
 1.66600000e-08  3.38712197e-02 
 1.66800000e-08  3.41464652e-02 
 1.67000000e-08  3.44163396e-02 
 1.67200000e-08  3.46807903e-02 
 1.67400000e-08  3.49397660e-02 
 1.67600000e-08  3.51932159e-02 
 1.67800000e-08  3.54410903e-02 
 1.68000000e-08  3.56833402e-02 
 1.68200000e-08  3.59199177e-02 
 1.68400000e-08  3.61507756e-02 
 1.68600000e-08  3.63758679e-02 
 1.68800000e-08  3.65951496e-02 
 1.69000000e-08  3.68085764e-02 
 1.69200000e-08  3.70161053e-02 
 1.69400000e-08  3.72176942e-02 
 1.69600000e-08  3.74133023e-02 
 1.69800000e-08  3.76028895e-02 
 1.70000000e-08  3.77864171e-02 
 1.70200000e-08  3.79638475e-02 
 1.70400000e-08  3.81351441e-02 
 1.70600000e-08  3.83002717e-02 
 1.70800000e-08  3.84591959e-02 
 1.71000000e-08  3.86118840e-02 
 1.71200000e-08  3.87583040e-02 
 1.71400000e-08  3.88984255e-02 
 1.71600000e-08  3.90322193e-02 
 1.71800000e-08  3.91596574e-02 
 1.72000000e-08  3.92807130e-02 
 1.72200000e-08  3.93953607e-02 
 1.72400000e-08  3.95035764e-02 
 1.72600000e-08  3.96053373e-02 
 1.72800000e-08  3.97006221e-02 
 1.73000000e-08  3.97894105e-02 
 1.73200000e-08  3.98716838e-02 
 1.73400000e-08  3.99474248e-02 
 1.73600000e-08  4.00166173e-02 
 1.73800000e-08  4.00792468e-02 
 1.74000000e-08  4.01353000e-02 
 1.74200000e-08  4.01847653e-02 
 1.74400000e-08  4.02276321e-02 
 1.74600000e-08  4.02638915e-02 
 1.74800000e-08  4.02935359e-02 
 1.75000000e-08  4.03165593e-02 
 1.75200000e-08  4.03329568e-02 
 1.75400000e-08  4.03427253e-02 
 1.75600000e-08  4.03458629e-02 
 1.75800000e-08  4.03423692e-02 
 1.76000000e-08  4.03322452e-02 
 1.76200000e-08  4.03154934e-02 
 1.76400000e-08  4.02921177e-02 
 1.76600000e-08  4.02621233e-02 
 1.76800000e-08  4.02255170e-02 
 1.77000000e-08  4.01823071e-02 
 1.77200000e-08  4.01325030e-02 
 1.77400000e-08  4.00761157e-02 
 1.77600000e-08  4.00131577e-02 
 1.77800000e-08  3.99436427e-02 
 1.78000000e-08  3.98675859e-02 
 1.78200000e-08  3.97850039e-02 
 1.78400000e-08  3.96959145e-02 
 1.78600000e-08  3.96003370e-02 
 1.78800000e-08  3.94982921e-02 
 1.79000000e-08  3.93898017e-02 
 1.79200000e-08  3.92748890e-02 
 1.79400000e-08  3.91535788e-02 
 1.79600000e-08  3.90258968e-02 
 1.79800000e-08  3.88918702e-02 
 1.80000000e-08  3.87515274e-02 
 1.80200000e-08  3.86048981e-02 
 1.80400000e-08  3.84520132e-02 
 1.80600000e-08  3.82929049e-02 
 1.80800000e-08  3.81276064e-02 
 1.81000000e-08  3.79561522e-02 
 1.81200000e-08  3.77785780e-02 
 1.81400000e-08  3.75949206e-02 
 1.81600000e-08  3.74052180e-02 
 1.81800000e-08  3.72095091e-02 
 1.82000000e-08  3.70078340e-02 
 1.82200000e-08  3.68002341e-02 
 1.82400000e-08  3.65867513e-02 
 1.82600000e-08  3.63674291e-02 
 1.82800000e-08  3.61423116e-02 
 1.83000000e-08  3.59114441e-02 
 1.83200000e-08  3.56748727e-02 
 1.83400000e-08  3.54326446e-02 
 1.83600000e-08  3.51848078e-02 
 1.83800000e-08  3.49314112e-02 
 1.84000000e-08  3.46725046e-02 
 1.84200000e-08  3.44081387e-02 
 1.84400000e-08  3.41383649e-02 
 1.84600000e-08  3.38632354e-02 
 1.84800000e-08  3.35828034e-02 
 1.85000000e-08  3.32971225e-02 
 1.85200000e-08  3.30062475e-02 
 1.85400000e-08  3.27102335e-02 
 1.85600000e-08  3.24091364e-02 
 1.85800000e-08  3.21030130e-02 
 1.86000000e-08  3.17919204e-02 
 1.86200000e-08  3.14759165e-02 
 1.86400000e-08  3.11550599e-02 
 1.86600000e-08  3.08294096e-02 
 1.86800000e-08  3.04990253e-02 
 1.87000000e-08  3.01639672e-02 
 1.87200000e-08  2.98242960e-02 
 1.87400000e-08  2.94800728e-02 
 1.87600000e-08  2.91313594e-02 
 1.87800000e-08  2.87782180e-02 
 1.88000000e-08  2.84207110e-02 
 1.88200000e-08  2.80589017e-02 
 1.88400000e-08  2.76928533e-02 
 1.88600000e-08  2.73226298e-02 
 1.88800000e-08  2.69482952e-02 
 1.89000000e-08  2.65699142e-02 
 1.89200000e-08  2.61875516e-02 
 1.89400000e-08  2.58012725e-02 
 1.89600000e-08  2.54111425e-02 
 1.89800000e-08  2.50172275e-02 
 1.90000000e-08  2.46195933e-02 
 1.90200000e-08  2.42183063e-02 
 1.90400000e-08  2.38134331e-02 
 1.90600000e-08  2.34050405e-02 
 1.90800000e-08  2.29931953e-02 
 1.91000000e-08  2.25779649e-02 
 1.91200000e-08  2.21594166e-02 
 1.91400000e-08  2.17376180e-02 
 1.91600000e-08  2.13126367e-02 
 1.91800000e-08  2.08845406e-02 
 1.92000000e-08  2.04533978e-02 
 1.92200000e-08  2.00192764e-02 
 1.92400000e-08  1.95822446e-02 
 1.92600000e-08  1.91423708e-02 
 1.92800000e-08  1.86997235e-02 
 1.93000000e-08  1.82543713e-02 
 1.93200000e-08  1.78063828e-02 
 1.93400000e-08  1.73558267e-02 
 1.93600000e-08  1.69027718e-02 
 1.93800000e-08  1.64472871e-02 
 1.94000000e-08  1.59894414e-02 
 1.94200000e-08  1.55293037e-02 
 1.94400000e-08  1.50669430e-02 
 1.94600000e-08  1.46024283e-02 
 1.94800000e-08  1.41358288e-02 
 1.95000000e-08  1.36672136e-02 
 1.95200000e-08  1.31966517e-02 
 1.95400000e-08  1.27242125e-02 
 1.95600000e-08  1.22499650e-02 
 1.95800000e-08  1.17739784e-02 
 1.96000000e-08  1.12963220e-02 
 1.96200000e-08  1.08170650e-02 
 1.96400000e-08  1.03362765e-02 
 1.96600000e-08  9.85402593e-03 
 1.96800000e-08  9.37038238e-03 
 1.97000000e-08  8.88541511e-03 
 1.97200000e-08  8.39919337e-03 
 1.97400000e-08  7.91178639e-03 
 1.97600000e-08  7.42326340e-03 
 1.97800000e-08  6.93369363e-03 
 1.98000000e-08  6.44314632e-03 
 1.98200000e-08  5.95169068e-03 
 1.98400000e-08  5.45939596e-03 
 1.98600000e-08  4.96633137e-03 
 1.98800000e-08  4.47256614e-03 
 1.99000000e-08  3.97816949e-03 
 1.99200000e-08  3.48321065e-03 
 1.99400000e-08  2.98775885e-03 
 1.99600000e-08  2.49188332e-03 
 1.99800000e-08  1.99565329e-03 
 2.00000000e-08  1.49913799e-03 
 2.00200000e-08  1.00240667e-03 
 2.00400000e-08  5.05528574e-04 
 2.00600000e-08  8.57296834e-06 
 2.00800000e-08 -4.88390885e-04 
 2.01000000e-08 -9.85293707e-04 
 2.01200000e-08 -1.48206621e-03 
 2.01400000e-08 -1.97863909e-03 
 2.01600000e-08 -2.47494303e-03 
 2.01800000e-08 -2.97090870e-03 
 2.02000000e-08 -3.46646675e-03 
 2.02200000e-08 -3.96154782e-03 
 2.02400000e-08 -4.45608252e-03 
 2.02600000e-08 -4.95000145e-03 
 2.02800000e-08 -5.44323518e-03 
 2.03000000e-08 -5.93571429e-03 
 2.03200000e-08 -6.42736929e-03 
 2.03400000e-08 -6.91813071e-03 
 2.03600000e-08 -7.40792905e-03 
 2.03800000e-08 -7.89669479e-03 
 2.04000000e-08 -8.38435837e-03 
 2.04200000e-08 -8.87085024e-03 
 2.04400000e-08 -9.35610081e-03 
 2.04600000e-08 -9.84004049e-03 
 2.04800000e-08 -1.03225997e-02 
 2.05000000e-08 -1.08037087e-02 
 2.05200000e-08 -1.12832980e-02 
 2.05400000e-08 -1.17612978e-02 
 2.05600000e-08 -1.22376385e-02 
 2.05800000e-08 -1.27122505e-02 
 2.06000000e-08 -1.31850641e-02 
 2.06200000e-08 -1.36560096e-02 
 2.06400000e-08 -1.41250173e-02 
 2.06600000e-08 -1.45920177e-02 
 2.06800000e-08 -1.50569410e-02 
 2.07000000e-08 -1.55197177e-02 
 2.07200000e-08 -1.59802781e-02 
 2.07400000e-08 -1.64385528e-02 
 2.07600000e-08 -1.68944721e-02 
 2.07800000e-08 -1.73479667e-02 
 2.08000000e-08 -1.77989670e-02 
 2.08200000e-08 -1.82474037e-02 
 2.08400000e-08 -1.86932075e-02 
 2.08600000e-08 -1.91363091e-02 
 2.08800000e-08 -1.95766394e-02 
 2.09000000e-08 -2.00141294e-02 
 2.09200000e-08 -2.04487100e-02 
 2.09400000e-08 -2.08803124e-02 
 2.09600000e-08 -2.13088678e-02 
 2.09800000e-08 -2.17343077e-02 
 2.10000000e-08 -2.21565636e-02 
 2.10200000e-08 -2.25755672e-02 
 2.10400000e-08 -2.29912504e-02 
 2.10600000e-08 -2.34035451e-02 
 2.10800000e-08 -2.38123836e-02 
 2.11000000e-08 -2.42176984e-02 
 2.11200000e-08 -2.46194221e-02 
 2.11400000e-08 -2.50174875e-02 
 2.11600000e-08 -2.54118279e-02 
 2.11800000e-08 -2.58023766e-02 
 2.12000000e-08 -2.61890673e-02 
 2.12200000e-08 -2.65718340e-02 
 2.12400000e-08 -2.69506110e-02 
 2.12600000e-08 -2.73253328e-02 
 2.12800000e-08 -2.76959345e-02 
 2.13000000e-08 -2.80623514e-02 
 2.13200000e-08 -2.84245192e-02 
 2.13400000e-08 -2.87823741e-02 
 2.13600000e-08 -2.91358525e-02 
 2.13800000e-08 -2.94848914e-02 
 2.14000000e-08 -2.98294283e-02 
 2.14200000e-08 -3.01694011e-02 
 2.14400000e-08 -3.05047482e-02 
 2.14600000e-08 -3.08354086e-02 
 2.14800000e-08 -3.11613216e-02 
 2.15000000e-08 -3.14824274e-02 
 2.15200000e-08 -3.17986666e-02 
 2.15400000e-08 -3.21099804e-02 
 2.15600000e-08 -3.24163106e-02 
 2.15800000e-08 -3.27175997e-02 
 2.16000000e-08 -3.30137910e-02 
 2.16200000e-08 -3.33048282e-02 
 2.16400000e-08 -3.35906560e-02 
 2.16600000e-08 -3.38712197e-02 
 2.16800000e-08 -3.41464652e-02 
 2.17000000e-08 -3.44163396e-02 
 2.17200000e-08 -3.46807903e-02 
 2.17400000e-08 -3.49397660e-02 
 2.17600000e-08 -3.51932159e-02 
 2.17800000e-08 -3.54410903e-02 
 2.18000000e-08 -3.56833402e-02 
 2.18200000e-08 -3.59199177e-02 
 2.18400000e-08 -3.61507756e-02 
 2.18600000e-08 -3.63758679e-02 
 2.18800000e-08 -3.65951496e-02 
 2.19000000e-08 -3.68085764e-02 
 2.19200000e-08 -3.70161053e-02 
 2.19400000e-08 -3.72176942e-02 
 2.19600000e-08 -3.74133023e-02 
 2.19800000e-08 -3.76028895e-02 
 2.20000000e-08 -3.77864171e-02 
 2.20200000e-08 -3.79638475e-02 
 2.20400000e-08 -3.81351441e-02 
 2.20600000e-08 -3.83002717e-02 
 2.20800000e-08 -3.84591959e-02 
 2.21000000e-08 -3.86118840e-02 
 2.21200000e-08 -3.87583040e-02 
 2.21400000e-08 -3.88984255e-02 
 2.21600000e-08 -3.90322193e-02 
 2.21800000e-08 -3.91596574e-02 
 2.22000000e-08 -3.92807130e-02 
 2.22200000e-08 -3.93953607e-02 
 2.22400000e-08 -3.95035764e-02 
 2.22600000e-08 -3.96053373e-02 
 2.22800000e-08 -3.97006221e-02 
 2.23000000e-08 -3.97894105e-02 
 2.23200000e-08 -3.98716838e-02 
 2.23400000e-08 -3.99474248e-02 
 2.23600000e-08 -4.00166173e-02 
 2.23800000e-08 -4.00792468e-02 
 2.24000000e-08 -4.01353000e-02 
 2.24200000e-08 -4.01847653e-02 
 2.24400000e-08 -4.02276321e-02 
 2.24600000e-08 -4.02638915e-02 
 2.24800000e-08 -4.02935359e-02 
 2.25000000e-08 -4.03165593e-02 
 2.25200000e-08 -4.03329568e-02 
 2.25400000e-08 -4.03427253e-02 
 2.25600000e-08 -4.03458629e-02 
 2.25800000e-08 -4.03423692e-02 
 2.26000000e-08 -4.03322452e-02 
 2.26200000e-08 -4.03154934e-02 
 2.26400000e-08 -4.02921177e-02 
 2.26600000e-08 -4.02621233e-02 
 2.26800000e-08 -4.02255170e-02 
 2.27000000e-08 -4.01823071e-02 
 2.27200000e-08 -4.01325030e-02 
 2.27400000e-08 -4.00761157e-02 
 2.27600000e-08 -4.00131577e-02 
 2.27800000e-08 -3.99436427e-02 
 2.28000000e-08 -3.98675859e-02 
 2.28200000e-08 -3.97850039e-02 
 2.28400000e-08 -3.96959145e-02 
 2.28600000e-08 -3.96003370e-02 
 2.28800000e-08 -3.94982921e-02 
 2.29000000e-08 -3.93898017e-02 
 2.29200000e-08 -3.92748890e-02 
 2.29400000e-08 -3.91535788e-02 
 2.29600000e-08 -3.90258968e-02 
 2.29800000e-08 -3.88918702e-02 
 2.30000000e-08 -3.87515274e-02 
 2.30200000e-08 -3.86048981e-02 
 2.30400000e-08 -3.84520132e-02 
 2.30600000e-08 -3.82929049e-02 
 2.30800000e-08 -3.81276064e-02 
 2.31000000e-08 -3.79561522e-02 
 2.31200000e-08 -3.77785780e-02 
 2.31400000e-08 -3.75949206e-02 
 2.31600000e-08 -3.74052180e-02 
 2.31800000e-08 -3.72095091e-02 
 2.32000000e-08 -3.70078340e-02 
 2.32200000e-08 -3.68002341e-02 
 2.32400000e-08 -3.65867513e-02 
 2.32600000e-08 -3.63674291e-02 
 2.32800000e-08 -3.61423116e-02 
 2.33000000e-08 -3.59114441e-02 
 2.33200000e-08 -3.56748727e-02 
 2.33400000e-08 -3.54326446e-02 
 2.33600000e-08 -3.51848078e-02 
 2.33800000e-08 -3.49314112e-02 
 2.34000000e-08 -3.46725046e-02 
 2.34200000e-08 -3.44081387e-02 
 2.34400000e-08 -3.41383649e-02 
 2.34600000e-08 -3.38632354e-02 
 2.34800000e-08 -3.35828034e-02 
 2.35000000e-08 -3.32971225e-02 
 2.35200000e-08 -3.30062475e-02 
 2.35400000e-08 -3.27102335e-02 
 2.35600000e-08 -3.24091364e-02 
 2.35800000e-08 -3.21030130e-02 
 2.36000000e-08 -3.17919204e-02 
 2.36200000e-08 -3.14759165e-02 
 2.36400000e-08 -3.11550599e-02 
 2.36600000e-08 -3.08294096e-02 
 2.36800000e-08 -3.04990253e-02 
 2.37000000e-08 -3.01639672e-02 
 2.37200000e-08 -2.98242960e-02 
 2.37400000e-08 -2.94800728e-02 
 2.37600000e-08 -2.91313594e-02 
 2.37800000e-08 -2.87782180e-02 
 2.38000000e-08 -2.84207110e-02 
 2.38200000e-08 -2.80589017e-02 
 2.38400000e-08 -2.76928533e-02 
 2.38600000e-08 -2.73226298e-02 
 2.38800000e-08 -2.69482952e-02 
 2.39000000e-08 -2.65699142e-02 
 2.39200000e-08 -2.61875516e-02 
 2.39400000e-08 -2.58012725e-02 
 2.39600000e-08 -2.54111425e-02 
 2.39800000e-08 -2.50172275e-02 
 2.40000000e-08 -2.46195933e-02 
 2.40200000e-08 -2.42183063e-02 
 2.40400000e-08 -2.38134331e-02 
 2.40600000e-08 -2.34050405e-02 
 2.40800000e-08 -2.29931953e-02 
 2.41000000e-08 -2.25779649e-02 
 2.41200000e-08 -2.21594166e-02 
 2.41400000e-08 -2.17376180e-02 
 2.41600000e-08 -2.13126367e-02 
 2.41800000e-08 -2.08845406e-02 
 2.42000000e-08 -2.04533978e-02 
 2.42200000e-08 -2.00192764e-02 
 2.42400000e-08 -1.95822446e-02 
 2.42600000e-08 -1.91423708e-02 
 2.42800000e-08 -1.86997235e-02 
 2.43000000e-08 -1.82543713e-02 
 2.43200000e-08 -1.78063828e-02 
 2.43400000e-08 -1.73558267e-02 
 2.43600000e-08 -1.69027718e-02 
 2.43800000e-08 -1.64472871e-02 
 2.44000000e-08 -1.59894414e-02 
 2.44200000e-08 -1.55293037e-02 
 2.44400000e-08 -1.50669430e-02 
 2.44600000e-08 -1.46024283e-02 
 2.44800000e-08 -1.41358288e-02 
 2.45000000e-08 -1.36672136e-02 
 2.45200000e-08 -1.31966517e-02 
 2.45400000e-08 -1.27242125e-02 
 2.45600000e-08 -1.22499650e-02 
 2.45800000e-08 -1.17739784e-02 
 2.46000000e-08 -1.12963220e-02 
 2.46200000e-08 -1.08170650e-02 
 2.46400000e-08 -1.03362765e-02 
 2.46600000e-08 -9.85402593e-03 
 2.46800000e-08 -9.37038238e-03 
 2.47000000e-08 -8.88541511e-03 
 2.47200000e-08 -8.39919337e-03 
 2.47400000e-08 -7.91178639e-03 
 2.47600000e-08 -7.42326340e-03 
 2.47800000e-08 -6.93369363e-03 
 2.48000000e-08 -6.44314632e-03 
 2.48200000e-08 -5.95169068e-03 
 2.48400000e-08 -5.45939596e-03 
 2.48600000e-08 -4.96633137e-03 
 2.48800000e-08 -4.47256614e-03 
 2.49000000e-08 -3.97816949e-03 
 2.49200000e-08 -3.48321065e-03 
 2.49400000e-08 -2.98775885e-03 
 2.49600000e-08 -2.49188332e-03 
 2.49800000e-08 -1.99565329e-03 
 2.50000000e-08 -1.49913799e-03 
 2.50200000e-08 -1.00240667e-03 
 2.50400000e-08 -5.05528574e-04 
 2.50600000e-08 -8.57296839e-06 
 2.50800000e-08  4.88390885e-04 
 2.51000000e-08  9.85293707e-04 
 2.51200000e-08  1.48206621e-03 
 2.51400000e-08  1.97863909e-03 
 2.51600000e-08  2.47494303e-03 
 2.51800000e-08  2.97090870e-03 
 2.52000000e-08  3.46646675e-03 
 2.52200000e-08  3.96154782e-03 
 2.52400000e-08  4.45608252e-03 
 2.52600000e-08  4.95000145e-03 
 2.52800000e-08  5.44323518e-03 
 2.53000000e-08  5.93571429e-03 
 2.53200000e-08  6.42736929e-03 
 2.53400000e-08  6.91813071e-03 
 2.53600000e-08  7.40792905e-03 
 2.53800000e-08  7.89669479e-03 
 2.54000000e-08  8.38435837e-03 
 2.54200000e-08  8.87085024e-03 
 2.54400000e-08  9.35610081e-03 
 2.54600000e-08  9.84004049e-03 
 2.54800000e-08  1.03225997e-02 
 2.55000000e-08  1.08037087e-02 
 2.55200000e-08  1.12832980e-02 
 2.55400000e-08  1.17612978e-02 
 2.55600000e-08  1.22376385e-02 
 2.55800000e-08  1.27122505e-02 
 2.56000000e-08  1.31850641e-02 
 2.56200000e-08  1.36560096e-02 
 2.56400000e-08  1.41250173e-02 
 2.56600000e-08  1.45920177e-02 
 2.56800000e-08  1.50569410e-02 
 2.57000000e-08  1.55197177e-02 
 2.57200000e-08  1.59802781e-02 
 2.57400000e-08  1.64385528e-02 
 2.57600000e-08  1.68944721e-02 
 2.57800000e-08  1.73479667e-02 
 2.58000000e-08  1.77989670e-02 
 2.58200000e-08  1.82474037e-02 
 2.58400000e-08  1.86932075e-02 
 2.58600000e-08  1.91363091e-02 
 2.58800000e-08  1.95766394e-02 
 2.59000000e-08  2.00141294e-02 
 2.59200000e-08  2.04487100e-02 
 2.59400000e-08  2.08803124e-02 
 2.59600000e-08  2.13088678e-02 
 2.59800000e-08  2.17343077e-02 
 2.60000000e-08  2.21565636e-02 
 2.60200000e-08  2.25755672e-02 
 2.60400000e-08  2.29912504e-02 
 2.60600000e-08  2.34035451e-02 
 2.60800000e-08  2.38123836e-02 
 2.61000000e-08  2.42176984e-02 
 2.61200000e-08  2.46194221e-02 
 2.61400000e-08  2.50174875e-02 
 2.61600000e-08  2.54118279e-02 
 2.61800000e-08  2.58023766e-02 
 2.62000000e-08  2.61890673e-02 
 2.62200000e-08  2.65718340e-02 
 2.62400000e-08  2.69506110e-02 
 2.62600000e-08  2.73253328e-02 
 2.62800000e-08  2.76959345e-02 
 2.63000000e-08  2.80623514e-02 
 2.63200000e-08  2.84245192e-02 
 2.63400000e-08  2.87823741e-02 
 2.63600000e-08  2.91358525e-02 
 2.63800000e-08  2.94848914e-02 
 2.64000000e-08  2.98294283e-02 
 2.64200000e-08  3.01694011e-02 
 2.64400000e-08  3.05047482e-02 
 2.64600000e-08  3.08354086e-02 
 2.64800000e-08  3.11613216e-02 
 2.65000000e-08  3.14824274e-02 
 2.65200000e-08  3.17986666e-02 
 2.65400000e-08  3.21099804e-02 
 2.65600000e-08  3.24163106e-02 
 2.65800000e-08  3.27175997e-02 
 2.66000000e-08  3.30137910e-02 
 2.66200000e-08  3.33048282e-02 
 2.66400000e-08  3.35906560e-02 
 2.66600000e-08  3.38712197e-02 
 2.66800000e-08  3.41464652e-02 
 2.67000000e-08  3.44163396e-02 
 2.67200000e-08  3.46807903e-02 
 2.67400000e-08  3.49397660e-02 
 2.67600000e-08  3.51932159e-02 
 2.67800000e-08  3.54410903e-02 
 2.68000000e-08  3.56833402e-02 
 2.68200000e-08  3.59199177e-02 
 2.68400000e-08  3.61507756e-02 
 2.68600000e-08  3.63758679e-02 
 2.68800000e-08  3.65951496e-02 
 2.69000000e-08  3.68085764e-02 
 2.69200000e-08  3.70161053e-02 
 2.69400000e-08  3.72176942e-02 
 2.69600000e-08  3.74133023e-02 
 2.69800000e-08  3.76028895e-02 
 2.70000000e-08  3.77864171e-02 
 2.70200000e-08  3.79638475e-02 
 2.70400000e-08  3.81351441e-02 
 2.70600000e-08  3.83002717e-02 
 2.70800000e-08  3.84591959e-02 
 2.71000000e-08  3.86118840e-02 
 2.71200000e-08  3.87583040e-02 
 2.71400000e-08  3.88984255e-02 
 2.71600000e-08  3.90322193e-02 
 2.71800000e-08  3.91596574e-02 
 2.72000000e-08  3.92807130e-02 
 2.72200000e-08  3.93953607e-02 
 2.72400000e-08  3.95035764e-02 
 2.72600000e-08  3.96053373e-02 
 2.72800000e-08  3.97006221e-02 
 2.73000000e-08  3.97894105e-02 
 2.73200000e-08  3.98716838e-02 
 2.73400000e-08  3.99474248e-02 
 2.73600000e-08  4.00166173e-02 
 2.73800000e-08  4.00792468e-02 
 2.74000000e-08  4.01353000e-02 
 2.74200000e-08  4.01847653e-02 
 2.74400000e-08  4.02276321e-02 
 2.74600000e-08  4.02638915e-02 
 2.74800000e-08  4.02935359e-02 
 2.75000000e-08  4.03165593e-02 
 2.75200000e-08  4.03329568e-02 
 2.75400000e-08  4.03427253e-02 
 2.75600000e-08  4.03458629e-02 
 2.75800000e-08  4.03423692e-02 
 2.76000000e-08  4.03322452e-02 
 2.76200000e-08  4.03154934e-02 
 2.76400000e-08  4.02921177e-02 
 2.76600000e-08  4.02621233e-02 
 2.76800000e-08  4.02255170e-02 
 2.77000000e-08  4.01823071e-02 
 2.77200000e-08  4.01325030e-02 
 2.77400000e-08  4.00761157e-02 
 2.77600000e-08  4.00131577e-02 
 2.77800000e-08  3.99436427e-02 
 2.78000000e-08  3.98675859e-02 
 2.78200000e-08  3.97850039e-02 
 2.78400000e-08  3.96959145e-02 
 2.78600000e-08  3.96003370e-02 
 2.78800000e-08  3.94982921e-02 
 2.79000000e-08  3.93898017e-02 
 2.79200000e-08  3.92748890e-02 
 2.79400000e-08  3.91535788e-02 
 2.79600000e-08  3.90258968e-02 
 2.79800000e-08  3.88918702e-02 
 2.80000000e-08  3.87515274e-02 
 2.80200000e-08  3.86048981e-02 
 2.80400000e-08  3.84520132e-02 
 2.80600000e-08  3.82929049e-02 
 2.80800000e-08  3.81276064e-02 
 2.81000000e-08  3.79561522e-02 
 2.81200000e-08  3.77785780e-02 
 2.81400000e-08  3.75949206e-02 
 2.81600000e-08  3.74052180e-02 
 2.81800000e-08  3.72095091e-02 
 2.82000000e-08  3.70078340e-02 
 2.82200000e-08  3.68002341e-02 
 2.82400000e-08  3.65867513e-02 
 2.82600000e-08  3.63674291e-02 
 2.82800000e-08  3.61423116e-02 
 2.83000000e-08  3.59114441e-02 
 2.83200000e-08  3.56748727e-02 
 2.83400000e-08  3.54326446e-02 
 2.83600000e-08  3.51848078e-02 
 2.83800000e-08  3.49314112e-02 
 2.84000000e-08  3.46725046e-02 
 2.84200000e-08  3.44081387e-02 
 2.84400000e-08  3.41383649e-02 
 2.84600000e-08  3.38632354e-02 
 2.84800000e-08  3.35828034e-02 
 2.85000000e-08  3.32971225e-02 
 2.85200000e-08  3.30062475e-02 
 2.85400000e-08  3.27102335e-02 
 2.85600000e-08  3.24091364e-02 
 2.85800000e-08  3.21030130e-02 
 2.86000000e-08  3.17919204e-02 
 2.86200000e-08  3.14759165e-02 
 2.86400000e-08  3.11550599e-02 
 2.86600000e-08  3.08294096e-02 
 2.86800000e-08  3.04990253e-02 
 2.87000000e-08  3.01639672e-02 
 2.87200000e-08  2.98242960e-02 
 2.87400000e-08  2.94800728e-02 
 2.87600000e-08  2.91313594e-02 
 2.87800000e-08  2.87782180e-02 
 2.88000000e-08  2.84207110e-02 
 2.88200000e-08  2.80589017e-02 
 2.88400000e-08  2.76928533e-02 
 2.88600000e-08  2.73226298e-02 
 2.88800000e-08  2.69482952e-02 
 2.89000000e-08  2.65699142e-02 
 2.89200000e-08  2.61875516e-02 
 2.89400000e-08  2.58012725e-02 
 2.89600000e-08  2.54111425e-02 
 2.89800000e-08  2.50172275e-02 
 2.90000000e-08  2.46195933e-02 
 2.90200000e-08  2.42183063e-02 
 2.90400000e-08  2.38134331e-02 
 2.90600000e-08  2.34050405e-02 
 2.90800000e-08  2.29931953e-02 
 2.91000000e-08  2.25779649e-02 
 2.91200000e-08  2.21594166e-02 
 2.91400000e-08  2.17376180e-02 
 2.91600000e-08  2.13126367e-02 
 2.91800000e-08  2.08845406e-02 
 2.92000000e-08  2.04533978e-02 
 2.92200000e-08  2.00192764e-02 
 2.92400000e-08  1.95822446e-02 
 2.92600000e-08  1.91423708e-02 
 2.92800000e-08  1.86997235e-02 
 2.93000000e-08  1.82543713e-02 
 2.93200000e-08  1.78063828e-02 
 2.93400000e-08  1.73558267e-02 
 2.93600000e-08  1.69027718e-02 
 2.93800000e-08  1.64472871e-02 
 2.94000000e-08  1.59894414e-02 
 2.94200000e-08  1.55293037e-02 
 2.94400000e-08  1.50669430e-02 
 2.94600000e-08  1.46024283e-02 
 2.94800000e-08  1.41358288e-02 
 2.95000000e-08  1.36672136e-02 
 2.95200000e-08  1.31966517e-02 
 2.95400000e-08  1.27242125e-02 
 2.95600000e-08  1.22499650e-02 
 2.95800000e-08  1.17739784e-02 
 2.96000000e-08  1.12963220e-02 
 2.96200000e-08  1.08170650e-02 
 2.96400000e-08  1.03362765e-02 
 2.96600000e-08  9.85402593e-03 
 2.96800000e-08  9.37038238e-03 
 2.97000000e-08  8.88541511e-03 
 2.97200000e-08  8.39919337e-03 
 2.97400000e-08  7.91178639e-03 
 2.97600000e-08  7.42326340e-03 
 2.97800000e-08  6.93369363e-03 
 2.98000000e-08  6.44314632e-03 
 2.98200000e-08  5.95169068e-03 
 2.98400000e-08  5.45939596e-03 
 2.98600000e-08  4.96633137e-03 
 2.98800000e-08  4.47256614e-03 
 2.99000000e-08  3.97816949e-03 
 2.99200000e-08  3.48321065e-03 
 2.99400000e-08  2.98775885e-03 
 2.99600000e-08  2.49188332e-03 
 2.99800000e-08  1.99565329e-03 
 3.00000000e-08  1.49913799e-03 
 3.00200000e-08  1.00240667e-03 
 3.00400000e-08  5.05528574e-04 
 3.00600000e-08  8.57296830e-06 
 3.00800000e-08 -4.88390885e-04 
 3.01000000e-08 -9.85293707e-04 
 3.01200000e-08 -1.48206621e-03 
 3.01400000e-08 -1.97863909e-03 
 3.01600000e-08 -2.47494303e-03 
 3.01800000e-08 -2.97090870e-03 
 3.02000000e-08 -3.46646675e-03 
 3.02200000e-08 -3.96154782e-03 
 3.02400000e-08 -4.45608252e-03 
 3.02600000e-08 -4.95000145e-03 
 3.02800000e-08 -5.44323518e-03 
 3.03000000e-08 -5.93571429e-03 
 3.03200000e-08 -6.42736929e-03 
 3.03400000e-08 -6.91813071e-03 
 3.03600000e-08 -7.40792905e-03 
 3.03800000e-08 -7.89669479e-03 
 3.04000000e-08 -8.38435837e-03 
 3.04200000e-08 -8.87085024e-03 
 3.04400000e-08 -9.35610081e-03 
 3.04600000e-08 -9.84004049e-03 
 3.04800000e-08 -1.03225997e-02 
 3.05000000e-08 -1.08037087e-02 
 3.05200000e-08 -1.12832980e-02 
 3.05400000e-08 -1.17612978e-02 
 3.05600000e-08 -1.22376385e-02 
 3.05800000e-08 -1.27122505e-02 
 3.06000000e-08 -1.31850641e-02 
 3.06200000e-08 -1.36560096e-02 
 3.06400000e-08 -1.41250173e-02 
 3.06600000e-08 -1.45920177e-02 
 3.06800000e-08 -1.50569410e-02 
 3.07000000e-08 -1.55197177e-02 
 3.07200000e-08 -1.59802781e-02 
 3.07400000e-08 -1.64385528e-02 
 3.07600000e-08 -1.68944721e-02 
 3.07800000e-08 -1.73479667e-02 
 3.08000000e-08 -1.77989670e-02 
 3.08200000e-08 -1.82474037e-02 
 3.08400000e-08 -1.86932075e-02 
 3.08600000e-08 -1.91363091e-02 
 3.08800000e-08 -1.95766394e-02 
 3.09000000e-08 -2.00141294e-02 
 3.09200000e-08 -2.04487100e-02 
 3.09400000e-08 -2.08803124e-02 
 3.09600000e-08 -2.13088678e-02 
 3.09800000e-08 -2.17343077e-02 
 3.10000000e-08 -2.21565636e-02 
 3.10200000e-08 -2.25755672e-02 
 3.10400000e-08 -2.29912504e-02 
 3.10600000e-08 -2.34035451e-02 
 3.10800000e-08 -2.38123836e-02 
 3.11000000e-08 -2.42176984e-02 
 3.11200000e-08 -2.46194221e-02 
 3.11400000e-08 -2.50174875e-02 
 3.11600000e-08 -2.54118279e-02 
 3.11800000e-08 -2.58023766e-02 
 3.12000000e-08 -2.61890673e-02 
 3.12200000e-08 -2.65718340e-02 
 3.12400000e-08 -2.69506110e-02 
 3.12600000e-08 -2.73253328e-02 
 3.12800000e-08 -2.76959345e-02 
 3.13000000e-08 -2.80623514e-02 
 3.13200000e-08 -2.84245192e-02 
 3.13400000e-08 -2.87823741e-02 
 3.13600000e-08 -2.91358525e-02 
 3.13800000e-08 -2.94848914e-02 
 3.14000000e-08 -2.98294283e-02 
 3.14200000e-08 -3.01694011e-02 
 3.14400000e-08 -3.05047482e-02 
 3.14600000e-08 -3.08354086e-02 
 3.14800000e-08 -3.11613216e-02 
 3.15000000e-08 -3.14824274e-02 
 3.15200000e-08 -3.17986666e-02 
 3.15400000e-08 -3.21099804e-02 
 3.15600000e-08 -3.24163106e-02 
 3.15800000e-08 -3.27175997e-02 
 3.16000000e-08 -3.30137910e-02 
 3.16200000e-08 -3.33048282e-02 
 3.16400000e-08 -3.35906560e-02 
 3.16600000e-08 -3.38712197e-02 
 3.16800000e-08 -3.41464652e-02 
 3.17000000e-08 -3.44163396e-02 
 3.17200000e-08 -3.46807903e-02 
 3.17400000e-08 -3.49397660e-02 
 3.17600000e-08 -3.51932159e-02 
 3.17800000e-08 -3.54410903e-02 
 3.18000000e-08 -3.56833402e-02 
 3.18200000e-08 -3.59199177e-02 
 3.18400000e-08 -3.61507756e-02 
 3.18600000e-08 -3.63758679e-02 
 3.18800000e-08 -3.65951496e-02 
 3.19000000e-08 -3.68085764e-02 
 3.19200000e-08 -3.70161053e-02 
 3.19400000e-08 -3.72176942e-02 
 3.19600000e-08 -3.74133023e-02 
 3.19800000e-08 -3.76028895e-02 
 3.20000000e-08 -3.77864171e-02 
 3.20200000e-08 -3.79638475e-02 
 3.20400000e-08 -3.81351441e-02 
 3.20600000e-08 -3.83002717e-02 
 3.20800000e-08 -3.84591959e-02 
 3.21000000e-08 -3.86118840e-02 
 3.21200000e-08 -3.87583040e-02 
 3.21400000e-08 -3.88984255e-02 
 3.21600000e-08 -3.90322193e-02 
 3.21800000e-08 -3.91596574e-02 
 3.22000000e-08 -3.92807130e-02 
 3.22200000e-08 -3.93953607e-02 
 3.22400000e-08 -3.95035764e-02 
 3.22600000e-08 -3.96053373e-02 
 3.22800000e-08 -3.97006221e-02 
 3.23000000e-08 -3.97894105e-02 
 3.23200000e-08 -3.98716838e-02 
 3.23400000e-08 -3.99474248e-02 
 3.23600000e-08 -4.00166173e-02 
 3.23800000e-08 -4.00792468e-02 
 3.24000000e-08 -4.01353000e-02 
 3.24200000e-08 -4.01847653e-02 
 3.24400000e-08 -4.02276321e-02 
 3.24600000e-08 -4.02638915e-02 
 3.24800000e-08 -4.02935359e-02 
 3.25000000e-08 -4.03165593e-02 
 3.25200000e-08 -4.03329568e-02 
 3.25400000e-08 -4.03427253e-02 
 3.25600000e-08 -4.03458629e-02 
 3.25800000e-08 -4.03423692e-02 
 3.26000000e-08 -4.03322452e-02 
 3.26200000e-08 -4.03154934e-02 
 3.26400000e-08 -4.02921177e-02 
 3.26600000e-08 -4.02621233e-02 
 3.26800000e-08 -4.02255170e-02 
 3.27000000e-08 -4.01823071e-02 
 3.27200000e-08 -4.01325030e-02 
 3.27400000e-08 -4.00761157e-02 
 3.27600000e-08 -4.00131577e-02 
 3.27800000e-08 -3.99436427e-02 
 3.28000000e-08 -3.98675859e-02 
 3.28200000e-08 -3.97850039e-02 
 3.28400000e-08 -3.96959145e-02 
 3.28600000e-08 -3.96003370e-02 
 3.28800000e-08 -3.94982921e-02 
 3.29000000e-08 -3.93898017e-02 
 3.29200000e-08 -3.92748890e-02 
 3.29400000e-08 -3.91535788e-02 
 3.29600000e-08 -3.90258968e-02 
 3.29800000e-08 -3.88918702e-02 
 3.30000000e-08 -3.87515274e-02 
 3.30200000e-08 -3.86048981e-02 
 3.30400000e-08 -3.84520132e-02 
 3.30600000e-08 -3.82929049e-02 
 3.30800000e-08 -3.81276064e-02 
 3.31000000e-08 -3.79561522e-02 
 3.31200000e-08 -3.77785780e-02 
 3.31400000e-08 -3.75949206e-02 
 3.31600000e-08 -3.74052180e-02 
 3.31800000e-08 -3.72095091e-02 
 3.32000000e-08 -3.70078340e-02 
 3.32200000e-08 -3.68002341e-02 
 3.32400000e-08 -3.65867513e-02 
 3.32600000e-08 -3.63674291e-02 
 3.32800000e-08 -3.61423116e-02 
 3.33000000e-08 -3.59114441e-02 
 3.33200000e-08 -3.56748727e-02 
 3.33400000e-08 -3.54326446e-02 
 3.33600000e-08 -3.51848078e-02 
 3.33800000e-08 -3.49314112e-02 
 3.34000000e-08 -3.46725046e-02 
 3.34200000e-08 -3.44081387e-02 
 3.34400000e-08 -3.41383649e-02 
 3.34600000e-08 -3.38632354e-02 
 3.34800000e-08 -3.35828034e-02 
 3.35000000e-08 -3.32971225e-02 
 3.35200000e-08 -3.30062475e-02 
 3.35400000e-08 -3.27102335e-02 
 3.35600000e-08 -3.24091364e-02 
 3.35800000e-08 -3.21030130e-02 
 3.36000000e-08 -3.17919204e-02 
 3.36200000e-08 -3.14759165e-02 
 3.36400000e-08 -3.11550599e-02 
 3.36600000e-08 -3.08294096e-02 
 3.36800000e-08 -3.04990253e-02 
 3.37000000e-08 -3.01639672e-02 
 3.37200000e-08 -2.98242960e-02 
 3.37400000e-08 -2.94800728e-02 
 3.37600000e-08 -2.91313594e-02 
 3.37800000e-08 -2.87782180e-02 
 3.38000000e-08 -2.84207110e-02 
 3.38200000e-08 -2.80589017e-02 
 3.38400000e-08 -2.76928533e-02 
 3.38600000e-08 -2.73226298e-02 
 3.38800000e-08 -2.69482952e-02 
 3.39000000e-08 -2.65699142e-02 
 3.39200000e-08 -2.61875516e-02 
 3.39400000e-08 -2.58012725e-02 
 3.39600000e-08 -2.54111425e-02 
 3.39800000e-08 -2.50172275e-02 
 3.40000000e-08 -2.46195933e-02 
 3.40200000e-08 -2.42183063e-02 
 3.40400000e-08 -2.38134331e-02 
 3.40600000e-08 -2.34050405e-02 
 3.40800000e-08 -2.29931953e-02 
 3.41000000e-08 -2.25779649e-02 
 3.41200000e-08 -2.21594166e-02 
 3.41400000e-08 -2.17376180e-02 
 3.41600000e-08 -2.13126367e-02 
 3.41800000e-08 -2.08845406e-02 
 3.42000000e-08 -2.04533978e-02 
 3.42200000e-08 -2.00192764e-02 
 3.42400000e-08 -1.95822446e-02 
 3.42600000e-08 -1.91423708e-02 
 3.42800000e-08 -1.86997235e-02 
 3.43000000e-08 -1.82543713e-02 
 3.43200000e-08 -1.78063828e-02 
 3.43400000e-08 -1.73558267e-02 
 3.43600000e-08 -1.69027718e-02 
 3.43800000e-08 -1.64472871e-02 
 3.44000000e-08 -1.59894414e-02 
 3.44200000e-08 -1.55293037e-02 
 3.44400000e-08 -1.50669430e-02 
 3.44600000e-08 -1.46024283e-02 
 3.44800000e-08 -1.41358288e-02 
 3.45000000e-08 -1.36672136e-02 
 3.45200000e-08 -1.31966517e-02 
 3.45400000e-08 -1.27242125e-02 
 3.45600000e-08 -1.22499650e-02 
 3.45800000e-08 -1.17739784e-02 
 3.46000000e-08 -1.12963220e-02 
 3.46200000e-08 -1.08170650e-02 
 3.46400000e-08 -1.03362765e-02 
 3.46600000e-08 -9.85402593e-03 
 3.46800000e-08 -9.37038238e-03 
 3.47000000e-08 -8.88541511e-03 
 3.47200000e-08 -8.39919337e-03 
 3.47400000e-08 -7.91178639e-03 
 3.47600000e-08 -7.42326340e-03 
 3.47800000e-08 -6.93369363e-03 
 3.48000000e-08 -6.44314632e-03 
 3.48200000e-08 -5.95169068e-03 
 3.48400000e-08 -5.45939596e-03 
 3.48600000e-08 -4.96633137e-03 
 3.48800000e-08 -4.47256614e-03 
 3.49000000e-08 -3.97816949e-03 
 3.49200000e-08 -3.48321065e-03 
 3.49400000e-08 -2.98775885e-03 
 3.49600000e-08 -2.49188332e-03 
 3.49800000e-08 -1.99565328e-03 
 3.50000000e-08 -1.49913799e-03 
 3.50200000e-08 -1.00240667e-03 
 3.50400000e-08 -5.05528574e-04 
 3.50600000e-08 -8.57296832e-06 
 3.50800000e-08  4.88390885e-04 
 3.51000000e-08  9.85293707e-04 
 3.51200000e-08  1.48206621e-03 
 3.51400000e-08  1.97863909e-03 
 3.51600000e-08  2.47494303e-03 
 3.51800000e-08  2.97090870e-03 
 3.52000000e-08  3.46646675e-03 
 3.52200000e-08  3.96154782e-03 
 3.52400000e-08  4.45608252e-03 
 3.52600000e-08  4.95000145e-03 
 3.52800000e-08  5.44323518e-03 
 3.53000000e-08  5.93571429e-03 
 3.53200000e-08  6.42736929e-03 
 3.53400000e-08  6.91813071e-03 
 3.53600000e-08  7.40792905e-03 
 3.53800000e-08  7.89669479e-03 
 3.54000000e-08  8.38435837e-03 
 3.54200000e-08  8.87085024e-03 
 3.54400000e-08  9.35610081e-03 
 3.54600000e-08  9.84004049e-03 
 3.54800000e-08  1.03225997e-02 
 3.55000000e-08  1.08037087e-02 
 3.55200000e-08  1.12832980e-02 
 3.55400000e-08  1.17612978e-02 
 3.55600000e-08  1.22376385e-02 
 3.55800000e-08  1.27122505e-02 
 3.56000000e-08  1.31850641e-02 
 3.56200000e-08  1.36560096e-02 
 3.56400000e-08  1.41250173e-02 
 3.56600000e-08  1.45920177e-02 
 3.56800000e-08  1.50569410e-02 
 3.57000000e-08  1.55197177e-02 
 3.57200000e-08  1.59802781e-02 
 3.57400000e-08  1.64385528e-02 
 3.57600000e-08  1.68944721e-02 
 3.57800000e-08  1.73479667e-02 
 3.58000000e-08  1.77989670e-02 
 3.58200000e-08  1.82474037e-02 
 3.58400000e-08  1.86932075e-02 
 3.58600000e-08  1.91363091e-02 
 3.58800000e-08  1.95766394e-02 
 3.59000000e-08  2.00141294e-02 
 3.59200000e-08  2.04487100e-02 
 3.59400000e-08  2.08803124e-02 
 3.59600000e-08  2.13088678e-02 
 3.59800000e-08  2.17343077e-02 
 3.60000000e-08  2.21565636e-02 
 3.60200000e-08  2.25755672e-02 
 3.60400000e-08  2.29912504e-02 
 3.60600000e-08  2.34035451e-02 
 3.60800000e-08  2.38123836e-02 
 3.61000000e-08  2.42176984e-02 
 3.61200000e-08  2.46194221e-02 
 3.61400000e-08  2.50174875e-02 
 3.61600000e-08  2.54118279e-02 
 3.61800000e-08  2.58023766e-02 
 3.62000000e-08  2.61890673e-02 
 3.62200000e-08  2.65718340e-02 
 3.62400000e-08  2.69506110e-02 
 3.62600000e-08  2.73253328e-02 
 3.62800000e-08  2.76959345e-02 
 3.63000000e-08  2.80623514e-02 
 3.63200000e-08  2.84245192e-02 
 3.63400000e-08  2.87823741e-02 
 3.63600000e-08  2.91358525e-02 
 3.63800000e-08  2.94848914e-02 
 3.64000000e-08  2.98294283e-02 
 3.64200000e-08  3.01694011e-02 
 3.64400000e-08  3.05047482e-02 
 3.64600000e-08  3.08354086e-02 
 3.64800000e-08  3.11613216e-02 
 3.65000000e-08  3.14824274e-02 
 3.65200000e-08  3.17986666e-02 
 3.65400000e-08  3.21099804e-02 
 3.65600000e-08  3.24163106e-02 
 3.65800000e-08  3.27175997e-02 
 3.66000000e-08  3.30137910e-02 
 3.66200000e-08  3.33048282e-02 
 3.66400000e-08  3.35906560e-02 
 3.66600000e-08  3.38712197e-02 
 3.66800000e-08  3.41464652e-02 
 3.67000000e-08  3.44163396e-02 
 3.67200000e-08  3.46807903e-02 
 3.67400000e-08  3.49397660e-02 
 3.67600000e-08  3.51932159e-02 
 3.67800000e-08  3.54410903e-02 
 3.68000000e-08  3.56833402e-02 
 3.68200000e-08  3.59199177e-02 
 3.68400000e-08  3.61507756e-02 
 3.68600000e-08  3.63758679e-02 
 3.68800000e-08  3.65951496e-02 
 3.69000000e-08  3.68085764e-02 
 3.69200000e-08  3.70161053e-02 
 3.69400000e-08  3.72176942e-02 
 3.69600000e-08  3.74133023e-02 
 3.69800000e-08  3.76028895e-02 
 3.70000000e-08  3.77864171e-02 
 3.70200000e-08  3.79638475e-02 
 3.70400000e-08  3.81351441e-02 
 3.70600000e-08  3.83002717e-02 
 3.70800000e-08  3.84591959e-02 
 3.71000000e-08  3.86118840e-02 
 3.71200000e-08  3.87583040e-02 
 3.71400000e-08  3.88984255e-02 
 3.71600000e-08  3.90322193e-02 
 3.71800000e-08  3.91596574e-02 
 3.72000000e-08  3.92807130e-02 
 3.72200000e-08  3.93953607e-02 
 3.72400000e-08  3.95035764e-02 
 3.72600000e-08  3.96053373e-02 
 3.72800000e-08  3.97006221e-02 
 3.73000000e-08  3.97894105e-02 
 3.73200000e-08  3.98716838e-02 
 3.73400000e-08  3.99474248e-02 
 3.73600000e-08  4.00166173e-02 
 3.73800000e-08  4.00792468e-02 
 3.74000000e-08  4.01353000e-02 
 3.74200000e-08  4.01847653e-02 
 3.74400000e-08  4.02276321e-02 
 3.74600000e-08  4.02638915e-02 
 3.74800000e-08  4.02935359e-02 
 3.75000000e-08  4.03165593e-02 
 3.75200000e-08  4.03329568e-02 
 3.75400000e-08  4.03427253e-02 
 3.75600000e-08  4.03458629e-02 
 3.75800000e-08  4.03423692e-02 
 3.76000000e-08  4.03322452e-02 
 3.76200000e-08  4.03154934e-02 
 3.76400000e-08  4.02921177e-02 
 3.76600000e-08  4.02621233e-02 
 3.76800000e-08  4.02255170e-02 
 3.77000000e-08  4.01823071e-02 
 3.77200000e-08  4.01325030e-02 
 3.77400000e-08  4.00761157e-02 
 3.77600000e-08  4.00131577e-02 
 3.77800000e-08  3.99436427e-02 
 3.78000000e-08  3.98675859e-02 
 3.78200000e-08  3.97850039e-02 
 3.78400000e-08  3.96959145e-02 
 3.78600000e-08  3.96003370e-02 
 3.78800000e-08  3.94982921e-02 
 3.79000000e-08  3.93898017e-02 
 3.79200000e-08  3.92748890e-02 
 3.79400000e-08  3.91535788e-02 
 3.79600000e-08  3.90258968e-02 
 3.79800000e-08  3.88918702e-02 
 3.80000000e-08  3.87515274e-02 
 3.80200000e-08  3.86048981e-02 
 3.80400000e-08  3.84520132e-02 
 3.80600000e-08  3.82929049e-02 
 3.80800000e-08  3.81276064e-02 
 3.81000000e-08  3.79561522e-02 
 3.81200000e-08  3.77785780e-02 
 3.81400000e-08  3.75949206e-02 
 3.81600000e-08  3.74052180e-02 
 3.81800000e-08  3.72095091e-02 
 3.82000000e-08  3.70078340e-02 
 3.82200000e-08  3.68002341e-02 
 3.82400000e-08  3.65867513e-02 
 3.82600000e-08  3.63674291e-02 
 3.82800000e-08  3.61423116e-02 
 3.83000000e-08  3.59114441e-02 
 3.83200000e-08  3.56748727e-02 
 3.83400000e-08  3.54326446e-02 
 3.83600000e-08  3.51848078e-02 
 3.83800000e-08  3.49314112e-02 
 3.84000000e-08  3.46725046e-02 
 3.84200000e-08  3.44081387e-02 
 3.84400000e-08  3.41383649e-02 
 3.84600000e-08  3.38632354e-02 
 3.84800000e-08  3.35828034e-02 
 3.85000000e-08  3.32971225e-02 
 3.85200000e-08  3.30062475e-02 
 3.85400000e-08  3.27102335e-02 
 3.85600000e-08  3.24091364e-02 
 3.85800000e-08  3.21030130e-02 
 3.86000000e-08  3.17919204e-02 
 3.86200000e-08  3.14759165e-02 
 3.86400000e-08  3.11550599e-02 
 3.86600000e-08  3.08294096e-02 
 3.86800000e-08  3.04990253e-02 
 3.87000000e-08  3.01639672e-02 
 3.87200000e-08  2.98242960e-02 
 3.87400000e-08  2.94800728e-02 
 3.87600000e-08  2.91313594e-02 
 3.87800000e-08  2.87782180e-02 
 3.88000000e-08  2.84207110e-02 
 3.88200000e-08  2.80589017e-02 
 3.88400000e-08  2.76928533e-02 
 3.88600000e-08  2.73226298e-02 
 3.88800000e-08  2.69482952e-02 
 3.89000000e-08  2.65699142e-02 
 3.89200000e-08  2.61875516e-02 
 3.89400000e-08  2.58012725e-02 
 3.89600000e-08  2.54111425e-02 
 3.89800000e-08  2.50172275e-02 
 3.90000000e-08  2.46195933e-02 
 3.90200000e-08  2.42183063e-02 
 3.90400000e-08  2.38134331e-02 
 3.90600000e-08  2.34050405e-02 
 3.90800000e-08  2.29931953e-02 
 3.91000000e-08  2.25779649e-02 
 3.91200000e-08  2.21594166e-02 
 3.91400000e-08  2.17376180e-02 
 3.91600000e-08  2.13126367e-02 
 3.91800000e-08  2.08845406e-02 
 3.92000000e-08  2.04533978e-02 
 3.92200000e-08  2.00192764e-02 
 3.92400000e-08  1.95822446e-02 
 3.92600000e-08  1.91423708e-02 
 3.92800000e-08  1.86997235e-02 
 3.93000000e-08  1.82543713e-02 
 3.93200000e-08  1.78063828e-02 
 3.93400000e-08  1.73558267e-02 
 3.93600000e-08  1.69027718e-02 
 3.93800000e-08  1.64472871e-02 
 3.94000000e-08  1.59894414e-02 
 3.94200000e-08  1.55293037e-02 
 3.94400000e-08  1.50669430e-02 
 3.94600000e-08  1.46024283e-02 
 3.94800000e-08  1.41358288e-02 
 3.95000000e-08  1.36672136e-02 
 3.95200000e-08  1.31966517e-02 
 3.95400000e-08  1.27242125e-02 
 3.95600000e-08  1.22499650e-02 
 3.95800000e-08  1.17739784e-02 
 3.96000000e-08  1.12963220e-02 
 3.96200000e-08  1.08170650e-02 
 3.96400000e-08  1.03362765e-02 
 3.96600000e-08  9.85402593e-03 
 3.96800000e-08  9.37038238e-03 
 3.97000000e-08  8.88541511e-03 
 3.97200000e-08  8.39919337e-03 
 3.97400000e-08  7.91178639e-03 
 3.97600000e-08  7.42326340e-03 
 3.97800000e-08  6.93369363e-03 
 3.98000000e-08  6.44314632e-03 
 3.98200000e-08  5.95169068e-03 
 3.98400000e-08  5.45939596e-03 
 3.98600000e-08  4.96633137e-03 
 3.98800000e-08  4.47256614e-03 
 3.99000000e-08  3.97816949e-03 
 3.99200000e-08  3.48321065e-03 
 3.99400000e-08  2.98775885e-03 
 3.99600000e-08  2.49188332e-03 
 3.99800000e-08  1.99565328e-03 
 4.00000000e-08  1.49913799e-03 
 4.00200000e-08  1.00240667e-03 
 4.00400000e-08  5.05528574e-04 
 4.00600000e-08  8.57296827e-06 
 4.00800000e-08 -4.88390885e-04 
 4.01000000e-08 -9.85293707e-04 
 4.01200000e-08 -1.48206621e-03 
 4.01400000e-08 -1.97863909e-03 
 4.01600000e-08 -2.47494303e-03 
 4.01800000e-08 -2.97090870e-03 
 4.02000000e-08 -3.46646675e-03 
 4.02200000e-08 -3.96154782e-03 
 4.02400000e-08 -4.45608252e-03 
 4.02600000e-08 -4.95000145e-03 
 4.02800000e-08 -5.44323518e-03 
 4.03000000e-08 -5.93571429e-03 
 4.03200000e-08 -6.42736929e-03 
 4.03400000e-08 -6.91813071e-03 
 4.03600000e-08 -7.40792905e-03 
 4.03800000e-08 -7.89669479e-03 
 4.04000000e-08 -8.38435837e-03 
 4.04200000e-08 -8.87085024e-03 
 4.04400000e-08 -9.35610081e-03 
 4.04600000e-08 -9.84004049e-03 
 4.04800000e-08 -1.03225997e-02 
 4.05000000e-08 -1.08037087e-02 
 4.05200000e-08 -1.12832980e-02 
 4.05400000e-08 -1.17612978e-02 
 4.05600000e-08 -1.22376385e-02 
 4.05800000e-08 -1.27122505e-02 
 4.06000000e-08 -1.31850641e-02 
 4.06200000e-08 -1.36560096e-02 
 4.06400000e-08 -1.41250173e-02 
 4.06600000e-08 -1.45920177e-02 
 4.06800000e-08 -1.50569410e-02 
 4.07000000e-08 -1.55197177e-02 
 4.07200000e-08 -1.59802781e-02 
 4.07400000e-08 -1.64385528e-02 
 4.07600000e-08 -1.68944721e-02 
 4.07800000e-08 -1.73479667e-02 
 4.08000000e-08 -1.77989670e-02 
 4.08200000e-08 -1.82474037e-02 
 4.08400000e-08 -1.86932075e-02 
 4.08600000e-08 -1.91363091e-02 
 4.08800000e-08 -1.95766394e-02 
 4.09000000e-08 -2.00141294e-02 
 4.09200000e-08 -2.04487100e-02 
 4.09400000e-08 -2.08803124e-02 
 4.09600000e-08 -2.13088678e-02 
 4.09800000e-08 -2.17343077e-02 
 4.10000000e-08 -2.21565636e-02 
 4.10200000e-08 -2.25755672e-02 
 4.10400000e-08 -2.29912504e-02 
 4.10600000e-08 -2.34035451e-02 
 4.10800000e-08 -2.38123836e-02 
 4.11000000e-08 -2.42176984e-02 
 4.11200000e-08 -2.46194221e-02 
 4.11400000e-08 -2.50174875e-02 
 4.11600000e-08 -2.54118279e-02 
 4.11800000e-08 -2.58023766e-02 
 4.12000000e-08 -2.61890673e-02 
 4.12200000e-08 -2.65718340e-02 
 4.12400000e-08 -2.69506110e-02 
 4.12600000e-08 -2.73253328e-02 
 4.12800000e-08 -2.76959345e-02 
 4.13000000e-08 -2.80623514e-02 
 4.13200000e-08 -2.84245192e-02 
 4.13400000e-08 -2.87823741e-02 
 4.13600000e-08 -2.91358525e-02 
 4.13800000e-08 -2.94848914e-02 
 4.14000000e-08 -2.98294283e-02 
 4.14200000e-08 -3.01694011e-02 
 4.14400000e-08 -3.05047482e-02 
 4.14600000e-08 -3.08354086e-02 
 4.14800000e-08 -3.11613216e-02 
 4.15000000e-08 -3.14824274e-02 
 4.15200000e-08 -3.17986666e-02 
 4.15400000e-08 -3.21099804e-02 
 4.15600000e-08 -3.24163106e-02 
 4.15800000e-08 -3.27175997e-02 
 4.16000000e-08 -3.30137910e-02 
 4.16200000e-08 -3.33048282e-02 
 4.16400000e-08 -3.35906560e-02 
 4.16600000e-08 -3.38712197e-02 
 4.16800000e-08 -3.41464652e-02 
 4.17000000e-08 -3.44163396e-02 
 4.17200000e-08 -3.46807903e-02 
 4.17400000e-08 -3.49397660e-02 
 4.17600000e-08 -3.51932159e-02 
 4.17800000e-08 -3.54410903e-02 
 4.18000000e-08 -3.56833402e-02 
 4.18200000e-08 -3.59199177e-02 
 4.18400000e-08 -3.61507756e-02 
 4.18600000e-08 -3.63758679e-02 
 4.18800000e-08 -3.65951496e-02 
 4.19000000e-08 -3.68085764e-02 
 4.19200000e-08 -3.70161053e-02 
 4.19400000e-08 -3.72176942e-02 
 4.19600000e-08 -3.74133023e-02 
 4.19800000e-08 -3.76028895e-02 
 4.20000000e-08 -3.77864171e-02 
 4.20200000e-08 -3.79638475e-02 
 4.20400000e-08 -3.81351441e-02 
 4.20600000e-08 -3.83002717e-02 
 4.20800000e-08 -3.84591959e-02 
 4.21000000e-08 -3.86118840e-02 
 4.21200000e-08 -3.87583040e-02 
 4.21400000e-08 -3.88984255e-02 
 4.21600000e-08 -3.90322193e-02 
 4.21800000e-08 -3.91596574e-02 
 4.22000000e-08 -3.92807130e-02 
 4.22200000e-08 -3.93953607e-02 
 4.22400000e-08 -3.95035764e-02 
 4.22600000e-08 -3.96053373e-02 
 4.22800000e-08 -3.97006221e-02 
 4.23000000e-08 -3.97894105e-02 
 4.23200000e-08 -3.98716838e-02 
 4.23400000e-08 -3.99474248e-02 
 4.23600000e-08 -4.00166173e-02 
 4.23800000e-08 -4.00792468e-02 
 4.24000000e-08 -4.01353000e-02 
 4.24200000e-08 -4.01847653e-02 
 4.24400000e-08 -4.02276321e-02 
 4.24600000e-08 -4.02638915e-02 
 4.24800000e-08 -4.02935359e-02 
 4.25000000e-08 -4.03165593e-02 
 4.25200000e-08 -4.03329568e-02 
 4.25400000e-08 -4.03427253e-02 
 4.25600000e-08 -4.03458629e-02 
 4.25800000e-08 -4.03423692e-02 
 4.26000000e-08 -4.03322452e-02 
 4.26200000e-08 -4.03154934e-02 
 4.26400000e-08 -4.02921177e-02 
 4.26600000e-08 -4.02621233e-02 
 4.26800000e-08 -4.02255170e-02 
 4.27000000e-08 -4.01823071e-02 
 4.27200000e-08 -4.01325030e-02 
 4.27400000e-08 -4.00761157e-02 
 4.27600000e-08 -4.00131577e-02 
 4.27800000e-08 -3.99436427e-02 
 4.28000000e-08 -3.98675859e-02 
 4.28200000e-08 -3.97850039e-02 
 4.28400000e-08 -3.96959145e-02 
 4.28600000e-08 -3.96003370e-02 
 4.28800000e-08 -3.94982921e-02 
 4.29000000e-08 -3.93898017e-02 
 4.29200000e-08 -3.92748890e-02 
 4.29400000e-08 -3.91535788e-02 
 4.29600000e-08 -3.90258968e-02 
 4.29800000e-08 -3.88918702e-02 
 4.30000000e-08 -3.87515274e-02 
 4.30200000e-08 -3.86048981e-02 
 4.30400000e-08 -3.84520132e-02 
 4.30600000e-08 -3.82929049e-02 
 4.30800000e-08 -3.81276064e-02 
 4.31000000e-08 -3.79561522e-02 
 4.31200000e-08 -3.77785780e-02 
 4.31400000e-08 -3.75949206e-02 
 4.31600000e-08 -3.74052180e-02 
 4.31800000e-08 -3.72095091e-02 
 4.32000000e-08 -3.70078340e-02 
 4.32200000e-08 -3.68002341e-02 
 4.32400000e-08 -3.65867513e-02 
 4.32600000e-08 -3.63674291e-02 
 4.32800000e-08 -3.61423116e-02 
 4.33000000e-08 -3.59114441e-02 
 4.33200000e-08 -3.56748727e-02 
 4.33400000e-08 -3.54326446e-02 
 4.33600000e-08 -3.51848078e-02 
 4.33800000e-08 -3.49314112e-02 
 4.34000000e-08 -3.46725046e-02 
 4.34200000e-08 -3.44081387e-02 
 4.34400000e-08 -3.41383649e-02 
 4.34600000e-08 -3.38632354e-02 
 4.34800000e-08 -3.35828034e-02 
 4.35000000e-08 -3.32971225e-02 
 4.35200000e-08 -3.30062475e-02 
 4.35400000e-08 -3.27102335e-02 
 4.35600000e-08 -3.24091364e-02 
 4.35800000e-08 -3.21030130e-02 
 4.36000000e-08 -3.17919204e-02 
 4.36200000e-08 -3.14759165e-02 
 4.36400000e-08 -3.11550599e-02 
 4.36600000e-08 -3.08294096e-02 
 4.36800000e-08 -3.04990253e-02 
 4.37000000e-08 -3.01639672e-02 
 4.37200000e-08 -2.98242960e-02 
 4.37400000e-08 -2.94800728e-02 
 4.37600000e-08 -2.91313594e-02 
 4.37800000e-08 -2.87782180e-02 
 4.38000000e-08 -2.84207110e-02 
 4.38200000e-08 -2.80589017e-02 
 4.38400000e-08 -2.76928533e-02 
 4.38600000e-08 -2.73226298e-02 
 4.38800000e-08 -2.69482952e-02 
 4.39000000e-08 -2.65699142e-02 
 4.39200000e-08 -2.61875516e-02 
 4.39400000e-08 -2.58012725e-02 
 4.39600000e-08 -2.54111425e-02 
 4.39800000e-08 -2.50172275e-02 
 4.40000000e-08 -2.46195933e-02 
 4.40200000e-08 -2.42183063e-02 
 4.40400000e-08 -2.38134331e-02 
 4.40600000e-08 -2.34050405e-02 
 4.40800000e-08 -2.29931953e-02 
 4.41000000e-08 -2.25779649e-02 
 4.41200000e-08 -2.21594166e-02 
 4.41400000e-08 -2.17376180e-02 
 4.41600000e-08 -2.13126367e-02 
 4.41800000e-08 -2.08845406e-02 
 4.42000000e-08 -2.04533978e-02 
 4.42200000e-08 -2.00192764e-02 
 4.42400000e-08 -1.95822446e-02 
 4.42600000e-08 -1.91423708e-02 
 4.42800000e-08 -1.86997235e-02 
 4.43000000e-08 -1.82543713e-02 
 4.43200000e-08 -1.78063828e-02 
 4.43400000e-08 -1.73558267e-02 
 4.43600000e-08 -1.69027718e-02 
 4.43800000e-08 -1.64472871e-02 
 4.44000000e-08 -1.59894414e-02 
 4.44200000e-08 -1.55293037e-02 
 4.44400000e-08 -1.50669430e-02 
 4.44600000e-08 -1.46024283e-02 
 4.44800000e-08 -1.41358288e-02 
 4.45000000e-08 -1.36672136e-02 
 4.45200000e-08 -1.31966517e-02 
 4.45400000e-08 -1.27242125e-02 
 4.45600000e-08 -1.22499650e-02 
 4.45800000e-08 -1.17739784e-02 
 4.46000000e-08 -1.12963220e-02 
 4.46200000e-08 -1.08170650e-02 
 4.46400000e-08 -1.03362765e-02 
 4.46600000e-08 -9.85402593e-03 
 4.46800000e-08 -9.37038238e-03 
 4.47000000e-08 -8.88541511e-03 
 4.47200000e-08 -8.39919337e-03 
 4.47400000e-08 -7.91178639e-03 
 4.47600000e-08 -7.42326340e-03 
 4.47800000e-08 -6.93369363e-03 
 4.48000000e-08 -6.44314632e-03 
 4.48200000e-08 -5.95169068e-03 
 4.48400000e-08 -5.45939596e-03 
 4.48600000e-08 -4.96633137e-03 
 4.48800000e-08 -4.47256614e-03 
 4.49000000e-08 -3.97816949e-03 
 4.49200000e-08 -3.48321065e-03 
 4.49400000e-08 -2.98775885e-03 
 4.49600000e-08 -2.49188332e-03 
 4.49800000e-08 -1.99565328e-03 
 4.50000000e-08 -1.49913799e-03 
 4.50200000e-08 -1.00240667e-03 
 4.50400000e-08 -5.05528574e-04 
 4.50600000e-08 -8.57296835e-06 
 4.50800000e-08  4.88390885e-04 
 4.51000000e-08  9.85293707e-04 
 4.51200000e-08  1.48206621e-03 
 4.51400000e-08  1.97863909e-03 
 4.51600000e-08  2.47494303e-03 
 4.51800000e-08  2.97090870e-03 
 4.52000000e-08  3.46646675e-03 
 4.52200000e-08  3.96154782e-03 
 4.52400000e-08  4.45608252e-03 
 4.52600000e-08  4.95000145e-03 
 4.52800000e-08  5.44323518e-03 
 4.53000000e-08  5.93571429e-03 
 4.53200000e-08  6.42736929e-03 
 4.53400000e-08  6.91813071e-03 
 4.53600000e-08  7.40792905e-03 
 4.53800000e-08  7.89669479e-03 
 4.54000000e-08  8.38435837e-03 
 4.54200000e-08  8.87085024e-03 
 4.54400000e-08  9.35610081e-03 
 4.54600000e-08  9.84004049e-03 
 4.54800000e-08  1.03225997e-02 
 4.55000000e-08  1.08037087e-02 
 4.55200000e-08  1.12832980e-02 
 4.55400000e-08  1.17612978e-02 
 4.55600000e-08  1.22376385e-02 
 4.55800000e-08  1.27122505e-02 
 4.56000000e-08  1.31850641e-02 
 4.56200000e-08  1.36560096e-02 
 4.56400000e-08  1.41250173e-02 
 4.56600000e-08  1.45920177e-02 
 4.56800000e-08  1.50569410e-02 
 4.57000000e-08  1.55197177e-02 
 4.57200000e-08  1.59802781e-02 
 4.57400000e-08  1.64385528e-02 
 4.57600000e-08  1.68944721e-02 
 4.57800000e-08  1.73479667e-02 
 4.58000000e-08  1.77989670e-02 
 4.58200000e-08  1.82474037e-02 
 4.58400000e-08  1.86932075e-02 
 4.58600000e-08  1.91363091e-02 
 4.58800000e-08  1.95766394e-02 
 4.59000000e-08  2.00141294e-02 
 4.59200000e-08  2.04487100e-02 
 4.59400000e-08  2.08803124e-02 
 4.59600000e-08  2.13088678e-02 
 4.59800000e-08  2.17343077e-02 
 4.60000000e-08  2.21565636e-02 
 4.60200000e-08  2.25755672e-02 
 4.60400000e-08  2.29912504e-02 
 4.60600000e-08  2.34035451e-02 
 4.60800000e-08  2.38123836e-02 
 4.61000000e-08  2.42176984e-02 
 4.61200000e-08  2.46194221e-02 
 4.61400000e-08  2.50174875e-02 
 4.61600000e-08  2.54118279e-02 
 4.61800000e-08  2.58023766e-02 
 4.62000000e-08  2.61890673e-02 
 4.62200000e-08  2.65718340e-02 
 4.62400000e-08  2.69506110e-02 
 4.62600000e-08  2.73253328e-02 
 4.62800000e-08  2.76959345e-02 
 4.63000000e-08  2.80623514e-02 
 4.63200000e-08  2.84245192e-02 
 4.63400000e-08  2.87823741e-02 
 4.63600000e-08  2.91358525e-02 
 4.63800000e-08  2.94848914e-02 
 4.64000000e-08  2.98294283e-02 
 4.64200000e-08  3.01694011e-02 
 4.64400000e-08  3.05047482e-02 
 4.64600000e-08  3.08354086e-02 
 4.64800000e-08  3.11613216e-02 
 4.65000000e-08  3.14824274e-02 
 4.65200000e-08  3.17986666e-02 
 4.65400000e-08  3.21099804e-02 
 4.65600000e-08  3.24163106e-02 
 4.65800000e-08  3.27175997e-02 
 4.66000000e-08  3.30137910e-02 
 4.66200000e-08  3.33048282e-02 
 4.66400000e-08  3.35906560e-02 
 4.66600000e-08  3.38712197e-02 
 4.66800000e-08  3.41464652e-02 
 4.67000000e-08  3.44163396e-02 
 4.67200000e-08  3.46807903e-02 
 4.67400000e-08  3.49397660e-02 
 4.67600000e-08  3.51932159e-02 
 4.67800000e-08  3.54410903e-02 
 4.68000000e-08  3.56833402e-02 
 4.68200000e-08  3.59199177e-02 
 4.68400000e-08  3.61507756e-02 
 4.68600000e-08  3.63758679e-02 
 4.68800000e-08  3.65951496e-02 
 4.69000000e-08  3.68085764e-02 
 4.69200000e-08  3.70161053e-02 
 4.69400000e-08  3.72176942e-02 
 4.69600000e-08  3.74133023e-02 
 4.69800000e-08  3.76028895e-02 
 4.70000000e-08  3.77864171e-02 
 4.70200000e-08  3.79638475e-02 
 4.70400000e-08  3.81351441e-02 
 4.70600000e-08  3.83002717e-02 
 4.70800000e-08  3.84591959e-02 
 4.71000000e-08  3.86118840e-02 
 4.71200000e-08  3.87583040e-02 
 4.71400000e-08  3.88984255e-02 
 4.71600000e-08  3.90322193e-02 
 4.71800000e-08  3.91596574e-02 
 4.72000000e-08  3.92807130e-02 
 4.72200000e-08  3.93953607e-02 
 4.72400000e-08  3.95035764e-02 
 4.72600000e-08  3.96053373e-02 
 4.72800000e-08  3.97006221e-02 
 4.73000000e-08  3.97894105e-02 
 4.73200000e-08  3.98716838e-02 
 4.73400000e-08  3.99474248e-02 
 4.73600000e-08  4.00166173e-02 
 4.73800000e-08  4.00792468e-02 
 4.74000000e-08  4.01353000e-02 
 4.74200000e-08  4.01847653e-02 
 4.74400000e-08  4.02276321e-02 
 4.74600000e-08  4.02638915e-02 
 4.74800000e-08  4.02935359e-02 
 4.75000000e-08  4.03165593e-02 
 4.75200000e-08  4.03329568e-02 
 4.75400000e-08  4.03427253e-02 
 4.75600000e-08  4.03458629e-02 
 4.75800000e-08  4.03423692e-02 
 4.76000000e-08  4.03322452e-02 
 4.76200000e-08  4.03154934e-02 
 4.76400000e-08  4.02921177e-02 
 4.76600000e-08  4.02621233e-02 
 4.76800000e-08  4.02255170e-02 
 4.77000000e-08  4.01823071e-02 
 4.77200000e-08  4.01325030e-02 
 4.77400000e-08  4.00761157e-02 
 4.77600000e-08  4.00131577e-02 
 4.77800000e-08  3.99436427e-02 
 4.78000000e-08  3.98675859e-02 
 4.78200000e-08  3.97850039e-02 
 4.78400000e-08  3.96959145e-02 
 4.78600000e-08  3.96003370e-02 
 4.78800000e-08  3.94982921e-02 
 4.79000000e-08  3.93898017e-02 
 4.79200000e-08  3.92748890e-02 
 4.79400000e-08  3.91535788e-02 
 4.79600000e-08  3.90258968e-02 
 4.79800000e-08  3.88918702e-02 
 4.80000000e-08  3.87515274e-02 
 4.80200000e-08  3.86048981e-02 
 4.80400000e-08  3.84520132e-02 
 4.80600000e-08  3.82929049e-02 
 4.80800000e-08  3.81276064e-02 
 4.81000000e-08  3.79561522e-02 
 4.81200000e-08  3.77785780e-02 
 4.81400000e-08  3.75949206e-02 
 4.81600000e-08  3.74052180e-02 
 4.81800000e-08  3.72095091e-02 
 4.82000000e-08  3.70078340e-02 
 4.82200000e-08  3.68002341e-02 
 4.82400000e-08  3.65867513e-02 
 4.82600000e-08  3.63674291e-02 
 4.82800000e-08  3.61423116e-02 
 4.83000000e-08  3.59114441e-02 
 4.83200000e-08  3.56748727e-02 
 4.83400000e-08  3.54326446e-02 
 4.83600000e-08  3.51848078e-02 
 4.83800000e-08  3.49314112e-02 
 4.84000000e-08  3.46725046e-02 
 4.84200000e-08  3.44081387e-02 
 4.84400000e-08  3.41383649e-02 
 4.84600000e-08  3.38632354e-02 
 4.84800000e-08  3.35828034e-02 
 4.85000000e-08  3.32971225e-02 
 4.85200000e-08  3.30062475e-02 
 4.85400000e-08  3.27102335e-02 
 4.85600000e-08  3.24091364e-02 
 4.85800000e-08  3.21030130e-02 
 4.86000000e-08  3.17919204e-02 
 4.86200000e-08  3.14759165e-02 
 4.86400000e-08  3.11550599e-02 
 4.86600000e-08  3.08294096e-02 
 4.86800000e-08  3.04990253e-02 
 4.87000000e-08  3.01639672e-02 
 4.87200000e-08  2.98242960e-02 
 4.87400000e-08  2.94800728e-02 
 4.87600000e-08  2.91313594e-02 
 4.87800000e-08  2.87782180e-02 
 4.88000000e-08  2.84207110e-02 
 4.88200000e-08  2.80589017e-02 
 4.88400000e-08  2.76928533e-02 
 4.88600000e-08  2.73226298e-02 
 4.88800000e-08  2.69482952e-02 
 4.89000000e-08  2.65699142e-02 
 4.89200000e-08  2.61875516e-02 
 4.89400000e-08  2.58012725e-02 
 4.89600000e-08  2.54111425e-02 
 4.89800000e-08  2.50172275e-02 
 4.90000000e-08  2.46195933e-02 
 4.90200000e-08  2.42183063e-02 
 4.90400000e-08  2.38134331e-02 
 4.90600000e-08  2.34050405e-02 
 4.90800000e-08  2.29931953e-02 
 4.91000000e-08  2.25779649e-02 
 4.91200000e-08  2.21594166e-02 
 4.91400000e-08  2.17376180e-02 
 4.91600000e-08  2.13126367e-02 
 4.91800000e-08  2.08845406e-02 
 4.92000000e-08  2.04533978e-02 
 4.92200000e-08  2.00192764e-02 
 4.92400000e-08  1.95822446e-02 
 4.92600000e-08  1.91423708e-02 
 4.92800000e-08  1.86997235e-02 
 4.93000000e-08  1.82543713e-02 
 4.93200000e-08  1.78063828e-02 
 4.93400000e-08  1.73558267e-02 
 4.93600000e-08  1.69027718e-02 
 4.93800000e-08  1.64472871e-02 
 4.94000000e-08  1.59894414e-02 
 4.94200000e-08  1.55293037e-02 
 4.94400000e-08  1.50669430e-02 
 4.94600000e-08  1.46024283e-02 
 4.94800000e-08  1.41358288e-02 
 4.95000000e-08  1.36672136e-02 
 4.95200000e-08  1.31966517e-02 
 4.95400000e-08  1.27242125e-02 
 4.95600000e-08  1.22499650e-02 
 4.95800000e-08  1.17739784e-02 
 4.96000000e-08  1.12963220e-02 
 4.96200000e-08  1.08170650e-02 
 4.96400000e-08  1.03362765e-02 
 4.96600000e-08  9.85402593e-03 
 4.96800000e-08  9.37038238e-03 
 4.97000000e-08  8.88541511e-03 
 4.97200000e-08  8.39919337e-03 
 4.97400000e-08  7.91178639e-03 
 4.97600000e-08  7.42326340e-03 
 4.97800000e-08  6.93369363e-03 
 4.98000000e-08  6.44314632e-03 
 4.98200000e-08  5.95169068e-03 
 4.98400000e-08  5.45939596e-03 
 4.98600000e-08  4.96633137e-03 
 4.98800000e-08  4.47256614e-03 
 4.99000000e-08  3.97816949e-03 
 4.99200000e-08  3.48321065e-03 
 4.99400000e-08  2.98775885e-03 
 4.99600000e-08  2.49188332e-03 
 4.99800000e-08  1.99565328e-03 
 5.00000000e-08  1.49913799e-03 
 5.00200000e-08  1.00240667e-03 
 5.00400000e-08  5.05528574e-04 
 5.00600000e-08  8.57296829e-06 
 5.00800000e-08 -4.88390885e-04 
 5.01000000e-08 -9.85293707e-04 
 5.01200000e-08 -1.48206621e-03 
 5.01400000e-08 -1.97863909e-03 
 5.01600000e-08 -2.47494303e-03 
 5.01800000e-08 -2.97090870e-03 
 5.02000000e-08 -3.46646675e-03 
 5.02200000e-08 -3.96154782e-03 
 5.02400000e-08 -4.45608252e-03 
 5.02600000e-08 -4.95000145e-03 
 5.02800000e-08 -5.44323518e-03 
 5.03000000e-08 -5.93571429e-03 
 5.03200000e-08 -6.42736929e-03 
 5.03400000e-08 -6.91813071e-03 
 5.03600000e-08 -7.40792905e-03 
 5.03800000e-08 -7.89669479e-03 
 5.04000000e-08 -8.38435837e-03 
 5.04200000e-08 -8.87085024e-03 
 5.04400000e-08 -9.35610081e-03 
 5.04600000e-08 -9.84004049e-03 
 5.04800000e-08 -1.03225997e-02 
 5.05000000e-08 -1.08037087e-02 
 5.05200000e-08 -1.12832980e-02 
 5.05400000e-08 -1.17612978e-02 
 5.05600000e-08 -1.22376385e-02 
 5.05800000e-08 -1.27122505e-02 
 5.06000000e-08 -1.31850641e-02 
 5.06200000e-08 -1.36560096e-02 
 5.06400000e-08 -1.41250173e-02 
 5.06600000e-08 -1.45920177e-02 
 5.06800000e-08 -1.50569410e-02 
 5.07000000e-08 -1.55197177e-02 
 5.07200000e-08 -1.59802781e-02 
 5.07400000e-08 -1.64385528e-02 
 5.07600000e-08 -1.68944721e-02 
 5.07800000e-08 -1.73479667e-02 
 5.08000000e-08 -1.77989670e-02 
 5.08200000e-08 -1.82474037e-02 
 5.08400000e-08 -1.86932075e-02 
 5.08600000e-08 -1.91363091e-02 
 5.08800000e-08 -1.95766394e-02 
 5.09000000e-08 -2.00141294e-02 
 5.09200000e-08 -2.04487100e-02 
 5.09400000e-08 -2.08803124e-02 
 5.09600000e-08 -2.13088678e-02 
 5.09800000e-08 -2.17343077e-02 
 5.10000000e-08 -2.21565636e-02 
 5.10200000e-08 -2.25755672e-02 
 5.10400000e-08 -2.29912504e-02 
 5.10600000e-08 -2.34035451e-02 
 5.10800000e-08 -2.38123836e-02 
 5.11000000e-08 -2.42176984e-02 
 5.11200000e-08 -2.46194221e-02 
 5.11400000e-08 -2.50174875e-02 
 5.11600000e-08 -2.54118279e-02 
 5.11800000e-08 -2.58023766e-02 
 5.12000000e-08 -2.61890673e-02 
 5.12200000e-08 -2.65718340e-02 
 5.12400000e-08 -2.69506110e-02 
 5.12600000e-08 -2.73253328e-02 
 5.12800000e-08 -2.76959345e-02 
 5.13000000e-08 -2.80623514e-02 
 5.13200000e-08 -2.84245192e-02 
 5.13400000e-08 -2.87823741e-02 
 5.13600000e-08 -2.91358525e-02 
 5.13800000e-08 -2.94848914e-02 
 5.14000000e-08 -2.98294283e-02 
 5.14200000e-08 -3.01694011e-02 
 5.14400000e-08 -3.05047482e-02 
 5.14600000e-08 -3.08354086e-02 
 5.14800000e-08 -3.11613216e-02 
 5.15000000e-08 -3.14824274e-02 
 5.15200000e-08 -3.17986666e-02 
 5.15400000e-08 -3.21099804e-02 
 5.15600000e-08 -3.24163106e-02 
 5.15800000e-08 -3.27175997e-02 
 5.16000000e-08 -3.30137910e-02 
 5.16200000e-08 -3.33048282e-02 
 5.16400000e-08 -3.35906560e-02 
 5.16600000e-08 -3.38712197e-02 
 5.16800000e-08 -3.41464652e-02 
 5.17000000e-08 -3.44163396e-02 
 5.17200000e-08 -3.46807903e-02 
 5.17400000e-08 -3.49397660e-02 
 5.17600000e-08 -3.51932159e-02 
 5.17800000e-08 -3.54410903e-02 
 5.18000000e-08 -3.56833402e-02 
 5.18200000e-08 -3.59199177e-02 
 5.18400000e-08 -3.61507756e-02 
 5.18600000e-08 -3.63758679e-02 
 5.18800000e-08 -3.65951496e-02 
 5.19000000e-08 -3.68085764e-02 
 5.19200000e-08 -3.70161053e-02 
 5.19400000e-08 -3.72176942e-02 
 5.19600000e-08 -3.74133023e-02 
 5.19800000e-08 -3.76028895e-02 
 5.20000000e-08 -3.77864171e-02 
 5.20200000e-08 -3.79638475e-02 
 5.20400000e-08 -3.81351441e-02 
 5.20600000e-08 -3.83002717e-02 
 5.20800000e-08 -3.84591959e-02 
 5.21000000e-08 -3.86118840e-02 
 5.21200000e-08 -3.87583040e-02 
 5.21400000e-08 -3.88984255e-02 
 5.21600000e-08 -3.90322193e-02 
 5.21800000e-08 -3.91596574e-02 
 5.22000000e-08 -3.92807130e-02 
 5.22200000e-08 -3.93953607e-02 
 5.22400000e-08 -3.95035764e-02 
 5.22600000e-08 -3.96053373e-02 
 5.22800000e-08 -3.97006221e-02 
 5.23000000e-08 -3.97894105e-02 
 5.23200000e-08 -3.98716838e-02 
 5.23400000e-08 -3.99474248e-02 
 5.23600000e-08 -4.00166173e-02 
 5.23800000e-08 -4.00792468e-02 
 5.24000000e-08 -4.01353000e-02 
 5.24200000e-08 -4.01847653e-02 
 5.24400000e-08 -4.02276321e-02 
 5.24600000e-08 -4.02638915e-02 
 5.24800000e-08 -4.02935359e-02 
 5.25000000e-08 -4.03165593e-02 
 5.25200000e-08 -4.03329568e-02 
 5.25400000e-08 -4.03427253e-02 
 5.25600000e-08 -4.03458629e-02 
 5.25800000e-08 -4.03423692e-02 
 5.26000000e-08 -4.03322452e-02 
 5.26200000e-08 -4.03154934e-02 
 5.26400000e-08 -4.02921177e-02 
 5.26600000e-08 -4.02621233e-02 
 5.26800000e-08 -4.02255170e-02 
 5.27000000e-08 -4.01823071e-02 
 5.27200000e-08 -4.01325030e-02 
 5.27400000e-08 -4.00761157e-02 
 5.27600000e-08 -4.00131577e-02 
 5.27800000e-08 -3.99436427e-02 
 5.28000000e-08 -3.98675859e-02 
 5.28200000e-08 -3.97850039e-02 
 5.28400000e-08 -3.96959145e-02 
 5.28600000e-08 -3.96003370e-02 
 5.28800000e-08 -3.94982921e-02 
 5.29000000e-08 -3.93898017e-02 
 5.29200000e-08 -3.92748890e-02 
 5.29400000e-08 -3.91535788e-02 
 5.29600000e-08 -3.90258968e-02 
 5.29800000e-08 -3.88918702e-02 
 5.30000000e-08 -3.87515274e-02 
 5.30200000e-08 -3.86048981e-02 
 5.30400000e-08 -3.84520132e-02 
 5.30600000e-08 -3.82929049e-02 
 5.30800000e-08 -3.81276064e-02 
 5.31000000e-08 -3.79561522e-02 
 5.31200000e-08 -3.77785780e-02 
 5.31400000e-08 -3.75949206e-02 
 5.31600000e-08 -3.74052180e-02 
 5.31800000e-08 -3.72095091e-02 
 5.32000000e-08 -3.70078340e-02 
 5.32200000e-08 -3.68002341e-02 
 5.32400000e-08 -3.65867513e-02 
 5.32600000e-08 -3.63674291e-02 
 5.32800000e-08 -3.61423116e-02 
 5.33000000e-08 -3.59114441e-02 
 5.33200000e-08 -3.56748727e-02 
 5.33400000e-08 -3.54326446e-02 
 5.33600000e-08 -3.51848078e-02 
 5.33800000e-08 -3.49314112e-02 
 5.34000000e-08 -3.46725046e-02 
 5.34200000e-08 -3.44081387e-02 
 5.34400000e-08 -3.41383649e-02 
 5.34600000e-08 -3.38632354e-02 
 5.34800000e-08 -3.35828034e-02 
 5.35000000e-08 -3.32971225e-02 
 5.35200000e-08 -3.30062475e-02 
 5.35400000e-08 -3.27102335e-02 
 5.35600000e-08 -3.24091364e-02 
 5.35800000e-08 -3.21030130e-02 
 5.36000000e-08 -3.17919204e-02 
 5.36200000e-08 -3.14759165e-02 
 5.36400000e-08 -3.11550599e-02 
 5.36600000e-08 -3.08294096e-02 
 5.36800000e-08 -3.04990253e-02 
 5.37000000e-08 -3.01639672e-02 
 5.37200000e-08 -2.98242960e-02 
 5.37400000e-08 -2.94800728e-02 
 5.37600000e-08 -2.91313594e-02 
 5.37800000e-08 -2.87782180e-02 
 5.38000000e-08 -2.84207110e-02 
 5.38200000e-08 -2.80589017e-02 
 5.38400000e-08 -2.76928533e-02 
 5.38600000e-08 -2.73226298e-02 
 5.38800000e-08 -2.69482952e-02 
 5.39000000e-08 -2.65699142e-02 
 5.39200000e-08 -2.61875516e-02 
 5.39400000e-08 -2.58012725e-02 
 5.39600000e-08 -2.54111425e-02 
 5.39800000e-08 -2.50172275e-02 
 5.40000000e-08 -2.46195933e-02 
 5.40200000e-08 -2.42183063e-02 
 5.40400000e-08 -2.38134331e-02 
 5.40600000e-08 -2.34050405e-02 
 5.40800000e-08 -2.29931953e-02 
 5.41000000e-08 -2.25779649e-02 
 5.41200000e-08 -2.21594166e-02 
 5.41400000e-08 -2.17376180e-02 
 5.41600000e-08 -2.13126367e-02 
 5.41800000e-08 -2.08845406e-02 
 5.42000000e-08 -2.04533978e-02 
 5.42200000e-08 -2.00192764e-02 
 5.42400000e-08 -1.95822446e-02 
 5.42600000e-08 -1.91423708e-02 
 5.42800000e-08 -1.86997235e-02 
 5.43000000e-08 -1.82543713e-02 
 5.43200000e-08 -1.78063828e-02 
 5.43400000e-08 -1.73558267e-02 
 5.43600000e-08 -1.69027718e-02 
 5.43800000e-08 -1.64472871e-02 
 5.44000000e-08 -1.59894414e-02 
 5.44200000e-08 -1.55293037e-02 
 5.44400000e-08 -1.50669430e-02 
 5.44600000e-08 -1.46024283e-02 
 5.44800000e-08 -1.41358288e-02 
 5.45000000e-08 -1.36672136e-02 
 5.45200000e-08 -1.31966517e-02 
 5.45400000e-08 -1.27242125e-02 
 5.45600000e-08 -1.22499650e-02 
 5.45800000e-08 -1.17739784e-02 
 5.46000000e-08 -1.12963220e-02 
 5.46200000e-08 -1.08170650e-02 
 5.46400000e-08 -1.03362765e-02 
 5.46600000e-08 -9.85402593e-03 
 5.46800000e-08 -9.37038238e-03 
 5.47000000e-08 -8.88541511e-03 
 5.47200000e-08 -8.39919337e-03 
 5.47400000e-08 -7.91178639e-03 
 5.47600000e-08 -7.42326340e-03 
 5.47800000e-08 -6.93369363e-03 
 5.48000000e-08 -6.44314632e-03 
 5.48200000e-08 -5.95169068e-03 
 5.48400000e-08 -5.45939596e-03 
 5.48600000e-08 -4.96633137e-03 
 5.48800000e-08 -4.47256614e-03 
 5.49000000e-08 -3.97816949e-03 
 5.49200000e-08 -3.48321065e-03 
 5.49400000e-08 -2.98775885e-03 
 5.49600000e-08 -2.49188332e-03 
 5.49800000e-08 -1.99565328e-03 
 5.50000000e-08 -1.49913799e-03 
 5.50200000e-08 -1.00240667e-03 
 5.50400000e-08 -5.05528574e-04 
 5.50600000e-08 -8.57296826e-06 
 5.50800000e-08  4.88390885e-04 
 5.51000000e-08  9.85293707e-04 
 5.51200000e-08  1.48206621e-03 
 5.51400000e-08  1.97863909e-03 
 5.51600000e-08  2.47494303e-03 
 5.51800000e-08  2.97090870e-03 
 5.52000000e-08  3.46646675e-03 
 5.52200000e-08  3.96154782e-03 
 5.52400000e-08  4.45608252e-03 
 5.52600000e-08  4.95000145e-03 
 5.52800000e-08  5.44323518e-03 
 5.53000000e-08  5.93571429e-03 
 5.53200000e-08  6.42736929e-03 
 5.53400000e-08  6.91813071e-03 
 5.53600000e-08  7.40792905e-03 
 5.53800000e-08  7.89669479e-03 
 5.54000000e-08  8.38435837e-03 
 5.54200000e-08  8.87085024e-03 
 5.54400000e-08  9.35610081e-03 
 5.54600000e-08  9.84004049e-03 
 5.54800000e-08  1.03225997e-02 
 5.55000000e-08  1.08037087e-02 
 5.55200000e-08  1.12832980e-02 
 5.55400000e-08  1.17612978e-02 
 5.55600000e-08  1.22376385e-02 
 5.55800000e-08  1.27122505e-02 
 5.56000000e-08  1.31850641e-02 
 5.56200000e-08  1.36560096e-02 
 5.56400000e-08  1.41250173e-02 
 5.56600000e-08  1.45920177e-02 
 5.56800000e-08  1.50569410e-02 
 5.57000000e-08  1.55197177e-02 
 5.57200000e-08  1.59802781e-02 
 5.57400000e-08  1.64385528e-02 
 5.57600000e-08  1.68944721e-02 
 5.57800000e-08  1.73479667e-02 
 5.58000000e-08  1.77989670e-02 
 5.58200000e-08  1.82474037e-02 
 5.58400000e-08  1.86932075e-02 
 5.58600000e-08  1.91363091e-02 
 5.58800000e-08  1.95766394e-02 
 5.59000000e-08  2.00141294e-02 
 5.59200000e-08  2.04487100e-02 
 5.59400000e-08  2.08803124e-02 
 5.59600000e-08  2.13088678e-02 
 5.59800000e-08  2.17343077e-02 
 5.60000000e-08  2.21565636e-02 
 5.60200000e-08  2.25755672e-02 
 5.60400000e-08  2.29912504e-02 
 5.60600000e-08  2.34035451e-02 
 5.60800000e-08  2.38123836e-02 
 5.61000000e-08  2.42176984e-02 
 5.61200000e-08  2.46194221e-02 
 5.61400000e-08  2.50174875e-02 
 5.61600000e-08  2.54118279e-02 
 5.61800000e-08  2.58023766e-02 
 5.62000000e-08  2.61890673e-02 
 5.62200000e-08  2.65718340e-02 
 5.62400000e-08  2.69506110e-02 
 5.62600000e-08  2.73253328e-02 
 5.62800000e-08  2.76959345e-02 
 5.63000000e-08  2.80623514e-02 
 5.63200000e-08  2.84245192e-02 
 5.63400000e-08  2.87823741e-02 
 5.63600000e-08  2.91358525e-02 
 5.63800000e-08  2.94848914e-02 
 5.64000000e-08  2.98294283e-02 
 5.64200000e-08  3.01694011e-02 
 5.64400000e-08  3.05047482e-02 
 5.64600000e-08  3.08354086e-02 
 5.64800000e-08  3.11613216e-02 
 5.65000000e-08  3.14824274e-02 
 5.65200000e-08  3.17986666e-02 
 5.65400000e-08  3.21099804e-02 
 5.65600000e-08  3.24163106e-02 
 5.65800000e-08  3.27175997e-02 
 5.66000000e-08  3.30137910e-02 
 5.66200000e-08  3.33048282e-02 
 5.66400000e-08  3.35906560e-02 
 5.66600000e-08  3.38712197e-02 
 5.66800000e-08  3.41464652e-02 
 5.67000000e-08  3.44163396e-02 
 5.67200000e-08  3.46807903e-02 
 5.67400000e-08  3.49397660e-02 
 5.67600000e-08  3.51932159e-02 
 5.67800000e-08  3.54410903e-02 
 5.68000000e-08  3.56833402e-02 
 5.68200000e-08  3.59199177e-02 
 5.68400000e-08  3.61507756e-02 
 5.68600000e-08  3.63758679e-02 
 5.68800000e-08  3.65951496e-02 
 5.69000000e-08  3.68085764e-02 
 5.69200000e-08  3.70161053e-02 
 5.69400000e-08  3.72176942e-02 
 5.69600000e-08  3.74133023e-02 
 5.69800000e-08  3.76028895e-02 
 5.70000000e-08  3.77864171e-02 
 5.70200000e-08  3.79638475e-02 
 5.70400000e-08  3.81351441e-02 
 5.70600000e-08  3.83002717e-02 
 5.70800000e-08  3.84591959e-02 
 5.71000000e-08  3.86118840e-02 
 5.71200000e-08  3.87583040e-02 
 5.71400000e-08  3.88984255e-02 
 5.71600000e-08  3.90322193e-02 
 5.71800000e-08  3.91596574e-02 
 5.72000000e-08  3.92807130e-02 
 5.72200000e-08  3.93953607e-02 
 5.72400000e-08  3.95035764e-02 
 5.72600000e-08  3.96053373e-02 
 5.72800000e-08  3.97006221e-02 
 5.73000000e-08  3.97894105e-02 
 5.73200000e-08  3.98716838e-02 
 5.73400000e-08  3.99474248e-02 
 5.73600000e-08  4.00166173e-02 
 5.73800000e-08  4.00792468e-02 
 5.74000000e-08  4.01353000e-02 
 5.74200000e-08  4.01847653e-02 
 5.74400000e-08  4.02276321e-02 
 5.74600000e-08  4.02638915e-02 
 5.74800000e-08  4.02935359e-02 
 5.75000000e-08  4.03165593e-02 
 5.75200000e-08  4.03329568e-02 
 5.75400000e-08  4.03427253e-02 
 5.75600000e-08  4.03458629e-02 
 5.75800000e-08  4.03423692e-02 
 5.76000000e-08  4.03322452e-02 
 5.76200000e-08  4.03154934e-02 
 5.76400000e-08  4.02921177e-02 
 5.76600000e-08  4.02621233e-02 
 5.76800000e-08  4.02255170e-02 
 5.77000000e-08  4.01823071e-02 
 5.77200000e-08  4.01325030e-02 
 5.77400000e-08  4.00761157e-02 
 5.77600000e-08  4.00131577e-02 
 5.77800000e-08  3.99436427e-02 
 5.78000000e-08  3.98675859e-02 
 5.78200000e-08  3.97850039e-02 
 5.78400000e-08  3.96959145e-02 
 5.78600000e-08  3.96003370e-02 
 5.78800000e-08  3.94982921e-02 
 5.79000000e-08  3.93898017e-02 
 5.79200000e-08  3.92748890e-02 
 5.79400000e-08  3.91535788e-02 
 5.79600000e-08  3.90258968e-02 
 5.79800000e-08  3.88918702e-02 
 5.80000000e-08  3.87515274e-02 
 5.80200000e-08  3.86048981e-02 
 5.80400000e-08  3.84520132e-02 
 5.80600000e-08  3.82929049e-02 
 5.80800000e-08  3.81276064e-02 
 5.81000000e-08  3.79561522e-02 
 5.81200000e-08  3.77785780e-02 
 5.81400000e-08  3.75949206e-02 
 5.81600000e-08  3.74052180e-02 
 5.81800000e-08  3.72095091e-02 
 5.82000000e-08  3.70078340e-02 
 5.82200000e-08  3.68002341e-02 
 5.82400000e-08  3.65867513e-02 
 5.82600000e-08  3.63674291e-02 
 5.82800000e-08  3.61423116e-02 
 5.83000000e-08  3.59114441e-02 
 5.83200000e-08  3.56748727e-02 
 5.83400000e-08  3.54326446e-02 
 5.83600000e-08  3.51848078e-02 
 5.83800000e-08  3.49314112e-02 
 5.84000000e-08  3.46725046e-02 
 5.84200000e-08  3.44081387e-02 
 5.84400000e-08  3.41383649e-02 
 5.84600000e-08  3.38632354e-02 
 5.84800000e-08  3.35828034e-02 
 5.85000000e-08  3.32971225e-02 
 5.85200000e-08  3.30062475e-02 
 5.85400000e-08  3.27102335e-02 
 5.85600000e-08  3.24091364e-02 
 5.85800000e-08  3.21030130e-02 
 5.86000000e-08  3.17919204e-02 
 5.86200000e-08  3.14759165e-02 
 5.86400000e-08  3.11550599e-02 
 5.86600000e-08  3.08294096e-02 
 5.86800000e-08  3.04990253e-02 
 5.87000000e-08  3.01639672e-02 
 5.87200000e-08  2.98242960e-02 
 5.87400000e-08  2.94800728e-02 
 5.87600000e-08  2.91313594e-02 
 5.87800000e-08  2.87782180e-02 
 5.88000000e-08  2.84207110e-02 
 5.88200000e-08  2.80589017e-02 
 5.88400000e-08  2.76928533e-02 
 5.88600000e-08  2.73226298e-02 
 5.88800000e-08  2.69482952e-02 
 5.89000000e-08  2.65699142e-02 
 5.89200000e-08  2.61875516e-02 
 5.89400000e-08  2.58012725e-02 
 5.89600000e-08  2.54111425e-02 
 5.89800000e-08  2.50172275e-02 
 5.90000000e-08  2.46195933e-02 
 5.90200000e-08  2.42183063e-02 
 5.90400000e-08  2.38134331e-02 
 5.90600000e-08  2.34050405e-02 
 5.90800000e-08  2.29931953e-02 
 5.91000000e-08  2.25779649e-02 
 5.91200000e-08  2.21594166e-02 
 5.91400000e-08  2.17376180e-02 
 5.91600000e-08  2.13126367e-02 
 5.91800000e-08  2.08845406e-02 
 5.92000000e-08  2.04533978e-02 
 5.92200000e-08  2.00192764e-02 
 5.92400000e-08  1.95822446e-02 
 5.92600000e-08  1.91423708e-02 
 5.92800000e-08  1.86997235e-02 
 5.93000000e-08  1.82543713e-02 
 5.93200000e-08  1.78063828e-02 
 5.93400000e-08  1.73558267e-02 
 5.93600000e-08  1.69027718e-02 
 5.93800000e-08  1.64472871e-02 
 5.94000000e-08  1.59894414e-02 
 5.94200000e-08  1.55293037e-02 
 5.94400000e-08  1.50669430e-02 
 5.94600000e-08  1.46024283e-02 
 5.94800000e-08  1.41358288e-02 
 5.95000000e-08  1.36672136e-02 
 5.95200000e-08  1.31966517e-02 
 5.95400000e-08  1.27242125e-02 
 5.95600000e-08  1.22499650e-02 
 5.95800000e-08  1.17739784e-02 
 5.96000000e-08  1.12963220e-02 
 5.96200000e-08  1.08170650e-02 
 5.96400000e-08  1.03362765e-02 
 5.96600000e-08  9.85402593e-03 
 5.96800000e-08  9.37038238e-03 
 5.97000000e-08  8.88541511e-03 
 5.97200000e-08  8.39919337e-03 
 5.97400000e-08  7.91178639e-03 
 5.97600000e-08  7.42326340e-03 
 5.97800000e-08  6.93369363e-03 
 5.98000000e-08  6.44314632e-03 
 5.98200000e-08  5.95169068e-03 
 5.98400000e-08  5.45939596e-03 
 5.98600000e-08  4.96633137e-03 
 5.98800000e-08  4.47256614e-03 
 5.99000000e-08  3.97816949e-03 
 5.99200000e-08  3.48321065e-03 
 5.99400000e-08  2.98775885e-03 
 5.99600000e-08  2.49188332e-03 
 5.99800000e-08  1.99565328e-03 
 6.00000000e-08  1.49915680e-03 
