 0.00000000e+00 -4.88498131e-15 
 2.00000000e-11  2.03271511e-05 
 4.00000000e-11 -5.19590578e-04 
 6.00000000e-11 -1.24077452e-03 
 8.00000000e-11 -2.03494807e-03 
 1.00000000e-10 -2.86197344e-03 
 1.20000000e-10 -3.71174816e-03 
 1.40000000e-10 -4.58030535e-03 
 1.60000000e-10 -5.46503129e-03 
 1.80000000e-10 -6.36379492e-03 
 2.00000000e-10 -7.27468288e-03 
 2.20000000e-10 -8.19600123e-03 
 2.40000000e-10 -9.12619694e-03 
 2.60000000e-10 -1.00638866e-02 
 2.80000000e-10 -1.10077976e-02 
 3.00000000e-10 -1.19567931e-02 
 3.20000000e-10 -1.29098246e-02 
 3.40000000e-10 -1.38659529e-02 
 3.60000000e-10 -1.48243089e-02 
 3.80000000e-10 -1.57841120e-02 
 4.00000000e-10 -1.67446374e-02 
 4.20000000e-10 -1.77052319e-02 
 4.40000000e-10 -1.86652870e-02 
 4.60000000e-10 -1.96242522e-02 
 4.80000000e-10 -2.05816130e-02 
 5.00000000e-10 -2.15369018e-02 
 5.20000000e-10 -2.24896800e-02 
 5.40000000e-10 -2.34395475e-02 
 5.60000000e-10 -2.43861272e-02 
 5.80000000e-10 -2.53290736e-02 
 6.00000000e-10 -2.62680602e-02 
 6.20000000e-10 -2.72027859e-02 
 6.40000000e-10 -2.81329653e-02 
 6.60000000e-10 -2.90583339e-02 
 6.80000000e-10 -2.99786401e-02 
 7.00000000e-10 -3.08936496e-02 
 7.20000000e-10 -3.18031384e-02 
 7.40000000e-10 -3.27068975e-02 
 7.60000000e-10 -3.36047259e-02 
 7.80000000e-10 -3.44964354e-02 
 8.00000000e-10 -3.53818445e-02 
 8.20000000e-10 -3.62607823e-02 
 8.40000000e-10 -3.71330838e-02 
 8.60000000e-10 -3.79985929e-02 
 8.80000000e-10 -3.88571585e-02 
 9.00000000e-10 -3.97086370e-02 
 9.20000000e-10 -4.05528893e-02 
 9.40000000e-10 -4.13897829e-02 
 9.60000000e-10 -4.22191889e-02 
 9.80000000e-10 -4.30409841e-02 
 1.00000000e-09 -4.38550489e-02 
 1.02000000e-09 -4.46612684e-02 
 1.04000000e-09 -4.54595308e-02 
 1.06000000e-09 -4.62497290e-02 
 1.08000000e-09 -4.70317580e-02 
 1.10000000e-09 -4.78055173e-02 
 1.12000000e-09 -4.85709140e-02 
 1.14000000e-09 -4.93278547e-02 
 1.16000000e-09 -5.00762410e-02 
 1.18000000e-09 -5.08159818e-02 
 1.20000000e-09 -5.15469902e-02 
 1.22000000e-09 -5.22691821e-02 
 1.24000000e-09 -5.29824754e-02 
 1.26000000e-09 -5.36867909e-02 
 1.28000000e-09 -5.43820507e-02 
 1.30000000e-09 -5.50681799e-02 
 1.32000000e-09 -5.57451050e-02 
 1.34000000e-09 -5.64127552e-02 
 1.36000000e-09 -5.70710609e-02 
 1.38000000e-09 -5.77199550e-02 
 1.40000000e-09 -5.83593718e-02 
 1.42000000e-09 -5.89892477e-02 
 1.44000000e-09 -5.96095205e-02 
 1.46000000e-09 -6.02201301e-02 
 1.48000000e-09 -6.08210176e-02 
 1.50000000e-09 -6.14121261e-02 
 1.52000000e-09 -6.19934001e-02 
 1.54000000e-09 -6.25647855e-02 
 1.56000000e-09 -6.31262299e-02 
 1.58000000e-09 -6.36776823e-02 
 1.60000000e-09 -6.42190931e-02 
 1.62000000e-09 -6.47504141e-02 
 1.64000000e-09 -6.52715984e-02 
 1.66000000e-09 -6.57826006e-02 
 1.68000000e-09 -6.62833765e-02 
 1.70000000e-09 -6.67738833e-02 
 1.72000000e-09 -6.72540792e-02 
 1.74000000e-09 -6.77239240e-02 
 1.76000000e-09 -6.81833784e-02 
 1.78000000e-09 -6.86324045e-02 
 1.80000000e-09 -6.90709653e-02 
 1.82000000e-09 -6.94990254e-02 
 1.84000000e-09 -6.99165501e-02 
 1.86000000e-09 -7.03235059e-02 
 1.88000000e-09 -7.07198606e-02 
 1.90000000e-09 -7.11055829e-02 
 1.92000000e-09 -7.14806425e-02 
 1.94000000e-09 -7.18450102e-02 
 1.96000000e-09 -7.21986579e-02 
 1.98000000e-09 -7.25415584e-02 
 2.00000000e-09 -7.28736855e-02 
 2.02000000e-09 -7.31950140e-02 
 2.04000000e-09 -7.35055195e-02 
 2.06000000e-09 -7.38051788e-02 
 2.08000000e-09 -7.40939695e-02 
 2.10000000e-09 -7.43718699e-02 
 2.12000000e-09 -7.46388596e-02 
 2.14000000e-09 -7.48949188e-02 
 2.16000000e-09 -7.51400285e-02 
 2.18000000e-09 -7.53741708e-02 
 2.20000000e-09 -7.55973285e-02 
 2.22000000e-09 -7.58094852e-02 
 2.24000000e-09 -7.60106254e-02 
 2.26000000e-09 -7.62007343e-02 
 2.28000000e-09 -7.63797979e-02 
 2.30000000e-09 -7.65478031e-02 
 2.32000000e-09 -7.67047373e-02 
 2.34000000e-09 -7.68505890e-02 
 2.36000000e-09 -7.69853471e-02 
 2.38000000e-09 -7.71090014e-02 
 2.40000000e-09 -7.72215424e-02 
 2.42000000e-09 -7.73229613e-02 
 2.44000000e-09 -7.74132498e-02 
 2.46000000e-09 -7.74924026e-02 
 2.48000000e-09 -7.75604116e-02 
 2.50000000e-09 -7.76172677e-02 
 2.52000000e-09 -7.76629666e-02 
 2.54000000e-09 -7.76975043e-02 
 2.56000000e-09 -7.77208767e-02 
 2.58000000e-09 -7.77330801e-02 
 2.60000000e-09 -7.77341115e-02 
 2.62000000e-09 -7.77239685e-02 
 2.64000000e-09 -7.77026491e-02 
 2.66000000e-09 -7.76701520e-02 
 2.68000000e-09 -7.76264766e-02 
 2.70000000e-09 -7.75716225e-02 
 2.72000000e-09 -7.75055922e-02 
 2.74000000e-09 -7.74283852e-02 
 2.76000000e-09 -7.73400001e-02 
 2.78000000e-09 -7.72404398e-02 
 2.80000000e-09 -7.71297079e-02 
 2.82000000e-09 -7.70078074e-02 
 2.84000000e-09 -7.68747418e-02 
 2.86000000e-09 -7.67305151e-02 
 2.88000000e-09 -7.65751318e-02 
 2.90000000e-09 -7.64085968e-02 
 2.92000000e-09 -7.62309156e-02 
 2.94000000e-09 -7.60420941e-02 
 2.96000000e-09 -7.58421389e-02 
 2.98000000e-09 -7.56310569e-02 
 3.00000000e-09 -7.54088556e-02 
 3.02000000e-09 -7.51755428e-02 
 3.04000000e-09 -7.49311272e-02 
 3.06000000e-09 -7.46756178e-02 
 3.08000000e-09 -7.44090239e-02 
 3.10000000e-09 -7.41313558e-02 
 3.12000000e-09 -7.38426241e-02 
 3.14000000e-09 -7.35428398e-02 
 3.16000000e-09 -7.32320149e-02 
 3.18000000e-09 -7.29101616e-02 
 3.20000000e-09 -7.25772928e-02 
 3.22000000e-09 -7.22334224e-02 
 3.24000000e-09 -7.18785643e-02 
 3.26000000e-09 -7.15127337e-02 
 3.28000000e-09 -7.11359462e-02 
 3.30000000e-09 -7.07482181e-02 
 3.32000000e-09 -7.03495667e-02 
 3.34000000e-09 -6.99400099e-02 
 3.36000000e-09 -6.95195666e-02 
 3.38000000e-09 -6.90882565e-02 
 3.40000000e-09 -6.86461003e-02 
 3.42000000e-09 -6.81931195e-02 
 3.44000000e-09 -6.77293369e-02 
 3.46000000e-09 -6.72547762e-02 
 3.48000000e-09 -6.67694623e-02 
 3.50000000e-09 -6.62734213e-02 
 3.52000000e-09 -6.57666806e-02 
 3.54000000e-09 -6.52492688e-02 
 3.56000000e-09 -6.47212160e-02 
 3.58000000e-09 -6.41825537e-02 
 3.60000000e-09 -6.36333151e-02 
 3.62000000e-09 -6.30735348e-02 
 3.64000000e-09 -6.25032493e-02 
 3.66000000e-09 -6.19224966e-02 
 3.68000000e-09 -6.13313170e-02 
 3.70000000e-09 -6.07297524e-02 
 3.72000000e-09 -6.01178470e-02 
 3.74000000e-09 -5.94956468e-02 
 3.76000000e-09 -5.88632006e-02 
 3.78000000e-09 -5.82205589e-02 
 3.80000000e-09 -5.75677753e-02 
 3.82000000e-09 -5.69049055e-02 
 3.84000000e-09 -5.62320080e-02 
 3.86000000e-09 -5.55491441e-02 
 3.88000000e-09 -5.48563780e-02 
 3.90000000e-09 -5.41537768e-02 
 3.92000000e-09 -5.34414106e-02 
 3.94000000e-09 -5.27193530e-02 
 3.96000000e-09 -5.19876805e-02 
 3.98000000e-09 -5.12464734e-02 
 4.00000000e-09 -5.04958153e-02 
 4.02000000e-09 -4.97357933e-02 
 4.04000000e-09 -4.89664985e-02 
 4.06000000e-09 -4.81880255e-02 
 4.08000000e-09 -4.74004685e-02 
 4.10000000e-09 -4.66039291e-02 
 4.12000000e-09 -4.57985188e-02 
 4.14000000e-09 -4.49843500e-02 
 4.16000000e-09 -4.41615375e-02 
 4.18000000e-09 -4.33302003e-02 
 4.20000000e-09 -4.24904619e-02 
 4.22000000e-09 -4.16424500e-02 
 4.24000000e-09 -4.07862968e-02 
 4.26000000e-09 -3.99221388e-02 
 4.28000000e-09 -3.90501169e-02 
 4.30000000e-09 -3.81703766e-02 
 4.32000000e-09 -3.72830677e-02 
 4.34000000e-09 -3.63883443e-02 
 4.36000000e-09 -3.54863651e-02 
 4.38000000e-09 -3.45772931e-02 
 4.40000000e-09 -3.36612954e-02 
 4.42000000e-09 -3.27385435e-02 
 4.44000000e-09 -3.18092130e-02 
 4.46000000e-09 -3.08734836e-02 
 4.48000000e-09 -2.99315389e-02 
 4.50000000e-09 -2.89835665e-02 
 4.52000000e-09 -2.80297577e-02 
 4.54000000e-09 -2.70703073e-02 
 4.56000000e-09 -2.61054137e-02 
 4.58000000e-09 -2.51352787e-02 
 4.60000000e-09 -2.41601071e-02 
 4.62000000e-09 -2.31801068e-02 
 4.64000000e-09 -2.21954886e-02 
 4.66000000e-09 -2.12064659e-02 
 4.68000000e-09 -2.02132545e-02 
 4.70000000e-09 -1.92160725e-02 
 4.72000000e-09 -1.82151402e-02 
 4.74000000e-09 -1.72106797e-02 
 4.76000000e-09 -1.62029146e-02 
 4.78000000e-09 -1.51920702e-02 
 4.80000000e-09 -1.41783729e-02 
 4.82000000e-09 -1.31620501e-02 
 4.84000000e-09 -1.21433302e-02 
 4.86000000e-09 -1.11224421e-02 
 4.88000000e-09 -1.00996150e-02 
 4.90000000e-09 -9.07507851e-03 
 4.92000000e-09 -8.04906210e-03 
 4.94000000e-09 -7.02179507e-03 
 4.96000000e-09 -5.99350633e-03 
 4.98000000e-09 -4.96442420e-03 
 5.00000000e-09 -3.93477625e-03 
 5.02000000e-09 -2.90478909e-03 
 5.04000000e-09 -1.87468823e-03 
 5.06000000e-09 -8.44697901e-04 
 5.08000000e-09  1.84959083e-04 
 5.10000000e-09  1.21406149e-03 
 5.12000000e-09  2.24238980e-03 
 5.14000000e-09  3.26972634e-03 
 5.16000000e-09  4.29585539e-03 
 5.18000000e-09  5.32056428e-03 
 5.20000000e-09  6.34364088e-03 
 5.22000000e-09  7.36487468e-03 
 5.24000000e-09  8.38405960e-03 
 5.26000000e-09  9.40099173e-03 
 5.28000000e-09  1.04154693e-02 
 5.30000000e-09  1.14272931e-02 
 5.32000000e-09  1.24362666e-02 
 5.34000000e-09  1.34421959e-02 
 5.36000000e-09  1.44448901e-02 
 5.38000000e-09  1.54441607e-02 
 5.40000000e-09  1.64398225e-02 
 5.42000000e-09  1.74316929e-02 
 5.44000000e-09  1.84195920e-02 
 5.46000000e-09  1.94033433e-02 
 5.48000000e-09  2.03827726e-02 
 5.50000000e-09  2.13577092e-02 
 5.52000000e-09  2.23279848e-02 
 5.54000000e-09  2.32934345e-02 
 5.56000000e-09  2.42538960e-02 
 5.58000000e-09  2.52092100e-02 
 5.60000000e-09  2.61592201e-02 
 5.62000000e-09  2.71037727e-02 
 5.64000000e-09  2.80427173e-02 
 5.66000000e-09  2.89759060e-02 
 5.68000000e-09  2.99031939e-02 
 5.70000000e-09  3.08244387e-02 
 5.72000000e-09  3.17395011e-02 
 5.74000000e-09  3.26482446e-02 
 5.76000000e-09  3.35505351e-02 
 5.78000000e-09  3.44462415e-02 
 5.80000000e-09  3.53352353e-02 
 5.82000000e-09  3.62173906e-02 
 5.84000000e-09  3.70925842e-02 
 5.86000000e-09  3.79606953e-02 
 5.88000000e-09  3.88216059e-02 
 5.90000000e-09  3.96752002e-02 
 5.92000000e-09  4.05213652e-02 
 5.94000000e-09  4.13599902e-02 
 5.96000000e-09  4.21909668e-02 
 5.98000000e-09  4.30141891e-02 
 6.00000000e-09  4.38295536e-02 
 6.02000000e-09  4.46369591e-02 
 6.04000000e-09  4.54363064e-02 
 6.06000000e-09  4.62274989e-02 
 6.08000000e-09  4.70104419e-02 
 6.10000000e-09  4.77850484e-02 
 6.12000000e-09  4.85512294e-02 
 6.14000000e-09  4.93088909e-02 
 6.16000000e-09  5.00579447e-02 
 6.18000000e-09  5.07983071e-02 
 6.20000000e-09  5.15298959e-02 
 6.22000000e-09  5.22526312e-02 
 6.24000000e-09  5.29664347e-02 
 6.26000000e-09  5.36712301e-02 
 6.28000000e-09  5.43669431e-02 
 6.30000000e-09  5.50535009e-02 
 6.32000000e-09  5.57308327e-02 
 6.34000000e-09  5.63988694e-02 
 6.36000000e-09  5.70575436e-02 
 6.38000000e-09  5.77067896e-02 
 6.40000000e-09  5.83465432e-02 
 6.42000000e-09  5.89767421e-02 
 6.44000000e-09  5.95973254e-02 
 6.46000000e-09  6.02082338e-02 
 6.48000000e-09  6.08094096e-02 
 6.50000000e-09  6.14007965e-02 
 6.52000000e-09  6.19823398e-02 
 6.54000000e-09  6.25539861e-02 
 6.56000000e-09  6.31156835e-02 
 6.58000000e-09  6.36673817e-02 
 6.60000000e-09  6.42090313e-02 
 6.62000000e-09  6.47405848e-02 
 6.64000000e-09  6.52619955e-02 
 6.66000000e-09  6.57732185e-02 
 6.68000000e-09  6.62742098e-02 
 6.70000000e-09  6.67649269e-02 
 6.72000000e-09  6.72453283e-02 
 6.74000000e-09  6.77153739e-02 
 6.76000000e-09  6.81750247e-02 
 6.78000000e-09  6.86242430e-02 
 6.80000000e-09  6.90629921e-02 
 6.82000000e-09  6.94912364e-02 
 6.84000000e-09  6.99089417e-02 
 6.86000000e-09  7.03160745e-02 
 6.88000000e-09  7.07126026e-02 
 6.90000000e-09  7.10984949e-02 
 6.92000000e-09  7.14737213e-02 
 6.94000000e-09  7.18382527e-02 
 6.96000000e-09  7.21920609e-02 
 6.98000000e-09  7.25351189e-02 
 7.00000000e-09  7.28674005e-02 
 7.02000000e-09  7.31888807e-02 
 7.04000000e-09  7.34995351e-02 
 7.06000000e-09  7.37993406e-02 
 7.08000000e-09  7.40882747e-02 
 7.10000000e-09  7.43663160e-02 
 7.12000000e-09  7.46334439e-02 
 7.14000000e-09  7.48896388e-02 
 7.16000000e-09  7.51348818e-02 
 7.18000000e-09  7.53691549e-02 
 7.20000000e-09  7.55924411e-02 
 7.22000000e-09  7.58047238e-02 
 7.24000000e-09  7.60059878e-02 
 7.26000000e-09  7.61962182e-02 
 7.28000000e-09  7.63754011e-02 
 7.30000000e-09  7.65435233e-02 
 7.32000000e-09  7.67005724e-02 
 7.34000000e-09  7.68465369e-02 
 7.36000000e-09  7.69814056e-02 
 7.38000000e-09  7.71051686e-02 
 7.40000000e-09  7.72178161e-02 
 7.42000000e-09  7.73193395e-02 
 7.44000000e-09  7.74097307e-02 
 7.46000000e-09  7.74889841e-02 
 7.48000000e-09  7.75570918e-02 
 7.50000000e-09  7.76140447e-02 
 7.52000000e-09  7.76598385e-02 
 7.54000000e-09  7.76944694e-02 
 7.56000000e-09  7.77179331e-02 
 7.58000000e-09  7.77302260e-02 
 7.60000000e-09  7.77313451e-02 
 7.62000000e-09  7.77212881e-02 
 7.64000000e-09  7.77000531e-02 
 7.66000000e-09  7.76676387e-02 
 7.68000000e-09  7.76240442e-02 
 7.70000000e-09  7.75692694e-02 
 7.72000000e-09  7.75033168e-02 
 7.74000000e-09  7.74261859e-02 
 7.76000000e-09  7.73378753e-02 
 7.78000000e-09  7.72383880e-02 
 7.80000000e-09  7.71277275e-02 
 7.82000000e-09  7.70058970e-02 
 7.84000000e-09  7.68728999e-02 
 7.86000000e-09  7.67287402e-02 
 7.88000000e-09  7.65734224e-02 
 7.90000000e-09  7.64069515e-02 
 7.92000000e-09  7.62293331e-02 
 7.94000000e-09  7.60405730e-02 
 7.96000000e-09  7.58406777e-02 
 7.98000000e-09  7.56296544e-02 
 8.00000000e-09  7.54075103e-02 
 8.02000000e-09  7.51742536e-02 
 8.04000000e-09  7.49298927e-02 
 8.06000000e-09  7.46744367e-02 
 8.08000000e-09  7.44078950e-02 
 8.10000000e-09  7.41302779e-02 
 8.12000000e-09  7.38415958e-02 
 8.14000000e-09  7.35418601e-02 
 8.16000000e-09  7.32310826e-02 
 8.18000000e-09  7.29092754e-02 
 8.20000000e-09  7.25764518e-02 
 8.22000000e-09  7.22326252e-02 
 8.24000000e-09  7.18778099e-02 
 8.26000000e-09  7.15120210e-02 
 8.28000000e-09  7.11352740e-02 
 8.30000000e-09  7.07475855e-02 
 8.32000000e-09  7.03489726e-02 
 8.34000000e-09  6.99394532e-02 
 8.36000000e-09  6.95190463e-02 
 8.38000000e-09  6.90877715e-02 
 8.40000000e-09  6.86456497e-02 
 8.42000000e-09  6.81927023e-02 
 8.44000000e-09  6.77289521e-02 
 8.46000000e-09  6.72544229e-02 
 8.48000000e-09  6.67691395e-02 
 8.50000000e-09  6.62731281e-02 
 8.52000000e-09  6.57664160e-02 
 8.54000000e-09  6.52490320e-02 
 8.56000000e-09  6.47210060e-02 
 8.58000000e-09  6.41823698e-02 
 8.60000000e-09  6.36331563e-02 
 8.62000000e-09  6.30734002e-02 
 8.64000000e-09  6.25031381e-02 
 8.66000000e-09  6.19224081e-02 
 8.68000000e-09  6.13312502e-02 
 8.70000000e-09  6.07297066e-02 
 8.72000000e-09  6.01178213e-02 
 8.74000000e-09  5.94956405e-02 
 8.76000000e-09  5.88632128e-02 
 8.78000000e-09  5.82205891e-02 
 8.80000000e-09  5.75678225e-02 
 8.82000000e-09  5.69049691e-02 
 8.84000000e-09  5.62320872e-02 
 8.86000000e-09  5.55492383e-02 
 8.88000000e-09  5.48564864e-02 
 8.90000000e-09  5.41538987e-02 
 8.92000000e-09  5.34415454e-02 
 8.94000000e-09  5.27194999e-02 
 8.96000000e-09  5.19878390e-02 
 8.98000000e-09  5.12466428e-02 
 9.00000000e-09  5.04959950e-02 
 9.02000000e-09  4.97359826e-02 
 9.04000000e-09  4.89666968e-02 
 9.06000000e-09  4.81882323e-02 
 9.08000000e-09  4.74006832e-02 
 9.10000000e-09  4.66041511e-02 
 9.12000000e-09  4.57987475e-02 
 9.14000000e-09  4.49845850e-02 
 9.16000000e-09  4.41617782e-02 
 9.18000000e-09  4.33304462e-02 
 9.20000000e-09  4.24907125e-02 
 9.22000000e-09  4.16427048e-02 
 9.24000000e-09  4.07865553e-02 
 9.26000000e-09  3.99224005e-02 
 9.28000000e-09  3.90503815e-02 
 9.30000000e-09  3.81706436e-02 
 9.32000000e-09  3.72833367e-02 
 9.34000000e-09  3.63886149e-02 
 9.36000000e-09  3.54866370e-02 
 9.38000000e-09  3.45775658e-02 
 9.40000000e-09  3.36615686e-02 
 9.42000000e-09  3.27388168e-02 
 9.44000000e-09  3.18094862e-02 
 9.46000000e-09  3.08737563e-02 
 9.48000000e-09  2.99318108e-02 
 9.50000000e-09  2.89838374e-02 
 9.52000000e-09  2.80300273e-02 
 9.54000000e-09  2.70705753e-02 
 9.56000000e-09  2.61056799e-02 
 9.58000000e-09  2.51355429e-02 
 9.60000000e-09  2.41603690e-02 
 9.62000000e-09  2.31803664e-02 
 9.64000000e-09  2.21957456e-02 
 9.66000000e-09  2.12067201e-02 
 9.68000000e-09  2.02135058e-02 
 9.70000000e-09  1.92163208e-02 
 9.72000000e-09  1.82153853e-02 
 9.74000000e-09  1.72109214e-02 
 9.76000000e-09  1.62031530e-02 
 9.78000000e-09  1.51923051e-02 
 9.80000000e-09  1.41786042e-02 
 9.82000000e-09  1.31622778e-02 
 9.84000000e-09  1.21435542e-02 
 9.86000000e-09  1.11226623e-02 
 9.88000000e-09  1.00998314e-02 
 9.90000000e-09  9.07529113e-03 
 9.92000000e-09  8.04927088e-03 
 9.94000000e-09  7.02200000e-03 
 9.96000000e-09  5.99370741e-03 
 9.98000000e-09  4.96462143e-03 
 1.00000000e-08  3.93496964e-03 
 1.00200000e-08  2.90497865e-03 
 1.00400000e-08  1.87487398e-03 
 1.00600000e-08  8.44879875e-04 
 1.00800000e-08 -1.84780856e-04 
 1.01000000e-08 -1.21388698e-03 
 1.01200000e-08 -2.24221896e-03 
 1.01400000e-08 -3.26955912e-03 
 1.01600000e-08 -4.29569175e-03 
 1.01800000e-08 -5.32040416e-03 
 1.02000000e-08 -6.34348423e-03 
 1.02200000e-08 -7.36472145e-03 
 1.02400000e-08 -8.38390972e-03 
 1.02600000e-08 -9.40084516e-03 
 1.02800000e-08 -1.04153259e-02 
 1.03000000e-08 -1.14271529e-02 
 1.03200000e-08 -1.24361295e-02 
 1.03400000e-08 -1.34420619e-02 
 1.03600000e-08 -1.44447590e-02 
 1.03800000e-08 -1.54440326e-02 
 1.04000000e-08 -1.64396973e-02 
 1.04200000e-08 -1.74315704e-02 
 1.04400000e-08 -1.84194723e-02 
 1.04600000e-08 -1.94032261e-02 
 1.04800000e-08 -2.03826581e-02 
 1.05000000e-08 -2.13575972e-02 
 1.05200000e-08 -2.23278753e-02 
 1.05400000e-08 -2.32933274e-02 
 1.05600000e-08 -2.42537913e-02 
 1.05800000e-08 -2.52091075e-02 
 1.06000000e-08 -2.61591199e-02 
 1.06200000e-08 -2.71036747e-02 
 1.06400000e-08 -2.80426214e-02 
 1.06600000e-08 -2.89758122e-02 
 1.06800000e-08 -2.99031020e-02 
 1.07000000e-08 -3.08243488e-02 
 1.07200000e-08 -3.17394132e-02 
 1.07400000e-08 -3.26481585e-02 
 1.07600000e-08 -3.35504508e-02 
 1.07800000e-08 -3.44461590e-02 
 1.08000000e-08 -3.53351545e-02 
 1.08200000e-08 -3.62173115e-02 
 1.08400000e-08 -3.70925068e-02 
 1.08600000e-08 -3.79606195e-02 
 1.08800000e-08 -3.88215316e-02 
 1.09000000e-08 -3.96751275e-02 
 1.09200000e-08 -4.05212940e-02 
 1.09400000e-08 -4.13599204e-02 
 1.09600000e-08 -4.21908984e-02 
 1.09800000e-08 -4.30141222e-02 
 1.10000000e-08 -4.38294880e-02 
 1.10200000e-08 -4.46368948e-02 
 1.10400000e-08 -4.54362434e-02 
 1.10600000e-08 -4.62274372e-02 
 1.10800000e-08 -4.70103815e-02 
 1.11000000e-08 -4.77849891e-02 
 1.11200000e-08 -4.85511714e-02 
 1.11400000e-08 -4.93088340e-02 
 1.11600000e-08 -5.00578890e-02 
 1.11800000e-08 -5.07982525e-02 
 1.12000000e-08 -5.15298424e-02 
 1.12200000e-08 -5.22525787e-02 
 1.12400000e-08 -5.29663833e-02 
 1.12600000e-08 -5.36711798e-02 
 1.12800000e-08 -5.43668938e-02 
 1.13000000e-08 -5.50534526e-02 
 1.13200000e-08 -5.57307854e-02 
 1.13400000e-08 -5.63988231e-02 
 1.13600000e-08 -5.70574982e-02 
 1.13800000e-08 -5.77067451e-02 
 1.14000000e-08 -5.83464996e-02 
 1.14200000e-08 -5.89766994e-02 
 1.14400000e-08 -5.95972836e-02 
 1.14600000e-08 -6.02081928e-02 
 1.14800000e-08 -6.08093695e-02 
 1.15000000e-08 -6.14007572e-02 
 1.15200000e-08 -6.19823013e-02 
 1.15400000e-08 -6.25539484e-02 
 1.15600000e-08 -6.31156466e-02 
 1.15800000e-08 -6.36673455e-02 
 1.16000000e-08 -6.42089959e-02 
 1.16200000e-08 -6.47405501e-02 
 1.16400000e-08 -6.52619617e-02 
 1.16600000e-08 -6.57731854e-02 
 1.16800000e-08 -6.62741774e-02 
 1.17000000e-08 -6.67648951e-02 
 1.17200000e-08 -6.72452972e-02 
 1.17400000e-08 -6.77153435e-02 
 1.17600000e-08 -6.81749950e-02 
 1.17800000e-08 -6.86242140e-02 
 1.18000000e-08 -6.90629637e-02 
 1.18200000e-08 -6.94912086e-02 
 1.18400000e-08 -6.99089145e-02 
 1.18600000e-08 -7.03160479e-02 
 1.18800000e-08 -7.07125767e-02 
 1.19000000e-08 -7.10984696e-02 
 1.19200000e-08 -7.14736966e-02 
 1.19400000e-08 -7.18382285e-02 
 1.19600000e-08 -7.21920373e-02 
 1.19800000e-08 -7.25350958e-02 
 1.20000000e-08 -7.28673780e-02 
 1.20200000e-08 -7.31888587e-02 
 1.20400000e-08 -7.34995137e-02 
 1.20600000e-08 -7.37993196e-02 
 1.20800000e-08 -7.40882542e-02 
 1.21000000e-08 -7.43662960e-02 
 1.21200000e-08 -7.46334245e-02 
 1.21400000e-08 -7.48896198e-02 
 1.21600000e-08 -7.51348633e-02 
 1.21800000e-08 -7.53691369e-02 
 1.22000000e-08 -7.55924235e-02 
 1.22200000e-08 -7.58047067e-02 
 1.22400000e-08 -7.60059711e-02 
 1.22600000e-08 -7.61962019e-02 
 1.22800000e-08 -7.63753852e-02 
 1.23000000e-08 -7.65435079e-02 
 1.23200000e-08 -7.67005575e-02 
 1.23400000e-08 -7.68465223e-02 
 1.23600000e-08 -7.69813915e-02 
 1.23800000e-08 -7.71051548e-02 
 1.24000000e-08 -7.72178027e-02 
 1.24200000e-08 -7.73193265e-02 
 1.24400000e-08 -7.74097180e-02 
 1.24600000e-08 -7.74889718e-02 
 1.24800000e-08 -7.75570798e-02 
 1.25000000e-08 -7.76140331e-02 
 1.25200000e-08 -7.76598273e-02 
 1.25400000e-08 -7.76944585e-02 
 1.25600000e-08 -7.77179225e-02 
 1.25800000e-08 -7.77302157e-02 
 1.26000000e-08 -7.77313352e-02 
 1.26200000e-08 -7.77212785e-02 
 1.26400000e-08 -7.77000437e-02 
 1.26600000e-08 -7.76676296e-02 
 1.26800000e-08 -7.76240354e-02 
 1.27000000e-08 -7.75692610e-02 
 1.27200000e-08 -7.75033086e-02 
 1.27400000e-08 -7.74261780e-02 
 1.27600000e-08 -7.73378676e-02 
 1.27800000e-08 -7.72383806e-02 
 1.28000000e-08 -7.71277204e-02 
 1.28200000e-08 -7.70058901e-02 
 1.28400000e-08 -7.68728932e-02 
 1.28600000e-08 -7.67287338e-02 
 1.28800000e-08 -7.65734162e-02 
 1.29000000e-08 -7.64069456e-02 
 1.29200000e-08 -7.62293274e-02 
 1.29400000e-08 -7.60405675e-02 
 1.29600000e-08 -7.58406725e-02 
 1.29800000e-08 -7.56296493e-02 
 1.30000000e-08 -7.54075055e-02 
 1.30200000e-08 -7.51742490e-02 
 1.30400000e-08 -7.49298883e-02 
 1.30600000e-08 -7.46744324e-02 
 1.30800000e-08 -7.44078910e-02 
 1.31000000e-08 -7.41302740e-02 
 1.31200000e-08 -7.38415921e-02 
 1.31400000e-08 -7.35418566e-02 
 1.31600000e-08 -7.32310792e-02 
 1.31800000e-08 -7.29092722e-02 
 1.32000000e-08 -7.25764487e-02 
 1.32200000e-08 -7.22326223e-02 
 1.32400000e-08 -7.18778072e-02 
 1.32600000e-08 -7.15120184e-02 
 1.32800000e-08 -7.11352716e-02 
 1.33000000e-08 -7.07475832e-02 
 1.33200000e-08 -7.03489704e-02 
 1.33400000e-08 -6.99394512e-02 
 1.33600000e-08 -6.95190444e-02 
 1.33800000e-08 -6.90877698e-02 
 1.34000000e-08 -6.86456480e-02 
 1.34200000e-08 -6.81927008e-02 
 1.34400000e-08 -6.77289507e-02 
 1.34600000e-08 -6.72544216e-02 
 1.34800000e-08 -6.67691383e-02 
 1.35000000e-08 -6.62731270e-02 
 1.35200000e-08 -6.57664151e-02 
 1.35400000e-08 -6.52490311e-02 
 1.35600000e-08 -6.47210053e-02 
 1.35800000e-08 -6.41823691e-02 
 1.36000000e-08 -6.36331557e-02 
 1.36200000e-08 -6.30733997e-02 
 1.36400000e-08 -6.25031377e-02 
 1.36600000e-08 -6.19224077e-02 
 1.36800000e-08 -6.13312500e-02 
 1.37000000e-08 -6.07297064e-02 
 1.37200000e-08 -6.01178212e-02 
 1.37400000e-08 -5.94956405e-02 
 1.37600000e-08 -5.88632129e-02 
 1.37800000e-08 -5.82205892e-02 
 1.38000000e-08 -5.75678227e-02 
 1.38200000e-08 -5.69049693e-02 
 1.38400000e-08 -5.62320875e-02 
 1.38600000e-08 -5.55492386e-02 
 1.38800000e-08 -5.48564868e-02 
 1.39000000e-08 -5.41538991e-02 
 1.39200000e-08 -5.34415459e-02 
 1.39400000e-08 -5.27195004e-02 
 1.39600000e-08 -5.19878396e-02 
 1.39800000e-08 -5.12466434e-02 
 1.40000000e-08 -5.04959956e-02 
 1.40200000e-08 -4.97359833e-02 
 1.40400000e-08 -4.89666976e-02 
 1.40600000e-08 -4.81882330e-02 
 1.40800000e-08 -4.74006840e-02 
 1.41000000e-08 -4.66041519e-02 
 1.41200000e-08 -4.57987484e-02 
 1.41400000e-08 -4.49845858e-02 
 1.41600000e-08 -4.41617790e-02 
 1.41800000e-08 -4.33304471e-02 
 1.42000000e-08 -4.24907134e-02 
 1.42200000e-08 -4.16427057e-02 
 1.42400000e-08 -4.07865562e-02 
 1.42600000e-08 -3.99224015e-02 
 1.42800000e-08 -3.90503825e-02 
 1.43000000e-08 -3.81706446e-02 
 1.43200000e-08 -3.72833377e-02 
 1.43400000e-08 -3.63886159e-02 
 1.43600000e-08 -3.54866380e-02 
 1.43800000e-08 -3.45775668e-02 
 1.44000000e-08 -3.36615696e-02 
 1.44200000e-08 -3.27388178e-02 
 1.44400000e-08 -3.18094871e-02 
 1.44600000e-08 -3.08737573e-02 
 1.44800000e-08 -2.99318118e-02 
 1.45000000e-08 -2.89838384e-02 
 1.45200000e-08 -2.80300282e-02 
 1.45400000e-08 -2.70705763e-02 
 1.45600000e-08 -2.61056809e-02 
 1.45800000e-08 -2.51355438e-02 
 1.46000000e-08 -2.41603700e-02 
 1.46200000e-08 -2.31803673e-02 
 1.46400000e-08 -2.21957465e-02 
 1.46600000e-08 -2.12067210e-02 
 1.46800000e-08 -2.02135067e-02 
 1.47000000e-08 -1.92163217e-02 
 1.47200000e-08 -1.82153862e-02 
 1.47400000e-08 -1.72109223e-02 
 1.47600000e-08 -1.62031538e-02 
 1.47800000e-08 -1.51923059e-02 
 1.48000000e-08 -1.41786050e-02 
 1.48200000e-08 -1.31622786e-02 
 1.48400000e-08 -1.21435550e-02 
 1.48600000e-08 -1.11226631e-02 
 1.48800000e-08 -1.00998322e-02 
 1.49000000e-08 -9.07529190e-03 
 1.49200000e-08 -8.04927163e-03 
 1.49400000e-08 -7.02200074e-03 
 1.49600000e-08 -5.99370813e-03 
 1.49800000e-08 -4.96462214e-03 
 1.50000000e-08 -3.93497033e-03 
 1.50200000e-08 -2.90497933e-03 
 1.50400000e-08 -1.87487465e-03 
 1.50600000e-08 -8.44880531e-04 
 1.50800000e-08  1.84780214e-04 
 1.51000000e-08  1.21388635e-03 
 1.51200000e-08  2.24221834e-03 
 1.51400000e-08  3.26955852e-03 
 1.51600000e-08  4.29569116e-03 
 1.51800000e-08  5.32040358e-03 
 1.52000000e-08  6.34348367e-03 
 1.52200000e-08  7.36472090e-03 
 1.52400000e-08  8.38390918e-03 
 1.52600000e-08  9.40084463e-03 
 1.52800000e-08  1.04153254e-02 
 1.53000000e-08  1.14271524e-02 
 1.53200000e-08  1.24361290e-02 
 1.53400000e-08  1.34420614e-02 
 1.53600000e-08  1.44447585e-02 
 1.53800000e-08  1.54440322e-02 
 1.54000000e-08  1.64396968e-02 
 1.54200000e-08  1.74315700e-02 
 1.54400000e-08  1.84194718e-02 
 1.54600000e-08  1.94032257e-02 
 1.54800000e-08  2.03826577e-02 
 1.55000000e-08  2.13575968e-02 
 1.55200000e-08  2.23278749e-02 
 1.55400000e-08  2.32933270e-02 
 1.55600000e-08  2.42537909e-02 
 1.55800000e-08  2.52091072e-02 
 1.56000000e-08  2.61591195e-02 
 1.56200000e-08  2.71036743e-02 
 1.56400000e-08  2.80426210e-02 
 1.56600000e-08  2.89758118e-02 
 1.56800000e-08  2.99031017e-02 
 1.57000000e-08  3.08243485e-02 
 1.57200000e-08  3.17394129e-02 
 1.57400000e-08  3.26481582e-02 
 1.57600000e-08  3.35504505e-02 
 1.57800000e-08  3.44461587e-02 
 1.58000000e-08  3.53351542e-02 
 1.58200000e-08  3.62173113e-02 
 1.58400000e-08  3.70925065e-02 
 1.58600000e-08  3.79606192e-02 
 1.58800000e-08  3.88215313e-02 
 1.59000000e-08  3.96751272e-02 
 1.59200000e-08  4.05212937e-02 
 1.59400000e-08  4.13599201e-02 
 1.59600000e-08  4.21908982e-02 
 1.59800000e-08  4.30141219e-02 
 1.60000000e-08  4.38294878e-02 
 1.60200000e-08  4.46368946e-02 
 1.60400000e-08  4.54362432e-02 
 1.60600000e-08  4.62274370e-02 
 1.60800000e-08  4.70103812e-02 
 1.61000000e-08  4.77849889e-02 
 1.61200000e-08  4.85511712e-02 
 1.61400000e-08  4.93088338e-02 
 1.61600000e-08  5.00578888e-02 
 1.61800000e-08  5.07982523e-02 
 1.62000000e-08  5.15298422e-02 
 1.62200000e-08  5.22525785e-02 
 1.62400000e-08  5.29663831e-02 
 1.62600000e-08  5.36711796e-02 
 1.62800000e-08  5.43668936e-02 
 1.63000000e-08  5.50534524e-02 
 1.63200000e-08  5.57307852e-02 
 1.63400000e-08  5.63988229e-02 
 1.63600000e-08  5.70574980e-02 
 1.63800000e-08  5.77067449e-02 
 1.64000000e-08  5.83464994e-02 
 1.64200000e-08  5.89766992e-02 
 1.64400000e-08  5.95972834e-02 
 1.64600000e-08  6.02081927e-02 
 1.64800000e-08  6.08093693e-02 
 1.65000000e-08  6.14007571e-02 
 1.65200000e-08  6.19823011e-02 
 1.65400000e-08  6.25539483e-02 
 1.65600000e-08  6.31156465e-02 
 1.65800000e-08  6.36673454e-02 
 1.66000000e-08  6.42089958e-02 
 1.66200000e-08  6.47405500e-02 
 1.66400000e-08  6.52619615e-02 
 1.66600000e-08  6.57731852e-02 
 1.66800000e-08  6.62741773e-02 
 1.67000000e-08  6.67648950e-02 
 1.67200000e-08  6.72452971e-02 
 1.67400000e-08  6.77153434e-02 
 1.67600000e-08  6.81749949e-02 
 1.67800000e-08  6.86242138e-02 
 1.68000000e-08  6.90629636e-02 
 1.68200000e-08  6.94912085e-02 
 1.68400000e-08  6.99089144e-02 
 1.68600000e-08  7.03160478e-02 
 1.68800000e-08  7.07125766e-02 
 1.69000000e-08  7.10984695e-02 
 1.69200000e-08  7.14736965e-02 
 1.69400000e-08  7.18382284e-02 
 1.69600000e-08  7.21920372e-02 
 1.69800000e-08  7.25350957e-02 
 1.70000000e-08  7.28673779e-02 
 1.70200000e-08  7.31888586e-02 
 1.70400000e-08  7.34995136e-02 
 1.70600000e-08  7.37993196e-02 
 1.70800000e-08  7.40882542e-02 
 1.71000000e-08  7.43662960e-02 
 1.71200000e-08  7.46334244e-02 
 1.71400000e-08  7.48896198e-02 
 1.71600000e-08  7.51348632e-02 
 1.71800000e-08  7.53691368e-02 
 1.72000000e-08  7.55924234e-02 
 1.72200000e-08  7.58047067e-02 
 1.72400000e-08  7.60059711e-02 
 1.72600000e-08  7.61962019e-02 
 1.72800000e-08  7.63753852e-02 
 1.73000000e-08  7.65435078e-02 
 1.73200000e-08  7.67005574e-02 
 1.73400000e-08  7.68465222e-02 
 1.73600000e-08  7.69813914e-02 
 1.73800000e-08  7.71051547e-02 
 1.74000000e-08  7.72178027e-02 
 1.74200000e-08  7.73193264e-02 
 1.74400000e-08  7.74097180e-02 
 1.74600000e-08  7.74889717e-02 
 1.74800000e-08  7.75570798e-02 
 1.75000000e-08  7.76140331e-02 
 1.75200000e-08  7.76598272e-02 
 1.75400000e-08  7.76944584e-02 
 1.75600000e-08  7.77179224e-02 
 1.75800000e-08  7.77302157e-02 
 1.76000000e-08  7.77313352e-02 
 1.76200000e-08  7.77212784e-02 
 1.76400000e-08  7.77000437e-02 
 1.76600000e-08  7.76676296e-02 
 1.76800000e-08  7.76240354e-02 
 1.77000000e-08  7.75692609e-02 
 1.77200000e-08  7.75033085e-02 
 1.77400000e-08  7.74261779e-02 
 1.77600000e-08  7.73378676e-02 
 1.77800000e-08  7.72383806e-02 
 1.78000000e-08  7.71277204e-02 
 1.78200000e-08  7.70058901e-02 
 1.78400000e-08  7.68728932e-02 
 1.78600000e-08  7.67287338e-02 
 1.78800000e-08  7.65734162e-02 
 1.79000000e-08  7.64069456e-02 
 1.79200000e-08  7.62293273e-02 
 1.79400000e-08  7.60405675e-02 
 1.79600000e-08  7.58406725e-02 
 1.79800000e-08  7.56296493e-02 
 1.80000000e-08  7.54075055e-02 
 1.80200000e-08  7.51742489e-02 
 1.80400000e-08  7.49298882e-02 
 1.80600000e-08  7.46744324e-02 
 1.80800000e-08  7.44078909e-02 
 1.81000000e-08  7.41302740e-02 
 1.81200000e-08  7.38415921e-02 
 1.81400000e-08  7.35418566e-02 
 1.81600000e-08  7.32310792e-02 
 1.81800000e-08  7.29092722e-02 
 1.82000000e-08  7.25764487e-02 
 1.82200000e-08  7.22326223e-02 
 1.82400000e-08  7.18778072e-02 
 1.82600000e-08  7.15120184e-02 
 1.82800000e-08  7.11352716e-02 
 1.83000000e-08  7.07475832e-02 
 1.83200000e-08  7.03489704e-02 
 1.83400000e-08  6.99394512e-02 
 1.83600000e-08  6.95190444e-02 
 1.83800000e-08  6.90877698e-02 
 1.84000000e-08  6.86456480e-02 
 1.84200000e-08  6.81927008e-02 
 1.84400000e-08  6.77289507e-02 
 1.84600000e-08  6.72544216e-02 
 1.84800000e-08  6.67691383e-02 
 1.85000000e-08  6.62731270e-02 
 1.85200000e-08  6.57664150e-02 
 1.85400000e-08  6.52490311e-02 
 1.85600000e-08  6.47210053e-02 
 1.85800000e-08  6.41823691e-02 
 1.86000000e-08  6.36331557e-02 
 1.86200000e-08  6.30733997e-02 
 1.86400000e-08  6.25031377e-02 
 1.86600000e-08  6.19224077e-02 
 1.86800000e-08  6.13312500e-02 
 1.87000000e-08  6.07297064e-02 
 1.87200000e-08  6.01178212e-02 
 1.87400000e-08  5.94956405e-02 
 1.87600000e-08  5.88632129e-02 
 1.87800000e-08  5.82205892e-02 
 1.88000000e-08  5.75678227e-02 
 1.88200000e-08  5.69049693e-02 
 1.88400000e-08  5.62320875e-02 
 1.88600000e-08  5.55492386e-02 
 1.88800000e-08  5.48564868e-02 
 1.89000000e-08  5.41538991e-02 
 1.89200000e-08  5.34415459e-02 
 1.89400000e-08  5.27195004e-02 
 1.89600000e-08  5.19878396e-02 
 1.89800000e-08  5.12466434e-02 
 1.90000000e-08  5.04959956e-02 
 1.90200000e-08  4.97359833e-02 
 1.90400000e-08  4.89666976e-02 
 1.90600000e-08  4.81882330e-02 
 1.90800000e-08  4.74006840e-02 
 1.91000000e-08  4.66041519e-02 
 1.91200000e-08  4.57987484e-02 
 1.91400000e-08  4.49845858e-02 
 1.91600000e-08  4.41617790e-02 
 1.91800000e-08  4.33304471e-02 
 1.92000000e-08  4.24907134e-02 
 1.92200000e-08  4.16427057e-02 
 1.92400000e-08  4.07865562e-02 
 1.92600000e-08  3.99224015e-02 
 1.92800000e-08  3.90503825e-02 
 1.93000000e-08  3.81706446e-02 
 1.93200000e-08  3.72833377e-02 
 1.93400000e-08  3.63886159e-02 
 1.93600000e-08  3.54866380e-02 
 1.93800000e-08  3.45775668e-02 
 1.94000000e-08  3.36615696e-02 
 1.94200000e-08  3.27388178e-02 
 1.94400000e-08  3.18094872e-02 
 1.94600000e-08  3.08737573e-02 
 1.94800000e-08  2.99318118e-02 
 1.95000000e-08  2.89838384e-02 
 1.95200000e-08  2.80300282e-02 
 1.95400000e-08  2.70705763e-02 
 1.95600000e-08  2.61056809e-02 
 1.95800000e-08  2.51355438e-02 
 1.96000000e-08  2.41603700e-02 
 1.96200000e-08  2.31803673e-02 
 1.96400000e-08  2.21957465e-02 
 1.96600000e-08  2.12067210e-02 
 1.96800000e-08  2.02135067e-02 
 1.97000000e-08  1.92163217e-02 
 1.97200000e-08  1.82153862e-02 
 1.97400000e-08  1.72109223e-02 
 1.97600000e-08  1.62031538e-02 
 1.97800000e-08  1.51923059e-02 
 1.98000000e-08  1.41786050e-02 
 1.98200000e-08  1.31622786e-02 
 1.98400000e-08  1.21435550e-02 
 1.98600000e-08  1.11226631e-02 
 1.98800000e-08  1.00998322e-02 
 1.99000000e-08  9.07529190e-03 
 1.99200000e-08  8.04927164e-03 
 1.99400000e-08  7.02200074e-03 
 1.99600000e-08  5.99370813e-03 
 1.99800000e-08  4.96462214e-03 
 2.00000000e-08  3.93497033e-03 
 2.00200000e-08  2.90497933e-03 
 2.00400000e-08  1.87487465e-03 
 2.00600000e-08  8.44880533e-04 
 2.00800000e-08 -1.84780212e-04 
 2.01000000e-08 -1.21388634e-03 
 2.01200000e-08 -2.24221834e-03 
 2.01400000e-08 -3.26955851e-03 
 2.01600000e-08 -4.29569116e-03 
 2.01800000e-08 -5.32040358e-03 
 2.02000000e-08 -6.34348366e-03 
 2.02200000e-08 -7.36472089e-03 
 2.02400000e-08 -8.38390918e-03 
 2.02600000e-08 -9.40084463e-03 
 2.02800000e-08 -1.04153254e-02 
 2.03000000e-08 -1.14271524e-02 
 2.03200000e-08 -1.24361290e-02 
 2.03400000e-08 -1.34420614e-02 
 2.03600000e-08 -1.44447585e-02 
 2.03800000e-08 -1.54440322e-02 
 2.04000000e-08 -1.64396968e-02 
 2.04200000e-08 -1.74315700e-02 
 2.04400000e-08 -1.84194718e-02 
 2.04600000e-08 -1.94032257e-02 
 2.04800000e-08 -2.03826577e-02 
 2.05000000e-08 -2.13575968e-02 
 2.05200000e-08 -2.23278749e-02 
 2.05400000e-08 -2.32933270e-02 
 2.05600000e-08 -2.42537909e-02 
 2.05800000e-08 -2.52091072e-02 
 2.06000000e-08 -2.61591195e-02 
 2.06200000e-08 -2.71036743e-02 
 2.06400000e-08 -2.80426210e-02 
 2.06600000e-08 -2.89758118e-02 
 2.06800000e-08 -2.99031017e-02 
 2.07000000e-08 -3.08243485e-02 
 2.07200000e-08 -3.17394129e-02 
 2.07400000e-08 -3.26481582e-02 
 2.07600000e-08 -3.35504505e-02 
 2.07800000e-08 -3.44461587e-02 
 2.08000000e-08 -3.53351542e-02 
 2.08200000e-08 -3.62173113e-02 
 2.08400000e-08 -3.70925065e-02 
 2.08600000e-08 -3.79606192e-02 
 2.08800000e-08 -3.88215313e-02 
 2.09000000e-08 -3.96751272e-02 
 2.09200000e-08 -4.05212937e-02 
 2.09400000e-08 -4.13599201e-02 
 2.09600000e-08 -4.21908982e-02 
 2.09800000e-08 -4.30141219e-02 
 2.10000000e-08 -4.38294878e-02 
 2.10200000e-08 -4.46368946e-02 
 2.10400000e-08 -4.54362432e-02 
 2.10600000e-08 -4.62274370e-02 
 2.10800000e-08 -4.70103812e-02 
 2.11000000e-08 -4.77849889e-02 
 2.11200000e-08 -4.85511712e-02 
 2.11400000e-08 -4.93088338e-02 
 2.11600000e-08 -5.00578888e-02 
 2.11800000e-08 -5.07982523e-02 
 2.12000000e-08 -5.15298422e-02 
 2.12200000e-08 -5.22525785e-02 
 2.12400000e-08 -5.29663831e-02 
 2.12600000e-08 -5.36711796e-02 
 2.12800000e-08 -5.43668936e-02 
 2.13000000e-08 -5.50534524e-02 
 2.13200000e-08 -5.57307852e-02 
 2.13400000e-08 -5.63988229e-02 
 2.13600000e-08 -5.70574980e-02 
 2.13800000e-08 -5.77067449e-02 
 2.14000000e-08 -5.83464994e-02 
 2.14200000e-08 -5.89766992e-02 
 2.14400000e-08 -5.95972834e-02 
 2.14600000e-08 -6.02081927e-02 
 2.14800000e-08 -6.08093693e-02 
 2.15000000e-08 -6.14007571e-02 
 2.15200000e-08 -6.19823011e-02 
 2.15400000e-08 -6.25539483e-02 
 2.15600000e-08 -6.31156465e-02 
 2.15800000e-08 -6.36673454e-02 
 2.16000000e-08 -6.42089958e-02 
 2.16200000e-08 -6.47405500e-02 
 2.16400000e-08 -6.52619615e-02 
 2.16600000e-08 -6.57731852e-02 
 2.16800000e-08 -6.62741773e-02 
 2.17000000e-08 -6.67648950e-02 
 2.17200000e-08 -6.72452971e-02 
 2.17400000e-08 -6.77153434e-02 
 2.17600000e-08 -6.81749949e-02 
 2.17800000e-08 -6.86242138e-02 
 2.18000000e-08 -6.90629636e-02 
 2.18200000e-08 -6.94912085e-02 
 2.18400000e-08 -6.99089144e-02 
 2.18600000e-08 -7.03160478e-02 
 2.18800000e-08 -7.07125766e-02 
 2.19000000e-08 -7.10984695e-02 
 2.19200000e-08 -7.14736965e-02 
 2.19400000e-08 -7.18382284e-02 
 2.19600000e-08 -7.21920372e-02 
 2.19800000e-08 -7.25350957e-02 
 2.20000000e-08 -7.28673779e-02 
 2.20200000e-08 -7.31888586e-02 
 2.20400000e-08 -7.34995136e-02 
 2.20600000e-08 -7.37993196e-02 
 2.20800000e-08 -7.40882542e-02 
 2.21000000e-08 -7.43662960e-02 
 2.21200000e-08 -7.46334244e-02 
 2.21400000e-08 -7.48896198e-02 
 2.21600000e-08 -7.51348632e-02 
 2.21800000e-08 -7.53691368e-02 
 2.22000000e-08 -7.55924234e-02 
 2.22200000e-08 -7.58047067e-02 
 2.22400000e-08 -7.60059711e-02 
 2.22600000e-08 -7.61962019e-02 
 2.22800000e-08 -7.63753852e-02 
 2.23000000e-08 -7.65435078e-02 
 2.23200000e-08 -7.67005574e-02 
 2.23400000e-08 -7.68465222e-02 
 2.23600000e-08 -7.69813914e-02 
 2.23800000e-08 -7.71051547e-02 
 2.24000000e-08 -7.72178027e-02 
 2.24200000e-08 -7.73193264e-02 
 2.24400000e-08 -7.74097180e-02 
 2.24600000e-08 -7.74889717e-02 
 2.24800000e-08 -7.75570798e-02 
 2.25000000e-08 -7.76140331e-02 
 2.25200000e-08 -7.76598272e-02 
 2.25400000e-08 -7.76944584e-02 
 2.25600000e-08 -7.77179224e-02 
 2.25800000e-08 -7.77302157e-02 
 2.26000000e-08 -7.77313352e-02 
 2.26200000e-08 -7.77212784e-02 
 2.26400000e-08 -7.77000437e-02 
 2.26600000e-08 -7.76676296e-02 
 2.26800000e-08 -7.76240354e-02 
 2.27000000e-08 -7.75692609e-02 
 2.27200000e-08 -7.75033085e-02 
 2.27400000e-08 -7.74261779e-02 
 2.27600000e-08 -7.73378676e-02 
 2.27800000e-08 -7.72383806e-02 
 2.28000000e-08 -7.71277204e-02 
 2.28200000e-08 -7.70058901e-02 
 2.28400000e-08 -7.68728932e-02 
 2.28600000e-08 -7.67287338e-02 
 2.28800000e-08 -7.65734162e-02 
 2.29000000e-08 -7.64069456e-02 
 2.29200000e-08 -7.62293273e-02 
 2.29400000e-08 -7.60405675e-02 
 2.29600000e-08 -7.58406725e-02 
 2.29800000e-08 -7.56296493e-02 
 2.30000000e-08 -7.54075055e-02 
 2.30200000e-08 -7.51742489e-02 
 2.30400000e-08 -7.49298882e-02 
 2.30600000e-08 -7.46744324e-02 
 2.30800000e-08 -7.44078909e-02 
 2.31000000e-08 -7.41302740e-02 
 2.31200000e-08 -7.38415921e-02 
 2.31400000e-08 -7.35418566e-02 
 2.31600000e-08 -7.32310792e-02 
 2.31800000e-08 -7.29092722e-02 
 2.32000000e-08 -7.25764487e-02 
 2.32200000e-08 -7.22326223e-02 
 2.32400000e-08 -7.18778072e-02 
 2.32600000e-08 -7.15120184e-02 
 2.32800000e-08 -7.11352716e-02 
 2.33000000e-08 -7.07475832e-02 
 2.33200000e-08 -7.03489704e-02 
 2.33400000e-08 -6.99394512e-02 
 2.33600000e-08 -6.95190444e-02 
 2.33800000e-08 -6.90877698e-02 
 2.34000000e-08 -6.86456480e-02 
 2.34200000e-08 -6.81927008e-02 
 2.34400000e-08 -6.77289507e-02 
 2.34600000e-08 -6.72544216e-02 
 2.34800000e-08 -6.67691383e-02 
 2.35000000e-08 -6.62731270e-02 
 2.35200000e-08 -6.57664150e-02 
 2.35400000e-08 -6.52490311e-02 
 2.35600000e-08 -6.47210053e-02 
 2.35800000e-08 -6.41823691e-02 
 2.36000000e-08 -6.36331557e-02 
 2.36200000e-08 -6.30733997e-02 
 2.36400000e-08 -6.25031377e-02 
 2.36600000e-08 -6.19224077e-02 
 2.36800000e-08 -6.13312500e-02 
 2.37000000e-08 -6.07297064e-02 
 2.37200000e-08 -6.01178212e-02 
 2.37400000e-08 -5.94956405e-02 
 2.37600000e-08 -5.88632129e-02 
 2.37800000e-08 -5.82205892e-02 
 2.38000000e-08 -5.75678227e-02 
 2.38200000e-08 -5.69049693e-02 
 2.38400000e-08 -5.62320875e-02 
 2.38600000e-08 -5.55492386e-02 
 2.38800000e-08 -5.48564868e-02 
 2.39000000e-08 -5.41538991e-02 
 2.39200000e-08 -5.34415459e-02 
 2.39400000e-08 -5.27195004e-02 
 2.39600000e-08 -5.19878396e-02 
 2.39800000e-08 -5.12466434e-02 
 2.40000000e-08 -5.04959956e-02 
 2.40200000e-08 -4.97359833e-02 
 2.40400000e-08 -4.89666976e-02 
 2.40600000e-08 -4.81882330e-02 
 2.40800000e-08 -4.74006840e-02 
 2.41000000e-08 -4.66041519e-02 
 2.41200000e-08 -4.57987484e-02 
 2.41400000e-08 -4.49845858e-02 
 2.41600000e-08 -4.41617790e-02 
 2.41800000e-08 -4.33304471e-02 
 2.42000000e-08 -4.24907134e-02 
 2.42200000e-08 -4.16427057e-02 
 2.42400000e-08 -4.07865562e-02 
 2.42600000e-08 -3.99224015e-02 
 2.42800000e-08 -3.90503825e-02 
 2.43000000e-08 -3.81706446e-02 
 2.43200000e-08 -3.72833377e-02 
 2.43400000e-08 -3.63886159e-02 
 2.43600000e-08 -3.54866380e-02 
 2.43800000e-08 -3.45775668e-02 
 2.44000000e-08 -3.36615696e-02 
 2.44200000e-08 -3.27388178e-02 
 2.44400000e-08 -3.18094872e-02 
 2.44600000e-08 -3.08737573e-02 
 2.44800000e-08 -2.99318118e-02 
 2.45000000e-08 -2.89838384e-02 
 2.45200000e-08 -2.80300282e-02 
 2.45400000e-08 -2.70705763e-02 
 2.45600000e-08 -2.61056809e-02 
 2.45800000e-08 -2.51355438e-02 
 2.46000000e-08 -2.41603700e-02 
 2.46200000e-08 -2.31803673e-02 
 2.46400000e-08 -2.21957465e-02 
 2.46600000e-08 -2.12067210e-02 
 2.46800000e-08 -2.02135067e-02 
 2.47000000e-08 -1.92163217e-02 
 2.47200000e-08 -1.82153862e-02 
 2.47400000e-08 -1.72109223e-02 
 2.47600000e-08 -1.62031538e-02 
 2.47800000e-08 -1.51923059e-02 
 2.48000000e-08 -1.41786050e-02 
 2.48200000e-08 -1.31622786e-02 
 2.48400000e-08 -1.21435550e-02 
 2.48600000e-08 -1.11226631e-02 
 2.48800000e-08 -1.00998322e-02 
 2.49000000e-08 -9.07529190e-03 
 2.49200000e-08 -8.04927164e-03 
 2.49400000e-08 -7.02200074e-03 
 2.49600000e-08 -5.99370813e-03 
 2.49800000e-08 -4.96462214e-03 
 2.50000000e-08 -3.93497033e-03 
 2.50200000e-08 -2.90497933e-03 
 2.50400000e-08 -1.87487465e-03 
 2.50600000e-08 -8.44880533e-04 
 2.50800000e-08  1.84780212e-04 
 2.51000000e-08  1.21388634e-03 
 2.51200000e-08  2.24221834e-03 
 2.51400000e-08  3.26955851e-03 
 2.51600000e-08  4.29569116e-03 
 2.51800000e-08  5.32040358e-03 
 2.52000000e-08  6.34348366e-03 
 2.52200000e-08  7.36472089e-03 
 2.52400000e-08  8.38390918e-03 
 2.52600000e-08  9.40084463e-03 
 2.52800000e-08  1.04153254e-02 
 2.53000000e-08  1.14271524e-02 
 2.53200000e-08  1.24361290e-02 
 2.53400000e-08  1.34420614e-02 
 2.53600000e-08  1.44447585e-02 
 2.53800000e-08  1.54440322e-02 
 2.54000000e-08  1.64396968e-02 
 2.54200000e-08  1.74315700e-02 
 2.54400000e-08  1.84194718e-02 
 2.54600000e-08  1.94032257e-02 
 2.54800000e-08  2.03826577e-02 
 2.55000000e-08  2.13575968e-02 
 2.55200000e-08  2.23278749e-02 
 2.55400000e-08  2.32933270e-02 
 2.55600000e-08  2.42537909e-02 
 2.55800000e-08  2.52091072e-02 
 2.56000000e-08  2.61591195e-02 
 2.56200000e-08  2.71036743e-02 
 2.56400000e-08  2.80426210e-02 
 2.56600000e-08  2.89758118e-02 
 2.56800000e-08  2.99031017e-02 
 2.57000000e-08  3.08243485e-02 
 2.57200000e-08  3.17394129e-02 
 2.57400000e-08  3.26481582e-02 
 2.57600000e-08  3.35504505e-02 
 2.57800000e-08  3.44461587e-02 
 2.58000000e-08  3.53351542e-02 
 2.58200000e-08  3.62173113e-02 
 2.58400000e-08  3.70925065e-02 
 2.58600000e-08  3.79606192e-02 
 2.58800000e-08  3.88215313e-02 
 2.59000000e-08  3.96751272e-02 
 2.59200000e-08  4.05212937e-02 
 2.59400000e-08  4.13599201e-02 
 2.59600000e-08  4.21908982e-02 
 2.59800000e-08  4.30141219e-02 
 2.60000000e-08  4.38294878e-02 
 2.60200000e-08  4.46368946e-02 
 2.60400000e-08  4.54362432e-02 
 2.60600000e-08  4.62274370e-02 
 2.60800000e-08  4.70103812e-02 
 2.61000000e-08  4.77849889e-02 
 2.61200000e-08  4.85511712e-02 
 2.61400000e-08  4.93088338e-02 
 2.61600000e-08  5.00578888e-02 
 2.61800000e-08  5.07982523e-02 
 2.62000000e-08  5.15298422e-02 
 2.62200000e-08  5.22525785e-02 
 2.62400000e-08  5.29663831e-02 
 2.62600000e-08  5.36711796e-02 
 2.62800000e-08  5.43668936e-02 
 2.63000000e-08  5.50534524e-02 
 2.63200000e-08  5.57307852e-02 
 2.63400000e-08  5.63988229e-02 
 2.63600000e-08  5.70574980e-02 
 2.63800000e-08  5.77067449e-02 
 2.64000000e-08  5.83464994e-02 
 2.64200000e-08  5.89766992e-02 
 2.64400000e-08  5.95972834e-02 
 2.64600000e-08  6.02081927e-02 
 2.64800000e-08  6.08093693e-02 
 2.65000000e-08  6.14007571e-02 
 2.65200000e-08  6.19823011e-02 
 2.65400000e-08  6.25539483e-02 
 2.65600000e-08  6.31156465e-02 
 2.65800000e-08  6.36673454e-02 
 2.66000000e-08  6.42089958e-02 
 2.66200000e-08  6.47405500e-02 
 2.66400000e-08  6.52619615e-02 
 2.66600000e-08  6.57731852e-02 
 2.66800000e-08  6.62741773e-02 
 2.67000000e-08  6.67648950e-02 
 2.67200000e-08  6.72452971e-02 
 2.67400000e-08  6.77153434e-02 
 2.67600000e-08  6.81749949e-02 
 2.67800000e-08  6.86242138e-02 
 2.68000000e-08  6.90629636e-02 
 2.68200000e-08  6.94912085e-02 
 2.68400000e-08  6.99089144e-02 
 2.68600000e-08  7.03160478e-02 
 2.68800000e-08  7.07125766e-02 
 2.69000000e-08  7.10984695e-02 
 2.69200000e-08  7.14736965e-02 
 2.69400000e-08  7.18382284e-02 
 2.69600000e-08  7.21920372e-02 
 2.69800000e-08  7.25350957e-02 
 2.70000000e-08  7.28673779e-02 
 2.70200000e-08  7.31888586e-02 
 2.70400000e-08  7.34995136e-02 
 2.70600000e-08  7.37993196e-02 
 2.70800000e-08  7.40882542e-02 
 2.71000000e-08  7.43662960e-02 
 2.71200000e-08  7.46334244e-02 
 2.71400000e-08  7.48896198e-02 
 2.71600000e-08  7.51348632e-02 
 2.71800000e-08  7.53691368e-02 
 2.72000000e-08  7.55924234e-02 
 2.72200000e-08  7.58047067e-02 
 2.72400000e-08  7.60059711e-02 
 2.72600000e-08  7.61962019e-02 
 2.72800000e-08  7.63753852e-02 
 2.73000000e-08  7.65435078e-02 
 2.73200000e-08  7.67005574e-02 
 2.73400000e-08  7.68465222e-02 
 2.73600000e-08  7.69813914e-02 
 2.73800000e-08  7.71051547e-02 
 2.74000000e-08  7.72178027e-02 
 2.74200000e-08  7.73193264e-02 
 2.74400000e-08  7.74097180e-02 
 2.74600000e-08  7.74889717e-02 
 2.74800000e-08  7.75570798e-02 
 2.75000000e-08  7.76140331e-02 
 2.75200000e-08  7.76598272e-02 
 2.75400000e-08  7.76944584e-02 
 2.75600000e-08  7.77179224e-02 
 2.75800000e-08  7.77302157e-02 
 2.76000000e-08  7.77313351e-02 
 2.76200000e-08  7.77212784e-02 
 2.76400000e-08  7.77000437e-02 
 2.76600000e-08  7.76676296e-02 
 2.76800000e-08  7.76240354e-02 
 2.77000000e-08  7.75692609e-02 
 2.77200000e-08  7.75033085e-02 
 2.77400000e-08  7.74261779e-02 
 2.77600000e-08  7.73378676e-02 
 2.77800000e-08  7.72383806e-02 
 2.78000000e-08  7.71277204e-02 
 2.78200000e-08  7.70058901e-02 
 2.78400000e-08  7.68728932e-02 
 2.78600000e-08  7.67287338e-02 
 2.78800000e-08  7.65734162e-02 
 2.79000000e-08  7.64069456e-02 
 2.79200000e-08  7.62293273e-02 
 2.79400000e-08  7.60405675e-02 
 2.79600000e-08  7.58406725e-02 
 2.79800000e-08  7.56296493e-02 
 2.80000000e-08  7.54075055e-02 
 2.80200000e-08  7.51742489e-02 
 2.80400000e-08  7.49298882e-02 
 2.80600000e-08  7.46744324e-02 
 2.80800000e-08  7.44078909e-02 
 2.81000000e-08  7.41302740e-02 
 2.81200000e-08  7.38415921e-02 
 2.81400000e-08  7.35418566e-02 
 2.81600000e-08  7.32310792e-02 
 2.81800000e-08  7.29092722e-02 
 2.82000000e-08  7.25764487e-02 
 2.82200000e-08  7.22326223e-02 
 2.82400000e-08  7.18778072e-02 
 2.82600000e-08  7.15120184e-02 
 2.82800000e-08  7.11352716e-02 
 2.83000000e-08  7.07475832e-02 
 2.83200000e-08  7.03489704e-02 
 2.83400000e-08  6.99394512e-02 
 2.83600000e-08  6.95190444e-02 
 2.83800000e-08  6.90877698e-02 
 2.84000000e-08  6.86456480e-02 
 2.84200000e-08  6.81927008e-02 
 2.84400000e-08  6.77289507e-02 
 2.84600000e-08  6.72544216e-02 
 2.84800000e-08  6.67691383e-02 
 2.85000000e-08  6.62731270e-02 
 2.85200000e-08  6.57664150e-02 
 2.85400000e-08  6.52490311e-02 
 2.85600000e-08  6.47210053e-02 
 2.85800000e-08  6.41823691e-02 
 2.86000000e-08  6.36331557e-02 
 2.86200000e-08  6.30733997e-02 
 2.86400000e-08  6.25031377e-02 
 2.86600000e-08  6.19224077e-02 
 2.86800000e-08  6.13312500e-02 
 2.87000000e-08  6.07297064e-02 
 2.87200000e-08  6.01178212e-02 
 2.87400000e-08  5.94956405e-02 
 2.87600000e-08  5.88632129e-02 
 2.87800000e-08  5.82205892e-02 
 2.88000000e-08  5.75678227e-02 
 2.88200000e-08  5.69049693e-02 
 2.88400000e-08  5.62320875e-02 
 2.88600000e-08  5.55492386e-02 
 2.88800000e-08  5.48564868e-02 
 2.89000000e-08  5.41538991e-02 
 2.89200000e-08  5.34415459e-02 
 2.89400000e-08  5.27195004e-02 
 2.89600000e-08  5.19878396e-02 
 2.89800000e-08  5.12466434e-02 
 2.90000000e-08  5.04959956e-02 
 2.90200000e-08  4.97359833e-02 
 2.90400000e-08  4.89666976e-02 
 2.90600000e-08  4.81882330e-02 
 2.90800000e-08  4.74006840e-02 
 2.91000000e-08  4.66041519e-02 
 2.91200000e-08  4.57987484e-02 
 2.91400000e-08  4.49845858e-02 
 2.91600000e-08  4.41617790e-02 
 2.91800000e-08  4.33304471e-02 
 2.92000000e-08  4.24907134e-02 
 2.92200000e-08  4.16427057e-02 
 2.92400000e-08  4.07865562e-02 
 2.92600000e-08  3.99224015e-02 
 2.92800000e-08  3.90503825e-02 
 2.93000000e-08  3.81706446e-02 
 2.93200000e-08  3.72833377e-02 
 2.93400000e-08  3.63886159e-02 
 2.93600000e-08  3.54866380e-02 
 2.93800000e-08  3.45775668e-02 
 2.94000000e-08  3.36615696e-02 
 2.94200000e-08  3.27388178e-02 
 2.94400000e-08  3.18094872e-02 
 2.94600000e-08  3.08737573e-02 
 2.94800000e-08  2.99318118e-02 
 2.95000000e-08  2.89838384e-02 
 2.95200000e-08  2.80300282e-02 
 2.95400000e-08  2.70705763e-02 
 2.95600000e-08  2.61056809e-02 
 2.95800000e-08  2.51355438e-02 
 2.96000000e-08  2.41603700e-02 
 2.96200000e-08  2.31803673e-02 
 2.96400000e-08  2.21957465e-02 
 2.96600000e-08  2.12067210e-02 
 2.96800000e-08  2.02135067e-02 
 2.97000000e-08  1.92163217e-02 
 2.97200000e-08  1.82153862e-02 
 2.97400000e-08  1.72109223e-02 
 2.97600000e-08  1.62031538e-02 
 2.97800000e-08  1.51923059e-02 
 2.98000000e-08  1.41786050e-02 
 2.98200000e-08  1.31622786e-02 
 2.98400000e-08  1.21435550e-02 
 2.98600000e-08  1.11226631e-02 
 2.98800000e-08  1.00998322e-02 
 2.99000000e-08  9.07529190e-03 
 2.99200000e-08  8.04927164e-03 
 2.99400000e-08  7.02200074e-03 
 2.99600000e-08  5.99370813e-03 
 2.99800000e-08  4.96462214e-03 
 3.00000000e-08  3.93497033e-03 
 3.00200000e-08  2.90497933e-03 
 3.00400000e-08  1.87487465e-03 
 3.00600000e-08  8.44880533e-04 
 3.00800000e-08 -1.84780212e-04 
 3.01000000e-08 -1.21388634e-03 
 3.01200000e-08 -2.24221834e-03 
 3.01400000e-08 -3.26955851e-03 
 3.01600000e-08 -4.29569116e-03 
 3.01800000e-08 -5.32040358e-03 
 3.02000000e-08 -6.34348366e-03 
 3.02200000e-08 -7.36472089e-03 
 3.02400000e-08 -8.38390918e-03 
 3.02600000e-08 -9.40084463e-03 
 3.02800000e-08 -1.04153254e-02 
 3.03000000e-08 -1.14271524e-02 
 3.03200000e-08 -1.24361290e-02 
 3.03400000e-08 -1.34420614e-02 
 3.03600000e-08 -1.44447585e-02 
 3.03800000e-08 -1.54440322e-02 
 3.04000000e-08 -1.64396968e-02 
 3.04200000e-08 -1.74315700e-02 
 3.04400000e-08 -1.84194718e-02 
 3.04600000e-08 -1.94032257e-02 
 3.04800000e-08 -2.03826577e-02 
 3.05000000e-08 -2.13575968e-02 
 3.05200000e-08 -2.23278749e-02 
 3.05400000e-08 -2.32933270e-02 
 3.05600000e-08 -2.42537909e-02 
 3.05800000e-08 -2.52091072e-02 
 3.06000000e-08 -2.61591195e-02 
 3.06200000e-08 -2.71036743e-02 
 3.06400000e-08 -2.80426210e-02 
 3.06600000e-08 -2.89758118e-02 
 3.06800000e-08 -2.99031017e-02 
 3.07000000e-08 -3.08243485e-02 
 3.07200000e-08 -3.17394129e-02 
 3.07400000e-08 -3.26481582e-02 
 3.07600000e-08 -3.35504505e-02 
 3.07800000e-08 -3.44461587e-02 
 3.08000000e-08 -3.53351542e-02 
 3.08200000e-08 -3.62173113e-02 
 3.08400000e-08 -3.70925065e-02 
 3.08600000e-08 -3.79606192e-02 
 3.08800000e-08 -3.88215313e-02 
 3.09000000e-08 -3.96751272e-02 
 3.09200000e-08 -4.05212937e-02 
 3.09400000e-08 -4.13599201e-02 
 3.09600000e-08 -4.21908982e-02 
 3.09800000e-08 -4.30141219e-02 
 3.10000000e-08 -4.38294878e-02 
 3.10200000e-08 -4.46368946e-02 
 3.10400000e-08 -4.54362432e-02 
 3.10600000e-08 -4.62274370e-02 
 3.10800000e-08 -4.70103812e-02 
 3.11000000e-08 -4.77849889e-02 
 3.11200000e-08 -4.85511712e-02 
 3.11400000e-08 -4.93088338e-02 
 3.11600000e-08 -5.00578888e-02 
 3.11800000e-08 -5.07982523e-02 
 3.12000000e-08 -5.15298422e-02 
 3.12200000e-08 -5.22525785e-02 
 3.12400000e-08 -5.29663831e-02 
 3.12600000e-08 -5.36711796e-02 
 3.12800000e-08 -5.43668936e-02 
 3.13000000e-08 -5.50534524e-02 
 3.13200000e-08 -5.57307852e-02 
 3.13400000e-08 -5.63988229e-02 
 3.13600000e-08 -5.70574980e-02 
 3.13800000e-08 -5.77067449e-02 
 3.14000000e-08 -5.83464994e-02 
 3.14200000e-08 -5.89766992e-02 
 3.14400000e-08 -5.95972834e-02 
 3.14600000e-08 -6.02081927e-02 
 3.14800000e-08 -6.08093693e-02 
 3.15000000e-08 -6.14007571e-02 
 3.15200000e-08 -6.19823011e-02 
 3.15400000e-08 -6.25539483e-02 
 3.15600000e-08 -6.31156465e-02 
 3.15800000e-08 -6.36673454e-02 
 3.16000000e-08 -6.42089958e-02 
 3.16200000e-08 -6.47405500e-02 
 3.16400000e-08 -6.52619615e-02 
 3.16600000e-08 -6.57731852e-02 
 3.16800000e-08 -6.62741773e-02 
 3.17000000e-08 -6.67648950e-02 
 3.17200000e-08 -6.72452971e-02 
 3.17400000e-08 -6.77153434e-02 
 3.17600000e-08 -6.81749949e-02 
 3.17800000e-08 -6.86242138e-02 
 3.18000000e-08 -6.90629636e-02 
 3.18200000e-08 -6.94912085e-02 
 3.18400000e-08 -6.99089144e-02 
 3.18600000e-08 -7.03160478e-02 
 3.18800000e-08 -7.07125766e-02 
 3.19000000e-08 -7.10984695e-02 
 3.19200000e-08 -7.14736965e-02 
 3.19400000e-08 -7.18382284e-02 
 3.19600000e-08 -7.21920372e-02 
 3.19800000e-08 -7.25350957e-02 
 3.20000000e-08 -7.28673779e-02 
 3.20200000e-08 -7.31888586e-02 
 3.20400000e-08 -7.34995136e-02 
 3.20600000e-08 -7.37993196e-02 
 3.20800000e-08 -7.40882542e-02 
 3.21000000e-08 -7.43662960e-02 
 3.21200000e-08 -7.46334244e-02 
 3.21400000e-08 -7.48896198e-02 
 3.21600000e-08 -7.51348632e-02 
 3.21800000e-08 -7.53691368e-02 
 3.22000000e-08 -7.55924234e-02 
 3.22200000e-08 -7.58047067e-02 
 3.22400000e-08 -7.60059711e-02 
 3.22600000e-08 -7.61962019e-02 
 3.22800000e-08 -7.63753852e-02 
 3.23000000e-08 -7.65435078e-02 
 3.23200000e-08 -7.67005574e-02 
 3.23400000e-08 -7.68465222e-02 
 3.23600000e-08 -7.69813914e-02 
 3.23800000e-08 -7.71051547e-02 
 3.24000000e-08 -7.72178027e-02 
 3.24200000e-08 -7.73193264e-02 
 3.24400000e-08 -7.74097180e-02 
 3.24600000e-08 -7.74889717e-02 
 3.24800000e-08 -7.75570798e-02 
 3.25000000e-08 -7.76140331e-02 
 3.25200000e-08 -7.76598272e-02 
 3.25400000e-08 -7.76944584e-02 
 3.25600000e-08 -7.77179224e-02 
 3.25800000e-08 -7.77302157e-02 
 3.26000000e-08 -7.77313352e-02 
 3.26200000e-08 -7.77212784e-02 
 3.26400000e-08 -7.77000437e-02 
 3.26600000e-08 -7.76676296e-02 
 3.26800000e-08 -7.76240354e-02 
 3.27000000e-08 -7.75692609e-02 
 3.27200000e-08 -7.75033085e-02 
 3.27400000e-08 -7.74261779e-02 
 3.27600000e-08 -7.73378676e-02 
 3.27800000e-08 -7.72383806e-02 
 3.28000000e-08 -7.71277204e-02 
 3.28200000e-08 -7.70058901e-02 
 3.28400000e-08 -7.68728932e-02 
 3.28600000e-08 -7.67287338e-02 
 3.28800000e-08 -7.65734162e-02 
 3.29000000e-08 -7.64069456e-02 
 3.29200000e-08 -7.62293273e-02 
 3.29400000e-08 -7.60405675e-02 
 3.29600000e-08 -7.58406725e-02 
 3.29800000e-08 -7.56296493e-02 
 3.30000000e-08 -7.54075055e-02 
 3.30200000e-08 -7.51742489e-02 
 3.30400000e-08 -7.49298882e-02 
 3.30600000e-08 -7.46744324e-02 
 3.30800000e-08 -7.44078909e-02 
 3.31000000e-08 -7.41302740e-02 
 3.31200000e-08 -7.38415921e-02 
 3.31400000e-08 -7.35418566e-02 
 3.31600000e-08 -7.32310792e-02 
 3.31800000e-08 -7.29092722e-02 
 3.32000000e-08 -7.25764487e-02 
 3.32200000e-08 -7.22326223e-02 
 3.32400000e-08 -7.18778072e-02 
 3.32600000e-08 -7.15120184e-02 
 3.32800000e-08 -7.11352716e-02 
 3.33000000e-08 -7.07475832e-02 
 3.33200000e-08 -7.03489704e-02 
 3.33400000e-08 -6.99394512e-02 
 3.33600000e-08 -6.95190444e-02 
 3.33800000e-08 -6.90877698e-02 
 3.34000000e-08 -6.86456480e-02 
 3.34200000e-08 -6.81927008e-02 
 3.34400000e-08 -6.77289507e-02 
 3.34600000e-08 -6.72544216e-02 
 3.34800000e-08 -6.67691383e-02 
 3.35000000e-08 -6.62731270e-02 
 3.35200000e-08 -6.57664150e-02 
 3.35400000e-08 -6.52490311e-02 
 3.35600000e-08 -6.47210053e-02 
 3.35800000e-08 -6.41823691e-02 
 3.36000000e-08 -6.36331557e-02 
 3.36200000e-08 -6.30733997e-02 
 3.36400000e-08 -6.25031377e-02 
 3.36600000e-08 -6.19224077e-02 
 3.36800000e-08 -6.13312500e-02 
 3.37000000e-08 -6.07297064e-02 
 3.37200000e-08 -6.01178212e-02 
 3.37400000e-08 -5.94956405e-02 
 3.37600000e-08 -5.88632129e-02 
 3.37800000e-08 -5.82205892e-02 
 3.38000000e-08 -5.75678227e-02 
 3.38200000e-08 -5.69049693e-02 
 3.38400000e-08 -5.62320875e-02 
 3.38600000e-08 -5.55492386e-02 
 3.38800000e-08 -5.48564868e-02 
 3.39000000e-08 -5.41538991e-02 
 3.39200000e-08 -5.34415459e-02 
 3.39400000e-08 -5.27195004e-02 
 3.39600000e-08 -5.19878396e-02 
 3.39800000e-08 -5.12466434e-02 
 3.40000000e-08 -5.04959956e-02 
 3.40200000e-08 -4.97359833e-02 
 3.40400000e-08 -4.89666976e-02 
 3.40600000e-08 -4.81882330e-02 
 3.40800000e-08 -4.74006840e-02 
 3.41000000e-08 -4.66041519e-02 
 3.41200000e-08 -4.57987484e-02 
 3.41400000e-08 -4.49845858e-02 
 3.41600000e-08 -4.41617790e-02 
 3.41800000e-08 -4.33304471e-02 
 3.42000000e-08 -4.24907134e-02 
 3.42200000e-08 -4.16427057e-02 
 3.42400000e-08 -4.07865562e-02 
 3.42600000e-08 -3.99224015e-02 
 3.42800000e-08 -3.90503825e-02 
 3.43000000e-08 -3.81706446e-02 
 3.43200000e-08 -3.72833377e-02 
 3.43400000e-08 -3.63886159e-02 
 3.43600000e-08 -3.54866380e-02 
 3.43800000e-08 -3.45775668e-02 
 3.44000000e-08 -3.36615696e-02 
 3.44200000e-08 -3.27388178e-02 
 3.44400000e-08 -3.18094872e-02 
 3.44600000e-08 -3.08737573e-02 
 3.44800000e-08 -2.99318118e-02 
 3.45000000e-08 -2.89838384e-02 
 3.45200000e-08 -2.80300282e-02 
 3.45400000e-08 -2.70705763e-02 
 3.45600000e-08 -2.61056809e-02 
 3.45800000e-08 -2.51355438e-02 
 3.46000000e-08 -2.41603700e-02 
 3.46200000e-08 -2.31803673e-02 
 3.46400000e-08 -2.21957465e-02 
 3.46600000e-08 -2.12067210e-02 
 3.46800000e-08 -2.02135067e-02 
 3.47000000e-08 -1.92163217e-02 
 3.47200000e-08 -1.82153862e-02 
 3.47400000e-08 -1.72109223e-02 
 3.47600000e-08 -1.62031538e-02 
 3.47800000e-08 -1.51923059e-02 
 3.48000000e-08 -1.41786050e-02 
 3.48200000e-08 -1.31622786e-02 
 3.48400000e-08 -1.21435550e-02 
 3.48600000e-08 -1.11226631e-02 
 3.48800000e-08 -1.00998322e-02 
 3.49000000e-08 -9.07529190e-03 
 3.49200000e-08 -8.04927164e-03 
 3.49400000e-08 -7.02200074e-03 
 3.49600000e-08 -5.99370813e-03 
 3.49800000e-08 -4.96462214e-03 
 3.50000000e-08 -3.93497033e-03 
 3.50200000e-08 -2.90497933e-03 
 3.50400000e-08 -1.87487465e-03 
 3.50600000e-08 -8.44880533e-04 
 3.50800000e-08  1.84780212e-04 
 3.51000000e-08  1.21388634e-03 
 3.51200000e-08  2.24221834e-03 
 3.51400000e-08  3.26955851e-03 
 3.51600000e-08  4.29569116e-03 
 3.51800000e-08  5.32040358e-03 
 3.52000000e-08  6.34348366e-03 
 3.52200000e-08  7.36472089e-03 
 3.52400000e-08  8.38390918e-03 
 3.52600000e-08  9.40084463e-03 
 3.52800000e-08  1.04153254e-02 
 3.53000000e-08  1.14271524e-02 
 3.53200000e-08  1.24361290e-02 
 3.53400000e-08  1.34420614e-02 
 3.53600000e-08  1.44447585e-02 
 3.53800000e-08  1.54440322e-02 
 3.54000000e-08  1.64396968e-02 
 3.54200000e-08  1.74315700e-02 
 3.54400000e-08  1.84194718e-02 
 3.54600000e-08  1.94032257e-02 
 3.54800000e-08  2.03826577e-02 
 3.55000000e-08  2.13575968e-02 
 3.55200000e-08  2.23278749e-02 
 3.55400000e-08  2.32933270e-02 
 3.55600000e-08  2.42537909e-02 
 3.55800000e-08  2.52091072e-02 
 3.56000000e-08  2.61591195e-02 
 3.56200000e-08  2.71036743e-02 
 3.56400000e-08  2.80426210e-02 
 3.56600000e-08  2.89758118e-02 
 3.56800000e-08  2.99031017e-02 
 3.57000000e-08  3.08243485e-02 
 3.57200000e-08  3.17394129e-02 
 3.57400000e-08  3.26481582e-02 
 3.57600000e-08  3.35504505e-02 
 3.57800000e-08  3.44461587e-02 
 3.58000000e-08  3.53351542e-02 
 3.58200000e-08  3.62173113e-02 
 3.58400000e-08  3.70925065e-02 
 3.58600000e-08  3.79606192e-02 
 3.58800000e-08  3.88215313e-02 
 3.59000000e-08  3.96751272e-02 
 3.59200000e-08  4.05212937e-02 
 3.59400000e-08  4.13599201e-02 
 3.59600000e-08  4.21908982e-02 
 3.59800000e-08  4.30141219e-02 
 3.60000000e-08  4.38294878e-02 
 3.60200000e-08  4.46368946e-02 
 3.60400000e-08  4.54362432e-02 
 3.60600000e-08  4.62274370e-02 
 3.60800000e-08  4.70103812e-02 
 3.61000000e-08  4.77849889e-02 
 3.61200000e-08  4.85511712e-02 
 3.61400000e-08  4.93088338e-02 
 3.61600000e-08  5.00578888e-02 
 3.61800000e-08  5.07982523e-02 
 3.62000000e-08  5.15298422e-02 
 3.62200000e-08  5.22525785e-02 
 3.62400000e-08  5.29663831e-02 
 3.62600000e-08  5.36711796e-02 
 3.62800000e-08  5.43668936e-02 
 3.63000000e-08  5.50534524e-02 
 3.63200000e-08  5.57307852e-02 
 3.63400000e-08  5.63988229e-02 
 3.63600000e-08  5.70574980e-02 
 3.63800000e-08  5.77067449e-02 
 3.64000000e-08  5.83464994e-02 
 3.64200000e-08  5.89766992e-02 
 3.64400000e-08  5.95972834e-02 
 3.64600000e-08  6.02081927e-02 
 3.64800000e-08  6.08093693e-02 
 3.65000000e-08  6.14007571e-02 
 3.65200000e-08  6.19823011e-02 
 3.65400000e-08  6.25539483e-02 
 3.65600000e-08  6.31156465e-02 
 3.65800000e-08  6.36673454e-02 
 3.66000000e-08  6.42089958e-02 
 3.66200000e-08  6.47405500e-02 
 3.66400000e-08  6.52619615e-02 
 3.66600000e-08  6.57731852e-02 
 3.66800000e-08  6.62741773e-02 
 3.67000000e-08  6.67648950e-02 
 3.67200000e-08  6.72452971e-02 
 3.67400000e-08  6.77153434e-02 
 3.67600000e-08  6.81749949e-02 
 3.67800000e-08  6.86242138e-02 
 3.68000000e-08  6.90629636e-02 
 3.68200000e-08  6.94912085e-02 
 3.68400000e-08  6.99089144e-02 
 3.68600000e-08  7.03160478e-02 
 3.68800000e-08  7.07125766e-02 
 3.69000000e-08  7.10984695e-02 
 3.69200000e-08  7.14736965e-02 
 3.69400000e-08  7.18382284e-02 
 3.69600000e-08  7.21920372e-02 
 3.69800000e-08  7.25350957e-02 
 3.70000000e-08  7.28673779e-02 
 3.70200000e-08  7.31888586e-02 
 3.70400000e-08  7.34995136e-02 
 3.70600000e-08  7.37993196e-02 
 3.70800000e-08  7.40882542e-02 
 3.71000000e-08  7.43662960e-02 
 3.71200000e-08  7.46334244e-02 
 3.71400000e-08  7.48896198e-02 
 3.71600000e-08  7.51348632e-02 
 3.71800000e-08  7.53691368e-02 
 3.72000000e-08  7.55924234e-02 
 3.72200000e-08  7.58047067e-02 
 3.72400000e-08  7.60059711e-02 
 3.72600000e-08  7.61962019e-02 
 3.72800000e-08  7.63753852e-02 
 3.73000000e-08  7.65435078e-02 
 3.73200000e-08  7.67005574e-02 
 3.73400000e-08  7.68465222e-02 
 3.73600000e-08  7.69813914e-02 
 3.73800000e-08  7.71051547e-02 
 3.74000000e-08  7.72178027e-02 
 3.74200000e-08  7.73193264e-02 
 3.74400000e-08  7.74097180e-02 
 3.74600000e-08  7.74889717e-02 
 3.74800000e-08  7.75570798e-02 
 3.75000000e-08  7.76140331e-02 
 3.75200000e-08  7.76598272e-02 
 3.75400000e-08  7.76944584e-02 
 3.75600000e-08  7.77179224e-02 
 3.75800000e-08  7.77302157e-02 
 3.76000000e-08  7.77313352e-02 
 3.76200000e-08  7.77212784e-02 
 3.76400000e-08  7.77000437e-02 
 3.76600000e-08  7.76676296e-02 
 3.76800000e-08  7.76240354e-02 
 3.77000000e-08  7.75692609e-02 
 3.77200000e-08  7.75033085e-02 
 3.77400000e-08  7.74261779e-02 
 3.77600000e-08  7.73378676e-02 
 3.77800000e-08  7.72383806e-02 
 3.78000000e-08  7.71277204e-02 
 3.78200000e-08  7.70058901e-02 
 3.78400000e-08  7.68728932e-02 
 3.78600000e-08  7.67287338e-02 
 3.78800000e-08  7.65734162e-02 
 3.79000000e-08  7.64069456e-02 
 3.79200000e-08  7.62293273e-02 
 3.79400000e-08  7.60405675e-02 
 3.79600000e-08  7.58406725e-02 
 3.79800000e-08  7.56296493e-02 
 3.80000000e-08  7.54075055e-02 
 3.80200000e-08  7.51742489e-02 
 3.80400000e-08  7.49298882e-02 
 3.80600000e-08  7.46744324e-02 
 3.80800000e-08  7.44078909e-02 
 3.81000000e-08  7.41302740e-02 
 3.81200000e-08  7.38415921e-02 
 3.81400000e-08  7.35418566e-02 
 3.81600000e-08  7.32310792e-02 
 3.81800000e-08  7.29092722e-02 
 3.82000000e-08  7.25764487e-02 
 3.82200000e-08  7.22326223e-02 
 3.82400000e-08  7.18778072e-02 
 3.82600000e-08  7.15120184e-02 
 3.82800000e-08  7.11352716e-02 
 3.83000000e-08  7.07475832e-02 
 3.83200000e-08  7.03489704e-02 
 3.83400000e-08  6.99394512e-02 
 3.83600000e-08  6.95190444e-02 
 3.83800000e-08  6.90877698e-02 
 3.84000000e-08  6.86456480e-02 
 3.84200000e-08  6.81927008e-02 
 3.84400000e-08  6.77289507e-02 
 3.84600000e-08  6.72544216e-02 
 3.84800000e-08  6.67691383e-02 
 3.85000000e-08  6.62731270e-02 
 3.85200000e-08  6.57664150e-02 
 3.85400000e-08  6.52490311e-02 
 3.85600000e-08  6.47210053e-02 
 3.85800000e-08  6.41823691e-02 
 3.86000000e-08  6.36331557e-02 
 3.86200000e-08  6.30733997e-02 
 3.86400000e-08  6.25031377e-02 
 3.86600000e-08  6.19224077e-02 
 3.86800000e-08  6.13312500e-02 
 3.87000000e-08  6.07297064e-02 
 3.87200000e-08  6.01178212e-02 
 3.87400000e-08  5.94956405e-02 
 3.87600000e-08  5.88632129e-02 
 3.87800000e-08  5.82205892e-02 
 3.88000000e-08  5.75678227e-02 
 3.88200000e-08  5.69049693e-02 
 3.88400000e-08  5.62320875e-02 
 3.88600000e-08  5.55492386e-02 
 3.88800000e-08  5.48564868e-02 
 3.89000000e-08  5.41538991e-02 
 3.89200000e-08  5.34415459e-02 
 3.89400000e-08  5.27195004e-02 
 3.89600000e-08  5.19878396e-02 
 3.89800000e-08  5.12466434e-02 
 3.90000000e-08  5.04959956e-02 
 3.90200000e-08  4.97359833e-02 
 3.90400000e-08  4.89666976e-02 
 3.90600000e-08  4.81882330e-02 
 3.90800000e-08  4.74006840e-02 
 3.91000000e-08  4.66041519e-02 
 3.91200000e-08  4.57987484e-02 
 3.91400000e-08  4.49845858e-02 
 3.91600000e-08  4.41617790e-02 
 3.91800000e-08  4.33304471e-02 
 3.92000000e-08  4.24907134e-02 
 3.92200000e-08  4.16427057e-02 
 3.92400000e-08  4.07865562e-02 
 3.92600000e-08  3.99224015e-02 
 3.92800000e-08  3.90503825e-02 
 3.93000000e-08  3.81706446e-02 
 3.93200000e-08  3.72833377e-02 
 3.93400000e-08  3.63886159e-02 
 3.93600000e-08  3.54866380e-02 
 3.93800000e-08  3.45775668e-02 
 3.94000000e-08  3.36615696e-02 
 3.94200000e-08  3.27388178e-02 
 3.94400000e-08  3.18094872e-02 
 3.94600000e-08  3.08737573e-02 
 3.94800000e-08  2.99318118e-02 
 3.95000000e-08  2.89838384e-02 
 3.95200000e-08  2.80300282e-02 
 3.95400000e-08  2.70705763e-02 
 3.95600000e-08  2.61056809e-02 
 3.95800000e-08  2.51355438e-02 
 3.96000000e-08  2.41603700e-02 
 3.96200000e-08  2.31803673e-02 
 3.96400000e-08  2.21957465e-02 
 3.96600000e-08  2.12067210e-02 
 3.96800000e-08  2.02135067e-02 
 3.97000000e-08  1.92163217e-02 
 3.97200000e-08  1.82153862e-02 
 3.97400000e-08  1.72109223e-02 
 3.97600000e-08  1.62031538e-02 
 3.97800000e-08  1.51923059e-02 
 3.98000000e-08  1.41786050e-02 
 3.98200000e-08  1.31622786e-02 
 3.98400000e-08  1.21435550e-02 
 3.98600000e-08  1.11226631e-02 
 3.98800000e-08  1.00998322e-02 
 3.99000000e-08  9.07529190e-03 
 3.99200000e-08  8.04927164e-03 
 3.99400000e-08  7.02200074e-03 
 3.99600000e-08  5.99370813e-03 
 3.99800000e-08  4.96462214e-03 
 4.00000000e-08  3.93497033e-03 
 4.00200000e-08  2.90497933e-03 
 4.00400000e-08  1.87487465e-03 
 4.00600000e-08  8.44880533e-04 
 4.00800000e-08 -1.84780212e-04 
 4.01000000e-08 -1.21388634e-03 
 4.01200000e-08 -2.24221834e-03 
 4.01400000e-08 -3.26955851e-03 
 4.01600000e-08 -4.29569116e-03 
 4.01800000e-08 -5.32040358e-03 
 4.02000000e-08 -6.34348366e-03 
 4.02200000e-08 -7.36472089e-03 
 4.02400000e-08 -8.38390918e-03 
 4.02600000e-08 -9.40084463e-03 
 4.02800000e-08 -1.04153254e-02 
 4.03000000e-08 -1.14271524e-02 
 4.03200000e-08 -1.24361290e-02 
 4.03400000e-08 -1.34420614e-02 
 4.03600000e-08 -1.44447585e-02 
 4.03800000e-08 -1.54440322e-02 
 4.04000000e-08 -1.64396968e-02 
 4.04200000e-08 -1.74315700e-02 
 4.04400000e-08 -1.84194718e-02 
 4.04600000e-08 -1.94032257e-02 
 4.04800000e-08 -2.03826577e-02 
 4.05000000e-08 -2.13575968e-02 
 4.05200000e-08 -2.23278749e-02 
 4.05400000e-08 -2.32933270e-02 
 4.05600000e-08 -2.42537909e-02 
 4.05800000e-08 -2.52091072e-02 
 4.06000000e-08 -2.61591195e-02 
 4.06200000e-08 -2.71036743e-02 
 4.06400000e-08 -2.80426210e-02 
 4.06600000e-08 -2.89758118e-02 
 4.06800000e-08 -2.99031017e-02 
 4.07000000e-08 -3.08243485e-02 
 4.07200000e-08 -3.17394129e-02 
 4.07400000e-08 -3.26481582e-02 
 4.07600000e-08 -3.35504505e-02 
 4.07800000e-08 -3.44461587e-02 
 4.08000000e-08 -3.53351542e-02 
 4.08200000e-08 -3.62173113e-02 
 4.08400000e-08 -3.70925065e-02 
 4.08600000e-08 -3.79606192e-02 
 4.08800000e-08 -3.88215313e-02 
 4.09000000e-08 -3.96751272e-02 
 4.09200000e-08 -4.05212937e-02 
 4.09400000e-08 -4.13599201e-02 
 4.09600000e-08 -4.21908982e-02 
 4.09800000e-08 -4.30141219e-02 
 4.10000000e-08 -4.38294878e-02 
 4.10200000e-08 -4.46368946e-02 
 4.10400000e-08 -4.54362432e-02 
 4.10600000e-08 -4.62274370e-02 
 4.10800000e-08 -4.70103812e-02 
 4.11000000e-08 -4.77849889e-02 
 4.11200000e-08 -4.85511712e-02 
 4.11400000e-08 -4.93088338e-02 
 4.11600000e-08 -5.00578888e-02 
 4.11800000e-08 -5.07982523e-02 
 4.12000000e-08 -5.15298422e-02 
 4.12200000e-08 -5.22525785e-02 
 4.12400000e-08 -5.29663831e-02 
 4.12600000e-08 -5.36711796e-02 
 4.12800000e-08 -5.43668936e-02 
 4.13000000e-08 -5.50534524e-02 
 4.13200000e-08 -5.57307852e-02 
 4.13400000e-08 -5.63988229e-02 
 4.13600000e-08 -5.70574980e-02 
 4.13800000e-08 -5.77067449e-02 
 4.14000000e-08 -5.83464994e-02 
 4.14200000e-08 -5.89766992e-02 
 4.14400000e-08 -5.95972834e-02 
 4.14600000e-08 -6.02081927e-02 
 4.14800000e-08 -6.08093693e-02 
 4.15000000e-08 -6.14007571e-02 
 4.15200000e-08 -6.19823011e-02 
 4.15400000e-08 -6.25539483e-02 
 4.15600000e-08 -6.31156465e-02 
 4.15800000e-08 -6.36673454e-02 
 4.16000000e-08 -6.42089958e-02 
 4.16200000e-08 -6.47405500e-02 
 4.16400000e-08 -6.52619615e-02 
 4.16600000e-08 -6.57731852e-02 
 4.16800000e-08 -6.62741773e-02 
 4.17000000e-08 -6.67648950e-02 
 4.17200000e-08 -6.72452971e-02 
 4.17400000e-08 -6.77153434e-02 
 4.17600000e-08 -6.81749949e-02 
 4.17800000e-08 -6.86242138e-02 
 4.18000000e-08 -6.90629636e-02 
 4.18200000e-08 -6.94912085e-02 
 4.18400000e-08 -6.99089144e-02 
 4.18600000e-08 -7.03160478e-02 
 4.18800000e-08 -7.07125766e-02 
 4.19000000e-08 -7.10984695e-02 
 4.19200000e-08 -7.14736965e-02 
 4.19400000e-08 -7.18382284e-02 
 4.19600000e-08 -7.21920372e-02 
 4.19800000e-08 -7.25350957e-02 
 4.20000000e-08 -7.28673779e-02 
 4.20200000e-08 -7.31888586e-02 
 4.20400000e-08 -7.34995136e-02 
 4.20600000e-08 -7.37993196e-02 
 4.20800000e-08 -7.40882542e-02 
 4.21000000e-08 -7.43662960e-02 
 4.21200000e-08 -7.46334244e-02 
 4.21400000e-08 -7.48896198e-02 
 4.21600000e-08 -7.51348632e-02 
 4.21800000e-08 -7.53691368e-02 
 4.22000000e-08 -7.55924234e-02 
 4.22200000e-08 -7.58047067e-02 
 4.22400000e-08 -7.60059711e-02 
 4.22600000e-08 -7.61962019e-02 
 4.22800000e-08 -7.63753852e-02 
 4.23000000e-08 -7.65435078e-02 
 4.23200000e-08 -7.67005574e-02 
 4.23400000e-08 -7.68465222e-02 
 4.23600000e-08 -7.69813914e-02 
 4.23800000e-08 -7.71051547e-02 
 4.24000000e-08 -7.72178027e-02 
 4.24200000e-08 -7.73193264e-02 
 4.24400000e-08 -7.74097180e-02 
 4.24600000e-08 -7.74889717e-02 
 4.24800000e-08 -7.75570798e-02 
 4.25000000e-08 -7.76140331e-02 
 4.25200000e-08 -7.76598272e-02 
 4.25400000e-08 -7.76944584e-02 
 4.25600000e-08 -7.77179224e-02 
 4.25800000e-08 -7.77302157e-02 
 4.26000000e-08 -7.77313352e-02 
 4.26200000e-08 -7.77212784e-02 
 4.26400000e-08 -7.77000437e-02 
 4.26600000e-08 -7.76676296e-02 
 4.26800000e-08 -7.76240354e-02 
 4.27000000e-08 -7.75692609e-02 
 4.27200000e-08 -7.75033085e-02 
 4.27400000e-08 -7.74261779e-02 
 4.27600000e-08 -7.73378676e-02 
 4.27800000e-08 -7.72383806e-02 
 4.28000000e-08 -7.71277204e-02 
 4.28200000e-08 -7.70058901e-02 
 4.28400000e-08 -7.68728932e-02 
 4.28600000e-08 -7.67287338e-02 
 4.28800000e-08 -7.65734162e-02 
 4.29000000e-08 -7.64069456e-02 
 4.29200000e-08 -7.62293273e-02 
 4.29400000e-08 -7.60405675e-02 
 4.29600000e-08 -7.58406725e-02 
 4.29800000e-08 -7.56296493e-02 
 4.30000000e-08 -7.54075055e-02 
 4.30200000e-08 -7.51742489e-02 
 4.30400000e-08 -7.49298882e-02 
 4.30600000e-08 -7.46744324e-02 
 4.30800000e-08 -7.44078909e-02 
 4.31000000e-08 -7.41302740e-02 
 4.31200000e-08 -7.38415921e-02 
 4.31400000e-08 -7.35418566e-02 
 4.31600000e-08 -7.32310792e-02 
 4.31800000e-08 -7.29092722e-02 
 4.32000000e-08 -7.25764487e-02 
 4.32200000e-08 -7.22326223e-02 
 4.32400000e-08 -7.18778072e-02 
 4.32600000e-08 -7.15120184e-02 
 4.32800000e-08 -7.11352716e-02 
 4.33000000e-08 -7.07475832e-02 
 4.33200000e-08 -7.03489704e-02 
 4.33400000e-08 -6.99394512e-02 
 4.33600000e-08 -6.95190444e-02 
 4.33800000e-08 -6.90877698e-02 
 4.34000000e-08 -6.86456480e-02 
 4.34200000e-08 -6.81927008e-02 
 4.34400000e-08 -6.77289507e-02 
 4.34600000e-08 -6.72544216e-02 
 4.34800000e-08 -6.67691383e-02 
 4.35000000e-08 -6.62731270e-02 
 4.35200000e-08 -6.57664150e-02 
 4.35400000e-08 -6.52490311e-02 
 4.35600000e-08 -6.47210053e-02 
 4.35800000e-08 -6.41823691e-02 
 4.36000000e-08 -6.36331557e-02 
 4.36200000e-08 -6.30733997e-02 
 4.36400000e-08 -6.25031377e-02 
 4.36600000e-08 -6.19224077e-02 
 4.36800000e-08 -6.13312500e-02 
 4.37000000e-08 -6.07297064e-02 
 4.37200000e-08 -6.01178212e-02 
 4.37400000e-08 -5.94956405e-02 
 4.37600000e-08 -5.88632129e-02 
 4.37800000e-08 -5.82205892e-02 
 4.38000000e-08 -5.75678227e-02 
 4.38200000e-08 -5.69049693e-02 
 4.38400000e-08 -5.62320875e-02 
 4.38600000e-08 -5.55492386e-02 
 4.38800000e-08 -5.48564868e-02 
 4.39000000e-08 -5.41538991e-02 
 4.39200000e-08 -5.34415459e-02 
 4.39400000e-08 -5.27195004e-02 
 4.39600000e-08 -5.19878396e-02 
 4.39800000e-08 -5.12466434e-02 
 4.40000000e-08 -5.04959956e-02 
 4.40200000e-08 -4.97359833e-02 
 4.40400000e-08 -4.89666976e-02 
 4.40600000e-08 -4.81882330e-02 
 4.40800000e-08 -4.74006840e-02 
 4.41000000e-08 -4.66041519e-02 
 4.41200000e-08 -4.57987484e-02 
 4.41400000e-08 -4.49845858e-02 
 4.41600000e-08 -4.41617790e-02 
 4.41800000e-08 -4.33304471e-02 
 4.42000000e-08 -4.24907134e-02 
 4.42200000e-08 -4.16427057e-02 
 4.42400000e-08 -4.07865562e-02 
 4.42600000e-08 -3.99224015e-02 
 4.42800000e-08 -3.90503825e-02 
 4.43000000e-08 -3.81706446e-02 
 4.43200000e-08 -3.72833377e-02 
 4.43400000e-08 -3.63886159e-02 
 4.43600000e-08 -3.54866380e-02 
 4.43800000e-08 -3.45775668e-02 
 4.44000000e-08 -3.36615696e-02 
 4.44200000e-08 -3.27388178e-02 
 4.44400000e-08 -3.18094872e-02 
 4.44600000e-08 -3.08737573e-02 
 4.44800000e-08 -2.99318118e-02 
 4.45000000e-08 -2.89838384e-02 
 4.45200000e-08 -2.80300282e-02 
 4.45400000e-08 -2.70705763e-02 
 4.45600000e-08 -2.61056809e-02 
 4.45800000e-08 -2.51355438e-02 
 4.46000000e-08 -2.41603700e-02 
 4.46200000e-08 -2.31803673e-02 
 4.46400000e-08 -2.21957465e-02 
 4.46600000e-08 -2.12067210e-02 
 4.46800000e-08 -2.02135067e-02 
 4.47000000e-08 -1.92163217e-02 
 4.47200000e-08 -1.82153862e-02 
 4.47400000e-08 -1.72109223e-02 
 4.47600000e-08 -1.62031538e-02 
 4.47800000e-08 -1.51923059e-02 
 4.48000000e-08 -1.41786050e-02 
 4.48200000e-08 -1.31622786e-02 
 4.48400000e-08 -1.21435550e-02 
 4.48600000e-08 -1.11226631e-02 
 4.48800000e-08 -1.00998322e-02 
 4.49000000e-08 -9.07529190e-03 
 4.49200000e-08 -8.04927164e-03 
 4.49400000e-08 -7.02200074e-03 
 4.49600000e-08 -5.99370813e-03 
 4.49800000e-08 -4.96462214e-03 
 4.50000000e-08 -3.93497033e-03 
 4.50200000e-08 -2.90497933e-03 
 4.50400000e-08 -1.87487465e-03 
 4.50600000e-08 -8.44880533e-04 
 4.50800000e-08  1.84780212e-04 
 4.51000000e-08  1.21388634e-03 
 4.51200000e-08  2.24221834e-03 
 4.51400000e-08  3.26955851e-03 
 4.51600000e-08  4.29569116e-03 
 4.51800000e-08  5.32040358e-03 
 4.52000000e-08  6.34348366e-03 
 4.52200000e-08  7.36472089e-03 
 4.52400000e-08  8.38390918e-03 
 4.52600000e-08  9.40084463e-03 
 4.52800000e-08  1.04153254e-02 
 4.53000000e-08  1.14271524e-02 
 4.53200000e-08  1.24361290e-02 
 4.53400000e-08  1.34420614e-02 
 4.53600000e-08  1.44447585e-02 
 4.53800000e-08  1.54440322e-02 
 4.54000000e-08  1.64396968e-02 
 4.54200000e-08  1.74315700e-02 
 4.54400000e-08  1.84194718e-02 
 4.54600000e-08  1.94032257e-02 
 4.54800000e-08  2.03826577e-02 
 4.55000000e-08  2.13575968e-02 
 4.55200000e-08  2.23278749e-02 
 4.55400000e-08  2.32933270e-02 
 4.55600000e-08  2.42537909e-02 
 4.55800000e-08  2.52091072e-02 
 4.56000000e-08  2.61591195e-02 
 4.56200000e-08  2.71036743e-02 
 4.56400000e-08  2.80426210e-02 
 4.56600000e-08  2.89758118e-02 
 4.56800000e-08  2.99031017e-02 
 4.57000000e-08  3.08243485e-02 
 4.57200000e-08  3.17394129e-02 
 4.57400000e-08  3.26481582e-02 
 4.57600000e-08  3.35504505e-02 
 4.57800000e-08  3.44461587e-02 
 4.58000000e-08  3.53351542e-02 
 4.58200000e-08  3.62173113e-02 
 4.58400000e-08  3.70925065e-02 
 4.58600000e-08  3.79606192e-02 
 4.58800000e-08  3.88215313e-02 
 4.59000000e-08  3.96751272e-02 
 4.59200000e-08  4.05212937e-02 
 4.59400000e-08  4.13599201e-02 
 4.59600000e-08  4.21908982e-02 
 4.59800000e-08  4.30141219e-02 
 4.60000000e-08  4.38294878e-02 
 4.60200000e-08  4.46368946e-02 
 4.60400000e-08  4.54362432e-02 
 4.60600000e-08  4.62274370e-02 
 4.60800000e-08  4.70103812e-02 
 4.61000000e-08  4.77849889e-02 
 4.61200000e-08  4.85511712e-02 
 4.61400000e-08  4.93088338e-02 
 4.61600000e-08  5.00578888e-02 
 4.61800000e-08  5.07982523e-02 
 4.62000000e-08  5.15298422e-02 
 4.62200000e-08  5.22525785e-02 
 4.62400000e-08  5.29663831e-02 
 4.62600000e-08  5.36711796e-02 
 4.62800000e-08  5.43668936e-02 
 4.63000000e-08  5.50534524e-02 
 4.63200000e-08  5.57307852e-02 
 4.63400000e-08  5.63988229e-02 
 4.63600000e-08  5.70574980e-02 
 4.63800000e-08  5.77067449e-02 
 4.64000000e-08  5.83464994e-02 
 4.64200000e-08  5.89766992e-02 
 4.64400000e-08  5.95972834e-02 
 4.64600000e-08  6.02081927e-02 
 4.64800000e-08  6.08093693e-02 
 4.65000000e-08  6.14007571e-02 
 4.65200000e-08  6.19823011e-02 
 4.65400000e-08  6.25539483e-02 
 4.65600000e-08  6.31156465e-02 
 4.65800000e-08  6.36673454e-02 
 4.66000000e-08  6.42089958e-02 
 4.66200000e-08  6.47405500e-02 
 4.66400000e-08  6.52619615e-02 
 4.66600000e-08  6.57731852e-02 
 4.66800000e-08  6.62741773e-02 
 4.67000000e-08  6.67648950e-02 
 4.67200000e-08  6.72452971e-02 
 4.67400000e-08  6.77153434e-02 
 4.67600000e-08  6.81749949e-02 
 4.67800000e-08  6.86242138e-02 
 4.68000000e-08  6.90629636e-02 
 4.68200000e-08  6.94912085e-02 
 4.68400000e-08  6.99089144e-02 
 4.68600000e-08  7.03160478e-02 
 4.68800000e-08  7.07125766e-02 
 4.69000000e-08  7.10984695e-02 
 4.69200000e-08  7.14736965e-02 
 4.69400000e-08  7.18382284e-02 
 4.69600000e-08  7.21920372e-02 
 4.69800000e-08  7.25350957e-02 
 4.70000000e-08  7.28673779e-02 
 4.70200000e-08  7.31888586e-02 
 4.70400000e-08  7.34995136e-02 
 4.70600000e-08  7.37993196e-02 
 4.70800000e-08  7.40882542e-02 
 4.71000000e-08  7.43662960e-02 
 4.71200000e-08  7.46334244e-02 
 4.71400000e-08  7.48896198e-02 
 4.71600000e-08  7.51348632e-02 
 4.71800000e-08  7.53691368e-02 
 4.72000000e-08  7.55924234e-02 
 4.72200000e-08  7.58047067e-02 
 4.72400000e-08  7.60059711e-02 
 4.72600000e-08  7.61962019e-02 
 4.72800000e-08  7.63753852e-02 
 4.73000000e-08  7.65435078e-02 
 4.73200000e-08  7.67005574e-02 
 4.73400000e-08  7.68465222e-02 
 4.73600000e-08  7.69813914e-02 
 4.73800000e-08  7.71051547e-02 
 4.74000000e-08  7.72178027e-02 
 4.74200000e-08  7.73193264e-02 
 4.74400000e-08  7.74097180e-02 
 4.74600000e-08  7.74889717e-02 
 4.74800000e-08  7.75570798e-02 
 4.75000000e-08  7.76140331e-02 
 4.75200000e-08  7.76598272e-02 
 4.75400000e-08  7.76944584e-02 
 4.75600000e-08  7.77179224e-02 
 4.75800000e-08  7.77302157e-02 
 4.76000000e-08  7.77313352e-02 
 4.76200000e-08  7.77212784e-02 
 4.76400000e-08  7.77000437e-02 
 4.76600000e-08  7.76676296e-02 
 4.76800000e-08  7.76240354e-02 
 4.77000000e-08  7.75692609e-02 
 4.77200000e-08  7.75033085e-02 
 4.77400000e-08  7.74261779e-02 
 4.77600000e-08  7.73378676e-02 
 4.77800000e-08  7.72383806e-02 
 4.78000000e-08  7.71277204e-02 
 4.78200000e-08  7.70058901e-02 
 4.78400000e-08  7.68728932e-02 
 4.78600000e-08  7.67287338e-02 
 4.78800000e-08  7.65734162e-02 
 4.79000000e-08  7.64069456e-02 
 4.79200000e-08  7.62293273e-02 
 4.79400000e-08  7.60405675e-02 
 4.79600000e-08  7.58406725e-02 
 4.79800000e-08  7.56296493e-02 
 4.80000000e-08  7.54075055e-02 
 4.80200000e-08  7.51742489e-02 
 4.80400000e-08  7.49298882e-02 
 4.80600000e-08  7.46744324e-02 
 4.80800000e-08  7.44078909e-02 
 4.81000000e-08  7.41302740e-02 
 4.81200000e-08  7.38415921e-02 
 4.81400000e-08  7.35418566e-02 
 4.81600000e-08  7.32310792e-02 
 4.81800000e-08  7.29092722e-02 
 4.82000000e-08  7.25764487e-02 
 4.82200000e-08  7.22326223e-02 
 4.82400000e-08  7.18778072e-02 
 4.82600000e-08  7.15120184e-02 
 4.82800000e-08  7.11352716e-02 
 4.83000000e-08  7.07475832e-02 
 4.83200000e-08  7.03489704e-02 
 4.83400000e-08  6.99394512e-02 
 4.83600000e-08  6.95190444e-02 
 4.83800000e-08  6.90877698e-02 
 4.84000000e-08  6.86456480e-02 
 4.84200000e-08  6.81927008e-02 
 4.84400000e-08  6.77289507e-02 
 4.84600000e-08  6.72544216e-02 
 4.84800000e-08  6.67691383e-02 
 4.85000000e-08  6.62731270e-02 
 4.85200000e-08  6.57664150e-02 
 4.85400000e-08  6.52490311e-02 
 4.85600000e-08  6.47210053e-02 
 4.85800000e-08  6.41823691e-02 
 4.86000000e-08  6.36331557e-02 
 4.86200000e-08  6.30733997e-02 
 4.86400000e-08  6.25031377e-02 
 4.86600000e-08  6.19224077e-02 
 4.86800000e-08  6.13312500e-02 
 4.87000000e-08  6.07297064e-02 
 4.87200000e-08  6.01178212e-02 
 4.87400000e-08  5.94956405e-02 
 4.87600000e-08  5.88632129e-02 
 4.87800000e-08  5.82205892e-02 
 4.88000000e-08  5.75678227e-02 
 4.88200000e-08  5.69049693e-02 
 4.88400000e-08  5.62320875e-02 
 4.88600000e-08  5.55492386e-02 
 4.88800000e-08  5.48564868e-02 
 4.89000000e-08  5.41538991e-02 
 4.89200000e-08  5.34415459e-02 
 4.89400000e-08  5.27195004e-02 
 4.89600000e-08  5.19878396e-02 
 4.89800000e-08  5.12466434e-02 
 4.90000000e-08  5.04959956e-02 
 4.90200000e-08  4.97359833e-02 
 4.90400000e-08  4.89666976e-02 
 4.90600000e-08  4.81882330e-02 
 4.90800000e-08  4.74006840e-02 
 4.91000000e-08  4.66041519e-02 
 4.91200000e-08  4.57987484e-02 
 4.91400000e-08  4.49845858e-02 
 4.91600000e-08  4.41617790e-02 
 4.91800000e-08  4.33304471e-02 
 4.92000000e-08  4.24907134e-02 
 4.92200000e-08  4.16427057e-02 
 4.92400000e-08  4.07865562e-02 
 4.92600000e-08  3.99224015e-02 
 4.92800000e-08  3.90503825e-02 
 4.93000000e-08  3.81706446e-02 
 4.93200000e-08  3.72833377e-02 
 4.93400000e-08  3.63886159e-02 
 4.93600000e-08  3.54866380e-02 
 4.93800000e-08  3.45775668e-02 
 4.94000000e-08  3.36615696e-02 
 4.94200000e-08  3.27388178e-02 
 4.94400000e-08  3.18094872e-02 
 4.94600000e-08  3.08737573e-02 
 4.94800000e-08  2.99318118e-02 
 4.95000000e-08  2.89838384e-02 
 4.95200000e-08  2.80300282e-02 
 4.95400000e-08  2.70705763e-02 
 4.95600000e-08  2.61056809e-02 
 4.95800000e-08  2.51355438e-02 
 4.96000000e-08  2.41603700e-02 
 4.96200000e-08  2.31803673e-02 
 4.96400000e-08  2.21957465e-02 
 4.96600000e-08  2.12067210e-02 
 4.96800000e-08  2.02135067e-02 
 4.97000000e-08  1.92163217e-02 
 4.97200000e-08  1.82153862e-02 
 4.97400000e-08  1.72109223e-02 
 4.97600000e-08  1.62031538e-02 
 4.97800000e-08  1.51923059e-02 
 4.98000000e-08  1.41786050e-02 
 4.98200000e-08  1.31622786e-02 
 4.98400000e-08  1.21435550e-02 
 4.98600000e-08  1.11226631e-02 
 4.98800000e-08  1.00998322e-02 
 4.99000000e-08  9.07529190e-03 
 4.99200000e-08  8.04927164e-03 
 4.99400000e-08  7.02200074e-03 
 4.99600000e-08  5.99370813e-03 
 4.99800000e-08  4.96462214e-03 
 5.00000000e-08  3.93497033e-03 
 5.00200000e-08  2.90497933e-03 
 5.00400000e-08  1.87487465e-03 
 5.00600000e-08  8.44880533e-04 
 5.00800000e-08 -1.84780212e-04 
 5.01000000e-08 -1.21388634e-03 
 5.01200000e-08 -2.24221834e-03 
 5.01400000e-08 -3.26955851e-03 
 5.01600000e-08 -4.29569116e-03 
 5.01800000e-08 -5.32040358e-03 
 5.02000000e-08 -6.34348366e-03 
 5.02200000e-08 -7.36472089e-03 
 5.02400000e-08 -8.38390918e-03 
 5.02600000e-08 -9.40084463e-03 
 5.02800000e-08 -1.04153254e-02 
 5.03000000e-08 -1.14271524e-02 
 5.03200000e-08 -1.24361290e-02 
 5.03400000e-08 -1.34420614e-02 
 5.03600000e-08 -1.44447585e-02 
 5.03800000e-08 -1.54440322e-02 
 5.04000000e-08 -1.64396968e-02 
 5.04200000e-08 -1.74315700e-02 
 5.04400000e-08 -1.84194718e-02 
 5.04600000e-08 -1.94032257e-02 
 5.04800000e-08 -2.03826577e-02 
 5.05000000e-08 -2.13575968e-02 
 5.05200000e-08 -2.23278749e-02 
 5.05400000e-08 -2.32933270e-02 
 5.05600000e-08 -2.42537909e-02 
 5.05800000e-08 -2.52091072e-02 
 5.06000000e-08 -2.61591195e-02 
 5.06200000e-08 -2.71036743e-02 
 5.06400000e-08 -2.80426210e-02 
 5.06600000e-08 -2.89758118e-02 
 5.06800000e-08 -2.99031017e-02 
 5.07000000e-08 -3.08243485e-02 
 5.07200000e-08 -3.17394129e-02 
 5.07400000e-08 -3.26481582e-02 
 5.07600000e-08 -3.35504505e-02 
 5.07800000e-08 -3.44461587e-02 
 5.08000000e-08 -3.53351542e-02 
 5.08200000e-08 -3.62173113e-02 
 5.08400000e-08 -3.70925065e-02 
 5.08600000e-08 -3.79606192e-02 
 5.08800000e-08 -3.88215313e-02 
 5.09000000e-08 -3.96751272e-02 
 5.09200000e-08 -4.05212937e-02 
 5.09400000e-08 -4.13599201e-02 
 5.09600000e-08 -4.21908982e-02 
 5.09800000e-08 -4.30141219e-02 
 5.10000000e-08 -4.38294878e-02 
 5.10200000e-08 -4.46368946e-02 
 5.10400000e-08 -4.54362432e-02 
 5.10600000e-08 -4.62274370e-02 
 5.10800000e-08 -4.70103812e-02 
 5.11000000e-08 -4.77849889e-02 
 5.11200000e-08 -4.85511712e-02 
 5.11400000e-08 -4.93088338e-02 
 5.11600000e-08 -5.00578888e-02 
 5.11800000e-08 -5.07982523e-02 
 5.12000000e-08 -5.15298422e-02 
 5.12200000e-08 -5.22525785e-02 
 5.12400000e-08 -5.29663831e-02 
 5.12600000e-08 -5.36711796e-02 
 5.12800000e-08 -5.43668936e-02 
 5.13000000e-08 -5.50534524e-02 
 5.13200000e-08 -5.57307852e-02 
 5.13400000e-08 -5.63988229e-02 
 5.13600000e-08 -5.70574980e-02 
 5.13800000e-08 -5.77067449e-02 
 5.14000000e-08 -5.83464994e-02 
 5.14200000e-08 -5.89766992e-02 
 5.14400000e-08 -5.95972834e-02 
 5.14600000e-08 -6.02081927e-02 
 5.14800000e-08 -6.08093693e-02 
 5.15000000e-08 -6.14007571e-02 
 5.15200000e-08 -6.19823011e-02 
 5.15400000e-08 -6.25539483e-02 
 5.15600000e-08 -6.31156465e-02 
 5.15800000e-08 -6.36673454e-02 
 5.16000000e-08 -6.42089958e-02 
 5.16200000e-08 -6.47405500e-02 
 5.16400000e-08 -6.52619615e-02 
 5.16600000e-08 -6.57731852e-02 
 5.16800000e-08 -6.62741773e-02 
 5.17000000e-08 -6.67648950e-02 
 5.17200000e-08 -6.72452971e-02 
 5.17400000e-08 -6.77153434e-02 
 5.17600000e-08 -6.81749949e-02 
 5.17800000e-08 -6.86242138e-02 
 5.18000000e-08 -6.90629636e-02 
 5.18200000e-08 -6.94912085e-02 
 5.18400000e-08 -6.99089144e-02 
 5.18600000e-08 -7.03160478e-02 
 5.18800000e-08 -7.07125766e-02 
 5.19000000e-08 -7.10984695e-02 
 5.19200000e-08 -7.14736965e-02 
 5.19400000e-08 -7.18382284e-02 
 5.19600000e-08 -7.21920372e-02 
 5.19800000e-08 -7.25350957e-02 
 5.20000000e-08 -7.28673779e-02 
 5.20200000e-08 -7.31888586e-02 
 5.20400000e-08 -7.34995136e-02 
 5.20600000e-08 -7.37993196e-02 
 5.20800000e-08 -7.40882542e-02 
 5.21000000e-08 -7.43662960e-02 
 5.21200000e-08 -7.46334244e-02 
 5.21400000e-08 -7.48896198e-02 
 5.21600000e-08 -7.51348632e-02 
 5.21800000e-08 -7.53691368e-02 
 5.22000000e-08 -7.55924234e-02 
 5.22200000e-08 -7.58047067e-02 
 5.22400000e-08 -7.60059711e-02 
 5.22600000e-08 -7.61962019e-02 
 5.22800000e-08 -7.63753852e-02 
 5.23000000e-08 -7.65435078e-02 
 5.23200000e-08 -7.67005574e-02 
 5.23400000e-08 -7.68465222e-02 
 5.23600000e-08 -7.69813914e-02 
 5.23800000e-08 -7.71051547e-02 
 5.24000000e-08 -7.72178027e-02 
 5.24200000e-08 -7.73193264e-02 
 5.24400000e-08 -7.74097180e-02 
 5.24600000e-08 -7.74889717e-02 
 5.24800000e-08 -7.75570798e-02 
 5.25000000e-08 -7.76140331e-02 
 5.25200000e-08 -7.76598272e-02 
 5.25400000e-08 -7.76944584e-02 
 5.25600000e-08 -7.77179224e-02 
 5.25800000e-08 -7.77302157e-02 
 5.26000000e-08 -7.77313352e-02 
 5.26200000e-08 -7.77212784e-02 
 5.26400000e-08 -7.77000437e-02 
 5.26600000e-08 -7.76676296e-02 
 5.26800000e-08 -7.76240354e-02 
 5.27000000e-08 -7.75692609e-02 
 5.27200000e-08 -7.75033085e-02 
 5.27400000e-08 -7.74261779e-02 
 5.27600000e-08 -7.73378676e-02 
 5.27800000e-08 -7.72383806e-02 
 5.28000000e-08 -7.71277204e-02 
 5.28200000e-08 -7.70058901e-02 
 5.28400000e-08 -7.68728932e-02 
 5.28600000e-08 -7.67287338e-02 
 5.28800000e-08 -7.65734162e-02 
 5.29000000e-08 -7.64069456e-02 
 5.29200000e-08 -7.62293273e-02 
 5.29400000e-08 -7.60405675e-02 
 5.29600000e-08 -7.58406725e-02 
 5.29800000e-08 -7.56296493e-02 
 5.30000000e-08 -7.54075055e-02 
 5.30200000e-08 -7.51742489e-02 
 5.30400000e-08 -7.49298882e-02 
 5.30600000e-08 -7.46744324e-02 
 5.30800000e-08 -7.44078909e-02 
 5.31000000e-08 -7.41302740e-02 
 5.31200000e-08 -7.38415921e-02 
 5.31400000e-08 -7.35418566e-02 
 5.31600000e-08 -7.32310792e-02 
 5.31800000e-08 -7.29092722e-02 
 5.32000000e-08 -7.25764487e-02 
 5.32200000e-08 -7.22326223e-02 
 5.32400000e-08 -7.18778072e-02 
 5.32600000e-08 -7.15120184e-02 
 5.32800000e-08 -7.11352716e-02 
 5.33000000e-08 -7.07475832e-02 
 5.33200000e-08 -7.03489704e-02 
 5.33400000e-08 -6.99394512e-02 
 5.33600000e-08 -6.95190444e-02 
 5.33800000e-08 -6.90877698e-02 
 5.34000000e-08 -6.86456480e-02 
 5.34200000e-08 -6.81927008e-02 
 5.34400000e-08 -6.77289507e-02 
 5.34600000e-08 -6.72544216e-02 
 5.34800000e-08 -6.67691383e-02 
 5.35000000e-08 -6.62731270e-02 
 5.35200000e-08 -6.57664150e-02 
 5.35400000e-08 -6.52490311e-02 
 5.35600000e-08 -6.47210053e-02 
 5.35800000e-08 -6.41823691e-02 
 5.36000000e-08 -6.36331557e-02 
 5.36200000e-08 -6.30733997e-02 
 5.36400000e-08 -6.25031377e-02 
 5.36600000e-08 -6.19224077e-02 
 5.36800000e-08 -6.13312500e-02 
 5.37000000e-08 -6.07297064e-02 
 5.37200000e-08 -6.01178212e-02 
 5.37400000e-08 -5.94956405e-02 
 5.37600000e-08 -5.88632129e-02 
 5.37800000e-08 -5.82205892e-02 
 5.38000000e-08 -5.75678227e-02 
 5.38200000e-08 -5.69049693e-02 
 5.38400000e-08 -5.62320875e-02 
 5.38600000e-08 -5.55492386e-02 
 5.38800000e-08 -5.48564868e-02 
 5.39000000e-08 -5.41538991e-02 
 5.39200000e-08 -5.34415459e-02 
 5.39400000e-08 -5.27195004e-02 
 5.39600000e-08 -5.19878396e-02 
 5.39800000e-08 -5.12466434e-02 
 5.40000000e-08 -5.04959956e-02 
 5.40200000e-08 -4.97359833e-02 
 5.40400000e-08 -4.89666976e-02 
 5.40600000e-08 -4.81882330e-02 
 5.40800000e-08 -4.74006840e-02 
 5.41000000e-08 -4.66041519e-02 
 5.41200000e-08 -4.57987484e-02 
 5.41400000e-08 -4.49845858e-02 
 5.41600000e-08 -4.41617790e-02 
 5.41800000e-08 -4.33304471e-02 
 5.42000000e-08 -4.24907134e-02 
 5.42200000e-08 -4.16427057e-02 
 5.42400000e-08 -4.07865562e-02 
 5.42600000e-08 -3.99224015e-02 
 5.42800000e-08 -3.90503825e-02 
 5.43000000e-08 -3.81706446e-02 
 5.43200000e-08 -3.72833377e-02 
 5.43400000e-08 -3.63886159e-02 
 5.43600000e-08 -3.54866380e-02 
 5.43800000e-08 -3.45775668e-02 
 5.44000000e-08 -3.36615696e-02 
 5.44200000e-08 -3.27388178e-02 
 5.44400000e-08 -3.18094872e-02 
 5.44600000e-08 -3.08737573e-02 
 5.44800000e-08 -2.99318118e-02 
 5.45000000e-08 -2.89838384e-02 
 5.45200000e-08 -2.80300282e-02 
 5.45400000e-08 -2.70705763e-02 
 5.45600000e-08 -2.61056809e-02 
 5.45800000e-08 -2.51355438e-02 
 5.46000000e-08 -2.41603700e-02 
 5.46200000e-08 -2.31803673e-02 
 5.46400000e-08 -2.21957465e-02 
 5.46600000e-08 -2.12067210e-02 
 5.46800000e-08 -2.02135067e-02 
 5.47000000e-08 -1.92163217e-02 
 5.47200000e-08 -1.82153862e-02 
 5.47400000e-08 -1.72109223e-02 
 5.47600000e-08 -1.62031538e-02 
 5.47800000e-08 -1.51923059e-02 
 5.48000000e-08 -1.41786050e-02 
 5.48200000e-08 -1.31622786e-02 
 5.48400000e-08 -1.21435550e-02 
 5.48600000e-08 -1.11226631e-02 
 5.48800000e-08 -1.00998322e-02 
 5.49000000e-08 -9.07529190e-03 
 5.49200000e-08 -8.04927164e-03 
 5.49400000e-08 -7.02200074e-03 
 5.49600000e-08 -5.99370813e-03 
 5.49800000e-08 -4.96462214e-03 
 5.50000000e-08 -3.93497033e-03 
 5.50200000e-08 -2.90497933e-03 
 5.50400000e-08 -1.87487465e-03 
 5.50600000e-08 -8.44880533e-04 
 5.50800000e-08  1.84780212e-04 
 5.51000000e-08  1.21388634e-03 
 5.51200000e-08  2.24221834e-03 
 5.51400000e-08  3.26955851e-03 
 5.51600000e-08  4.29569116e-03 
 5.51800000e-08  5.32040358e-03 
 5.52000000e-08  6.34348366e-03 
 5.52200000e-08  7.36472089e-03 
 5.52400000e-08  8.38390918e-03 
 5.52600000e-08  9.40084463e-03 
 5.52800000e-08  1.04153254e-02 
 5.53000000e-08  1.14271524e-02 
 5.53200000e-08  1.24361290e-02 
 5.53400000e-08  1.34420614e-02 
 5.53600000e-08  1.44447585e-02 
 5.53800000e-08  1.54440322e-02 
 5.54000000e-08  1.64396968e-02 
 5.54200000e-08  1.74315700e-02 
 5.54400000e-08  1.84194718e-02 
 5.54600000e-08  1.94032257e-02 
 5.54800000e-08  2.03826577e-02 
 5.55000000e-08  2.13575968e-02 
 5.55200000e-08  2.23278749e-02 
 5.55400000e-08  2.32933270e-02 
 5.55600000e-08  2.42537909e-02 
 5.55800000e-08  2.52091072e-02 
 5.56000000e-08  2.61591195e-02 
 5.56200000e-08  2.71036743e-02 
 5.56400000e-08  2.80426210e-02 
 5.56600000e-08  2.89758118e-02 
 5.56800000e-08  2.99031017e-02 
 5.57000000e-08  3.08243485e-02 
 5.57200000e-08  3.17394129e-02 
 5.57400000e-08  3.26481582e-02 
 5.57600000e-08  3.35504505e-02 
 5.57800000e-08  3.44461587e-02 
 5.58000000e-08  3.53351542e-02 
 5.58200000e-08  3.62173113e-02 
 5.58400000e-08  3.70925065e-02 
 5.58600000e-08  3.79606192e-02 
 5.58800000e-08  3.88215313e-02 
 5.59000000e-08  3.96751272e-02 
 5.59200000e-08  4.05212937e-02 
 5.59400000e-08  4.13599201e-02 
 5.59600000e-08  4.21908982e-02 
 5.59800000e-08  4.30141219e-02 
 5.60000000e-08  4.38294878e-02 
 5.60200000e-08  4.46368946e-02 
 5.60400000e-08  4.54362432e-02 
 5.60600000e-08  4.62274370e-02 
 5.60800000e-08  4.70103812e-02 
 5.61000000e-08  4.77849889e-02 
 5.61200000e-08  4.85511712e-02 
 5.61400000e-08  4.93088338e-02 
 5.61600000e-08  5.00578888e-02 
 5.61800000e-08  5.07982523e-02 
 5.62000000e-08  5.15298422e-02 
 5.62200000e-08  5.22525785e-02 
 5.62400000e-08  5.29663831e-02 
 5.62600000e-08  5.36711796e-02 
 5.62800000e-08  5.43668936e-02 
 5.63000000e-08  5.50534524e-02 
 5.63200000e-08  5.57307852e-02 
 5.63400000e-08  5.63988229e-02 
 5.63600000e-08  5.70574980e-02 
 5.63800000e-08  5.77067449e-02 
 5.64000000e-08  5.83464994e-02 
 5.64200000e-08  5.89766992e-02 
 5.64400000e-08  5.95972834e-02 
 5.64600000e-08  6.02081927e-02 
 5.64800000e-08  6.08093693e-02 
 5.65000000e-08  6.14007571e-02 
 5.65200000e-08  6.19823011e-02 
 5.65400000e-08  6.25539483e-02 
 5.65600000e-08  6.31156465e-02 
 5.65800000e-08  6.36673454e-02 
 5.66000000e-08  6.42089958e-02 
 5.66200000e-08  6.47405500e-02 
 5.66400000e-08  6.52619615e-02 
 5.66600000e-08  6.57731852e-02 
 5.66800000e-08  6.62741773e-02 
 5.67000000e-08  6.67648950e-02 
 5.67200000e-08  6.72452971e-02 
 5.67400000e-08  6.77153434e-02 
 5.67600000e-08  6.81749949e-02 
 5.67800000e-08  6.86242138e-02 
 5.68000000e-08  6.90629636e-02 
 5.68200000e-08  6.94912085e-02 
 5.68400000e-08  6.99089144e-02 
 5.68600000e-08  7.03160478e-02 
 5.68800000e-08  7.07125766e-02 
 5.69000000e-08  7.10984695e-02 
 5.69200000e-08  7.14736965e-02 
 5.69400000e-08  7.18382284e-02 
 5.69600000e-08  7.21920372e-02 
 5.69800000e-08  7.25350957e-02 
 5.70000000e-08  7.28673779e-02 
 5.70200000e-08  7.31888586e-02 
 5.70400000e-08  7.34995136e-02 
 5.70600000e-08  7.37993196e-02 
 5.70800000e-08  7.40882542e-02 
 5.71000000e-08  7.43662960e-02 
 5.71200000e-08  7.46334244e-02 
 5.71400000e-08  7.48896198e-02 
 5.71600000e-08  7.51348632e-02 
 5.71800000e-08  7.53691368e-02 
 5.72000000e-08  7.55924234e-02 
 5.72200000e-08  7.58047067e-02 
 5.72400000e-08  7.60059711e-02 
 5.72600000e-08  7.61962019e-02 
 5.72800000e-08  7.63753852e-02 
 5.73000000e-08  7.65435078e-02 
 5.73200000e-08  7.67005574e-02 
 5.73400000e-08  7.68465222e-02 
 5.73600000e-08  7.69813914e-02 
 5.73800000e-08  7.71051547e-02 
 5.74000000e-08  7.72178027e-02 
 5.74200000e-08  7.73193264e-02 
 5.74400000e-08  7.74097180e-02 
 5.74600000e-08  7.74889717e-02 
 5.74800000e-08  7.75570798e-02 
 5.75000000e-08  7.76140331e-02 
 5.75200000e-08  7.76598272e-02 
 5.75400000e-08  7.76944584e-02 
 5.75600000e-08  7.77179224e-02 
 5.75800000e-08  7.77302157e-02 
 5.76000000e-08  7.77313352e-02 
 5.76200000e-08  7.77212784e-02 
 5.76400000e-08  7.77000437e-02 
 5.76600000e-08  7.76676296e-02 
 5.76800000e-08  7.76240354e-02 
 5.77000000e-08  7.75692609e-02 
 5.77200000e-08  7.75033085e-02 
 5.77400000e-08  7.74261779e-02 
 5.77600000e-08  7.73378676e-02 
 5.77800000e-08  7.72383806e-02 
 5.78000000e-08  7.71277204e-02 
 5.78200000e-08  7.70058901e-02 
 5.78400000e-08  7.68728932e-02 
 5.78600000e-08  7.67287338e-02 
 5.78800000e-08  7.65734162e-02 
 5.79000000e-08  7.64069456e-02 
 5.79200000e-08  7.62293273e-02 
 5.79400000e-08  7.60405675e-02 
 5.79600000e-08  7.58406725e-02 
 5.79800000e-08  7.56296493e-02 
 5.80000000e-08  7.54075055e-02 
 5.80200000e-08  7.51742489e-02 
 5.80400000e-08  7.49298882e-02 
 5.80600000e-08  7.46744324e-02 
 5.80800000e-08  7.44078909e-02 
 5.81000000e-08  7.41302740e-02 
 5.81200000e-08  7.38415921e-02 
 5.81400000e-08  7.35418566e-02 
 5.81600000e-08  7.32310792e-02 
 5.81800000e-08  7.29092722e-02 
 5.82000000e-08  7.25764487e-02 
 5.82200000e-08  7.22326223e-02 
 5.82400000e-08  7.18778072e-02 
 5.82600000e-08  7.15120184e-02 
 5.82800000e-08  7.11352716e-02 
 5.83000000e-08  7.07475832e-02 
 5.83200000e-08  7.03489704e-02 
 5.83400000e-08  6.99394512e-02 
 5.83600000e-08  6.95190444e-02 
 5.83800000e-08  6.90877698e-02 
 5.84000000e-08  6.86456480e-02 
 5.84200000e-08  6.81927008e-02 
 5.84400000e-08  6.77289507e-02 
 5.84600000e-08  6.72544216e-02 
 5.84800000e-08  6.67691383e-02 
 5.85000000e-08  6.62731270e-02 
 5.85200000e-08  6.57664150e-02 
 5.85400000e-08  6.52490311e-02 
 5.85600000e-08  6.47210053e-02 
 5.85800000e-08  6.41823691e-02 
 5.86000000e-08  6.36331557e-02 
 5.86200000e-08  6.30733997e-02 
 5.86400000e-08  6.25031377e-02 
 5.86600000e-08  6.19224077e-02 
 5.86800000e-08  6.13312500e-02 
 5.87000000e-08  6.07297064e-02 
 5.87200000e-08  6.01178212e-02 
 5.87400000e-08  5.94956405e-02 
 5.87600000e-08  5.88632129e-02 
 5.87800000e-08  5.82205892e-02 
 5.88000000e-08  5.75678227e-02 
 5.88200000e-08  5.69049693e-02 
 5.88400000e-08  5.62320875e-02 
 5.88600000e-08  5.55492386e-02 
 5.88800000e-08  5.48564868e-02 
 5.89000000e-08  5.41538991e-02 
 5.89200000e-08  5.34415459e-02 
 5.89400000e-08  5.27195004e-02 
 5.89600000e-08  5.19878396e-02 
 5.89800000e-08  5.12466434e-02 
 5.90000000e-08  5.04959956e-02 
 5.90200000e-08  4.97359833e-02 
 5.90400000e-08  4.89666976e-02 
 5.90600000e-08  4.81882330e-02 
 5.90800000e-08  4.74006840e-02 
 5.91000000e-08  4.66041519e-02 
 5.91200000e-08  4.57987484e-02 
 5.91400000e-08  4.49845858e-02 
 5.91600000e-08  4.41617790e-02 
 5.91800000e-08  4.33304471e-02 
 5.92000000e-08  4.24907134e-02 
 5.92200000e-08  4.16427057e-02 
 5.92400000e-08  4.07865562e-02 
 5.92600000e-08  3.99224015e-02 
 5.92800000e-08  3.90503825e-02 
 5.93000000e-08  3.81706446e-02 
 5.93200000e-08  3.72833377e-02 
 5.93400000e-08  3.63886159e-02 
 5.93600000e-08  3.54866380e-02 
 5.93800000e-08  3.45775668e-02 
 5.94000000e-08  3.36615696e-02 
 5.94200000e-08  3.27388178e-02 
 5.94400000e-08  3.18094872e-02 
 5.94600000e-08  3.08737573e-02 
 5.94800000e-08  2.99318118e-02 
 5.95000000e-08  2.89838384e-02 
 5.95200000e-08  2.80300282e-02 
 5.95400000e-08  2.70705763e-02 
 5.95600000e-08  2.61056809e-02 
 5.95800000e-08  2.51355438e-02 
 5.96000000e-08  2.41603700e-02 
 5.96200000e-08  2.31803673e-02 
 5.96400000e-08  2.21957465e-02 
 5.96600000e-08  2.12067210e-02 
 5.96800000e-08  2.02135067e-02 
 5.97000000e-08  1.92163217e-02 
 5.97200000e-08  1.82153862e-02 
 5.97400000e-08  1.72109223e-02 
 5.97600000e-08  1.62031538e-02 
 5.97800000e-08  1.51923059e-02 
 5.98000000e-08  1.41786050e-02 
 5.98200000e-08  1.31622786e-02 
 5.98400000e-08  1.21435550e-02 
 5.98600000e-08  1.11226631e-02 
 5.98800000e-08  1.00998322e-02 
 5.99000000e-08  9.07529190e-03 
 5.99200000e-08  8.04927164e-03 
 5.99400000e-08  7.02200074e-03 
 5.99600000e-08  5.99370813e-03 
 5.99800000e-08  4.96462214e-03 
 6.00000000e-08  3.93500270e-03 
