 0.00000000e+00  2.66453526e-15 
 2.00000000e-11  1.21837239e-03 
 4.00000000e-11  1.31617398e-03 
 6.00000000e-11  4.73481312e-04 
 8.00000000e-11 -1.26071609e-03 
 1.00000000e-10 -3.78762575e-03 
 1.20000000e-10 -7.01766120e-03 
 1.40000000e-10 -1.08695801e-02 
 1.60000000e-10 -1.52697036e-02 
 1.80000000e-10 -2.01512575e-02 
 2.00000000e-10 -2.54536808e-02 
 2.20000000e-10 -3.11221297e-02 
 2.40000000e-10 -3.71068704e-02 
 2.60000000e-10 -4.33629046e-02 
 2.80000000e-10 -4.98494390e-02 
 3.00000000e-10 -5.65296028e-02 
 3.20000000e-10 -6.33699869e-02 
 3.40000000e-10 -7.03404322e-02 
 3.60000000e-10 -7.74136292e-02 
 3.80000000e-10 -8.45649612e-02 
 4.00000000e-10 -9.17721570e-02 
 4.20000000e-10 -9.90151773e-02 
 4.40000000e-10 -1.06275912e-01 
 4.60000000e-10 -1.13538101e-01 
 4.80000000e-10 -1.20787071e-01 
 5.00000000e-10 -1.28009682e-01 
 5.20000000e-10 -1.35194096e-01 
 5.40000000e-10 -1.42329749e-01 
 5.60000000e-10 -1.49407143e-01 
 5.80000000e-10 -1.56417839e-01 
 6.00000000e-10 -1.63354269e-01 
 6.20000000e-10 -1.70209745e-01 
 6.40000000e-10 -1.76978292e-01 
 6.60000000e-10 -1.83654664e-01 
 6.80000000e-10 -1.90234197e-01 
 7.00000000e-10 -1.96712832e-01 
 7.20000000e-10 -2.03086987e-01 
 7.40000000e-10 -2.09353580e-01 
 7.60000000e-10 -2.15509915e-01 
 7.80000000e-10 -2.21553712e-01 
 8.00000000e-10 -2.27483007e-01 
 8.20000000e-10 -2.33296178e-01 
 8.40000000e-10 -2.38991856e-01 
 8.60000000e-10 -2.44568961e-01 
 8.80000000e-10 -2.50026612e-01 
 9.00000000e-10 -2.55364170e-01 
 9.20000000e-10 -2.60581153e-01 
 9.40000000e-10 -2.65677280e-01 
 9.60000000e-10 -2.70652395e-01 
 9.80000000e-10 -2.75506506e-01 
 1.00000000e-09 -2.80239721e-01 
 1.02000000e-09 -2.84852283e-01 
 1.04000000e-09 -2.89344509e-01 
 1.06000000e-09 -2.93716832e-01 
 1.08000000e-09 -2.97969737e-01 
 1.10000000e-09 -3.02103805e-01 
 1.12000000e-09 -3.06119655e-01 
 1.14000000e-09 -3.10017983e-01 
 1.16000000e-09 -3.13799514e-01 
 1.18000000e-09 -3.17465031e-01 
 1.20000000e-09 -3.21015338e-01 
 1.22000000e-09 -3.24451285e-01 
 1.24000000e-09 -3.27773734e-01 
 1.26000000e-09 -3.30983584e-01 
 1.28000000e-09 -3.34081736e-01 
 1.30000000e-09 -3.37069121e-01 
 1.32000000e-09 -3.39946666e-01 
 1.34000000e-09 -3.42715322e-01 
 1.36000000e-09 -3.45376029e-01 
 1.38000000e-09 -3.47929747e-01 
 1.40000000e-09 -3.50377420e-01 
 1.42000000e-09 -3.52720005e-01 
 1.44000000e-09 -3.54958442e-01 
 1.46000000e-09 -3.57093680e-01 
 1.48000000e-09 -3.59126647e-01 
 1.50000000e-09 -3.61058277e-01 
 1.52000000e-09 -3.62889481e-01 
 1.54000000e-09 -3.64621172e-01 
 1.56000000e-09 -3.66254240e-01 
 1.58000000e-09 -3.67789573e-01 
 1.60000000e-09 -3.69228035e-01 
 1.62000000e-09 -3.70570488e-01 
 1.64000000e-09 -3.71817767e-01 
 1.66000000e-09 -3.72970702e-01 
 1.68000000e-09 -3.74030100e-01 
 1.70000000e-09 -3.74996758e-01 
 1.72000000e-09 -3.75871449e-01 
 1.74000000e-09 -3.76654940e-01 
 1.76000000e-09 -3.77347969e-01 
 1.78000000e-09 -3.77951268e-01 
 1.80000000e-09 -3.78465543e-01 
 1.82000000e-09 -3.78891491e-01 
 1.84000000e-09 -3.79229785e-01 
 1.86000000e-09 -3.79481086e-01 
 1.88000000e-09 -3.79646034e-01 
 1.90000000e-09 -3.79725259e-01 
 1.92000000e-09 -3.79719365e-01 
 1.94000000e-09 -3.79628950e-01 
 1.96000000e-09 -3.79454588e-01 
 1.98000000e-09 -3.79196844e-01 
 2.00000000e-09 -3.78856261e-01 
 2.02000000e-09 -3.78433376e-01 
 2.04000000e-09 -3.77928704e-01 
 2.06000000e-09 -3.77342753e-01 
 2.08000000e-09 -3.76676010e-01 
 2.10000000e-09 -3.75928958e-01 
 2.12000000e-09 -3.75102062e-01 
 2.14000000e-09 -3.74195780e-01 
 2.16000000e-09 -3.73210555e-01 
 2.18000000e-09 -3.72146827e-01 
 2.20000000e-09 -3.71005018e-01 
 2.22000000e-09 -3.69785551e-01 
 2.24000000e-09 -3.68488837e-01 
 2.26000000e-09 -3.67115281e-01 
 2.28000000e-09 -3.65665275e-01 
 2.30000000e-09 -3.64139219e-01 
 2.32000000e-09 -3.62537502e-01 
 2.34000000e-09 -3.60860513e-01 
 2.36000000e-09 -3.59108636e-01 
 2.38000000e-09 -3.57282257e-01 
 2.40000000e-09 -3.55381759e-01 
 2.42000000e-09 -3.53407528e-01 
 2.44000000e-09 -3.51359951e-01 
 2.46000000e-09 -3.49239420e-01 
 2.48000000e-09 -3.47046327e-01 
 2.50000000e-09 -3.44781072e-01 
 2.52000000e-09 -3.42444059e-01 
 2.54000000e-09 -3.40035701e-01 
 2.56000000e-09 -3.37556417e-01 
 2.58000000e-09 -3.35006635e-01 
 2.60000000e-09 -3.32386792e-01 
 2.62000000e-09 -3.29697338e-01 
 2.64000000e-09 -3.26938729e-01 
 2.66000000e-09 -3.24111440e-01 
 2.68000000e-09 -3.21215952e-01 
 2.70000000e-09 -3.18252764e-01 
 2.72000000e-09 -3.15222386e-01 
 2.74000000e-09 -3.12125346e-01 
 2.76000000e-09 -3.08962184e-01 
 2.78000000e-09 -3.05733458e-01 
 2.80000000e-09 -3.02439740e-01 
 2.82000000e-09 -2.99081622e-01 
 2.84000000e-09 -2.95659708e-01 
 2.86000000e-09 -2.92174624e-01 
 2.88000000e-09 -2.88627009e-01 
 2.90000000e-09 -2.85017525e-01 
 2.92000000e-09 -2.81346845e-01 
 2.94000000e-09 -2.77615665e-01 
 2.96000000e-09 -2.73824695e-01 
 2.98000000e-09 -2.69974667e-01 
 3.00000000e-09 -2.66066326e-01 
 3.02000000e-09 -2.62100436e-01 
 3.04000000e-09 -2.58077779e-01 
 3.06000000e-09 -2.53999154e-01 
 3.08000000e-09 -2.49865374e-01 
 3.10000000e-09 -2.45677273e-01 
 3.12000000e-09 -2.41435697e-01 
 3.14000000e-09 -2.37141510e-01 
 3.16000000e-09 -2.32795590e-01 
 3.18000000e-09 -2.28398831e-01 
 3.20000000e-09 -2.23952140e-01 
 3.22000000e-09 -2.19456440e-01 
 3.24000000e-09 -2.14912666e-01 
 3.26000000e-09 -2.10321768e-01 
 3.28000000e-09 -2.05684705e-01 
 3.30000000e-09 -2.01002453e-01 
 3.32000000e-09 -1.96275996e-01 
 3.34000000e-09 -1.91506331e-01 
 3.36000000e-09 -1.86694464e-01 
 3.38000000e-09 -1.81841414e-01 
 3.40000000e-09 -1.76948207e-01 
 3.42000000e-09 -1.72015881e-01 
 3.44000000e-09 -1.67045479e-01 
 3.46000000e-09 -1.62038055e-01 
 3.48000000e-09 -1.56994672e-01 
 3.50000000e-09 -1.51916397e-01 
 3.52000000e-09 -1.46804307e-01 
 3.54000000e-09 -1.41659483e-01 
 3.56000000e-09 -1.36483014e-01 
 3.58000000e-09 -1.31275993e-01 
 3.60000000e-09 -1.26039520e-01 
 3.62000000e-09 -1.20774699e-01 
 3.64000000e-09 -1.15482637e-01 
 3.66000000e-09 -1.10164448e-01 
 3.68000000e-09 -1.04821246e-01 
 3.70000000e-09 -9.94541525e-02 
 3.72000000e-09 -9.40642875e-02 
 3.74000000e-09 -8.86527765e-02 
 3.76000000e-09 -8.32207457e-02 
 3.78000000e-09 -7.77693238e-02 
 3.80000000e-09 -7.22996406e-02 
 3.82000000e-09 -6.68128272e-02 
 3.84000000e-09 -6.13100153e-02 
 3.86000000e-09 -5.57923373e-02 
 3.88000000e-09 -5.02609254e-02 
 3.90000000e-09 -4.47169121e-02 
 3.92000000e-09 -3.91614288e-02 
 3.94000000e-09 -3.35956069e-02 
 3.96000000e-09 -2.80205758e-02 
 3.98000000e-09 -2.24374645e-02 
 4.00000000e-09 -1.68473995e-02 
 4.02000000e-09 -1.12515060e-02 
 4.04000000e-09 -5.65090642e-03 
 4.06000000e-09 -4.67212466e-05 
 4.08000000e-09  5.55993231e-03 
 4.10000000e-09  1.11679396e-02 
 4.12000000e-09  1.67761897e-02 
 4.14000000e-09  2.23835748e-02 
 4.16000000e-09  2.79889914e-02 
 4.18000000e-09  3.35913395e-02 
 4.20000000e-09  3.91895238e-02 
 4.22000000e-09  4.47824533e-02 
 4.24000000e-09  5.03690420e-02 
 4.26000000e-09  5.59482086e-02 
 4.28000000e-09  6.15188774e-02 
 4.30000000e-09  6.70799778e-02 
 4.32000000e-09  7.26304454e-02 
 4.34000000e-09  7.81692211e-02 
 4.36000000e-09  8.36952525e-02 
 4.38000000e-09  8.92074931e-02 
 4.40000000e-09  9.47049035e-02 
 4.42000000e-09  1.00186450e-01 
 4.44000000e-09  1.05651108e-01 
 4.46000000e-09  1.11097858e-01 
 4.48000000e-09  1.16525689e-01 
 4.50000000e-09  1.21933596e-01 
 4.52000000e-09  1.27320584e-01 
 4.54000000e-09  1.32685666e-01 
 4.56000000e-09  1.38027861e-01 
 4.58000000e-09  1.43346197e-01 
 4.60000000e-09  1.48639713e-01 
 4.62000000e-09  1.53907454e-01 
 4.64000000e-09  1.59148475e-01 
 4.66000000e-09  1.64361840e-01 
 4.68000000e-09  1.69546622e-01 
 4.70000000e-09  1.74701905e-01 
 4.72000000e-09  1.79826780e-01 
 4.74000000e-09  1.84920351e-01 
 4.76000000e-09  1.89981730e-01 
 4.78000000e-09  1.95010037e-01 
 4.80000000e-09  2.00004408e-01 
 4.82000000e-09  2.04963988e-01 
 4.84000000e-09  2.09887930e-01 
 4.86000000e-09  2.14775400e-01 
 4.88000000e-09  2.19625574e-01 
 4.90000000e-09  2.24437640e-01 
 4.92000000e-09  2.29210796e-01 
 4.94000000e-09  2.33944255e-01 
 4.96000000e-09  2.38637239e-01 
 4.98000000e-09  2.43288983e-01 
 5.00000000e-09  2.47898734e-01 
 5.02000000e-09  2.52465751e-01 
 5.04000000e-09  2.56989306e-01 
 5.06000000e-09  2.61468685e-01 
 5.08000000e-09  2.65903184e-01 
 5.10000000e-09  2.70292114e-01 
 5.12000000e-09  2.74634799e-01 
 5.14000000e-09  2.78930576e-01 
 5.16000000e-09  2.83178796e-01 
 5.18000000e-09  2.87378823e-01 
 5.20000000e-09  2.91530035e-01 
 5.22000000e-09  2.95631825e-01 
 5.24000000e-09  2.99683598e-01 
 5.26000000e-09  3.03684776e-01 
 5.28000000e-09  3.07634793e-01 
 5.30000000e-09  3.11533100e-01 
 5.32000000e-09  3.15379159e-01 
 5.34000000e-09  3.19172450e-01 
 5.36000000e-09  3.22912466e-01 
 5.38000000e-09  3.26598716e-01 
 5.40000000e-09  3.30230724e-01 
 5.42000000e-09  3.33808029e-01 
 5.44000000e-09  3.37330182e-01 
 5.46000000e-09  3.40796755e-01 
 5.48000000e-09  3.44207330e-01 
 5.50000000e-09  3.47561506e-01 
 5.52000000e-09  3.50858898e-01 
 5.54000000e-09  3.54099135e-01 
 5.56000000e-09  3.57281860e-01 
 5.58000000e-09  3.60406734e-01 
 5.60000000e-09  3.63473430e-01 
 5.62000000e-09  3.66481638e-01 
 5.64000000e-09  3.69431061e-01 
 5.66000000e-09  3.72321416e-01 
 5.68000000e-09  3.75152437e-01 
 5.70000000e-09  3.77923870e-01 
 5.72000000e-09  3.80635475e-01 
 5.74000000e-09  3.83287028e-01 
 5.76000000e-09  3.85878316e-01 
 5.78000000e-09  3.88409140e-01 
 5.80000000e-09  3.90879314e-01 
 5.82000000e-09  3.93288666e-01 
 5.84000000e-09  3.95637034e-01 
 5.86000000e-09  3.97924271e-01 
 5.88000000e-09  4.00150240e-01 
 5.90000000e-09  4.02314814e-01 
 5.92000000e-09  4.04417881e-01 
 5.94000000e-09  4.06459336e-01 
 5.96000000e-09  4.08439086e-01 
 5.98000000e-09  4.10357048e-01 
 6.00000000e-09  4.12213147e-01 
 6.02000000e-09  4.14007320e-01 
 6.04000000e-09  4.15739509e-01 
 6.06000000e-09  4.17409667e-01 
 6.08000000e-09  4.19017754e-01 
 6.10000000e-09  4.20563738e-01 
 6.12000000e-09  4.22047592e-01 
 6.14000000e-09  4.23469297e-01 
 6.16000000e-09  4.24828840e-01 
 6.18000000e-09  4.26126213e-01 
 6.20000000e-09  4.27361414e-01 
 6.22000000e-09  4.28534446e-01 
 6.24000000e-09  4.29645315e-01 
 6.26000000e-09  4.30694032e-01 
 6.28000000e-09  4.31680610e-01 
 6.30000000e-09  4.32605068e-01 
 6.32000000e-09  4.33467423e-01 
 6.34000000e-09  4.34267700e-01 
 6.36000000e-09  4.35005921e-01 
 6.38000000e-09  4.35682112e-01 
 6.40000000e-09  4.36296298e-01 
 6.42000000e-09  4.36848508e-01 
 6.44000000e-09  4.37338768e-01 
 6.46000000e-09  4.37767106e-01 
 6.48000000e-09  4.38133549e-01 
 6.50000000e-09  4.38438122e-01 
 6.52000000e-09  4.38680851e-01 
 6.54000000e-09  4.38861761e-01 
 6.56000000e-09  4.38980873e-01 
 6.58000000e-09  4.39038209e-01 
 6.60000000e-09  4.39033786e-01 
 6.62000000e-09  4.38967620e-01 
 6.64000000e-09  4.38839726e-01 
 6.66000000e-09  4.38650113e-01 
 6.68000000e-09  4.38398791e-01 
 6.70000000e-09  4.38085762e-01 
 6.72000000e-09  4.37711030e-01 
 6.74000000e-09  4.37274593e-01 
 6.76000000e-09  4.36776444e-01 
 6.78000000e-09  4.36216575e-01 
 6.80000000e-09  4.35594975e-01 
 6.82000000e-09  4.34911626e-01 
 6.84000000e-09  4.34166510e-01 
 6.86000000e-09  4.33359605e-01 
 6.88000000e-09  4.32490883e-01 
 6.90000000e-09  4.31560315e-01 
 6.92000000e-09  4.30567870e-01 
 6.94000000e-09  4.29513510e-01 
 6.96000000e-09  4.28397199e-01 
 6.98000000e-09  4.27218894e-01 
 7.00000000e-09  4.25978558e-01 
 7.02000000e-09  4.24676143e-01 
 7.04000000e-09  4.23311596e-01 
 7.06000000e-09  4.21884874e-01 
 7.08000000e-09  4.20395929e-01 
 7.10000000e-09  4.18844714e-01 
 7.12000000e-09  4.17231180e-01 
 7.14000000e-09  4.15555282e-01 
 7.16000000e-09  4.13816973e-01 
 7.18000000e-09  4.12016210e-01 
 7.20000000e-09  4.10152953e-01 
 7.22000000e-09  4.08227165e-01 
 7.24000000e-09  4.06238814e-01 
 7.26000000e-09  4.04187871e-01 
 7.28000000e-09  4.02074317e-01 
 7.30000000e-09  3.99898134e-01 
 7.32000000e-09  3.97659318e-01 
 7.34000000e-09  3.95357868e-01 
 7.36000000e-09  3.92993795e-01 
 7.38000000e-09  3.90567119e-01 
 7.40000000e-09  3.88077874e-01 
 7.42000000e-09  3.85526103e-01 
 7.44000000e-09  3.82911863e-01 
 7.46000000e-09  3.80235225e-01 
 7.48000000e-09  3.77496275e-01 
 7.50000000e-09  3.74695116e-01 
 7.52000000e-09  3.71831864e-01 
 7.54000000e-09  3.68906656e-01 
 7.56000000e-09  3.65919646e-01 
 7.58000000e-09  3.62871008e-01 
 7.60000000e-09  3.59760933e-01 
 7.62000000e-09  3.56589637e-01 
 7.64000000e-09  3.53357353e-01 
 7.66000000e-09  3.50064337e-01 
 7.68000000e-09  3.46710870e-01 
 7.70000000e-09  3.43297253e-01 
 7.72000000e-09  3.39823809e-01 
 7.74000000e-09  3.36290889e-01 
 7.76000000e-09  3.32698863e-01 
 7.78000000e-09  3.29048129e-01 
 7.80000000e-09  3.25339107e-01 
 7.82000000e-09  3.21572242e-01 
 7.84000000e-09  3.17748003e-01 
 7.86000000e-09  3.13866883e-01 
 7.88000000e-09  3.09929401e-01 
 7.90000000e-09  3.05936097e-01 
 7.92000000e-09  3.01887538e-01 
 7.94000000e-09  2.97784312e-01 
 7.96000000e-09  2.93627031e-01 
 7.98000000e-09  2.89416330e-01 
 8.00000000e-09  2.85152866e-01 
 8.02000000e-09  2.80837317e-01 
 8.04000000e-09  2.76470385e-01 
 8.06000000e-09  2.72052789e-01 
 8.08000000e-09  2.67585271e-01 
 8.10000000e-09  2.63068591e-01 
 8.12000000e-09  2.58503529e-01 
 8.14000000e-09  2.53890884e-01 
 8.16000000e-09  2.49231470e-01 
 8.18000000e-09  2.44526121e-01 
 8.20000000e-09  2.39775686e-01 
 8.22000000e-09  2.34981029e-01 
 8.24000000e-09  2.30143030e-01 
 8.26000000e-09  2.25262585e-01 
 8.28000000e-09  2.20340601e-01 
 8.30000000e-09  2.15378000e-01 
 8.32000000e-09  2.10375715e-01 
 8.34000000e-09  2.05334693e-01 
 8.36000000e-09  2.00255891e-01 
 8.38000000e-09  1.95140276e-01 
 8.40000000e-09  1.89988827e-01 
 8.42000000e-09  1.84802532e-01 
 8.44000000e-09  1.79582387e-01 
 8.46000000e-09  1.74329397e-01 
 8.48000000e-09  1.69044577e-01 
 8.50000000e-09  1.63728947e-01 
 8.52000000e-09  1.58383535e-01 
 8.54000000e-09  1.53009376e-01 
 8.56000000e-09  1.47607510e-01 
 8.58000000e-09  1.42178983e-01 
 8.60000000e-09  1.36724847e-01 
 8.62000000e-09  1.31246159e-01 
 8.64000000e-09  1.25743980e-01 
 8.66000000e-09  1.20219374e-01 
 8.68000000e-09  1.14673411e-01 
 8.70000000e-09  1.09107161e-01 
 8.72000000e-09  1.03521700e-01 
 8.74000000e-09  9.79181051e-02 
 8.76000000e-09  9.22974562e-02 
 8.78000000e-09  8.66608347e-02 
 8.80000000e-09  8.10093238e-02 
 8.82000000e-09  7.53440077e-02 
 8.84000000e-09  6.96659717e-02 
 8.86000000e-09  6.39763019e-02 
 8.88000000e-09  5.82760843e-02 
 8.90000000e-09  5.25664054e-02 
 8.92000000e-09  4.68483511e-02 
 8.94000000e-09  4.11230068e-02 
 8.96000000e-09  3.53914571e-02 
 8.98000000e-09  2.96547856e-02 
 9.00000000e-09  2.39140744e-02 
 9.02000000e-09  1.81704039e-02 
 9.04000000e-09  1.24248526e-02 
 9.06000000e-09  6.67849703e-03 
 9.08000000e-09  9.32410965e-04 
 9.10000000e-09 -4.81233433e-03 
 9.12000000e-09 -1.05546706e-02 
 9.14000000e-09 -1.62935327e-02 
 9.16000000e-09 -2.20278590e-02 
 9.18000000e-09 -2.77565915e-02 
 9.20000000e-09 -3.34786762e-02 
 9.22000000e-09 -3.91930631e-02 
 9.24000000e-09 -4.48987068e-02 
 9.26000000e-09 -5.05945662e-02 
 9.28000000e-09 -5.62796053e-02 
 9.30000000e-09 -6.19527930e-02 
 9.32000000e-09 -6.76131037e-02 
 9.34000000e-09 -7.32595170e-02 
 9.36000000e-09 -7.88910183e-02 
 9.38000000e-09 -8.45065991e-02 
 9.40000000e-09 -9.01052569e-02 
 9.42000000e-09 -9.56859955e-02 
 9.44000000e-09 -1.01247825e-01 
 9.46000000e-09 -1.06789764e-01 
 9.48000000e-09 -1.12310834e-01 
 9.50000000e-09 -1.17810069e-01 
 9.52000000e-09 -1.23286505e-01 
 9.54000000e-09 -1.28739191e-01 
 9.56000000e-09 -1.34167178e-01 
 9.58000000e-09 -1.39569530e-01 
 9.60000000e-09 -1.44945316e-01 
 9.62000000e-09 -1.50293614e-01 
 9.64000000e-09 -1.55613511e-01 
 9.66000000e-09 -1.60904102e-01 
 9.68000000e-09 -1.66164493e-01 
 9.70000000e-09 -1.71393796e-01 
 9.72000000e-09 -1.76591133e-01 
 9.74000000e-09 -1.81755637e-01 
 9.76000000e-09 -1.86886449e-01 
 9.78000000e-09 -1.91982721e-01 
 9.80000000e-09 -1.97043614e-01 
 9.82000000e-09 -2.02068300e-01 
 9.84000000e-09 -2.07055960e-01 
 9.86000000e-09 -2.12005787e-01 
 9.88000000e-09 -2.16916984e-01 
 9.90000000e-09 -2.21788765e-01 
 9.92000000e-09 -2.26620355e-01 
 9.94000000e-09 -2.31410989e-01 
 9.96000000e-09 -2.36159916e-01 
 9.98000000e-09 -2.40866396e-01 
 1.00000000e-08 -2.45529697e-01 
 1.00200000e-08 -2.50149105e-01 
 1.00400000e-08 -2.54723914e-01 
 1.00600000e-08 -2.59253431e-01 
 1.00800000e-08 -2.63736976e-01 
 1.01000000e-08 -2.68173881e-01 
 1.01200000e-08 -2.72563492e-01 
 1.01400000e-08 -2.76905168e-01 
 1.01600000e-08 -2.81198279e-01 
 1.01800000e-08 -2.85442211e-01 
 1.02000000e-08 -2.89636361e-01 
 1.02200000e-08 -2.93780141e-01 
 1.02400000e-08 -2.97872978e-01 
 1.02600000e-08 -3.01914310e-01 
 1.02800000e-08 -3.05903591e-01 
 1.03000000e-08 -3.09840289e-01 
 1.03200000e-08 -3.13723885e-01 
 1.03400000e-08 -3.17553877e-01 
 1.03600000e-08 -3.21329774e-01 
 1.03800000e-08 -3.25051103e-01 
 1.04000000e-08 -3.28717403e-01 
 1.04200000e-08 -3.32328230e-01 
 1.04400000e-08 -3.35883152e-01 
 1.04600000e-08 -3.39381755e-01 
 1.04800000e-08 -3.42823637e-01 
 1.05000000e-08 -3.46208412e-01 
 1.05200000e-08 -3.49535710e-01 
 1.05400000e-08 -3.52805174e-01 
 1.05600000e-08 -3.56016463e-01 
 1.05800000e-08 -3.59169249e-01 
 1.06000000e-08 -3.62263221e-01 
 1.06200000e-08 -3.65298080e-01 
 1.06400000e-08 -3.68273545e-01 
 1.06600000e-08 -3.71189344e-01 
 1.06800000e-08 -3.74045225e-01 
 1.07000000e-08 -3.76840945e-01 
 1.07200000e-08 -3.79576277e-01 
 1.07400000e-08 -3.82251009e-01 
 1.07600000e-08 -3.84864939e-01 
 1.07800000e-08 -3.87417880e-01 
 1.08000000e-08 -3.89909659e-01 
 1.08200000e-08 -3.92340112e-01 
 1.08400000e-08 -3.94709091e-01 
 1.08600000e-08 -3.97016457e-01 
 1.08800000e-08 -3.99262084e-01 
 1.09000000e-08 -4.01445858e-01 
 1.09200000e-08 -4.03567674e-01 
 1.09400000e-08 -4.05627438e-01 
 1.09600000e-08 -4.07625066e-01 
 1.09800000e-08 -4.09560486e-01 
 1.10000000e-08 -4.11433633e-01 
 1.10200000e-08 -4.13244450e-01 
 1.10400000e-08 -4.14992891e-01 
 1.10600000e-08 -4.16678917e-01 
 1.10800000e-08 -4.18302497e-01 
 1.11000000e-08 -4.19863606e-01 
 1.11200000e-08 -4.21362226e-01 
 1.11400000e-08 -4.22798348e-01 
 1.11600000e-08 -4.24171965e-01 
 1.11800000e-08 -4.25483079e-01 
 1.12000000e-08 -4.26731694e-01 
 1.12200000e-08 -4.27917821e-01 
 1.12400000e-08 -4.29041473e-01 
 1.12600000e-08 -4.30102668e-01 
 1.12800000e-08 -4.31101429e-01 
 1.13000000e-08 -4.32037778e-01 
 1.13200000e-08 -4.32911743e-01 
 1.13400000e-08 -4.33723353e-01 
 1.13600000e-08 -4.34472637e-01 
 1.13800000e-08 -4.35159627e-01 
 1.14000000e-08 -4.35784357e-01 
 1.14200000e-08 -4.36346859e-01 
 1.14400000e-08 -4.36847167e-01 
 1.14600000e-08 -4.37285314e-01 
 1.14800000e-08 -4.37661333e-01 
 1.15000000e-08 -4.37975256e-01 
 1.15200000e-08 -4.38227114e-01 
 1.15400000e-08 -4.38416936e-01 
 1.15600000e-08 -4.38544750e-01 
 1.15800000e-08 -4.38610582e-01 
 1.16000000e-08 -4.38614456e-01 
 1.16200000e-08 -4.38556392e-01 
 1.16400000e-08 -4.38436410e-01 
 1.16600000e-08 -4.38254524e-01 
 1.16800000e-08 -4.38010747e-01 
 1.17000000e-08 -4.37705090e-01 
 1.17200000e-08 -4.37337557e-01 
 1.17400000e-08 -4.36908152e-01 
 1.17600000e-08 -4.36416873e-01 
 1.17800000e-08 -4.35863716e-01 
 1.18000000e-08 -4.35248674e-01 
 1.18200000e-08 -4.34571734e-01 
 1.18400000e-08 -4.33832881e-01 
 1.18600000e-08 -4.33032096e-01 
 1.18800000e-08 -4.32169356e-01 
 1.19000000e-08 -4.31244637e-01 
 1.19200000e-08 -4.30257909e-01 
 1.19400000e-08 -4.29209141e-01 
 1.19600000e-08 -4.28098297e-01 
 1.19800000e-08 -4.26925340e-01 
 1.20000000e-08 -4.25690235e-01 
 1.20200000e-08 -4.24392937e-01 
 1.20400000e-08 -4.23033398e-01 
 1.20600000e-08 -4.21611576e-01 
 1.20800000e-08 -4.20127429e-01 
 1.21000000e-08 -4.18580910e-01 
 1.21200000e-08 -4.16971975e-01 
 1.21400000e-08 -4.15300579e-01 
 1.21600000e-08 -4.13566682e-01 
 1.21800000e-08 -4.11770241e-01 
 1.22000000e-08 -4.09911219e-01 
 1.22200000e-08 -4.07989582e-01 
 1.22400000e-08 -4.06005300e-01 
 1.22600000e-08 -4.03958348e-01 
 1.22800000e-08 -4.01848707e-01 
 1.23000000e-08 -3.99676364e-01 
 1.23200000e-08 -3.97441314e-01 
 1.23400000e-08 -3.95143561e-01 
 1.23600000e-08 -3.92783118e-01 
 1.23800000e-08 -3.90360006e-01 
 1.24000000e-08 -3.87874261e-01 
 1.24200000e-08 -3.85325929e-01 
 1.24400000e-08 -3.82715067e-01 
 1.24600000e-08 -3.80041749e-01 
 1.24800000e-08 -3.77306064e-01 
 1.25000000e-08 -3.74508113e-01 
 1.25200000e-08 -3.71648017e-01 
 1.25400000e-08 -3.68725914e-01 
 1.25600000e-08 -3.65741959e-01 
 1.25800000e-08 -3.62696326e-01 
 1.26000000e-08 -3.59589210e-01 
 1.26200000e-08 -3.56420825e-01 
 1.26400000e-08 -3.53191409e-01 
 1.26600000e-08 -3.49901217e-01 
 1.26800000e-08 -3.46550531e-01 
 1.27000000e-08 -3.43139653e-01 
 1.27200000e-08 -3.39668909e-01 
 1.27400000e-08 -3.36138647e-01 
 1.27600000e-08 -3.32549242e-01 
 1.27800000e-08 -3.28901090e-01 
 1.28000000e-08 -3.25194613e-01 
 1.28200000e-08 -3.21430256e-01 
 1.28400000e-08 -3.17608490e-01 
 1.28600000e-08 -3.13729808e-01 
 1.28800000e-08 -3.09794728e-01 
 1.29000000e-08 -3.05803794e-01 
 1.29200000e-08 -3.01757570e-01 
 1.29400000e-08 -2.97656646e-01 
 1.29600000e-08 -2.93501635e-01 
 1.29800000e-08 -2.89293171e-01 
 1.30000000e-08 -2.85031913e-01 
 1.30200000e-08 -2.80718538e-01 
 1.30400000e-08 -2.76353749e-01 
 1.30600000e-08 -2.71938266e-01 
 1.30800000e-08 -2.67472830e-01 
 1.31000000e-08 -2.62958202e-01 
 1.31200000e-08 -2.58395163e-01 
 1.31400000e-08 -2.53784510e-01 
 1.31600000e-08 -2.49127060e-01 
 1.31800000e-08 -2.44423645e-01 
 1.32000000e-08 -2.39675115e-01 
 1.32200000e-08 -2.34882336e-01 
 1.32400000e-08 -2.30046186e-01 
 1.32600000e-08 -2.25167562e-01 
 1.32800000e-08 -2.20247371e-01 
 1.33000000e-08 -2.15286535e-01 
 1.33200000e-08 -2.10285989e-01 
 1.33400000e-08 -2.05246678e-01 
 1.33600000e-08 -2.00169560e-01 
 1.33800000e-08 -1.95055603e-01 
 1.34000000e-08 -1.89905785e-01 
 1.34200000e-08 -1.84721095e-01 
 1.34400000e-08 -1.79502529e-01 
 1.34600000e-08 -1.74251094e-01 
 1.34800000e-08 -1.68967802e-01 
 1.35000000e-08 -1.63653675e-01 
 1.35200000e-08 -1.58309741e-01 
 1.35400000e-08 -1.52937035e-01 
 1.35600000e-08 -1.47536597e-01 
 1.35800000e-08 -1.42109475e-01 
 1.36000000e-08 -1.36656721e-01 
 1.36200000e-08 -1.31179390e-01 
 1.36400000e-08 -1.25678545e-01 
 1.36600000e-08 -1.20155250e-01 
 1.36800000e-08 -1.14610574e-01 
 1.37000000e-08 -1.09045590e-01 
 1.37200000e-08 -1.03461372e-01 
 1.37400000e-08 -9.78589981e-02 
 1.37600000e-08 -9.22395485e-02 
 1.37800000e-08 -8.66041049e-02 
 1.38000000e-08 -8.09537506e-02 
 1.38200000e-08 -7.52895703e-02 
 1.38400000e-08 -6.96126494e-02 
 1.38600000e-08 -6.39240743e-02 
 1.38800000e-08 -5.82249315e-02 
 1.39000000e-08 -5.25163074e-02 
 1.39200000e-08 -4.67992883e-02 
 1.39400000e-08 -4.10749601e-02 
 1.39600000e-08 -3.53444075e-02 
 1.39800000e-08 -2.96087143e-02 
 1.40000000e-08 -2.38689630e-02 
 1.40200000e-08 -1.81262343e-02 
 1.40400000e-08 -1.23816069e-02 
 1.40600000e-08 -6.63615755e-03 
 1.40800000e-08 -8.90960376e-04 
 1.41000000e-08  4.85291312e-03 
 1.41200000e-08  1.05943944e-02 
 1.41400000e-08  1.63324181e-02 
 1.41600000e-08  2.20659222e-02 
 1.41800000e-08  2.77938487e-02 
 1.42000000e-08  3.35151430e-02 
 1.42200000e-08  3.92287552e-02 
 1.42400000e-08  4.49336393e-02 
 1.42600000e-08  5.06287542e-02 
 1.42800000e-08  5.63130635e-02 
 1.43000000e-08  6.19855361e-02 
 1.43200000e-08  6.76451458e-02 
 1.43400000e-08  7.32908721e-02 
 1.43600000e-08  7.89217004e-02 
 1.43800000e-08  8.45366216e-02 
 1.44000000e-08  9.01346332e-02 
 1.44200000e-08  9.57147386e-02 
 1.44400000e-08  1.01275948e-01 
 1.44600000e-08  1.06817279e-01 
 1.44800000e-08  1.12337754e-01 
 1.45000000e-08  1.17836405e-01 
 1.45200000e-08  1.23312271e-01 
 1.45400000e-08  1.28764397e-01 
 1.45600000e-08  1.34191837e-01 
 1.45800000e-08  1.39593652e-01 
 1.46000000e-08  1.44968912e-01 
 1.46200000e-08  1.50316696e-01 
 1.46400000e-08  1.55636090e-01 
 1.46600000e-08  1.60926188e-01 
 1.46800000e-08  1.66186096e-01 
 1.47000000e-08  1.71414926e-01 
 1.47200000e-08  1.76611800e-01 
 1.47400000e-08  1.81775851e-01 
 1.47600000e-08  1.86906220e-01 
 1.47800000e-08  1.92002058e-01 
 1.48000000e-08  1.97062526e-01 
 1.48200000e-08  2.02086796e-01 
 1.48400000e-08  2.07074050e-01 
 1.48600000e-08  2.12023478e-01 
 1.48800000e-08  2.16934286e-01 
 1.49000000e-08  2.21805685e-01 
 1.49200000e-08  2.26636901e-01 
 1.49400000e-08  2.31427171e-01 
 1.49600000e-08  2.36175740e-01 
 1.49800000e-08  2.40881870e-01 
 1.50000000e-08  2.45544830e-01 
 1.50200000e-08  2.50163903e-01 
 1.50400000e-08  2.54738384e-01 
 1.50600000e-08  2.59267581e-01 
 1.50800000e-08  2.63750812e-01 
 1.51000000e-08  2.68187411e-01 
 1.51200000e-08  2.72576723e-01 
 1.51400000e-08  2.76918105e-01 
 1.51600000e-08  2.81210930e-01 
 1.51800000e-08  2.85454581e-01 
 1.52000000e-08  2.89648457e-01 
 1.52200000e-08  2.93791969e-01 
 1.52400000e-08  2.97884543e-01 
 1.52600000e-08  3.01925619e-01 
 1.52800000e-08  3.05914649e-01 
 1.53000000e-08  3.09851101e-01 
 1.53200000e-08  3.13734458e-01 
 1.53400000e-08  3.17564215e-01 
 1.53600000e-08  3.21339883e-01 
 1.53800000e-08  3.25060988e-01 
 1.54000000e-08  3.28727069e-01 
 1.54200000e-08  3.32337682e-01 
 1.54400000e-08  3.35892395e-01 
 1.54600000e-08  3.39390793e-01 
 1.54800000e-08  3.42832475e-01 
 1.55000000e-08  3.46217055e-01 
 1.55200000e-08  3.49544162e-01 
 1.55400000e-08  3.52813439e-01 
 1.55600000e-08  3.56024545e-01 
 1.55800000e-08  3.59177153e-01 
 1.56000000e-08  3.62270951e-01 
 1.56200000e-08  3.65305640e-01 
 1.56400000e-08  3.68280938e-01 
 1.56600000e-08  3.71196575e-01 
 1.56800000e-08  3.74052296e-01 
 1.57000000e-08  3.76847861e-01 
 1.57200000e-08  3.79583042e-01 
 1.57400000e-08  3.82257626e-01 
 1.57600000e-08  3.84871411e-01 
 1.57800000e-08  3.87424212e-01 
 1.58000000e-08  3.89915852e-01 
 1.58200000e-08  3.92346171e-01 
 1.58400000e-08  3.94715018e-01 
 1.58600000e-08  3.97022255e-01 
 1.58800000e-08  3.99267757e-01 
 1.59000000e-08  4.01451408e-01 
 1.59200000e-08  4.03573104e-01 
 1.59400000e-08  4.05632751e-01 
 1.59600000e-08  4.07630265e-01 
 1.59800000e-08  4.09565574e-01 
 1.60000000e-08  4.11438611e-01 
 1.60200000e-08  4.13249322e-01 
 1.60400000e-08  4.14997660e-01 
 1.60600000e-08  4.16683584e-01 
 1.60800000e-08  4.18307065e-01 
 1.61000000e-08  4.19868077e-01 
 1.61200000e-08  4.21366603e-01 
 1.61400000e-08  4.22802633e-01 
 1.61600000e-08  4.24176160e-01 
 1.61800000e-08  4.25487186e-01 
 1.62000000e-08  4.26735716e-01 
 1.62200000e-08  4.27921758e-01 
 1.62400000e-08  4.29045329e-01 
 1.62600000e-08  4.30106445e-01 
 1.62800000e-08  4.31105128e-01 
 1.63000000e-08  4.32041401e-01 
 1.63200000e-08  4.32915292e-01 
 1.63400000e-08  4.33726829e-01 
 1.63600000e-08  4.34476042e-01 
 1.63800000e-08  4.35162964e-01 
 1.64000000e-08  4.35787626e-01 
 1.64200000e-08  4.36350063e-01 
 1.64400000e-08  4.36850306e-01 
 1.64600000e-08  4.37288391e-01 
 1.64800000e-08  4.37664349e-01 
 1.65000000e-08  4.37978212e-01 
 1.65200000e-08  4.38230011e-01 
 1.65400000e-08  4.38419777e-01 
 1.65600000e-08  4.38547535e-01 
 1.65800000e-08  4.38613313e-01 
 1.66000000e-08  4.38617134e-01 
 1.66200000e-08  4.38559018e-01 
 1.66400000e-08  4.38438985e-01 
 1.66600000e-08  4.38257050e-01 
 1.66800000e-08  4.38013225e-01 
 1.67000000e-08  4.37707520e-01 
 1.67200000e-08  4.37339942e-01 
 1.67400000e-08  4.36910491e-01 
 1.67600000e-08  4.36419169e-01 
 1.67800000e-08  4.35865969e-01 
 1.68000000e-08  4.35250885e-01 
 1.68200000e-08  4.34573904e-01 
 1.68400000e-08  4.33835011e-01 
 1.68600000e-08  4.33034187e-01 
 1.68800000e-08  4.32171409e-01 
 1.69000000e-08  4.31246653e-01 
 1.69200000e-08  4.30259888e-01 
 1.69400000e-08  4.29211084e-01 
 1.69600000e-08  4.28100205e-01 
 1.69800000e-08  4.26927214e-01 
 1.70000000e-08  4.25692076e-01 
 1.70200000e-08  4.24394745e-01 
 1.70400000e-08  4.23035174e-01 
 1.70600000e-08  4.21613321e-01 
 1.70800000e-08  4.20129143e-01 
 1.71000000e-08  4.18582594e-01 
 1.71200000e-08  4.16973629e-01 
 1.71400000e-08  4.15302205e-01 
 1.71600000e-08  4.13568279e-01 
 1.71800000e-08  4.11771811e-01 
 1.72000000e-08  4.09912762e-01 
 1.72200000e-08  4.07991099e-01 
 1.72400000e-08  4.06006791e-01 
 1.72600000e-08  4.03959813e-01 
 1.72800000e-08  4.01850147e-01 
 1.73000000e-08  3.99677779e-01 
 1.73200000e-08  3.97442706e-01 
 1.73400000e-08  3.95144929e-01 
 1.73600000e-08  3.92784463e-01 
 1.73800000e-08  3.90361329e-01 
 1.74000000e-08  3.87875561e-01 
 1.74200000e-08  3.85327206e-01 
 1.74400000e-08  3.82716323e-01 
 1.74600000e-08  3.80042984e-01 
 1.74800000e-08  3.77307278e-01 
 1.75000000e-08  3.74509307e-01 
 1.75200000e-08  3.71649191e-01 
 1.75400000e-08  3.68727068e-01 
 1.75600000e-08  3.65743093e-01 
 1.75800000e-08  3.62697441e-01 
 1.76000000e-08  3.59590306e-01 
 1.76200000e-08  3.56421903e-01 
 1.76400000e-08  3.53192468e-01 
 1.76600000e-08  3.49902259e-01 
 1.76800000e-08  3.46551555e-01 
 1.77000000e-08  3.43140659e-01 
 1.77200000e-08  3.39669897e-01 
 1.77400000e-08  3.36139619e-01 
 1.77600000e-08  3.32550197e-01 
 1.77800000e-08  3.28902029e-01 
 1.78000000e-08  3.25195535e-01 
 1.78200000e-08  3.21431163e-01 
 1.78400000e-08  3.17609380e-01 
 1.78600000e-08  3.13730683e-01 
 1.78800000e-08  3.09795588e-01 
 1.79000000e-08  3.05804638e-01 
 1.79200000e-08  3.01758399e-01 
 1.79400000e-08  2.97657461e-01 
 1.79600000e-08  2.93502435e-01 
 1.79800000e-08  2.89293957e-01 
 1.80000000e-08  2.85032685e-01 
 1.80200000e-08  2.80719296e-01 
 1.80400000e-08  2.76354493e-01 
 1.80600000e-08  2.71938997e-01 
 1.80800000e-08  2.67473547e-01 
 1.81000000e-08  2.62958907e-01 
 1.81200000e-08  2.58395854e-01 
 1.81400000e-08  2.53785189e-01 
 1.81600000e-08  2.49127726e-01 
 1.81800000e-08  2.44424299e-01 
 1.82000000e-08  2.39675757e-01 
 1.82200000e-08  2.34882966e-01 
 1.82400000e-08  2.30046804e-01 
 1.82600000e-08  2.25168168e-01 
 1.82800000e-08  2.20247966e-01 
 1.83000000e-08  2.15287119e-01 
 1.83200000e-08  2.10286562e-01 
 1.83400000e-08  2.05247240e-01 
 1.83600000e-08  2.00170111e-01 
 1.83800000e-08  1.95056143e-01 
 1.84000000e-08  1.89906315e-01 
 1.84200000e-08  1.84721615e-01 
 1.84400000e-08  1.79503039e-01 
 1.84600000e-08  1.74251593e-01 
 1.84800000e-08  1.68968292e-01 
 1.85000000e-08  1.63654155e-01 
 1.85200000e-08  1.58310212e-01 
 1.85400000e-08  1.52937496e-01 
 1.85600000e-08  1.47537050e-01 
 1.85800000e-08  1.42109919e-01 
 1.86000000e-08  1.36657156e-01 
 1.86200000e-08  1.31179816e-01 
 1.86400000e-08  1.25678962e-01 
 1.86600000e-08  1.20155659e-01 
 1.86800000e-08  1.14610975e-01 
 1.87000000e-08  1.09045983e-01 
 1.87200000e-08  1.03461757e-01 
 1.87400000e-08  9.78593753e-02 
 1.87600000e-08  9.22399181e-02 
 1.87800000e-08  8.66044669e-02 
 1.88000000e-08  8.09541053e-02 
 1.88200000e-08  7.52899177e-02 
 1.88400000e-08  6.96129897e-02 
 1.88600000e-08  6.39244076e-02 
 1.88800000e-08  5.82252579e-02 
 1.89000000e-08  5.25166271e-02 
 1.89200000e-08  4.67996014e-02 
 1.89400000e-08  4.10752667e-02 
 1.89600000e-08  3.53447077e-02 
 1.89800000e-08  2.96090084e-02 
 1.90000000e-08  2.38692509e-02 
 1.90200000e-08  1.81265162e-02 
 1.90400000e-08  1.23818829e-02 
 1.90600000e-08  6.63642775e-03 
 1.90800000e-08  8.91224898e-04 
 1.91000000e-08 -4.85265416e-03 
 1.91200000e-08 -1.05941409e-02 
 1.91400000e-08 -1.63321699e-02 
 1.91600000e-08 -2.20656793e-02 
 1.91800000e-08 -2.77936109e-02 
 1.92000000e-08 -3.35149103e-02 
 1.92200000e-08 -3.92285274e-02 
 1.92400000e-08 -4.49334164e-02 
 1.92600000e-08 -5.06285360e-02 
 1.92800000e-08 -5.63128500e-02 
 1.93000000e-08 -6.19853271e-02 
 1.93200000e-08 -6.76449413e-02 
 1.93400000e-08 -7.32906720e-02 
 1.93600000e-08 -7.89215046e-02 
 1.93800000e-08 -8.45364300e-02 
 1.94000000e-08 -9.01344457e-02 
 1.94200000e-08 -9.57145552e-02 
 1.94400000e-08 -1.01275769e-01 
 1.94600000e-08 -1.06817103e-01 
 1.94800000e-08 -1.12337582e-01 
 1.95000000e-08 -1.17836237e-01 
 1.95200000e-08 -1.23312107e-01 
 1.95400000e-08 -1.28764236e-01 
 1.95600000e-08 -1.34191679e-01 
 1.95800000e-08 -1.39593498e-01 
 1.96000000e-08 -1.44968762e-01 
 1.96200000e-08 -1.50316549e-01 
 1.96400000e-08 -1.55635946e-01 
 1.96600000e-08 -1.60926047e-01 
 1.96800000e-08 -1.66185958e-01 
 1.97000000e-08 -1.71414791e-01 
 1.97200000e-08 -1.76611668e-01 
 1.97400000e-08 -1.81775722e-01 
 1.97600000e-08 -1.86906094e-01 
 1.97800000e-08 -1.92001935e-01 
 1.98000000e-08 -1.97062406e-01 
 1.98200000e-08 -2.02086678e-01 
 1.98400000e-08 -2.07073934e-01 
 1.98600000e-08 -2.12023366e-01 
 1.98800000e-08 -2.16934175e-01 
 1.99000000e-08 -2.21805577e-01 
 1.99200000e-08 -2.26636796e-01 
 1.99400000e-08 -2.31427067e-01 
 1.99600000e-08 -2.36175639e-01 
 1.99800000e-08 -2.40881771e-01 
 2.00000000e-08 -2.45544733e-01 
 2.00200000e-08 -2.50163808e-01 
 2.00400000e-08 -2.54738292e-01 
 2.00600000e-08 -2.59267490e-01 
 2.00800000e-08 -2.63750724e-01 
 2.01000000e-08 -2.68187325e-01 
 2.01200000e-08 -2.72576639e-01 
 2.01400000e-08 -2.76918023e-01 
 2.01600000e-08 -2.81210849e-01 
 2.01800000e-08 -2.85454502e-01 
 2.02000000e-08 -2.89648379e-01 
 2.02200000e-08 -2.93791893e-01 
 2.02400000e-08 -2.97884469e-01 
 2.02600000e-08 -3.01925546e-01 
 2.02800000e-08 -3.05914578e-01 
 2.03000000e-08 -3.09851032e-01 
 2.03200000e-08 -3.13734390e-01 
 2.03400000e-08 -3.17564149e-01 
 2.03600000e-08 -3.21339819e-01 
 2.03800000e-08 -3.25060925e-01 
 2.04000000e-08 -3.28727007e-01 
 2.04200000e-08 -3.32337621e-01 
 2.04400000e-08 -3.35892336e-01 
 2.04600000e-08 -3.39390735e-01 
 2.04800000e-08 -3.42832418e-01 
 2.05000000e-08 -3.46217000e-01 
 2.05200000e-08 -3.49544108e-01 
 2.05400000e-08 -3.52813386e-01 
 2.05600000e-08 -3.56024494e-01 
 2.05800000e-08 -3.59177103e-01 
 2.06000000e-08 -3.62270901e-01 
 2.06200000e-08 -3.65305592e-01 
 2.06400000e-08 -3.68280891e-01 
 2.06600000e-08 -3.71196529e-01 
 2.06800000e-08 -3.74052251e-01 
 2.07000000e-08 -3.76847817e-01 
 2.07200000e-08 -3.79582999e-01 
 2.07400000e-08 -3.82257584e-01 
 2.07600000e-08 -3.84871370e-01 
 2.07800000e-08 -3.87424171e-01 
 2.08000000e-08 -3.89915812e-01 
 2.08200000e-08 -3.92346132e-01 
 2.08400000e-08 -3.94714980e-01 
 2.08600000e-08 -3.97022218e-01 
 2.08800000e-08 -3.99267721e-01 
 2.09000000e-08 -4.01451372e-01 
 2.09200000e-08 -4.03573069e-01 
 2.09400000e-08 -4.05632717e-01 
 2.09600000e-08 -4.07630232e-01 
 2.09800000e-08 -4.09565541e-01 
 2.10000000e-08 -4.11438579e-01 
 2.10200000e-08 -4.13249291e-01 
 2.10400000e-08 -4.14997629e-01 
 2.10600000e-08 -4.16683554e-01 
 2.10800000e-08 -4.18307036e-01 
 2.11000000e-08 -4.19868048e-01 
 2.11200000e-08 -4.21366575e-01 
 2.11400000e-08 -4.22802606e-01 
 2.11600000e-08 -4.24176134e-01 
 2.11800000e-08 -4.25487160e-01 
 2.12000000e-08 -4.26735690e-01 
 2.12200000e-08 -4.27921733e-01 
 2.12400000e-08 -4.29045304e-01 
 2.12600000e-08 -4.30106421e-01 
 2.12800000e-08 -4.31105104e-01 
 2.13000000e-08 -4.32041378e-01 
 2.13200000e-08 -4.32915269e-01 
 2.13400000e-08 -4.33726807e-01 
 2.13600000e-08 -4.34476021e-01 
 2.13800000e-08 -4.35162943e-01 
 2.14000000e-08 -4.35787605e-01 
 2.14200000e-08 -4.36350042e-01 
 2.14400000e-08 -4.36850286e-01 
 2.14600000e-08 -4.37288371e-01 
 2.14800000e-08 -4.37664329e-01 
 2.15000000e-08 -4.37978193e-01 
 2.15200000e-08 -4.38229993e-01 
 2.15400000e-08 -4.38419758e-01 
 2.15600000e-08 -4.38547517e-01 
 2.15800000e-08 -4.38613296e-01 
 2.16000000e-08 -4.38617117e-01 
 2.16200000e-08 -4.38559001e-01 
 2.16400000e-08 -4.38438969e-01 
 2.16600000e-08 -4.38257034e-01 
 2.16800000e-08 -4.38013209e-01 
 2.17000000e-08 -4.37707505e-01 
 2.17200000e-08 -4.37339926e-01 
 2.17400000e-08 -4.36910476e-01 
 2.17600000e-08 -4.36419154e-01 
 2.17800000e-08 -4.35865955e-01 
 2.18000000e-08 -4.35250871e-01 
 2.18200000e-08 -4.34573890e-01 
 2.18400000e-08 -4.33834997e-01 
 2.18600000e-08 -4.33034173e-01 
 2.18800000e-08 -4.32171396e-01 
 2.19000000e-08 -4.31246640e-01 
 2.19200000e-08 -4.30259876e-01 
 2.19400000e-08 -4.29211072e-01 
 2.19600000e-08 -4.28100193e-01 
 2.19800000e-08 -4.26927202e-01 
 2.20000000e-08 -4.25692064e-01 
 2.20200000e-08 -4.24394734e-01 
 2.20400000e-08 -4.23035163e-01 
 2.20600000e-08 -4.21613310e-01 
 2.20800000e-08 -4.20129132e-01 
 2.21000000e-08 -4.18582583e-01 
 2.21200000e-08 -4.16973619e-01 
 2.21400000e-08 -4.15302195e-01 
 2.21600000e-08 -4.13568269e-01 
 2.21800000e-08 -4.11771801e-01 
 2.22000000e-08 -4.09912752e-01 
 2.22200000e-08 -4.07991089e-01 
 2.22400000e-08 -4.06006781e-01 
 2.22600000e-08 -4.03959804e-01 
 2.22800000e-08 -4.01850138e-01 
 2.23000000e-08 -3.99677770e-01 
 2.23200000e-08 -3.97442697e-01 
 2.23400000e-08 -3.95144921e-01 
 2.23600000e-08 -3.92784454e-01 
 2.23800000e-08 -3.90361320e-01 
 2.24000000e-08 -3.87875553e-01 
 2.24200000e-08 -3.85327198e-01 
 2.24400000e-08 -3.82716315e-01 
 2.24600000e-08 -3.80042976e-01 
 2.24800000e-08 -3.77307270e-01 
 2.25000000e-08 -3.74509299e-01 
 2.25200000e-08 -3.71649183e-01 
 2.25400000e-08 -3.68727060e-01 
 2.25600000e-08 -3.65743086e-01 
 2.25800000e-08 -3.62697434e-01 
 2.26000000e-08 -3.59590299e-01 
 2.26200000e-08 -3.56421896e-01 
 2.26400000e-08 -3.53192461e-01 
 2.26600000e-08 -3.49902252e-01 
 2.26800000e-08 -3.46551548e-01 
 2.27000000e-08 -3.43140653e-01 
 2.27200000e-08 -3.39669891e-01 
 2.27400000e-08 -3.36139613e-01 
 2.27600000e-08 -3.32550191e-01 
 2.27800000e-08 -3.28902023e-01 
 2.28000000e-08 -3.25195529e-01 
 2.28200000e-08 -3.21431157e-01 
 2.28400000e-08 -3.17609375e-01 
 2.28600000e-08 -3.13730677e-01 
 2.28800000e-08 -3.09795582e-01 
 2.29000000e-08 -3.05804633e-01 
 2.29200000e-08 -3.01758394e-01 
 2.29400000e-08 -2.97657456e-01 
 2.29600000e-08 -2.93502430e-01 
 2.29800000e-08 -2.89293952e-01 
 2.30000000e-08 -2.85032680e-01 
 2.30200000e-08 -2.80719292e-01 
 2.30400000e-08 -2.76354489e-01 
 2.30600000e-08 -2.71938992e-01 
 2.30800000e-08 -2.67473543e-01 
 2.31000000e-08 -2.62958902e-01 
 2.31200000e-08 -2.58395850e-01 
 2.31400000e-08 -2.53785185e-01 
 2.31600000e-08 -2.49127722e-01 
 2.31800000e-08 -2.44424295e-01 
 2.32000000e-08 -2.39675753e-01 
 2.32200000e-08 -2.34882961e-01 
 2.32400000e-08 -2.30046800e-01 
 2.32600000e-08 -2.25168165e-01 
 2.32800000e-08 -2.20247962e-01 
 2.33000000e-08 -2.15287115e-01 
 2.33200000e-08 -2.10286558e-01 
 2.33400000e-08 -2.05247236e-01 
 2.33600000e-08 -2.00170107e-01 
 2.33800000e-08 -1.95056140e-01 
 2.34000000e-08 -1.89906312e-01 
 2.34200000e-08 -1.84721611e-01 
 2.34400000e-08 -1.79503036e-01 
 2.34600000e-08 -1.74251590e-01 
 2.34800000e-08 -1.68968289e-01 
 2.35000000e-08 -1.63654152e-01 
 2.35200000e-08 -1.58310209e-01 
 2.35400000e-08 -1.52937493e-01 
 2.35600000e-08 -1.47537047e-01 
 2.35800000e-08 -1.42109916e-01 
 2.36000000e-08 -1.36657153e-01 
 2.36200000e-08 -1.31179814e-01 
 2.36400000e-08 -1.25678960e-01 
 2.36600000e-08 -1.20155656e-01 
 2.36800000e-08 -1.14610972e-01 
 2.37000000e-08 -1.09045980e-01 
 2.37200000e-08 -1.03461754e-01 
 2.37400000e-08 -9.78593729e-02 
 2.37600000e-08 -9.22399157e-02 
 2.37800000e-08 -8.66044646e-02 
 2.38000000e-08 -8.09541030e-02 
 2.38200000e-08 -7.52899155e-02 
 2.38400000e-08 -6.96129876e-02 
 2.38600000e-08 -6.39244055e-02 
 2.38800000e-08 -5.82252558e-02 
 2.39000000e-08 -5.25166250e-02 
 2.39200000e-08 -4.67995994e-02 
 2.39400000e-08 -4.10752647e-02 
 2.39600000e-08 -3.53447058e-02 
 2.39800000e-08 -2.96090065e-02 
 2.40000000e-08 -2.38692491e-02 
 2.40200000e-08 -1.81265144e-02 
 2.40400000e-08 -1.23818811e-02 
 2.40600000e-08 -6.63642602e-03 
 2.40800000e-08 -8.91223210e-04 
 2.41000000e-08  4.85265581e-03 
 2.41200000e-08  1.05941425e-02 
 2.41400000e-08  1.63321715e-02 
 2.41600000e-08  2.20656809e-02 
 2.41800000e-08  2.77936124e-02 
 2.42000000e-08  3.35149118e-02 
 2.42200000e-08  3.92285289e-02 
 2.42400000e-08  4.49334178e-02 
 2.42600000e-08  5.06285374e-02 
 2.42800000e-08  5.63128514e-02 
 2.43000000e-08  6.19853284e-02 
 2.43200000e-08  6.76449426e-02 
 2.43400000e-08  7.32906733e-02 
 2.43600000e-08  7.89215058e-02 
 2.43800000e-08  8.45364312e-02 
 2.44000000e-08  9.01344469e-02 
 2.44200000e-08  9.57145564e-02 
 2.44400000e-08  1.01275770e-01 
 2.44600000e-08  1.06817104e-01 
 2.44800000e-08  1.12337583e-01 
 2.45000000e-08  1.17836238e-01 
 2.45200000e-08  1.23312108e-01 
 2.45400000e-08  1.28764237e-01 
 2.45600000e-08  1.34191680e-01 
 2.45800000e-08  1.39593499e-01 
 2.46000000e-08  1.44968763e-01 
 2.46200000e-08  1.50316550e-01 
 2.46400000e-08  1.55635946e-01 
 2.46600000e-08  1.60926048e-01 
 2.46800000e-08  1.66185959e-01 
 2.47000000e-08  1.71414792e-01 
 2.47200000e-08  1.76611669e-01 
 2.47400000e-08  1.81775723e-01 
 2.47600000e-08  1.86906095e-01 
 2.47800000e-08  1.92001935e-01 
 2.48000000e-08  1.97062406e-01 
 2.48200000e-08  2.02086679e-01 
 2.48400000e-08  2.07073935e-01 
 2.48600000e-08  2.12023366e-01 
 2.48800000e-08  2.16934176e-01 
 2.49000000e-08  2.21805578e-01 
 2.49200000e-08  2.26636796e-01 
 2.49400000e-08  2.31427068e-01 
 2.49600000e-08  2.36175640e-01 
 2.49800000e-08  2.40881772e-01 
 2.50000000e-08  2.45544734e-01 
 2.50200000e-08  2.50163809e-01 
 2.50400000e-08  2.54738292e-01 
 2.50600000e-08  2.59267491e-01 
 2.50800000e-08  2.63750725e-01 
 2.51000000e-08  2.68187326e-01 
 2.51200000e-08  2.72576639e-01 
 2.51400000e-08  2.76918023e-01 
 2.51600000e-08  2.81210849e-01 
 2.51800000e-08  2.85454502e-01 
 2.52000000e-08  2.89648380e-01 
 2.52200000e-08  2.93791894e-01 
 2.52400000e-08  2.97884470e-01 
 2.52600000e-08  3.01925547e-01 
 2.52800000e-08  3.05914579e-01 
 2.53000000e-08  3.09851033e-01 
 2.53200000e-08  3.13734391e-01 
 2.53400000e-08  3.17564149e-01 
 2.53600000e-08  3.21339819e-01 
 2.53800000e-08  3.25060925e-01 
 2.54000000e-08  3.28727008e-01 
 2.54200000e-08  3.32337622e-01 
 2.54400000e-08  3.35892336e-01 
 2.54600000e-08  3.39390735e-01 
 2.54800000e-08  3.42832419e-01 
 2.55000000e-08  3.46217000e-01 
 2.55200000e-08  3.49544108e-01 
 2.55400000e-08  3.52813387e-01 
 2.55600000e-08  3.56024494e-01 
 2.55800000e-08  3.59177103e-01 
 2.56000000e-08  3.62270902e-01 
 2.56200000e-08  3.65305592e-01 
 2.56400000e-08  3.68280891e-01 
 2.56600000e-08  3.71196529e-01 
 2.56800000e-08  3.74052252e-01 
 2.57000000e-08  3.76847817e-01 
 2.57200000e-08  3.79582999e-01 
 2.57400000e-08  3.82257584e-01 
 2.57600000e-08  3.84871370e-01 
 2.57800000e-08  3.87424171e-01 
 2.58000000e-08  3.89915813e-01 
 2.58200000e-08  3.92346132e-01 
 2.58400000e-08  3.94714980e-01 
 2.58600000e-08  3.97022218e-01 
 2.58800000e-08  3.99267721e-01 
 2.59000000e-08  4.01451373e-01 
 2.59200000e-08  4.03573069e-01 
 2.59400000e-08  4.05632717e-01 
 2.59600000e-08  4.07630232e-01 
 2.59800000e-08  4.09565541e-01 
 2.60000000e-08  4.11438580e-01 
 2.60200000e-08  4.13249291e-01 
 2.60400000e-08  4.14997629e-01 
 2.60600000e-08  4.16683555e-01 
 2.60800000e-08  4.18307036e-01 
 2.61000000e-08  4.19868049e-01 
 2.61200000e-08  4.21366576e-01 
 2.61400000e-08  4.22802606e-01 
 2.61600000e-08  4.24176134e-01 
 2.61800000e-08  4.25487160e-01 
 2.62000000e-08  4.26735690e-01 
 2.62200000e-08  4.27921733e-01 
 2.62400000e-08  4.29045304e-01 
 2.62600000e-08  4.30106421e-01 
 2.62800000e-08  4.31105104e-01 
 2.63000000e-08  4.32041378e-01 
 2.63200000e-08  4.32915270e-01 
 2.63400000e-08  4.33726807e-01 
 2.63600000e-08  4.34476021e-01 
 2.63800000e-08  4.35162943e-01 
 2.64000000e-08  4.35787606e-01 
 2.64200000e-08  4.36350042e-01 
 2.64400000e-08  4.36850287e-01 
 2.64600000e-08  4.37288371e-01 
 2.64800000e-08  4.37664330e-01 
 2.65000000e-08  4.37978193e-01 
 2.65200000e-08  4.38229993e-01 
 2.65400000e-08  4.38419759e-01 
 2.65600000e-08  4.38547518e-01 
 2.65800000e-08  4.38613296e-01 
 2.66000000e-08  4.38617117e-01 
 2.66200000e-08  4.38559001e-01 
 2.66400000e-08  4.38438969e-01 
 2.66600000e-08  4.38257034e-01 
 2.66800000e-08  4.38013209e-01 
 2.67000000e-08  4.37707505e-01 
 2.67200000e-08  4.37339926e-01 
 2.67400000e-08  4.36910477e-01 
 2.67600000e-08  4.36419154e-01 
 2.67800000e-08  4.35865955e-01 
 2.68000000e-08  4.35250871e-01 
 2.68200000e-08  4.34573890e-01 
 2.68400000e-08  4.33834997e-01 
 2.68600000e-08  4.33034173e-01 
 2.68800000e-08  4.32171396e-01 
 2.69000000e-08  4.31246640e-01 
 2.69200000e-08  4.30259876e-01 
 2.69400000e-08  4.29211072e-01 
 2.69600000e-08  4.28100193e-01 
 2.69800000e-08  4.26927202e-01 
 2.70000000e-08  4.25692064e-01 
 2.70200000e-08  4.24394734e-01 
 2.70400000e-08  4.23035163e-01 
 2.70600000e-08  4.21613310e-01 
 2.70800000e-08  4.20129132e-01 
 2.71000000e-08  4.18582583e-01 
 2.71200000e-08  4.16973619e-01 
 2.71400000e-08  4.15302195e-01 
 2.71600000e-08  4.13568269e-01 
 2.71800000e-08  4.11771801e-01 
 2.72000000e-08  4.09912752e-01 
 2.72200000e-08  4.07991089e-01 
 2.72400000e-08  4.06006781e-01 
 2.72600000e-08  4.03959804e-01 
 2.72800000e-08  4.01850138e-01 
 2.73000000e-08  3.99677771e-01 
 2.73200000e-08  3.97442697e-01 
 2.73400000e-08  3.95144921e-01 
 2.73600000e-08  3.92784454e-01 
 2.73800000e-08  3.90361320e-01 
 2.74000000e-08  3.87875553e-01 
 2.74200000e-08  3.85327198e-01 
 2.74400000e-08  3.82716315e-01 
 2.74600000e-08  3.80042977e-01 
 2.74800000e-08  3.77307270e-01 
 2.75000000e-08  3.74509299e-01 
 2.75200000e-08  3.71649183e-01 
 2.75400000e-08  3.68727060e-01 
 2.75600000e-08  3.65743086e-01 
 2.75800000e-08  3.62697434e-01 
 2.76000000e-08  3.59590299e-01 
 2.76200000e-08  3.56421896e-01 
 2.76400000e-08  3.53192461e-01 
 2.76600000e-08  3.49902252e-01 
 2.76800000e-08  3.46551548e-01 
 2.77000000e-08  3.43140653e-01 
 2.77200000e-08  3.39669891e-01 
 2.77400000e-08  3.36139613e-01 
 2.77600000e-08  3.32550191e-01 
 2.77800000e-08  3.28902023e-01 
 2.78000000e-08  3.25195530e-01 
 2.78200000e-08  3.21431157e-01 
 2.78400000e-08  3.17609375e-01 
 2.78600000e-08  3.13730677e-01 
 2.78800000e-08  3.09795582e-01 
 2.79000000e-08  3.05804633e-01 
 2.79200000e-08  3.01758394e-01 
 2.79400000e-08  2.97657456e-01 
 2.79600000e-08  2.93502430e-01 
 2.79800000e-08  2.89293952e-01 
 2.80000000e-08  2.85032680e-01 
 2.80200000e-08  2.80719292e-01 
 2.80400000e-08  2.76354489e-01 
 2.80600000e-08  2.71938992e-01 
 2.80800000e-08  2.67473543e-01 
 2.81000000e-08  2.62958902e-01 
 2.81200000e-08  2.58395850e-01 
 2.81400000e-08  2.53785185e-01 
 2.81600000e-08  2.49127722e-01 
 2.81800000e-08  2.44424295e-01 
 2.82000000e-08  2.39675753e-01 
 2.82200000e-08  2.34882962e-01 
 2.82400000e-08  2.30046800e-01 
 2.82600000e-08  2.25168165e-01 
 2.82800000e-08  2.20247962e-01 
 2.83000000e-08  2.15287115e-01 
 2.83200000e-08  2.10286558e-01 
 2.83400000e-08  2.05247236e-01 
 2.83600000e-08  2.00170107e-01 
 2.83800000e-08  1.95056140e-01 
 2.84000000e-08  1.89906312e-01 
 2.84200000e-08  1.84721611e-01 
 2.84400000e-08  1.79503036e-01 
 2.84600000e-08  1.74251590e-01 
 2.84800000e-08  1.68968289e-01 
 2.85000000e-08  1.63654152e-01 
 2.85200000e-08  1.58310209e-01 
 2.85400000e-08  1.52937493e-01 
 2.85600000e-08  1.47537047e-01 
 2.85800000e-08  1.42109916e-01 
 2.86000000e-08  1.36657153e-01 
 2.86200000e-08  1.31179814e-01 
 2.86400000e-08  1.25678960e-01 
 2.86600000e-08  1.20155656e-01 
 2.86800000e-08  1.14610972e-01 
 2.87000000e-08  1.09045980e-01 
 2.87200000e-08  1.03461754e-01 
 2.87400000e-08  9.78593729e-02 
 2.87600000e-08  9.22399157e-02 
 2.87800000e-08  8.66044646e-02 
 2.88000000e-08  8.09541030e-02 
 2.88200000e-08  7.52899155e-02 
 2.88400000e-08  6.96129876e-02 
 2.88600000e-08  6.39244055e-02 
 2.88800000e-08  5.82252558e-02 
 2.89000000e-08  5.25166250e-02 
 2.89200000e-08  4.67995994e-02 
 2.89400000e-08  4.10752647e-02 
 2.89600000e-08  3.53447058e-02 
 2.89800000e-08  2.96090065e-02 
 2.90000000e-08  2.38692491e-02 
 2.90200000e-08  1.81265144e-02 
 2.90400000e-08  1.23818811e-02 
 2.90600000e-08  6.63642604e-03 
 2.90800000e-08  8.91223221e-04 
 2.91000000e-08 -4.85265580e-03 
 2.91200000e-08 -1.05941425e-02 
 2.91400000e-08 -1.63321715e-02 
 2.91600000e-08 -2.20656809e-02 
 2.91800000e-08 -2.77936124e-02 
 2.92000000e-08 -3.35149118e-02 
 2.92200000e-08 -3.92285288e-02 
 2.92400000e-08 -4.49334178e-02 
 2.92600000e-08 -5.06285374e-02 
 2.92800000e-08 -5.63128514e-02 
 2.93000000e-08 -6.19853284e-02 
 2.93200000e-08 -6.76449426e-02 
 2.93400000e-08 -7.32906733e-02 
 2.93600000e-08 -7.89215058e-02 
 2.93800000e-08 -8.45364312e-02 
 2.94000000e-08 -9.01344469e-02 
 2.94200000e-08 -9.57145564e-02 
 2.94400000e-08 -1.01275770e-01 
 2.94600000e-08 -1.06817104e-01 
 2.94800000e-08 -1.12337583e-01 
 2.95000000e-08 -1.17836238e-01 
 2.95200000e-08 -1.23312108e-01 
 2.95400000e-08 -1.28764237e-01 
 2.95600000e-08 -1.34191680e-01 
 2.95800000e-08 -1.39593499e-01 
 2.96000000e-08 -1.44968763e-01 
 2.96200000e-08 -1.50316550e-01 
 2.96400000e-08 -1.55635946e-01 
 2.96600000e-08 -1.60926048e-01 
 2.96800000e-08 -1.66185959e-01 
 2.97000000e-08 -1.71414792e-01 
 2.97200000e-08 -1.76611669e-01 
 2.97400000e-08 -1.81775723e-01 
 2.97600000e-08 -1.86906095e-01 
 2.97800000e-08 -1.92001935e-01 
 2.98000000e-08 -1.97062406e-01 
 2.98200000e-08 -2.02086679e-01 
 2.98400000e-08 -2.07073935e-01 
 2.98600000e-08 -2.12023366e-01 
 2.98800000e-08 -2.16934176e-01 
 2.99000000e-08 -2.21805578e-01 
 2.99200000e-08 -2.26636796e-01 
 2.99400000e-08 -2.31427068e-01 
 2.99600000e-08 -2.36175640e-01 
 2.99800000e-08 -2.40881772e-01 
 3.00000000e-08 -2.45544734e-01 
 3.00200000e-08 -2.50163809e-01 
 3.00400000e-08 -2.54738292e-01 
 3.00600000e-08 -2.59267491e-01 
 3.00800000e-08 -2.63750725e-01 
 3.01000000e-08 -2.68187326e-01 
 3.01200000e-08 -2.72576639e-01 
 3.01400000e-08 -2.76918023e-01 
 3.01600000e-08 -2.81210849e-01 
 3.01800000e-08 -2.85454502e-01 
 3.02000000e-08 -2.89648380e-01 
 3.02200000e-08 -2.93791894e-01 
 3.02400000e-08 -2.97884470e-01 
 3.02600000e-08 -3.01925547e-01 
 3.02800000e-08 -3.05914579e-01 
 3.03000000e-08 -3.09851033e-01 
 3.03200000e-08 -3.13734391e-01 
 3.03400000e-08 -3.17564149e-01 
 3.03600000e-08 -3.21339819e-01 
 3.03800000e-08 -3.25060925e-01 
 3.04000000e-08 -3.28727008e-01 
 3.04200000e-08 -3.32337622e-01 
 3.04400000e-08 -3.35892336e-01 
 3.04600000e-08 -3.39390735e-01 
 3.04800000e-08 -3.42832419e-01 
 3.05000000e-08 -3.46217000e-01 
 3.05200000e-08 -3.49544108e-01 
 3.05400000e-08 -3.52813387e-01 
 3.05600000e-08 -3.56024494e-01 
 3.05800000e-08 -3.59177103e-01 
 3.06000000e-08 -3.62270902e-01 
 3.06200000e-08 -3.65305592e-01 
 3.06400000e-08 -3.68280891e-01 
 3.06600000e-08 -3.71196529e-01 
 3.06800000e-08 -3.74052252e-01 
 3.07000000e-08 -3.76847817e-01 
 3.07200000e-08 -3.79582999e-01 
 3.07400000e-08 -3.82257584e-01 
 3.07600000e-08 -3.84871370e-01 
 3.07800000e-08 -3.87424171e-01 
 3.08000000e-08 -3.89915813e-01 
 3.08200000e-08 -3.92346132e-01 
 3.08400000e-08 -3.94714980e-01 
 3.08600000e-08 -3.97022218e-01 
 3.08800000e-08 -3.99267721e-01 
 3.09000000e-08 -4.01451373e-01 
 3.09200000e-08 -4.03573069e-01 
 3.09400000e-08 -4.05632717e-01 
 3.09600000e-08 -4.07630232e-01 
 3.09800000e-08 -4.09565541e-01 
 3.10000000e-08 -4.11438580e-01 
 3.10200000e-08 -4.13249291e-01 
 3.10400000e-08 -4.14997629e-01 
 3.10600000e-08 -4.16683555e-01 
 3.10800000e-08 -4.18307036e-01 
 3.11000000e-08 -4.19868049e-01 
 3.11200000e-08 -4.21366576e-01 
 3.11400000e-08 -4.22802606e-01 
 3.11600000e-08 -4.24176134e-01 
 3.11800000e-08 -4.25487160e-01 
 3.12000000e-08 -4.26735690e-01 
 3.12200000e-08 -4.27921733e-01 
 3.12400000e-08 -4.29045304e-01 
 3.12600000e-08 -4.30106421e-01 
 3.12800000e-08 -4.31105104e-01 
 3.13000000e-08 -4.32041378e-01 
 3.13200000e-08 -4.32915270e-01 
 3.13400000e-08 -4.33726807e-01 
 3.13600000e-08 -4.34476021e-01 
 3.13800000e-08 -4.35162943e-01 
 3.14000000e-08 -4.35787606e-01 
 3.14200000e-08 -4.36350042e-01 
 3.14400000e-08 -4.36850287e-01 
 3.14600000e-08 -4.37288371e-01 
 3.14800000e-08 -4.37664330e-01 
 3.15000000e-08 -4.37978193e-01 
 3.15200000e-08 -4.38229993e-01 
 3.15400000e-08 -4.38419759e-01 
 3.15600000e-08 -4.38547518e-01 
 3.15800000e-08 -4.38613296e-01 
 3.16000000e-08 -4.38617117e-01 
 3.16200000e-08 -4.38559001e-01 
 3.16400000e-08 -4.38438969e-01 
 3.16600000e-08 -4.38257034e-01 
 3.16800000e-08 -4.38013209e-01 
 3.17000000e-08 -4.37707505e-01 
 3.17200000e-08 -4.37339926e-01 
 3.17400000e-08 -4.36910477e-01 
 3.17600000e-08 -4.36419154e-01 
 3.17800000e-08 -4.35865955e-01 
 3.18000000e-08 -4.35250871e-01 
 3.18200000e-08 -4.34573890e-01 
 3.18400000e-08 -4.33834997e-01 
 3.18600000e-08 -4.33034173e-01 
 3.18800000e-08 -4.32171396e-01 
 3.19000000e-08 -4.31246640e-01 
 3.19200000e-08 -4.30259876e-01 
 3.19400000e-08 -4.29211072e-01 
 3.19600000e-08 -4.28100193e-01 
 3.19800000e-08 -4.26927202e-01 
 3.20000000e-08 -4.25692064e-01 
 3.20200000e-08 -4.24394734e-01 
 3.20400000e-08 -4.23035163e-01 
 3.20600000e-08 -4.21613310e-01 
 3.20800000e-08 -4.20129132e-01 
 3.21000000e-08 -4.18582583e-01 
 3.21200000e-08 -4.16973619e-01 
 3.21400000e-08 -4.15302195e-01 
 3.21600000e-08 -4.13568269e-01 
 3.21800000e-08 -4.11771801e-01 
 3.22000000e-08 -4.09912752e-01 
 3.22200000e-08 -4.07991089e-01 
 3.22400000e-08 -4.06006781e-01 
 3.22600000e-08 -4.03959804e-01 
 3.22800000e-08 -4.01850138e-01 
 3.23000000e-08 -3.99677771e-01 
 3.23200000e-08 -3.97442697e-01 
 3.23400000e-08 -3.95144921e-01 
 3.23600000e-08 -3.92784454e-01 
 3.23800000e-08 -3.90361320e-01 
 3.24000000e-08 -3.87875553e-01 
 3.24200000e-08 -3.85327198e-01 
 3.24400000e-08 -3.82716315e-01 
 3.24600000e-08 -3.80042977e-01 
 3.24800000e-08 -3.77307270e-01 
 3.25000000e-08 -3.74509299e-01 
 3.25200000e-08 -3.71649183e-01 
 3.25400000e-08 -3.68727060e-01 
 3.25600000e-08 -3.65743086e-01 
 3.25800000e-08 -3.62697434e-01 
 3.26000000e-08 -3.59590299e-01 
 3.26200000e-08 -3.56421896e-01 
 3.26400000e-08 -3.53192461e-01 
 3.26600000e-08 -3.49902252e-01 
 3.26800000e-08 -3.46551548e-01 
 3.27000000e-08 -3.43140653e-01 
 3.27200000e-08 -3.39669891e-01 
 3.27400000e-08 -3.36139613e-01 
 3.27600000e-08 -3.32550191e-01 
 3.27800000e-08 -3.28902023e-01 
 3.28000000e-08 -3.25195530e-01 
 3.28200000e-08 -3.21431157e-01 
 3.28400000e-08 -3.17609375e-01 
 3.28600000e-08 -3.13730677e-01 
 3.28800000e-08 -3.09795582e-01 
 3.29000000e-08 -3.05804633e-01 
 3.29200000e-08 -3.01758394e-01 
 3.29400000e-08 -2.97657456e-01 
 3.29600000e-08 -2.93502430e-01 
 3.29800000e-08 -2.89293952e-01 
 3.30000000e-08 -2.85032680e-01 
 3.30200000e-08 -2.80719292e-01 
 3.30400000e-08 -2.76354489e-01 
 3.30600000e-08 -2.71938992e-01 
 3.30800000e-08 -2.67473543e-01 
 3.31000000e-08 -2.62958902e-01 
 3.31200000e-08 -2.58395850e-01 
 3.31400000e-08 -2.53785185e-01 
 3.31600000e-08 -2.49127722e-01 
 3.31800000e-08 -2.44424295e-01 
 3.32000000e-08 -2.39675753e-01 
 3.32200000e-08 -2.34882962e-01 
 3.32400000e-08 -2.30046800e-01 
 3.32600000e-08 -2.25168165e-01 
 3.32800000e-08 -2.20247962e-01 
 3.33000000e-08 -2.15287115e-01 
 3.33200000e-08 -2.10286558e-01 
 3.33400000e-08 -2.05247236e-01 
 3.33600000e-08 -2.00170107e-01 
 3.33800000e-08 -1.95056140e-01 
 3.34000000e-08 -1.89906312e-01 
 3.34200000e-08 -1.84721611e-01 
 3.34400000e-08 -1.79503036e-01 
 3.34600000e-08 -1.74251590e-01 
 3.34800000e-08 -1.68968289e-01 
 3.35000000e-08 -1.63654152e-01 
 3.35200000e-08 -1.58310209e-01 
 3.35400000e-08 -1.52937493e-01 
 3.35600000e-08 -1.47537047e-01 
 3.35800000e-08 -1.42109916e-01 
 3.36000000e-08 -1.36657153e-01 
 3.36200000e-08 -1.31179814e-01 
 3.36400000e-08 -1.25678960e-01 
 3.36600000e-08 -1.20155656e-01 
 3.36800000e-08 -1.14610972e-01 
 3.37000000e-08 -1.09045980e-01 
 3.37200000e-08 -1.03461754e-01 
 3.37400000e-08 -9.78593729e-02 
 3.37600000e-08 -9.22399157e-02 
 3.37800000e-08 -8.66044646e-02 
 3.38000000e-08 -8.09541030e-02 
 3.38200000e-08 -7.52899155e-02 
 3.38400000e-08 -6.96129876e-02 
 3.38600000e-08 -6.39244055e-02 
 3.38800000e-08 -5.82252558e-02 
 3.39000000e-08 -5.25166250e-02 
 3.39200000e-08 -4.67995994e-02 
 3.39400000e-08 -4.10752647e-02 
 3.39600000e-08 -3.53447058e-02 
 3.39800000e-08 -2.96090065e-02 
 3.40000000e-08 -2.38692491e-02 
 3.40200000e-08 -1.81265144e-02 
 3.40400000e-08 -1.23818811e-02 
 3.40600000e-08 -6.63642603e-03 
 3.40800000e-08 -8.91223221e-04 
 3.41000000e-08  4.85265580e-03 
 3.41200000e-08  1.05941425e-02 
 3.41400000e-08  1.63321715e-02 
 3.41600000e-08  2.20656809e-02 
 3.41800000e-08  2.77936124e-02 
 3.42000000e-08  3.35149118e-02 
 3.42200000e-08  3.92285288e-02 
 3.42400000e-08  4.49334178e-02 
 3.42600000e-08  5.06285374e-02 
 3.42800000e-08  5.63128514e-02 
 3.43000000e-08  6.19853284e-02 
 3.43200000e-08  6.76449426e-02 
 3.43400000e-08  7.32906733e-02 
 3.43600000e-08  7.89215058e-02 
 3.43800000e-08  8.45364312e-02 
 3.44000000e-08  9.01344469e-02 
 3.44200000e-08  9.57145564e-02 
 3.44400000e-08  1.01275770e-01 
 3.44600000e-08  1.06817104e-01 
 3.44800000e-08  1.12337583e-01 
 3.45000000e-08  1.17836238e-01 
 3.45200000e-08  1.23312108e-01 
 3.45400000e-08  1.28764237e-01 
 3.45600000e-08  1.34191680e-01 
 3.45800000e-08  1.39593499e-01 
 3.46000000e-08  1.44968763e-01 
 3.46200000e-08  1.50316550e-01 
 3.46400000e-08  1.55635946e-01 
 3.46600000e-08  1.60926048e-01 
 3.46800000e-08  1.66185959e-01 
 3.47000000e-08  1.71414792e-01 
 3.47200000e-08  1.76611669e-01 
 3.47400000e-08  1.81775723e-01 
 3.47600000e-08  1.86906095e-01 
 3.47800000e-08  1.92001935e-01 
 3.48000000e-08  1.97062406e-01 
 3.48200000e-08  2.02086679e-01 
 3.48400000e-08  2.07073935e-01 
 3.48600000e-08  2.12023366e-01 
 3.48800000e-08  2.16934176e-01 
 3.49000000e-08  2.21805578e-01 
 3.49200000e-08  2.26636796e-01 
 3.49400000e-08  2.31427068e-01 
 3.49600000e-08  2.36175640e-01 
 3.49800000e-08  2.40881772e-01 
 3.50000000e-08  2.45544734e-01 
 3.50200000e-08  2.50163809e-01 
 3.50400000e-08  2.54738292e-01 
 3.50600000e-08  2.59267491e-01 
 3.50800000e-08  2.63750725e-01 
 3.51000000e-08  2.68187326e-01 
 3.51200000e-08  2.72576639e-01 
 3.51400000e-08  2.76918023e-01 
 3.51600000e-08  2.81210849e-01 
 3.51800000e-08  2.85454502e-01 
 3.52000000e-08  2.89648380e-01 
 3.52200000e-08  2.93791894e-01 
 3.52400000e-08  2.97884470e-01 
 3.52600000e-08  3.01925547e-01 
 3.52800000e-08  3.05914579e-01 
 3.53000000e-08  3.09851033e-01 
 3.53200000e-08  3.13734391e-01 
 3.53400000e-08  3.17564149e-01 
 3.53600000e-08  3.21339819e-01 
 3.53800000e-08  3.25060925e-01 
 3.54000000e-08  3.28727008e-01 
 3.54200000e-08  3.32337622e-01 
 3.54400000e-08  3.35892336e-01 
 3.54600000e-08  3.39390735e-01 
 3.54800000e-08  3.42832419e-01 
 3.55000000e-08  3.46217000e-01 
 3.55200000e-08  3.49544108e-01 
 3.55400000e-08  3.52813387e-01 
 3.55600000e-08  3.56024494e-01 
 3.55800000e-08  3.59177103e-01 
 3.56000000e-08  3.62270902e-01 
 3.56200000e-08  3.65305592e-01 
 3.56400000e-08  3.68280891e-01 
 3.56600000e-08  3.71196529e-01 
 3.56800000e-08  3.74052252e-01 
 3.57000000e-08  3.76847817e-01 
 3.57200000e-08  3.79582999e-01 
 3.57400000e-08  3.82257584e-01 
 3.57600000e-08  3.84871370e-01 
 3.57800000e-08  3.87424171e-01 
 3.58000000e-08  3.89915813e-01 
 3.58200000e-08  3.92346132e-01 
 3.58400000e-08  3.94714980e-01 
 3.58600000e-08  3.97022218e-01 
 3.58800000e-08  3.99267721e-01 
 3.59000000e-08  4.01451373e-01 
 3.59200000e-08  4.03573069e-01 
 3.59400000e-08  4.05632717e-01 
 3.59600000e-08  4.07630232e-01 
 3.59800000e-08  4.09565541e-01 
 3.60000000e-08  4.11438580e-01 
 3.60200000e-08  4.13249291e-01 
 3.60400000e-08  4.14997629e-01 
 3.60600000e-08  4.16683555e-01 
 3.60800000e-08  4.18307036e-01 
 3.61000000e-08  4.19868049e-01 
 3.61200000e-08  4.21366576e-01 
 3.61400000e-08  4.22802606e-01 
 3.61600000e-08  4.24176134e-01 
 3.61800000e-08  4.25487160e-01 
 3.62000000e-08  4.26735690e-01 
 3.62200000e-08  4.27921733e-01 
 3.62400000e-08  4.29045304e-01 
 3.62600000e-08  4.30106421e-01 
 3.62800000e-08  4.31105104e-01 
 3.63000000e-08  4.32041378e-01 
 3.63200000e-08  4.32915270e-01 
 3.63400000e-08  4.33726807e-01 
 3.63600000e-08  4.34476021e-01 
 3.63800000e-08  4.35162943e-01 
 3.64000000e-08  4.35787606e-01 
 3.64200000e-08  4.36350042e-01 
 3.64400000e-08  4.36850287e-01 
 3.64600000e-08  4.37288371e-01 
 3.64800000e-08  4.37664330e-01 
 3.65000000e-08  4.37978193e-01 
 3.65200000e-08  4.38229993e-01 
 3.65400000e-08  4.38419759e-01 
 3.65600000e-08  4.38547518e-01 
 3.65800000e-08  4.38613296e-01 
 3.66000000e-08  4.38617117e-01 
 3.66200000e-08  4.38559001e-01 
 3.66400000e-08  4.38438969e-01 
 3.66600000e-08  4.38257034e-01 
 3.66800000e-08  4.38013209e-01 
 3.67000000e-08  4.37707505e-01 
 3.67200000e-08  4.37339926e-01 
 3.67400000e-08  4.36910477e-01 
 3.67600000e-08  4.36419154e-01 
 3.67800000e-08  4.35865955e-01 
 3.68000000e-08  4.35250871e-01 
 3.68200000e-08  4.34573890e-01 
 3.68400000e-08  4.33834997e-01 
 3.68600000e-08  4.33034173e-01 
 3.68800000e-08  4.32171396e-01 
 3.69000000e-08  4.31246640e-01 
 3.69200000e-08  4.30259876e-01 
 3.69400000e-08  4.29211072e-01 
 3.69600000e-08  4.28100193e-01 
 3.69800000e-08  4.26927202e-01 
 3.70000000e-08  4.25692064e-01 
 3.70200000e-08  4.24394734e-01 
 3.70400000e-08  4.23035163e-01 
 3.70600000e-08  4.21613310e-01 
 3.70800000e-08  4.20129132e-01 
 3.71000000e-08  4.18582583e-01 
 3.71200000e-08  4.16973619e-01 
 3.71400000e-08  4.15302195e-01 
 3.71600000e-08  4.13568269e-01 
 3.71800000e-08  4.11771801e-01 
 3.72000000e-08  4.09912752e-01 
 3.72200000e-08  4.07991089e-01 
 3.72400000e-08  4.06006781e-01 
 3.72600000e-08  4.03959804e-01 
 3.72800000e-08  4.01850138e-01 
 3.73000000e-08  3.99677771e-01 
 3.73200000e-08  3.97442697e-01 
 3.73400000e-08  3.95144921e-01 
 3.73600000e-08  3.92784454e-01 
 3.73800000e-08  3.90361320e-01 
 3.74000000e-08  3.87875553e-01 
 3.74200000e-08  3.85327198e-01 
 3.74400000e-08  3.82716315e-01 
 3.74600000e-08  3.80042977e-01 
 3.74800000e-08  3.77307270e-01 
 3.75000000e-08  3.74509299e-01 
 3.75200000e-08  3.71649183e-01 
 3.75400000e-08  3.68727060e-01 
 3.75600000e-08  3.65743086e-01 
 3.75800000e-08  3.62697434e-01 
 3.76000000e-08  3.59590299e-01 
 3.76200000e-08  3.56421896e-01 
 3.76400000e-08  3.53192461e-01 
 3.76600000e-08  3.49902252e-01 
 3.76800000e-08  3.46551548e-01 
 3.77000000e-08  3.43140653e-01 
 3.77200000e-08  3.39669891e-01 
 3.77400000e-08  3.36139613e-01 
 3.77600000e-08  3.32550191e-01 
 3.77800000e-08  3.28902023e-01 
 3.78000000e-08  3.25195530e-01 
 3.78200000e-08  3.21431157e-01 
 3.78400000e-08  3.17609375e-01 
 3.78600000e-08  3.13730677e-01 
 3.78800000e-08  3.09795582e-01 
 3.79000000e-08  3.05804633e-01 
 3.79200000e-08  3.01758394e-01 
 3.79400000e-08  2.97657456e-01 
 3.79600000e-08  2.93502430e-01 
 3.79800000e-08  2.89293952e-01 
 3.80000000e-08  2.85032680e-01 
 3.80200000e-08  2.80719292e-01 
 3.80400000e-08  2.76354489e-01 
 3.80600000e-08  2.71938992e-01 
 3.80800000e-08  2.67473543e-01 
 3.81000000e-08  2.62958902e-01 
 3.81200000e-08  2.58395850e-01 
 3.81400000e-08  2.53785185e-01 
 3.81600000e-08  2.49127722e-01 
 3.81800000e-08  2.44424295e-01 
 3.82000000e-08  2.39675753e-01 
 3.82200000e-08  2.34882962e-01 
 3.82400000e-08  2.30046800e-01 
 3.82600000e-08  2.25168165e-01 
 3.82800000e-08  2.20247962e-01 
 3.83000000e-08  2.15287115e-01 
 3.83200000e-08  2.10286558e-01 
 3.83400000e-08  2.05247236e-01 
 3.83600000e-08  2.00170107e-01 
 3.83800000e-08  1.95056140e-01 
 3.84000000e-08  1.89906312e-01 
 3.84200000e-08  1.84721611e-01 
 3.84400000e-08  1.79503036e-01 
 3.84600000e-08  1.74251590e-01 
 3.84800000e-08  1.68968289e-01 
 3.85000000e-08  1.63654152e-01 
 3.85200000e-08  1.58310209e-01 
 3.85400000e-08  1.52937493e-01 
 3.85600000e-08  1.47537047e-01 
 3.85800000e-08  1.42109916e-01 
 3.86000000e-08  1.36657153e-01 
 3.86200000e-08  1.31179814e-01 
 3.86400000e-08  1.25678960e-01 
 3.86600000e-08  1.20155656e-01 
 3.86800000e-08  1.14610972e-01 
 3.87000000e-08  1.09045980e-01 
 3.87200000e-08  1.03461754e-01 
 3.87400000e-08  9.78593729e-02 
 3.87600000e-08  9.22399157e-02 
 3.87800000e-08  8.66044646e-02 
 3.88000000e-08  8.09541030e-02 
 3.88200000e-08  7.52899155e-02 
 3.88400000e-08  6.96129876e-02 
 3.88600000e-08  6.39244055e-02 
 3.88800000e-08  5.82252558e-02 
 3.89000000e-08  5.25166250e-02 
 3.89200000e-08  4.67995994e-02 
 3.89400000e-08  4.10752647e-02 
 3.89600000e-08  3.53447058e-02 
 3.89800000e-08  2.96090065e-02 
 3.90000000e-08  2.38692491e-02 
 3.90200000e-08  1.81265144e-02 
 3.90400000e-08  1.23818811e-02 
 3.90600000e-08  6.63642603e-03 
 3.90800000e-08  8.91223221e-04 
 3.91000000e-08 -4.85265580e-03 
 3.91200000e-08 -1.05941425e-02 
 3.91400000e-08 -1.63321715e-02 
 3.91600000e-08 -2.20656809e-02 
 3.91800000e-08 -2.77936124e-02 
 3.92000000e-08 -3.35149118e-02 
 3.92200000e-08 -3.92285289e-02 
 3.92400000e-08 -4.49334178e-02 
 3.92600000e-08 -5.06285374e-02 
 3.92800000e-08 -5.63128514e-02 
 3.93000000e-08 -6.19853284e-02 
 3.93200000e-08 -6.76449426e-02 
 3.93400000e-08 -7.32906733e-02 
 3.93600000e-08 -7.89215058e-02 
 3.93800000e-08 -8.45364312e-02 
 3.94000000e-08 -9.01344469e-02 
 3.94200000e-08 -9.57145564e-02 
 3.94400000e-08 -1.01275770e-01 
 3.94600000e-08 -1.06817104e-01 
 3.94800000e-08 -1.12337583e-01 
 3.95000000e-08 -1.17836238e-01 
 3.95200000e-08 -1.23312108e-01 
 3.95400000e-08 -1.28764237e-01 
 3.95600000e-08 -1.34191680e-01 
 3.95800000e-08 -1.39593499e-01 
 3.96000000e-08 -1.44968763e-01 
 3.96200000e-08 -1.50316550e-01 
 3.96400000e-08 -1.55635946e-01 
 3.96600000e-08 -1.60926048e-01 
 3.96800000e-08 -1.66185959e-01 
 3.97000000e-08 -1.71414792e-01 
 3.97200000e-08 -1.76611669e-01 
 3.97400000e-08 -1.81775723e-01 
 3.97600000e-08 -1.86906095e-01 
 3.97800000e-08 -1.92001935e-01 
 3.98000000e-08 -1.97062406e-01 
 3.98200000e-08 -2.02086679e-01 
 3.98400000e-08 -2.07073935e-01 
 3.98600000e-08 -2.12023366e-01 
 3.98800000e-08 -2.16934176e-01 
 3.99000000e-08 -2.21805578e-01 
 3.99200000e-08 -2.26636796e-01 
 3.99400000e-08 -2.31427068e-01 
 3.99600000e-08 -2.36175640e-01 
 3.99800000e-08 -2.40881772e-01 
 4.00000000e-08 -2.45544734e-01 
 4.00200000e-08 -2.50163809e-01 
 4.00400000e-08 -2.54738292e-01 
 4.00600000e-08 -2.59267491e-01 
 4.00800000e-08 -2.63750725e-01 
 4.01000000e-08 -2.68187326e-01 
 4.01200000e-08 -2.72576639e-01 
 4.01400000e-08 -2.76918023e-01 
 4.01600000e-08 -2.81210849e-01 
 4.01800000e-08 -2.85454502e-01 
 4.02000000e-08 -2.89648380e-01 
 4.02200000e-08 -2.93791894e-01 
 4.02400000e-08 -2.97884470e-01 
 4.02600000e-08 -3.01925547e-01 
 4.02800000e-08 -3.05914579e-01 
 4.03000000e-08 -3.09851033e-01 
 4.03200000e-08 -3.13734391e-01 
 4.03400000e-08 -3.17564149e-01 
 4.03600000e-08 -3.21339819e-01 
 4.03800000e-08 -3.25060925e-01 
 4.04000000e-08 -3.28727008e-01 
 4.04200000e-08 -3.32337622e-01 
 4.04400000e-08 -3.35892336e-01 
 4.04600000e-08 -3.39390735e-01 
 4.04800000e-08 -3.42832419e-01 
 4.05000000e-08 -3.46217000e-01 
 4.05200000e-08 -3.49544108e-01 
 4.05400000e-08 -3.52813387e-01 
 4.05600000e-08 -3.56024494e-01 
 4.05800000e-08 -3.59177103e-01 
 4.06000000e-08 -3.62270902e-01 
 4.06200000e-08 -3.65305592e-01 
 4.06400000e-08 -3.68280891e-01 
 4.06600000e-08 -3.71196529e-01 
 4.06800000e-08 -3.74052252e-01 
 4.07000000e-08 -3.76847817e-01 
 4.07200000e-08 -3.79582999e-01 
 4.07400000e-08 -3.82257584e-01 
 4.07600000e-08 -3.84871370e-01 
 4.07800000e-08 -3.87424171e-01 
 4.08000000e-08 -3.89915813e-01 
 4.08200000e-08 -3.92346132e-01 
 4.08400000e-08 -3.94714980e-01 
 4.08600000e-08 -3.97022218e-01 
 4.08800000e-08 -3.99267721e-01 
 4.09000000e-08 -4.01451373e-01 
 4.09200000e-08 -4.03573069e-01 
 4.09400000e-08 -4.05632717e-01 
 4.09600000e-08 -4.07630232e-01 
 4.09800000e-08 -4.09565541e-01 
 4.10000000e-08 -4.11438580e-01 
 4.10200000e-08 -4.13249291e-01 
 4.10400000e-08 -4.14997629e-01 
 4.10600000e-08 -4.16683555e-01 
 4.10800000e-08 -4.18307036e-01 
 4.11000000e-08 -4.19868049e-01 
 4.11200000e-08 -4.21366576e-01 
 4.11400000e-08 -4.22802606e-01 
 4.11600000e-08 -4.24176134e-01 
 4.11800000e-08 -4.25487160e-01 
 4.12000000e-08 -4.26735690e-01 
 4.12200000e-08 -4.27921733e-01 
 4.12400000e-08 -4.29045304e-01 
 4.12600000e-08 -4.30106421e-01 
 4.12800000e-08 -4.31105104e-01 
 4.13000000e-08 -4.32041378e-01 
 4.13200000e-08 -4.32915270e-01 
 4.13400000e-08 -4.33726807e-01 
 4.13600000e-08 -4.34476021e-01 
 4.13800000e-08 -4.35162943e-01 
 4.14000000e-08 -4.35787606e-01 
 4.14200000e-08 -4.36350042e-01 
 4.14400000e-08 -4.36850287e-01 
 4.14600000e-08 -4.37288371e-01 
 4.14800000e-08 -4.37664330e-01 
 4.15000000e-08 -4.37978193e-01 
 4.15200000e-08 -4.38229993e-01 
 4.15400000e-08 -4.38419759e-01 
 4.15600000e-08 -4.38547518e-01 
 4.15800000e-08 -4.38613296e-01 
 4.16000000e-08 -4.38617117e-01 
 4.16200000e-08 -4.38559001e-01 
 4.16400000e-08 -4.38438969e-01 
 4.16600000e-08 -4.38257034e-01 
 4.16800000e-08 -4.38013209e-01 
 4.17000000e-08 -4.37707505e-01 
 4.17200000e-08 -4.37339926e-01 
 4.17400000e-08 -4.36910477e-01 
 4.17600000e-08 -4.36419154e-01 
 4.17800000e-08 -4.35865955e-01 
 4.18000000e-08 -4.35250871e-01 
 4.18200000e-08 -4.34573890e-01 
 4.18400000e-08 -4.33834997e-01 
 4.18600000e-08 -4.33034173e-01 
 4.18800000e-08 -4.32171396e-01 
 4.19000000e-08 -4.31246640e-01 
 4.19200000e-08 -4.30259876e-01 
 4.19400000e-08 -4.29211072e-01 
 4.19600000e-08 -4.28100193e-01 
 4.19800000e-08 -4.26927202e-01 
 4.20000000e-08 -4.25692064e-01 
 4.20200000e-08 -4.24394734e-01 
 4.20400000e-08 -4.23035163e-01 
 4.20600000e-08 -4.21613310e-01 
 4.20800000e-08 -4.20129132e-01 
 4.21000000e-08 -4.18582583e-01 
 4.21200000e-08 -4.16973619e-01 
 4.21400000e-08 -4.15302195e-01 
 4.21600000e-08 -4.13568269e-01 
 4.21800000e-08 -4.11771801e-01 
 4.22000000e-08 -4.09912752e-01 
 4.22200000e-08 -4.07991089e-01 
 4.22400000e-08 -4.06006781e-01 
 4.22600000e-08 -4.03959804e-01 
 4.22800000e-08 -4.01850138e-01 
 4.23000000e-08 -3.99677771e-01 
 4.23200000e-08 -3.97442697e-01 
 4.23400000e-08 -3.95144921e-01 
 4.23600000e-08 -3.92784454e-01 
 4.23800000e-08 -3.90361320e-01 
 4.24000000e-08 -3.87875553e-01 
 4.24200000e-08 -3.85327198e-01 
 4.24400000e-08 -3.82716315e-01 
 4.24600000e-08 -3.80042977e-01 
 4.24800000e-08 -3.77307270e-01 
 4.25000000e-08 -3.74509299e-01 
 4.25200000e-08 -3.71649183e-01 
 4.25400000e-08 -3.68727060e-01 
 4.25600000e-08 -3.65743086e-01 
 4.25800000e-08 -3.62697434e-01 
 4.26000000e-08 -3.59590299e-01 
 4.26200000e-08 -3.56421896e-01 
 4.26400000e-08 -3.53192461e-01 
 4.26600000e-08 -3.49902252e-01 
 4.26800000e-08 -3.46551548e-01 
 4.27000000e-08 -3.43140653e-01 
 4.27200000e-08 -3.39669891e-01 
 4.27400000e-08 -3.36139613e-01 
 4.27600000e-08 -3.32550191e-01 
 4.27800000e-08 -3.28902023e-01 
 4.28000000e-08 -3.25195530e-01 
 4.28200000e-08 -3.21431157e-01 
 4.28400000e-08 -3.17609375e-01 
 4.28600000e-08 -3.13730677e-01 
 4.28800000e-08 -3.09795582e-01 
 4.29000000e-08 -3.05804633e-01 
 4.29200000e-08 -3.01758394e-01 
 4.29400000e-08 -2.97657456e-01 
 4.29600000e-08 -2.93502430e-01 
 4.29800000e-08 -2.89293952e-01 
 4.30000000e-08 -2.85032680e-01 
 4.30200000e-08 -2.80719292e-01 
 4.30400000e-08 -2.76354489e-01 
 4.30600000e-08 -2.71938992e-01 
 4.30800000e-08 -2.67473543e-01 
 4.31000000e-08 -2.62958902e-01 
 4.31200000e-08 -2.58395850e-01 
 4.31400000e-08 -2.53785185e-01 
 4.31600000e-08 -2.49127722e-01 
 4.31800000e-08 -2.44424295e-01 
 4.32000000e-08 -2.39675753e-01 
 4.32200000e-08 -2.34882962e-01 
 4.32400000e-08 -2.30046800e-01 
 4.32600000e-08 -2.25168165e-01 
 4.32800000e-08 -2.20247962e-01 
 4.33000000e-08 -2.15287115e-01 
 4.33200000e-08 -2.10286558e-01 
 4.33400000e-08 -2.05247236e-01 
 4.33600000e-08 -2.00170107e-01 
 4.33800000e-08 -1.95056140e-01 
 4.34000000e-08 -1.89906312e-01 
 4.34200000e-08 -1.84721611e-01 
 4.34400000e-08 -1.79503036e-01 
 4.34600000e-08 -1.74251590e-01 
 4.34800000e-08 -1.68968289e-01 
 4.35000000e-08 -1.63654152e-01 
 4.35200000e-08 -1.58310209e-01 
 4.35400000e-08 -1.52937493e-01 
 4.35600000e-08 -1.47537047e-01 
 4.35800000e-08 -1.42109916e-01 
 4.36000000e-08 -1.36657153e-01 
 4.36200000e-08 -1.31179814e-01 
 4.36400000e-08 -1.25678960e-01 
 4.36600000e-08 -1.20155656e-01 
 4.36800000e-08 -1.14610972e-01 
 4.37000000e-08 -1.09045980e-01 
 4.37200000e-08 -1.03461754e-01 
 4.37400000e-08 -9.78593729e-02 
 4.37600000e-08 -9.22399157e-02 
 4.37800000e-08 -8.66044646e-02 
 4.38000000e-08 -8.09541030e-02 
 4.38200000e-08 -7.52899155e-02 
 4.38400000e-08 -6.96129876e-02 
 4.38600000e-08 -6.39244055e-02 
 4.38800000e-08 -5.82252558e-02 
 4.39000000e-08 -5.25166250e-02 
 4.39200000e-08 -4.67995994e-02 
 4.39400000e-08 -4.10752647e-02 
 4.39600000e-08 -3.53447058e-02 
 4.39800000e-08 -2.96090065e-02 
 4.40000000e-08 -2.38692491e-02 
 4.40200000e-08 -1.81265144e-02 
 4.40400000e-08 -1.23818811e-02 
 4.40600000e-08 -6.63642603e-03 
 4.40800000e-08 -8.91223220e-04 
 4.41000000e-08  4.85265580e-03 
 4.41200000e-08  1.05941425e-02 
 4.41400000e-08  1.63321715e-02 
 4.41600000e-08  2.20656809e-02 
 4.41800000e-08  2.77936124e-02 
 4.42000000e-08  3.35149118e-02 
 4.42200000e-08  3.92285289e-02 
 4.42400000e-08  4.49334178e-02 
 4.42600000e-08  5.06285374e-02 
 4.42800000e-08  5.63128514e-02 
 4.43000000e-08  6.19853284e-02 
 4.43200000e-08  6.76449426e-02 
 4.43400000e-08  7.32906733e-02 
 4.43600000e-08  7.89215058e-02 
 4.43800000e-08  8.45364312e-02 
 4.44000000e-08  9.01344469e-02 
 4.44200000e-08  9.57145564e-02 
 4.44400000e-08  1.01275770e-01 
 4.44600000e-08  1.06817104e-01 
 4.44800000e-08  1.12337583e-01 
 4.45000000e-08  1.17836238e-01 
 4.45200000e-08  1.23312108e-01 
 4.45400000e-08  1.28764237e-01 
 4.45600000e-08  1.34191680e-01 
 4.45800000e-08  1.39593499e-01 
 4.46000000e-08  1.44968763e-01 
 4.46200000e-08  1.50316550e-01 
 4.46400000e-08  1.55635946e-01 
 4.46600000e-08  1.60926048e-01 
 4.46800000e-08  1.66185959e-01 
 4.47000000e-08  1.71414792e-01 
 4.47200000e-08  1.76611669e-01 
 4.47400000e-08  1.81775723e-01 
 4.47600000e-08  1.86906095e-01 
 4.47800000e-08  1.92001935e-01 
 4.48000000e-08  1.97062406e-01 
 4.48200000e-08  2.02086679e-01 
 4.48400000e-08  2.07073935e-01 
 4.48600000e-08  2.12023366e-01 
 4.48800000e-08  2.16934176e-01 
 4.49000000e-08  2.21805578e-01 
 4.49200000e-08  2.26636796e-01 
 4.49400000e-08  2.31427068e-01 
 4.49600000e-08  2.36175640e-01 
 4.49800000e-08  2.40881772e-01 
 4.50000000e-08  2.45544734e-01 
 4.50200000e-08  2.50163809e-01 
 4.50400000e-08  2.54738292e-01 
 4.50600000e-08  2.59267491e-01 
 4.50800000e-08  2.63750725e-01 
 4.51000000e-08  2.68187326e-01 
 4.51200000e-08  2.72576639e-01 
 4.51400000e-08  2.76918023e-01 
 4.51600000e-08  2.81210849e-01 
 4.51800000e-08  2.85454502e-01 
 4.52000000e-08  2.89648380e-01 
 4.52200000e-08  2.93791894e-01 
 4.52400000e-08  2.97884470e-01 
 4.52600000e-08  3.01925547e-01 
 4.52800000e-08  3.05914579e-01 
 4.53000000e-08  3.09851033e-01 
 4.53200000e-08  3.13734391e-01 
 4.53400000e-08  3.17564149e-01 
 4.53600000e-08  3.21339819e-01 
 4.53800000e-08  3.25060925e-01 
 4.54000000e-08  3.28727008e-01 
 4.54200000e-08  3.32337622e-01 
 4.54400000e-08  3.35892336e-01 
 4.54600000e-08  3.39390735e-01 
 4.54800000e-08  3.42832419e-01 
 4.55000000e-08  3.46217000e-01 
 4.55200000e-08  3.49544108e-01 
 4.55400000e-08  3.52813387e-01 
 4.55600000e-08  3.56024494e-01 
 4.55800000e-08  3.59177103e-01 
 4.56000000e-08  3.62270902e-01 
 4.56200000e-08  3.65305592e-01 
 4.56400000e-08  3.68280891e-01 
 4.56600000e-08  3.71196529e-01 
 4.56800000e-08  3.74052252e-01 
 4.57000000e-08  3.76847817e-01 
 4.57200000e-08  3.79582999e-01 
 4.57400000e-08  3.82257584e-01 
 4.57600000e-08  3.84871370e-01 
 4.57800000e-08  3.87424171e-01 
 4.58000000e-08  3.89915813e-01 
 4.58200000e-08  3.92346132e-01 
 4.58400000e-08  3.94714980e-01 
 4.58600000e-08  3.97022218e-01 
 4.58800000e-08  3.99267721e-01 
 4.59000000e-08  4.01451373e-01 
 4.59200000e-08  4.03573069e-01 
 4.59400000e-08  4.05632717e-01 
 4.59600000e-08  4.07630232e-01 
 4.59800000e-08  4.09565541e-01 
 4.60000000e-08  4.11438580e-01 
 4.60200000e-08  4.13249291e-01 
 4.60400000e-08  4.14997629e-01 
 4.60600000e-08  4.16683555e-01 
 4.60800000e-08  4.18307036e-01 
 4.61000000e-08  4.19868049e-01 
 4.61200000e-08  4.21366576e-01 
 4.61400000e-08  4.22802606e-01 
 4.61600000e-08  4.24176134e-01 
 4.61800000e-08  4.25487160e-01 
 4.62000000e-08  4.26735690e-01 
 4.62200000e-08  4.27921733e-01 
 4.62400000e-08  4.29045304e-01 
 4.62600000e-08  4.30106421e-01 
 4.62800000e-08  4.31105104e-01 
 4.63000000e-08  4.32041378e-01 
 4.63200000e-08  4.32915270e-01 
 4.63400000e-08  4.33726807e-01 
 4.63600000e-08  4.34476021e-01 
 4.63800000e-08  4.35162943e-01 
 4.64000000e-08  4.35787606e-01 
 4.64200000e-08  4.36350042e-01 
 4.64400000e-08  4.36850287e-01 
 4.64600000e-08  4.37288371e-01 
 4.64800000e-08  4.37664330e-01 
 4.65000000e-08  4.37978193e-01 
 4.65200000e-08  4.38229993e-01 
 4.65400000e-08  4.38419759e-01 
 4.65600000e-08  4.38547518e-01 
 4.65800000e-08  4.38613296e-01 
 4.66000000e-08  4.38617117e-01 
 4.66200000e-08  4.38559001e-01 
 4.66400000e-08  4.38438969e-01 
 4.66600000e-08  4.38257034e-01 
 4.66800000e-08  4.38013209e-01 
 4.67000000e-08  4.37707505e-01 
 4.67200000e-08  4.37339926e-01 
 4.67400000e-08  4.36910477e-01 
 4.67600000e-08  4.36419154e-01 
 4.67800000e-08  4.35865955e-01 
 4.68000000e-08  4.35250871e-01 
 4.68200000e-08  4.34573890e-01 
 4.68400000e-08  4.33834997e-01 
 4.68600000e-08  4.33034173e-01 
 4.68800000e-08  4.32171396e-01 
 4.69000000e-08  4.31246640e-01 
 4.69200000e-08  4.30259876e-01 
 4.69400000e-08  4.29211072e-01 
 4.69600000e-08  4.28100193e-01 
 4.69800000e-08  4.26927202e-01 
 4.70000000e-08  4.25692064e-01 
 4.70200000e-08  4.24394734e-01 
 4.70400000e-08  4.23035163e-01 
 4.70600000e-08  4.21613310e-01 
 4.70800000e-08  4.20129132e-01 
 4.71000000e-08  4.18582583e-01 
 4.71200000e-08  4.16973619e-01 
 4.71400000e-08  4.15302195e-01 
 4.71600000e-08  4.13568269e-01 
 4.71800000e-08  4.11771801e-01 
 4.72000000e-08  4.09912752e-01 
 4.72200000e-08  4.07991089e-01 
 4.72400000e-08  4.06006781e-01 
 4.72600000e-08  4.03959804e-01 
 4.72800000e-08  4.01850138e-01 
 4.73000000e-08  3.99677771e-01 
 4.73200000e-08  3.97442697e-01 
 4.73400000e-08  3.95144921e-01 
 4.73600000e-08  3.92784454e-01 
 4.73800000e-08  3.90361320e-01 
 4.74000000e-08  3.87875553e-01 
 4.74200000e-08  3.85327198e-01 
 4.74400000e-08  3.82716315e-01 
 4.74600000e-08  3.80042977e-01 
 4.74800000e-08  3.77307270e-01 
 4.75000000e-08  3.74509299e-01 
 4.75200000e-08  3.71649183e-01 
 4.75400000e-08  3.68727060e-01 
 4.75600000e-08  3.65743086e-01 
 4.75800000e-08  3.62697434e-01 
 4.76000000e-08  3.59590299e-01 
 4.76200000e-08  3.56421896e-01 
 4.76400000e-08  3.53192461e-01 
 4.76600000e-08  3.49902252e-01 
 4.76800000e-08  3.46551548e-01 
 4.77000000e-08  3.43140653e-01 
 4.77200000e-08  3.39669891e-01 
 4.77400000e-08  3.36139613e-01 
 4.77600000e-08  3.32550191e-01 
 4.77800000e-08  3.28902023e-01 
 4.78000000e-08  3.25195530e-01 
 4.78200000e-08  3.21431157e-01 
 4.78400000e-08  3.17609375e-01 
 4.78600000e-08  3.13730677e-01 
 4.78800000e-08  3.09795582e-01 
 4.79000000e-08  3.05804633e-01 
 4.79200000e-08  3.01758394e-01 
 4.79400000e-08  2.97657456e-01 
 4.79600000e-08  2.93502430e-01 
 4.79800000e-08  2.89293952e-01 
 4.80000000e-08  2.85032680e-01 
 4.80200000e-08  2.80719292e-01 
 4.80400000e-08  2.76354489e-01 
 4.80600000e-08  2.71938992e-01 
 4.80800000e-08  2.67473543e-01 
 4.81000000e-08  2.62958902e-01 
 4.81200000e-08  2.58395850e-01 
 4.81400000e-08  2.53785185e-01 
 4.81600000e-08  2.49127722e-01 
 4.81800000e-08  2.44424295e-01 
 4.82000000e-08  2.39675753e-01 
 4.82200000e-08  2.34882962e-01 
 4.82400000e-08  2.30046800e-01 
 4.82600000e-08  2.25168165e-01 
 4.82800000e-08  2.20247962e-01 
 4.83000000e-08  2.15287115e-01 
 4.83200000e-08  2.10286558e-01 
 4.83400000e-08  2.05247236e-01 
 4.83600000e-08  2.00170107e-01 
 4.83800000e-08  1.95056140e-01 
 4.84000000e-08  1.89906312e-01 
 4.84200000e-08  1.84721611e-01 
 4.84400000e-08  1.79503036e-01 
 4.84600000e-08  1.74251590e-01 
 4.84800000e-08  1.68968289e-01 
 4.85000000e-08  1.63654152e-01 
 4.85200000e-08  1.58310209e-01 
 4.85400000e-08  1.52937493e-01 
 4.85600000e-08  1.47537047e-01 
 4.85800000e-08  1.42109916e-01 
 4.86000000e-08  1.36657153e-01 
 4.86200000e-08  1.31179814e-01 
 4.86400000e-08  1.25678960e-01 
 4.86600000e-08  1.20155656e-01 
 4.86800000e-08  1.14610972e-01 
 4.87000000e-08  1.09045980e-01 
 4.87200000e-08  1.03461754e-01 
 4.87400000e-08  9.78593729e-02 
 4.87600000e-08  9.22399157e-02 
 4.87800000e-08  8.66044646e-02 
 4.88000000e-08  8.09541030e-02 
 4.88200000e-08  7.52899155e-02 
 4.88400000e-08  6.96129876e-02 
 4.88600000e-08  6.39244055e-02 
 4.88800000e-08  5.82252558e-02 
 4.89000000e-08  5.25166250e-02 
 4.89200000e-08  4.67995994e-02 
 4.89400000e-08  4.10752647e-02 
 4.89600000e-08  3.53447058e-02 
 4.89800000e-08  2.96090065e-02 
 4.90000000e-08  2.38692491e-02 
 4.90200000e-08  1.81265144e-02 
 4.90400000e-08  1.23818811e-02 
 4.90600000e-08  6.63642603e-03 
 4.90800000e-08  8.91223221e-04 
 4.91000000e-08 -4.85265580e-03 
 4.91200000e-08 -1.05941425e-02 
 4.91400000e-08 -1.63321715e-02 
 4.91600000e-08 -2.20656809e-02 
 4.91800000e-08 -2.77936124e-02 
 4.92000000e-08 -3.35149118e-02 
 4.92200000e-08 -3.92285289e-02 
 4.92400000e-08 -4.49334178e-02 
 4.92600000e-08 -5.06285374e-02 
 4.92800000e-08 -5.63128514e-02 
 4.93000000e-08 -6.19853284e-02 
 4.93200000e-08 -6.76449426e-02 
 4.93400000e-08 -7.32906733e-02 
 4.93600000e-08 -7.89215058e-02 
 4.93800000e-08 -8.45364312e-02 
 4.94000000e-08 -9.01344469e-02 
 4.94200000e-08 -9.57145564e-02 
 4.94400000e-08 -1.01275770e-01 
 4.94600000e-08 -1.06817104e-01 
 4.94800000e-08 -1.12337583e-01 
 4.95000000e-08 -1.17836238e-01 
 4.95200000e-08 -1.23312108e-01 
 4.95400000e-08 -1.28764237e-01 
 4.95600000e-08 -1.34191680e-01 
 4.95800000e-08 -1.39593499e-01 
 4.96000000e-08 -1.44968763e-01 
 4.96200000e-08 -1.50316550e-01 
 4.96400000e-08 -1.55635946e-01 
 4.96600000e-08 -1.60926048e-01 
 4.96800000e-08 -1.66185959e-01 
 4.97000000e-08 -1.71414792e-01 
 4.97200000e-08 -1.76611669e-01 
 4.97400000e-08 -1.81775723e-01 
 4.97600000e-08 -1.86906095e-01 
 4.97800000e-08 -1.92001935e-01 
 4.98000000e-08 -1.97062406e-01 
 4.98200000e-08 -2.02086679e-01 
 4.98400000e-08 -2.07073935e-01 
 4.98600000e-08 -2.12023366e-01 
 4.98800000e-08 -2.16934176e-01 
 4.99000000e-08 -2.21805578e-01 
 4.99200000e-08 -2.26636796e-01 
 4.99400000e-08 -2.31427068e-01 
 4.99600000e-08 -2.36175640e-01 
 4.99800000e-08 -2.40881772e-01 
 5.00000000e-08 -2.45544734e-01 
 5.00200000e-08 -2.50163809e-01 
 5.00400000e-08 -2.54738292e-01 
 5.00600000e-08 -2.59267491e-01 
 5.00800000e-08 -2.63750725e-01 
 5.01000000e-08 -2.68187326e-01 
 5.01200000e-08 -2.72576639e-01 
 5.01400000e-08 -2.76918023e-01 
 5.01600000e-08 -2.81210849e-01 
 5.01800000e-08 -2.85454502e-01 
 5.02000000e-08 -2.89648380e-01 
 5.02200000e-08 -2.93791894e-01 
 5.02400000e-08 -2.97884470e-01 
 5.02600000e-08 -3.01925547e-01 
 5.02800000e-08 -3.05914579e-01 
 5.03000000e-08 -3.09851033e-01 
 5.03200000e-08 -3.13734391e-01 
 5.03400000e-08 -3.17564149e-01 
 5.03600000e-08 -3.21339819e-01 
 5.03800000e-08 -3.25060925e-01 
 5.04000000e-08 -3.28727008e-01 
 5.04200000e-08 -3.32337622e-01 
 5.04400000e-08 -3.35892336e-01 
 5.04600000e-08 -3.39390735e-01 
 5.04800000e-08 -3.42832419e-01 
 5.05000000e-08 -3.46217000e-01 
 5.05200000e-08 -3.49544108e-01 
 5.05400000e-08 -3.52813387e-01 
 5.05600000e-08 -3.56024494e-01 
 5.05800000e-08 -3.59177103e-01 
 5.06000000e-08 -3.62270902e-01 
 5.06200000e-08 -3.65305592e-01 
 5.06400000e-08 -3.68280891e-01 
 5.06600000e-08 -3.71196529e-01 
 5.06800000e-08 -3.74052252e-01 
 5.07000000e-08 -3.76847817e-01 
 5.07200000e-08 -3.79582999e-01 
 5.07400000e-08 -3.82257584e-01 
 5.07600000e-08 -3.84871370e-01 
 5.07800000e-08 -3.87424171e-01 
 5.08000000e-08 -3.89915813e-01 
 5.08200000e-08 -3.92346132e-01 
 5.08400000e-08 -3.94714980e-01 
 5.08600000e-08 -3.97022218e-01 
 5.08800000e-08 -3.99267721e-01 
 5.09000000e-08 -4.01451373e-01 
 5.09200000e-08 -4.03573069e-01 
 5.09400000e-08 -4.05632717e-01 
 5.09600000e-08 -4.07630232e-01 
 5.09800000e-08 -4.09565541e-01 
 5.10000000e-08 -4.11438580e-01 
 5.10200000e-08 -4.13249291e-01 
 5.10400000e-08 -4.14997629e-01 
 5.10600000e-08 -4.16683555e-01 
 5.10800000e-08 -4.18307036e-01 
 5.11000000e-08 -4.19868049e-01 
 5.11200000e-08 -4.21366576e-01 
 5.11400000e-08 -4.22802606e-01 
 5.11600000e-08 -4.24176134e-01 
 5.11800000e-08 -4.25487160e-01 
 5.12000000e-08 -4.26735690e-01 
 5.12200000e-08 -4.27921733e-01 
 5.12400000e-08 -4.29045304e-01 
 5.12600000e-08 -4.30106421e-01 
 5.12800000e-08 -4.31105104e-01 
 5.13000000e-08 -4.32041378e-01 
 5.13200000e-08 -4.32915270e-01 
 5.13400000e-08 -4.33726807e-01 
 5.13600000e-08 -4.34476021e-01 
 5.13800000e-08 -4.35162943e-01 
 5.14000000e-08 -4.35787606e-01 
 5.14200000e-08 -4.36350042e-01 
 5.14400000e-08 -4.36850287e-01 
 5.14600000e-08 -4.37288371e-01 
 5.14800000e-08 -4.37664330e-01 
 5.15000000e-08 -4.37978193e-01 
 5.15200000e-08 -4.38229993e-01 
 5.15400000e-08 -4.38419759e-01 
 5.15600000e-08 -4.38547518e-01 
 5.15800000e-08 -4.38613296e-01 
 5.16000000e-08 -4.38617117e-01 
 5.16200000e-08 -4.38559001e-01 
 5.16400000e-08 -4.38438969e-01 
 5.16600000e-08 -4.38257034e-01 
 5.16800000e-08 -4.38013209e-01 
 5.17000000e-08 -4.37707505e-01 
 5.17200000e-08 -4.37339926e-01 
 5.17400000e-08 -4.36910477e-01 
 5.17600000e-08 -4.36419154e-01 
 5.17800000e-08 -4.35865955e-01 
 5.18000000e-08 -4.35250871e-01 
 5.18200000e-08 -4.34573890e-01 
 5.18400000e-08 -4.33834997e-01 
 5.18600000e-08 -4.33034173e-01 
 5.18800000e-08 -4.32171396e-01 
 5.19000000e-08 -4.31246640e-01 
 5.19200000e-08 -4.30259876e-01 
 5.19400000e-08 -4.29211072e-01 
 5.19600000e-08 -4.28100193e-01 
 5.19800000e-08 -4.26927202e-01 
 5.20000000e-08 -4.25692064e-01 
 5.20200000e-08 -4.24394734e-01 
 5.20400000e-08 -4.23035163e-01 
 5.20600000e-08 -4.21613310e-01 
 5.20800000e-08 -4.20129132e-01 
 5.21000000e-08 -4.18582583e-01 
 5.21200000e-08 -4.16973619e-01 
 5.21400000e-08 -4.15302195e-01 
 5.21600000e-08 -4.13568269e-01 
 5.21800000e-08 -4.11771801e-01 
 5.22000000e-08 -4.09912752e-01 
 5.22200000e-08 -4.07991089e-01 
 5.22400000e-08 -4.06006781e-01 
 5.22600000e-08 -4.03959804e-01 
 5.22800000e-08 -4.01850138e-01 
 5.23000000e-08 -3.99677771e-01 
 5.23200000e-08 -3.97442697e-01 
 5.23400000e-08 -3.95144921e-01 
 5.23600000e-08 -3.92784454e-01 
 5.23800000e-08 -3.90361320e-01 
 5.24000000e-08 -3.87875553e-01 
 5.24200000e-08 -3.85327198e-01 
 5.24400000e-08 -3.82716315e-01 
 5.24600000e-08 -3.80042977e-01 
 5.24800000e-08 -3.77307270e-01 
 5.25000000e-08 -3.74509299e-01 
 5.25200000e-08 -3.71649183e-01 
 5.25400000e-08 -3.68727060e-01 
 5.25600000e-08 -3.65743086e-01 
 5.25800000e-08 -3.62697434e-01 
 5.26000000e-08 -3.59590299e-01 
 5.26200000e-08 -3.56421896e-01 
 5.26400000e-08 -3.53192461e-01 
 5.26600000e-08 -3.49902252e-01 
 5.26800000e-08 -3.46551548e-01 
 5.27000000e-08 -3.43140653e-01 
 5.27200000e-08 -3.39669891e-01 
 5.27400000e-08 -3.36139613e-01 
 5.27600000e-08 -3.32550191e-01 
 5.27800000e-08 -3.28902023e-01 
 5.28000000e-08 -3.25195530e-01 
 5.28200000e-08 -3.21431157e-01 
 5.28400000e-08 -3.17609375e-01 
 5.28600000e-08 -3.13730677e-01 
 5.28800000e-08 -3.09795582e-01 
 5.29000000e-08 -3.05804633e-01 
 5.29200000e-08 -3.01758394e-01 
 5.29400000e-08 -2.97657456e-01 
 5.29600000e-08 -2.93502430e-01 
 5.29800000e-08 -2.89293952e-01 
 5.30000000e-08 -2.85032680e-01 
 5.30200000e-08 -2.80719292e-01 
 5.30400000e-08 -2.76354489e-01 
 5.30600000e-08 -2.71938992e-01 
 5.30800000e-08 -2.67473543e-01 
 5.31000000e-08 -2.62958902e-01 
 5.31200000e-08 -2.58395850e-01 
 5.31400000e-08 -2.53785185e-01 
 5.31600000e-08 -2.49127722e-01 
 5.31800000e-08 -2.44424295e-01 
 5.32000000e-08 -2.39675753e-01 
 5.32200000e-08 -2.34882962e-01 
 5.32400000e-08 -2.30046800e-01 
 5.32600000e-08 -2.25168165e-01 
 5.32800000e-08 -2.20247962e-01 
 5.33000000e-08 -2.15287115e-01 
 5.33200000e-08 -2.10286558e-01 
 5.33400000e-08 -2.05247236e-01 
 5.33600000e-08 -2.00170107e-01 
 5.33800000e-08 -1.95056140e-01 
 5.34000000e-08 -1.89906312e-01 
 5.34200000e-08 -1.84721611e-01 
 5.34400000e-08 -1.79503036e-01 
 5.34600000e-08 -1.74251590e-01 
 5.34800000e-08 -1.68968289e-01 
 5.35000000e-08 -1.63654152e-01 
 5.35200000e-08 -1.58310209e-01 
 5.35400000e-08 -1.52937493e-01 
 5.35600000e-08 -1.47537047e-01 
 5.35800000e-08 -1.42109916e-01 
 5.36000000e-08 -1.36657153e-01 
 5.36200000e-08 -1.31179814e-01 
 5.36400000e-08 -1.25678960e-01 
 5.36600000e-08 -1.20155656e-01 
 5.36800000e-08 -1.14610972e-01 
 5.37000000e-08 -1.09045980e-01 
 5.37200000e-08 -1.03461754e-01 
 5.37400000e-08 -9.78593729e-02 
 5.37600000e-08 -9.22399157e-02 
 5.37800000e-08 -8.66044646e-02 
 5.38000000e-08 -8.09541030e-02 
 5.38200000e-08 -7.52899155e-02 
 5.38400000e-08 -6.96129876e-02 
 5.38600000e-08 -6.39244055e-02 
 5.38800000e-08 -5.82252558e-02 
 5.39000000e-08 -5.25166250e-02 
 5.39200000e-08 -4.67995994e-02 
 5.39400000e-08 -4.10752647e-02 
 5.39600000e-08 -3.53447058e-02 
 5.39800000e-08 -2.96090065e-02 
 5.40000000e-08 -2.38692491e-02 
 5.40200000e-08 -1.81265144e-02 
 5.40400000e-08 -1.23818811e-02 
 5.40600000e-08 -6.63642603e-03 
 5.40800000e-08 -8.91223220e-04 
 5.41000000e-08  4.85265580e-03 
 5.41200000e-08  1.05941425e-02 
 5.41400000e-08  1.63321715e-02 
 5.41600000e-08  2.20656809e-02 
 5.41800000e-08  2.77936124e-02 
 5.42000000e-08  3.35149118e-02 
 5.42200000e-08  3.92285289e-02 
 5.42400000e-08  4.49334178e-02 
 5.42600000e-08  5.06285374e-02 
 5.42800000e-08  5.63128514e-02 
 5.43000000e-08  6.19853284e-02 
 5.43200000e-08  6.76449426e-02 
 5.43400000e-08  7.32906733e-02 
 5.43600000e-08  7.89215058e-02 
 5.43800000e-08  8.45364312e-02 
 5.44000000e-08  9.01344469e-02 
 5.44200000e-08  9.57145564e-02 
 5.44400000e-08  1.01275770e-01 
 5.44600000e-08  1.06817104e-01 
 5.44800000e-08  1.12337583e-01 
 5.45000000e-08  1.17836238e-01 
 5.45200000e-08  1.23312108e-01 
 5.45400000e-08  1.28764237e-01 
 5.45600000e-08  1.34191680e-01 
 5.45800000e-08  1.39593499e-01 
 5.46000000e-08  1.44968763e-01 
 5.46200000e-08  1.50316550e-01 
 5.46400000e-08  1.55635946e-01 
 5.46600000e-08  1.60926048e-01 
 5.46800000e-08  1.66185959e-01 
 5.47000000e-08  1.71414792e-01 
 5.47200000e-08  1.76611669e-01 
 5.47400000e-08  1.81775723e-01 
 5.47600000e-08  1.86906095e-01 
 5.47800000e-08  1.92001935e-01 
 5.48000000e-08  1.97062406e-01 
 5.48200000e-08  2.02086679e-01 
 5.48400000e-08  2.07073935e-01 
 5.48600000e-08  2.12023366e-01 
 5.48800000e-08  2.16934176e-01 
 5.49000000e-08  2.21805578e-01 
 5.49200000e-08  2.26636796e-01 
 5.49400000e-08  2.31427068e-01 
 5.49600000e-08  2.36175640e-01 
 5.49800000e-08  2.40881772e-01 
 5.50000000e-08  2.45544734e-01 
 5.50200000e-08  2.50163809e-01 
 5.50400000e-08  2.54738292e-01 
 5.50600000e-08  2.59267491e-01 
 5.50800000e-08  2.63750725e-01 
 5.51000000e-08  2.68187326e-01 
 5.51200000e-08  2.72576639e-01 
 5.51400000e-08  2.76918023e-01 
 5.51600000e-08  2.81210849e-01 
 5.51800000e-08  2.85454502e-01 
 5.52000000e-08  2.89648380e-01 
 5.52200000e-08  2.93791894e-01 
 5.52400000e-08  2.97884470e-01 
 5.52600000e-08  3.01925547e-01 
 5.52800000e-08  3.05914579e-01 
 5.53000000e-08  3.09851033e-01 
 5.53200000e-08  3.13734391e-01 
 5.53400000e-08  3.17564149e-01 
 5.53600000e-08  3.21339819e-01 
 5.53800000e-08  3.25060925e-01 
 5.54000000e-08  3.28727008e-01 
 5.54200000e-08  3.32337622e-01 
 5.54400000e-08  3.35892336e-01 
 5.54600000e-08  3.39390735e-01 
 5.54800000e-08  3.42832419e-01 
 5.55000000e-08  3.46217000e-01 
 5.55200000e-08  3.49544108e-01 
 5.55400000e-08  3.52813387e-01 
 5.55600000e-08  3.56024494e-01 
 5.55800000e-08  3.59177103e-01 
 5.56000000e-08  3.62270902e-01 
 5.56200000e-08  3.65305592e-01 
 5.56400000e-08  3.68280891e-01 
 5.56600000e-08  3.71196529e-01 
 5.56800000e-08  3.74052252e-01 
 5.57000000e-08  3.76847817e-01 
 5.57200000e-08  3.79582999e-01 
 5.57400000e-08  3.82257584e-01 
 5.57600000e-08  3.84871370e-01 
 5.57800000e-08  3.87424171e-01 
 5.58000000e-08  3.89915813e-01 
 5.58200000e-08  3.92346132e-01 
 5.58400000e-08  3.94714980e-01 
 5.58600000e-08  3.97022218e-01 
 5.58800000e-08  3.99267721e-01 
 5.59000000e-08  4.01451373e-01 
 5.59200000e-08  4.03573069e-01 
 5.59400000e-08  4.05632717e-01 
 5.59600000e-08  4.07630232e-01 
 5.59800000e-08  4.09565541e-01 
 5.60000000e-08  4.11438580e-01 
 5.60200000e-08  4.13249291e-01 
 5.60400000e-08  4.14997629e-01 
 5.60600000e-08  4.16683555e-01 
 5.60800000e-08  4.18307036e-01 
 5.61000000e-08  4.19868049e-01 
 5.61200000e-08  4.21366576e-01 
 5.61400000e-08  4.22802606e-01 
 5.61600000e-08  4.24176134e-01 
 5.61800000e-08  4.25487160e-01 
 5.62000000e-08  4.26735690e-01 
 5.62200000e-08  4.27921733e-01 
 5.62400000e-08  4.29045304e-01 
 5.62600000e-08  4.30106421e-01 
 5.62800000e-08  4.31105104e-01 
 5.63000000e-08  4.32041378e-01 
 5.63200000e-08  4.32915270e-01 
 5.63400000e-08  4.33726807e-01 
 5.63600000e-08  4.34476021e-01 
 5.63800000e-08  4.35162943e-01 
 5.64000000e-08  4.35787606e-01 
 5.64200000e-08  4.36350042e-01 
 5.64400000e-08  4.36850287e-01 
 5.64600000e-08  4.37288371e-01 
 5.64800000e-08  4.37664330e-01 
 5.65000000e-08  4.37978193e-01 
 5.65200000e-08  4.38229993e-01 
 5.65400000e-08  4.38419759e-01 
 5.65600000e-08  4.38547518e-01 
 5.65800000e-08  4.38613296e-01 
 5.66000000e-08  4.38617117e-01 
 5.66200000e-08  4.38559001e-01 
 5.66400000e-08  4.38438969e-01 
 5.66600000e-08  4.38257034e-01 
 5.66800000e-08  4.38013209e-01 
 5.67000000e-08  4.37707505e-01 
 5.67200000e-08  4.37339926e-01 
 5.67400000e-08  4.36910477e-01 
 5.67600000e-08  4.36419154e-01 
 5.67800000e-08  4.35865955e-01 
 5.68000000e-08  4.35250871e-01 
 5.68200000e-08  4.34573890e-01 
 5.68400000e-08  4.33834997e-01 
 5.68600000e-08  4.33034173e-01 
 5.68800000e-08  4.32171396e-01 
 5.69000000e-08  4.31246640e-01 
 5.69200000e-08  4.30259876e-01 
 5.69400000e-08  4.29211072e-01 
 5.69600000e-08  4.28100193e-01 
 5.69800000e-08  4.26927202e-01 
 5.70000000e-08  4.25692064e-01 
 5.70200000e-08  4.24394734e-01 
 5.70400000e-08  4.23035163e-01 
 5.70600000e-08  4.21613310e-01 
 5.70800000e-08  4.20129132e-01 
 5.71000000e-08  4.18582583e-01 
 5.71200000e-08  4.16973619e-01 
 5.71400000e-08  4.15302195e-01 
 5.71600000e-08  4.13568269e-01 
 5.71800000e-08  4.11771801e-01 
 5.72000000e-08  4.09912752e-01 
 5.72200000e-08  4.07991089e-01 
 5.72400000e-08  4.06006781e-01 
 5.72600000e-08  4.03959804e-01 
 5.72800000e-08  4.01850138e-01 
 5.73000000e-08  3.99677771e-01 
 5.73200000e-08  3.97442697e-01 
 5.73400000e-08  3.95144921e-01 
 5.73600000e-08  3.92784454e-01 
 5.73800000e-08  3.90361320e-01 
 5.74000000e-08  3.87875553e-01 
 5.74200000e-08  3.85327198e-01 
 5.74400000e-08  3.82716315e-01 
 5.74600000e-08  3.80042977e-01 
 5.74800000e-08  3.77307270e-01 
 5.75000000e-08  3.74509299e-01 
 5.75200000e-08  3.71649183e-01 
 5.75400000e-08  3.68727060e-01 
 5.75600000e-08  3.65743086e-01 
 5.75800000e-08  3.62697434e-01 
 5.76000000e-08  3.59590299e-01 
 5.76200000e-08  3.56421896e-01 
 5.76400000e-08  3.53192461e-01 
 5.76600000e-08  3.49902252e-01 
 5.76800000e-08  3.46551548e-01 
 5.77000000e-08  3.43140653e-01 
 5.77200000e-08  3.39669891e-01 
 5.77400000e-08  3.36139613e-01 
 5.77600000e-08  3.32550191e-01 
 5.77800000e-08  3.28902023e-01 
 5.78000000e-08  3.25195530e-01 
 5.78200000e-08  3.21431157e-01 
 5.78400000e-08  3.17609375e-01 
 5.78600000e-08  3.13730677e-01 
 5.78800000e-08  3.09795582e-01 
 5.79000000e-08  3.05804633e-01 
 5.79200000e-08  3.01758394e-01 
 5.79400000e-08  2.97657456e-01 
 5.79600000e-08  2.93502430e-01 
 5.79800000e-08  2.89293952e-01 
 5.80000000e-08  2.85032680e-01 
 5.80200000e-08  2.80719292e-01 
 5.80400000e-08  2.76354489e-01 
 5.80600000e-08  2.71938992e-01 
 5.80800000e-08  2.67473543e-01 
 5.81000000e-08  2.62958902e-01 
 5.81200000e-08  2.58395850e-01 
 5.81400000e-08  2.53785185e-01 
 5.81600000e-08  2.49127722e-01 
 5.81800000e-08  2.44424295e-01 
 5.82000000e-08  2.39675753e-01 
 5.82200000e-08  2.34882962e-01 
 5.82400000e-08  2.30046800e-01 
 5.82600000e-08  2.25168165e-01 
 5.82800000e-08  2.20247962e-01 
 5.83000000e-08  2.15287115e-01 
 5.83200000e-08  2.10286558e-01 
 5.83400000e-08  2.05247236e-01 
 5.83600000e-08  2.00170107e-01 
 5.83800000e-08  1.95056140e-01 
 5.84000000e-08  1.89906312e-01 
 5.84200000e-08  1.84721611e-01 
 5.84400000e-08  1.79503036e-01 
 5.84600000e-08  1.74251590e-01 
 5.84800000e-08  1.68968289e-01 
 5.85000000e-08  1.63654152e-01 
 5.85200000e-08  1.58310209e-01 
 5.85400000e-08  1.52937493e-01 
 5.85600000e-08  1.47537047e-01 
 5.85800000e-08  1.42109916e-01 
 5.86000000e-08  1.36657153e-01 
 5.86200000e-08  1.31179814e-01 
 5.86400000e-08  1.25678960e-01 
 5.86600000e-08  1.20155656e-01 
 5.86800000e-08  1.14610972e-01 
 5.87000000e-08  1.09045980e-01 
 5.87200000e-08  1.03461754e-01 
 5.87400000e-08  9.78593729e-02 
 5.87600000e-08  9.22399157e-02 
 5.87800000e-08  8.66044646e-02 
 5.88000000e-08  8.09541030e-02 
 5.88200000e-08  7.52899155e-02 
 5.88400000e-08  6.96129876e-02 
 5.88600000e-08  6.39244055e-02 
 5.88800000e-08  5.82252558e-02 
 5.89000000e-08  5.25166250e-02 
 5.89200000e-08  4.67995994e-02 
 5.89400000e-08  4.10752647e-02 
 5.89600000e-08  3.53447058e-02 
 5.89800000e-08  2.96090065e-02 
 5.90000000e-08  2.38692491e-02 
 5.90200000e-08  1.81265144e-02 
 5.90400000e-08  1.23818811e-02 
 5.90600000e-08  6.63642603e-03 
 5.90800000e-08  8.91223220e-04 
 5.91000000e-08 -4.85265580e-03 
 5.91200000e-08 -1.05941425e-02 
 5.91400000e-08 -1.63321715e-02 
 5.91600000e-08 -2.20656809e-02 
 5.91800000e-08 -2.77936124e-02 
 5.92000000e-08 -3.35149118e-02 
 5.92200000e-08 -3.92285289e-02 
 5.92400000e-08 -4.49334178e-02 
 5.92600000e-08 -5.06285374e-02 
 5.92800000e-08 -5.63128514e-02 
 5.93000000e-08 -6.19853284e-02 
 5.93200000e-08 -6.76449426e-02 
 5.93400000e-08 -7.32906733e-02 
 5.93600000e-08 -7.89215058e-02 
 5.93800000e-08 -8.45364312e-02 
 5.94000000e-08 -9.01344469e-02 
 5.94200000e-08 -9.57145564e-02 
 5.94400000e-08 -1.01275770e-01 
 5.94600000e-08 -1.06817104e-01 
 5.94800000e-08 -1.12337583e-01 
 5.95000000e-08 -1.17836238e-01 
 5.95200000e-08 -1.23312108e-01 
 5.95400000e-08 -1.28764237e-01 
 5.95600000e-08 -1.34191680e-01 
 5.95800000e-08 -1.39593499e-01 
 5.96000000e-08 -1.44968763e-01 
 5.96200000e-08 -1.50316550e-01 
 5.96400000e-08 -1.55635946e-01 
 5.96600000e-08 -1.60926048e-01 
 5.96800000e-08 -1.66185959e-01 
 5.97000000e-08 -1.71414792e-01 
 5.97200000e-08 -1.76611669e-01 
 5.97400000e-08 -1.81775723e-01 
 5.97600000e-08 -1.86906095e-01 
 5.97800000e-08 -1.92001935e-01 
 5.98000000e-08 -1.97062406e-01 
 5.98200000e-08 -2.02086679e-01 
 5.98400000e-08 -2.07073935e-01 
 5.98600000e-08 -2.12023366e-01 
 5.98800000e-08 -2.16934176e-01 
 5.99000000e-08 -2.21805578e-01 
 5.99200000e-08 -2.26636796e-01 
 5.99400000e-08 -2.31427068e-01 
 5.99600000e-08 -2.36175640e-01 
 5.99800000e-08 -2.40881772e-01 
 6.00000000e-08 -2.45549172e-01 
