 1.00000000e+06 -3.35977393e-01  1.09770688e-04 
 1.05932636e+06 -3.35977390e-01  1.16282984e-04 
 1.12217233e+06 -3.35977387e-01  1.23181630e-04 
 1.18874673e+06 -3.35977384e-01  1.30489547e-04 
 1.25927075e+06 -3.35977381e-01  1.38231017e-04 
 1.33397869e+06 -3.35977376e-01  1.46431760e-04 
 1.41311879e+06 -3.35977372e-01  1.55119023e-04 
 1.49695398e+06 -3.35977367e-01  1.64321670e-04 
 1.58576281e+06 -3.35977361e-01  1.74070277e-04 
 1.67984034e+06 -3.35977354e-01  1.84397233e-04 
 1.77949915e+06 -3.35977347e-01  1.95336850e-04 
 1.88507036e+06 -3.35977339e-01  2.06925475e-04 
 1.99690471e+06 -3.35977329e-01  2.19201610e-04 
 2.11537380e+06 -3.35977319e-01  2.32206044e-04 
 2.24087122e+06 -3.35977307e-01  2.45981984e-04 
 2.37381395e+06 -3.35977294e-01  2.60575201e-04 
 2.51464369e+06 -3.35977280e-01  2.76034180e-04 
 2.66382834e+06 -3.35977263e-01  2.92410284e-04 
 2.82186357e+06 -3.35977245e-01  3.09757924e-04 
 2.98927446e+06 -3.35977224e-01  3.28134736e-04 
 3.16661723e+06 -3.35977201e-01  3.47601777e-04 
 3.35448110e+06 -3.35977175e-01  3.68223729e-04 
 3.55349024e+06 -3.35977145e-01  3.90069106e-04 
 3.76430588e+06 -3.35977112e-01  4.13210490e-04 
 3.98762844e+06 -3.35977075e-01  4.37724770e-04 
 4.22419991e+06 -3.35977034e-01  4.63693393e-04 
 4.47480631e+06 -3.35976988e-01  4.91202642e-04 
 4.74028027e+06 -3.35976936e-01  5.20343916e-04 
 5.02150383e+06 -3.35976877e-01  5.51214037e-04 
 5.31941137e+06 -3.35976811e-01  5.83915573e-04 
 5.63499267e+06 -3.35976738e-01  6.18557174e-04 
 5.96929627e+06 -3.35976655e-01  6.55253938e-04 
 6.32343288e+06 -3.35976562e-01  6.94127792e-04 
 6.69857912e+06 -3.35976458e-01  7.35307894e-04 
 7.09598142e+06 -3.35976341e-01  7.78931067e-04 
 7.51696016e+06 -3.35976210e-01  8.25142250e-04 
 7.96291403e+06 -3.35976063e-01  8.74094982e-04 
 8.43532472e+06 -3.35975898e-01  9.25951910e-04 
 8.93576181e+06 -3.35975713e-01  9.80885332e-04 
 9.46588802e+06 -3.35975505e-01  1.03907777e-03 
 1.00274647e+07 -3.35975272e-01  1.10072256e-03 
 1.06223576e+07 -3.35975010e-01  1.16602453e-03 
 1.12525434e+07 -3.35974716e-01  1.23520066e-03 
 1.19201159e+07 -3.35974387e-01  1.30848077e-03 
 1.26272929e+07 -3.35974017e-01  1.38610836e-03 
 1.33764242e+07 -3.35973601e-01  1.46834134e-03 
 1.41699988e+07 -3.35973136e-01  1.55545295e-03 
 1.50106532e+07 -3.35972613e-01  1.64773263e-03 
 1.59011806e+07 -3.35972026e-01  1.74548698e-03 
 1.68445397e+07 -3.35971368e-01  1.84904081e-03 
 1.78438649e+07 -3.35970629e-01  1.95873820e-03 
 1.89024764e+07 -3.35969800e-01  2.07494363e-03 
 2.00238915e+07 -3.35968869e-01  2.19804323e-03 
 2.12118361e+07 -3.35967825e-01  2.32844602e-03 
 2.24702570e+07 -3.35966654e-01  2.46658529e-03 
 2.38033356e+07 -3.35965339e-01  2.61292007e-03 
 2.52155008e+07 -3.35963863e-01  2.76793658e-03 
 2.67114446e+07 -3.35962207e-01  2.93214994e-03 
 2.82961373e+07 -3.35960349e-01  3.10610581e-03 
 2.99748441e+07 -3.35958263e-01  3.29038223e-03 
 3.17531424e+07 -3.35955923e-01  3.48559156e-03 
 3.36369407e+07 -3.35953296e-01  3.69238249e-03 
 3.56324979e+07 -3.35950348e-01  3.91144222e-03 
 3.77464443e+07 -3.35947039e-01  4.14349873e-03 
 3.99858033e+07 -3.35943326e-01  4.38932320e-03 
 4.23580154e+07 -3.35939159e-01  4.64973260e-03 
 4.48709622e+07 -3.35934482e-01  4.92559238e-03 
 4.75329930e+07 -3.35929233e-01  5.21781939e-03 
 5.03529523e+07 -3.35923341e-01  5.52738489e-03 
 5.33402096e+07 -3.35916728e-01  5.85531781e-03 
 5.65046900e+07 -3.35909306e-01  6.20270817e-03 
 5.98569075e+07 -3.35900974e-01  6.57071070e-03 
 6.34079998e+07 -3.35891622e-01  6.96054872e-03 
 6.71697655e+07 -3.35881124e-01  7.37351817e-03 
 7.11547031e+07 -3.35869340e-01  7.81099197e-03 
 7.53760525e+07 -3.35856110e-01  8.27442454e-03 
 7.98478392e+07 -3.35841257e-01  8.76535669e-03 
 8.45849207e+07 -3.35824582e-01  9.28542070e-03 
 8.96030360e+07 -3.35805858e-01  9.83634579e-03 
 9.49188578e+07 -3.35784834e-01  1.04199638e-02 
 1.00550048e+08 -3.35761225e-01  1.10382153e-02 
 1.06515316e+08 -3.35734711e-01  1.16931560e-02 
 1.12834482e+08 -3.35704932e-01  1.23869636e-02 
 1.19528541e+08 -3.35671483e-01  1.31219445e-02 
 1.26619734e+08 -3.35633906e-01  1.39005421e-02 
 1.34131621e+08 -3.35591689e-01  1.47253439e-02 
 1.42089162e+08 -3.35544252e-01  1.55990903e-02 
 1.50518795e+08 -3.35490941e-01  1.65246833e-02 
 1.59448526e+08 -3.35431020e-01  1.75051950e-02 
 1.68908027e+08 -3.35363659e-01  1.85438779e-02 
 1.78928725e+08 -3.35287921e-01  1.96441737e-02 
 1.89543915e+08 -3.35202745e-01  2.08097238e-02 
 2.00788865e+08 -3.35106938e-01  2.20443795e-02 
 2.12700937e+08 -3.34999148e-01  2.33522117e-02 
 2.25319709e+08 -3.34877848e-01  2.47375216e-02 
 2.38687107e+08 -3.34741312e-01  2.62048498e-02 
 2.52847543e+08 -3.34587587e-01  2.77589863e-02 
 2.67848067e+08 -3.34414467e-01  2.94049780e-02 
 2.83738518e+08 -3.34219453e-01  3.11481364e-02 
 3.00571690e+08 -3.33999720e-01  3.29940427e-02 
 3.18403514e+08 -3.33752075e-01  3.49485503e-02 
 3.37293235e+08 -3.33472907e-01  3.70177851e-02 
 3.57303614e+08 -3.33158139e-01  3.92081410e-02 
 3.78501137e+08 -3.32803167e-01  4.15262710e-02 
 4.00956231e+08 -3.32402802e-01  4.39790725e-02 
 4.24743504e+08 -3.31951201e-01  4.65736649e-02 
 4.49941989e+08 -3.31441796e-01  4.93173593e-02 
 4.76635408e+08 -3.30867217e-01  5.22176189e-02 
 5.04912451e+08 -3.30219213e-01  5.52820071e-02 
 5.34867068e+08 -3.29488569e-01  5.85181246e-02 
 5.66598783e+08 -3.28665020e-01  6.19335312e-02 
 6.00213026e+08 -3.27737169e-01  6.55356530e-02 
 6.35821479e+08 -3.26692400e-01  6.93316728e-02 
 6.73542451e+08 -3.25516795e-01  7.33284014e-02 
 7.13501272e+08 -3.24195061e-01  7.75321300e-02 
 7.55830704e+08 -3.22710455e-01  8.19484605e-02 
 8.00671387e+08 -3.21044725e-01  8.65821126e-02 
 8.48172305e+08 -3.19178063e-01  9.14367068e-02 
 8.98491278e+08 -3.17089074e-01  9.65145196e-02 
 9.51795494e+08 -3.14754766e-01  1.01816212e-01 
 1.00826205e+09 -3.12150570e-01  1.07340527e-01 
 1.06807857e+09 -3.09250399e-01  1.13083959e-01 
 1.13144378e+09 -3.06026746e-01  1.19040395e-01 
 1.19856822e+09 -3.02450845e-01  1.25200728e-01 
 1.26967491e+09 -2.98492889e-01  1.31552451e-01 
 1.34500010e+09 -2.94122340e-01  1.38079238e-01 
 1.42479405e+09 -2.89308321e-01  1.44760527e-01 
 1.50932190e+09 -2.84020113e-01  1.51571115e-01 
 1.59886447e+09 -2.78227770e-01  1.58480795e-01 
 1.69371927e+09 -2.71902847e-01  1.65454056e-01 
 1.79420147e+09 -2.65019249e-01  1.72449874e-01 
 1.90064491e+09 -2.57554196e-01  1.79421637e-01 
 2.01340325e+09 -2.49489276e-01  1.86317237e-01 
 2.13285113e+09 -2.40811576e-01  1.93079363e-01 
 2.25938542e+09 -2.31514839e-01  1.99646028e-01 
 2.39342653e+09 -2.21600598e-01  2.05951370e-01 
 2.53541981e+09 -2.11079231e-01  2.11926722e-01 
 2.68583703e+09 -1.99970851e-01  2.17501965e-01 
 2.84517796e+09 -1.88305968e-01  2.22607134e-01 
 3.01397201e+09 -1.76125842e-01  2.27174242e-01 
 3.19277999e+09 -1.63482457e-01  2.31139245e-01 
 3.38219600e+09 -1.50438068e-01  2.34444060e-01 
 3.58284937e+09 -1.37064304e-01  2.37038540e-01 
 3.79540678e+09 -1.23440822e-01  2.38882274e-01 
 4.02057444e+09 -1.09653550e-01  2.39946101e-01 
 4.25910048e+09 -9.57926084e-02  2.40213251e-01 
 4.51177740e+09 -8.19499981e-02  2.39680000e-01 
 4.77944472e+09 -6.82171809e-02  2.38355825e-01 
 5.06299177e+09 -5.46826940e-02  2.36263021e-01 
 5.36336063e+09 -4.14299229e-02  2.33435824e-01 
 5.68154929e+09 -2.85351517e-02  2.29919094e-01 
 6.01861492e+09 -1.60659811e-02  2.25766658e-01 
 6.37567742e+09 -4.08017415e-03  2.21039416e-01 
 6.75392314e+09  7.37504588e-03  2.15803332e-01 
 7.15460881e+09  1.82632537e-02  2.10127417e-01 
 7.57906569e+09  2.85586725e-02  2.04081815e-01 
 8.02870406e+09  3.82456753e-02  1.97736064e-01 
 8.50501783e+09  4.73180081e-02  1.91157590e-01 
 9.00958956e+09  5.57778112e-02  1.84410472e-01 
 9.54409570e+09  6.36345161e-02  1.77554488e-01 
 1.01103121e+10  7.09036840e-02  1.70644438e-01 
 1.07101201e+10  7.76058469e-02  1.63729722e-01 
 1.13455126e+10  8.37653963e-02  1.56854136e-01 
 1.20186005e+10  8.94095551e-02  1.50055869e-01 
 1.27316203e+10  9.45674534e-02  1.43367647e-01 
 1.34869410e+10  9.92693225e-02  1.36816989e-01 
 1.42870721e+10  1.03545810e-01  1.30426555e-01 
 1.51346720e+10  1.07427412e-01  1.24214540e-01 
 1.60325570e+10  1.10944021e-01  1.18195105e-01 
 1.69837102e+10  1.14124571e-01  1.12378811e-01 
 1.79912919e+10  1.16996778e-01  1.06773047e-01 
 1.90586497e+10  1.19586948e-01  1.01382450e-01 
 2.01893300e+10  1.21919866e-01  9.62092855e-02 
 2.13870894e+10  1.24018722e-01  9.12538139e-02 
 2.26559075e+10  1.25905095e-01  8.65146109e-02 
 2.40000000e+10  1.27598961e-01  8.19888625e-02 
