 0.00000000e+00 -5.55111512e-16 
 2.00000000e-11  8.60073964e-05 
 4.00000000e-11 -5.13106118e-04 
 6.00000000e-11 -1.33312494e-03 
 8.00000000e-11 -2.22618787e-03 
 1.00000000e-10 -3.13273568e-03 
 1.20000000e-10 -4.03780436e-03 
 1.40000000e-10 -4.93768826e-03 
 1.60000000e-10 -5.83145554e-03 
 1.80000000e-10 -6.71891312e-03 
 2.00000000e-10 -7.60000927e-03 
 2.20000000e-10 -8.47475970e-03 
 2.40000000e-10 -9.34316207e-03 
 2.60000000e-10 -1.02052341e-02 
 2.80000000e-10 -1.10609708e-02 
 3.00000000e-10 -1.19103800e-02 
 3.20000000e-10 -1.27534511e-02 
 3.40000000e-10 -1.35901825e-02 
 3.60000000e-10 -1.44205576e-02 
 3.80000000e-10 -1.52445666e-02 
 4.00000000e-10 -1.60621868e-02 
 4.20000000e-10 -1.68734007e-02 
 4.40000000e-10 -1.76781800e-02 
 4.60000000e-10 -1.84764999e-02 
 4.80000000e-10 -1.92683264e-02 
 5.00000000e-10 -2.00536279e-02 
 5.20000000e-10 -2.08323650e-02 
 5.40000000e-10 -2.16044997e-02 
 5.60000000e-10 -2.23699870e-02 
 5.80000000e-10 -2.31287828e-02 
 6.00000000e-10 -2.38808367e-02 
 6.20000000e-10 -2.46260989e-02 
 6.40000000e-10 -2.53645137e-02 
 6.60000000e-10 -2.60960256e-02 
 6.80000000e-10 -2.68205741e-02 
 7.00000000e-10 -2.75380979e-02 
 7.20000000e-10 -2.82485319e-02 
 7.40000000e-10 -2.89518097e-02 
 7.60000000e-10 -2.96478612e-02 
 7.80000000e-10 -3.03366154e-02 
 8.00000000e-10 -3.10179976e-02 
 8.20000000e-10 -3.16919322e-02 
 8.40000000e-10 -3.23583403e-02 
 8.60000000e-10 -3.30171418e-02 
 8.80000000e-10 -3.36682540e-02 
 9.00000000e-10 -3.43115929e-02 
 9.20000000e-10 -3.49470719e-02 
 9.40000000e-10 -3.55746035e-02 
 9.60000000e-10 -3.61940977e-02 
 9.80000000e-10 -3.68054638e-02 
 1.00000000e-09 -3.74086088e-02 
 1.02000000e-09 -3.80034391e-02 
 1.04000000e-09 -3.85898592e-02 
 1.06000000e-09 -3.91677730e-02 
 1.08000000e-09 -3.97370829e-02 
 1.10000000e-09 -4.02976909e-02 
 1.12000000e-09 -4.08494976e-02 
 1.14000000e-09 -4.13924035e-02 
 1.16000000e-09 -4.19263081e-02 
 1.18000000e-09 -4.24511108e-02 
 1.20000000e-09 -4.29667105e-02 
 1.22000000e-09 -4.34730061e-02 
 1.24000000e-09 -4.39698962e-02 
 1.26000000e-09 -4.44572800e-02 
 1.28000000e-09 -4.49350564e-02 
 1.30000000e-09 -4.54031250e-02 
 1.32000000e-09 -4.58613859e-02 
 1.34000000e-09 -4.63097399e-02 
 1.36000000e-09 -4.67480884e-02 
 1.38000000e-09 -4.71763339e-02 
 1.40000000e-09 -4.75943800e-02 
 1.42000000e-09 -4.80021315e-02 
 1.44000000e-09 -4.83994945e-02 
 1.46000000e-09 -4.87863768e-02 
 1.48000000e-09 -4.91626875e-02 
 1.50000000e-09 -4.95283380e-02 
 1.52000000e-09 -4.98832410e-02 
 1.54000000e-09 -5.02273117e-02 
 1.56000000e-09 -5.05604674e-02 
 1.58000000e-09 -5.08826275e-02 
 1.60000000e-09 -5.11937139e-02 
 1.62000000e-09 -5.14936512e-02 
 1.64000000e-09 -5.17823665e-02 
 1.66000000e-09 -5.20597897e-02 
 1.68000000e-09 -5.23258537e-02 
 1.70000000e-09 -5.25804942e-02 
 1.72000000e-09 -5.28236501e-02 
 1.74000000e-09 -5.30552636e-02 
 1.76000000e-09 -5.32752798e-02 
 1.78000000e-09 -5.34836475e-02 
 1.80000000e-09 -5.36803189e-02 
 1.82000000e-09 -5.38652497e-02 
 1.84000000e-09 -5.40383992e-02 
 1.86000000e-09 -5.41997303e-02 
 1.88000000e-09 -5.43492096e-02 
 1.90000000e-09 -5.44868077e-02 
 1.92000000e-09 -5.46124988e-02 
 1.94000000e-09 -5.47262613e-02 
 1.96000000e-09 -5.48280771e-02 
 1.98000000e-09 -5.49179323e-02 
 2.00000000e-09 -5.49958172e-02 
 2.02000000e-09 -5.50617257e-02 
 2.04000000e-09 -5.51156561e-02 
 2.06000000e-09 -5.51576105e-02 
 2.08000000e-09 -5.51875954e-02 
 2.10000000e-09 -5.52056210e-02 
 2.12000000e-09 -5.52117018e-02 
 2.14000000e-09 -5.52058565e-02 
 2.16000000e-09 -5.51881075e-02 
 2.18000000e-09 -5.51584816e-02 
 2.20000000e-09 -5.51170096e-02 
 2.22000000e-09 -5.50637262e-02 
 2.24000000e-09 -5.49986700e-02 
 2.26000000e-09 -5.49218839e-02 
 2.28000000e-09 -5.48334145e-02 
 2.30000000e-09 -5.47333123e-02 
 2.32000000e-09 -5.46216317e-02 
 2.34000000e-09 -5.44984309e-02 
 2.36000000e-09 -5.43637719e-02 
 2.38000000e-09 -5.42177203e-02 
 2.40000000e-09 -5.40603454e-02 
 2.42000000e-09 -5.38917201e-02 
 2.44000000e-09 -5.37119208e-02 
 2.46000000e-09 -5.35210275e-02 
 2.48000000e-09 -5.33191233e-02 
 2.50000000e-09 -5.31062949e-02 
 2.52000000e-09 -5.28826320e-02 
 2.54000000e-09 -5.26482276e-02 
 2.56000000e-09 -5.24031779e-02 
 2.58000000e-09 -5.21475818e-02 
 2.60000000e-09 -5.18815413e-02 
 2.62000000e-09 -5.16051613e-02 
 2.64000000e-09 -5.13185493e-02 
 2.66000000e-09 -5.10218155e-02 
 2.68000000e-09 -5.07150727e-02 
 2.70000000e-09 -5.03984360e-02 
 2.72000000e-09 -5.00720230e-02 
 2.74000000e-09 -4.97359537e-02 
 2.76000000e-09 -4.93903499e-02 
 2.78000000e-09 -4.90353358e-02 
 2.80000000e-09 -4.86710375e-02 
 2.82000000e-09 -4.82975828e-02 
 2.84000000e-09 -4.79151015e-02 
 2.86000000e-09 -4.75237249e-02 
 2.88000000e-09 -4.71235859e-02 
 2.90000000e-09 -4.67148189e-02 
 2.92000000e-09 -4.62975595e-02 
 2.94000000e-09 -4.58719448e-02 
 2.96000000e-09 -4.54381127e-02 
 2.98000000e-09 -4.49962025e-02 
 3.00000000e-09 -4.45463542e-02 
 3.02000000e-09 -4.40887087e-02 
 3.04000000e-09 -4.36234076e-02 
 3.06000000e-09 -4.31505932e-02 
 3.08000000e-09 -4.26704081e-02 
 3.10000000e-09 -4.21829956e-02 
 3.12000000e-09 -4.16884993e-02 
 3.14000000e-09 -4.11870627e-02 
 3.16000000e-09 -4.06788299e-02 
 3.18000000e-09 -4.01639447e-02 
 3.20000000e-09 -3.96425509e-02 
 3.22000000e-09 -3.91147922e-02 
 3.24000000e-09 -3.85808121e-02 
 3.26000000e-09 -3.80407538e-02 
 3.28000000e-09 -3.74947598e-02 
 3.30000000e-09 -3.69429724e-02 
 3.32000000e-09 -3.63855334e-02 
 3.34000000e-09 -3.58225835e-02 
 3.36000000e-09 -3.52542632e-02 
 3.38000000e-09 -3.46807117e-02 
 3.40000000e-09 -3.41020678e-02 
 3.42000000e-09 -3.35184690e-02 
 3.44000000e-09 -3.29300519e-02 
 3.46000000e-09 -3.23369521e-02 
 3.48000000e-09 -3.17393040e-02 
 3.50000000e-09 -3.11372407e-02 
 3.52000000e-09 -3.05308944e-02 
 3.54000000e-09 -2.99203956e-02 
 3.56000000e-09 -2.93058736e-02 
 3.58000000e-09 -2.86874566e-02 
 3.60000000e-09 -2.80652709e-02 
 3.62000000e-09 -2.74394417e-02 
 3.64000000e-09 -2.68100925e-02 
 3.66000000e-09 -2.61773454e-02 
 3.68000000e-09 -2.55413208e-02 
 3.70000000e-09 -2.49021377e-02 
 3.72000000e-09 -2.42599132e-02 
 3.74000000e-09 -2.36147631e-02 
 3.76000000e-09 -2.29668013e-02 
 3.78000000e-09 -2.23161403e-02 
 3.80000000e-09 -2.16628906e-02 
 3.82000000e-09 -2.10071612e-02 
 3.84000000e-09 -2.03490596e-02 
 3.86000000e-09 -1.96886912e-02 
 3.88000000e-09 -1.90261600e-02 
 3.90000000e-09 -1.83615683e-02 
 3.92000000e-09 -1.76950166e-02 
 3.94000000e-09 -1.70266039e-02 
 3.96000000e-09 -1.63564273e-02 
 3.98000000e-09 -1.56845825e-02 
 4.00000000e-09 -1.50111634e-02 
 4.02000000e-09 -1.43362623e-02 
 4.04000000e-09 -1.36599701e-02 
 4.06000000e-09 -1.29823758e-02 
 4.08000000e-09 -1.23035671e-02 
 4.10000000e-09 -1.16236300e-02 
 4.12000000e-09 -1.09426493e-02 
 4.14000000e-09 -1.02607079e-02 
 4.16000000e-09 -9.57788760e-03 
 4.18000000e-09 -8.89426866e-03 
 4.20000000e-09 -8.20992999e-03 
 4.22000000e-09 -7.52494915e-03 
 4.24000000e-09 -6.83940241e-03 
 4.26000000e-09 -6.15336480e-03 
 4.28000000e-09 -5.46691009e-03 
 4.30000000e-09 -4.78011090e-03 
 4.32000000e-09 -4.09303871e-03 
 4.34000000e-09 -3.40576388e-03 
 4.36000000e-09 -2.71835574e-03 
 4.38000000e-09 -2.03088263e-03 
 4.40000000e-09 -1.34341189e-03 
 4.42000000e-09 -6.56009983e-04 
 4.44000000e-09  3.12575045e-05 
 4.46000000e-09  7.18325803e-04 
 4.48000000e-09  1.40513091e-03 
 4.50000000e-09  2.09160952e-03 
 4.52000000e-09  2.77769903e-03 
 4.54000000e-09  3.46333742e-03 
 4.56000000e-09  4.14846324e-03 
 4.58000000e-09  4.83301556e-03 
 4.60000000e-09  5.51693389e-03 
 4.62000000e-09  6.20015816e-03 
 4.64000000e-09  6.88262865e-03 
 4.66000000e-09  7.56428594e-03 
 4.68000000e-09  8.24507083e-03 
 4.70000000e-09  8.92492435e-03 
 4.72000000e-09  9.60378763e-03 
 4.74000000e-09  1.02816019e-02 
 4.76000000e-09  1.09583084e-02 
 4.78000000e-09  1.16338484e-02 
 4.80000000e-09  1.23081631e-02 
 4.82000000e-09  1.29811933e-02 
 4.84000000e-09  1.36528801e-02 
 4.86000000e-09  1.43231639e-02 
 4.88000000e-09  1.49919850e-02 
 4.90000000e-09  1.56592834e-02 
 4.92000000e-09  1.63249986e-02 
 4.94000000e-09  1.69890696e-02 
 4.96000000e-09  1.76514351e-02 
 4.98000000e-09  1.83120331e-02 
 5.00000000e-09  1.89708009e-02 
 5.02000000e-09  1.96276753e-02 
 5.04000000e-09  2.02825923e-02 
 5.06000000e-09  2.09354872e-02 
 5.08000000e-09  2.15862944e-02 
 5.10000000e-09  2.22349476e-02 
 5.12000000e-09  2.28813794e-02 
 5.14000000e-09  2.35255216e-02 
 5.16000000e-09  2.41673048e-02 
 5.18000000e-09  2.48066590e-02 
 5.20000000e-09  2.54435126e-02 
 5.22000000e-09  2.60777932e-02 
 5.24000000e-09  2.67094272e-02 
 5.26000000e-09  2.73383397e-02 
 5.28000000e-09  2.79644546e-02 
 5.30000000e-09  2.85876947e-02 
 5.32000000e-09  2.92079812e-02 
 5.34000000e-09  2.98252343e-02 
 5.36000000e-09  3.04393725e-02 
 5.38000000e-09  3.10503132e-02 
 5.40000000e-09  3.16579723e-02 
 5.42000000e-09  3.22622642e-02 
 5.44000000e-09  3.28631019e-02 
 5.46000000e-09  3.34603969e-02 
 5.48000000e-09  3.40540593e-02 
 5.50000000e-09  3.46439976e-02 
 5.52000000e-09  3.52301189e-02 
 5.54000000e-09  3.58123287e-02 
 5.56000000e-09  3.63905311e-02 
 5.58000000e-09  3.69646286e-02 
 5.60000000e-09  3.75345222e-02 
 5.62000000e-09  3.81001115e-02 
 5.64000000e-09  3.86612944e-02 
 5.66000000e-09  3.92179676e-02 
 5.68000000e-09  3.97700261e-02 
 5.70000000e-09  4.03173637e-02 
 5.72000000e-09  4.08598727e-02 
 5.74000000e-09  4.13974438e-02 
 5.76000000e-09  4.19299668e-02 
 5.78000000e-09  4.24573299e-02 
 5.80000000e-09  4.29794201e-02 
 5.82000000e-09  4.34961231e-02 
 5.84000000e-09  4.40073237e-02 
 5.86000000e-09  4.45129053e-02 
 5.88000000e-09  4.50127504e-02 
 5.90000000e-09  4.55067406e-02 
 5.92000000e-09  4.59947562e-02 
 5.94000000e-09  4.64766772e-02 
 5.96000000e-09  4.69523824e-02 
 5.98000000e-09  4.74217501e-02 
 6.00000000e-09  4.78846579e-02 
 6.02000000e-09  4.83409829e-02 
 6.04000000e-09  4.87906017e-02 
 6.06000000e-09  4.92333908e-02 
 6.08000000e-09  4.96692262e-02 
 6.10000000e-09  5.00979838e-02 
 6.12000000e-09  5.05195396e-02 
 6.14000000e-09  5.09337694e-02 
 6.16000000e-09  5.13405494e-02 
 6.18000000e-09  5.17397560e-02 
 6.20000000e-09  5.21312661e-02 
 6.22000000e-09  5.25149569e-02 
 6.24000000e-09  5.28907063e-02 
 6.26000000e-09  5.32583932e-02 
 6.28000000e-09  5.36178970e-02 
 6.30000000e-09  5.39690982e-02 
 6.32000000e-09  5.43118786e-02 
 6.34000000e-09  5.46461211e-02 
 6.36000000e-09  5.49717098e-02 
 6.38000000e-09  5.52885306e-02 
 6.40000000e-09  5.55964708e-02 
 6.42000000e-09  5.58954193e-02 
 6.44000000e-09  5.61852672e-02 
 6.46000000e-09  5.64659072e-02 
 6.48000000e-09  5.67372345e-02 
 6.50000000e-09  5.69991460e-02 
 6.52000000e-09  5.72515412e-02 
 6.54000000e-09  5.74943222e-02 
 6.56000000e-09  5.77273932e-02 
 6.58000000e-09  5.79506615e-02 
 6.60000000e-09  5.81640368e-02 
 6.62000000e-09  5.83674319e-02 
 6.64000000e-09  5.85607624e-02 
 6.66000000e-09  5.87439471e-02 
 6.68000000e-09  5.89169078e-02 
 6.70000000e-09  5.90795697e-02 
 6.72000000e-09  5.92318611e-02 
 6.74000000e-09  5.93737139e-02 
 6.76000000e-09  5.95050635e-02 
 6.78000000e-09  5.96258487e-02 
 6.80000000e-09  5.97360119e-02 
 6.82000000e-09  5.98354994e-02 
 6.84000000e-09  5.99242612e-02 
 6.86000000e-09  6.00022509e-02 
 6.88000000e-09  6.00694261e-02 
 6.90000000e-09  6.01257484e-02 
 6.92000000e-09  6.01711832e-02 
 6.94000000e-09  6.02056998e-02 
 6.96000000e-09  6.02292718e-02 
 6.98000000e-09  6.02418766e-02 
 7.00000000e-09  6.02434957e-02 
 7.02000000e-09  6.02341148e-02 
 7.04000000e-09  6.02137236e-02 
 7.06000000e-09  6.01823159e-02 
 7.08000000e-09  6.01398897e-02 
 7.10000000e-09  6.00864471e-02 
 7.12000000e-09  6.00219942e-02 
 7.14000000e-09  5.99465413e-02 
 7.16000000e-09  5.98601028e-02 
 7.18000000e-09  5.97626971e-02 
 7.20000000e-09  5.96543467e-02 
 7.22000000e-09  5.95350782e-02 
 7.24000000e-09  5.94049220e-02 
 7.26000000e-09  5.92639128e-02 
 7.28000000e-09  5.91120890e-02 
 7.30000000e-09  5.89494928e-02 
 7.32000000e-09  5.87761706e-02 
 7.34000000e-09  5.85921722e-02 
 7.36000000e-09  5.83975515e-02 
 7.38000000e-09  5.81923659e-02 
 7.40000000e-09  5.79766765e-02 
 7.42000000e-09  5.77505481e-02 
 7.44000000e-09  5.75140488e-02 
 7.46000000e-09  5.72672502e-02 
 7.48000000e-09  5.70102276e-02 
 7.50000000e-09  5.67430592e-02 
 7.52000000e-09  5.64658267e-02 
 7.54000000e-09  5.61786149e-02 
 7.56000000e-09  5.58815116e-02 
 7.58000000e-09  5.55746078e-02 
 7.60000000e-09  5.52579973e-02 
 7.62000000e-09  5.49317767e-02 
 7.64000000e-09  5.45960455e-02 
 7.66000000e-09  5.42509057e-02 
 7.68000000e-09  5.38964621e-02 
 7.70000000e-09  5.35328216e-02 
 7.72000000e-09  5.31600938e-02 
 7.74000000e-09  5.27783906e-02 
 7.76000000e-09  5.23878258e-02 
 7.78000000e-09  5.19885157e-02 
 7.80000000e-09  5.15805783e-02 
 7.82000000e-09  5.11641335e-02 
 7.84000000e-09  5.07393032e-02 
 7.86000000e-09  5.03062108e-02 
 7.88000000e-09  4.98649814e-02 
 7.90000000e-09  4.94157414e-02 
 7.92000000e-09  4.89586190e-02 
 7.94000000e-09  4.84937431e-02 
 7.96000000e-09  4.80212443e-02 
 7.98000000e-09  4.75412541e-02 
 8.00000000e-09  4.70539048e-02 
 8.02000000e-09  4.65593298e-02 
 8.04000000e-09  4.60576632e-02 
 8.06000000e-09  4.55490397e-02 
 8.08000000e-09  4.50335946e-02 
 8.10000000e-09  4.45114638e-02 
 8.12000000e-09  4.39827835e-02 
 8.14000000e-09  4.34476900e-02 
 8.16000000e-09  4.29063200e-02 
 8.18000000e-09  4.23588103e-02 
 8.20000000e-09  4.18052975e-02 
 8.22000000e-09  4.12459183e-02 
 8.24000000e-09  4.06808091e-02 
 8.26000000e-09  4.01101060e-02 
 8.28000000e-09  3.95339448e-02 
 8.30000000e-09  3.89524610e-02 
 8.32000000e-09  3.83657894e-02 
 8.34000000e-09  3.77740641e-02 
 8.36000000e-09  3.71774189e-02 
 8.38000000e-09  3.65759864e-02 
 8.40000000e-09  3.59698988e-02 
 8.42000000e-09  3.53592872e-02 
 8.44000000e-09  3.47442817e-02 
 8.46000000e-09  3.41250115e-02 
 8.48000000e-09  3.35016048e-02 
 8.50000000e-09  3.28741884e-02 
 8.52000000e-09  3.22428882e-02 
 8.54000000e-09  3.16078288e-02 
 8.56000000e-09  3.09691334e-02 
 8.58000000e-09  3.03269241e-02 
 8.60000000e-09  2.96813214e-02 
 8.62000000e-09  2.90324445e-02 
 8.64000000e-09  2.83804112e-02 
 8.66000000e-09  2.77253379e-02 
 8.68000000e-09  2.70673393e-02 
 8.70000000e-09  2.64065287e-02 
 8.72000000e-09  2.57430178e-02 
 8.74000000e-09  2.50769170e-02 
 8.76000000e-09  2.44083347e-02 
 8.78000000e-09  2.37373779e-02 
 8.80000000e-09  2.30641521e-02 
 8.82000000e-09  2.23887611e-02 
 8.84000000e-09  2.17113070e-02 
 8.86000000e-09  2.10318904e-02 
 8.88000000e-09  2.03506102e-02 
 8.90000000e-09  1.96675637e-02 
 8.92000000e-09  1.89828465e-02 
 8.94000000e-09  1.82965529e-02 
 8.96000000e-09  1.76087753e-02 
 8.98000000e-09  1.69196046e-02 
 9.00000000e-09  1.62291301e-02 
 9.02000000e-09  1.55374397e-02 
 9.04000000e-09  1.48446196e-02 
 9.06000000e-09  1.41507545e-02 
 9.08000000e-09  1.34559277e-02 
 9.10000000e-09  1.27602210e-02 
 9.12000000e-09  1.20637148e-02 
 9.14000000e-09  1.13664880e-02 
 9.16000000e-09  1.06686183e-02 
 9.18000000e-09  9.97018174e-03 
 9.20000000e-09  9.27125339e-03 
 9.22000000e-09  8.57190686e-03 
 9.24000000e-09  7.87221456e-03 
 9.26000000e-09  7.17224771e-03 
 9.28000000e-09  6.47207635e-03 
 9.30000000e-09  5.77176942e-03 
 9.32000000e-09  5.07139477e-03 
 9.34000000e-09  4.37101920e-03 
 9.36000000e-09  3.67070854e-03 
 9.38000000e-09  2.97052765e-03 
 9.40000000e-09  2.27054051e-03 
 9.42000000e-09  1.57081022e-03 
 9.44000000e-09  8.71399094e-04 
 9.46000000e-09  1.72368665e-04 
 9.48000000e-09 -5.26220236e-04 
 9.50000000e-09 -1.22430744e-03 
 9.52000000e-09 -1.92183340e-03 
 9.54000000e-09 -2.61873913e-03 
 9.56000000e-09 -3.31496613e-03 
 9.58000000e-09 -4.01045641e-03 
 9.60000000e-09 -4.70515234e-03 
 9.62000000e-09 -5.39899667e-03 
 9.64000000e-09 -6.09193245e-03 
 9.66000000e-09 -6.78390298e-03 
 9.68000000e-09 -7.47485176e-03 
 9.70000000e-09 -8.16472243e-03 
 9.72000000e-09 -8.85345871e-03 
 9.74000000e-09 -9.54100438e-03 
 9.76000000e-09 -1.02273032e-02 
 9.78000000e-09 -1.09122988e-02 
 9.80000000e-09 -1.15959348e-02 
 9.82000000e-09 -1.22781546e-02 
 9.84000000e-09 -1.29589013e-02 
 9.86000000e-09 -1.36381177e-02 
 9.88000000e-09 -1.43157465e-02 
 9.90000000e-09 -1.49917297e-02 
 9.92000000e-09 -1.56660091e-02 
 9.94000000e-09 -1.63385258e-02 
 9.96000000e-09 -1.70092205e-02 
 9.98000000e-09 -1.76780333e-02 
 1.00000000e-08 -1.83449036e-02 
 1.00200000e-08 -1.90097700e-02 
 1.00400000e-08 -1.96725707e-02 
 1.00600000e-08 -2.03332426e-02 
 1.00800000e-08 -2.09917223e-02 
 1.01000000e-08 -2.16479451e-02 
 1.01200000e-08 -2.23018454e-02 
 1.01400000e-08 -2.29533570e-02 
 1.01600000e-08 -2.36024121e-02 
 1.01800000e-08 -2.42489423e-02 
 1.02000000e-08 -2.48928778e-02 
 1.02200000e-08 -2.55341479e-02 
 1.02400000e-08 -2.61726805e-02 
 1.02600000e-08 -2.68084024e-02 
 1.02800000e-08 -2.74412390e-02 
 1.03000000e-08 -2.80711145e-02 
 1.03200000e-08 -2.86979519e-02 
 1.03400000e-08 -2.93216725e-02 
 1.03600000e-08 -2.99421966e-02 
 1.03800000e-08 -3.05594427e-02 
 1.04000000e-08 -3.11733283e-02 
 1.04200000e-08 -3.17837690e-02 
 1.04400000e-08 -3.23906792e-02 
 1.04600000e-08 -3.29939718e-02 
 1.04800000e-08 -3.35935581e-02 
 1.05000000e-08 -3.41893478e-02 
 1.05200000e-08 -3.47812493e-02 
 1.05400000e-08 -3.53691693e-02 
 1.05600000e-08 -3.59530130e-02 
 1.05800000e-08 -3.65326840e-02 
 1.06000000e-08 -3.71080847e-02 
 1.06200000e-08 -3.76791154e-02 
 1.06400000e-08 -3.82456755e-02 
 1.06600000e-08 -3.88076625e-02 
 1.06800000e-08 -3.93649724e-02 
 1.07000000e-08 -3.99175002e-02 
 1.07200000e-08 -4.04651389e-02 
 1.07400000e-08 -4.10077805e-02 
 1.07600000e-08 -4.15453154e-02 
 1.07800000e-08 -4.20776329e-02 
 1.08000000e-08 -4.26046208e-02 
 1.08200000e-08 -4.31261658e-02 
 1.08400000e-08 -4.36421533e-02 
 1.08600000e-08 -4.41524678e-02 
 1.08800000e-08 -4.46569925e-02 
 1.09000000e-08 -4.51556096e-02 
 1.09200000e-08 -4.56482005e-02 
 1.09400000e-08 -4.61346456e-02 
 1.09600000e-08 -4.66148247e-02 
 1.09800000e-08 -4.70886165e-02 
 1.10000000e-08 -4.75558994e-02 
 1.10200000e-08 -4.80165513e-02 
 1.10400000e-08 -4.84704493e-02 
 1.10600000e-08 -4.89174705e-02 
 1.10800000e-08 -4.93574915e-02 
 1.11000000e-08 -4.97903888e-02 
 1.11200000e-08 -5.02160389e-02 
 1.11400000e-08 -5.06343183e-02 
 1.11600000e-08 -5.10451036e-02 
 1.11800000e-08 -5.14482717e-02 
 1.12000000e-08 -5.18437000e-02 
 1.12200000e-08 -5.22312662e-02 
 1.12400000e-08 -5.26108487e-02 
 1.12600000e-08 -5.29823266e-02 
 1.12800000e-08 -5.33455801e-02 
 1.13000000e-08 -5.37004899e-02 
 1.13200000e-08 -5.40469382e-02 
 1.13400000e-08 -5.43848082e-02 
 1.13600000e-08 -5.47139847e-02 
 1.13800000e-08 -5.50343536e-02 
 1.14000000e-08 -5.53458026e-02 
 1.14200000e-08 -5.56482212e-02 
 1.14400000e-08 -5.59415006e-02 
 1.14600000e-08 -5.62255339e-02 
 1.14800000e-08 -5.65002164e-02 
 1.15000000e-08 -5.67654456e-02 
 1.15200000e-08 -5.70211213e-02 
 1.15400000e-08 -5.72671455e-02 
 1.15600000e-08 -5.75034231e-02 
 1.15800000e-08 -5.77298614e-02 
 1.16000000e-08 -5.79463705e-02 
 1.16200000e-08 -5.81528633e-02 
 1.16400000e-08 -5.83492559e-02 
 1.16600000e-08 -5.85354670e-02 
 1.16800000e-08 -5.87114190e-02 
 1.17000000e-08 -5.88770370e-02 
 1.17200000e-08 -5.90322498e-02 
 1.17400000e-08 -5.91769895e-02 
 1.17600000e-08 -5.93111915e-02 
 1.17800000e-08 -5.94347950e-02 
 1.18000000e-08 -5.95477427e-02 
 1.18200000e-08 -5.96499809e-02 
 1.18400000e-08 -5.97414599e-02 
 1.18600000e-08 -5.98221336e-02 
 1.18800000e-08 -5.98919599e-02 
 1.19000000e-08 -5.99509003e-02 
 1.19200000e-08 -5.99989206e-02 
 1.19400000e-08 -6.00359904e-02 
 1.19600000e-08 -6.00620834e-02 
 1.19800000e-08 -6.00771773e-02 
 1.20000000e-08 -6.00812537e-02 
 1.20200000e-08 -6.00742987e-02 
 1.20400000e-08 -6.00563020e-02 
 1.20600000e-08 -6.00272578e-02 
 1.20800000e-08 -5.99871643e-02 
 1.21000000e-08 -5.99360237e-02 
 1.21200000e-08 -5.98738424e-02 
 1.21400000e-08 -5.98006310e-02 
 1.21600000e-08 -5.97164040e-02 
 1.21800000e-08 -5.96211801e-02 
 1.22000000e-08 -5.95149822e-02 
 1.22200000e-08 -5.93978368e-02 
 1.22400000e-08 -5.92697749e-02 
 1.22600000e-08 -5.91308311e-02 
 1.22800000e-08 -5.89810442e-02 
 1.23000000e-08 -5.88204568e-02 
 1.23200000e-08 -5.86491152e-02 
 1.23400000e-08 -5.84670697e-02 
 1.23600000e-08 -5.82743744e-02 
 1.23800000e-08 -5.80710869e-02 
 1.24000000e-08 -5.78572687e-02 
 1.24200000e-08 -5.76329846e-02 
 1.24400000e-08 -5.73983031e-02 
 1.24600000e-08 -5.71532962e-02 
 1.24800000e-08 -5.68980392e-02 
 1.25000000e-08 -5.66326106e-02 
 1.25200000e-08 -5.63570926e-02 
 1.25400000e-08 -5.60715699e-02 
 1.25600000e-08 -5.57761309e-02 
 1.25800000e-08 -5.54708667e-02 
 1.26000000e-08 -5.51558714e-02 
 1.26200000e-08 -5.48312418e-02 
 1.26400000e-08 -5.44970777e-02 
 1.26600000e-08 -5.41534814e-02 
 1.26800000e-08 -5.38005579e-02 
 1.27000000e-08 -5.34384144e-02 
 1.27200000e-08 -5.30671609e-02 
 1.27400000e-08 -5.26869092e-02 
 1.27600000e-08 -5.22977739e-02 
 1.27800000e-08 -5.18998710e-02 
 1.28000000e-08 -5.14933191e-02 
 1.28200000e-08 -5.10782384e-02 
 1.28400000e-08 -5.06547508e-02 
 1.28600000e-08 -5.02229802e-02 
 1.28800000e-08 -4.97830519e-02 
 1.29000000e-08 -4.93350926e-02 
 1.29200000e-08 -4.88792305e-02 
 1.29400000e-08 -4.84155952e-02 
 1.29600000e-08 -4.79443172e-02 
 1.29800000e-08 -4.74655283e-02 
 1.30000000e-08 -4.69793613e-02 
 1.30200000e-08 -4.64859496e-02 
 1.30400000e-08 -4.59854276e-02 
 1.30600000e-08 -4.54779304e-02 
 1.30800000e-08 -4.49635935e-02 
 1.31000000e-08 -4.44425529e-02 
 1.31200000e-08 -4.39149451e-02 
 1.31400000e-08 -4.33809068e-02 
 1.31600000e-08 -4.28405749e-02 
 1.31800000e-08 -4.22940862e-02 
 1.32000000e-08 -4.17415779e-02 
 1.32200000e-08 -4.11831866e-02 
 1.32400000e-08 -4.06190492e-02 
 1.32600000e-08 -4.00493020e-02 
 1.32800000e-08 -3.94740810e-02 
 1.33000000e-08 -3.88935218e-02 
 1.33200000e-08 -3.83077596e-02 
 1.33400000e-08 -3.77169287e-02 
 1.33600000e-08 -3.71211630e-02 
 1.33800000e-08 -3.65205956e-02 
 1.34000000e-08 -3.59153586e-02 
 1.34200000e-08 -3.53055835e-02 
 1.34400000e-08 -3.46914006e-02 
 1.34600000e-08 -3.40729393e-02 
 1.34800000e-08 -3.34503280e-02 
 1.35000000e-08 -3.28236938e-02 
 1.35200000e-08 -3.21931628e-02 
 1.35400000e-08 -3.15588596e-02 
 1.35600000e-08 -3.09209079e-02 
 1.35800000e-08 -3.02794297e-02 
 1.36000000e-08 -2.96345460e-02 
 1.36200000e-08 -2.89863760e-02 
 1.36400000e-08 -2.83350379e-02 
 1.36600000e-08 -2.76806480e-02 
 1.36800000e-08 -2.70233214e-02 
 1.37000000e-08 -2.63631715e-02 
 1.37200000e-08 -2.57003104e-02 
 1.37400000e-08 -2.50348483e-02 
 1.37600000e-08 -2.43668941e-02 
 1.37800000e-08 -2.36965549e-02 
 1.38000000e-08 -2.30239364e-02 
 1.38200000e-08 -2.23491424e-02 
 1.38400000e-08 -2.16722754e-02 
 1.38600000e-08 -2.09934361e-02 
 1.38800000e-08 -2.03127235e-02 
 1.39000000e-08 -1.96302351e-02 
 1.39200000e-08 -1.89460668e-02 
 1.39400000e-08 -1.82603128e-02 
 1.39600000e-08 -1.75730659e-02 
 1.39800000e-08 -1.68844170e-02 
 1.40000000e-08 -1.61944557e-02 
 1.40200000e-08 -1.55032699e-02 
 1.40400000e-08 -1.48109460e-02 
 1.40600000e-08 -1.41175689e-02 
 1.40800000e-08 -1.34232221e-02 
 1.41000000e-08 -1.27279874e-02 
 1.41200000e-08 -1.20319454e-02 
 1.41400000e-08 -1.13351752e-02 
 1.41600000e-08 -1.06377545e-02 
 1.41800000e-08 -9.93975964e-03 
 1.42000000e-08 -9.24126571e-03 
 1.42200000e-08 -8.54234649e-03 
 1.42400000e-08 -7.84307452e-03 
 1.42600000e-08 -7.14352113e-03 
 1.42800000e-08 -6.44375651e-03 
 1.43000000e-08 -5.74384969e-03 
 1.43200000e-08 -5.04386867e-03 
 1.43400000e-08 -4.34388036e-03 
 1.43600000e-08 -3.64395070e-03 
 1.43800000e-08 -2.94414467e-03 
 1.44000000e-08 -2.24452637e-03 
 1.44200000e-08 -1.54515900e-03 
 1.44400000e-08 -8.46104986e-04 
 1.44600000e-08 -1.47425969e-04 
 1.44800000e-08  5.50817115e-04 
 1.45000000e-08  1.24856400e-03 
 1.45200000e-08  1.94575502e-03 
 1.45400000e-08  2.64233110e-03 
 1.45600000e-08  3.33823366e-03 
 1.45800000e-08  4.03340458e-03 
 1.46000000e-08  4.72778616e-03 
 1.46200000e-08  5.42132105e-03 
 1.46400000e-08  6.11395221e-03 
 1.46600000e-08  6.80562285e-03 
 1.46800000e-08  7.49627638e-03 
 1.47000000e-08  8.18585634e-03 
 1.47200000e-08  8.87430640e-03 
 1.47400000e-08  9.56157024e-03 
 1.47600000e-08  1.02475915e-02 
 1.47800000e-08  1.09323138e-02 
 1.48000000e-08  1.16156807e-02 
 1.48200000e-08  1.22976354e-02 
 1.48400000e-08  1.29781210e-02 
 1.48600000e-08  1.36570803e-02 
 1.48800000e-08  1.43344557e-02 
 1.49000000e-08  1.50101894e-02 
 1.49200000e-08  1.56842229e-02 
 1.49400000e-08  1.63564974e-02 
 1.49600000e-08  1.70269535e-02 
 1.49800000e-08  1.76955312e-02 
 1.50000000e-08  1.83621698e-02 
 1.50200000e-08  1.90268080e-02 
 1.50400000e-08  1.96893836e-02 
 1.50600000e-08  2.03498339e-02 
 1.50800000e-08  2.10080950e-02 
 1.51000000e-08  2.16641024e-02 
 1.51200000e-08  2.23177904e-02 
 1.51400000e-08  2.29690926e-02 
 1.51600000e-08  2.36179414e-02 
 1.51800000e-08  2.42642682e-02 
 1.52000000e-08  2.49080032e-02 
 1.52200000e-08  2.55490755e-02 
 1.52400000e-08  2.61874131e-02 
 1.52600000e-08  2.68229426e-02 
 1.52800000e-08  2.74555896e-02 
 1.53000000e-08  2.80852780e-02 
 1.53200000e-08  2.87119309e-02 
 1.53400000e-08  2.93354695e-02 
 1.53600000e-08  2.99558140e-02 
 1.53800000e-08  3.05728831e-02 
 1.54000000e-08  3.11865939e-02 
 1.54200000e-08  3.17968622e-02 
 1.54400000e-08  3.24036023e-02 
 1.54600000e-08  3.30067270e-02 
 1.54800000e-08  3.36061476e-02 
 1.55000000e-08  3.42017739e-02 
 1.55200000e-08  3.47935140e-02 
 1.55400000e-08  3.53812747e-02 
 1.55600000e-08  3.59649612e-02 
 1.55800000e-08  3.65444771e-02 
 1.56000000e-08  3.71197246e-02 
 1.56200000e-08  3.76906041e-02 
 1.56400000e-08  3.82570148e-02 
 1.56600000e-08  3.88188543e-02 
 1.56800000e-08  3.93760187e-02 
 1.57000000e-08  3.99284027e-02 
 1.57200000e-08  4.04758994e-02 
 1.57400000e-08  4.10184007e-02 
 1.57600000e-08  4.15557972e-02 
 1.57800000e-08  4.20879778e-02 
 1.58000000e-08  4.26148306e-02 
 1.58200000e-08  4.31362421e-02 
 1.58400000e-08  4.36520978e-02 
 1.58600000e-08  4.41622820e-02 
 1.58800000e-08  4.46666780e-02 
 1.59000000e-08  4.51651680e-02 
 1.59200000e-08  4.56576332e-02 
 1.59400000e-08  4.61439542e-02 
 1.59600000e-08  4.66240105e-02 
 1.59800000e-08  4.70976811e-02 
 1.60000000e-08  4.75648442e-02 
 1.60200000e-08  4.80253777e-02 
 1.60400000e-08  4.84791587e-02 
 1.60600000e-08  4.89260643e-02 
 1.60800000e-08  4.93659710e-02 
 1.61000000e-08  4.97987553e-02 
 1.61200000e-08  5.02242938e-02 
 1.61400000e-08  5.06424628e-02 
 1.61600000e-08  5.10531390e-02 
 1.61800000e-08  5.14561993e-02 
 1.62000000e-08  5.18515210e-02 
 1.62200000e-08  5.22389818e-02 
 1.62400000e-08  5.26184602e-02 
 1.62600000e-08  5.29898352e-02 
 1.62800000e-08  5.33529868e-02 
 1.63000000e-08  5.37077961e-02 
 1.63200000e-08  5.40541450e-02 
 1.63400000e-08  5.43919167e-02 
 1.63600000e-08  5.47209960e-02 
 1.63800000e-08  5.50412689e-02 
 1.64000000e-08  5.53526230e-02 
 1.64200000e-08  5.56549478e-02 
 1.64400000e-08  5.59481344e-02 
 1.64600000e-08  5.62320761e-02 
 1.64800000e-08  5.65066680e-02 
 1.65000000e-08  5.67718077e-02 
 1.65200000e-08  5.70273948e-02 
 1.65400000e-08  5.72733316e-02 
 1.65600000e-08  5.75095228e-02 
 1.65800000e-08  5.77358756e-02 
 1.66000000e-08  5.79523003e-02 
 1.66200000e-08  5.81587097e-02 
 1.66400000e-08  5.83550198e-02 
 1.66600000e-08  5.85411496e-02 
 1.66800000e-08  5.87170210e-02 
 1.67000000e-08  5.88825596e-02 
 1.67200000e-08  5.90376938e-02 
 1.67400000e-08  5.91823559e-02 
 1.67600000e-08  5.93164813e-02 
 1.67800000e-08  5.94400090e-02 
 1.68000000e-08  5.95528819e-02 
 1.68200000e-08  5.96550463e-02 
 1.68400000e-08  5.97464524e-02 
 1.68600000e-08  5.98270541e-02 
 1.68800000e-08  5.98968091e-02 
 1.69000000e-08  5.99556793e-02 
 1.69200000e-08  6.00036303e-02 
 1.69400000e-08  6.00406316e-02 
 1.69600000e-08  6.00666570e-02 
 1.69800000e-08  6.00816841e-02 
 1.70000000e-08  6.00856946e-02 
 1.70200000e-08  6.00786745e-02 
 1.70400000e-08  6.00606137e-02 
 1.70600000e-08  6.00315061e-02 
 1.70800000e-08  5.99913500e-02 
 1.71000000e-08  5.99401477e-02 
 1.71200000e-08  5.98779055e-02 
 1.71400000e-08  5.98046340e-02 
 1.71600000e-08  5.97203478e-02 
 1.71800000e-08  5.96250654e-02 
 1.72000000e-08  5.95188097e-02 
 1.72200000e-08  5.94016075e-02 
 1.72400000e-08  5.92734894e-02 
 1.72600000e-08  5.91344903e-02 
 1.72800000e-08  5.89846487e-02 
 1.73000000e-08  5.88240074e-02 
 1.73200000e-08  5.86526127e-02 
 1.73400000e-08  5.84705149e-02 
 1.73600000e-08  5.82777679e-02 
 1.73800000e-08  5.80744295e-02 
 1.74000000e-08  5.78605611e-02 
 1.74200000e-08  5.76362275e-02 
 1.74400000e-08  5.74014972e-02 
 1.74600000e-08  5.71564422e-02 
 1.74800000e-08  5.69011378e-02 
 1.75000000e-08  5.66356626e-02 
 1.75200000e-08  5.63600984e-02 
 1.75400000e-08  5.60745304e-02 
 1.75600000e-08  5.57790467e-02 
 1.75800000e-08  5.54737385e-02 
 1.76000000e-08  5.51586997e-02 
 1.76200000e-08  5.48340274e-02 
 1.76400000e-08  5.44998211e-02 
 1.76600000e-08  5.41561833e-02 
 1.76800000e-08  5.38032189e-02 
 1.77000000e-08  5.34410351e-02 
 1.77200000e-08  5.30697419e-02 
 1.77400000e-08  5.26894512e-02 
 1.77600000e-08  5.23002773e-02 
 1.77800000e-08  5.19023365e-02 
 1.78000000e-08  5.14957473e-02 
 1.78200000e-08  5.10806298e-02 
 1.78400000e-08  5.06571060e-02 
 1.78600000e-08  5.02252997e-02 
 1.78800000e-08  4.97853363e-02 
 1.79000000e-08  4.93373424e-02 
 1.79200000e-08  4.88814463e-02 
 1.79400000e-08  4.84177774e-02 
 1.79600000e-08  4.79464665e-02 
 1.79800000e-08  4.74676451e-02 
 1.80000000e-08  4.69814461e-02 
 1.80200000e-08  4.64880029e-02 
 1.80400000e-08  4.59874500e-02 
 1.80600000e-08  4.54799223e-02 
 1.80800000e-08  4.49655553e-02 
 1.81000000e-08  4.44444852e-02 
 1.81200000e-08  4.39168483e-02 
 1.81400000e-08  4.33827814e-02 
 1.81600000e-08  4.28424213e-02 
 1.81800000e-08  4.22959049e-02 
 1.82000000e-08  4.17433693e-02 
 1.82200000e-08  4.11849512e-02 
 1.82400000e-08  4.06207874e-02 
 1.82600000e-08  4.00510141e-02 
 1.82800000e-08  3.94757676e-02 
 1.83000000e-08  3.88951832e-02 
 1.83200000e-08  3.83093962e-02 
 1.83400000e-08  3.77185409e-02 
 1.83600000e-08  3.71227513e-02 
 1.83800000e-08  3.65221603e-02 
 1.84000000e-08  3.59169001e-02 
 1.84200000e-08  3.53071021e-02 
 1.84400000e-08  3.46928968e-02 
 1.84600000e-08  3.40744134e-02 
 1.84800000e-08  3.34517803e-02 
 1.85000000e-08  3.28251247e-02 
 1.85200000e-08  3.21945726e-02 
 1.85400000e-08  3.15602487e-02 
 1.85600000e-08  3.09222766e-02 
 1.85800000e-08  3.02807784e-02 
 1.86000000e-08  2.96358750e-02 
 1.86200000e-08  2.89876856e-02 
 1.86400000e-08  2.83363283e-02 
 1.86600000e-08  2.76819197e-02 
 1.86800000e-08  2.70245746e-02 
 1.87000000e-08  2.63644066e-02 
 1.87200000e-08  2.57015276e-02 
 1.87400000e-08  2.50360479e-02 
 1.87600000e-08  2.43680764e-02 
 1.87800000e-08  2.36977202e-02 
 1.88000000e-08  2.30250849e-02 
 1.88200000e-08  2.23502744e-02 
 1.88400000e-08  2.16733912e-02 
 1.88600000e-08  2.09945359e-02 
 1.88800000e-08  2.03138076e-02 
 1.89000000e-08  1.96313037e-02 
 1.89200000e-08  1.89471202e-02 
 1.89400000e-08  1.82613513e-02 
 1.89600000e-08  1.75740897e-02 
 1.89800000e-08  1.68854263e-02 
 1.90000000e-08  1.61954508e-02 
 1.90200000e-08  1.55042509e-02 
 1.90400000e-08  1.48119133e-02 
 1.90600000e-08  1.41185226e-02 
 1.90800000e-08  1.34241624e-02 
 1.91000000e-08  1.27289146e-02 
 1.91200000e-08  1.20328597e-02 
 1.91400000e-08  1.13360768e-02 
 1.91600000e-08  1.06386435e-02 
 1.91800000e-08  9.94063635e-03 
 1.92000000e-08  9.24213029e-03 
 1.92200000e-08  8.54319913e-03 
 1.92400000e-08  7.84391540e-03 
 1.92600000e-08  7.14435045e-03 
 1.92800000e-08  6.44457444e-03 
 1.93000000e-08  5.74465642e-03 
 1.93200000e-08  5.04466436e-03 
 1.93400000e-08  4.34466519e-03 
 1.93600000e-08  3.64472484e-03 
 1.93800000e-08  2.94490829e-03 
 1.94000000e-08  2.24527962e-03 
 1.94200000e-08  1.54590205e-03 
 1.94400000e-08  8.46837987e-04 
 1.94600000e-08  1.48149078e-04 
 1.94800000e-08 -5.50103746e-04 
 1.95000000e-08 -1.24786022e-03 
 1.95200000e-08 -1.94506069e-03 
 1.95400000e-08 -2.64164607e-03 
 1.95600000e-08 -3.33755779e-03 
 1.95800000e-08 -4.03273774e-03 
 1.96000000e-08 -4.72712820e-03 
 1.96200000e-08 -5.42067185e-03 
 1.96400000e-08 -6.11331163e-03 
 1.96600000e-08 -6.80499076e-03 
 1.96800000e-08 -7.49565265e-03 
 1.97000000e-08 -8.18524087e-03 
 1.97200000e-08 -8.87369905e-03 
 1.97400000e-08 -9.56097088e-03 
 1.97600000e-08 -1.02470000e-02 
 1.97800000e-08 -1.09317301e-02 
 1.98000000e-08 -1.16151047e-02 
 1.98200000e-08 -1.22970669e-02 
 1.98400000e-08 -1.29775599e-02 
 1.98600000e-08 -1.36565265e-02 
 1.98800000e-08 -1.43339092e-02 
 1.99000000e-08 -1.50096500e-02 
 1.99200000e-08 -1.56836905e-02 
 1.99400000e-08 -1.63559720e-02 
 1.99600000e-08 -1.70264349e-02 
 1.99800000e-08 -1.76950193e-02 
 2.00000000e-08 -1.83616645e-02 
 2.00200000e-08 -1.90263092e-02 
 2.00400000e-08 -1.96888913e-02 
 2.00600000e-08 -2.03493479e-02 
 2.00800000e-08 -2.10076153e-02 
 2.01000000e-08 -2.16636289e-02 
 2.01200000e-08 -2.23173230e-02 
 2.01400000e-08 -2.29686312e-02 
 2.01600000e-08 -2.36174860e-02 
 2.01800000e-08 -2.42638186e-02 
 2.02000000e-08 -2.49075593e-02 
 2.02200000e-08 -2.55486374e-02 
 2.02400000e-08 -2.61869806e-02 
 2.02600000e-08 -2.68225156e-02 
 2.02800000e-08 -2.74551681e-02 
 2.03000000e-08 -2.80848619e-02 
 2.03200000e-08 -2.87115201e-02 
 2.03400000e-08 -2.93350640e-02 
 2.03600000e-08 -2.99554137e-02 
 2.03800000e-08 -3.05724879e-02 
 2.04000000e-08 -3.11862037e-02 
 2.04200000e-08 -3.17964770e-02 
 2.04400000e-08 -3.24032221e-02 
 2.04600000e-08 -3.30063517e-02 
 2.04800000e-08 -3.36057771e-02 
 2.05000000e-08 -3.42014081e-02 
 2.05200000e-08 -3.47931529e-02 
 2.05400000e-08 -3.53809182e-02 
 2.05600000e-08 -3.59646093e-02 
 2.05800000e-08 -3.65441297e-02 
 2.06000000e-08 -3.71193816e-02 
 2.06200000e-08 -3.76902655e-02 
 2.06400000e-08 -3.82566806e-02 
 2.06600000e-08 -3.88185244e-02 
 2.06800000e-08 -3.93756931e-02 
 2.07000000e-08 -3.99280812e-02 
 2.07200000e-08 -4.04755821e-02 
 2.07400000e-08 -4.10180875e-02 
 2.07600000e-08 -4.15554880e-02 
 2.07800000e-08 -4.20876727e-02 
 2.08000000e-08 -4.26145294e-02 
 2.08200000e-08 -4.31359448e-02 
 2.08400000e-08 -4.36518044e-02 
 2.08600000e-08 -4.41619924e-02 
 2.08800000e-08 -4.46663922e-02 
 2.09000000e-08 -4.51648858e-02 
 2.09200000e-08 -4.56573548e-02 
 2.09400000e-08 -4.61436794e-02 
 2.09600000e-08 -4.66237393e-02 
 2.09800000e-08 -4.70974135e-02 
 2.10000000e-08 -4.75645801e-02 
 2.10200000e-08 -4.80251171e-02 
 2.10400000e-08 -4.84789016e-02 
 2.10600000e-08 -4.89258105e-02 
 2.10800000e-08 -4.93657206e-02 
 2.11000000e-08 -4.97985082e-02 
 2.11200000e-08 -5.02240500e-02 
 2.11400000e-08 -5.06422222e-02 
 2.11600000e-08 -5.10529017e-02 
 2.11800000e-08 -5.14559652e-02 
 2.12000000e-08 -5.18512900e-02 
 2.12200000e-08 -5.22387539e-02 
 2.12400000e-08 -5.26182354e-02 
 2.12600000e-08 -5.29896134e-02 
 2.12800000e-08 -5.33527681e-02 
 2.13000000e-08 -5.37075803e-02 
 2.13200000e-08 -5.40539321e-02 
 2.13400000e-08 -5.43917068e-02 
 2.13600000e-08 -5.47207890e-02 
 2.13800000e-08 -5.50410647e-02 
 2.14000000e-08 -5.53524216e-02 
 2.14200000e-08 -5.56547492e-02 
 2.14400000e-08 -5.59479385e-02 
 2.14600000e-08 -5.62318829e-02 
 2.14800000e-08 -5.65064776e-02 
 2.15000000e-08 -5.67716199e-02 
 2.15200000e-08 -5.70272097e-02 
 2.15400000e-08 -5.72731490e-02 
 2.15600000e-08 -5.75093428e-02 
 2.15800000e-08 -5.77356982e-02 
 2.16000000e-08 -5.79521253e-02 
 2.16200000e-08 -5.81585372e-02 
 2.16400000e-08 -5.83548498e-02 
 2.16600000e-08 -5.85409820e-02 
 2.16800000e-08 -5.87168558e-02 
 2.17000000e-08 -5.88823967e-02 
 2.17200000e-08 -5.90375333e-02 
 2.17400000e-08 -5.91821977e-02 
 2.17600000e-08 -5.93163253e-02 
 2.17800000e-08 -5.94398554e-02 
 2.18000000e-08 -5.95527305e-02 
 2.18200000e-08 -5.96548971e-02 
 2.18400000e-08 -5.97463053e-02 
 2.18600000e-08 -5.98269091e-02 
 2.18800000e-08 -5.98966663e-02 
 2.19000000e-08 -5.99555386e-02 
 2.19200000e-08 -6.00034916e-02 
 2.19400000e-08 -6.00404950e-02 
 2.19600000e-08 -6.00665224e-02 
 2.19800000e-08 -6.00815515e-02 
 2.20000000e-08 -6.00855640e-02 
 2.20200000e-08 -6.00785458e-02 
 2.20400000e-08 -6.00604869e-02 
 2.20600000e-08 -6.00313812e-02 
 2.20800000e-08 -5.99912270e-02 
 2.21000000e-08 -5.99400265e-02 
 2.21200000e-08 -5.98777862e-02 
 2.21400000e-08 -5.98045164e-02 
 2.21600000e-08 -5.97202319e-02 
 2.21800000e-08 -5.96249513e-02 
 2.22000000e-08 -5.95186974e-02 
 2.22200000e-08 -5.94014968e-02 
 2.22400000e-08 -5.92733804e-02 
 2.22600000e-08 -5.91343829e-02 
 2.22800000e-08 -5.89845430e-02 
 2.23000000e-08 -5.88239033e-02 
 2.23200000e-08 -5.86525102e-02 
 2.23400000e-08 -5.84704139e-02 
 2.23600000e-08 -5.82776685e-02 
 2.23800000e-08 -5.80743316e-02 
 2.24000000e-08 -5.78604647e-02 
 2.24200000e-08 -5.76361326e-02 
 2.24400000e-08 -5.74014037e-02 
 2.24600000e-08 -5.71563502e-02 
 2.24800000e-08 -5.69010471e-02 
 2.25000000e-08 -5.66355733e-02 
 2.25200000e-08 -5.63600106e-02 
 2.25400000e-08 -5.60744439e-02 
 2.25600000e-08 -5.57789615e-02 
 2.25800000e-08 -5.54736546e-02 
 2.26000000e-08 -5.51586171e-02 
 2.26200000e-08 -5.48339460e-02 
 2.26400000e-08 -5.44997411e-02 
 2.26600000e-08 -5.41561045e-02 
 2.26800000e-08 -5.38031412e-02 
 2.27000000e-08 -5.34409587e-02 
 2.27200000e-08 -5.30696666e-02 
 2.27400000e-08 -5.26893771e-02 
 2.27600000e-08 -5.23002043e-02 
 2.27800000e-08 -5.19022647e-02 
 2.28000000e-08 -5.14956766e-02 
 2.28200000e-08 -5.10805602e-02 
 2.28400000e-08 -5.06570375e-02 
 2.28600000e-08 -5.02252323e-02 
 2.28800000e-08 -4.97852698e-02 
 2.29000000e-08 -4.93372770e-02 
 2.29200000e-08 -4.88813819e-02 
 2.29400000e-08 -4.84177140e-02 
 2.29600000e-08 -4.79464040e-02 
 2.29800000e-08 -4.74675837e-02 
 2.30000000e-08 -4.69813856e-02 
 2.30200000e-08 -4.64879433e-02 
 2.30400000e-08 -4.59873913e-02 
 2.30600000e-08 -4.54798645e-02 
 2.30800000e-08 -4.49654985e-02 
 2.31000000e-08 -4.44444292e-02 
 2.31200000e-08 -4.39167932e-02 
 2.31400000e-08 -4.33827271e-02 
 2.31600000e-08 -4.28423678e-02 
 2.31800000e-08 -4.22958523e-02 
 2.32000000e-08 -4.17433175e-02 
 2.32200000e-08 -4.11849002e-02 
 2.32400000e-08 -4.06207371e-02 
 2.32600000e-08 -4.00509647e-02 
 2.32800000e-08 -3.94757188e-02 
 2.33000000e-08 -3.88951352e-02 
 2.33200000e-08 -3.83093489e-02 
 2.33400000e-08 -3.77184944e-02 
 2.33600000e-08 -3.71227055e-02 
 2.33800000e-08 -3.65221151e-02 
 2.34000000e-08 -3.59168556e-02 
 2.34200000e-08 -3.53070583e-02 
 2.34400000e-08 -3.46928536e-02 
 2.34600000e-08 -3.40743709e-02 
 2.34800000e-08 -3.34517385e-02 
 2.35000000e-08 -3.28250835e-02 
 2.35200000e-08 -3.21945320e-02 
 2.35400000e-08 -3.15602088e-02 
 2.35600000e-08 -3.09222373e-02 
 2.35800000e-08 -3.02807397e-02 
 2.36000000e-08 -2.96358368e-02 
 2.36200000e-08 -2.89876480e-02 
 2.36400000e-08 -2.83362913e-02 
 2.36600000e-08 -2.76818832e-02 
 2.36800000e-08 -2.70245386e-02 
 2.37000000e-08 -2.63643711e-02 
 2.37200000e-08 -2.57014926e-02 
 2.37400000e-08 -2.50360135e-02 
 2.37600000e-08 -2.43680425e-02 
 2.37800000e-08 -2.36976868e-02 
 2.38000000e-08 -2.30250520e-02 
 2.38200000e-08 -2.23502420e-02 
 2.38400000e-08 -2.16733592e-02 
 2.38600000e-08 -2.09945044e-02 
 2.38800000e-08 -2.03137765e-02 
 2.39000000e-08 -1.96312732e-02 
 2.39200000e-08 -1.89470901e-02 
 2.39400000e-08 -1.82613217e-02 
 2.39600000e-08 -1.75740604e-02 
 2.39800000e-08 -1.68853975e-02 
 2.40000000e-08 -1.61954223e-02 
 2.40200000e-08 -1.55042229e-02 
 2.40400000e-08 -1.48118857e-02 
 2.40600000e-08 -1.41184954e-02 
 2.40800000e-08 -1.34241356e-02 
 2.41000000e-08 -1.27288882e-02 
 2.41200000e-08 -1.20328337e-02 
 2.41400000e-08 -1.13360511e-02 
 2.41600000e-08 -1.06386182e-02 
 2.41800000e-08 -9.94061138e-03 
 2.42000000e-08 -9.24210567e-03 
 2.42200000e-08 -8.54317485e-03 
 2.42400000e-08 -7.84389147e-03 
 2.42600000e-08 -7.14432685e-03 
 2.42800000e-08 -6.44455117e-03 
 2.43000000e-08 -5.74463348e-03 
 2.43200000e-08 -5.04464174e-03 
 2.43400000e-08 -4.34464288e-03 
 2.43600000e-08 -3.64470284e-03 
 2.43800000e-08 -2.94488659e-03 
 2.44000000e-08 -2.24525823e-03 
 2.44200000e-08 -1.54588095e-03 
 2.44400000e-08 -8.46817180e-04 
 2.44600000e-08 -1.48128557e-04 
 2.44800000e-08  5.50123986e-04 
 2.45000000e-08  1.24788018e-03 
 2.45200000e-08  1.94508038e-03 
 2.45400000e-08  2.64166549e-03 
 2.45600000e-08  3.33757695e-03 
 2.45800000e-08  4.03275663e-03 
 2.46000000e-08  4.72714684e-03 
 2.46200000e-08  5.42069023e-03 
 2.46400000e-08  6.11332977e-03 
 2.46600000e-08  6.80500866e-03 
 2.46800000e-08  7.49567031e-03 
 2.47000000e-08  8.18525828e-03 
 2.47200000e-08  8.87371623e-03 
 2.47400000e-08  9.56098784e-03 
 2.47600000e-08  1.02470168e-02 
 2.47800000e-08  1.09317466e-02 
 2.48000000e-08  1.16151209e-02 
 2.48200000e-08  1.22970830e-02 
 2.48400000e-08  1.29775758e-02 
 2.48600000e-08  1.36565422e-02 
 2.48800000e-08  1.43339246e-02 
 2.49000000e-08  1.50096652e-02 
 2.49200000e-08  1.56837056e-02 
 2.49400000e-08  1.63559868e-02 
 2.49600000e-08  1.70264495e-02 
 2.49800000e-08  1.76950337e-02 
 2.50000000e-08  1.83616788e-02 
 2.50200000e-08  1.90263233e-02 
 2.50400000e-08  1.96889052e-02 
 2.50600000e-08  2.03493616e-02 
 2.50800000e-08  2.10076289e-02 
 2.51000000e-08  2.16636422e-02 
 2.51200000e-08  2.23173362e-02 
 2.51400000e-08  2.29686442e-02 
 2.51600000e-08  2.36174988e-02 
 2.51800000e-08  2.42638312e-02 
 2.52000000e-08  2.49075718e-02 
 2.52200000e-08  2.55486497e-02 
 2.52400000e-08  2.61869927e-02 
 2.52600000e-08  2.68225277e-02 
 2.52800000e-08  2.74551799e-02 
 2.53000000e-08  2.80848736e-02 
 2.53200000e-08  2.87115316e-02 
 2.53400000e-08  2.93350754e-02 
 2.53600000e-08  2.99554249e-02 
 2.53800000e-08  3.05724990e-02 
 2.54000000e-08  3.11862147e-02 
 2.54200000e-08  3.17964879e-02 
 2.54400000e-08  3.24032328e-02 
 2.54600000e-08  3.30063622e-02 
 2.54800000e-08  3.36057875e-02 
 2.55000000e-08  3.42014184e-02 
 2.55200000e-08  3.47931630e-02 
 2.55400000e-08  3.53809283e-02 
 2.55600000e-08  3.59646192e-02 
 2.55800000e-08  3.65441395e-02 
 2.56000000e-08  3.71193912e-02 
 2.56200000e-08  3.76902751e-02 
 2.56400000e-08  3.82566900e-02 
 2.56600000e-08  3.88185337e-02 
 2.56800000e-08  3.93757022e-02 
 2.57000000e-08  3.99280902e-02 
 2.57200000e-08  4.04755910e-02 
 2.57400000e-08  4.10180963e-02 
 2.57600000e-08  4.15554967e-02 
 2.57800000e-08  4.20876812e-02 
 2.58000000e-08  4.26145379e-02 
 2.58200000e-08  4.31359532e-02 
 2.58400000e-08  4.36518126e-02 
 2.58600000e-08  4.41620006e-02 
 2.58800000e-08  4.46664002e-02 
 2.59000000e-08  4.51648938e-02 
 2.59200000e-08  4.56573626e-02 
 2.59400000e-08  4.61436871e-02 
 2.59600000e-08  4.66237469e-02 
 2.59800000e-08  4.70974210e-02 
 2.60000000e-08  4.75645876e-02 
 2.60200000e-08  4.80251244e-02 
 2.60400000e-08  4.84789088e-02 
 2.60600000e-08  4.89258176e-02 
 2.60800000e-08  4.93657276e-02 
 2.61000000e-08  4.97985152e-02 
 2.61200000e-08  5.02240568e-02 
 2.61400000e-08  5.06422290e-02 
 2.61600000e-08  5.10529083e-02 
 2.61800000e-08  5.14559717e-02 
 2.62000000e-08  5.18512965e-02 
 2.62200000e-08  5.22387603e-02 
 2.62400000e-08  5.26182417e-02 
 2.62600000e-08  5.29896197e-02 
 2.62800000e-08  5.33527742e-02 
 2.63000000e-08  5.37075864e-02 
 2.63200000e-08  5.40539381e-02 
 2.63400000e-08  5.43917127e-02 
 2.63600000e-08  5.47207948e-02 
 2.63800000e-08  5.50410704e-02 
 2.64000000e-08  5.53524273e-02 
 2.64200000e-08  5.56547547e-02 
 2.64400000e-08  5.59479440e-02 
 2.64600000e-08  5.62318883e-02 
 2.64800000e-08  5.65064829e-02 
 2.65000000e-08  5.67716252e-02 
 2.65200000e-08  5.70272149e-02 
 2.65400000e-08  5.72731542e-02 
 2.65600000e-08  5.75093478e-02 
 2.65800000e-08  5.77357031e-02 
 2.66000000e-08  5.79521302e-02 
 2.66200000e-08  5.81585421e-02 
 2.66400000e-08  5.83548546e-02 
 2.66600000e-08  5.85409867e-02 
 2.66800000e-08  5.87168605e-02 
 2.67000000e-08  5.88824013e-02 
 2.67200000e-08  5.90375378e-02 
 2.67400000e-08  5.91822021e-02 
 2.67600000e-08  5.93163297e-02 
 2.67800000e-08  5.94398597e-02 
 2.68000000e-08  5.95527347e-02 
 2.68200000e-08  5.96549013e-02 
 2.68400000e-08  5.97463095e-02 
 2.68600000e-08  5.98269132e-02 
 2.68800000e-08  5.98966703e-02 
 2.69000000e-08  5.99555426e-02 
 2.69200000e-08  6.00034955e-02 
 2.69400000e-08  6.00404988e-02 
 2.69600000e-08  6.00665262e-02 
 2.69800000e-08  6.00815552e-02 
 2.70000000e-08  6.00855677e-02 
 2.70200000e-08  6.00785494e-02 
 2.70400000e-08  6.00604904e-02 
 2.70600000e-08  6.00313847e-02 
 2.70800000e-08  5.99912305e-02 
 2.71000000e-08  5.99400299e-02 
 2.71200000e-08  5.98777895e-02 
 2.71400000e-08  5.98045197e-02 
 2.71600000e-08  5.97202352e-02 
 2.71800000e-08  5.96249546e-02 
 2.72000000e-08  5.95187005e-02 
 2.72200000e-08  5.94014999e-02 
 2.72400000e-08  5.92733835e-02 
 2.72600000e-08  5.91343859e-02 
 2.72800000e-08  5.89845460e-02 
 2.73000000e-08  5.88239062e-02 
 2.73200000e-08  5.86525131e-02 
 2.73400000e-08  5.84704168e-02 
 2.73600000e-08  5.82776713e-02 
 2.73800000e-08  5.80743344e-02 
 2.74000000e-08  5.78604674e-02 
 2.74200000e-08  5.76361352e-02 
 2.74400000e-08  5.74014064e-02 
 2.74600000e-08  5.71563528e-02 
 2.74800000e-08  5.69010497e-02 
 2.75000000e-08  5.66355758e-02 
 2.75200000e-08  5.63600130e-02 
 2.75400000e-08  5.60744464e-02 
 2.75600000e-08  5.57789639e-02 
 2.75800000e-08  5.54736569e-02 
 2.76000000e-08  5.51586194e-02 
 2.76200000e-08  5.48339483e-02 
 2.76400000e-08  5.44997433e-02 
 2.76600000e-08  5.41561067e-02 
 2.76800000e-08  5.38031434e-02 
 2.77000000e-08  5.34409609e-02 
 2.77200000e-08  5.30696688e-02 
 2.77400000e-08  5.26893792e-02 
 2.77600000e-08  5.23002064e-02 
 2.77800000e-08  5.19022668e-02 
 2.78000000e-08  5.14956786e-02 
 2.78200000e-08  5.10805621e-02 
 2.78400000e-08  5.06570394e-02 
 2.78600000e-08  5.02252342e-02 
 2.78800000e-08  4.97852717e-02 
 2.79000000e-08  4.93372788e-02 
 2.79200000e-08  4.88813837e-02 
 2.79400000e-08  4.84177158e-02 
 2.79600000e-08  4.79464058e-02 
 2.79800000e-08  4.74675854e-02 
 2.80000000e-08  4.69813873e-02 
 2.80200000e-08  4.64879450e-02 
 2.80400000e-08  4.59873930e-02 
 2.80600000e-08  4.54798661e-02 
 2.80800000e-08  4.49655001e-02 
 2.81000000e-08  4.44444308e-02 
 2.81200000e-08  4.39167948e-02 
 2.81400000e-08  4.33827287e-02 
 2.81600000e-08  4.28423694e-02 
 2.81800000e-08  4.22958538e-02 
 2.82000000e-08  4.17433190e-02 
 2.82200000e-08  4.11849016e-02 
 2.82400000e-08  4.06207386e-02 
 2.82600000e-08  4.00509661e-02 
 2.82800000e-08  3.94757202e-02 
 2.83000000e-08  3.88951366e-02 
 2.83200000e-08  3.83093503e-02 
 2.83400000e-08  3.77184957e-02 
 2.83600000e-08  3.71227068e-02 
 2.83800000e-08  3.65221164e-02 
 2.84000000e-08  3.59168569e-02 
 2.84200000e-08  3.53070596e-02 
 2.84400000e-08  3.46928549e-02 
 2.84600000e-08  3.40743721e-02 
 2.84800000e-08  3.34517397e-02 
 2.85000000e-08  3.28250847e-02 
 2.85200000e-08  3.21945332e-02 
 2.85400000e-08  3.15602099e-02 
 2.85600000e-08  3.09222384e-02 
 2.85800000e-08  3.02807408e-02 
 2.86000000e-08  2.96358379e-02 
 2.86200000e-08  2.89876491e-02 
 2.86400000e-08  2.83362923e-02 
 2.86600000e-08  2.76818842e-02 
 2.86800000e-08  2.70245397e-02 
 2.87000000e-08  2.63643722e-02 
 2.87200000e-08  2.57014936e-02 
 2.87400000e-08  2.50360145e-02 
 2.87600000e-08  2.43680434e-02 
 2.87800000e-08  2.36976877e-02 
 2.88000000e-08  2.30250529e-02 
 2.88200000e-08  2.23502429e-02 
 2.88400000e-08  2.16733602e-02 
 2.88600000e-08  2.09945053e-02 
 2.88800000e-08  2.03137774e-02 
 2.89000000e-08  1.96312740e-02 
 2.89200000e-08  1.89470910e-02 
 2.89400000e-08  1.82613225e-02 
 2.89600000e-08  1.75740613e-02 
 2.89800000e-08  1.68853983e-02 
 2.90000000e-08  1.61954232e-02 
 2.90200000e-08  1.55042237e-02 
 2.90400000e-08  1.48118865e-02 
 2.90600000e-08  1.41184962e-02 
 2.90800000e-08  1.34241364e-02 
 2.91000000e-08  1.27288890e-02 
 2.91200000e-08  1.20328344e-02 
 2.91400000e-08  1.13360518e-02 
 2.91600000e-08  1.06386189e-02 
 2.91800000e-08  9.94061210e-03 
 2.92000000e-08  9.24210638e-03 
 2.92200000e-08  8.54317555e-03 
 2.92400000e-08  7.84389216e-03 
 2.92600000e-08  7.14432753e-03 
 2.92800000e-08  6.44455184e-03 
 2.93000000e-08  5.74463414e-03 
 2.93200000e-08  5.04464239e-03 
 2.93400000e-08  4.34464352e-03 
 2.93600000e-08  3.64470347e-03 
 2.93800000e-08  2.94488722e-03 
 2.94000000e-08  2.24525884e-03 
 2.94200000e-08  1.54588156e-03 
 2.94400000e-08  8.46817778e-04 
 2.94600000e-08  1.48129147e-04 
 2.94800000e-08 -5.50123404e-04 
 2.95000000e-08 -1.24787961e-03 
 2.95200000e-08 -1.94507981e-03 
 2.95400000e-08 -2.64166494e-03 
 2.95600000e-08 -3.33757640e-03 
 2.95800000e-08 -4.03275609e-03 
 2.96000000e-08 -4.72714631e-03 
 2.96200000e-08 -5.42068971e-03 
 2.96400000e-08 -6.11332925e-03 
 2.96600000e-08 -6.80500814e-03 
 2.96800000e-08 -7.49566980e-03 
 2.97000000e-08 -8.18525778e-03 
 2.97200000e-08 -8.87371574e-03 
 2.97400000e-08 -9.56098735e-03 
 2.97600000e-08 -1.02470163e-02 
 2.97800000e-08 -1.09317462e-02 
 2.98000000e-08 -1.16151205e-02 
 2.98200000e-08 -1.22970825e-02 
 2.98400000e-08 -1.29775753e-02 
 2.98600000e-08 -1.36565417e-02 
 2.98800000e-08 -1.43339242e-02 
 2.99000000e-08 -1.50096648e-02 
 2.99200000e-08 -1.56837051e-02 
 2.99400000e-08 -1.63559864e-02 
 2.99600000e-08 -1.70264491e-02 
 2.99800000e-08 -1.76950333e-02 
 3.00000000e-08 -1.83616784e-02 
 3.00200000e-08 -1.90263229e-02 
 3.00400000e-08 -1.96889048e-02 
 3.00600000e-08 -2.03493613e-02 
 3.00800000e-08 -2.10076285e-02 
 3.01000000e-08 -2.16636418e-02 
 3.01200000e-08 -2.23173358e-02 
 3.01400000e-08 -2.29686439e-02 
 3.01600000e-08 -2.36174984e-02 
 3.01800000e-08 -2.42638309e-02 
 3.02000000e-08 -2.49075715e-02 
 3.02200000e-08 -2.55486493e-02 
 3.02400000e-08 -2.61869924e-02 
 3.02600000e-08 -2.68225273e-02 
 3.02800000e-08 -2.74551796e-02 
 3.03000000e-08 -2.80848733e-02 
 3.03200000e-08 -2.87115313e-02 
 3.03400000e-08 -2.93350751e-02 
 3.03600000e-08 -2.99554246e-02 
 3.03800000e-08 -3.05724987e-02 
 3.04000000e-08 -3.11862144e-02 
 3.04200000e-08 -3.17964875e-02 
 3.04400000e-08 -3.24032325e-02 
 3.04600000e-08 -3.30063619e-02 
 3.04800000e-08 -3.36057872e-02 
 3.05000000e-08 -3.42014181e-02 
 3.05200000e-08 -3.47931627e-02 
 3.05400000e-08 -3.53809280e-02 
 3.05600000e-08 -3.59646189e-02 
 3.05800000e-08 -3.65441392e-02 
 3.06000000e-08 -3.71193910e-02 
 3.06200000e-08 -3.76902748e-02 
 3.06400000e-08 -3.82566897e-02 
 3.06600000e-08 -3.88185334e-02 
 3.06800000e-08 -3.93757019e-02 
 3.07000000e-08 -3.99280900e-02 
 3.07200000e-08 -4.04755907e-02 
 3.07400000e-08 -4.10180961e-02 
 3.07600000e-08 -4.15554964e-02 
 3.07800000e-08 -4.20876810e-02 
 3.08000000e-08 -4.26145376e-02 
 3.08200000e-08 -4.31359529e-02 
 3.08400000e-08 -4.36518124e-02 
 3.08600000e-08 -4.41620003e-02 
 3.08800000e-08 -4.46664000e-02 
 3.09000000e-08 -4.51648935e-02 
 3.09200000e-08 -4.56573624e-02 
 3.09400000e-08 -4.61436869e-02 
 3.09600000e-08 -4.66237467e-02 
 3.09800000e-08 -4.70974208e-02 
 3.10000000e-08 -4.75645873e-02 
 3.10200000e-08 -4.80251242e-02 
 3.10400000e-08 -4.84789086e-02 
 3.10600000e-08 -4.89258174e-02 
 3.10800000e-08 -4.93657274e-02 
 3.11000000e-08 -4.97985150e-02 
 3.11200000e-08 -5.02240566e-02 
 3.11400000e-08 -5.06422288e-02 
 3.11600000e-08 -5.10529081e-02 
 3.11800000e-08 -5.14559715e-02 
 3.12000000e-08 -5.18512963e-02 
 3.12200000e-08 -5.22387601e-02 
 3.12400000e-08 -5.26182415e-02 
 3.12600000e-08 -5.29896195e-02 
 3.12800000e-08 -5.33527741e-02 
 3.13000000e-08 -5.37075862e-02 
 3.13200000e-08 -5.40539379e-02 
 3.13400000e-08 -5.43917125e-02 
 3.13600000e-08 -5.47207946e-02 
 3.13800000e-08 -5.50410702e-02 
 3.14000000e-08 -5.53524271e-02 
 3.14200000e-08 -5.56547546e-02 
 3.14400000e-08 -5.59479439e-02 
 3.14600000e-08 -5.62318882e-02 
 3.14800000e-08 -5.65064827e-02 
 3.15000000e-08 -5.67716250e-02 
 3.15200000e-08 -5.70272147e-02 
 3.15400000e-08 -5.72731540e-02 
 3.15600000e-08 -5.75093477e-02 
 3.15800000e-08 -5.77357030e-02 
 3.16000000e-08 -5.79521301e-02 
 3.16200000e-08 -5.81585419e-02 
 3.16400000e-08 -5.83548544e-02 
 3.16600000e-08 -5.85409865e-02 
 3.16800000e-08 -5.87168603e-02 
 3.17000000e-08 -5.88824012e-02 
 3.17200000e-08 -5.90375377e-02 
 3.17400000e-08 -5.91822020e-02 
 3.17600000e-08 -5.93163296e-02 
 3.17800000e-08 -5.94398596e-02 
 3.18000000e-08 -5.95527346e-02 
 3.18200000e-08 -5.96549012e-02 
 3.18400000e-08 -5.97463093e-02 
 3.18600000e-08 -5.98269131e-02 
 3.18800000e-08 -5.98966702e-02 
 3.19000000e-08 -5.99555424e-02 
 3.19200000e-08 -6.00034954e-02 
 3.19400000e-08 -6.00404987e-02 
 3.19600000e-08 -6.00665260e-02 
 3.19800000e-08 -6.00815551e-02 
 3.20000000e-08 -6.00855676e-02 
 3.20200000e-08 -6.00785493e-02 
 3.20400000e-08 -6.00604903e-02 
 3.20600000e-08 -6.00313846e-02 
 3.20800000e-08 -5.99912304e-02 
 3.21000000e-08 -5.99400298e-02 
 3.21200000e-08 -5.98777894e-02 
 3.21400000e-08 -5.98045197e-02 
 3.21600000e-08 -5.97202351e-02 
 3.21800000e-08 -5.96249545e-02 
 3.22000000e-08 -5.95187004e-02 
 3.22200000e-08 -5.94014998e-02 
 3.22400000e-08 -5.92733834e-02 
 3.22600000e-08 -5.91343859e-02 
 3.22800000e-08 -5.89845459e-02 
 3.23000000e-08 -5.88239062e-02 
 3.23200000e-08 -5.86525130e-02 
 3.23400000e-08 -5.84704167e-02 
 3.23600000e-08 -5.82776712e-02 
 3.23800000e-08 -5.80743343e-02 
 3.24000000e-08 -5.78604673e-02 
 3.24200000e-08 -5.76361352e-02 
 3.24400000e-08 -5.74014063e-02 
 3.24600000e-08 -5.71563527e-02 
 3.24800000e-08 -5.69010496e-02 
 3.25000000e-08 -5.66355758e-02 
 3.25200000e-08 -5.63600130e-02 
 3.25400000e-08 -5.60744463e-02 
 3.25600000e-08 -5.57789639e-02 
 3.25800000e-08 -5.54736569e-02 
 3.26000000e-08 -5.51586194e-02 
 3.26200000e-08 -5.48339483e-02 
 3.26400000e-08 -5.44997433e-02 
 3.26600000e-08 -5.41561067e-02 
 3.26800000e-08 -5.38031434e-02 
 3.27000000e-08 -5.34409608e-02 
 3.27200000e-08 -5.30696687e-02 
 3.27400000e-08 -5.26893791e-02 
 3.27600000e-08 -5.23002064e-02 
 3.27800000e-08 -5.19022667e-02 
 3.28000000e-08 -5.14956785e-02 
 3.28200000e-08 -5.10805621e-02 
 3.28400000e-08 -5.06570394e-02 
 3.28600000e-08 -5.02252341e-02 
 3.28800000e-08 -4.97852717e-02 
 3.29000000e-08 -4.93372788e-02 
 3.29200000e-08 -4.88813837e-02 
 3.29400000e-08 -4.84177158e-02 
 3.29600000e-08 -4.79464058e-02 
 3.29800000e-08 -4.74675854e-02 
 3.30000000e-08 -4.69813872e-02 
 3.30200000e-08 -4.64879450e-02 
 3.30400000e-08 -4.59873929e-02 
 3.30600000e-08 -4.54798661e-02 
 3.30800000e-08 -4.49655000e-02 
 3.31000000e-08 -4.44444308e-02 
 3.31200000e-08 -4.39167947e-02 
 3.31400000e-08 -4.33827286e-02 
 3.31600000e-08 -4.28423693e-02 
 3.31800000e-08 -4.22958538e-02 
 3.32000000e-08 -4.17433189e-02 
 3.32200000e-08 -4.11849016e-02 
 3.32400000e-08 -4.06207385e-02 
 3.32600000e-08 -4.00509660e-02 
 3.32800000e-08 -3.94757202e-02 
 3.33000000e-08 -3.88951366e-02 
 3.33200000e-08 -3.83093502e-02 
 3.33400000e-08 -3.77184957e-02 
 3.33600000e-08 -3.71227067e-02 
 3.33800000e-08 -3.65221164e-02 
 3.34000000e-08 -3.59168569e-02 
 3.34200000e-08 -3.53070596e-02 
 3.34400000e-08 -3.46928548e-02 
 3.34600000e-08 -3.40743721e-02 
 3.34800000e-08 -3.34517396e-02 
 3.35000000e-08 -3.28250847e-02 
 3.35200000e-08 -3.21945331e-02 
 3.35400000e-08 -3.15602099e-02 
 3.35600000e-08 -3.09222384e-02 
 3.35800000e-08 -3.02807407e-02 
 3.36000000e-08 -2.96358378e-02 
 3.36200000e-08 -2.89876490e-02 
 3.36400000e-08 -2.83362923e-02 
 3.36600000e-08 -2.76818842e-02 
 3.36800000e-08 -2.70245396e-02 
 3.37000000e-08 -2.63643721e-02 
 3.37200000e-08 -2.57014936e-02 
 3.37400000e-08 -2.50360144e-02 
 3.37600000e-08 -2.43680434e-02 
 3.37800000e-08 -2.36976877e-02 
 3.38000000e-08 -2.30250529e-02 
 3.38200000e-08 -2.23502429e-02 
 3.38400000e-08 -2.16733601e-02 
 3.38600000e-08 -2.09945053e-02 
 3.38800000e-08 -2.03137774e-02 
 3.39000000e-08 -1.96312740e-02 
 3.39200000e-08 -1.89470910e-02 
 3.39400000e-08 -1.82613225e-02 
 3.39600000e-08 -1.75740612e-02 
 3.39800000e-08 -1.68853983e-02 
 3.40000000e-08 -1.61954231e-02 
 3.40200000e-08 -1.55042237e-02 
 3.40400000e-08 -1.48118864e-02 
 3.40600000e-08 -1.41184962e-02 
 3.40800000e-08 -1.34241364e-02 
 3.41000000e-08 -1.27288889e-02 
 3.41200000e-08 -1.20328344e-02 
 3.41400000e-08 -1.13360518e-02 
 3.41600000e-08 -1.06386189e-02 
 3.41800000e-08 -9.94061208e-03 
 3.42000000e-08 -9.24210636e-03 
 3.42200000e-08 -8.54317553e-03 
 3.42400000e-08 -7.84389214e-03 
 3.42600000e-08 -7.14432751e-03 
 3.42800000e-08 -6.44455182e-03 
 3.43000000e-08 -5.74463412e-03 
 3.43200000e-08 -5.04464237e-03 
 3.43400000e-08 -4.34464350e-03 
 3.43600000e-08 -3.64470345e-03 
 3.43800000e-08 -2.94488720e-03 
 3.44000000e-08 -2.24525882e-03 
 3.44200000e-08 -1.54588154e-03 
 3.44400000e-08 -8.46817761e-04 
 3.44600000e-08 -1.48129130e-04 
 3.44800000e-08  5.50123420e-04 
 3.45000000e-08  1.24787962e-03 
 3.45200000e-08  1.94507983e-03 
 3.45400000e-08  2.64166495e-03 
 3.45600000e-08  3.33757641e-03 
 3.45800000e-08  4.03275610e-03 
 3.46000000e-08  4.72714632e-03 
 3.46200000e-08  5.42068972e-03 
 3.46400000e-08  6.11332926e-03 
 3.46600000e-08  6.80500816e-03 
 3.46800000e-08  7.49566981e-03 
 3.47000000e-08  8.18525780e-03 
 3.47200000e-08  8.87371575e-03 
 3.47400000e-08  9.56098736e-03 
 3.47600000e-08  1.02470163e-02 
 3.47800000e-08  1.09317462e-02 
 3.48000000e-08  1.16151205e-02 
 3.48200000e-08  1.22970825e-02 
 3.48400000e-08  1.29775753e-02 
 3.48600000e-08  1.36565417e-02 
 3.48800000e-08  1.43339242e-02 
 3.49000000e-08  1.50096648e-02 
 3.49200000e-08  1.56837052e-02 
 3.49400000e-08  1.63559864e-02 
 3.49600000e-08  1.70264491e-02 
 3.49800000e-08  1.76950333e-02 
 3.50000000e-08  1.83616784e-02 
 3.50200000e-08  1.90263229e-02 
 3.50400000e-08  1.96889048e-02 
 3.50600000e-08  2.03493613e-02 
 3.50800000e-08  2.10076285e-02 
 3.51000000e-08  2.16636418e-02 
 3.51200000e-08  2.23173358e-02 
 3.51400000e-08  2.29686439e-02 
 3.51600000e-08  2.36174984e-02 
 3.51800000e-08  2.42638309e-02 
 3.52000000e-08  2.49075715e-02 
 3.52200000e-08  2.55486493e-02 
 3.52400000e-08  2.61869924e-02 
 3.52600000e-08  2.68225273e-02 
 3.52800000e-08  2.74551796e-02 
 3.53000000e-08  2.80848733e-02 
 3.53200000e-08  2.87115313e-02 
 3.53400000e-08  2.93350751e-02 
 3.53600000e-08  2.99554246e-02 
 3.53800000e-08  3.05724987e-02 
 3.54000000e-08  3.11862144e-02 
 3.54200000e-08  3.17964876e-02 
 3.54400000e-08  3.24032325e-02 
 3.54600000e-08  3.30063619e-02 
 3.54800000e-08  3.36057872e-02 
 3.55000000e-08  3.42014181e-02 
 3.55200000e-08  3.47931628e-02 
 3.55400000e-08  3.53809280e-02 
 3.55600000e-08  3.59646189e-02 
 3.55800000e-08  3.65441392e-02 
 3.56000000e-08  3.71193910e-02 
 3.56200000e-08  3.76902748e-02 
 3.56400000e-08  3.82566897e-02 
 3.56600000e-08  3.88185334e-02 
 3.56800000e-08  3.93757020e-02 
 3.57000000e-08  3.99280900e-02 
 3.57200000e-08  4.04755907e-02 
 3.57400000e-08  4.10180961e-02 
 3.57600000e-08  4.15554964e-02 
 3.57800000e-08  4.20876810e-02 
 3.58000000e-08  4.26145376e-02 
 3.58200000e-08  4.31359529e-02 
 3.58400000e-08  4.36518124e-02 
 3.58600000e-08  4.41620003e-02 
 3.58800000e-08  4.46664000e-02 
 3.59000000e-08  4.51648935e-02 
 3.59200000e-08  4.56573624e-02 
 3.59400000e-08  4.61436869e-02 
 3.59600000e-08  4.66237467e-02 
 3.59800000e-08  4.70974208e-02 
 3.60000000e-08  4.75645874e-02 
 3.60200000e-08  4.80251242e-02 
 3.60400000e-08  4.84789086e-02 
 3.60600000e-08  4.89258174e-02 
 3.60800000e-08  4.93657274e-02 
 3.61000000e-08  4.97985150e-02 
 3.61200000e-08  5.02240566e-02 
 3.61400000e-08  5.06422288e-02 
 3.61600000e-08  5.10529081e-02 
 3.61800000e-08  5.14559715e-02 
 3.62000000e-08  5.18512963e-02 
 3.62200000e-08  5.22387601e-02 
 3.62400000e-08  5.26182415e-02 
 3.62600000e-08  5.29896195e-02 
 3.62800000e-08  5.33527741e-02 
 3.63000000e-08  5.37075862e-02 
 3.63200000e-08  5.40539379e-02 
 3.63400000e-08  5.43917125e-02 
 3.63600000e-08  5.47207946e-02 
 3.63800000e-08  5.50410703e-02 
 3.64000000e-08  5.53524271e-02 
 3.64200000e-08  5.56547546e-02 
 3.64400000e-08  5.59479439e-02 
 3.64600000e-08  5.62318882e-02 
 3.64800000e-08  5.65064828e-02 
 3.65000000e-08  5.67716250e-02 
 3.65200000e-08  5.70272147e-02 
 3.65400000e-08  5.72731540e-02 
 3.65600000e-08  5.75093477e-02 
 3.65800000e-08  5.77357030e-02 
 3.66000000e-08  5.79521301e-02 
 3.66200000e-08  5.81585419e-02 
 3.66400000e-08  5.83548544e-02 
 3.66600000e-08  5.85409865e-02 
 3.66800000e-08  5.87168603e-02 
 3.67000000e-08  5.88824012e-02 
 3.67200000e-08  5.90375377e-02 
 3.67400000e-08  5.91822020e-02 
 3.67600000e-08  5.93163296e-02 
 3.67800000e-08  5.94398596e-02 
 3.68000000e-08  5.95527346e-02 
 3.68200000e-08  5.96549012e-02 
 3.68400000e-08  5.97463093e-02 
 3.68600000e-08  5.98269131e-02 
 3.68800000e-08  5.98966702e-02 
 3.69000000e-08  5.99555424e-02 
 3.69200000e-08  6.00034954e-02 
 3.69400000e-08  6.00404987e-02 
 3.69600000e-08  6.00665261e-02 
 3.69800000e-08  6.00815551e-02 
 3.70000000e-08  6.00855676e-02 
 3.70200000e-08  6.00785493e-02 
 3.70400000e-08  6.00604903e-02 
 3.70600000e-08  6.00313846e-02 
 3.70800000e-08  5.99912304e-02 
 3.71000000e-08  5.99400298e-02 
 3.71200000e-08  5.98777894e-02 
 3.71400000e-08  5.98045197e-02 
 3.71600000e-08  5.97202351e-02 
 3.71800000e-08  5.96249545e-02 
 3.72000000e-08  5.95187005e-02 
 3.72200000e-08  5.94014998e-02 
 3.72400000e-08  5.92733834e-02 
 3.72600000e-08  5.91343859e-02 
 3.72800000e-08  5.89845459e-02 
 3.73000000e-08  5.88239062e-02 
 3.73200000e-08  5.86525130e-02 
 3.73400000e-08  5.84704167e-02 
 3.73600000e-08  5.82776712e-02 
 3.73800000e-08  5.80743343e-02 
 3.74000000e-08  5.78604673e-02 
 3.74200000e-08  5.76361352e-02 
 3.74400000e-08  5.74014063e-02 
 3.74600000e-08  5.71563527e-02 
 3.74800000e-08  5.69010496e-02 
 3.75000000e-08  5.66355758e-02 
 3.75200000e-08  5.63600130e-02 
 3.75400000e-08  5.60744463e-02 
 3.75600000e-08  5.57789639e-02 
 3.75800000e-08  5.54736569e-02 
 3.76000000e-08  5.51586194e-02 
 3.76200000e-08  5.48339483e-02 
 3.76400000e-08  5.44997433e-02 
 3.76600000e-08  5.41561067e-02 
 3.76800000e-08  5.38031434e-02 
 3.77000000e-08  5.34409608e-02 
 3.77200000e-08  5.30696687e-02 
 3.77400000e-08  5.26893791e-02 
 3.77600000e-08  5.23002064e-02 
 3.77800000e-08  5.19022667e-02 
 3.78000000e-08  5.14956785e-02 
 3.78200000e-08  5.10805621e-02 
 3.78400000e-08  5.06570394e-02 
 3.78600000e-08  5.02252341e-02 
 3.78800000e-08  4.97852717e-02 
 3.79000000e-08  4.93372788e-02 
 3.79200000e-08  4.88813837e-02 
 3.79400000e-08  4.84177158e-02 
 3.79600000e-08  4.79464058e-02 
 3.79800000e-08  4.74675854e-02 
 3.80000000e-08  4.69813872e-02 
 3.80200000e-08  4.64879450e-02 
 3.80400000e-08  4.59873929e-02 
 3.80600000e-08  4.54798661e-02 
 3.80800000e-08  4.49655000e-02 
 3.81000000e-08  4.44444308e-02 
 3.81200000e-08  4.39167947e-02 
 3.81400000e-08  4.33827286e-02 
 3.81600000e-08  4.28423693e-02 
 3.81800000e-08  4.22958538e-02 
 3.82000000e-08  4.17433189e-02 
 3.82200000e-08  4.11849016e-02 
 3.82400000e-08  4.06207385e-02 
 3.82600000e-08  4.00509660e-02 
 3.82800000e-08  3.94757202e-02 
 3.83000000e-08  3.88951366e-02 
 3.83200000e-08  3.83093503e-02 
 3.83400000e-08  3.77184957e-02 
 3.83600000e-08  3.71227067e-02 
 3.83800000e-08  3.65221164e-02 
 3.84000000e-08  3.59168569e-02 
 3.84200000e-08  3.53070596e-02 
 3.84400000e-08  3.46928548e-02 
 3.84600000e-08  3.40743721e-02 
 3.84800000e-08  3.34517396e-02 
 3.85000000e-08  3.28250847e-02 
 3.85200000e-08  3.21945331e-02 
 3.85400000e-08  3.15602099e-02 
 3.85600000e-08  3.09222384e-02 
 3.85800000e-08  3.02807407e-02 
 3.86000000e-08  2.96358378e-02 
 3.86200000e-08  2.89876490e-02 
 3.86400000e-08  2.83362923e-02 
 3.86600000e-08  2.76818842e-02 
 3.86800000e-08  2.70245396e-02 
 3.87000000e-08  2.63643721e-02 
 3.87200000e-08  2.57014936e-02 
 3.87400000e-08  2.50360144e-02 
 3.87600000e-08  2.43680434e-02 
 3.87800000e-08  2.36976877e-02 
 3.88000000e-08  2.30250529e-02 
 3.88200000e-08  2.23502429e-02 
 3.88400000e-08  2.16733601e-02 
 3.88600000e-08  2.09945053e-02 
 3.88800000e-08  2.03137774e-02 
 3.89000000e-08  1.96312740e-02 
 3.89200000e-08  1.89470910e-02 
 3.89400000e-08  1.82613225e-02 
 3.89600000e-08  1.75740612e-02 
 3.89800000e-08  1.68853983e-02 
 3.90000000e-08  1.61954231e-02 
 3.90200000e-08  1.55042237e-02 
 3.90400000e-08  1.48118864e-02 
 3.90600000e-08  1.41184962e-02 
 3.90800000e-08  1.34241364e-02 
 3.91000000e-08  1.27288889e-02 
 3.91200000e-08  1.20328344e-02 
 3.91400000e-08  1.13360518e-02 
 3.91600000e-08  1.06386189e-02 
 3.91800000e-08  9.94061208e-03 
 3.92000000e-08  9.24210636e-03 
 3.92200000e-08  8.54317553e-03 
 3.92400000e-08  7.84389214e-03 
 3.92600000e-08  7.14432751e-03 
 3.92800000e-08  6.44455182e-03 
 3.93000000e-08  5.74463412e-03 
 3.93200000e-08  5.04464237e-03 
 3.93400000e-08  4.34464350e-03 
 3.93600000e-08  3.64470345e-03 
 3.93800000e-08  2.94488720e-03 
 3.94000000e-08  2.24525882e-03 
 3.94200000e-08  1.54588154e-03 
 3.94400000e-08  8.46817761e-04 
 3.94600000e-08  1.48129131e-04 
 3.94800000e-08 -5.50123420e-04 
 3.95000000e-08 -1.24787962e-03 
 3.95200000e-08 -1.94507983e-03 
 3.95400000e-08 -2.64166495e-03 
 3.95600000e-08 -3.33757641e-03 
 3.95800000e-08 -4.03275610e-03 
 3.96000000e-08 -4.72714632e-03 
 3.96200000e-08 -5.42068972e-03 
 3.96400000e-08 -6.11332926e-03 
 3.96600000e-08 -6.80500815e-03 
 3.96800000e-08 -7.49566981e-03 
 3.97000000e-08 -8.18525780e-03 
 3.97200000e-08 -8.87371575e-03 
 3.97400000e-08 -9.56098736e-03 
 3.97600000e-08 -1.02470163e-02 
 3.97800000e-08 -1.09317462e-02 
 3.98000000e-08 -1.16151205e-02 
 3.98200000e-08 -1.22970825e-02 
 3.98400000e-08 -1.29775753e-02 
 3.98600000e-08 -1.36565417e-02 
 3.98800000e-08 -1.43339242e-02 
 3.99000000e-08 -1.50096648e-02 
 3.99200000e-08 -1.56837052e-02 
 3.99400000e-08 -1.63559864e-02 
 3.99600000e-08 -1.70264491e-02 
 3.99800000e-08 -1.76950333e-02 
 4.00000000e-08 -1.83616784e-02 
 4.00200000e-08 -1.90263229e-02 
 4.00400000e-08 -1.96889048e-02 
 4.00600000e-08 -2.03493613e-02 
 4.00800000e-08 -2.10076285e-02 
 4.01000000e-08 -2.16636418e-02 
 4.01200000e-08 -2.23173358e-02 
 4.01400000e-08 -2.29686439e-02 
 4.01600000e-08 -2.36174984e-02 
 4.01800000e-08 -2.42638309e-02 
 4.02000000e-08 -2.49075715e-02 
 4.02200000e-08 -2.55486493e-02 
 4.02400000e-08 -2.61869924e-02 
 4.02600000e-08 -2.68225273e-02 
 4.02800000e-08 -2.74551796e-02 
 4.03000000e-08 -2.80848733e-02 
 4.03200000e-08 -2.87115313e-02 
 4.03400000e-08 -2.93350751e-02 
 4.03600000e-08 -2.99554246e-02 
 4.03800000e-08 -3.05724987e-02 
 4.04000000e-08 -3.11862144e-02 
 4.04200000e-08 -3.17964876e-02 
 4.04400000e-08 -3.24032325e-02 
 4.04600000e-08 -3.30063619e-02 
 4.04800000e-08 -3.36057872e-02 
 4.05000000e-08 -3.42014181e-02 
 4.05200000e-08 -3.47931628e-02 
 4.05400000e-08 -3.53809280e-02 
 4.05600000e-08 -3.59646189e-02 
 4.05800000e-08 -3.65441392e-02 
 4.06000000e-08 -3.71193910e-02 
 4.06200000e-08 -3.76902748e-02 
 4.06400000e-08 -3.82566897e-02 
 4.06600000e-08 -3.88185334e-02 
 4.06800000e-08 -3.93757020e-02 
 4.07000000e-08 -3.99280900e-02 
 4.07200000e-08 -4.04755907e-02 
 4.07400000e-08 -4.10180961e-02 
 4.07600000e-08 -4.15554964e-02 
 4.07800000e-08 -4.20876810e-02 
 4.08000000e-08 -4.26145376e-02 
 4.08200000e-08 -4.31359529e-02 
 4.08400000e-08 -4.36518124e-02 
 4.08600000e-08 -4.41620003e-02 
 4.08800000e-08 -4.46664000e-02 
 4.09000000e-08 -4.51648935e-02 
 4.09200000e-08 -4.56573624e-02 
 4.09400000e-08 -4.61436869e-02 
 4.09600000e-08 -4.66237467e-02 
 4.09800000e-08 -4.70974208e-02 
 4.10000000e-08 -4.75645874e-02 
 4.10200000e-08 -4.80251242e-02 
 4.10400000e-08 -4.84789086e-02 
 4.10600000e-08 -4.89258174e-02 
 4.10800000e-08 -4.93657274e-02 
 4.11000000e-08 -4.97985150e-02 
 4.11200000e-08 -5.02240566e-02 
 4.11400000e-08 -5.06422288e-02 
 4.11600000e-08 -5.10529081e-02 
 4.11800000e-08 -5.14559715e-02 
 4.12000000e-08 -5.18512963e-02 
 4.12200000e-08 -5.22387601e-02 
 4.12400000e-08 -5.26182415e-02 
 4.12600000e-08 -5.29896195e-02 
 4.12800000e-08 -5.33527741e-02 
 4.13000000e-08 -5.37075862e-02 
 4.13200000e-08 -5.40539379e-02 
 4.13400000e-08 -5.43917125e-02 
 4.13600000e-08 -5.47207946e-02 
 4.13800000e-08 -5.50410703e-02 
 4.14000000e-08 -5.53524271e-02 
 4.14200000e-08 -5.56547546e-02 
 4.14400000e-08 -5.59479439e-02 
 4.14600000e-08 -5.62318882e-02 
 4.14800000e-08 -5.65064828e-02 
 4.15000000e-08 -5.67716250e-02 
 4.15200000e-08 -5.70272147e-02 
 4.15400000e-08 -5.72731540e-02 
 4.15600000e-08 -5.75093477e-02 
 4.15800000e-08 -5.77357030e-02 
 4.16000000e-08 -5.79521301e-02 
 4.16200000e-08 -5.81585419e-02 
 4.16400000e-08 -5.83548544e-02 
 4.16600000e-08 -5.85409865e-02 
 4.16800000e-08 -5.87168603e-02 
 4.17000000e-08 -5.88824012e-02 
 4.17200000e-08 -5.90375377e-02 
 4.17400000e-08 -5.91822020e-02 
 4.17600000e-08 -5.93163296e-02 
 4.17800000e-08 -5.94398596e-02 
 4.18000000e-08 -5.95527346e-02 
 4.18200000e-08 -5.96549012e-02 
 4.18400000e-08 -5.97463093e-02 
 4.18600000e-08 -5.98269131e-02 
 4.18800000e-08 -5.98966702e-02 
 4.19000000e-08 -5.99555424e-02 
 4.19200000e-08 -6.00034954e-02 
 4.19400000e-08 -6.00404987e-02 
 4.19600000e-08 -6.00665261e-02 
 4.19800000e-08 -6.00815551e-02 
 4.20000000e-08 -6.00855676e-02 
 4.20200000e-08 -6.00785493e-02 
 4.20400000e-08 -6.00604903e-02 
 4.20600000e-08 -6.00313846e-02 
 4.20800000e-08 -5.99912304e-02 
 4.21000000e-08 -5.99400298e-02 
 4.21200000e-08 -5.98777894e-02 
 4.21400000e-08 -5.98045197e-02 
 4.21600000e-08 -5.97202351e-02 
 4.21800000e-08 -5.96249545e-02 
 4.22000000e-08 -5.95187005e-02 
 4.22200000e-08 -5.94014998e-02 
 4.22400000e-08 -5.92733834e-02 
 4.22600000e-08 -5.91343859e-02 
 4.22800000e-08 -5.89845459e-02 
 4.23000000e-08 -5.88239062e-02 
 4.23200000e-08 -5.86525130e-02 
 4.23400000e-08 -5.84704167e-02 
 4.23600000e-08 -5.82776712e-02 
 4.23800000e-08 -5.80743343e-02 
 4.24000000e-08 -5.78604673e-02 
 4.24200000e-08 -5.76361352e-02 
 4.24400000e-08 -5.74014063e-02 
 4.24600000e-08 -5.71563527e-02 
 4.24800000e-08 -5.69010496e-02 
 4.25000000e-08 -5.66355758e-02 
 4.25200000e-08 -5.63600130e-02 
 4.25400000e-08 -5.60744463e-02 
 4.25600000e-08 -5.57789639e-02 
 4.25800000e-08 -5.54736569e-02 
 4.26000000e-08 -5.51586194e-02 
 4.26200000e-08 -5.48339483e-02 
 4.26400000e-08 -5.44997433e-02 
 4.26600000e-08 -5.41561067e-02 
 4.26800000e-08 -5.38031434e-02 
 4.27000000e-08 -5.34409608e-02 
 4.27200000e-08 -5.30696687e-02 
 4.27400000e-08 -5.26893791e-02 
 4.27600000e-08 -5.23002064e-02 
 4.27800000e-08 -5.19022667e-02 
 4.28000000e-08 -5.14956785e-02 
 4.28200000e-08 -5.10805621e-02 
 4.28400000e-08 -5.06570394e-02 
 4.28600000e-08 -5.02252341e-02 
 4.28800000e-08 -4.97852717e-02 
 4.29000000e-08 -4.93372788e-02 
 4.29200000e-08 -4.88813837e-02 
 4.29400000e-08 -4.84177158e-02 
 4.29600000e-08 -4.79464058e-02 
 4.29800000e-08 -4.74675854e-02 
 4.30000000e-08 -4.69813872e-02 
 4.30200000e-08 -4.64879450e-02 
 4.30400000e-08 -4.59873929e-02 
 4.30600000e-08 -4.54798661e-02 
 4.30800000e-08 -4.49655000e-02 
 4.31000000e-08 -4.44444308e-02 
 4.31200000e-08 -4.39167947e-02 
 4.31400000e-08 -4.33827286e-02 
 4.31600000e-08 -4.28423693e-02 
 4.31800000e-08 -4.22958538e-02 
 4.32000000e-08 -4.17433189e-02 
 4.32200000e-08 -4.11849016e-02 
 4.32400000e-08 -4.06207385e-02 
 4.32600000e-08 -4.00509660e-02 
 4.32800000e-08 -3.94757202e-02 
 4.33000000e-08 -3.88951366e-02 
 4.33200000e-08 -3.83093503e-02 
 4.33400000e-08 -3.77184957e-02 
 4.33600000e-08 -3.71227067e-02 
 4.33800000e-08 -3.65221164e-02 
 4.34000000e-08 -3.59168569e-02 
 4.34200000e-08 -3.53070596e-02 
 4.34400000e-08 -3.46928548e-02 
 4.34600000e-08 -3.40743721e-02 
 4.34800000e-08 -3.34517396e-02 
 4.35000000e-08 -3.28250847e-02 
 4.35200000e-08 -3.21945331e-02 
 4.35400000e-08 -3.15602099e-02 
 4.35600000e-08 -3.09222384e-02 
 4.35800000e-08 -3.02807407e-02 
 4.36000000e-08 -2.96358378e-02 
 4.36200000e-08 -2.89876490e-02 
 4.36400000e-08 -2.83362923e-02 
 4.36600000e-08 -2.76818842e-02 
 4.36800000e-08 -2.70245396e-02 
 4.37000000e-08 -2.63643721e-02 
 4.37200000e-08 -2.57014936e-02 
 4.37400000e-08 -2.50360144e-02 
 4.37600000e-08 -2.43680434e-02 
 4.37800000e-08 -2.36976877e-02 
 4.38000000e-08 -2.30250529e-02 
 4.38200000e-08 -2.23502429e-02 
 4.38400000e-08 -2.16733601e-02 
 4.38600000e-08 -2.09945053e-02 
 4.38800000e-08 -2.03137774e-02 
 4.39000000e-08 -1.96312740e-02 
 4.39200000e-08 -1.89470910e-02 
 4.39400000e-08 -1.82613225e-02 
 4.39600000e-08 -1.75740612e-02 
 4.39800000e-08 -1.68853983e-02 
 4.40000000e-08 -1.61954231e-02 
 4.40200000e-08 -1.55042237e-02 
 4.40400000e-08 -1.48118864e-02 
 4.40600000e-08 -1.41184962e-02 
 4.40800000e-08 -1.34241364e-02 
 4.41000000e-08 -1.27288889e-02 
 4.41200000e-08 -1.20328344e-02 
 4.41400000e-08 -1.13360518e-02 
 4.41600000e-08 -1.06386189e-02 
 4.41800000e-08 -9.94061208e-03 
 4.42000000e-08 -9.24210636e-03 
 4.42200000e-08 -8.54317553e-03 
 4.42400000e-08 -7.84389214e-03 
 4.42600000e-08 -7.14432751e-03 
 4.42800000e-08 -6.44455182e-03 
 4.43000000e-08 -5.74463412e-03 
 4.43200000e-08 -5.04464237e-03 
 4.43400000e-08 -4.34464350e-03 
 4.43600000e-08 -3.64470345e-03 
 4.43800000e-08 -2.94488720e-03 
 4.44000000e-08 -2.24525882e-03 
 4.44200000e-08 -1.54588154e-03 
 4.44400000e-08 -8.46817761e-04 
 4.44600000e-08 -1.48129131e-04 
 4.44800000e-08  5.50123420e-04 
 4.45000000e-08  1.24787962e-03 
 4.45200000e-08  1.94507983e-03 
 4.45400000e-08  2.64166495e-03 
 4.45600000e-08  3.33757641e-03 
 4.45800000e-08  4.03275610e-03 
 4.46000000e-08  4.72714632e-03 
 4.46200000e-08  5.42068972e-03 
 4.46400000e-08  6.11332926e-03 
 4.46600000e-08  6.80500815e-03 
 4.46800000e-08  7.49566981e-03 
 4.47000000e-08  8.18525780e-03 
 4.47200000e-08  8.87371575e-03 
 4.47400000e-08  9.56098736e-03 
 4.47600000e-08  1.02470163e-02 
 4.47800000e-08  1.09317462e-02 
 4.48000000e-08  1.16151205e-02 
 4.48200000e-08  1.22970825e-02 
 4.48400000e-08  1.29775753e-02 
 4.48600000e-08  1.36565417e-02 
 4.48800000e-08  1.43339242e-02 
 4.49000000e-08  1.50096648e-02 
 4.49200000e-08  1.56837052e-02 
 4.49400000e-08  1.63559864e-02 
 4.49600000e-08  1.70264491e-02 
 4.49800000e-08  1.76950333e-02 
 4.50000000e-08  1.83616784e-02 
 4.50200000e-08  1.90263229e-02 
 4.50400000e-08  1.96889048e-02 
 4.50600000e-08  2.03493613e-02 
 4.50800000e-08  2.10076285e-02 
 4.51000000e-08  2.16636418e-02 
 4.51200000e-08  2.23173358e-02 
 4.51400000e-08  2.29686439e-02 
 4.51600000e-08  2.36174984e-02 
 4.51800000e-08  2.42638309e-02 
 4.52000000e-08  2.49075715e-02 
 4.52200000e-08  2.55486493e-02 
 4.52400000e-08  2.61869924e-02 
 4.52600000e-08  2.68225273e-02 
 4.52800000e-08  2.74551796e-02 
 4.53000000e-08  2.80848733e-02 
 4.53200000e-08  2.87115313e-02 
 4.53400000e-08  2.93350751e-02 
 4.53600000e-08  2.99554246e-02 
 4.53800000e-08  3.05724987e-02 
 4.54000000e-08  3.11862144e-02 
 4.54200000e-08  3.17964876e-02 
 4.54400000e-08  3.24032325e-02 
 4.54600000e-08  3.30063619e-02 
 4.54800000e-08  3.36057872e-02 
 4.55000000e-08  3.42014181e-02 
 4.55200000e-08  3.47931628e-02 
 4.55400000e-08  3.53809280e-02 
 4.55600000e-08  3.59646189e-02 
 4.55800000e-08  3.65441392e-02 
 4.56000000e-08  3.71193910e-02 
 4.56200000e-08  3.76902748e-02 
 4.56400000e-08  3.82566897e-02 
 4.56600000e-08  3.88185334e-02 
 4.56800000e-08  3.93757020e-02 
 4.57000000e-08  3.99280900e-02 
 4.57200000e-08  4.04755907e-02 
 4.57400000e-08  4.10180961e-02 
 4.57600000e-08  4.15554964e-02 
 4.57800000e-08  4.20876810e-02 
 4.58000000e-08  4.26145376e-02 
 4.58200000e-08  4.31359529e-02 
 4.58400000e-08  4.36518124e-02 
 4.58600000e-08  4.41620003e-02 
 4.58800000e-08  4.46664000e-02 
 4.59000000e-08  4.51648935e-02 
 4.59200000e-08  4.56573624e-02 
 4.59400000e-08  4.61436869e-02 
 4.59600000e-08  4.66237467e-02 
 4.59800000e-08  4.70974208e-02 
 4.60000000e-08  4.75645874e-02 
 4.60200000e-08  4.80251242e-02 
 4.60400000e-08  4.84789086e-02 
 4.60600000e-08  4.89258174e-02 
 4.60800000e-08  4.93657274e-02 
 4.61000000e-08  4.97985150e-02 
 4.61200000e-08  5.02240566e-02 
 4.61400000e-08  5.06422288e-02 
 4.61600000e-08  5.10529081e-02 
 4.61800000e-08  5.14559715e-02 
 4.62000000e-08  5.18512963e-02 
 4.62200000e-08  5.22387601e-02 
 4.62400000e-08  5.26182415e-02 
 4.62600000e-08  5.29896195e-02 
 4.62800000e-08  5.33527741e-02 
 4.63000000e-08  5.37075862e-02 
 4.63200000e-08  5.40539379e-02 
 4.63400000e-08  5.43917125e-02 
 4.63600000e-08  5.47207946e-02 
 4.63800000e-08  5.50410703e-02 
 4.64000000e-08  5.53524271e-02 
 4.64200000e-08  5.56547546e-02 
 4.64400000e-08  5.59479439e-02 
 4.64600000e-08  5.62318882e-02 
 4.64800000e-08  5.65064828e-02 
 4.65000000e-08  5.67716250e-02 
 4.65200000e-08  5.70272147e-02 
 4.65400000e-08  5.72731540e-02 
 4.65600000e-08  5.75093477e-02 
 4.65800000e-08  5.77357030e-02 
 4.66000000e-08  5.79521301e-02 
 4.66200000e-08  5.81585419e-02 
 4.66400000e-08  5.83548544e-02 
 4.66600000e-08  5.85409865e-02 
 4.66800000e-08  5.87168603e-02 
 4.67000000e-08  5.88824012e-02 
 4.67200000e-08  5.90375377e-02 
 4.67400000e-08  5.91822020e-02 
 4.67600000e-08  5.93163296e-02 
 4.67800000e-08  5.94398596e-02 
 4.68000000e-08  5.95527346e-02 
 4.68200000e-08  5.96549012e-02 
 4.68400000e-08  5.97463093e-02 
 4.68600000e-08  5.98269131e-02 
 4.68800000e-08  5.98966702e-02 
 4.69000000e-08  5.99555424e-02 
 4.69200000e-08  6.00034954e-02 
 4.69400000e-08  6.00404987e-02 
 4.69600000e-08  6.00665261e-02 
 4.69800000e-08  6.00815551e-02 
 4.70000000e-08  6.00855676e-02 
 4.70200000e-08  6.00785493e-02 
 4.70400000e-08  6.00604903e-02 
 4.70600000e-08  6.00313846e-02 
 4.70800000e-08  5.99912304e-02 
 4.71000000e-08  5.99400298e-02 
 4.71200000e-08  5.98777894e-02 
 4.71400000e-08  5.98045197e-02 
 4.71600000e-08  5.97202351e-02 
 4.71800000e-08  5.96249545e-02 
 4.72000000e-08  5.95187005e-02 
 4.72200000e-08  5.94014998e-02 
 4.72400000e-08  5.92733834e-02 
 4.72600000e-08  5.91343859e-02 
 4.72800000e-08  5.89845459e-02 
 4.73000000e-08  5.88239062e-02 
 4.73200000e-08  5.86525130e-02 
 4.73400000e-08  5.84704167e-02 
 4.73600000e-08  5.82776712e-02 
 4.73800000e-08  5.80743343e-02 
 4.74000000e-08  5.78604673e-02 
 4.74200000e-08  5.76361352e-02 
 4.74400000e-08  5.74014063e-02 
 4.74600000e-08  5.71563527e-02 
 4.74800000e-08  5.69010496e-02 
 4.75000000e-08  5.66355758e-02 
 4.75200000e-08  5.63600130e-02 
 4.75400000e-08  5.60744463e-02 
 4.75600000e-08  5.57789639e-02 
 4.75800000e-08  5.54736569e-02 
 4.76000000e-08  5.51586194e-02 
 4.76200000e-08  5.48339483e-02 
 4.76400000e-08  5.44997433e-02 
 4.76600000e-08  5.41561067e-02 
 4.76800000e-08  5.38031434e-02 
 4.77000000e-08  5.34409608e-02 
 4.77200000e-08  5.30696687e-02 
 4.77400000e-08  5.26893791e-02 
 4.77600000e-08  5.23002064e-02 
 4.77800000e-08  5.19022667e-02 
 4.78000000e-08  5.14956785e-02 
 4.78200000e-08  5.10805621e-02 
 4.78400000e-08  5.06570394e-02 
 4.78600000e-08  5.02252341e-02 
 4.78800000e-08  4.97852717e-02 
 4.79000000e-08  4.93372788e-02 
 4.79200000e-08  4.88813837e-02 
 4.79400000e-08  4.84177158e-02 
 4.79600000e-08  4.79464058e-02 
 4.79800000e-08  4.74675854e-02 
 4.80000000e-08  4.69813872e-02 
 4.80200000e-08  4.64879450e-02 
 4.80400000e-08  4.59873929e-02 
 4.80600000e-08  4.54798661e-02 
 4.80800000e-08  4.49655000e-02 
 4.81000000e-08  4.44444308e-02 
 4.81200000e-08  4.39167947e-02 
 4.81400000e-08  4.33827286e-02 
 4.81600000e-08  4.28423693e-02 
 4.81800000e-08  4.22958538e-02 
 4.82000000e-08  4.17433189e-02 
 4.82200000e-08  4.11849016e-02 
 4.82400000e-08  4.06207385e-02 
 4.82600000e-08  4.00509660e-02 
 4.82800000e-08  3.94757202e-02 
 4.83000000e-08  3.88951366e-02 
 4.83200000e-08  3.83093503e-02 
 4.83400000e-08  3.77184957e-02 
 4.83600000e-08  3.71227067e-02 
 4.83800000e-08  3.65221164e-02 
 4.84000000e-08  3.59168569e-02 
 4.84200000e-08  3.53070596e-02 
 4.84400000e-08  3.46928548e-02 
 4.84600000e-08  3.40743721e-02 
 4.84800000e-08  3.34517396e-02 
 4.85000000e-08  3.28250847e-02 
 4.85200000e-08  3.21945331e-02 
 4.85400000e-08  3.15602099e-02 
 4.85600000e-08  3.09222384e-02 
 4.85800000e-08  3.02807407e-02 
 4.86000000e-08  2.96358378e-02 
 4.86200000e-08  2.89876490e-02 
 4.86400000e-08  2.83362923e-02 
 4.86600000e-08  2.76818842e-02 
 4.86800000e-08  2.70245396e-02 
 4.87000000e-08  2.63643721e-02 
 4.87200000e-08  2.57014936e-02 
 4.87400000e-08  2.50360144e-02 
 4.87600000e-08  2.43680434e-02 
 4.87800000e-08  2.36976877e-02 
 4.88000000e-08  2.30250529e-02 
 4.88200000e-08  2.23502429e-02 
 4.88400000e-08  2.16733601e-02 
 4.88600000e-08  2.09945053e-02 
 4.88800000e-08  2.03137774e-02 
 4.89000000e-08  1.96312740e-02 
 4.89200000e-08  1.89470910e-02 
 4.89400000e-08  1.82613225e-02 
 4.89600000e-08  1.75740612e-02 
 4.89800000e-08  1.68853983e-02 
 4.90000000e-08  1.61954231e-02 
 4.90200000e-08  1.55042237e-02 
 4.90400000e-08  1.48118864e-02 
 4.90600000e-08  1.41184962e-02 
 4.90800000e-08  1.34241364e-02 
 4.91000000e-08  1.27288889e-02 
 4.91200000e-08  1.20328344e-02 
 4.91400000e-08  1.13360518e-02 
 4.91600000e-08  1.06386189e-02 
 4.91800000e-08  9.94061208e-03 
 4.92000000e-08  9.24210636e-03 
 4.92200000e-08  8.54317553e-03 
 4.92400000e-08  7.84389214e-03 
 4.92600000e-08  7.14432751e-03 
 4.92800000e-08  6.44455182e-03 
 4.93000000e-08  5.74463412e-03 
 4.93200000e-08  5.04464237e-03 
 4.93400000e-08  4.34464350e-03 
 4.93600000e-08  3.64470345e-03 
 4.93800000e-08  2.94488720e-03 
 4.94000000e-08  2.24525882e-03 
 4.94200000e-08  1.54588154e-03 
 4.94400000e-08  8.46817761e-04 
 4.94600000e-08  1.48129131e-04 
 4.94800000e-08 -5.50123420e-04 
 4.95000000e-08 -1.24787962e-03 
 4.95200000e-08 -1.94507983e-03 
 4.95400000e-08 -2.64166495e-03 
 4.95600000e-08 -3.33757641e-03 
 4.95800000e-08 -4.03275610e-03 
 4.96000000e-08 -4.72714632e-03 
 4.96200000e-08 -5.42068972e-03 
 4.96400000e-08 -6.11332926e-03 
 4.96600000e-08 -6.80500816e-03 
 4.96800000e-08 -7.49566981e-03 
 4.97000000e-08 -8.18525780e-03 
 4.97200000e-08 -8.87371575e-03 
 4.97400000e-08 -9.56098736e-03 
 4.97600000e-08 -1.02470163e-02 
 4.97800000e-08 -1.09317462e-02 
 4.98000000e-08 -1.16151205e-02 
 4.98200000e-08 -1.22970825e-02 
 4.98400000e-08 -1.29775753e-02 
 4.98600000e-08 -1.36565417e-02 
 4.98800000e-08 -1.43339242e-02 
 4.99000000e-08 -1.50096648e-02 
 4.99200000e-08 -1.56837052e-02 
 4.99400000e-08 -1.63559864e-02 
 4.99600000e-08 -1.70264491e-02 
 4.99800000e-08 -1.76950333e-02 
 5.00000000e-08 -1.83616784e-02 
 5.00200000e-08 -1.90263229e-02 
 5.00400000e-08 -1.96889048e-02 
 5.00600000e-08 -2.03493613e-02 
 5.00800000e-08 -2.10076285e-02 
 5.01000000e-08 -2.16636418e-02 
 5.01200000e-08 -2.23173358e-02 
 5.01400000e-08 -2.29686439e-02 
 5.01600000e-08 -2.36174984e-02 
 5.01800000e-08 -2.42638309e-02 
 5.02000000e-08 -2.49075715e-02 
 5.02200000e-08 -2.55486493e-02 
 5.02400000e-08 -2.61869924e-02 
 5.02600000e-08 -2.68225273e-02 
 5.02800000e-08 -2.74551796e-02 
 5.03000000e-08 -2.80848733e-02 
 5.03200000e-08 -2.87115313e-02 
 5.03400000e-08 -2.93350751e-02 
 5.03600000e-08 -2.99554246e-02 
 5.03800000e-08 -3.05724987e-02 
 5.04000000e-08 -3.11862144e-02 
 5.04200000e-08 -3.17964876e-02 
 5.04400000e-08 -3.24032325e-02 
 5.04600000e-08 -3.30063619e-02 
 5.04800000e-08 -3.36057872e-02 
 5.05000000e-08 -3.42014181e-02 
 5.05200000e-08 -3.47931628e-02 
 5.05400000e-08 -3.53809280e-02 
 5.05600000e-08 -3.59646189e-02 
 5.05800000e-08 -3.65441392e-02 
 5.06000000e-08 -3.71193910e-02 
 5.06200000e-08 -3.76902748e-02 
 5.06400000e-08 -3.82566897e-02 
 5.06600000e-08 -3.88185334e-02 
 5.06800000e-08 -3.93757020e-02 
 5.07000000e-08 -3.99280900e-02 
 5.07200000e-08 -4.04755907e-02 
 5.07400000e-08 -4.10180961e-02 
 5.07600000e-08 -4.15554964e-02 
 5.07800000e-08 -4.20876810e-02 
 5.08000000e-08 -4.26145376e-02 
 5.08200000e-08 -4.31359529e-02 
 5.08400000e-08 -4.36518124e-02 
 5.08600000e-08 -4.41620003e-02 
 5.08800000e-08 -4.46664000e-02 
 5.09000000e-08 -4.51648935e-02 
 5.09200000e-08 -4.56573624e-02 
 5.09400000e-08 -4.61436869e-02 
 5.09600000e-08 -4.66237467e-02 
 5.09800000e-08 -4.70974208e-02 
 5.10000000e-08 -4.75645874e-02 
 5.10200000e-08 -4.80251242e-02 
 5.10400000e-08 -4.84789086e-02 
 5.10600000e-08 -4.89258174e-02 
 5.10800000e-08 -4.93657274e-02 
 5.11000000e-08 -4.97985150e-02 
 5.11200000e-08 -5.02240566e-02 
 5.11400000e-08 -5.06422288e-02 
 5.11600000e-08 -5.10529081e-02 
 5.11800000e-08 -5.14559715e-02 
 5.12000000e-08 -5.18512963e-02 
 5.12200000e-08 -5.22387601e-02 
 5.12400000e-08 -5.26182415e-02 
 5.12600000e-08 -5.29896195e-02 
 5.12800000e-08 -5.33527741e-02 
 5.13000000e-08 -5.37075862e-02 
 5.13200000e-08 -5.40539379e-02 
 5.13400000e-08 -5.43917125e-02 
 5.13600000e-08 -5.47207946e-02 
 5.13800000e-08 -5.50410703e-02 
 5.14000000e-08 -5.53524271e-02 
 5.14200000e-08 -5.56547546e-02 
 5.14400000e-08 -5.59479439e-02 
 5.14600000e-08 -5.62318882e-02 
 5.14800000e-08 -5.65064828e-02 
 5.15000000e-08 -5.67716250e-02 
 5.15200000e-08 -5.70272147e-02 
 5.15400000e-08 -5.72731540e-02 
 5.15600000e-08 -5.75093477e-02 
 5.15800000e-08 -5.77357030e-02 
 5.16000000e-08 -5.79521301e-02 
 5.16200000e-08 -5.81585419e-02 
 5.16400000e-08 -5.83548544e-02 
 5.16600000e-08 -5.85409865e-02 
 5.16800000e-08 -5.87168603e-02 
 5.17000000e-08 -5.88824012e-02 
 5.17200000e-08 -5.90375377e-02 
 5.17400000e-08 -5.91822020e-02 
 5.17600000e-08 -5.93163296e-02 
 5.17800000e-08 -5.94398596e-02 
 5.18000000e-08 -5.95527346e-02 
 5.18200000e-08 -5.96549012e-02 
 5.18400000e-08 -5.97463093e-02 
 5.18600000e-08 -5.98269131e-02 
 5.18800000e-08 -5.98966702e-02 
 5.19000000e-08 -5.99555424e-02 
 5.19200000e-08 -6.00034954e-02 
 5.19400000e-08 -6.00404987e-02 
 5.19600000e-08 -6.00665261e-02 
 5.19800000e-08 -6.00815551e-02 
 5.20000000e-08 -6.00855676e-02 
 5.20200000e-08 -6.00785493e-02 
 5.20400000e-08 -6.00604903e-02 
 5.20600000e-08 -6.00313846e-02 
 5.20800000e-08 -5.99912304e-02 
 5.21000000e-08 -5.99400298e-02 
 5.21200000e-08 -5.98777894e-02 
 5.21400000e-08 -5.98045197e-02 
 5.21600000e-08 -5.97202351e-02 
 5.21800000e-08 -5.96249545e-02 
 5.22000000e-08 -5.95187005e-02 
 5.22200000e-08 -5.94014998e-02 
 5.22400000e-08 -5.92733834e-02 
 5.22600000e-08 -5.91343859e-02 
 5.22800000e-08 -5.89845459e-02 
 5.23000000e-08 -5.88239062e-02 
 5.23200000e-08 -5.86525130e-02 
 5.23400000e-08 -5.84704167e-02 
 5.23600000e-08 -5.82776712e-02 
 5.23800000e-08 -5.80743343e-02 
 5.24000000e-08 -5.78604673e-02 
 5.24200000e-08 -5.76361352e-02 
 5.24400000e-08 -5.74014063e-02 
 5.24600000e-08 -5.71563527e-02 
 5.24800000e-08 -5.69010496e-02 
 5.25000000e-08 -5.66355758e-02 
 5.25200000e-08 -5.63600130e-02 
 5.25400000e-08 -5.60744463e-02 
 5.25600000e-08 -5.57789639e-02 
 5.25800000e-08 -5.54736569e-02 
 5.26000000e-08 -5.51586194e-02 
 5.26200000e-08 -5.48339483e-02 
 5.26400000e-08 -5.44997433e-02 
 5.26600000e-08 -5.41561067e-02 
 5.26800000e-08 -5.38031434e-02 
 5.27000000e-08 -5.34409608e-02 
 5.27200000e-08 -5.30696687e-02 
 5.27400000e-08 -5.26893791e-02 
 5.27600000e-08 -5.23002064e-02 
 5.27800000e-08 -5.19022667e-02 
 5.28000000e-08 -5.14956785e-02 
 5.28200000e-08 -5.10805621e-02 
 5.28400000e-08 -5.06570394e-02 
 5.28600000e-08 -5.02252341e-02 
 5.28800000e-08 -4.97852717e-02 
 5.29000000e-08 -4.93372788e-02 
 5.29200000e-08 -4.88813837e-02 
 5.29400000e-08 -4.84177158e-02 
 5.29600000e-08 -4.79464058e-02 
 5.29800000e-08 -4.74675854e-02 
 5.30000000e-08 -4.69813872e-02 
 5.30200000e-08 -4.64879450e-02 
 5.30400000e-08 -4.59873929e-02 
 5.30600000e-08 -4.54798661e-02 
 5.30800000e-08 -4.49655000e-02 
 5.31000000e-08 -4.44444308e-02 
 5.31200000e-08 -4.39167947e-02 
 5.31400000e-08 -4.33827286e-02 
 5.31600000e-08 -4.28423693e-02 
 5.31800000e-08 -4.22958538e-02 
 5.32000000e-08 -4.17433189e-02 
 5.32200000e-08 -4.11849016e-02 
 5.32400000e-08 -4.06207385e-02 
 5.32600000e-08 -4.00509660e-02 
 5.32800000e-08 -3.94757202e-02 
 5.33000000e-08 -3.88951366e-02 
 5.33200000e-08 -3.83093503e-02 
 5.33400000e-08 -3.77184957e-02 
 5.33600000e-08 -3.71227067e-02 
 5.33800000e-08 -3.65221164e-02 
 5.34000000e-08 -3.59168569e-02 
 5.34200000e-08 -3.53070596e-02 
 5.34400000e-08 -3.46928548e-02 
 5.34600000e-08 -3.40743721e-02 
 5.34800000e-08 -3.34517396e-02 
 5.35000000e-08 -3.28250847e-02 
 5.35200000e-08 -3.21945331e-02 
 5.35400000e-08 -3.15602099e-02 
 5.35600000e-08 -3.09222384e-02 
 5.35800000e-08 -3.02807407e-02 
 5.36000000e-08 -2.96358378e-02 
 5.36200000e-08 -2.89876490e-02 
 5.36400000e-08 -2.83362923e-02 
 5.36600000e-08 -2.76818842e-02 
 5.36800000e-08 -2.70245396e-02 
 5.37000000e-08 -2.63643721e-02 
 5.37200000e-08 -2.57014936e-02 
 5.37400000e-08 -2.50360144e-02 
 5.37600000e-08 -2.43680434e-02 
 5.37800000e-08 -2.36976877e-02 
 5.38000000e-08 -2.30250529e-02 
 5.38200000e-08 -2.23502429e-02 
 5.38400000e-08 -2.16733601e-02 
 5.38600000e-08 -2.09945053e-02 
 5.38800000e-08 -2.03137774e-02 
 5.39000000e-08 -1.96312740e-02 
 5.39200000e-08 -1.89470910e-02 
 5.39400000e-08 -1.82613225e-02 
 5.39600000e-08 -1.75740612e-02 
 5.39800000e-08 -1.68853983e-02 
 5.40000000e-08 -1.61954231e-02 
 5.40200000e-08 -1.55042237e-02 
 5.40400000e-08 -1.48118864e-02 
 5.40600000e-08 -1.41184962e-02 
 5.40800000e-08 -1.34241364e-02 
 5.41000000e-08 -1.27288889e-02 
 5.41200000e-08 -1.20328344e-02 
 5.41400000e-08 -1.13360518e-02 
 5.41600000e-08 -1.06386189e-02 
 5.41800000e-08 -9.94061208e-03 
 5.42000000e-08 -9.24210636e-03 
 5.42200000e-08 -8.54317553e-03 
 5.42400000e-08 -7.84389214e-03 
 5.42600000e-08 -7.14432751e-03 
 5.42800000e-08 -6.44455182e-03 
 5.43000000e-08 -5.74463412e-03 
 5.43200000e-08 -5.04464237e-03 
 5.43400000e-08 -4.34464350e-03 
 5.43600000e-08 -3.64470345e-03 
 5.43800000e-08 -2.94488720e-03 
 5.44000000e-08 -2.24525882e-03 
 5.44200000e-08 -1.54588154e-03 
 5.44400000e-08 -8.46817761e-04 
 5.44600000e-08 -1.48129131e-04 
 5.44800000e-08  5.50123420e-04 
 5.45000000e-08  1.24787962e-03 
 5.45200000e-08  1.94507983e-03 
 5.45400000e-08  2.64166495e-03 
 5.45600000e-08  3.33757641e-03 
 5.45800000e-08  4.03275610e-03 
 5.46000000e-08  4.72714632e-03 
 5.46200000e-08  5.42068972e-03 
 5.46400000e-08  6.11332926e-03 
 5.46600000e-08  6.80500815e-03 
 5.46800000e-08  7.49566981e-03 
 5.47000000e-08  8.18525780e-03 
 5.47200000e-08  8.87371575e-03 
 5.47400000e-08  9.56098736e-03 
 5.47600000e-08  1.02470163e-02 
 5.47800000e-08  1.09317462e-02 
 5.48000000e-08  1.16151205e-02 
 5.48200000e-08  1.22970825e-02 
 5.48400000e-08  1.29775753e-02 
 5.48600000e-08  1.36565417e-02 
 5.48800000e-08  1.43339242e-02 
 5.49000000e-08  1.50096648e-02 
 5.49200000e-08  1.56837052e-02 
 5.49400000e-08  1.63559864e-02 
 5.49600000e-08  1.70264491e-02 
 5.49800000e-08  1.76950333e-02 
 5.50000000e-08  1.83616784e-02 
 5.50200000e-08  1.90263229e-02 
 5.50400000e-08  1.96889048e-02 
 5.50600000e-08  2.03493613e-02 
 5.50800000e-08  2.10076285e-02 
 5.51000000e-08  2.16636418e-02 
 5.51200000e-08  2.23173358e-02 
 5.51400000e-08  2.29686439e-02 
 5.51600000e-08  2.36174984e-02 
 5.51800000e-08  2.42638309e-02 
 5.52000000e-08  2.49075715e-02 
 5.52200000e-08  2.55486493e-02 
 5.52400000e-08  2.61869924e-02 
 5.52600000e-08  2.68225273e-02 
 5.52800000e-08  2.74551796e-02 
 5.53000000e-08  2.80848733e-02 
 5.53200000e-08  2.87115313e-02 
 5.53400000e-08  2.93350751e-02 
 5.53600000e-08  2.99554246e-02 
 5.53800000e-08  3.05724987e-02 
 5.54000000e-08  3.11862144e-02 
 5.54200000e-08  3.17964876e-02 
 5.54400000e-08  3.24032325e-02 
 5.54600000e-08  3.30063619e-02 
 5.54800000e-08  3.36057872e-02 
 5.55000000e-08  3.42014181e-02 
 5.55200000e-08  3.47931628e-02 
 5.55400000e-08  3.53809280e-02 
 5.55600000e-08  3.59646189e-02 
 5.55800000e-08  3.65441392e-02 
 5.56000000e-08  3.71193910e-02 
 5.56200000e-08  3.76902748e-02 
 5.56400000e-08  3.82566897e-02 
 5.56600000e-08  3.88185334e-02 
 5.56800000e-08  3.93757020e-02 
 5.57000000e-08  3.99280900e-02 
 5.57200000e-08  4.04755907e-02 
 5.57400000e-08  4.10180961e-02 
 5.57600000e-08  4.15554964e-02 
 5.57800000e-08  4.20876810e-02 
 5.58000000e-08  4.26145376e-02 
 5.58200000e-08  4.31359529e-02 
 5.58400000e-08  4.36518124e-02 
 5.58600000e-08  4.41620003e-02 
 5.58800000e-08  4.46664000e-02 
 5.59000000e-08  4.51648935e-02 
 5.59200000e-08  4.56573624e-02 
 5.59400000e-08  4.61436869e-02 
 5.59600000e-08  4.66237467e-02 
 5.59800000e-08  4.70974208e-02 
 5.60000000e-08  4.75645874e-02 
 5.60200000e-08  4.80251242e-02 
 5.60400000e-08  4.84789086e-02 
 5.60600000e-08  4.89258174e-02 
 5.60800000e-08  4.93657274e-02 
 5.61000000e-08  4.97985150e-02 
 5.61200000e-08  5.02240566e-02 
 5.61400000e-08  5.06422288e-02 
 5.61600000e-08  5.10529081e-02 
 5.61800000e-08  5.14559715e-02 
 5.62000000e-08  5.18512963e-02 
 5.62200000e-08  5.22387601e-02 
 5.62400000e-08  5.26182415e-02 
 5.62600000e-08  5.29896195e-02 
 5.62800000e-08  5.33527741e-02 
 5.63000000e-08  5.37075862e-02 
 5.63200000e-08  5.40539379e-02 
 5.63400000e-08  5.43917125e-02 
 5.63600000e-08  5.47207946e-02 
 5.63800000e-08  5.50410703e-02 
 5.64000000e-08  5.53524271e-02 
 5.64200000e-08  5.56547546e-02 
 5.64400000e-08  5.59479439e-02 
 5.64600000e-08  5.62318882e-02 
 5.64800000e-08  5.65064828e-02 
 5.65000000e-08  5.67716250e-02 
 5.65200000e-08  5.70272147e-02 
 5.65400000e-08  5.72731540e-02 
 5.65600000e-08  5.75093477e-02 
 5.65800000e-08  5.77357030e-02 
 5.66000000e-08  5.79521301e-02 
 5.66200000e-08  5.81585419e-02 
 5.66400000e-08  5.83548544e-02 
 5.66600000e-08  5.85409865e-02 
 5.66800000e-08  5.87168603e-02 
 5.67000000e-08  5.88824012e-02 
 5.67200000e-08  5.90375377e-02 
 5.67400000e-08  5.91822020e-02 
 5.67600000e-08  5.93163296e-02 
 5.67800000e-08  5.94398596e-02 
 5.68000000e-08  5.95527346e-02 
 5.68200000e-08  5.96549012e-02 
 5.68400000e-08  5.97463093e-02 
 5.68600000e-08  5.98269131e-02 
 5.68800000e-08  5.98966702e-02 
 5.69000000e-08  5.99555424e-02 
 5.69200000e-08  6.00034954e-02 
 5.69400000e-08  6.00404987e-02 
 5.69600000e-08  6.00665261e-02 
 5.69800000e-08  6.00815551e-02 
 5.70000000e-08  6.00855676e-02 
 5.70200000e-08  6.00785493e-02 
 5.70400000e-08  6.00604903e-02 
 5.70600000e-08  6.00313846e-02 
 5.70800000e-08  5.99912304e-02 
 5.71000000e-08  5.99400298e-02 
 5.71200000e-08  5.98777894e-02 
 5.71400000e-08  5.98045197e-02 
 5.71600000e-08  5.97202351e-02 
 5.71800000e-08  5.96249545e-02 
 5.72000000e-08  5.95187005e-02 
 5.72200000e-08  5.94014998e-02 
 5.72400000e-08  5.92733834e-02 
 5.72600000e-08  5.91343859e-02 
 5.72800000e-08  5.89845459e-02 
 5.73000000e-08  5.88239062e-02 
 5.73200000e-08  5.86525130e-02 
 5.73400000e-08  5.84704167e-02 
 5.73600000e-08  5.82776712e-02 
 5.73800000e-08  5.80743343e-02 
 5.74000000e-08  5.78604673e-02 
 5.74200000e-08  5.76361352e-02 
 5.74400000e-08  5.74014063e-02 
 5.74600000e-08  5.71563527e-02 
 5.74800000e-08  5.69010496e-02 
 5.75000000e-08  5.66355758e-02 
 5.75200000e-08  5.63600130e-02 
 5.75400000e-08  5.60744463e-02 
 5.75600000e-08  5.57789639e-02 
 5.75800000e-08  5.54736569e-02 
 5.76000000e-08  5.51586194e-02 
 5.76200000e-08  5.48339483e-02 
 5.76400000e-08  5.44997433e-02 
 5.76600000e-08  5.41561067e-02 
 5.76800000e-08  5.38031434e-02 
 5.77000000e-08  5.34409608e-02 
 5.77200000e-08  5.30696687e-02 
 5.77400000e-08  5.26893791e-02 
 5.77600000e-08  5.23002064e-02 
 5.77800000e-08  5.19022667e-02 
 5.78000000e-08  5.14956785e-02 
 5.78200000e-08  5.10805621e-02 
 5.78400000e-08  5.06570394e-02 
 5.78600000e-08  5.02252341e-02 
 5.78800000e-08  4.97852717e-02 
 5.79000000e-08  4.93372788e-02 
 5.79200000e-08  4.88813837e-02 
 5.79400000e-08  4.84177158e-02 
 5.79600000e-08  4.79464058e-02 
 5.79800000e-08  4.74675854e-02 
 5.80000000e-08  4.69813872e-02 
 5.80200000e-08  4.64879450e-02 
 5.80400000e-08  4.59873929e-02 
 5.80600000e-08  4.54798661e-02 
 5.80800000e-08  4.49655000e-02 
 5.81000000e-08  4.44444308e-02 
 5.81200000e-08  4.39167947e-02 
 5.81400000e-08  4.33827286e-02 
 5.81600000e-08  4.28423693e-02 
 5.81800000e-08  4.22958538e-02 
 5.82000000e-08  4.17433189e-02 
 5.82200000e-08  4.11849016e-02 
 5.82400000e-08  4.06207385e-02 
 5.82600000e-08  4.00509660e-02 
 5.82800000e-08  3.94757202e-02 
 5.83000000e-08  3.88951366e-02 
 5.83200000e-08  3.83093503e-02 
 5.83400000e-08  3.77184957e-02 
 5.83600000e-08  3.71227067e-02 
 5.83800000e-08  3.65221164e-02 
 5.84000000e-08  3.59168569e-02 
 5.84200000e-08  3.53070596e-02 
 5.84400000e-08  3.46928548e-02 
 5.84600000e-08  3.40743721e-02 
 5.84800000e-08  3.34517396e-02 
 5.85000000e-08  3.28250847e-02 
 5.85200000e-08  3.21945331e-02 
 5.85400000e-08  3.15602099e-02 
 5.85600000e-08  3.09222384e-02 
 5.85800000e-08  3.02807407e-02 
 5.86000000e-08  2.96358378e-02 
 5.86200000e-08  2.89876490e-02 
 5.86400000e-08  2.83362923e-02 
 5.86600000e-08  2.76818842e-02 
 5.86800000e-08  2.70245396e-02 
 5.87000000e-08  2.63643721e-02 
 5.87200000e-08  2.57014936e-02 
 5.87400000e-08  2.50360144e-02 
 5.87600000e-08  2.43680434e-02 
 5.87800000e-08  2.36976877e-02 
 5.88000000e-08  2.30250529e-02 
 5.88200000e-08  2.23502429e-02 
 5.88400000e-08  2.16733601e-02 
 5.88600000e-08  2.09945053e-02 
 5.88800000e-08  2.03137774e-02 
 5.89000000e-08  1.96312740e-02 
 5.89200000e-08  1.89470910e-02 
 5.89400000e-08  1.82613225e-02 
 5.89600000e-08  1.75740612e-02 
 5.89800000e-08  1.68853983e-02 
 5.90000000e-08  1.61954231e-02 
 5.90200000e-08  1.55042237e-02 
 5.90400000e-08  1.48118864e-02 
 5.90600000e-08  1.41184962e-02 
 5.90800000e-08  1.34241364e-02 
 5.91000000e-08  1.27288889e-02 
 5.91200000e-08  1.20328344e-02 
 5.91400000e-08  1.13360518e-02 
 5.91600000e-08  1.06386189e-02 
 5.91800000e-08  9.94061208e-03 
 5.92000000e-08  9.24210636e-03 
 5.92200000e-08  8.54317553e-03 
 5.92400000e-08  7.84389214e-03 
 5.92600000e-08  7.14432751e-03 
 5.92800000e-08  6.44455182e-03 
 5.93000000e-08  5.74463412e-03 
 5.93200000e-08  5.04464237e-03 
 5.93400000e-08  4.34464350e-03 
 5.93600000e-08  3.64470345e-03 
 5.93800000e-08  2.94488720e-03 
 5.94000000e-08  2.24525882e-03 
 5.94200000e-08  1.54588154e-03 
 5.94400000e-08  8.46817761e-04 
 5.94600000e-08  1.48129130e-04 
 5.94800000e-08 -5.50123420e-04 
 5.95000000e-08 -1.24787962e-03 
 5.95200000e-08 -1.94507983e-03 
 5.95400000e-08 -2.64166495e-03 
 5.95600000e-08 -3.33757641e-03 
 5.95800000e-08 -4.03275610e-03 
 5.96000000e-08 -4.72714632e-03 
 5.96200000e-08 -5.42068972e-03 
 5.96400000e-08 -6.11332926e-03 
 5.96600000e-08 -6.80500815e-03 
 5.96800000e-08 -7.49566981e-03 
 5.97000000e-08 -8.18525780e-03 
 5.97200000e-08 -8.87371575e-03 
 5.97400000e-08 -9.56098736e-03 
 5.97600000e-08 -1.02470163e-02 
 5.97800000e-08 -1.09317462e-02 
 5.98000000e-08 -1.16151205e-02 
 5.98200000e-08 -1.22970825e-02 
 5.98400000e-08 -1.29775753e-02 
 5.98600000e-08 -1.36565417e-02 
 5.98800000e-08 -1.43339242e-02 
 5.99000000e-08 -1.50096648e-02 
 5.99200000e-08 -1.56837052e-02 
 5.99400000e-08 -1.63559864e-02 
 5.99600000e-08 -1.70264491e-02 
 5.99800000e-08 -1.76950333e-02 
 6.00000000e-08 -1.83618834e-02 
