 1.00000000e+06 -3.62186732e-01  1.36600541e-04 
 1.05932636e+06 -3.62186728e-01  1.44704550e-04 
 1.12217233e+06 -3.62186723e-01  1.53289340e-04 
 1.18874673e+06 -3.62186718e-01  1.62383434e-04 
 1.25927075e+06 -3.62186712e-01  1.72017046e-04 
 1.33397869e+06 -3.62186705e-01  1.82222184e-04 
 1.41311879e+06 -3.62186698e-01  1.93032755e-04 
 1.49695398e+06 -3.62186689e-01  2.04484676e-04 
 1.58576281e+06 -3.62186680e-01  2.16615996e-04 
 1.67984034e+06 -3.62186669e-01  2.29467021e-04 
 1.77949915e+06 -3.62186657e-01  2.43080448e-04 
 1.88507036e+06 -3.62186644e-01  2.57501507e-04 
 1.99690471e+06 -3.62186629e-01  2.72778111e-04 
 2.11537380e+06 -3.62186612e-01  2.88961016e-04 
 2.24087122e+06 -3.62186593e-01  3.06103989e-04 
 2.37381395e+06 -3.62186572e-01  3.24263987e-04 
 2.51464369e+06 -3.62186548e-01  3.43501344e-04 
 2.66382834e+06 -3.62186522e-01  3.63879974e-04 
 2.82186357e+06 -3.62186492e-01  3.85467585e-04 
 2.98927446e+06 -3.62186458e-01  4.08335898e-04 
 3.16661723e+06 -3.62186420e-01  4.32560891e-04 
 3.35448110e+06 -3.62186378e-01  4.58223047e-04 
 3.55349024e+06 -3.62186330e-01  4.85407626e-04 
 3.76430588e+06 -3.62186277e-01  5.14204943e-04 
 3.98762844e+06 -3.62186217e-01  5.44710672e-04 
 4.22419991e+06 -3.62186150e-01  5.77026161e-04 
 4.47480631e+06 -3.62186075e-01  6.11258771e-04 
 4.74028027e+06 -3.62185990e-01  6.47522229e-04 
 5.02150383e+06 -3.62185895e-01  6.85937009e-04 
 5.31941137e+06 -3.62185789e-01  7.26630732e-04 
 5.63499267e+06 -3.62185669e-01  7.69738585e-04 
 5.96929627e+06 -3.62185535e-01  8.15403776e-04 
 6.32343288e+06 -3.62185384e-01  8.63778003e-04 
 6.69857912e+06 -3.62185216e-01  9.15021964e-04 
 7.09598142e+06 -3.62185026e-01  9.69305883e-04 
 7.51696016e+06 -3.62184813e-01  1.02681008e-03 
 7.96291403e+06 -3.62184575e-01  1.08772557e-03 
 8.43532472e+06 -3.62184307e-01  1.15225468e-03 
 8.93576181e+06 -3.62184006e-01  1.22061175e-03 
 9.46588802e+06 -3.62183669e-01  1.29302383e-03 
 1.00274647e+07 -3.62183291e-01  1.36973140e-03 
 1.06223576e+07 -3.62182866e-01  1.45098921e-03 
 1.12525434e+07 -3.62182390e-01  1.53706712e-03 
 1.19201159e+07 -3.62181855e-01  1.62825097e-03 
 1.26272929e+07 -3.62181255e-01  1.72484353e-03 
 1.33764242e+07 -3.62180581e-01  1.82716551e-03 
 1.41699988e+07 -3.62179826e-01  1.93555661e-03 
 1.50106532e+07 -3.62178978e-01  2.05037666e-03 
 1.59011806e+07 -3.62178027e-01  2.17200677e-03 
 1.68445397e+07 -3.62176959e-01  2.30085064e-03 
 1.78438649e+07 -3.62175761e-01  2.43733581e-03 
 1.89024764e+07 -3.62174417e-01  2.58191515e-03 
 2.00238915e+07 -3.62172909e-01  2.73506829e-03 
 2.12118361e+07 -3.62171217e-01  2.89730321e-03 
 2.24702570e+07 -3.62169318e-01  3.06915790e-03 
 2.38033356e+07 -3.62167187e-01  3.25120212e-03 
 2.52155008e+07 -3.62164797e-01  3.44403924e-03 
 2.67114446e+07 -3.62162114e-01  3.64830823e-03 
 2.82961373e+07 -3.62159105e-01  3.86468572e-03 
 2.99748441e+07 -3.62155728e-01  4.09388816e-03 
 3.17531424e+07 -3.62151940e-01  4.33667417e-03 
 3.36369407e+07 -3.62147689e-01  4.59384695e-03 
 3.56324979e+07 -3.62142921e-01  4.86625685e-03 
 3.77464443e+07 -3.62137571e-01  5.15480407e-03 
 3.99858033e+07 -3.62131570e-01  5.46044153e-03 
 4.23580154e+07 -3.62124838e-01  5.78417783e-03 
 4.48709622e+07 -3.62117287e-01  6.12708044e-03 
 4.75329930e+07 -3.62108816e-01  6.49027897e-03 
 5.03529523e+07 -3.62099316e-01  6.87496868e-03 
 5.33402096e+07 -3.62088661e-01  7.28241409e-03 
 5.65046900e+07 -3.62076711e-01  7.71395279e-03 
 5.98569075e+07 -3.62063311e-01  8.17099945e-03 
 6.34079998e+07 -3.62048286e-01  8.65504993e-03 
 6.71697655e+07 -3.62031439e-01  9.16768567e-03 
 7.11547031e+07 -3.62012553e-01  9.71057811e-03 
 7.53760525e+07 -3.61991383e-01  1.02854934e-02 
 7.98478392e+07 -3.61967656e-01  1.08942973e-02 
 8.45849207e+07 -3.61941066e-01  1.15389600e-02 
 8.96030360e+07 -3.61911274e-01  1.22215613e-02 
 9.49188578e+07 -3.61877900e-01  1.29442960e-02 
 1.00550048e+08 -3.61840520e-01  1.37094790e-02 
 1.06515316e+08 -3.61798663e-01  1.45195510e-02 
 1.12834482e+08 -3.61751805e-01  1.53770838e-02 
 1.19528541e+08 -3.61699363e-01  1.62847861e-02 
 1.26619734e+08 -3.61640689e-01  1.72455088e-02 
 1.34131621e+08 -3.61575066e-01  1.82622506e-02 
 1.42089162e+08 -3.61501698e-01  1.93381636e-02 
 1.50518795e+08 -3.61419705e-01  2.04765588e-02 
 1.59448526e+08 -3.61328114e-01  2.16809111e-02 
 1.68908027e+08 -3.61225855e-01  2.29548646e-02 
 1.78928725e+08 -3.61111748e-01  2.43022379e-02 
 1.89543915e+08 -3.60984496e-01  2.57270290e-02 
 2.00788865e+08 -3.60842678e-01  2.72334200e-02 
 2.12700937e+08 -3.60684739e-01  2.88257827e-02 
 2.25319709e+08 -3.60508982e-01  3.05086830e-02 
 2.38687107e+08 -3.60313557e-01  3.22868872e-02 
 2.52847543e+08 -3.60096455e-01  3.41653674e-02 
 2.67848067e+08 -3.59855498e-01  3.61493093e-02 
 2.83738518e+08 -3.59588328e-01  3.82441198e-02 
 3.00571690e+08 -3.59292398e-01  4.04554371e-02 
 3.18403514e+08 -3.58964965e-01  4.27891428e-02 
 3.37293235e+08 -3.58603072e-01  4.52513763e-02 
 3.57303614e+08 -3.58203537e-01  4.78485526e-02 
 3.78501137e+08 -3.57762936e-01  5.05873825e-02 
 4.00956231e+08 -3.57277578e-01  5.34748971e-02 
 4.24743504e+08 -3.56743478e-01  5.65184750e-02 
 4.49941989e+08 -3.56156324e-01  5.97258723e-02 
 4.76635408e+08 -3.55511428e-01  6.31052544e-02 
 5.04912451e+08 -3.54803671e-01  6.66652287e-02 
 5.34867068e+08 -3.54027433e-01  7.04148750e-02 
 5.66598783e+08 -3.53176514e-01  7.43637727e-02 
 6.00213026e+08 -3.52244031e-01  7.85220210e-02 
 6.35821479e+08 -3.51222307e-01  8.29002487e-02 
 6.73542451e+08 -3.50102745e-01  8.75096114e-02 
 7.13501272e+08 -3.48875681e-01  9.23617710e-02 
 7.55830704e+08 -3.47530235e-01  9.74688556e-02 
 8.00671387e+08 -3.46054141e-01  1.02843396e-01 
 8.48172305e+08 -3.44433579e-01  1.08498234e-01 
 8.98491278e+08 -3.42652994e-01  1.14446408e-01 
 9.51795494e+08 -3.40694917e-01  1.20701001e-01 
 1.00826205e+09 -3.38539790e-01  1.27274959e-01 
 1.06807857e+09 -3.36165786e-01  1.34180875e-01 
 1.13144378e+09 -3.33548645e-01  1.41430735e-01 
 1.19856822e+09 -3.30661521e-01  1.49035625e-01 
 1.26967491e+09 -3.27474840e-01  1.57005393e-01 
 1.34500010e+09 -3.23956185e-01  1.65348268e-01 
 1.42479405e+09 -3.20070210e-01  1.74070432e-01 
 1.50932190e+09 -3.15778587e-01  1.83175533e-01 
 1.59886447e+09 -3.11040007e-01  1.92664153e-01 
 1.69371927e+09 -3.05810241e-01  2.02533214e-01 
 1.79420147e+09 -3.00042279e-01  2.12775337e-01 
 1.90064491e+09 -2.93686567e-01  2.23378150e-01 
 2.01340325e+09 -2.86691350e-01  2.34323549e-01 
 2.13285113e+09 -2.79003166e-01  2.45586944e-01 
 2.25938542e+09 -2.70567488e-01  2.57136491e-01 
 2.39342653e+09 -2.61329542e-01  2.68932337e-01 
 2.53541981e+09 -2.51235335e-01  2.80925936e-01 
 2.68583703e+09 -2.40232877e-01  2.93059447e-01 
 2.84517796e+09 -2.28273626e-01  3.05265288e-01 
 3.01397201e+09 -2.15314132e-01  3.17465901e-01 
 3.19277999e+09 -2.01317866e-01  3.29573786e-01 
 3.38219600e+09 -1.86257197e-01  3.41491871e-01 
 3.58284937e+09 -1.70115437e-01  3.53114288e-01 
 3.79540678e+09 -1.52888904e-01  3.64327597e-01 
 4.02057444e+09 -1.34588856e-01  3.75012499e-01 
 4.25910048e+09 -1.15243217e-01  3.85046047e-01 
 4.51177740e+09 -9.48979280e-02  3.94304325e-01 
 4.77944472e+09 -7.36178057e-02  4.02665553e-01 
 5.06299177e+09 -5.14867763e-02  4.10013483e-01 
 5.36336063e+09 -2.86073847e-02  4.16240971e-01 
 5.68154929e+09 -5.09951719e-03  4.21253532e-01 
 6.01861492e+09  1.89016770e-02  4.24972674e-01 
 6.37567742e+09  4.32486162e-02  4.27338817e-01 
 6.75392314e+09  6.77847623e-02  4.28313587e-01 
 7.15460881e+09  9.23485799e-02  4.27881336e-01 
 7.57906569e+09  1.16777769e-01  4.26049775e-01 
 8.02870406e+09  1.40913542e-01  4.22849673e-01 
 8.50501783e+09  1.64604701e-01  4.18333638e-01 
 9.00958956e+09  1.87711308e-01  4.12574085e-01 
 9.54409570e+09  2.10107753e-01  4.05660514e-01 
 1.01103121e+10  2.31685110e-01  3.97696308e-01 
 1.07101201e+10  2.52352694e-01  3.88795232e-01 
 1.13455126e+10  2.72038821e-01  3.79077848e-01 
 1.20186005e+10  2.90690825e-01  3.68668047e-01 
 1.27316203e+10  3.08274398e-01  3.57689829e-01 
 1.34869410e+10  3.24772403e-01  3.46264472e-01 
 1.42870721e+10  3.40183262e-01  3.34508158e-01 
 1.51346720e+10  3.54519082e-01  3.22530090e-01 
 1.60325570e+10  3.67803628e-01  3.10431106e-01 
 1.69837102e+10  3.80070260e-01  2.98302759e-01 
 1.79912919e+10  3.91359932e-01  2.86226818e-01 
 1.90586497e+10  4.01719308e-01  2.74275134e-01 
 2.01893300e+10  4.11199055e-01  2.62509793e-01 
 2.13870894e+10  4.19852338e-01  2.50983505e-01 
 2.26559075e+10  4.27733525e-01  2.39740169e-01 
 2.40000000e+10  4.34897105e-01  2.28815538e-01 
