 0.00000000e+00  1.66533454e-16 
 2.00000000e-11  3.80087319e-04 
 4.00000000e-11  3.92221713e-04 
 6.00000000e-11  1.35872994e-04 
 8.00000000e-11 -3.38983208e-04 
 1.00000000e-10 -9.77980639e-04 
 1.20000000e-10 -1.74033388e-03 
 1.40000000e-10 -2.59540852e-03 
 1.60000000e-10 -3.52019938e-03 
 1.80000000e-10 -4.49739753e-03 
 2.00000000e-10 -5.51398287e-03 
 2.20000000e-10 -6.56013165e-03 
 2.40000000e-10 -7.62843421e-03 
 2.60000000e-10 -8.71327496e-03 
 2.80000000e-10 -9.81039945e-03 
 3.00000000e-10 -1.09165603e-02 
 3.20000000e-10 -1.20292795e-02 
 3.40000000e-10 -1.31466445e-02 
 3.60000000e-10 -1.42671792e-02 
 3.80000000e-10 -1.53897251e-02 
 4.00000000e-10 -1.65133725e-02 
 4.20000000e-10 -1.76373900e-02 
 4.40000000e-10 -1.87611894e-02 
 4.60000000e-10 -1.98842825e-02 
 4.80000000e-10 -2.10062639e-02 
 5.00000000e-10 -2.21267845e-02 
 5.20000000e-10 -2.32455440e-02 
 5.40000000e-10 -2.43622732e-02 
 5.60000000e-10 -2.54767324e-02 
 5.80000000e-10 -2.65886989e-02 
 6.00000000e-10 -2.76979679e-02 
 6.20000000e-10 -2.88043440e-02 
 6.40000000e-10 -2.99076429e-02 
 6.60000000e-10 -3.10076853e-02 
 6.80000000e-10 -3.21042986e-02 
 7.00000000e-10 -3.31973129e-02 
 7.20000000e-10 -3.42865626e-02 
 7.40000000e-10 -3.53718831e-02 
 7.60000000e-10 -3.64531126e-02 
 7.80000000e-10 -3.75300895e-02 
 8.00000000e-10 -3.86026538e-02 
 8.20000000e-10 -3.96706454e-02 
 8.40000000e-10 -4.07339050e-02 
 8.60000000e-10 -4.17922728e-02 
 8.80000000e-10 -4.28455895e-02 
 9.00000000e-10 -4.38936949e-02 
 9.20000000e-10 -4.49364291e-02 
 9.40000000e-10 -4.59736313e-02 
 9.60000000e-10 -4.70051403e-02 
 9.80000000e-10 -4.80307944e-02 
 1.00000000e-09 -4.90504312e-02 
 1.02000000e-09 -5.00638877e-02 
 1.04000000e-09 -5.10710001e-02 
 1.06000000e-09 -5.20716038e-02 
 1.08000000e-09 -5.30655337e-02 
 1.10000000e-09 -5.40526238e-02 
 1.12000000e-09 -5.50327072e-02 
 1.14000000e-09 -5.60056165e-02 
 1.16000000e-09 -5.69711833e-02 
 1.18000000e-09 -5.79292388e-02 
 1.20000000e-09 -5.88796131e-02 
 1.22000000e-09 -5.98221359e-02 
 1.24000000e-09 -6.07566359e-02 
 1.26000000e-09 -6.16829417e-02 
 1.28000000e-09 -6.26008806e-02 
 1.30000000e-09 -6.35102800e-02 
 1.32000000e-09 -6.44109662e-02 
 1.34000000e-09 -6.53027656e-02 
 1.36000000e-09 -6.61855036e-02 
 1.38000000e-09 -6.70590058e-02 
 1.40000000e-09 -6.79230970e-02 
 1.42000000e-09 -6.87776023e-02 
 1.44000000e-09 -6.96223459e-02 
 1.46000000e-09 -7.04571527e-02 
 1.48000000e-09 -7.12818469e-02 
 1.50000000e-09 -7.20962533e-02 
 1.52000000e-09 -7.29001963e-02 
 1.54000000e-09 -7.36935011e-02 
 1.56000000e-09 -7.44759925e-02 
 1.58000000e-09 -7.52474965e-02 
 1.60000000e-09 -7.60078388e-02 
 1.62000000e-09 -7.67568463e-02 
 1.64000000e-09 -7.74943461e-02 
 1.66000000e-09 -7.82201665e-02 
 1.68000000e-09 -7.89341362e-02 
 1.70000000e-09 -7.96360856e-02 
 1.72000000e-09 -8.03258452e-02 
 1.74000000e-09 -8.10032476e-02 
 1.76000000e-09 -8.16681261e-02 
 1.78000000e-09 -8.23203160e-02 
 1.80000000e-09 -8.29596533e-02 
 1.82000000e-09 -8.35859766e-02 
 1.84000000e-09 -8.41991255e-02 
 1.86000000e-09 -8.47989419e-02 
 1.88000000e-09 -8.53852694e-02 
 1.90000000e-09 -8.59579542e-02 
 1.92000000e-09 -8.65168439e-02 
 1.94000000e-09 -8.70617895e-02 
 1.96000000e-09 -8.75926433e-02 
 1.98000000e-09 -8.81092614e-02 
 2.00000000e-09 -8.86115014e-02 
 2.02000000e-09 -8.90992248e-02 
 2.04000000e-09 -8.95722951e-02 
 2.06000000e-09 -9.00305795e-02 
 2.08000000e-09 -9.04739480e-02 
 2.10000000e-09 -9.09022742e-02 
 2.12000000e-09 -9.13154344e-02 
 2.14000000e-09 -9.17133094e-02 
 2.16000000e-09 -9.20957827e-02 
 2.18000000e-09 -9.24627420e-02 
 2.20000000e-09 -9.28140784e-02 
 2.22000000e-09 -9.31496875e-02 
 2.24000000e-09 -9.34694683e-02 
 2.26000000e-09 -9.37733243e-02 
 2.28000000e-09 -9.40611627e-02 
 2.30000000e-09 -9.43328958e-02 
 2.32000000e-09 -9.45884393e-02 
 2.34000000e-09 -9.48277141e-02 
 2.36000000e-09 -9.50506451e-02 
 2.38000000e-09 -9.52571623e-02 
 2.40000000e-09 -9.54471997e-02 
 2.42000000e-09 -9.56206968e-02 
 2.44000000e-09 -9.57775972e-02 
 2.46000000e-09 -9.59178500e-02 
 2.48000000e-09 -9.60414085e-02 
 2.50000000e-09 -9.61482317e-02 
 2.52000000e-09 -9.62382829e-02 
 2.54000000e-09 -9.63115310e-02 
 2.56000000e-09 -9.63679497e-02 
 2.58000000e-09 -9.64075181e-02 
 2.60000000e-09 -9.64302198e-02 
 2.62000000e-09 -9.64360445e-02 
 2.64000000e-09 -9.64249861e-02 
 2.66000000e-09 -9.63970446e-02 
 2.68000000e-09 -9.63522244e-02 
 2.70000000e-09 -9.62905358e-02 
 2.72000000e-09 -9.62119937e-02 
 2.74000000e-09 -9.61166187e-02 
 2.76000000e-09 -9.60044362e-02 
 2.78000000e-09 -9.58754771e-02 
 2.80000000e-09 -9.57297770e-02 
 2.82000000e-09 -9.55673771e-02 
 2.84000000e-09 -9.53883233e-02 
 2.86000000e-09 -9.51926669e-02 
 2.88000000e-09 -9.49804637e-02 
 2.90000000e-09 -9.47517750e-02 
 2.92000000e-09 -9.45066664e-02 
 2.94000000e-09 -9.42452091e-02 
 2.96000000e-09 -9.39674784e-02 
 2.98000000e-09 -9.36735547e-02 
 3.00000000e-09 -9.33635226e-02 
 3.02000000e-09 -9.30374721e-02 
 3.04000000e-09 -9.26954966e-02 
 3.06000000e-09 -9.23376950e-02 
 3.08000000e-09 -9.19641695e-02 
 3.10000000e-09 -9.15750273e-02 
 3.12000000e-09 -9.11703793e-02 
 3.14000000e-09 -9.07503407e-02 
 3.16000000e-09 -9.03150303e-02 
 3.18000000e-09 -8.98645710e-02 
 3.20000000e-09 -8.93990893e-02 
 3.22000000e-09 -8.89187154e-02 
 3.24000000e-09 -8.84235826e-02 
 3.26000000e-09 -8.79138284e-02 
 3.28000000e-09 -8.73895925e-02 
 3.30000000e-09 -8.68510186e-02 
 3.32000000e-09 -8.62982528e-02 
 3.34000000e-09 -8.57314447e-02 
 3.36000000e-09 -8.51507459e-02 
 3.38000000e-09 -8.45563114e-02 
 3.40000000e-09 -8.39482980e-02 
 3.42000000e-09 -8.33268656e-02 
 3.44000000e-09 -8.26921757e-02 
 3.46000000e-09 -8.20443923e-02 
 3.48000000e-09 -8.13836812e-02 
 3.50000000e-09 -8.07102103e-02 
 3.52000000e-09 -8.00241488e-02 
 3.54000000e-09 -7.93256681e-02 
 3.56000000e-09 -7.86149404e-02 
 3.58000000e-09 -7.78921400e-02 
 3.60000000e-09 -7.71574418e-02 
 3.62000000e-09 -7.64110222e-02 
 3.64000000e-09 -7.56530583e-02 
 3.66000000e-09 -7.48837284e-02 
 3.68000000e-09 -7.41032111e-02 
 3.70000000e-09 -7.33116861e-02 
 3.72000000e-09 -7.25093334e-02 
 3.74000000e-09 -7.16963334e-02 
 3.76000000e-09 -7.08728669e-02 
 3.78000000e-09 -7.00391149e-02 
 3.80000000e-09 -6.91952583e-02 
 3.82000000e-09 -6.83414784e-02 
 3.84000000e-09 -6.74779561e-02 
 3.86000000e-09 -6.66048723e-02 
 3.88000000e-09 -6.57224074e-02 
 3.90000000e-09 -6.48307418e-02 
 3.92000000e-09 -6.39300552e-02 
 3.94000000e-09 -6.30205269e-02 
 3.96000000e-09 -6.21023356e-02 
 3.98000000e-09 -6.11756595e-02 
 4.00000000e-09 -6.02406758e-02 
 4.02000000e-09 -5.92975613e-02 
 4.04000000e-09 -5.83464916e-02 
 4.06000000e-09 -5.73876418e-02 
 4.08000000e-09 -5.64211855e-02 
 4.10000000e-09 -5.54472962e-02 
 4.12000000e-09 -5.44661454e-02 
 4.14000000e-09 -5.34779044e-02 
 4.16000000e-09 -5.24827427e-02 
 4.18000000e-09 -5.14808293e-02 
 4.20000000e-09 -5.04723316e-02 
 4.22000000e-09 -4.94574160e-02 
 4.24000000e-09 -4.84362477e-02 
 4.26000000e-09 -4.74089906e-02 
 4.28000000e-09 -4.63758075e-02 
 4.30000000e-09 -4.53368599e-02 
 4.32000000e-09 -4.42923080e-02 
 4.34000000e-09 -4.32423108e-02 
 4.36000000e-09 -4.21870261e-02 
 4.38000000e-09 -4.11266103e-02 
 4.40000000e-09 -4.00612186e-02 
 4.42000000e-09 -3.89910051e-02 
 4.44000000e-09 -3.79161223e-02 
 4.46000000e-09 -3.68367220e-02 
 4.48000000e-09 -3.57529542e-02 
 4.50000000e-09 -3.46649682e-02 
 4.52000000e-09 -3.35729117e-02 
 4.54000000e-09 -3.24769317e-02 
 4.56000000e-09 -3.13771734e-02 
 4.58000000e-09 -3.02737816e-02 
 4.60000000e-09 -2.91668995e-02 
 4.62000000e-09 -2.80566694e-02 
 4.64000000e-09 -2.69432325e-02 
 4.66000000e-09 -2.58267292e-02 
 4.68000000e-09 -2.47072985e-02 
 4.70000000e-09 -2.35850790e-02 
 4.72000000e-09 -2.24602078e-02 
 4.74000000e-09 -2.13328216e-02 
 4.76000000e-09 -2.02030558e-02 
 4.78000000e-09 -1.90710456e-02 
 4.80000000e-09 -1.79369247e-02 
 4.82000000e-09 -1.68008266e-02 
 4.84000000e-09 -1.56628839e-02 
 4.86000000e-09 -1.45232287e-02 
 4.88000000e-09 -1.33819921e-02 
 4.90000000e-09 -1.22393051e-02 
 4.92000000e-09 -1.10952978e-02 
 4.94000000e-09 -9.95010018e-03 
 4.96000000e-09 -8.80384129e-03 
 4.98000000e-09 -7.65665024e-03 
 5.00000000e-09 -6.50865542e-03 
 5.02000000e-09 -5.35998520e-03 
 5.04000000e-09 -4.21076741e-03 
 5.06000000e-09 -3.06112989e-03 
 5.08000000e-09 -1.91120006e-03 
 5.10000000e-09 -7.61105448e-04 
 5.12000000e-09  3.89026784e-04 
 5.14000000e-09  1.53906926e-03 
 5.16000000e-09  2.68889488e-03 
 5.18000000e-09  3.83837623e-03 
 5.20000000e-09  4.98738611e-03 
 5.22000000e-09  6.13579691e-03 
 5.24000000e-09  7.28348113e-03 
 5.26000000e-09  8.43031080e-03 
 5.28000000e-09  9.57615796e-03 
 5.30000000e-09  1.07208941e-02 
 5.32000000e-09  1.18643906e-02 
 5.34000000e-09  1.30065183e-02 
 5.36000000e-09  1.41471478e-02 
 5.38000000e-09  1.52861490e-02 
 5.40000000e-09  1.64233916e-02 
 5.42000000e-09  1.75587444e-02 
 5.44000000e-09  1.86920760e-02 
 5.46000000e-09  1.98232541e-02 
 5.48000000e-09  2.09521461e-02 
 5.50000000e-09  2.20786183e-02 
 5.52000000e-09  2.32025365e-02 
 5.54000000e-09  2.43237658e-02 
 5.56000000e-09  2.54421705e-02 
 5.58000000e-09  2.65576140e-02 
 5.60000000e-09  2.76699588e-02 
 5.62000000e-09  2.87790668e-02 
 5.64000000e-09  2.98847988e-02 
 5.66000000e-09  3.09870145e-02 
 5.68000000e-09  3.20855732e-02 
 5.70000000e-09  3.31803326e-02 
 5.72000000e-09  3.42711499e-02 
 5.74000000e-09  3.53578808e-02 
 5.76000000e-09  3.64403806e-02 
 5.78000000e-09  3.75185029e-02 
 5.80000000e-09  3.85921007e-02 
 5.82000000e-09  3.96610256e-02 
 5.84000000e-09  4.07251284e-02 
 5.86000000e-09  4.17842586e-02 
 5.88000000e-09  4.28382647e-02 
 5.90000000e-09  4.38869940e-02 
 5.92000000e-09  4.49302928e-02 
 5.94000000e-09  4.59680061e-02 
 5.96000000e-09  4.69999781e-02 
 5.98000000e-09  4.80260515e-02 
 6.00000000e-09  4.90460682e-02 
 6.02000000e-09  5.00598690e-02 
 6.04000000e-09  5.10672934e-02 
 6.06000000e-09  5.20681801e-02 
 6.08000000e-09  5.30623666e-02 
 6.10000000e-09  5.40496893e-02 
 6.12000000e-09  5.50299839e-02 
 6.14000000e-09  5.60030848e-02 
 6.16000000e-09  5.69688256e-02 
 6.18000000e-09  5.79270390e-02 
 6.20000000e-09  5.88775568e-02 
 6.22000000e-09  5.98202098e-02 
 6.24000000e-09  6.07548284e-02 
 6.26000000e-09  6.16812419e-02 
 6.28000000e-09  6.25992789e-02 
 6.30000000e-09  6.35087674e-02 
 6.32000000e-09  6.44095350e-02 
 6.34000000e-09  6.53014084e-02 
 6.36000000e-09  6.61842141e-02 
 6.38000000e-09  6.70577779e-02 
 6.40000000e-09  6.79219255e-02 
 6.42000000e-09  6.87764822e-02 
 6.44000000e-09  6.96212731e-02 
 6.46000000e-09  7.04561230e-02 
 6.48000000e-09  7.12808569e-02 
 6.50000000e-09  7.20952997e-02 
 6.52000000e-09  7.28992762e-02 
 6.54000000e-09  7.36926118e-02 
 6.56000000e-09  7.44751318e-02 
 6.58000000e-09  7.52466620e-02 
 6.60000000e-09  7.60070288e-02 
 6.62000000e-09  7.67560589e-02 
 6.64000000e-09  7.74935798e-02 
 6.66000000e-09  7.82194198e-02 
 6.68000000e-09  7.89334079e-02 
 6.70000000e-09  7.96353743e-02 
 6.72000000e-09  8.03251501e-02 
 6.74000000e-09  8.10025676e-02 
 6.76000000e-09  8.16674605e-02 
 6.78000000e-09  8.23196638e-02 
 6.80000000e-09  8.29590141e-02 
 6.82000000e-09  8.35853495e-02 
 6.84000000e-09  8.41985101e-02 
 6.86000000e-09  8.47983375e-02 
 6.88000000e-09  8.53846758e-02 
 6.90000000e-09  8.59573707e-02 
 6.92000000e-09  8.65162704e-02 
 6.94000000e-09  8.70612254e-02 
 6.96000000e-09  8.75920886e-02 
 6.98000000e-09  8.81087155e-02 
 7.00000000e-09  8.86109643e-02 
 7.02000000e-09  8.90986961e-02 
 7.04000000e-09  8.95717747e-02 
 7.06000000e-09  9.00300672e-02 
 7.08000000e-09  9.04734437e-02 
 7.10000000e-09  9.09017775e-02 
 7.12000000e-09  9.13149455e-02 
 7.14000000e-09  9.17128279e-02 
 7.16000000e-09  9.20953086e-02 
 7.18000000e-09  9.24622751e-02 
 7.20000000e-09  9.28136188e-02 
 7.22000000e-09  9.31492349e-02 
 7.24000000e-09  9.34690227e-02 
 7.26000000e-09  9.37728856e-02 
 7.28000000e-09  9.40607310e-02 
 7.30000000e-09  9.43324707e-02 
 7.32000000e-09  9.45880210e-02 
 7.34000000e-09  9.48273024e-02 
 7.36000000e-09  9.50502401e-02 
 7.38000000e-09  9.52567637e-02 
 7.40000000e-09  9.54468077e-02 
 7.42000000e-09  9.56203112e-02 
 7.44000000e-09  9.57772180e-02 
 7.46000000e-09  9.59174770e-02 
 7.48000000e-09  9.60410419e-02 
 7.50000000e-09  9.61478712e-02 
 7.52000000e-09  9.62379286e-02 
 7.54000000e-09  9.63111829e-02 
 7.56000000e-09  9.63676077e-02 
 7.58000000e-09  9.64071820e-02 
 7.60000000e-09  9.64298898e-02 
 7.62000000e-09  9.64357203e-02 
 7.64000000e-09  9.64246678e-02 
 7.66000000e-09  9.63967320e-02 
 7.68000000e-09  9.63519177e-02 
 7.70000000e-09  9.62902347e-02 
 7.72000000e-09  9.62116984e-02 
 7.74000000e-09  9.61163290e-02 
 7.76000000e-09  9.60041521e-02 
 7.78000000e-09  9.58751984e-02 
 7.80000000e-09  9.57295038e-02 
 7.82000000e-09  9.55671093e-02 
 7.84000000e-09  9.53880609e-02 
 7.86000000e-09  9.51924097e-02 
 7.88000000e-09  9.49802118e-02 
 7.90000000e-09  9.47515282e-02 
 7.92000000e-09  9.45064248e-02 
 7.94000000e-09  9.42449725e-02 
 7.96000000e-09  9.39672468e-02 
 7.98000000e-09  9.36733280e-02 
 8.00000000e-09  9.33633009e-02 
 8.02000000e-09  9.30372551e-02 
 8.04000000e-09  9.26952845e-02 
 8.06000000e-09  9.23374874e-02 
 8.08000000e-09  9.19639666e-02 
 8.10000000e-09  9.15748290e-02 
 8.12000000e-09  9.11701855e-02 
 8.14000000e-09  9.07501513e-02 
 8.16000000e-09  9.03148453e-02 
 8.18000000e-09  8.98643903e-02 
 8.20000000e-09  8.93989129e-02 
 8.22000000e-09  8.89185431e-02 
 8.24000000e-09  8.84234146e-02 
 8.26000000e-09  8.79136643e-02 
 8.28000000e-09  8.73894325e-02 
 8.30000000e-09  8.68508625e-02 
 8.32000000e-09  8.62981007e-02 
 8.34000000e-09  8.57312963e-02 
 8.36000000e-09  8.51506014e-02 
 8.38000000e-09  8.45561705e-02 
 8.40000000e-09  8.39481608e-02 
 8.42000000e-09  8.33267319e-02 
 8.44000000e-09  8.26920456e-02 
 8.46000000e-09  8.20442656e-02 
 8.48000000e-09  8.13835579e-02 
 8.50000000e-09  8.07100902e-02 
 8.52000000e-09  8.00240321e-02 
 8.54000000e-09  7.93255545e-02 
 8.56000000e-09  7.86148301e-02 
 8.58000000e-09  7.78920327e-02 
 8.60000000e-09  7.71573375e-02 
 8.62000000e-09  7.64109208e-02 
 8.64000000e-09  7.56529599e-02 
 8.66000000e-09  7.48836327e-02 
 8.68000000e-09  7.41031183e-02 
 8.70000000e-09  7.33115960e-02 
 8.72000000e-09  7.25092460e-02 
 8.74000000e-09  7.16962486e-02 
 8.76000000e-09  7.08727847e-02 
 8.78000000e-09  7.00390351e-02 
 8.80000000e-09  6.91951811e-02 
 8.82000000e-09  6.83414036e-02 
 8.84000000e-09  6.74778836e-02 
 8.86000000e-09  6.66048021e-02 
 8.88000000e-09  6.57223395e-02 
 8.90000000e-09  6.48306760e-02 
 8.92000000e-09  6.39299916e-02 
 8.94000000e-09  6.30204654e-02 
 8.96000000e-09  6.21022762e-02 
 8.98000000e-09  6.11756020e-02 
 9.00000000e-09  6.02406204e-02 
 9.02000000e-09  5.92975077e-02 
 9.04000000e-09  5.83464399e-02 
 9.06000000e-09  5.73875918e-02 
 9.08000000e-09  5.64211374e-02 
 9.10000000e-09  5.54472497e-02 
 9.12000000e-09  5.44661007e-02 
 9.14000000e-09  5.34778613e-02 
 9.16000000e-09  5.24827013e-02 
 9.18000000e-09  5.14807894e-02 
 9.20000000e-09  5.04722932e-02 
 9.22000000e-09  4.94573791e-02 
 9.24000000e-09  4.84362122e-02 
 9.26000000e-09  4.74089565e-02 
 9.28000000e-09  4.63757748e-02 
 9.30000000e-09  4.53368285e-02 
 9.32000000e-09  4.42922779e-02 
 9.34000000e-09  4.32422820e-02 
 9.36000000e-09  4.21869985e-02 
 9.38000000e-09  4.11265839e-02 
 9.40000000e-09  4.00611934e-02 
 9.42000000e-09  3.89909810e-02 
 9.44000000e-09  3.79160994e-02 
 9.46000000e-09  3.68367001e-02 
 9.48000000e-09  3.57529334e-02 
 9.50000000e-09  3.46649484e-02 
 9.52000000e-09  3.35728929e-02 
 9.54000000e-09  3.24769137e-02 
 9.56000000e-09  3.13771565e-02 
 9.58000000e-09  3.02737655e-02 
 9.60000000e-09  2.91668843e-02 
 9.62000000e-09  2.80566550e-02 
 9.64000000e-09  2.69432190e-02 
 9.66000000e-09  2.58267164e-02 
 9.68000000e-09  2.47072866e-02 
 9.70000000e-09  2.35850678e-02 
 9.72000000e-09  2.24601973e-02 
 9.74000000e-09  2.13328118e-02 
 9.76000000e-09  2.02030468e-02 
 9.78000000e-09  1.90710371e-02 
 9.80000000e-09  1.79369169e-02 
 9.82000000e-09  1.68008194e-02 
 9.84000000e-09  1.56628774e-02 
 9.86000000e-09  1.45232227e-02 
 9.88000000e-09  1.33819867e-02 
 9.90000000e-09  1.22393002e-02 
 9.92000000e-09  1.10952935e-02 
 9.94000000e-09  9.95009632e-03 
 9.96000000e-09  8.80383797e-03 
 9.98000000e-09  7.65664735e-03 
 1.00000000e-08  6.50865303e-03 
 1.00200000e-08  5.35998322e-03 
 1.00400000e-08  4.21076590e-03 
 1.00600000e-08  3.06112876e-03 
 1.00800000e-08  1.91119937e-03 
 1.01000000e-08  7.61105105e-04 
 1.01200000e-08 -3.89026716e-04 
 1.01400000e-08 -1.53906887e-03 
 1.01600000e-08 -2.68889410e-03 
 1.01800000e-08 -3.83837516e-03 
 1.02000000e-08 -4.98738468e-03 
 1.02200000e-08 -6.13579520e-03 
 1.02400000e-08 -7.28347909e-03 
 1.02600000e-08 -8.43030851e-03 
 1.02800000e-08 -9.57615536e-03 
 1.03000000e-08 -1.07208913e-02 
 1.03200000e-08 -1.18643875e-02 
 1.03400000e-08 -1.30065150e-02 
 1.03600000e-08 -1.41471442e-02 
 1.03800000e-08 -1.52861452e-02 
 1.04000000e-08 -1.64233875e-02 
 1.04200000e-08 -1.75587401e-02 
 1.04400000e-08 -1.86920715e-02 
 1.04600000e-08 -1.98232495e-02 
 1.04800000e-08 -2.09521413e-02 
 1.05000000e-08 -2.20786133e-02 
 1.05200000e-08 -2.32025314e-02 
 1.05400000e-08 -2.43237605e-02 
 1.05600000e-08 -2.54421651e-02 
 1.05800000e-08 -2.65576084e-02 
 1.06000000e-08 -2.76699531e-02 
 1.06200000e-08 -2.87790610e-02 
 1.06400000e-08 -2.98847928e-02 
 1.06600000e-08 -3.09870085e-02 
 1.06800000e-08 -3.20855670e-02 
 1.07000000e-08 -3.31803263e-02 
 1.07200000e-08 -3.42711434e-02 
 1.07400000e-08 -3.53578743e-02 
 1.07600000e-08 -3.64403740e-02 
 1.07800000e-08 -3.75184962e-02 
 1.08000000e-08 -3.85920939e-02 
 1.08200000e-08 -3.96610188e-02 
 1.08400000e-08 -4.07251215e-02 
 1.08600000e-08 -4.17842517e-02 
 1.08800000e-08 -4.28382577e-02 
 1.09000000e-08 -4.38869870e-02 
 1.09200000e-08 -4.49302857e-02 
 1.09400000e-08 -4.59679990e-02 
 1.09600000e-08 -4.69999709e-02 
 1.09800000e-08 -4.80260443e-02 
 1.10000000e-08 -4.90460610e-02 
 1.10200000e-08 -5.00598617e-02 
 1.10400000e-08 -5.10672861e-02 
 1.10600000e-08 -5.20681728e-02 
 1.10800000e-08 -5.30623592e-02 
 1.11000000e-08 -5.40496820e-02 
 1.11200000e-08 -5.50299765e-02 
 1.11400000e-08 -5.60030774e-02 
 1.11600000e-08 -5.69688182e-02 
 1.11800000e-08 -5.79270316e-02 
 1.12000000e-08 -5.88775494e-02 
 1.12200000e-08 -5.98202025e-02 
 1.12400000e-08 -6.07548211e-02 
 1.12600000e-08 -6.16812346e-02 
 1.12800000e-08 -6.25992716e-02 
 1.13000000e-08 -6.35087602e-02 
 1.13200000e-08 -6.44095277e-02 
 1.13400000e-08 -6.53014012e-02 
 1.13600000e-08 -6.61842068e-02 
 1.13800000e-08 -6.70577707e-02 
 1.14000000e-08 -6.79219184e-02 
 1.14200000e-08 -6.87764751e-02 
 1.14400000e-08 -6.96212660e-02 
 1.14600000e-08 -7.04561159e-02 
 1.14800000e-08 -7.12808499e-02 
 1.15000000e-08 -7.20952927e-02 
 1.15200000e-08 -7.28992693e-02 
 1.15400000e-08 -7.36926049e-02 
 1.15600000e-08 -7.44751249e-02 
 1.15800000e-08 -7.52466552e-02 
 1.16000000e-08 -7.60070220e-02 
 1.16200000e-08 -7.67560522e-02 
 1.16400000e-08 -7.74935731e-02 
 1.16600000e-08 -7.82194131e-02 
 1.16800000e-08 -7.89334013e-02 
 1.17000000e-08 -7.96353678e-02 
 1.17200000e-08 -8.03251436e-02 
 1.17400000e-08 -8.10025612e-02 
 1.17600000e-08 -8.16674542e-02 
 1.17800000e-08 -8.23196575e-02 
 1.18000000e-08 -8.29590078e-02 
 1.18200000e-08 -8.35853433e-02 
 1.18400000e-08 -8.41985039e-02 
 1.18600000e-08 -8.47983315e-02 
 1.18800000e-08 -8.53846698e-02 
 1.19000000e-08 -8.59573648e-02 
 1.19200000e-08 -8.65162645e-02 
 1.19400000e-08 -8.70612196e-02 
 1.19600000e-08 -8.75920828e-02 
 1.19800000e-08 -8.81087098e-02 
 1.20000000e-08 -8.86109587e-02 
 1.20200000e-08 -8.90986905e-02 
 1.20400000e-08 -8.95717692e-02 
 1.20600000e-08 -9.00300617e-02 
 1.20800000e-08 -9.04734383e-02 
 1.21000000e-08 -9.09017722e-02 
 1.21200000e-08 -9.13149402e-02 
 1.21400000e-08 -9.17128227e-02 
 1.21600000e-08 -9.20953035e-02 
 1.21800000e-08 -9.24622701e-02 
 1.22000000e-08 -9.28136138e-02 
 1.22200000e-08 -9.31492300e-02 
 1.22400000e-08 -9.34690179e-02 
 1.22600000e-08 -9.37728808e-02 
 1.22800000e-08 -9.40607263e-02 
 1.23000000e-08 -9.43324661e-02 
 1.23200000e-08 -9.45880164e-02 
 1.23400000e-08 -9.48272979e-02 
 1.23600000e-08 -9.50502356e-02 
 1.23800000e-08 -9.52567593e-02 
 1.24000000e-08 -9.54468034e-02 
 1.24200000e-08 -9.56203069e-02 
 1.24400000e-08 -9.57772139e-02 
 1.24600000e-08 -9.59174729e-02 
 1.24800000e-08 -9.60410378e-02 
 1.25000000e-08 -9.61478672e-02 
 1.25200000e-08 -9.62379247e-02 
 1.25400000e-08 -9.63111790e-02 
 1.25600000e-08 -9.63676039e-02 
 1.25800000e-08 -9.64071783e-02 
 1.26000000e-08 -9.64298861e-02 
 1.26200000e-08 -9.64357167e-02 
 1.26400000e-08 -9.64246643e-02 
 1.26600000e-08 -9.63967286e-02 
 1.26800000e-08 -9.63519143e-02 
 1.27000000e-08 -9.62902314e-02 
 1.27200000e-08 -9.62116951e-02 
 1.27400000e-08 -9.61163258e-02 
 1.27600000e-08 -9.60041489e-02 
 1.27800000e-08 -9.58751953e-02 
 1.28000000e-08 -9.57295008e-02 
 1.28200000e-08 -9.55671064e-02 
 1.28400000e-08 -9.53880580e-02 
 1.28600000e-08 -9.51924069e-02 
 1.28800000e-08 -9.49802090e-02 
 1.29000000e-08 -9.47515254e-02 
 1.29200000e-08 -9.45064221e-02 
 1.29400000e-08 -9.42449699e-02 
 1.29600000e-08 -9.39672442e-02 
 1.29800000e-08 -9.36733255e-02 
 1.30000000e-08 -9.33632984e-02 
 1.30200000e-08 -9.30372527e-02 
 1.30400000e-08 -9.26952821e-02 
 1.30600000e-08 -9.23374851e-02 
 1.30800000e-08 -9.19639644e-02 
 1.31000000e-08 -9.15748268e-02 
 1.31200000e-08 -9.11701834e-02 
 1.31400000e-08 -9.07501492e-02 
 1.31600000e-08 -9.03148433e-02 
 1.31800000e-08 -8.98643884e-02 
 1.32000000e-08 -8.93989110e-02 
 1.32200000e-08 -8.89185412e-02 
 1.32400000e-08 -8.84234128e-02 
 1.32600000e-08 -8.79136625e-02 
 1.32800000e-08 -8.73894308e-02 
 1.33000000e-08 -8.68508608e-02 
 1.33200000e-08 -8.62980990e-02 
 1.33400000e-08 -8.57312947e-02 
 1.33600000e-08 -8.51505998e-02 
 1.33800000e-08 -8.45561689e-02 
 1.34000000e-08 -8.39481593e-02 
 1.34200000e-08 -8.33267305e-02 
 1.34400000e-08 -8.26920441e-02 
 1.34600000e-08 -8.20442642e-02 
 1.34800000e-08 -8.13835565e-02 
 1.35000000e-08 -8.07100889e-02 
 1.35200000e-08 -8.00240308e-02 
 1.35400000e-08 -7.93255532e-02 
 1.35600000e-08 -7.86148288e-02 
 1.35800000e-08 -7.78920315e-02 
 1.36000000e-08 -7.71573364e-02 
 1.36200000e-08 -7.64109197e-02 
 1.36400000e-08 -7.56529588e-02 
 1.36600000e-08 -7.48836317e-02 
 1.36800000e-08 -7.41031172e-02 
 1.37000000e-08 -7.33115950e-02 
 1.37200000e-08 -7.25092450e-02 
 1.37400000e-08 -7.16962477e-02 
 1.37600000e-08 -7.08727838e-02 
 1.37800000e-08 -7.00390343e-02 
 1.38000000e-08 -6.91951802e-02 
 1.38200000e-08 -6.83414027e-02 
 1.38400000e-08 -6.74778828e-02 
 1.38600000e-08 -6.66048013e-02 
 1.38800000e-08 -6.57223387e-02 
 1.39000000e-08 -6.48306753e-02 
 1.39200000e-08 -6.39299909e-02 
 1.39400000e-08 -6.30204647e-02 
 1.39600000e-08 -6.21022755e-02 
 1.39800000e-08 -6.11756014e-02 
 1.40000000e-08 -6.02406197e-02 
 1.40200000e-08 -5.92975071e-02 
 1.40400000e-08 -5.83464393e-02 
 1.40600000e-08 -5.73875913e-02 
 1.40800000e-08 -5.64211369e-02 
 1.41000000e-08 -5.54472492e-02 
 1.41200000e-08 -5.44661002e-02 
 1.41400000e-08 -5.34778608e-02 
 1.41600000e-08 -5.24827008e-02 
 1.41800000e-08 -5.14807890e-02 
 1.42000000e-08 -5.04722928e-02 
 1.42200000e-08 -4.94573787e-02 
 1.42400000e-08 -4.84362118e-02 
 1.42600000e-08 -4.74089562e-02 
 1.42800000e-08 -4.63757744e-02 
 1.43000000e-08 -4.53368282e-02 
 1.43200000e-08 -4.42922776e-02 
 1.43400000e-08 -4.32422817e-02 
 1.43600000e-08 -4.21869982e-02 
 1.43800000e-08 -4.11265836e-02 
 1.44000000e-08 -4.00611931e-02 
 1.44200000e-08 -3.89909807e-02 
 1.44400000e-08 -3.79160991e-02 
 1.44600000e-08 -3.68366998e-02 
 1.44800000e-08 -3.57529332e-02 
 1.45000000e-08 -3.46649481e-02 
 1.45200000e-08 -3.35728927e-02 
 1.45400000e-08 -3.24769135e-02 
 1.45600000e-08 -3.13771563e-02 
 1.45800000e-08 -3.02737653e-02 
 1.46000000e-08 -2.91668841e-02 
 1.46200000e-08 -2.80566549e-02 
 1.46400000e-08 -2.69432188e-02 
 1.46600000e-08 -2.58267163e-02 
 1.46800000e-08 -2.47072865e-02 
 1.47000000e-08 -2.35850676e-02 
 1.47200000e-08 -2.24601972e-02 
 1.47400000e-08 -2.13328117e-02 
 1.47600000e-08 -2.02030467e-02 
 1.47800000e-08 -1.90710370e-02 
 1.48000000e-08 -1.79369168e-02 
 1.48200000e-08 -1.68008194e-02 
 1.48400000e-08 -1.56628773e-02 
 1.48600000e-08 -1.45232226e-02 
 1.48800000e-08 -1.33819866e-02 
 1.49000000e-08 -1.22393002e-02 
 1.49200000e-08 -1.10952935e-02 
 1.49400000e-08 -9.95009628e-03 
 1.49600000e-08 -8.80383793e-03 
 1.49800000e-08 -7.65664732e-03 
 1.50000000e-08 -6.50865300e-03 
 1.50200000e-08 -5.35998320e-03 
 1.50400000e-08 -4.21076588e-03 
 1.50600000e-08 -3.06112875e-03 
 1.50800000e-08 -1.91119936e-03 
 1.51000000e-08 -7.61105105e-04 
 1.51200000e-08  3.89026719e-04 
 1.51400000e-08  1.53906886e-03 
 1.51600000e-08  2.68889410e-03 
 1.51800000e-08  3.83837514e-03 
 1.52000000e-08  4.98738466e-03 
 1.52200000e-08  6.13579518e-03 
 1.52400000e-08  7.28347907e-03 
 1.52600000e-08  8.43030848e-03 
 1.52800000e-08  9.57615533e-03 
 1.53000000e-08  1.07208912e-02 
 1.53200000e-08  1.18643875e-02 
 1.53400000e-08  1.30065150e-02 
 1.53600000e-08  1.41471442e-02 
 1.53800000e-08  1.52861452e-02 
 1.54000000e-08  1.64233875e-02 
 1.54200000e-08  1.75587401e-02 
 1.54400000e-08  1.86920715e-02 
 1.54600000e-08  1.98232495e-02 
 1.54800000e-08  2.09521412e-02 
 1.55000000e-08  2.20786132e-02 
 1.55200000e-08  2.32025313e-02 
 1.55400000e-08  2.43237605e-02 
 1.55600000e-08  2.54421650e-02 
 1.55800000e-08  2.65576083e-02 
 1.56000000e-08  2.76699530e-02 
 1.56200000e-08  2.87790609e-02 
 1.56400000e-08  2.98847927e-02 
 1.56600000e-08  3.09870084e-02 
 1.56800000e-08  3.20855669e-02 
 1.57000000e-08  3.31803262e-02 
 1.57200000e-08  3.42711434e-02 
 1.57400000e-08  3.53578743e-02 
 1.57600000e-08  3.64403739e-02 
 1.57800000e-08  3.75184962e-02 
 1.58000000e-08  3.85920938e-02 
 1.58200000e-08  3.96610187e-02 
 1.58400000e-08  4.07251215e-02 
 1.58600000e-08  4.17842516e-02 
 1.58800000e-08  4.28382577e-02 
 1.59000000e-08  4.38869869e-02 
 1.59200000e-08  4.49302856e-02 
 1.59400000e-08  4.59679989e-02 
 1.59600000e-08  4.69999708e-02 
 1.59800000e-08  4.80260442e-02 
 1.60000000e-08  4.90460609e-02 
 1.60200000e-08  5.00598616e-02 
 1.60400000e-08  5.10672861e-02 
 1.60600000e-08  5.20681727e-02 
 1.60800000e-08  5.30623592e-02 
 1.61000000e-08  5.40496819e-02 
 1.61200000e-08  5.50299765e-02 
 1.61400000e-08  5.60030773e-02 
 1.61600000e-08  5.69688181e-02 
 1.61800000e-08  5.79270315e-02 
 1.62000000e-08  5.88775493e-02 
 1.62200000e-08  5.98202024e-02 
 1.62400000e-08  6.07548210e-02 
 1.62600000e-08  6.16812345e-02 
 1.62800000e-08  6.25992715e-02 
 1.63000000e-08  6.35087601e-02 
 1.63200000e-08  6.44095277e-02 
 1.63400000e-08  6.53014011e-02 
 1.63600000e-08  6.61842068e-02 
 1.63800000e-08  6.70577706e-02 
 1.64000000e-08  6.79219183e-02 
 1.64200000e-08  6.87764750e-02 
 1.64400000e-08  6.96212659e-02 
 1.64600000e-08  7.04561159e-02 
 1.64800000e-08  7.12808498e-02 
 1.65000000e-08  7.20952926e-02 
 1.65200000e-08  7.28992692e-02 
 1.65400000e-08  7.36926048e-02 
 1.65600000e-08  7.44751249e-02 
 1.65800000e-08  7.52466551e-02 
 1.66000000e-08  7.60070219e-02 
 1.66200000e-08  7.67560521e-02 
 1.66400000e-08  7.74935730e-02 
 1.66600000e-08  7.82194131e-02 
 1.66800000e-08  7.89334013e-02 
 1.67000000e-08  7.96353677e-02 
 1.67200000e-08  8.03251436e-02 
 1.67400000e-08  8.10025611e-02 
 1.67600000e-08  8.16674541e-02 
 1.67800000e-08  8.23196574e-02 
 1.68000000e-08  8.29590078e-02 
 1.68200000e-08  8.35853432e-02 
 1.68400000e-08  8.41985039e-02 
 1.68600000e-08  8.47983314e-02 
 1.68800000e-08  8.53846697e-02 
 1.69000000e-08  8.59573647e-02 
 1.69200000e-08  8.65162645e-02 
 1.69400000e-08  8.70612195e-02 
 1.69600000e-08  8.75920828e-02 
 1.69800000e-08  8.81087097e-02 
 1.70000000e-08  8.86109586e-02 
 1.70200000e-08  8.90986904e-02 
 1.70400000e-08  8.95717691e-02 
 1.70600000e-08  9.00300617e-02 
 1.70800000e-08  9.04734382e-02 
 1.71000000e-08  9.09017721e-02 
 1.71200000e-08  9.13149402e-02 
 1.71400000e-08  9.17128227e-02 
 1.71600000e-08  9.20953034e-02 
 1.71800000e-08  9.24622700e-02 
 1.72000000e-08  9.28136138e-02 
 1.72200000e-08  9.31492300e-02 
 1.72400000e-08  9.34690178e-02 
 1.72600000e-08  9.37728807e-02 
 1.72800000e-08  9.40607262e-02 
 1.73000000e-08  9.43324660e-02 
 1.73200000e-08  9.45880164e-02 
 1.73400000e-08  9.48272979e-02 
 1.73600000e-08  9.50502356e-02 
 1.73800000e-08  9.52567593e-02 
 1.74000000e-08  9.54468034e-02 
 1.74200000e-08  9.56203069e-02 
 1.74400000e-08  9.57772138e-02 
 1.74600000e-08  9.59174729e-02 
 1.74800000e-08  9.60410378e-02 
 1.75000000e-08  9.61478672e-02 
 1.75200000e-08  9.62379247e-02 
 1.75400000e-08  9.63111790e-02 
 1.75600000e-08  9.63676039e-02 
 1.75800000e-08  9.64071782e-02 
 1.76000000e-08  9.64298861e-02 
 1.76200000e-08  9.64357166e-02 
 1.76400000e-08  9.64246643e-02 
 1.76600000e-08  9.63967286e-02 
 1.76800000e-08  9.63519143e-02 
 1.77000000e-08  9.62902314e-02 
 1.77200000e-08  9.62116951e-02 
 1.77400000e-08  9.61163257e-02 
 1.77600000e-08  9.60041489e-02 
 1.77800000e-08  9.58751953e-02 
 1.78000000e-08  9.57295008e-02 
 1.78200000e-08  9.55671063e-02 
 1.78400000e-08  9.53880580e-02 
 1.78600000e-08  9.51924068e-02 
 1.78800000e-08  9.49802090e-02 
 1.79000000e-08  9.47515254e-02 
 1.79200000e-08  9.45064221e-02 
 1.79400000e-08  9.42449699e-02 
 1.79600000e-08  9.39672442e-02 
 1.79800000e-08  9.36733254e-02 
 1.80000000e-08  9.33632984e-02 
 1.80200000e-08  9.30372526e-02 
 1.80400000e-08  9.26952821e-02 
 1.80600000e-08  9.23374851e-02 
 1.80800000e-08  9.19639644e-02 
 1.81000000e-08  9.15748268e-02 
 1.81200000e-08  9.11701834e-02 
 1.81400000e-08  9.07501492e-02 
 1.81600000e-08  9.03148433e-02 
 1.81800000e-08  8.98643883e-02 
 1.82000000e-08  8.93989109e-02 
 1.82200000e-08  8.89185412e-02 
 1.82400000e-08  8.84234128e-02 
 1.82600000e-08  8.79136625e-02 
 1.82800000e-08  8.73894307e-02 
 1.83000000e-08  8.68508608e-02 
 1.83200000e-08  8.62980990e-02 
 1.83400000e-08  8.57312946e-02 
 1.83600000e-08  8.51505997e-02 
 1.83800000e-08  8.45561689e-02 
 1.84000000e-08  8.39481593e-02 
 1.84200000e-08  8.33267304e-02 
 1.84400000e-08  8.26920441e-02 
 1.84600000e-08  8.20442642e-02 
 1.84800000e-08  8.13835565e-02 
 1.85000000e-08  8.07100889e-02 
 1.85200000e-08  8.00240307e-02 
 1.85400000e-08  7.93255532e-02 
 1.85600000e-08  7.86148288e-02 
 1.85800000e-08  7.78920315e-02 
 1.86000000e-08  7.71573364e-02 
 1.86200000e-08  7.64109197e-02 
 1.86400000e-08  7.56529588e-02 
 1.86600000e-08  7.48836317e-02 
 1.86800000e-08  7.41031172e-02 
 1.87000000e-08  7.33115950e-02 
 1.87200000e-08  7.25092450e-02 
 1.87400000e-08  7.16962477e-02 
 1.87600000e-08  7.08727838e-02 
 1.87800000e-08  7.00390342e-02 
 1.88000000e-08  6.91951802e-02 
 1.88200000e-08  6.83414027e-02 
 1.88400000e-08  6.74778828e-02 
 1.88600000e-08  6.66048013e-02 
 1.88800000e-08  6.57223387e-02 
 1.89000000e-08  6.48306753e-02 
 1.89200000e-08  6.39299909e-02 
 1.89400000e-08  6.30204647e-02 
 1.89600000e-08  6.21022755e-02 
 1.89800000e-08  6.11756014e-02 
 1.90000000e-08  6.02406197e-02 
 1.90200000e-08  5.92975071e-02 
 1.90400000e-08  5.83464393e-02 
 1.90600000e-08  5.73875913e-02 
 1.90800000e-08  5.64211369e-02 
 1.91000000e-08  5.54472492e-02 
 1.91200000e-08  5.44661002e-02 
 1.91400000e-08  5.34778608e-02 
 1.91600000e-08  5.24827008e-02 
 1.91800000e-08  5.14807890e-02 
 1.92000000e-08  5.04722928e-02 
 1.92200000e-08  4.94573787e-02 
 1.92400000e-08  4.84362118e-02 
 1.92600000e-08  4.74089562e-02 
 1.92800000e-08  4.63757744e-02 
 1.93000000e-08  4.53368282e-02 
 1.93200000e-08  4.42922776e-02 
 1.93400000e-08  4.32422817e-02 
 1.93600000e-08  4.21869982e-02 
 1.93800000e-08  4.11265836e-02 
 1.94000000e-08  4.00611931e-02 
 1.94200000e-08  3.89909807e-02 
 1.94400000e-08  3.79160991e-02 
 1.94600000e-08  3.68366998e-02 
 1.94800000e-08  3.57529331e-02 
 1.95000000e-08  3.46649481e-02 
 1.95200000e-08  3.35728927e-02 
 1.95400000e-08  3.24769135e-02 
 1.95600000e-08  3.13771563e-02 
 1.95800000e-08  3.02737653e-02 
 1.96000000e-08  2.91668841e-02 
 1.96200000e-08  2.80566549e-02 
 1.96400000e-08  2.69432188e-02 
 1.96600000e-08  2.58267163e-02 
 1.96800000e-08  2.47072865e-02 
 1.97000000e-08  2.35850676e-02 
 1.97200000e-08  2.24601972e-02 
 1.97400000e-08  2.13328117e-02 
 1.97600000e-08  2.02030467e-02 
 1.97800000e-08  1.90710370e-02 
 1.98000000e-08  1.79369168e-02 
 1.98200000e-08  1.68008194e-02 
 1.98400000e-08  1.56628773e-02 
 1.98600000e-08  1.45232226e-02 
 1.98800000e-08  1.33819866e-02 
 1.99000000e-08  1.22393002e-02 
 1.99200000e-08  1.10952935e-02 
 1.99400000e-08  9.95009628e-03 
 1.99600000e-08  8.80383793e-03 
 1.99800000e-08  7.65664732e-03 
 2.00000000e-08  6.50865300e-03 
 2.00200000e-08  5.35998320e-03 
 2.00400000e-08  4.21076588e-03 
 2.00600000e-08  3.06112875e-03 
 2.00800000e-08  1.91119936e-03 
 2.01000000e-08  7.61105104e-04 
 2.01200000e-08 -3.89026719e-04 
 2.01400000e-08 -1.53906886e-03 
 2.01600000e-08 -2.68889410e-03 
 2.01800000e-08 -3.83837514e-03 
 2.02000000e-08 -4.98738466e-03 
 2.02200000e-08 -6.13579518e-03 
 2.02400000e-08 -7.28347907e-03 
 2.02600000e-08 -8.43030848e-03 
 2.02800000e-08 -9.57615533e-03 
 2.03000000e-08 -1.07208912e-02 
 2.03200000e-08 -1.18643875e-02 
 2.03400000e-08 -1.30065150e-02 
 2.03600000e-08 -1.41471442e-02 
 2.03800000e-08 -1.52861452e-02 
 2.04000000e-08 -1.64233875e-02 
 2.04200000e-08 -1.75587401e-02 
 2.04400000e-08 -1.86920715e-02 
 2.04600000e-08 -1.98232495e-02 
 2.04800000e-08 -2.09521412e-02 
 2.05000000e-08 -2.20786132e-02 
 2.05200000e-08 -2.32025313e-02 
 2.05400000e-08 -2.43237605e-02 
 2.05600000e-08 -2.54421650e-02 
 2.05800000e-08 -2.65576083e-02 
 2.06000000e-08 -2.76699530e-02 
 2.06200000e-08 -2.87790609e-02 
 2.06400000e-08 -2.98847927e-02 
 2.06600000e-08 -3.09870084e-02 
 2.06800000e-08 -3.20855669e-02 
 2.07000000e-08 -3.31803262e-02 
 2.07200000e-08 -3.42711434e-02 
 2.07400000e-08 -3.53578743e-02 
 2.07600000e-08 -3.64403739e-02 
 2.07800000e-08 -3.75184962e-02 
 2.08000000e-08 -3.85920938e-02 
 2.08200000e-08 -3.96610187e-02 
 2.08400000e-08 -4.07251215e-02 
 2.08600000e-08 -4.17842516e-02 
 2.08800000e-08 -4.28382577e-02 
 2.09000000e-08 -4.38869869e-02 
 2.09200000e-08 -4.49302856e-02 
 2.09400000e-08 -4.59679989e-02 
 2.09600000e-08 -4.69999708e-02 
 2.09800000e-08 -4.80260442e-02 
 2.10000000e-08 -4.90460609e-02 
 2.10200000e-08 -5.00598616e-02 
 2.10400000e-08 -5.10672861e-02 
 2.10600000e-08 -5.20681727e-02 
 2.10800000e-08 -5.30623592e-02 
 2.11000000e-08 -5.40496819e-02 
 2.11200000e-08 -5.50299765e-02 
 2.11400000e-08 -5.60030773e-02 
 2.11600000e-08 -5.69688181e-02 
 2.11800000e-08 -5.79270315e-02 
 2.12000000e-08 -5.88775493e-02 
 2.12200000e-08 -5.98202024e-02 
 2.12400000e-08 -6.07548210e-02 
 2.12600000e-08 -6.16812345e-02 
 2.12800000e-08 -6.25992715e-02 
 2.13000000e-08 -6.35087601e-02 
 2.13200000e-08 -6.44095277e-02 
 2.13400000e-08 -6.53014011e-02 
 2.13600000e-08 -6.61842068e-02 
 2.13800000e-08 -6.70577706e-02 
 2.14000000e-08 -6.79219183e-02 
 2.14200000e-08 -6.87764750e-02 
 2.14400000e-08 -6.96212659e-02 
 2.14600000e-08 -7.04561159e-02 
 2.14800000e-08 -7.12808498e-02 
 2.15000000e-08 -7.20952926e-02 
 2.15200000e-08 -7.28992692e-02 
 2.15400000e-08 -7.36926048e-02 
 2.15600000e-08 -7.44751249e-02 
 2.15800000e-08 -7.52466551e-02 
 2.16000000e-08 -7.60070219e-02 
 2.16200000e-08 -7.67560521e-02 
 2.16400000e-08 -7.74935730e-02 
 2.16600000e-08 -7.82194131e-02 
 2.16800000e-08 -7.89334013e-02 
 2.17000000e-08 -7.96353677e-02 
 2.17200000e-08 -8.03251436e-02 
 2.17400000e-08 -8.10025611e-02 
 2.17600000e-08 -8.16674541e-02 
 2.17800000e-08 -8.23196574e-02 
 2.18000000e-08 -8.29590078e-02 
 2.18200000e-08 -8.35853432e-02 
 2.18400000e-08 -8.41985039e-02 
 2.18600000e-08 -8.47983314e-02 
 2.18800000e-08 -8.53846697e-02 
 2.19000000e-08 -8.59573647e-02 
 2.19200000e-08 -8.65162645e-02 
 2.19400000e-08 -8.70612195e-02 
 2.19600000e-08 -8.75920828e-02 
 2.19800000e-08 -8.81087097e-02 
 2.20000000e-08 -8.86109586e-02 
 2.20200000e-08 -8.90986904e-02 
 2.20400000e-08 -8.95717691e-02 
 2.20600000e-08 -9.00300617e-02 
 2.20800000e-08 -9.04734382e-02 
 2.21000000e-08 -9.09017721e-02 
 2.21200000e-08 -9.13149402e-02 
 2.21400000e-08 -9.17128227e-02 
 2.21600000e-08 -9.20953034e-02 
 2.21800000e-08 -9.24622700e-02 
 2.22000000e-08 -9.28136138e-02 
 2.22200000e-08 -9.31492300e-02 
 2.22400000e-08 -9.34690178e-02 
 2.22600000e-08 -9.37728807e-02 
 2.22800000e-08 -9.40607262e-02 
 2.23000000e-08 -9.43324660e-02 
 2.23200000e-08 -9.45880164e-02 
 2.23400000e-08 -9.48272979e-02 
 2.23600000e-08 -9.50502356e-02 
 2.23800000e-08 -9.52567593e-02 
 2.24000000e-08 -9.54468034e-02 
 2.24200000e-08 -9.56203069e-02 
 2.24400000e-08 -9.57772138e-02 
 2.24600000e-08 -9.59174729e-02 
 2.24800000e-08 -9.60410378e-02 
 2.25000000e-08 -9.61478672e-02 
 2.25200000e-08 -9.62379247e-02 
 2.25400000e-08 -9.63111790e-02 
 2.25600000e-08 -9.63676039e-02 
 2.25800000e-08 -9.64071782e-02 
 2.26000000e-08 -9.64298861e-02 
 2.26200000e-08 -9.64357166e-02 
 2.26400000e-08 -9.64246643e-02 
 2.26600000e-08 -9.63967286e-02 
 2.26800000e-08 -9.63519143e-02 
 2.27000000e-08 -9.62902314e-02 
 2.27200000e-08 -9.62116951e-02 
 2.27400000e-08 -9.61163257e-02 
 2.27600000e-08 -9.60041489e-02 
 2.27800000e-08 -9.58751953e-02 
 2.28000000e-08 -9.57295008e-02 
 2.28200000e-08 -9.55671063e-02 
 2.28400000e-08 -9.53880580e-02 
 2.28600000e-08 -9.51924068e-02 
 2.28800000e-08 -9.49802090e-02 
 2.29000000e-08 -9.47515254e-02 
 2.29200000e-08 -9.45064221e-02 
 2.29400000e-08 -9.42449699e-02 
 2.29600000e-08 -9.39672442e-02 
 2.29800000e-08 -9.36733254e-02 
 2.30000000e-08 -9.33632984e-02 
 2.30200000e-08 -9.30372526e-02 
 2.30400000e-08 -9.26952821e-02 
 2.30600000e-08 -9.23374851e-02 
 2.30800000e-08 -9.19639644e-02 
 2.31000000e-08 -9.15748268e-02 
 2.31200000e-08 -9.11701834e-02 
 2.31400000e-08 -9.07501492e-02 
 2.31600000e-08 -9.03148433e-02 
 2.31800000e-08 -8.98643883e-02 
 2.32000000e-08 -8.93989109e-02 
 2.32200000e-08 -8.89185412e-02 
 2.32400000e-08 -8.84234128e-02 
 2.32600000e-08 -8.79136625e-02 
 2.32800000e-08 -8.73894307e-02 
 2.33000000e-08 -8.68508608e-02 
 2.33200000e-08 -8.62980990e-02 
 2.33400000e-08 -8.57312946e-02 
 2.33600000e-08 -8.51505997e-02 
 2.33800000e-08 -8.45561689e-02 
 2.34000000e-08 -8.39481593e-02 
 2.34200000e-08 -8.33267304e-02 
 2.34400000e-08 -8.26920441e-02 
 2.34600000e-08 -8.20442642e-02 
 2.34800000e-08 -8.13835565e-02 
 2.35000000e-08 -8.07100889e-02 
 2.35200000e-08 -8.00240307e-02 
 2.35400000e-08 -7.93255532e-02 
 2.35600000e-08 -7.86148288e-02 
 2.35800000e-08 -7.78920315e-02 
 2.36000000e-08 -7.71573364e-02 
 2.36200000e-08 -7.64109197e-02 
 2.36400000e-08 -7.56529588e-02 
 2.36600000e-08 -7.48836317e-02 
 2.36800000e-08 -7.41031172e-02 
 2.37000000e-08 -7.33115950e-02 
 2.37200000e-08 -7.25092450e-02 
 2.37400000e-08 -7.16962477e-02 
 2.37600000e-08 -7.08727838e-02 
 2.37800000e-08 -7.00390342e-02 
 2.38000000e-08 -6.91951802e-02 
 2.38200000e-08 -6.83414027e-02 
 2.38400000e-08 -6.74778828e-02 
 2.38600000e-08 -6.66048013e-02 
 2.38800000e-08 -6.57223387e-02 
 2.39000000e-08 -6.48306753e-02 
 2.39200000e-08 -6.39299909e-02 
 2.39400000e-08 -6.30204647e-02 
 2.39600000e-08 -6.21022755e-02 
 2.39800000e-08 -6.11756014e-02 
 2.40000000e-08 -6.02406197e-02 
 2.40200000e-08 -5.92975071e-02 
 2.40400000e-08 -5.83464393e-02 
 2.40600000e-08 -5.73875913e-02 
 2.40800000e-08 -5.64211369e-02 
 2.41000000e-08 -5.54472492e-02 
 2.41200000e-08 -5.44661002e-02 
 2.41400000e-08 -5.34778608e-02 
 2.41600000e-08 -5.24827008e-02 
 2.41800000e-08 -5.14807890e-02 
 2.42000000e-08 -5.04722928e-02 
 2.42200000e-08 -4.94573787e-02 
 2.42400000e-08 -4.84362118e-02 
 2.42600000e-08 -4.74089562e-02 
 2.42800000e-08 -4.63757744e-02 
 2.43000000e-08 -4.53368282e-02 
 2.43200000e-08 -4.42922776e-02 
 2.43400000e-08 -4.32422817e-02 
 2.43600000e-08 -4.21869982e-02 
 2.43800000e-08 -4.11265836e-02 
 2.44000000e-08 -4.00611931e-02 
 2.44200000e-08 -3.89909807e-02 
 2.44400000e-08 -3.79160991e-02 
 2.44600000e-08 -3.68366998e-02 
 2.44800000e-08 -3.57529331e-02 
 2.45000000e-08 -3.46649481e-02 
 2.45200000e-08 -3.35728927e-02 
 2.45400000e-08 -3.24769135e-02 
 2.45600000e-08 -3.13771563e-02 
 2.45800000e-08 -3.02737653e-02 
 2.46000000e-08 -2.91668841e-02 
 2.46200000e-08 -2.80566549e-02 
 2.46400000e-08 -2.69432188e-02 
 2.46600000e-08 -2.58267163e-02 
 2.46800000e-08 -2.47072865e-02 
 2.47000000e-08 -2.35850676e-02 
 2.47200000e-08 -2.24601972e-02 
 2.47400000e-08 -2.13328117e-02 
 2.47600000e-08 -2.02030467e-02 
 2.47800000e-08 -1.90710370e-02 
 2.48000000e-08 -1.79369168e-02 
 2.48200000e-08 -1.68008194e-02 
 2.48400000e-08 -1.56628773e-02 
 2.48600000e-08 -1.45232226e-02 
 2.48800000e-08 -1.33819866e-02 
 2.49000000e-08 -1.22393002e-02 
 2.49200000e-08 -1.10952935e-02 
 2.49400000e-08 -9.95009628e-03 
 2.49600000e-08 -8.80383793e-03 
 2.49800000e-08 -7.65664732e-03 
 2.50000000e-08 -6.50865300e-03 
 2.50200000e-08 -5.35998320e-03 
 2.50400000e-08 -4.21076588e-03 
 2.50600000e-08 -3.06112875e-03 
 2.50800000e-08 -1.91119936e-03 
 2.51000000e-08 -7.61105104e-04 
 2.51200000e-08  3.89026719e-04 
 2.51400000e-08  1.53906886e-03 
 2.51600000e-08  2.68889410e-03 
 2.51800000e-08  3.83837514e-03 
 2.52000000e-08  4.98738466e-03 
 2.52200000e-08  6.13579518e-03 
 2.52400000e-08  7.28347907e-03 
 2.52600000e-08  8.43030848e-03 
 2.52800000e-08  9.57615533e-03 
 2.53000000e-08  1.07208912e-02 
 2.53200000e-08  1.18643875e-02 
 2.53400000e-08  1.30065150e-02 
 2.53600000e-08  1.41471442e-02 
 2.53800000e-08  1.52861452e-02 
 2.54000000e-08  1.64233875e-02 
 2.54200000e-08  1.75587401e-02 
 2.54400000e-08  1.86920715e-02 
 2.54600000e-08  1.98232495e-02 
 2.54800000e-08  2.09521412e-02 
 2.55000000e-08  2.20786132e-02 
 2.55200000e-08  2.32025313e-02 
 2.55400000e-08  2.43237605e-02 
 2.55600000e-08  2.54421650e-02 
 2.55800000e-08  2.65576083e-02 
 2.56000000e-08  2.76699530e-02 
 2.56200000e-08  2.87790609e-02 
 2.56400000e-08  2.98847927e-02 
 2.56600000e-08  3.09870084e-02 
 2.56800000e-08  3.20855669e-02 
 2.57000000e-08  3.31803262e-02 
 2.57200000e-08  3.42711434e-02 
 2.57400000e-08  3.53578743e-02 
 2.57600000e-08  3.64403739e-02 
 2.57800000e-08  3.75184962e-02 
 2.58000000e-08  3.85920938e-02 
 2.58200000e-08  3.96610187e-02 
 2.58400000e-08  4.07251215e-02 
 2.58600000e-08  4.17842516e-02 
 2.58800000e-08  4.28382577e-02 
 2.59000000e-08  4.38869869e-02 
 2.59200000e-08  4.49302856e-02 
 2.59400000e-08  4.59679989e-02 
 2.59600000e-08  4.69999708e-02 
 2.59800000e-08  4.80260442e-02 
 2.60000000e-08  4.90460609e-02 
 2.60200000e-08  5.00598616e-02 
 2.60400000e-08  5.10672861e-02 
 2.60600000e-08  5.20681727e-02 
 2.60800000e-08  5.30623592e-02 
 2.61000000e-08  5.40496819e-02 
 2.61200000e-08  5.50299765e-02 
 2.61400000e-08  5.60030773e-02 
 2.61600000e-08  5.69688181e-02 
 2.61800000e-08  5.79270315e-02 
 2.62000000e-08  5.88775493e-02 
 2.62200000e-08  5.98202024e-02 
 2.62400000e-08  6.07548210e-02 
 2.62600000e-08  6.16812345e-02 
 2.62800000e-08  6.25992715e-02 
 2.63000000e-08  6.35087601e-02 
 2.63200000e-08  6.44095277e-02 
 2.63400000e-08  6.53014011e-02 
 2.63600000e-08  6.61842068e-02 
 2.63800000e-08  6.70577706e-02 
 2.64000000e-08  6.79219183e-02 
 2.64200000e-08  6.87764750e-02 
 2.64400000e-08  6.96212659e-02 
 2.64600000e-08  7.04561159e-02 
 2.64800000e-08  7.12808498e-02 
 2.65000000e-08  7.20952926e-02 
 2.65200000e-08  7.28992692e-02 
 2.65400000e-08  7.36926048e-02 
 2.65600000e-08  7.44751249e-02 
 2.65800000e-08  7.52466551e-02 
 2.66000000e-08  7.60070219e-02 
 2.66200000e-08  7.67560521e-02 
 2.66400000e-08  7.74935730e-02 
 2.66600000e-08  7.82194131e-02 
 2.66800000e-08  7.89334013e-02 
 2.67000000e-08  7.96353677e-02 
 2.67200000e-08  8.03251436e-02 
 2.67400000e-08  8.10025611e-02 
 2.67600000e-08  8.16674541e-02 
 2.67800000e-08  8.23196574e-02 
 2.68000000e-08  8.29590078e-02 
 2.68200000e-08  8.35853432e-02 
 2.68400000e-08  8.41985039e-02 
 2.68600000e-08  8.47983314e-02 
 2.68800000e-08  8.53846697e-02 
 2.69000000e-08  8.59573647e-02 
 2.69200000e-08  8.65162645e-02 
 2.69400000e-08  8.70612195e-02 
 2.69600000e-08  8.75920828e-02 
 2.69800000e-08  8.81087097e-02 
 2.70000000e-08  8.86109586e-02 
 2.70200000e-08  8.90986904e-02 
 2.70400000e-08  8.95717691e-02 
 2.70600000e-08  9.00300617e-02 
 2.70800000e-08  9.04734382e-02 
 2.71000000e-08  9.09017721e-02 
 2.71200000e-08  9.13149402e-02 
 2.71400000e-08  9.17128227e-02 
 2.71600000e-08  9.20953034e-02 
 2.71800000e-08  9.24622700e-02 
 2.72000000e-08  9.28136138e-02 
 2.72200000e-08  9.31492300e-02 
 2.72400000e-08  9.34690178e-02 
 2.72600000e-08  9.37728807e-02 
 2.72800000e-08  9.40607262e-02 
 2.73000000e-08  9.43324660e-02 
 2.73200000e-08  9.45880164e-02 
 2.73400000e-08  9.48272979e-02 
 2.73600000e-08  9.50502356e-02 
 2.73800000e-08  9.52567593e-02 
 2.74000000e-08  9.54468034e-02 
 2.74200000e-08  9.56203069e-02 
 2.74400000e-08  9.57772138e-02 
 2.74600000e-08  9.59174729e-02 
 2.74800000e-08  9.60410378e-02 
 2.75000000e-08  9.61478672e-02 
 2.75200000e-08  9.62379247e-02 
 2.75400000e-08  9.63111790e-02 
 2.75600000e-08  9.63676039e-02 
 2.75800000e-08  9.64071782e-02 
 2.76000000e-08  9.64298861e-02 
 2.76200000e-08  9.64357166e-02 
 2.76400000e-08  9.64246643e-02 
 2.76600000e-08  9.63967286e-02 
 2.76800000e-08  9.63519143e-02 
 2.77000000e-08  9.62902314e-02 
 2.77200000e-08  9.62116951e-02 
 2.77400000e-08  9.61163257e-02 
 2.77600000e-08  9.60041489e-02 
 2.77800000e-08  9.58751953e-02 
 2.78000000e-08  9.57295008e-02 
 2.78200000e-08  9.55671063e-02 
 2.78400000e-08  9.53880580e-02 
 2.78600000e-08  9.51924068e-02 
 2.78800000e-08  9.49802090e-02 
 2.79000000e-08  9.47515254e-02 
 2.79200000e-08  9.45064221e-02 
 2.79400000e-08  9.42449699e-02 
 2.79600000e-08  9.39672442e-02 
 2.79800000e-08  9.36733254e-02 
 2.80000000e-08  9.33632984e-02 
 2.80200000e-08  9.30372526e-02 
 2.80400000e-08  9.26952821e-02 
 2.80600000e-08  9.23374851e-02 
 2.80800000e-08  9.19639644e-02 
 2.81000000e-08  9.15748268e-02 
 2.81200000e-08  9.11701834e-02 
 2.81400000e-08  9.07501492e-02 
 2.81600000e-08  9.03148433e-02 
 2.81800000e-08  8.98643883e-02 
 2.82000000e-08  8.93989109e-02 
 2.82200000e-08  8.89185412e-02 
 2.82400000e-08  8.84234128e-02 
 2.82600000e-08  8.79136625e-02 
 2.82800000e-08  8.73894307e-02 
 2.83000000e-08  8.68508608e-02 
 2.83200000e-08  8.62980990e-02 
 2.83400000e-08  8.57312946e-02 
 2.83600000e-08  8.51505997e-02 
 2.83800000e-08  8.45561689e-02 
 2.84000000e-08  8.39481593e-02 
 2.84200000e-08  8.33267304e-02 
 2.84400000e-08  8.26920441e-02 
 2.84600000e-08  8.20442642e-02 
 2.84800000e-08  8.13835565e-02 
 2.85000000e-08  8.07100889e-02 
 2.85200000e-08  8.00240307e-02 
 2.85400000e-08  7.93255532e-02 
 2.85600000e-08  7.86148288e-02 
 2.85800000e-08  7.78920315e-02 
 2.86000000e-08  7.71573364e-02 
 2.86200000e-08  7.64109197e-02 
 2.86400000e-08  7.56529588e-02 
 2.86600000e-08  7.48836317e-02 
 2.86800000e-08  7.41031172e-02 
 2.87000000e-08  7.33115950e-02 
 2.87200000e-08  7.25092450e-02 
 2.87400000e-08  7.16962477e-02 
 2.87600000e-08  7.08727838e-02 
 2.87800000e-08  7.00390342e-02 
 2.88000000e-08  6.91951802e-02 
 2.88200000e-08  6.83414027e-02 
 2.88400000e-08  6.74778828e-02 
 2.88600000e-08  6.66048013e-02 
 2.88800000e-08  6.57223387e-02 
 2.89000000e-08  6.48306753e-02 
 2.89200000e-08  6.39299909e-02 
 2.89400000e-08  6.30204647e-02 
 2.89600000e-08  6.21022755e-02 
 2.89800000e-08  6.11756014e-02 
 2.90000000e-08  6.02406197e-02 
 2.90200000e-08  5.92975071e-02 
 2.90400000e-08  5.83464393e-02 
 2.90600000e-08  5.73875913e-02 
 2.90800000e-08  5.64211369e-02 
 2.91000000e-08  5.54472492e-02 
 2.91200000e-08  5.44661002e-02 
 2.91400000e-08  5.34778608e-02 
 2.91600000e-08  5.24827008e-02 
 2.91800000e-08  5.14807890e-02 
 2.92000000e-08  5.04722928e-02 
 2.92200000e-08  4.94573787e-02 
 2.92400000e-08  4.84362118e-02 
 2.92600000e-08  4.74089562e-02 
 2.92800000e-08  4.63757744e-02 
 2.93000000e-08  4.53368282e-02 
 2.93200000e-08  4.42922776e-02 
 2.93400000e-08  4.32422817e-02 
 2.93600000e-08  4.21869982e-02 
 2.93800000e-08  4.11265836e-02 
 2.94000000e-08  4.00611931e-02 
 2.94200000e-08  3.89909807e-02 
 2.94400000e-08  3.79160991e-02 
 2.94600000e-08  3.68366998e-02 
 2.94800000e-08  3.57529331e-02 
 2.95000000e-08  3.46649481e-02 
 2.95200000e-08  3.35728927e-02 
 2.95400000e-08  3.24769135e-02 
 2.95600000e-08  3.13771563e-02 
 2.95800000e-08  3.02737653e-02 
 2.96000000e-08  2.91668841e-02 
 2.96200000e-08  2.80566549e-02 
 2.96400000e-08  2.69432188e-02 
 2.96600000e-08  2.58267163e-02 
 2.96800000e-08  2.47072865e-02 
 2.97000000e-08  2.35850676e-02 
 2.97200000e-08  2.24601972e-02 
 2.97400000e-08  2.13328117e-02 
 2.97600000e-08  2.02030467e-02 
 2.97800000e-08  1.90710370e-02 
 2.98000000e-08  1.79369168e-02 
 2.98200000e-08  1.68008194e-02 
 2.98400000e-08  1.56628773e-02 
 2.98600000e-08  1.45232226e-02 
 2.98800000e-08  1.33819866e-02 
 2.99000000e-08  1.22393002e-02 
 2.99200000e-08  1.10952935e-02 
 2.99400000e-08  9.95009628e-03 
 2.99600000e-08  8.80383793e-03 
 2.99800000e-08  7.65664732e-03 
 3.00000000e-08  6.50865300e-03 
 3.00200000e-08  5.35998320e-03 
 3.00400000e-08  4.21076588e-03 
 3.00600000e-08  3.06112875e-03 
 3.00800000e-08  1.91119936e-03 
 3.01000000e-08  7.61105104e-04 
 3.01200000e-08 -3.89026719e-04 
 3.01400000e-08 -1.53906886e-03 
 3.01600000e-08 -2.68889410e-03 
 3.01800000e-08 -3.83837514e-03 
 3.02000000e-08 -4.98738466e-03 
 3.02200000e-08 -6.13579518e-03 
 3.02400000e-08 -7.28347907e-03 
 3.02600000e-08 -8.43030848e-03 
 3.02800000e-08 -9.57615533e-03 
 3.03000000e-08 -1.07208912e-02 
 3.03200000e-08 -1.18643875e-02 
 3.03400000e-08 -1.30065150e-02 
 3.03600000e-08 -1.41471442e-02 
 3.03800000e-08 -1.52861452e-02 
 3.04000000e-08 -1.64233875e-02 
 3.04200000e-08 -1.75587401e-02 
 3.04400000e-08 -1.86920715e-02 
 3.04600000e-08 -1.98232495e-02 
 3.04800000e-08 -2.09521412e-02 
 3.05000000e-08 -2.20786132e-02 
 3.05200000e-08 -2.32025313e-02 
 3.05400000e-08 -2.43237605e-02 
 3.05600000e-08 -2.54421650e-02 
 3.05800000e-08 -2.65576083e-02 
 3.06000000e-08 -2.76699530e-02 
 3.06200000e-08 -2.87790609e-02 
 3.06400000e-08 -2.98847927e-02 
 3.06600000e-08 -3.09870084e-02 
 3.06800000e-08 -3.20855669e-02 
 3.07000000e-08 -3.31803262e-02 
 3.07200000e-08 -3.42711434e-02 
 3.07400000e-08 -3.53578743e-02 
 3.07600000e-08 -3.64403739e-02 
 3.07800000e-08 -3.75184962e-02 
 3.08000000e-08 -3.85920938e-02 
 3.08200000e-08 -3.96610187e-02 
 3.08400000e-08 -4.07251215e-02 
 3.08600000e-08 -4.17842516e-02 
 3.08800000e-08 -4.28382577e-02 
 3.09000000e-08 -4.38869869e-02 
 3.09200000e-08 -4.49302856e-02 
 3.09400000e-08 -4.59679989e-02 
 3.09600000e-08 -4.69999708e-02 
 3.09800000e-08 -4.80260442e-02 
 3.10000000e-08 -4.90460609e-02 
 3.10200000e-08 -5.00598616e-02 
 3.10400000e-08 -5.10672861e-02 
 3.10600000e-08 -5.20681727e-02 
 3.10800000e-08 -5.30623592e-02 
 3.11000000e-08 -5.40496819e-02 
 3.11200000e-08 -5.50299765e-02 
 3.11400000e-08 -5.60030773e-02 
 3.11600000e-08 -5.69688181e-02 
 3.11800000e-08 -5.79270315e-02 
 3.12000000e-08 -5.88775493e-02 
 3.12200000e-08 -5.98202024e-02 
 3.12400000e-08 -6.07548210e-02 
 3.12600000e-08 -6.16812345e-02 
 3.12800000e-08 -6.25992715e-02 
 3.13000000e-08 -6.35087601e-02 
 3.13200000e-08 -6.44095277e-02 
 3.13400000e-08 -6.53014011e-02 
 3.13600000e-08 -6.61842068e-02 
 3.13800000e-08 -6.70577706e-02 
 3.14000000e-08 -6.79219183e-02 
 3.14200000e-08 -6.87764750e-02 
 3.14400000e-08 -6.96212659e-02 
 3.14600000e-08 -7.04561159e-02 
 3.14800000e-08 -7.12808498e-02 
 3.15000000e-08 -7.20952926e-02 
 3.15200000e-08 -7.28992692e-02 
 3.15400000e-08 -7.36926048e-02 
 3.15600000e-08 -7.44751249e-02 
 3.15800000e-08 -7.52466551e-02 
 3.16000000e-08 -7.60070219e-02 
 3.16200000e-08 -7.67560521e-02 
 3.16400000e-08 -7.74935730e-02 
 3.16600000e-08 -7.82194131e-02 
 3.16800000e-08 -7.89334013e-02 
 3.17000000e-08 -7.96353677e-02 
 3.17200000e-08 -8.03251436e-02 
 3.17400000e-08 -8.10025611e-02 
 3.17600000e-08 -8.16674541e-02 
 3.17800000e-08 -8.23196574e-02 
 3.18000000e-08 -8.29590078e-02 
 3.18200000e-08 -8.35853432e-02 
 3.18400000e-08 -8.41985039e-02 
 3.18600000e-08 -8.47983314e-02 
 3.18800000e-08 -8.53846697e-02 
 3.19000000e-08 -8.59573647e-02 
 3.19200000e-08 -8.65162645e-02 
 3.19400000e-08 -8.70612195e-02 
 3.19600000e-08 -8.75920828e-02 
 3.19800000e-08 -8.81087097e-02 
 3.20000000e-08 -8.86109586e-02 
 3.20200000e-08 -8.90986904e-02 
 3.20400000e-08 -8.95717691e-02 
 3.20600000e-08 -9.00300617e-02 
 3.20800000e-08 -9.04734382e-02 
 3.21000000e-08 -9.09017721e-02 
 3.21200000e-08 -9.13149402e-02 
 3.21400000e-08 -9.17128227e-02 
 3.21600000e-08 -9.20953034e-02 
 3.21800000e-08 -9.24622700e-02 
 3.22000000e-08 -9.28136138e-02 
 3.22200000e-08 -9.31492300e-02 
 3.22400000e-08 -9.34690178e-02 
 3.22600000e-08 -9.37728807e-02 
 3.22800000e-08 -9.40607262e-02 
 3.23000000e-08 -9.43324660e-02 
 3.23200000e-08 -9.45880164e-02 
 3.23400000e-08 -9.48272979e-02 
 3.23600000e-08 -9.50502356e-02 
 3.23800000e-08 -9.52567593e-02 
 3.24000000e-08 -9.54468034e-02 
 3.24200000e-08 -9.56203069e-02 
 3.24400000e-08 -9.57772138e-02 
 3.24600000e-08 -9.59174729e-02 
 3.24800000e-08 -9.60410378e-02 
 3.25000000e-08 -9.61478672e-02 
 3.25200000e-08 -9.62379247e-02 
 3.25400000e-08 -9.63111790e-02 
 3.25600000e-08 -9.63676039e-02 
 3.25800000e-08 -9.64071782e-02 
 3.26000000e-08 -9.64298861e-02 
 3.26200000e-08 -9.64357166e-02 
 3.26400000e-08 -9.64246643e-02 
 3.26600000e-08 -9.63967286e-02 
 3.26800000e-08 -9.63519143e-02 
 3.27000000e-08 -9.62902314e-02 
 3.27200000e-08 -9.62116951e-02 
 3.27400000e-08 -9.61163257e-02 
 3.27600000e-08 -9.60041489e-02 
 3.27800000e-08 -9.58751953e-02 
 3.28000000e-08 -9.57295008e-02 
 3.28200000e-08 -9.55671063e-02 
 3.28400000e-08 -9.53880580e-02 
 3.28600000e-08 -9.51924068e-02 
 3.28800000e-08 -9.49802090e-02 
 3.29000000e-08 -9.47515254e-02 
 3.29200000e-08 -9.45064221e-02 
 3.29400000e-08 -9.42449699e-02 
 3.29600000e-08 -9.39672442e-02 
 3.29800000e-08 -9.36733254e-02 
 3.30000000e-08 -9.33632984e-02 
 3.30200000e-08 -9.30372526e-02 
 3.30400000e-08 -9.26952821e-02 
 3.30600000e-08 -9.23374851e-02 
 3.30800000e-08 -9.19639644e-02 
 3.31000000e-08 -9.15748268e-02 
 3.31200000e-08 -9.11701834e-02 
 3.31400000e-08 -9.07501492e-02 
 3.31600000e-08 -9.03148433e-02 
 3.31800000e-08 -8.98643883e-02 
 3.32000000e-08 -8.93989109e-02 
 3.32200000e-08 -8.89185412e-02 
 3.32400000e-08 -8.84234127e-02 
 3.32600000e-08 -8.79136625e-02 
 3.32800000e-08 -8.73894307e-02 
 3.33000000e-08 -8.68508608e-02 
 3.33200000e-08 -8.62980990e-02 
 3.33400000e-08 -8.57312946e-02 
 3.33600000e-08 -8.51505997e-02 
 3.33800000e-08 -8.45561689e-02 
 3.34000000e-08 -8.39481593e-02 
 3.34200000e-08 -8.33267304e-02 
 3.34400000e-08 -8.26920441e-02 
 3.34600000e-08 -8.20442642e-02 
 3.34800000e-08 -8.13835565e-02 
 3.35000000e-08 -8.07100889e-02 
 3.35200000e-08 -8.00240307e-02 
 3.35400000e-08 -7.93255532e-02 
 3.35600000e-08 -7.86148288e-02 
 3.35800000e-08 -7.78920315e-02 
 3.36000000e-08 -7.71573364e-02 
 3.36200000e-08 -7.64109197e-02 
 3.36400000e-08 -7.56529588e-02 
 3.36600000e-08 -7.48836317e-02 
 3.36800000e-08 -7.41031172e-02 
 3.37000000e-08 -7.33115950e-02 
 3.37200000e-08 -7.25092450e-02 
 3.37400000e-08 -7.16962477e-02 
 3.37600000e-08 -7.08727838e-02 
 3.37800000e-08 -7.00390342e-02 
 3.38000000e-08 -6.91951802e-02 
 3.38200000e-08 -6.83414027e-02 
 3.38400000e-08 -6.74778828e-02 
 3.38600000e-08 -6.66048013e-02 
 3.38800000e-08 -6.57223387e-02 
 3.39000000e-08 -6.48306753e-02 
 3.39200000e-08 -6.39299909e-02 
 3.39400000e-08 -6.30204647e-02 
 3.39600000e-08 -6.21022755e-02 
 3.39800000e-08 -6.11756014e-02 
 3.40000000e-08 -6.02406197e-02 
 3.40200000e-08 -5.92975071e-02 
 3.40400000e-08 -5.83464393e-02 
 3.40600000e-08 -5.73875913e-02 
 3.40800000e-08 -5.64211369e-02 
 3.41000000e-08 -5.54472492e-02 
 3.41200000e-08 -5.44661002e-02 
 3.41400000e-08 -5.34778608e-02 
 3.41600000e-08 -5.24827008e-02 
 3.41800000e-08 -5.14807890e-02 
 3.42000000e-08 -5.04722928e-02 
 3.42200000e-08 -4.94573787e-02 
 3.42400000e-08 -4.84362118e-02 
 3.42600000e-08 -4.74089562e-02 
 3.42800000e-08 -4.63757744e-02 
 3.43000000e-08 -4.53368282e-02 
 3.43200000e-08 -4.42922776e-02 
 3.43400000e-08 -4.32422817e-02 
 3.43600000e-08 -4.21869982e-02 
 3.43800000e-08 -4.11265836e-02 
 3.44000000e-08 -4.00611931e-02 
 3.44200000e-08 -3.89909807e-02 
 3.44400000e-08 -3.79160991e-02 
 3.44600000e-08 -3.68366998e-02 
 3.44800000e-08 -3.57529331e-02 
 3.45000000e-08 -3.46649481e-02 
 3.45200000e-08 -3.35728927e-02 
 3.45400000e-08 -3.24769135e-02 
 3.45600000e-08 -3.13771563e-02 
 3.45800000e-08 -3.02737653e-02 
 3.46000000e-08 -2.91668841e-02 
 3.46200000e-08 -2.80566549e-02 
 3.46400000e-08 -2.69432188e-02 
 3.46600000e-08 -2.58267163e-02 
 3.46800000e-08 -2.47072865e-02 
 3.47000000e-08 -2.35850676e-02 
 3.47200000e-08 -2.24601972e-02 
 3.47400000e-08 -2.13328117e-02 
 3.47600000e-08 -2.02030467e-02 
 3.47800000e-08 -1.90710370e-02 
 3.48000000e-08 -1.79369168e-02 
 3.48200000e-08 -1.68008194e-02 
 3.48400000e-08 -1.56628773e-02 
 3.48600000e-08 -1.45232226e-02 
 3.48800000e-08 -1.33819866e-02 
 3.49000000e-08 -1.22393002e-02 
 3.49200000e-08 -1.10952935e-02 
 3.49400000e-08 -9.95009628e-03 
 3.49600000e-08 -8.80383793e-03 
 3.49800000e-08 -7.65664732e-03 
 3.50000000e-08 -6.50865300e-03 
 3.50200000e-08 -5.35998320e-03 
 3.50400000e-08 -4.21076588e-03 
 3.50600000e-08 -3.06112875e-03 
 3.50800000e-08 -1.91119936e-03 
 3.51000000e-08 -7.61105104e-04 
 3.51200000e-08  3.89026719e-04 
 3.51400000e-08  1.53906886e-03 
 3.51600000e-08  2.68889410e-03 
 3.51800000e-08  3.83837514e-03 
 3.52000000e-08  4.98738466e-03 
 3.52200000e-08  6.13579518e-03 
 3.52400000e-08  7.28347907e-03 
 3.52600000e-08  8.43030848e-03 
 3.52800000e-08  9.57615533e-03 
 3.53000000e-08  1.07208912e-02 
 3.53200000e-08  1.18643875e-02 
 3.53400000e-08  1.30065150e-02 
 3.53600000e-08  1.41471442e-02 
 3.53800000e-08  1.52861452e-02 
 3.54000000e-08  1.64233875e-02 
 3.54200000e-08  1.75587401e-02 
 3.54400000e-08  1.86920715e-02 
 3.54600000e-08  1.98232495e-02 
 3.54800000e-08  2.09521412e-02 
 3.55000000e-08  2.20786132e-02 
 3.55200000e-08  2.32025313e-02 
 3.55400000e-08  2.43237605e-02 
 3.55600000e-08  2.54421650e-02 
 3.55800000e-08  2.65576083e-02 
 3.56000000e-08  2.76699530e-02 
 3.56200000e-08  2.87790609e-02 
 3.56400000e-08  2.98847927e-02 
 3.56600000e-08  3.09870084e-02 
 3.56800000e-08  3.20855669e-02 
 3.57000000e-08  3.31803262e-02 
 3.57200000e-08  3.42711434e-02 
 3.57400000e-08  3.53578743e-02 
 3.57600000e-08  3.64403739e-02 
 3.57800000e-08  3.75184962e-02 
 3.58000000e-08  3.85920938e-02 
 3.58200000e-08  3.96610187e-02 
 3.58400000e-08  4.07251215e-02 
 3.58600000e-08  4.17842516e-02 
 3.58800000e-08  4.28382577e-02 
 3.59000000e-08  4.38869869e-02 
 3.59200000e-08  4.49302856e-02 
 3.59400000e-08  4.59679989e-02 
 3.59600000e-08  4.69999708e-02 
 3.59800000e-08  4.80260442e-02 
 3.60000000e-08  4.90460609e-02 
 3.60200000e-08  5.00598616e-02 
 3.60400000e-08  5.10672861e-02 
 3.60600000e-08  5.20681727e-02 
 3.60800000e-08  5.30623592e-02 
 3.61000000e-08  5.40496819e-02 
 3.61200000e-08  5.50299765e-02 
 3.61400000e-08  5.60030773e-02 
 3.61600000e-08  5.69688181e-02 
 3.61800000e-08  5.79270315e-02 
 3.62000000e-08  5.88775493e-02 
 3.62200000e-08  5.98202024e-02 
 3.62400000e-08  6.07548210e-02 
 3.62600000e-08  6.16812345e-02 
 3.62800000e-08  6.25992715e-02 
 3.63000000e-08  6.35087601e-02 
 3.63200000e-08  6.44095277e-02 
 3.63400000e-08  6.53014011e-02 
 3.63600000e-08  6.61842068e-02 
 3.63800000e-08  6.70577706e-02 
 3.64000000e-08  6.79219183e-02 
 3.64200000e-08  6.87764750e-02 
 3.64400000e-08  6.96212659e-02 
 3.64600000e-08  7.04561159e-02 
 3.64800000e-08  7.12808498e-02 
 3.65000000e-08  7.20952926e-02 
 3.65200000e-08  7.28992692e-02 
 3.65400000e-08  7.36926048e-02 
 3.65600000e-08  7.44751249e-02 
 3.65800000e-08  7.52466551e-02 
 3.66000000e-08  7.60070219e-02 
 3.66200000e-08  7.67560521e-02 
 3.66400000e-08  7.74935730e-02 
 3.66600000e-08  7.82194131e-02 
 3.66800000e-08  7.89334013e-02 
 3.67000000e-08  7.96353677e-02 
 3.67200000e-08  8.03251436e-02 
 3.67400000e-08  8.10025611e-02 
 3.67600000e-08  8.16674541e-02 
 3.67800000e-08  8.23196574e-02 
 3.68000000e-08  8.29590078e-02 
 3.68200000e-08  8.35853432e-02 
 3.68400000e-08  8.41985039e-02 
 3.68600000e-08  8.47983314e-02 
 3.68800000e-08  8.53846697e-02 
 3.69000000e-08  8.59573647e-02 
 3.69200000e-08  8.65162645e-02 
 3.69400000e-08  8.70612195e-02 
 3.69600000e-08  8.75920828e-02 
 3.69800000e-08  8.81087097e-02 
 3.70000000e-08  8.86109586e-02 
 3.70200000e-08  8.90986904e-02 
 3.70400000e-08  8.95717691e-02 
 3.70600000e-08  9.00300617e-02 
 3.70800000e-08  9.04734382e-02 
 3.71000000e-08  9.09017721e-02 
 3.71200000e-08  9.13149402e-02 
 3.71400000e-08  9.17128227e-02 
 3.71600000e-08  9.20953034e-02 
 3.71800000e-08  9.24622700e-02 
 3.72000000e-08  9.28136138e-02 
 3.72200000e-08  9.31492300e-02 
 3.72400000e-08  9.34690178e-02 
 3.72600000e-08  9.37728807e-02 
 3.72800000e-08  9.40607262e-02 
 3.73000000e-08  9.43324660e-02 
 3.73200000e-08  9.45880164e-02 
 3.73400000e-08  9.48272979e-02 
 3.73600000e-08  9.50502356e-02 
 3.73800000e-08  9.52567593e-02 
 3.74000000e-08  9.54468034e-02 
 3.74200000e-08  9.56203069e-02 
 3.74400000e-08  9.57772138e-02 
 3.74600000e-08  9.59174729e-02 
 3.74800000e-08  9.60410378e-02 
 3.75000000e-08  9.61478672e-02 
 3.75200000e-08  9.62379247e-02 
 3.75400000e-08  9.63111790e-02 
 3.75600000e-08  9.63676039e-02 
 3.75800000e-08  9.64071782e-02 
 3.76000000e-08  9.64298861e-02 
 3.76200000e-08  9.64357166e-02 
 3.76400000e-08  9.64246643e-02 
 3.76600000e-08  9.63967286e-02 
 3.76800000e-08  9.63519143e-02 
 3.77000000e-08  9.62902314e-02 
 3.77200000e-08  9.62116951e-02 
 3.77400000e-08  9.61163257e-02 
 3.77600000e-08  9.60041489e-02 
 3.77800000e-08  9.58751953e-02 
 3.78000000e-08  9.57295008e-02 
 3.78200000e-08  9.55671063e-02 
 3.78400000e-08  9.53880580e-02 
 3.78600000e-08  9.51924068e-02 
 3.78800000e-08  9.49802090e-02 
 3.79000000e-08  9.47515254e-02 
 3.79200000e-08  9.45064221e-02 
 3.79400000e-08  9.42449699e-02 
 3.79600000e-08  9.39672442e-02 
 3.79800000e-08  9.36733254e-02 
 3.80000000e-08  9.33632984e-02 
 3.80200000e-08  9.30372526e-02 
 3.80400000e-08  9.26952821e-02 
 3.80600000e-08  9.23374851e-02 
 3.80800000e-08  9.19639644e-02 
 3.81000000e-08  9.15748268e-02 
 3.81200000e-08  9.11701834e-02 
 3.81400000e-08  9.07501492e-02 
 3.81600000e-08  9.03148433e-02 
 3.81800000e-08  8.98643883e-02 
 3.82000000e-08  8.93989109e-02 
 3.82200000e-08  8.89185412e-02 
 3.82400000e-08  8.84234127e-02 
 3.82600000e-08  8.79136625e-02 
 3.82800000e-08  8.73894307e-02 
 3.83000000e-08  8.68508608e-02 
 3.83200000e-08  8.62980990e-02 
 3.83400000e-08  8.57312946e-02 
 3.83600000e-08  8.51505997e-02 
 3.83800000e-08  8.45561689e-02 
 3.84000000e-08  8.39481593e-02 
 3.84200000e-08  8.33267304e-02 
 3.84400000e-08  8.26920441e-02 
 3.84600000e-08  8.20442642e-02 
 3.84800000e-08  8.13835565e-02 
 3.85000000e-08  8.07100889e-02 
 3.85200000e-08  8.00240307e-02 
 3.85400000e-08  7.93255532e-02 
 3.85600000e-08  7.86148288e-02 
 3.85800000e-08  7.78920315e-02 
 3.86000000e-08  7.71573364e-02 
 3.86200000e-08  7.64109197e-02 
 3.86400000e-08  7.56529588e-02 
 3.86600000e-08  7.48836317e-02 
 3.86800000e-08  7.41031172e-02 
 3.87000000e-08  7.33115950e-02 
 3.87200000e-08  7.25092450e-02 
 3.87400000e-08  7.16962477e-02 
 3.87600000e-08  7.08727838e-02 
 3.87800000e-08  7.00390342e-02 
 3.88000000e-08  6.91951802e-02 
 3.88200000e-08  6.83414027e-02 
 3.88400000e-08  6.74778828e-02 
 3.88600000e-08  6.66048013e-02 
 3.88800000e-08  6.57223387e-02 
 3.89000000e-08  6.48306753e-02 
 3.89200000e-08  6.39299909e-02 
 3.89400000e-08  6.30204647e-02 
 3.89600000e-08  6.21022755e-02 
 3.89800000e-08  6.11756014e-02 
 3.90000000e-08  6.02406197e-02 
 3.90200000e-08  5.92975071e-02 
 3.90400000e-08  5.83464393e-02 
 3.90600000e-08  5.73875913e-02 
 3.90800000e-08  5.64211369e-02 
 3.91000000e-08  5.54472492e-02 
 3.91200000e-08  5.44661002e-02 
 3.91400000e-08  5.34778608e-02 
 3.91600000e-08  5.24827008e-02 
 3.91800000e-08  5.14807890e-02 
 3.92000000e-08  5.04722928e-02 
 3.92200000e-08  4.94573787e-02 
 3.92400000e-08  4.84362118e-02 
 3.92600000e-08  4.74089562e-02 
 3.92800000e-08  4.63757744e-02 
 3.93000000e-08  4.53368282e-02 
 3.93200000e-08  4.42922776e-02 
 3.93400000e-08  4.32422817e-02 
 3.93600000e-08  4.21869982e-02 
 3.93800000e-08  4.11265836e-02 
 3.94000000e-08  4.00611931e-02 
 3.94200000e-08  3.89909807e-02 
 3.94400000e-08  3.79160991e-02 
 3.94600000e-08  3.68366998e-02 
 3.94800000e-08  3.57529331e-02 
 3.95000000e-08  3.46649481e-02 
 3.95200000e-08  3.35728927e-02 
 3.95400000e-08  3.24769135e-02 
 3.95600000e-08  3.13771563e-02 
 3.95800000e-08  3.02737653e-02 
 3.96000000e-08  2.91668841e-02 
 3.96200000e-08  2.80566549e-02 
 3.96400000e-08  2.69432188e-02 
 3.96600000e-08  2.58267163e-02 
 3.96800000e-08  2.47072865e-02 
 3.97000000e-08  2.35850676e-02 
 3.97200000e-08  2.24601972e-02 
 3.97400000e-08  2.13328117e-02 
 3.97600000e-08  2.02030467e-02 
 3.97800000e-08  1.90710370e-02 
 3.98000000e-08  1.79369168e-02 
 3.98200000e-08  1.68008194e-02 
 3.98400000e-08  1.56628773e-02 
 3.98600000e-08  1.45232226e-02 
 3.98800000e-08  1.33819866e-02 
 3.99000000e-08  1.22393002e-02 
 3.99200000e-08  1.10952935e-02 
 3.99400000e-08  9.95009628e-03 
 3.99600000e-08  8.80383793e-03 
 3.99800000e-08  7.65664732e-03 
 4.00000000e-08  6.50865300e-03 
 4.00200000e-08  5.35998320e-03 
 4.00400000e-08  4.21076588e-03 
 4.00600000e-08  3.06112875e-03 
 4.00800000e-08  1.91119936e-03 
 4.01000000e-08  7.61105104e-04 
 4.01200000e-08 -3.89026719e-04 
 4.01400000e-08 -1.53906886e-03 
 4.01600000e-08 -2.68889410e-03 
 4.01800000e-08 -3.83837514e-03 
 4.02000000e-08 -4.98738466e-03 
 4.02200000e-08 -6.13579518e-03 
 4.02400000e-08 -7.28347907e-03 
 4.02600000e-08 -8.43030848e-03 
 4.02800000e-08 -9.57615533e-03 
 4.03000000e-08 -1.07208912e-02 
 4.03200000e-08 -1.18643875e-02 
 4.03400000e-08 -1.30065150e-02 
 4.03600000e-08 -1.41471442e-02 
 4.03800000e-08 -1.52861452e-02 
 4.04000000e-08 -1.64233875e-02 
 4.04200000e-08 -1.75587401e-02 
 4.04400000e-08 -1.86920715e-02 
 4.04600000e-08 -1.98232495e-02 
 4.04800000e-08 -2.09521412e-02 
 4.05000000e-08 -2.20786132e-02 
 4.05200000e-08 -2.32025313e-02 
 4.05400000e-08 -2.43237605e-02 
 4.05600000e-08 -2.54421650e-02 
 4.05800000e-08 -2.65576083e-02 
 4.06000000e-08 -2.76699530e-02 
 4.06200000e-08 -2.87790609e-02 
 4.06400000e-08 -2.98847927e-02 
 4.06600000e-08 -3.09870084e-02 
 4.06800000e-08 -3.20855669e-02 
 4.07000000e-08 -3.31803262e-02 
 4.07200000e-08 -3.42711434e-02 
 4.07400000e-08 -3.53578743e-02 
 4.07600000e-08 -3.64403739e-02 
 4.07800000e-08 -3.75184962e-02 
 4.08000000e-08 -3.85920938e-02 
 4.08200000e-08 -3.96610187e-02 
 4.08400000e-08 -4.07251215e-02 
 4.08600000e-08 -4.17842516e-02 
 4.08800000e-08 -4.28382577e-02 
 4.09000000e-08 -4.38869869e-02 
 4.09200000e-08 -4.49302856e-02 
 4.09400000e-08 -4.59679989e-02 
 4.09600000e-08 -4.69999708e-02 
 4.09800000e-08 -4.80260442e-02 
 4.10000000e-08 -4.90460609e-02 
 4.10200000e-08 -5.00598616e-02 
 4.10400000e-08 -5.10672861e-02 
 4.10600000e-08 -5.20681727e-02 
 4.10800000e-08 -5.30623592e-02 
 4.11000000e-08 -5.40496819e-02 
 4.11200000e-08 -5.50299765e-02 
 4.11400000e-08 -5.60030773e-02 
 4.11600000e-08 -5.69688181e-02 
 4.11800000e-08 -5.79270315e-02 
 4.12000000e-08 -5.88775493e-02 
 4.12200000e-08 -5.98202024e-02 
 4.12400000e-08 -6.07548210e-02 
 4.12600000e-08 -6.16812345e-02 
 4.12800000e-08 -6.25992715e-02 
 4.13000000e-08 -6.35087601e-02 
 4.13200000e-08 -6.44095277e-02 
 4.13400000e-08 -6.53014011e-02 
 4.13600000e-08 -6.61842068e-02 
 4.13800000e-08 -6.70577706e-02 
 4.14000000e-08 -6.79219183e-02 
 4.14200000e-08 -6.87764750e-02 
 4.14400000e-08 -6.96212659e-02 
 4.14600000e-08 -7.04561159e-02 
 4.14800000e-08 -7.12808498e-02 
 4.15000000e-08 -7.20952926e-02 
 4.15200000e-08 -7.28992692e-02 
 4.15400000e-08 -7.36926048e-02 
 4.15600000e-08 -7.44751249e-02 
 4.15800000e-08 -7.52466551e-02 
 4.16000000e-08 -7.60070219e-02 
 4.16200000e-08 -7.67560521e-02 
 4.16400000e-08 -7.74935730e-02 
 4.16600000e-08 -7.82194131e-02 
 4.16800000e-08 -7.89334013e-02 
 4.17000000e-08 -7.96353677e-02 
 4.17200000e-08 -8.03251436e-02 
 4.17400000e-08 -8.10025611e-02 
 4.17600000e-08 -8.16674541e-02 
 4.17800000e-08 -8.23196574e-02 
 4.18000000e-08 -8.29590078e-02 
 4.18200000e-08 -8.35853432e-02 
 4.18400000e-08 -8.41985039e-02 
 4.18600000e-08 -8.47983314e-02 
 4.18800000e-08 -8.53846697e-02 
 4.19000000e-08 -8.59573647e-02 
 4.19200000e-08 -8.65162645e-02 
 4.19400000e-08 -8.70612195e-02 
 4.19600000e-08 -8.75920828e-02 
 4.19800000e-08 -8.81087097e-02 
 4.20000000e-08 -8.86109586e-02 
 4.20200000e-08 -8.90986904e-02 
 4.20400000e-08 -8.95717691e-02 
 4.20600000e-08 -9.00300617e-02 
 4.20800000e-08 -9.04734382e-02 
 4.21000000e-08 -9.09017721e-02 
 4.21200000e-08 -9.13149402e-02 
 4.21400000e-08 -9.17128227e-02 
 4.21600000e-08 -9.20953034e-02 
 4.21800000e-08 -9.24622700e-02 
 4.22000000e-08 -9.28136138e-02 
 4.22200000e-08 -9.31492300e-02 
 4.22400000e-08 -9.34690178e-02 
 4.22600000e-08 -9.37728807e-02 
 4.22800000e-08 -9.40607262e-02 
 4.23000000e-08 -9.43324660e-02 
 4.23200000e-08 -9.45880164e-02 
 4.23400000e-08 -9.48272979e-02 
 4.23600000e-08 -9.50502356e-02 
 4.23800000e-08 -9.52567593e-02 
 4.24000000e-08 -9.54468034e-02 
 4.24200000e-08 -9.56203069e-02 
 4.24400000e-08 -9.57772138e-02 
 4.24600000e-08 -9.59174729e-02 
 4.24800000e-08 -9.60410378e-02 
 4.25000000e-08 -9.61478672e-02 
 4.25200000e-08 -9.62379247e-02 
 4.25400000e-08 -9.63111790e-02 
 4.25600000e-08 -9.63676039e-02 
 4.25800000e-08 -9.64071782e-02 
 4.26000000e-08 -9.64298861e-02 
 4.26200000e-08 -9.64357166e-02 
 4.26400000e-08 -9.64246643e-02 
 4.26600000e-08 -9.63967286e-02 
 4.26800000e-08 -9.63519143e-02 
 4.27000000e-08 -9.62902314e-02 
 4.27200000e-08 -9.62116951e-02 
 4.27400000e-08 -9.61163257e-02 
 4.27600000e-08 -9.60041489e-02 
 4.27800000e-08 -9.58751953e-02 
 4.28000000e-08 -9.57295008e-02 
 4.28200000e-08 -9.55671063e-02 
 4.28400000e-08 -9.53880580e-02 
 4.28600000e-08 -9.51924068e-02 
 4.28800000e-08 -9.49802090e-02 
 4.29000000e-08 -9.47515254e-02 
 4.29200000e-08 -9.45064221e-02 
 4.29400000e-08 -9.42449699e-02 
 4.29600000e-08 -9.39672442e-02 
 4.29800000e-08 -9.36733254e-02 
 4.30000000e-08 -9.33632984e-02 
 4.30200000e-08 -9.30372526e-02 
 4.30400000e-08 -9.26952821e-02 
 4.30600000e-08 -9.23374851e-02 
 4.30800000e-08 -9.19639644e-02 
 4.31000000e-08 -9.15748268e-02 
 4.31200000e-08 -9.11701834e-02 
 4.31400000e-08 -9.07501492e-02 
 4.31600000e-08 -9.03148433e-02 
 4.31800000e-08 -8.98643883e-02 
 4.32000000e-08 -8.93989109e-02 
 4.32200000e-08 -8.89185412e-02 
 4.32400000e-08 -8.84234127e-02 
 4.32600000e-08 -8.79136625e-02 
 4.32800000e-08 -8.73894307e-02 
 4.33000000e-08 -8.68508608e-02 
 4.33200000e-08 -8.62980990e-02 
 4.33400000e-08 -8.57312946e-02 
 4.33600000e-08 -8.51505997e-02 
 4.33800000e-08 -8.45561689e-02 
 4.34000000e-08 -8.39481593e-02 
 4.34200000e-08 -8.33267304e-02 
 4.34400000e-08 -8.26920441e-02 
 4.34600000e-08 -8.20442642e-02 
 4.34800000e-08 -8.13835565e-02 
 4.35000000e-08 -8.07100889e-02 
 4.35200000e-08 -8.00240307e-02 
 4.35400000e-08 -7.93255532e-02 
 4.35600000e-08 -7.86148288e-02 
 4.35800000e-08 -7.78920315e-02 
 4.36000000e-08 -7.71573364e-02 
 4.36200000e-08 -7.64109197e-02 
 4.36400000e-08 -7.56529588e-02 
 4.36600000e-08 -7.48836317e-02 
 4.36800000e-08 -7.41031172e-02 
 4.37000000e-08 -7.33115950e-02 
 4.37200000e-08 -7.25092450e-02 
 4.37400000e-08 -7.16962477e-02 
 4.37600000e-08 -7.08727838e-02 
 4.37800000e-08 -7.00390342e-02 
 4.38000000e-08 -6.91951802e-02 
 4.38200000e-08 -6.83414027e-02 
 4.38400000e-08 -6.74778828e-02 
 4.38600000e-08 -6.66048013e-02 
 4.38800000e-08 -6.57223387e-02 
 4.39000000e-08 -6.48306753e-02 
 4.39200000e-08 -6.39299909e-02 
 4.39400000e-08 -6.30204647e-02 
 4.39600000e-08 -6.21022755e-02 
 4.39800000e-08 -6.11756014e-02 
 4.40000000e-08 -6.02406197e-02 
 4.40200000e-08 -5.92975071e-02 
 4.40400000e-08 -5.83464393e-02 
 4.40600000e-08 -5.73875913e-02 
 4.40800000e-08 -5.64211369e-02 
 4.41000000e-08 -5.54472492e-02 
 4.41200000e-08 -5.44661002e-02 
 4.41400000e-08 -5.34778608e-02 
 4.41600000e-08 -5.24827008e-02 
 4.41800000e-08 -5.14807890e-02 
 4.42000000e-08 -5.04722928e-02 
 4.42200000e-08 -4.94573787e-02 
 4.42400000e-08 -4.84362118e-02 
 4.42600000e-08 -4.74089562e-02 
 4.42800000e-08 -4.63757744e-02 
 4.43000000e-08 -4.53368282e-02 
 4.43200000e-08 -4.42922776e-02 
 4.43400000e-08 -4.32422817e-02 
 4.43600000e-08 -4.21869982e-02 
 4.43800000e-08 -4.11265836e-02 
 4.44000000e-08 -4.00611931e-02 
 4.44200000e-08 -3.89909807e-02 
 4.44400000e-08 -3.79160991e-02 
 4.44600000e-08 -3.68366998e-02 
 4.44800000e-08 -3.57529331e-02 
 4.45000000e-08 -3.46649481e-02 
 4.45200000e-08 -3.35728927e-02 
 4.45400000e-08 -3.24769135e-02 
 4.45600000e-08 -3.13771563e-02 
 4.45800000e-08 -3.02737653e-02 
 4.46000000e-08 -2.91668841e-02 
 4.46200000e-08 -2.80566549e-02 
 4.46400000e-08 -2.69432188e-02 
 4.46600000e-08 -2.58267163e-02 
 4.46800000e-08 -2.47072865e-02 
 4.47000000e-08 -2.35850676e-02 
 4.47200000e-08 -2.24601972e-02 
 4.47400000e-08 -2.13328117e-02 
 4.47600000e-08 -2.02030467e-02 
 4.47800000e-08 -1.90710370e-02 
 4.48000000e-08 -1.79369168e-02 
 4.48200000e-08 -1.68008194e-02 
 4.48400000e-08 -1.56628773e-02 
 4.48600000e-08 -1.45232226e-02 
 4.48800000e-08 -1.33819866e-02 
 4.49000000e-08 -1.22393002e-02 
 4.49200000e-08 -1.10952935e-02 
 4.49400000e-08 -9.95009628e-03 
 4.49600000e-08 -8.80383793e-03 
 4.49800000e-08 -7.65664732e-03 
 4.50000000e-08 -6.50865300e-03 
 4.50200000e-08 -5.35998320e-03 
 4.50400000e-08 -4.21076588e-03 
 4.50600000e-08 -3.06112875e-03 
 4.50800000e-08 -1.91119936e-03 
 4.51000000e-08 -7.61105104e-04 
 4.51200000e-08  3.89026719e-04 
 4.51400000e-08  1.53906886e-03 
 4.51600000e-08  2.68889410e-03 
 4.51800000e-08  3.83837514e-03 
 4.52000000e-08  4.98738466e-03 
 4.52200000e-08  6.13579518e-03 
 4.52400000e-08  7.28347907e-03 
 4.52600000e-08  8.43030848e-03 
 4.52800000e-08  9.57615533e-03 
 4.53000000e-08  1.07208912e-02 
 4.53200000e-08  1.18643875e-02 
 4.53400000e-08  1.30065150e-02 
 4.53600000e-08  1.41471442e-02 
 4.53800000e-08  1.52861452e-02 
 4.54000000e-08  1.64233875e-02 
 4.54200000e-08  1.75587401e-02 
 4.54400000e-08  1.86920715e-02 
 4.54600000e-08  1.98232495e-02 
 4.54800000e-08  2.09521412e-02 
 4.55000000e-08  2.20786132e-02 
 4.55200000e-08  2.32025313e-02 
 4.55400000e-08  2.43237605e-02 
 4.55600000e-08  2.54421650e-02 
 4.55800000e-08  2.65576083e-02 
 4.56000000e-08  2.76699530e-02 
 4.56200000e-08  2.87790609e-02 
 4.56400000e-08  2.98847927e-02 
 4.56600000e-08  3.09870084e-02 
 4.56800000e-08  3.20855669e-02 
 4.57000000e-08  3.31803262e-02 
 4.57200000e-08  3.42711434e-02 
 4.57400000e-08  3.53578743e-02 
 4.57600000e-08  3.64403739e-02 
 4.57800000e-08  3.75184962e-02 
 4.58000000e-08  3.85920938e-02 
 4.58200000e-08  3.96610187e-02 
 4.58400000e-08  4.07251215e-02 
 4.58600000e-08  4.17842516e-02 
 4.58800000e-08  4.28382577e-02 
 4.59000000e-08  4.38869869e-02 
 4.59200000e-08  4.49302856e-02 
 4.59400000e-08  4.59679989e-02 
 4.59600000e-08  4.69999708e-02 
 4.59800000e-08  4.80260442e-02 
 4.60000000e-08  4.90460609e-02 
 4.60200000e-08  5.00598616e-02 
 4.60400000e-08  5.10672861e-02 
 4.60600000e-08  5.20681727e-02 
 4.60800000e-08  5.30623592e-02 
 4.61000000e-08  5.40496819e-02 
 4.61200000e-08  5.50299765e-02 
 4.61400000e-08  5.60030773e-02 
 4.61600000e-08  5.69688181e-02 
 4.61800000e-08  5.79270315e-02 
 4.62000000e-08  5.88775493e-02 
 4.62200000e-08  5.98202024e-02 
 4.62400000e-08  6.07548210e-02 
 4.62600000e-08  6.16812345e-02 
 4.62800000e-08  6.25992715e-02 
 4.63000000e-08  6.35087601e-02 
 4.63200000e-08  6.44095277e-02 
 4.63400000e-08  6.53014011e-02 
 4.63600000e-08  6.61842068e-02 
 4.63800000e-08  6.70577706e-02 
 4.64000000e-08  6.79219183e-02 
 4.64200000e-08  6.87764750e-02 
 4.64400000e-08  6.96212659e-02 
 4.64600000e-08  7.04561159e-02 
 4.64800000e-08  7.12808498e-02 
 4.65000000e-08  7.20952926e-02 
 4.65200000e-08  7.28992692e-02 
 4.65400000e-08  7.36926048e-02 
 4.65600000e-08  7.44751249e-02 
 4.65800000e-08  7.52466551e-02 
 4.66000000e-08  7.60070219e-02 
 4.66200000e-08  7.67560521e-02 
 4.66400000e-08  7.74935730e-02 
 4.66600000e-08  7.82194131e-02 
 4.66800000e-08  7.89334013e-02 
 4.67000000e-08  7.96353677e-02 
 4.67200000e-08  8.03251436e-02 
 4.67400000e-08  8.10025611e-02 
 4.67600000e-08  8.16674541e-02 
 4.67800000e-08  8.23196574e-02 
 4.68000000e-08  8.29590078e-02 
 4.68200000e-08  8.35853432e-02 
 4.68400000e-08  8.41985039e-02 
 4.68600000e-08  8.47983314e-02 
 4.68800000e-08  8.53846697e-02 
 4.69000000e-08  8.59573647e-02 
 4.69200000e-08  8.65162645e-02 
 4.69400000e-08  8.70612195e-02 
 4.69600000e-08  8.75920828e-02 
 4.69800000e-08  8.81087097e-02 
 4.70000000e-08  8.86109586e-02 
 4.70200000e-08  8.90986904e-02 
 4.70400000e-08  8.95717691e-02 
 4.70600000e-08  9.00300617e-02 
 4.70800000e-08  9.04734382e-02 
 4.71000000e-08  9.09017721e-02 
 4.71200000e-08  9.13149402e-02 
 4.71400000e-08  9.17128227e-02 
 4.71600000e-08  9.20953034e-02 
 4.71800000e-08  9.24622700e-02 
 4.72000000e-08  9.28136138e-02 
 4.72200000e-08  9.31492300e-02 
 4.72400000e-08  9.34690178e-02 
 4.72600000e-08  9.37728807e-02 
 4.72800000e-08  9.40607262e-02 
 4.73000000e-08  9.43324660e-02 
 4.73200000e-08  9.45880164e-02 
 4.73400000e-08  9.48272979e-02 
 4.73600000e-08  9.50502356e-02 
 4.73800000e-08  9.52567593e-02 
 4.74000000e-08  9.54468034e-02 
 4.74200000e-08  9.56203069e-02 
 4.74400000e-08  9.57772138e-02 
 4.74600000e-08  9.59174729e-02 
 4.74800000e-08  9.60410378e-02 
 4.75000000e-08  9.61478672e-02 
 4.75200000e-08  9.62379247e-02 
 4.75400000e-08  9.63111790e-02 
 4.75600000e-08  9.63676039e-02 
 4.75800000e-08  9.64071782e-02 
 4.76000000e-08  9.64298861e-02 
 4.76200000e-08  9.64357166e-02 
 4.76400000e-08  9.64246643e-02 
 4.76600000e-08  9.63967286e-02 
 4.76800000e-08  9.63519143e-02 
 4.77000000e-08  9.62902314e-02 
 4.77200000e-08  9.62116951e-02 
 4.77400000e-08  9.61163257e-02 
 4.77600000e-08  9.60041489e-02 
 4.77800000e-08  9.58751953e-02 
 4.78000000e-08  9.57295008e-02 
 4.78200000e-08  9.55671063e-02 
 4.78400000e-08  9.53880580e-02 
 4.78600000e-08  9.51924068e-02 
 4.78800000e-08  9.49802090e-02 
 4.79000000e-08  9.47515254e-02 
 4.79200000e-08  9.45064221e-02 
 4.79400000e-08  9.42449699e-02 
 4.79600000e-08  9.39672442e-02 
 4.79800000e-08  9.36733254e-02 
 4.80000000e-08  9.33632984e-02 
 4.80200000e-08  9.30372526e-02 
 4.80400000e-08  9.26952821e-02 
 4.80600000e-08  9.23374851e-02 
 4.80800000e-08  9.19639644e-02 
 4.81000000e-08  9.15748268e-02 
 4.81200000e-08  9.11701834e-02 
 4.81400000e-08  9.07501492e-02 
 4.81600000e-08  9.03148433e-02 
 4.81800000e-08  8.98643883e-02 
 4.82000000e-08  8.93989109e-02 
 4.82200000e-08  8.89185412e-02 
 4.82400000e-08  8.84234127e-02 
 4.82600000e-08  8.79136625e-02 
 4.82800000e-08  8.73894307e-02 
 4.83000000e-08  8.68508608e-02 
 4.83200000e-08  8.62980990e-02 
 4.83400000e-08  8.57312946e-02 
 4.83600000e-08  8.51505997e-02 
 4.83800000e-08  8.45561689e-02 
 4.84000000e-08  8.39481593e-02 
 4.84200000e-08  8.33267304e-02 
 4.84400000e-08  8.26920441e-02 
 4.84600000e-08  8.20442642e-02 
 4.84800000e-08  8.13835565e-02 
 4.85000000e-08  8.07100889e-02 
 4.85200000e-08  8.00240307e-02 
 4.85400000e-08  7.93255532e-02 
 4.85600000e-08  7.86148288e-02 
 4.85800000e-08  7.78920315e-02 
 4.86000000e-08  7.71573364e-02 
 4.86200000e-08  7.64109197e-02 
 4.86400000e-08  7.56529588e-02 
 4.86600000e-08  7.48836317e-02 
 4.86800000e-08  7.41031172e-02 
 4.87000000e-08  7.33115950e-02 
 4.87200000e-08  7.25092450e-02 
 4.87400000e-08  7.16962477e-02 
 4.87600000e-08  7.08727838e-02 
 4.87800000e-08  7.00390342e-02 
 4.88000000e-08  6.91951802e-02 
 4.88200000e-08  6.83414027e-02 
 4.88400000e-08  6.74778828e-02 
 4.88600000e-08  6.66048013e-02 
 4.88800000e-08  6.57223387e-02 
 4.89000000e-08  6.48306753e-02 
 4.89200000e-08  6.39299909e-02 
 4.89400000e-08  6.30204647e-02 
 4.89600000e-08  6.21022755e-02 
 4.89800000e-08  6.11756014e-02 
 4.90000000e-08  6.02406197e-02 
 4.90200000e-08  5.92975071e-02 
 4.90400000e-08  5.83464393e-02 
 4.90600000e-08  5.73875913e-02 
 4.90800000e-08  5.64211369e-02 
 4.91000000e-08  5.54472492e-02 
 4.91200000e-08  5.44661002e-02 
 4.91400000e-08  5.34778608e-02 
 4.91600000e-08  5.24827008e-02 
 4.91800000e-08  5.14807890e-02 
 4.92000000e-08  5.04722928e-02 
 4.92200000e-08  4.94573787e-02 
 4.92400000e-08  4.84362118e-02 
 4.92600000e-08  4.74089562e-02 
 4.92800000e-08  4.63757744e-02 
 4.93000000e-08  4.53368282e-02 
 4.93200000e-08  4.42922776e-02 
 4.93400000e-08  4.32422817e-02 
 4.93600000e-08  4.21869982e-02 
 4.93800000e-08  4.11265836e-02 
 4.94000000e-08  4.00611931e-02 
 4.94200000e-08  3.89909807e-02 
 4.94400000e-08  3.79160991e-02 
 4.94600000e-08  3.68366998e-02 
 4.94800000e-08  3.57529331e-02 
 4.95000000e-08  3.46649481e-02 
 4.95200000e-08  3.35728927e-02 
 4.95400000e-08  3.24769135e-02 
 4.95600000e-08  3.13771563e-02 
 4.95800000e-08  3.02737653e-02 
 4.96000000e-08  2.91668841e-02 
 4.96200000e-08  2.80566549e-02 
 4.96400000e-08  2.69432188e-02 
 4.96600000e-08  2.58267163e-02 
 4.96800000e-08  2.47072865e-02 
 4.97000000e-08  2.35850676e-02 
 4.97200000e-08  2.24601972e-02 
 4.97400000e-08  2.13328117e-02 
 4.97600000e-08  2.02030467e-02 
 4.97800000e-08  1.90710370e-02 
 4.98000000e-08  1.79369168e-02 
 4.98200000e-08  1.68008194e-02 
 4.98400000e-08  1.56628773e-02 
 4.98600000e-08  1.45232226e-02 
 4.98800000e-08  1.33819866e-02 
 4.99000000e-08  1.22393002e-02 
 4.99200000e-08  1.10952935e-02 
 4.99400000e-08  9.95009628e-03 
 4.99600000e-08  8.80383793e-03 
 4.99800000e-08  7.65664732e-03 
 5.00000000e-08  6.50865300e-03 
 5.00200000e-08  5.35998320e-03 
 5.00400000e-08  4.21076588e-03 
 5.00600000e-08  3.06112875e-03 
 5.00800000e-08  1.91119936e-03 
 5.01000000e-08  7.61105104e-04 
 5.01200000e-08 -3.89026719e-04 
 5.01400000e-08 -1.53906886e-03 
 5.01600000e-08 -2.68889410e-03 
 5.01800000e-08 -3.83837514e-03 
 5.02000000e-08 -4.98738466e-03 
 5.02200000e-08 -6.13579518e-03 
 5.02400000e-08 -7.28347907e-03 
 5.02600000e-08 -8.43030848e-03 
 5.02800000e-08 -9.57615533e-03 
 5.03000000e-08 -1.07208912e-02 
 5.03200000e-08 -1.18643875e-02 
 5.03400000e-08 -1.30065150e-02 
 5.03600000e-08 -1.41471442e-02 
 5.03800000e-08 -1.52861452e-02 
 5.04000000e-08 -1.64233875e-02 
 5.04200000e-08 -1.75587401e-02 
 5.04400000e-08 -1.86920715e-02 
 5.04600000e-08 -1.98232495e-02 
 5.04800000e-08 -2.09521412e-02 
 5.05000000e-08 -2.20786132e-02 
 5.05200000e-08 -2.32025313e-02 
 5.05400000e-08 -2.43237605e-02 
 5.05600000e-08 -2.54421650e-02 
 5.05800000e-08 -2.65576083e-02 
 5.06000000e-08 -2.76699530e-02 
 5.06200000e-08 -2.87790609e-02 
 5.06400000e-08 -2.98847927e-02 
 5.06600000e-08 -3.09870084e-02 
 5.06800000e-08 -3.20855669e-02 
 5.07000000e-08 -3.31803262e-02 
 5.07200000e-08 -3.42711434e-02 
 5.07400000e-08 -3.53578743e-02 
 5.07600000e-08 -3.64403739e-02 
 5.07800000e-08 -3.75184962e-02 
 5.08000000e-08 -3.85920938e-02 
 5.08200000e-08 -3.96610187e-02 
 5.08400000e-08 -4.07251215e-02 
 5.08600000e-08 -4.17842516e-02 
 5.08800000e-08 -4.28382577e-02 
 5.09000000e-08 -4.38869869e-02 
 5.09200000e-08 -4.49302856e-02 
 5.09400000e-08 -4.59679989e-02 
 5.09600000e-08 -4.69999708e-02 
 5.09800000e-08 -4.80260442e-02 
 5.10000000e-08 -4.90460609e-02 
 5.10200000e-08 -5.00598616e-02 
 5.10400000e-08 -5.10672861e-02 
 5.10600000e-08 -5.20681727e-02 
 5.10800000e-08 -5.30623592e-02 
 5.11000000e-08 -5.40496819e-02 
 5.11200000e-08 -5.50299765e-02 
 5.11400000e-08 -5.60030773e-02 
 5.11600000e-08 -5.69688181e-02 
 5.11800000e-08 -5.79270315e-02 
 5.12000000e-08 -5.88775493e-02 
 5.12200000e-08 -5.98202024e-02 
 5.12400000e-08 -6.07548210e-02 
 5.12600000e-08 -6.16812345e-02 
 5.12800000e-08 -6.25992715e-02 
 5.13000000e-08 -6.35087601e-02 
 5.13200000e-08 -6.44095277e-02 
 5.13400000e-08 -6.53014011e-02 
 5.13600000e-08 -6.61842068e-02 
 5.13800000e-08 -6.70577706e-02 
 5.14000000e-08 -6.79219183e-02 
 5.14200000e-08 -6.87764750e-02 
 5.14400000e-08 -6.96212659e-02 
 5.14600000e-08 -7.04561159e-02 
 5.14800000e-08 -7.12808498e-02 
 5.15000000e-08 -7.20952926e-02 
 5.15200000e-08 -7.28992692e-02 
 5.15400000e-08 -7.36926048e-02 
 5.15600000e-08 -7.44751249e-02 
 5.15800000e-08 -7.52466551e-02 
 5.16000000e-08 -7.60070219e-02 
 5.16200000e-08 -7.67560521e-02 
 5.16400000e-08 -7.74935730e-02 
 5.16600000e-08 -7.82194131e-02 
 5.16800000e-08 -7.89334013e-02 
 5.17000000e-08 -7.96353677e-02 
 5.17200000e-08 -8.03251436e-02 
 5.17400000e-08 -8.10025611e-02 
 5.17600000e-08 -8.16674541e-02 
 5.17800000e-08 -8.23196574e-02 
 5.18000000e-08 -8.29590078e-02 
 5.18200000e-08 -8.35853432e-02 
 5.18400000e-08 -8.41985039e-02 
 5.18600000e-08 -8.47983314e-02 
 5.18800000e-08 -8.53846697e-02 
 5.19000000e-08 -8.59573647e-02 
 5.19200000e-08 -8.65162645e-02 
 5.19400000e-08 -8.70612195e-02 
 5.19600000e-08 -8.75920828e-02 
 5.19800000e-08 -8.81087097e-02 
 5.20000000e-08 -8.86109586e-02 
 5.20200000e-08 -8.90986904e-02 
 5.20400000e-08 -8.95717691e-02 
 5.20600000e-08 -9.00300617e-02 
 5.20800000e-08 -9.04734382e-02 
 5.21000000e-08 -9.09017721e-02 
 5.21200000e-08 -9.13149402e-02 
 5.21400000e-08 -9.17128227e-02 
 5.21600000e-08 -9.20953034e-02 
 5.21800000e-08 -9.24622700e-02 
 5.22000000e-08 -9.28136138e-02 
 5.22200000e-08 -9.31492300e-02 
 5.22400000e-08 -9.34690178e-02 
 5.22600000e-08 -9.37728807e-02 
 5.22800000e-08 -9.40607262e-02 
 5.23000000e-08 -9.43324660e-02 
 5.23200000e-08 -9.45880164e-02 
 5.23400000e-08 -9.48272979e-02 
 5.23600000e-08 -9.50502356e-02 
 5.23800000e-08 -9.52567593e-02 
 5.24000000e-08 -9.54468034e-02 
 5.24200000e-08 -9.56203069e-02 
 5.24400000e-08 -9.57772138e-02 
 5.24600000e-08 -9.59174729e-02 
 5.24800000e-08 -9.60410378e-02 
 5.25000000e-08 -9.61478672e-02 
 5.25200000e-08 -9.62379247e-02 
 5.25400000e-08 -9.63111790e-02 
 5.25600000e-08 -9.63676039e-02 
 5.25800000e-08 -9.64071782e-02 
 5.26000000e-08 -9.64298861e-02 
 5.26200000e-08 -9.64357166e-02 
 5.26400000e-08 -9.64246643e-02 
 5.26600000e-08 -9.63967286e-02 
 5.26800000e-08 -9.63519143e-02 
 5.27000000e-08 -9.62902314e-02 
 5.27200000e-08 -9.62116951e-02 
 5.27400000e-08 -9.61163257e-02 
 5.27600000e-08 -9.60041489e-02 
 5.27800000e-08 -9.58751953e-02 
 5.28000000e-08 -9.57295008e-02 
 5.28200000e-08 -9.55671063e-02 
 5.28400000e-08 -9.53880580e-02 
 5.28600000e-08 -9.51924068e-02 
 5.28800000e-08 -9.49802090e-02 
 5.29000000e-08 -9.47515254e-02 
 5.29200000e-08 -9.45064221e-02 
 5.29400000e-08 -9.42449699e-02 
 5.29600000e-08 -9.39672442e-02 
 5.29800000e-08 -9.36733254e-02 
 5.30000000e-08 -9.33632984e-02 
 5.30200000e-08 -9.30372526e-02 
 5.30400000e-08 -9.26952821e-02 
 5.30600000e-08 -9.23374851e-02 
 5.30800000e-08 -9.19639644e-02 
 5.31000000e-08 -9.15748268e-02 
 5.31200000e-08 -9.11701834e-02 
 5.31400000e-08 -9.07501492e-02 
 5.31600000e-08 -9.03148433e-02 
 5.31800000e-08 -8.98643883e-02 
 5.32000000e-08 -8.93989109e-02 
 5.32200000e-08 -8.89185412e-02 
 5.32400000e-08 -8.84234127e-02 
 5.32600000e-08 -8.79136625e-02 
 5.32800000e-08 -8.73894307e-02 
 5.33000000e-08 -8.68508608e-02 
 5.33200000e-08 -8.62980990e-02 
 5.33400000e-08 -8.57312946e-02 
 5.33600000e-08 -8.51505997e-02 
 5.33800000e-08 -8.45561689e-02 
 5.34000000e-08 -8.39481593e-02 
 5.34200000e-08 -8.33267304e-02 
 5.34400000e-08 -8.26920441e-02 
 5.34600000e-08 -8.20442642e-02 
 5.34800000e-08 -8.13835565e-02 
 5.35000000e-08 -8.07100889e-02 
 5.35200000e-08 -8.00240307e-02 
 5.35400000e-08 -7.93255532e-02 
 5.35600000e-08 -7.86148288e-02 
 5.35800000e-08 -7.78920315e-02 
 5.36000000e-08 -7.71573364e-02 
 5.36200000e-08 -7.64109197e-02 
 5.36400000e-08 -7.56529588e-02 
 5.36600000e-08 -7.48836317e-02 
 5.36800000e-08 -7.41031172e-02 
 5.37000000e-08 -7.33115950e-02 
 5.37200000e-08 -7.25092450e-02 
 5.37400000e-08 -7.16962477e-02 
 5.37600000e-08 -7.08727838e-02 
 5.37800000e-08 -7.00390342e-02 
 5.38000000e-08 -6.91951802e-02 
 5.38200000e-08 -6.83414027e-02 
 5.38400000e-08 -6.74778828e-02 
 5.38600000e-08 -6.66048013e-02 
 5.38800000e-08 -6.57223387e-02 
 5.39000000e-08 -6.48306753e-02 
 5.39200000e-08 -6.39299909e-02 
 5.39400000e-08 -6.30204647e-02 
 5.39600000e-08 -6.21022755e-02 
 5.39800000e-08 -6.11756014e-02 
 5.40000000e-08 -6.02406197e-02 
 5.40200000e-08 -5.92975071e-02 
 5.40400000e-08 -5.83464393e-02 
 5.40600000e-08 -5.73875913e-02 
 5.40800000e-08 -5.64211369e-02 
 5.41000000e-08 -5.54472492e-02 
 5.41200000e-08 -5.44661002e-02 
 5.41400000e-08 -5.34778608e-02 
 5.41600000e-08 -5.24827008e-02 
 5.41800000e-08 -5.14807890e-02 
 5.42000000e-08 -5.04722928e-02 
 5.42200000e-08 -4.94573787e-02 
 5.42400000e-08 -4.84362118e-02 
 5.42600000e-08 -4.74089562e-02 
 5.42800000e-08 -4.63757744e-02 
 5.43000000e-08 -4.53368282e-02 
 5.43200000e-08 -4.42922776e-02 
 5.43400000e-08 -4.32422817e-02 
 5.43600000e-08 -4.21869982e-02 
 5.43800000e-08 -4.11265836e-02 
 5.44000000e-08 -4.00611931e-02 
 5.44200000e-08 -3.89909807e-02 
 5.44400000e-08 -3.79160991e-02 
 5.44600000e-08 -3.68366998e-02 
 5.44800000e-08 -3.57529331e-02 
 5.45000000e-08 -3.46649481e-02 
 5.45200000e-08 -3.35728927e-02 
 5.45400000e-08 -3.24769135e-02 
 5.45600000e-08 -3.13771563e-02 
 5.45800000e-08 -3.02737653e-02 
 5.46000000e-08 -2.91668841e-02 
 5.46200000e-08 -2.80566549e-02 
 5.46400000e-08 -2.69432188e-02 
 5.46600000e-08 -2.58267163e-02 
 5.46800000e-08 -2.47072865e-02 
 5.47000000e-08 -2.35850676e-02 
 5.47200000e-08 -2.24601972e-02 
 5.47400000e-08 -2.13328117e-02 
 5.47600000e-08 -2.02030467e-02 
 5.47800000e-08 -1.90710370e-02 
 5.48000000e-08 -1.79369168e-02 
 5.48200000e-08 -1.68008194e-02 
 5.48400000e-08 -1.56628773e-02 
 5.48600000e-08 -1.45232226e-02 
 5.48800000e-08 -1.33819866e-02 
 5.49000000e-08 -1.22393002e-02 
 5.49200000e-08 -1.10952935e-02 
 5.49400000e-08 -9.95009628e-03 
 5.49600000e-08 -8.80383793e-03 
 5.49800000e-08 -7.65664732e-03 
 5.50000000e-08 -6.50865300e-03 
 5.50200000e-08 -5.35998320e-03 
 5.50400000e-08 -4.21076588e-03 
 5.50600000e-08 -3.06112875e-03 
 5.50800000e-08 -1.91119936e-03 
 5.51000000e-08 -7.61105104e-04 
 5.51200000e-08  3.89026719e-04 
 5.51400000e-08  1.53906886e-03 
 5.51600000e-08  2.68889410e-03 
 5.51800000e-08  3.83837514e-03 
 5.52000000e-08  4.98738466e-03 
 5.52200000e-08  6.13579518e-03 
 5.52400000e-08  7.28347907e-03 
 5.52600000e-08  8.43030848e-03 
 5.52800000e-08  9.57615533e-03 
 5.53000000e-08  1.07208912e-02 
 5.53200000e-08  1.18643875e-02 
 5.53400000e-08  1.30065150e-02 
 5.53600000e-08  1.41471442e-02 
 5.53800000e-08  1.52861452e-02 
 5.54000000e-08  1.64233875e-02 
 5.54200000e-08  1.75587401e-02 
 5.54400000e-08  1.86920715e-02 
 5.54600000e-08  1.98232495e-02 
 5.54800000e-08  2.09521412e-02 
 5.55000000e-08  2.20786132e-02 
 5.55200000e-08  2.32025313e-02 
 5.55400000e-08  2.43237605e-02 
 5.55600000e-08  2.54421650e-02 
 5.55800000e-08  2.65576083e-02 
 5.56000000e-08  2.76699530e-02 
 5.56200000e-08  2.87790609e-02 
 5.56400000e-08  2.98847927e-02 
 5.56600000e-08  3.09870084e-02 
 5.56800000e-08  3.20855669e-02 
 5.57000000e-08  3.31803262e-02 
 5.57200000e-08  3.42711434e-02 
 5.57400000e-08  3.53578743e-02 
 5.57600000e-08  3.64403739e-02 
 5.57800000e-08  3.75184962e-02 
 5.58000000e-08  3.85920938e-02 
 5.58200000e-08  3.96610187e-02 
 5.58400000e-08  4.07251215e-02 
 5.58600000e-08  4.17842516e-02 
 5.58800000e-08  4.28382577e-02 
 5.59000000e-08  4.38869869e-02 
 5.59200000e-08  4.49302856e-02 
 5.59400000e-08  4.59679989e-02 
 5.59600000e-08  4.69999708e-02 
 5.59800000e-08  4.80260442e-02 
 5.60000000e-08  4.90460609e-02 
 5.60200000e-08  5.00598616e-02 
 5.60400000e-08  5.10672861e-02 
 5.60600000e-08  5.20681727e-02 
 5.60800000e-08  5.30623592e-02 
 5.61000000e-08  5.40496819e-02 
 5.61200000e-08  5.50299765e-02 
 5.61400000e-08  5.60030773e-02 
 5.61600000e-08  5.69688181e-02 
 5.61800000e-08  5.79270315e-02 
 5.62000000e-08  5.88775493e-02 
 5.62200000e-08  5.98202024e-02 
 5.62400000e-08  6.07548210e-02 
 5.62600000e-08  6.16812345e-02 
 5.62800000e-08  6.25992715e-02 
 5.63000000e-08  6.35087601e-02 
 5.63200000e-08  6.44095277e-02 
 5.63400000e-08  6.53014011e-02 
 5.63600000e-08  6.61842068e-02 
 5.63800000e-08  6.70577706e-02 
 5.64000000e-08  6.79219183e-02 
 5.64200000e-08  6.87764750e-02 
 5.64400000e-08  6.96212659e-02 
 5.64600000e-08  7.04561159e-02 
 5.64800000e-08  7.12808498e-02 
 5.65000000e-08  7.20952926e-02 
 5.65200000e-08  7.28992692e-02 
 5.65400000e-08  7.36926048e-02 
 5.65600000e-08  7.44751249e-02 
 5.65800000e-08  7.52466551e-02 
 5.66000000e-08  7.60070219e-02 
 5.66200000e-08  7.67560521e-02 
 5.66400000e-08  7.74935730e-02 
 5.66600000e-08  7.82194131e-02 
 5.66800000e-08  7.89334013e-02 
 5.67000000e-08  7.96353677e-02 
 5.67200000e-08  8.03251436e-02 
 5.67400000e-08  8.10025611e-02 
 5.67600000e-08  8.16674541e-02 
 5.67800000e-08  8.23196574e-02 
 5.68000000e-08  8.29590078e-02 
 5.68200000e-08  8.35853432e-02 
 5.68400000e-08  8.41985039e-02 
 5.68600000e-08  8.47983314e-02 
 5.68800000e-08  8.53846697e-02 
 5.69000000e-08  8.59573647e-02 
 5.69200000e-08  8.65162645e-02 
 5.69400000e-08  8.70612195e-02 
 5.69600000e-08  8.75920828e-02 
 5.69800000e-08  8.81087097e-02 
 5.70000000e-08  8.86109586e-02 
 5.70200000e-08  8.90986904e-02 
 5.70400000e-08  8.95717691e-02 
 5.70600000e-08  9.00300617e-02 
 5.70800000e-08  9.04734382e-02 
 5.71000000e-08  9.09017721e-02 
 5.71200000e-08  9.13149402e-02 
 5.71400000e-08  9.17128227e-02 
 5.71600000e-08  9.20953034e-02 
 5.71800000e-08  9.24622700e-02 
 5.72000000e-08  9.28136138e-02 
 5.72200000e-08  9.31492300e-02 
 5.72400000e-08  9.34690178e-02 
 5.72600000e-08  9.37728807e-02 
 5.72800000e-08  9.40607262e-02 
 5.73000000e-08  9.43324660e-02 
 5.73200000e-08  9.45880164e-02 
 5.73400000e-08  9.48272979e-02 
 5.73600000e-08  9.50502356e-02 
 5.73800000e-08  9.52567593e-02 
 5.74000000e-08  9.54468034e-02 
 5.74200000e-08  9.56203069e-02 
 5.74400000e-08  9.57772138e-02 
 5.74600000e-08  9.59174729e-02 
 5.74800000e-08  9.60410378e-02 
 5.75000000e-08  9.61478672e-02 
 5.75200000e-08  9.62379247e-02 
 5.75400000e-08  9.63111790e-02 
 5.75600000e-08  9.63676039e-02 
 5.75800000e-08  9.64071782e-02 
 5.76000000e-08  9.64298861e-02 
 5.76200000e-08  9.64357166e-02 
 5.76400000e-08  9.64246643e-02 
 5.76600000e-08  9.63967286e-02 
 5.76800000e-08  9.63519143e-02 
 5.77000000e-08  9.62902314e-02 
 5.77200000e-08  9.62116951e-02 
 5.77400000e-08  9.61163257e-02 
 5.77600000e-08  9.60041489e-02 
 5.77800000e-08  9.58751953e-02 
 5.78000000e-08  9.57295008e-02 
 5.78200000e-08  9.55671063e-02 
 5.78400000e-08  9.53880580e-02 
 5.78600000e-08  9.51924068e-02 
 5.78800000e-08  9.49802090e-02 
 5.79000000e-08  9.47515254e-02 
 5.79200000e-08  9.45064221e-02 
 5.79400000e-08  9.42449699e-02 
 5.79600000e-08  9.39672442e-02 
 5.79800000e-08  9.36733254e-02 
 5.80000000e-08  9.33632984e-02 
 5.80200000e-08  9.30372526e-02 
 5.80400000e-08  9.26952821e-02 
 5.80600000e-08  9.23374851e-02 
 5.80800000e-08  9.19639644e-02 
 5.81000000e-08  9.15748268e-02 
 5.81200000e-08  9.11701834e-02 
 5.81400000e-08  9.07501492e-02 
 5.81600000e-08  9.03148433e-02 
 5.81800000e-08  8.98643883e-02 
 5.82000000e-08  8.93989109e-02 
 5.82200000e-08  8.89185412e-02 
 5.82400000e-08  8.84234127e-02 
 5.82600000e-08  8.79136625e-02 
 5.82800000e-08  8.73894307e-02 
 5.83000000e-08  8.68508608e-02 
 5.83200000e-08  8.62980990e-02 
 5.83400000e-08  8.57312946e-02 
 5.83600000e-08  8.51505997e-02 
 5.83800000e-08  8.45561689e-02 
 5.84000000e-08  8.39481593e-02 
 5.84200000e-08  8.33267304e-02 
 5.84400000e-08  8.26920441e-02 
 5.84600000e-08  8.20442642e-02 
 5.84800000e-08  8.13835565e-02 
 5.85000000e-08  8.07100889e-02 
 5.85200000e-08  8.00240307e-02 
 5.85400000e-08  7.93255532e-02 
 5.85600000e-08  7.86148288e-02 
 5.85800000e-08  7.78920315e-02 
 5.86000000e-08  7.71573364e-02 
 5.86200000e-08  7.64109197e-02 
 5.86400000e-08  7.56529588e-02 
 5.86600000e-08  7.48836317e-02 
 5.86800000e-08  7.41031172e-02 
 5.87000000e-08  7.33115950e-02 
 5.87200000e-08  7.25092450e-02 
 5.87400000e-08  7.16962477e-02 
 5.87600000e-08  7.08727838e-02 
 5.87800000e-08  7.00390342e-02 
 5.88000000e-08  6.91951802e-02 
 5.88200000e-08  6.83414027e-02 
 5.88400000e-08  6.74778828e-02 
 5.88600000e-08  6.66048013e-02 
 5.88800000e-08  6.57223387e-02 
 5.89000000e-08  6.48306753e-02 
 5.89200000e-08  6.39299909e-02 
 5.89400000e-08  6.30204647e-02 
 5.89600000e-08  6.21022755e-02 
 5.89800000e-08  6.11756014e-02 
 5.90000000e-08  6.02406197e-02 
 5.90200000e-08  5.92975071e-02 
 5.90400000e-08  5.83464393e-02 
 5.90600000e-08  5.73875913e-02 
 5.90800000e-08  5.64211369e-02 
 5.91000000e-08  5.54472492e-02 
 5.91200000e-08  5.44661002e-02 
 5.91400000e-08  5.34778608e-02 
 5.91600000e-08  5.24827008e-02 
 5.91800000e-08  5.14807890e-02 
 5.92000000e-08  5.04722928e-02 
 5.92200000e-08  4.94573787e-02 
 5.92400000e-08  4.84362118e-02 
 5.92600000e-08  4.74089562e-02 
 5.92800000e-08  4.63757744e-02 
 5.93000000e-08  4.53368282e-02 
 5.93200000e-08  4.42922776e-02 
 5.93400000e-08  4.32422817e-02 
 5.93600000e-08  4.21869982e-02 
 5.93800000e-08  4.11265836e-02 
 5.94000000e-08  4.00611931e-02 
 5.94200000e-08  3.89909807e-02 
 5.94400000e-08  3.79160991e-02 
 5.94600000e-08  3.68366998e-02 
 5.94800000e-08  3.57529331e-02 
 5.95000000e-08  3.46649481e-02 
 5.95200000e-08  3.35728927e-02 
 5.95400000e-08  3.24769135e-02 
 5.95600000e-08  3.13771563e-02 
 5.95800000e-08  3.02737653e-02 
 5.96000000e-08  2.91668841e-02 
 5.96200000e-08  2.80566549e-02 
 5.96400000e-08  2.69432188e-02 
 5.96600000e-08  2.58267163e-02 
 5.96800000e-08  2.47072865e-02 
 5.97000000e-08  2.35850676e-02 
 5.97200000e-08  2.24601972e-02 
 5.97400000e-08  2.13328117e-02 
 5.97600000e-08  2.02030467e-02 
 5.97800000e-08  1.90710370e-02 
 5.98000000e-08  1.79369168e-02 
 5.98200000e-08  1.68008194e-02 
 5.98400000e-08  1.56628773e-02 
 5.98600000e-08  1.45232226e-02 
 5.98800000e-08  1.33819866e-02 
 5.99000000e-08  1.22393002e-02 
 5.99200000e-08  1.10952935e-02 
 5.99400000e-08  9.95009628e-03 
 5.99600000e-08  8.80383793e-03 
 5.99800000e-08  7.65664732e-03 
 6.00000000e-08  6.50871630e-03 
