 1.00000000e+06 -6.50587861e-01  3.00235731e-04 
 1.05932636e+06 -6.50587839e-01  3.18047595e-04 
 1.12217233e+06 -6.50587816e-01  3.36916167e-04 
 1.18874673e+06 -6.50587789e-01  3.56904137e-04 
 1.25927075e+06 -6.50587759e-01  3.78077912e-04 
 1.33397869e+06 -6.50587725e-01  4.00507842e-04 
 1.41311879e+06 -6.50587687e-01  4.24268446e-04 
 1.49695398e+06 -6.50587644e-01  4.49438669e-04 
 1.58576281e+06 -6.50587597e-01  4.76102134e-04 
 1.67984034e+06 -6.50587543e-01  5.04347427e-04 
 1.77949915e+06 -6.50587483e-01  5.34268390e-04 
 1.88507036e+06 -6.50587416e-01  5.65964429e-04 
 1.99690471e+06 -6.50587340e-01  5.99540849e-04 
 2.11537380e+06 -6.50587255e-01  6.35109201e-04 
 2.24087122e+06 -6.50587160e-01  6.72787650e-04 
 2.37381395e+06 -6.50587053e-01  7.12701375e-04 
 2.51464369e+06 -6.50586933e-01  7.54982975e-04 
 2.66382834e+06 -6.50586798e-01  7.99772919e-04 
 2.82186357e+06 -6.50586647e-01  8.47220001e-04 
 2.98927446e+06 -6.50586477e-01  8.97481846e-04 
 3.16661723e+06 -6.50586287e-01  9.50725424e-04 
 3.35448110e+06 -6.50586073e-01  1.00712761e-03 
 3.55349024e+06 -6.50585834e-01  1.06687576e-03 
 3.76430588e+06 -6.50585565e-01  1.13016835e-03 
 3.98762844e+06 -6.50585263e-01  1.19721562e-03 
 4.22419991e+06 -6.50584924e-01  1.26824028e-03 
 4.47480631e+06 -6.50584544e-01  1.34347824e-03 
 4.74028027e+06 -6.50584117e-01  1.42317939e-03 
 5.02150383e+06 -6.50583639e-01  1.50760844e-03 
 5.31941137e+06 -6.50583102e-01  1.59704580e-03 
 5.63499267e+06 -6.50582499e-01  1.69178848e-03 
 5.96929627e+06 -6.50581823e-01  1.79215109e-03 
 6.32343288e+06 -6.50581064e-01  1.89846691e-03 
 6.69857912e+06 -6.50580212e-01  2.01108892e-03 
 7.09598142e+06 -6.50579257e-01  2.13039105e-03 
 7.51696016e+06 -6.50578184e-01  2.25676935e-03 
 7.96291403e+06 -6.50576981e-01  2.39064331e-03 
 8.43532472e+06 -6.50575630e-01  2.53245727e-03 
 8.93576181e+06 -6.50574115e-01  2.68268185e-03 
 9.46588802e+06 -6.50572415e-01  2.84181553e-03 
 1.00274647e+07 -6.50570507e-01  3.01038625e-03 
 1.06223576e+07 -6.50568366e-01  3.18895315e-03 
 1.12525434e+07 -6.50565963e-01  3.37810843e-03 
 1.19201159e+07 -6.50563267e-01  3.57847924e-03 
 1.26272929e+07 -6.50560242e-01  3.79072976e-03 
 1.33764242e+07 -6.50556848e-01  4.01556336e-03 
 1.41699988e+07 -6.50553039e-01  4.25372483e-03 
 1.50106532e+07 -6.50548765e-01  4.50600287e-03 
 1.59011806e+07 -6.50543970e-01  4.77323256e-03 
 1.68445397e+07 -6.50538589e-01  5.05629809e-03 
 1.78438649e+07 -6.50532551e-01  5.35613556e-03 
 1.89024764e+07 -6.50525777e-01  5.67373598e-03 
 2.00238915e+07 -6.50518176e-01  6.01014839e-03 
 2.12118361e+07 -6.50509649e-01  6.36648316e-03 
 2.24702570e+07 -6.50500081e-01  6.74391548e-03 
 2.38033356e+07 -6.50489346e-01  7.14368900e-03 
 2.52155008e+07 -6.50477303e-01  7.56711964e-03 
 2.67114446e+07 -6.50463793e-01  8.01559959e-03 
 2.82961373e+07 -6.50448636e-01  8.49060153e-03 
 2.99748441e+07 -6.50431633e-01  8.99368301e-03 
 3.17531424e+07 -6.50412560e-01  9.52649096e-03 
 3.36369407e+07 -6.50391166e-01  1.00907665e-02 
 3.56324979e+07 -6.50367169e-01  1.06883499e-02 
 3.77464443e+07 -6.50340256e-01  1.13211855e-02 
 3.99858033e+07 -6.50310072e-01  1.19913272e-02 
 4.23580154e+07 -6.50276223e-01  1.27009437e-02 
 4.48709622e+07 -6.50238268e-01  1.34523241e-02 
 4.75329930e+07 -6.50195711e-01  1.42478836e-02 
 5.03529523e+07 -6.50148000e-01  1.50901688e-02 
 5.33402096e+07 -6.50094517e-01  1.59818639e-02 
 5.65046900e+07 -6.50034572e-01  1.69257962e-02 
 5.98569075e+07 -6.49967392e-01  1.79249411e-02 
 6.34079998e+07 -6.49892118e-01  1.89824285e-02 
 6.71697655e+07 -6.49807788e-01  2.01015469e-02 
 7.11547031e+07 -6.49713333e-01  2.12857487e-02 
 7.53760525e+07 -6.49607561e-01  2.25386538e-02 
 7.98478392e+07 -6.49489146e-01  2.38640538e-02 
 8.45849207e+07 -6.49356615e-01  2.52659139e-02 
 8.96030360e+07 -6.49208329e-01  2.67483751e-02 
 9.49188578e+07 -6.49042477e-01  2.83157537e-02 
 1.00550048e+08 -6.48857049e-01  2.99725409e-02 
 1.06515316e+08 -6.48649826e-01  3.17233988e-02 
 1.12834482e+08 -6.48418358e-01  3.35731559e-02 
 1.19528541e+08 -6.48159951e-01  3.55267991e-02 
 1.26619734e+08 -6.47871641e-01  3.75894634e-02 
 1.34131621e+08 -6.47550186e-01  3.97664183e-02 
 1.42089162e+08 -6.47192042e-01  4.20630511e-02 
 1.50518795e+08 -6.46793350e-01  4.44848466e-02 
 1.59448526e+08 -6.46349924e-01  4.70373629e-02 
 1.68908027e+08 -6.45857242e-01  4.97262037e-02 
 1.78928725e+08 -6.45310441e-01  5.25569869e-02 
 1.89543915e+08 -6.44704318e-01  5.55353106e-02 
 2.00788865e+08 -6.44033338e-01  5.86667157e-02 
 2.12700937e+08 -6.43291650e-01  6.19566487e-02 
 2.25319709e+08 -6.42473115e-01  6.54104237e-02 
 2.38687107e+08 -6.41571342e-01  6.90331871e-02 
 2.52847543e+08 -6.40579738e-01  7.28298886e-02 
 2.67848067e+08 -6.39491570e-01  7.68052590e-02 
 2.83738518e+08 -6.38300036e-01  8.09638020e-02 
 3.00571690e+08 -6.36998351e-01  8.53098015e-02 
 3.18403514e+08 -6.35579840e-01  8.98473508e-02 
 3.37293235e+08 -6.34038029e-01  9.45804072e-02 
 3.57303614e+08 -6.32366746e-01  9.95128766e-02 
 3.78501137e+08 -6.30560203e-01  1.04648731e-01 
 4.00956231e+08 -6.28613063e-01  1.09992159e-01 
 4.24743504e+08 -6.26520482e-01  1.15547751e-01 
 4.49941989e+08 -6.24278111e-01  1.21320717e-01 
 4.76635408e+08 -6.21882046e-01  1.27317119e-01 
 5.04912451e+08 -6.19328721e-01  1.33544129e-01 
 5.34867068e+08 -6.16614740e-01  1.40010277e-01 
 5.66598783e+08 -6.13736628e-01  1.46725690e-01 
 6.00213026e+08 -6.10690519e-01  1.53702294e-01 
 6.35821479e+08 -6.07471776e-01  1.60953973e-01 
 6.73542451e+08 -6.04074552e-01  1.68496648e-01 
 7.13501272e+08 -6.00491307e-01  1.76348292e-01 
 7.55830704e+08 -5.96712298e-01  1.84528840e-01 
 8.00671387e+08 -5.92725060e-01  1.93060010e-01 
 8.48172305e+08 -5.88513894e-01  2.01965020e-01 
 8.98491278e+08 -5.84059380e-01  2.11268214e-01 
 9.51795494e+08 -5.79337934e-01  2.20994596e-01 
 1.00826205e+09 -5.74321415e-01  2.31169282e-01 
 1.06807857e+09 -5.68976798e-01  2.41816882e-01 
 1.13144378e+09 -5.63265908e-01  2.52960814e-01 
 1.19856822e+09 -5.57145236e-01  2.64622565e-01 
 1.26967491e+09 -5.50565816e-01  2.76820894e-01 
 1.34500010e+09 -5.43473202e-01  2.89570987e-01 
 1.42479405e+09 -5.35807508e-01  3.02883554e-01 
 1.50932190e+09 -5.27503568e-01  3.16763885e-01 
 1.59886447e+09 -5.18491185e-01  3.31210842e-01 
 1.69371927e+09 -5.08695526e-01  3.46215805e-01 
 1.79420147e+09 -4.98037655e-01  3.61761573e-01 
 1.90064491e+09 -4.86435254e-01  3.77821230e-01 
 2.01340325e+09 -4.73803550e-01  3.94356998e-01 
 2.13285113e+09 -4.60056481e-01  4.11319108e-01 
 2.25938542e+09 -4.45108130e-01  4.28644727e-01 
 2.39342653e+09 -4.28874455e-01  4.46256997e-01 
 2.53541981e+09 -4.11275328e-01  4.64064260e-01 
 2.68583703e+09 -3.92236876e-01  4.81959540e-01 
 2.84517796e+09 -3.71694122e-01  4.99820381e-01 
 3.01397201e+09 -3.49593871e-01  5.17509131e-01 
 3.19277999e+09 -3.25897769e-01  5.34873775e-01 
 3.38219600e+09 -3.00585435e-01  5.51749409e-01 
 3.58284937e+09 -2.73657535e-01  5.67960413e-01 
 3.79540678e+09 -2.45138610e-01  5.83323374e-01 
 4.02057444e+09 -2.15079485e-01  5.97650749e-01 
 4.25910048e+09 -1.83559042e-01  6.10755219e-01 
 4.51177740e+09 -1.50685165e-01  6.22454598e-01 
 4.77944472e+09 -1.16594673e-01  6.32577142e-01 
 5.06299177e+09 -8.14521007e-02  6.40966991e-01 
 5.36336063e+09 -4.54472854e-02  6.47489477e-01 
 5.68154929e+09 -8.79174533e-03  6.52035977e-01 
 6.01861492e+09  2.82860225e-02  6.54528004e-01 
 6.37567742e+09  6.55461356e-02  6.54920260e-01 
 6.75392314e+09  1.02743534e-01  6.53202435e-01 
 7.15460881e+09  1.39634466e-01  6.49399617e-01 
 7.57906569e+09  1.75982901e-01  6.43571293e-01 
 8.02870406e+09  2.11566503e-01  6.35809005e-01 
 8.50501783e+09  2.46181876e-01  6.26232837e-01 
 9.00958956e+09  2.79648806e-01  6.14986983e-01 
 9.54409570e+09  3.11813375e-01  6.02234678e-01 
 1.01103121e+10  3.42549855e-01  5.88152827e-01 
 1.07101201e+10  3.71761409e-01  5.72926608e-01 
 1.13455126e+10  3.99379713e-01  5.56744350e-01 
 1.20186005e+10  4.25363628e-01  5.39792873e-01 
 1.27316203e+10  4.49697138e-01  5.22253458e-01 
 1.34869410e+10  4.72386747e-01  5.04298548e-01 
 1.42870721e+10  4.93458535e-01  4.86089184e-01 
 1.51346720e+10  5.12955066e-01  4.67773194e-01 
 1.60325570e+10  5.30932305e-01  4.49484051e-01 
 1.69837102e+10  5.47456651e-01  4.31340340e-01 
 1.79912919e+10  5.62602204e-01  4.13445723e-01 
 1.90586497e+10  5.76448307e-01  3.95889321e-01 
 2.01893300e+10  5.89077401e-01  3.78746397e-01 
 2.13870894e+10  6.00573203e-01  3.62079264e-01 
 2.26559075e+10  6.11019202e-01  3.45938338e-01 
 2.40000000e+10  6.20497456e-01  3.30363263e-01 
