 0.00000000e+00  0.00000000e+00 
 2.00000000e-11  8.06864806e-07 
 4.00000000e-11 -5.93385517e-05 
 6.00000000e-11 -1.19785884e-04 
 8.00000000e-11 -1.80402309e-04 
 1.00000000e-10 -2.41144427e-04 
 1.20000000e-10 -3.01993336e-04 
 1.40000000e-10 -3.62926888e-04 
 1.60000000e-10 -4.23920788e-04 
 1.80000000e-10 -4.84959034e-04 
 2.00000000e-10 -5.46017887e-04 
 2.20000000e-10 -6.07084020e-04 
 2.40000000e-10 -6.68135304e-04 
 2.60000000e-10 -7.29160025e-04 
 2.80000000e-10 -7.90137674e-04 
 3.00000000e-10 -8.51057700e-04 
 3.20000000e-10 -9.11901014e-04 
 3.40000000e-10 -9.72657961e-04 
 3.60000000e-10 -1.03331067e-03 
 3.80000000e-10 -1.09385017e-03 
 4.00000000e-10 -1.15425964e-03 
 4.20000000e-10 -1.21453066e-03 
 4.40000000e-10 -1.27464727e-03 
 4.60000000e-10 -1.33460148e-03 
 4.80000000e-10 -1.39437809e-03 
 5.00000000e-10 -1.45396946e-03 
 5.20000000e-10 -1.51336100e-03 
 5.40000000e-10 -1.57254534e-03 
 5.60000000e-10 -1.63150848e-03 
 5.80000000e-10 -1.69024322e-03 
 6.00000000e-10 -1.74873604e-03 
 6.20000000e-10 -1.80697992e-03 
 6.40000000e-10 -1.86496176e-03 
 6.60000000e-10 -1.92267465e-03 
 6.80000000e-10 -1.98010589e-03 
 7.00000000e-10 -2.03724864e-03 
 7.20000000e-10 -2.09409055e-03 
 7.40000000e-10 -2.15062485e-03 
 7.60000000e-10 -2.20683950e-03 
 7.80000000e-10 -2.26272779e-03 
 8.00000000e-10 -2.31827797e-03 
 8.20000000e-10 -2.37348335e-03 
 8.40000000e-10 -2.42833246e-03 
 8.60000000e-10 -2.48281865e-03 
 8.80000000e-10 -2.53693070e-03 
 9.00000000e-10 -2.59066198e-03 
 9.20000000e-10 -2.64400152e-03 
 9.40000000e-10 -2.69694271e-03 
 9.60000000e-10 -2.74947481e-03 
 9.80000000e-10 -2.80159125e-03 
 1.00000000e-09 -2.85328149e-03 
 1.02000000e-09 -2.90453900e-03 
 1.04000000e-09 -2.95535347e-03 
 1.06000000e-09 -3.00571840e-03 
 1.08000000e-09 -3.05562367e-03 
 1.10000000e-09 -3.10506284e-03 
 1.12000000e-09 -3.15402600e-03 
 1.14000000e-09 -3.20250675e-03 
 1.16000000e-09 -3.25049539e-03 
 1.18000000e-09 -3.29798557e-03 
 1.20000000e-09 -3.34496780e-03 
 1.22000000e-09 -3.39143580e-03 
 1.24000000e-09 -3.43738027e-03 
 1.26000000e-09 -3.48279501e-03 
 1.28000000e-09 -3.52767094e-03 
 1.30000000e-09 -3.57200191e-03 
 1.32000000e-09 -3.61577907e-03 
 1.34000000e-09 -3.65899635e-03 
 1.36000000e-09 -3.70164513e-03 
 1.38000000e-09 -3.74371942e-03 
 1.40000000e-09 -3.78521080e-03 
 1.42000000e-09 -3.82611342e-03 
 1.44000000e-09 -3.86641908e-03 
 1.46000000e-09 -3.90612201e-03 
 1.48000000e-09 -3.94521424e-03 
 1.50000000e-09 -3.98369016e-03 
 1.52000000e-09 -4.02154200e-03 
 1.54000000e-09 -4.05876427e-03 
 1.56000000e-09 -4.09534947e-03 
 1.58000000e-09 -4.13129223e-03 
 1.60000000e-09 -4.16658528e-03 
 1.62000000e-09 -4.20122341e-03 
 1.64000000e-09 -4.23519960e-03 
 1.66000000e-09 -4.26850879e-03 
 1.68000000e-09 -4.30114421e-03 
 1.70000000e-09 -4.33310098e-03 
 1.72000000e-09 -4.36437257e-03 
 1.74000000e-09 -4.39495427e-03 
 1.76000000e-09 -4.42483982e-03 
 1.78000000e-09 -4.45402470e-03 
 1.80000000e-09 -4.48250291e-03 
 1.82000000e-09 -4.51027011e-03 
 1.84000000e-09 -4.53732059e-03 
 1.86000000e-09 -4.56365020e-03 
 1.88000000e-09 -4.58925350e-03 
 1.90000000e-09 -4.61412656e-03 
 1.92000000e-09 -4.63826421e-03 
 1.94000000e-09 -4.66166275e-03 
 1.96000000e-09 -4.68431728e-03 
 1.98000000e-09 -4.70622433e-03 
 2.00000000e-09 -4.72737929e-03 
 2.02000000e-09 -4.74777891e-03 
 2.04000000e-09 -4.76741888e-03 
 2.06000000e-09 -4.78629620e-03 
 2.08000000e-09 -4.80440683e-03 
 2.10000000e-09 -4.82174804e-03 
 2.12000000e-09 -4.83831608e-03 
 2.14000000e-09 -4.85410846e-03 
 2.16000000e-09 -4.86912175e-03 
 2.18000000e-09 -4.88335370e-03 
 2.20000000e-09 -4.89680120e-03 
 2.22000000e-09 -4.90946226e-03 
 2.24000000e-09 -4.92133406e-03 
 2.26000000e-09 -4.93241490e-03 
 2.28000000e-09 -4.94270227e-03 
 2.30000000e-09 -4.95219471e-03 
 2.32000000e-09 -4.96089005e-03 
 2.34000000e-09 -4.96878711e-03 
 2.36000000e-09 -4.97588401e-03 
 2.38000000e-09 -4.98217986e-03 
 2.40000000e-09 -4.98767311e-03 
 2.42000000e-09 -4.99236313e-03 
 2.44000000e-09 -4.99624868e-03 
 2.46000000e-09 -4.99932943e-03 
 2.48000000e-09 -5.00160446e-03 
 2.50000000e-09 -5.00307371e-03 
 2.52000000e-09 -5.00373658e-03 
 2.54000000e-09 -5.00359330e-03 
 2.56000000e-09 -5.00264359e-03 
 2.58000000e-09 -5.00088796e-03 
 2.60000000e-09 -4.99832644e-03 
 2.62000000e-09 -4.99495984e-03 
 2.64000000e-09 -4.99078850e-03 
 2.66000000e-09 -4.98581351e-03 
 2.68000000e-09 -4.98003553e-03 
 2.70000000e-09 -4.97345593e-03 
 2.72000000e-09 -4.96607568e-03 
 2.74000000e-09 -4.95789644e-03 
 2.76000000e-09 -4.94891949e-03 
 2.78000000e-09 -4.93914676e-03 
 2.80000000e-09 -4.92857985e-03 
 2.82000000e-09 -4.91722097e-03 
 2.84000000e-09 -4.90507201e-03 
 2.86000000e-09 -4.89213547e-03 
 2.88000000e-09 -4.87841353e-03 
 2.90000000e-09 -4.86390895e-03 
 2.92000000e-09 -4.84862424e-03 
 2.94000000e-09 -4.83256241e-03 
 2.96000000e-09 -4.81572625e-03 
 2.98000000e-09 -4.79811907e-03 
 3.00000000e-09 -4.77974391e-03 
 3.02000000e-09 -4.76060436e-03 
 3.04000000e-09 -4.74070374e-03 
 3.06000000e-09 -4.72004590e-03 
 3.08000000e-09 -4.69863443e-03 
 3.10000000e-09 -4.67647342e-03 
 3.12000000e-09 -4.65356675e-03 
 3.14000000e-09 -4.62991875e-03 
 3.16000000e-09 -4.60553357e-03 
 3.18000000e-09 -4.58041578e-03 
 3.20000000e-09 -4.55456977e-03 
 3.22000000e-09 -4.52800035e-03 
 3.24000000e-09 -4.50071219e-03 
 3.26000000e-09 -4.47271030e-03 
 3.28000000e-09 -4.44399960e-03 
 3.30000000e-09 -4.41458534e-03 
 3.32000000e-09 -4.38447265e-03 
 3.34000000e-09 -4.35366701e-03 
 3.36000000e-09 -4.32217379e-03 
 3.38000000e-09 -4.28999867e-03 
 3.40000000e-09 -4.25714723e-03 
 3.42000000e-09 -4.22362538e-03 
 3.44000000e-09 -4.18943890e-03 
 3.46000000e-09 -4.15459390e-03 
 3.48000000e-09 -4.11909638e-03 
 3.50000000e-09 -4.08295261e-03 
 3.52000000e-09 -4.04616881e-03 
 3.54000000e-09 -4.00875144e-03 
 3.56000000e-09 -3.97070690e-03 
 3.58000000e-09 -3.93204183e-03 
 3.60000000e-09 -3.89276281e-03 
 3.62000000e-09 -3.85287667e-03 
 3.64000000e-09 -3.81239014e-03 
 3.66000000e-09 -3.77131021e-03 
 3.68000000e-09 -3.72964381e-03 
 3.70000000e-09 -3.68739807e-03 
 3.72000000e-09 -3.64458008e-03 
 3.74000000e-09 -3.60119712e-03 
 3.76000000e-09 -3.55725642e-03 
 3.78000000e-09 -3.51276543e-03 
 3.80000000e-09 -3.46773151e-03 
 3.82000000e-09 -3.42216224e-03 
 3.84000000e-09 -3.37606514e-03 
 3.86000000e-09 -3.32944790e-03 
 3.88000000e-09 -3.28231818e-03 
 3.90000000e-09 -3.23468378e-03 
 3.92000000e-09 -3.18655250e-03 
 3.94000000e-09 -3.13793227e-03 
 3.96000000e-09 -3.08883097e-03 
 3.98000000e-09 -3.03925665e-03 
 4.00000000e-09 -2.98921733e-03 
 4.02000000e-09 -2.93872115e-03 
 4.04000000e-09 -2.88777621e-03 
 4.06000000e-09 -2.83639077e-03 
 4.08000000e-09 -2.78457304e-03 
 4.10000000e-09 -2.73233134e-03 
 4.12000000e-09 -2.67967400e-03 
 4.14000000e-09 -2.62660942e-03 
 4.16000000e-09 -2.57314600e-03 
 4.18000000e-09 -2.51929224e-03 
 4.20000000e-09 -2.46505661e-03 
 4.22000000e-09 -2.41044770e-03 
 4.24000000e-09 -2.35547405e-03 
 4.26000000e-09 -2.30014430e-03 
 4.28000000e-09 -2.24446707e-03 
 4.30000000e-09 -2.18845109e-03 
 4.32000000e-09 -2.13210503e-03 
 4.34000000e-09 -2.07543766e-03 
 4.36000000e-09 -2.01845774e-03 
 4.38000000e-09 -1.96117408e-03 
 4.40000000e-09 -1.90359550e-03 
 4.42000000e-09 -1.84573087e-03 
 4.44000000e-09 -1.78758905e-03 
 4.46000000e-09 -1.72917895e-03 
 4.48000000e-09 -1.67050950e-03 
 4.50000000e-09 -1.61158965e-03 
 4.52000000e-09 -1.55242835e-03 
 4.54000000e-09 -1.49303461e-03 
 4.56000000e-09 -1.43341743e-03 
 4.58000000e-09 -1.37358583e-03 
 4.60000000e-09 -1.31354886e-03 
 4.62000000e-09 -1.25331557e-03 
 4.64000000e-09 -1.19289504e-03 
 4.66000000e-09 -1.13229636e-03 
 4.68000000e-09 -1.07152863e-03 
 4.70000000e-09 -1.01060098e-03 
 4.72000000e-09 -9.49522510e-04 
 4.74000000e-09 -8.88302383e-04 
 4.76000000e-09 -8.26949742e-04 
 4.78000000e-09 -7.65473750e-04 
 4.80000000e-09 -7.03883576e-04 
 4.82000000e-09 -6.42188401e-04 
 4.84000000e-09 -5.80397411e-04 
 4.86000000e-09 -5.18519800e-04 
 4.88000000e-09 -4.56564772e-04 
 4.90000000e-09 -3.94541531e-04 
 4.92000000e-09 -3.32459293e-04 
 4.94000000e-09 -2.70327272e-04 
 4.96000000e-09 -2.08154694e-04 
 4.98000000e-09 -1.45950779e-04 
 5.00000000e-09 -8.37247591e-05 
 5.02000000e-09 -2.14858606e-05 
 5.04000000e-09  4.07566806e-05 
 5.06000000e-09  1.02993637e-04 
 5.08000000e-09  1.65215770e-04 
 5.10000000e-09  2.27413854e-04 
 5.12000000e-09  2.89578650e-04 
 5.14000000e-09  3.51700936e-04 
 5.16000000e-09  4.13771476e-04 
 5.18000000e-09  4.75781053e-04 
 5.20000000e-09  5.37720439e-04 
 5.22000000e-09  5.99580425e-04 
 5.24000000e-09  6.61351789e-04 
 5.26000000e-09  7.23025335e-04 
 5.28000000e-09  7.84591853e-04 
 5.30000000e-09  8.46042158e-04 
 5.32000000e-09  9.07367057e-04 
 5.34000000e-09  9.68557381e-04 
 5.36000000e-09  1.02960395e-03 
 5.38000000e-09  1.09049762e-03 
 5.40000000e-09  1.15122924e-03 
 5.42000000e-09  1.21178966e-03 
 5.44000000e-09  1.27216977e-03 
 5.46000000e-09  1.33236047e-03 
 5.48000000e-09  1.39235263e-03 
 5.50000000e-09  1.45213720e-03 
 5.52000000e-09  1.51170509e-03 
 5.54000000e-09  1.57104728e-03 
 5.56000000e-09  1.63015470e-03 
 5.58000000e-09  1.68901837e-03 
 5.60000000e-09  1.74762927e-03 
 5.62000000e-09  1.80597845e-03 
 5.64000000e-09  1.86405693e-03 
 5.66000000e-09  1.92185581e-03 
 5.68000000e-09  1.97936616e-03 
 5.70000000e-09  2.03657911e-03 
 5.72000000e-09  2.09348579e-03 
 5.74000000e-09  2.15007739e-03 
 5.76000000e-09  2.20634509e-03 
 5.78000000e-09  2.26228014e-03 
 5.80000000e-09  2.31787377e-03 
 5.82000000e-09  2.37311729e-03 
 5.84000000e-09  2.42800202e-03 
 5.86000000e-09  2.48251931e-03 
 5.88000000e-09  2.53666055e-03 
 5.90000000e-09  2.59041719e-03 
 5.92000000e-09  2.64378067e-03 
 5.94000000e-09  2.69674252e-03 
 5.96000000e-09  2.74929426e-03 
 5.98000000e-09  2.80142751e-03 
 6.00000000e-09  2.85313389e-03 
 6.02000000e-09  2.90440508e-03 
 6.04000000e-09  2.95523281e-03 
 6.06000000e-09  3.00560885e-03 
 6.08000000e-09  3.05552503e-03 
 6.10000000e-09  3.10497323e-03 
 6.12000000e-09  3.15394536e-03 
 6.14000000e-09  3.20243343e-03 
 6.16000000e-09  3.25042947e-03 
 6.18000000e-09  3.29792558e-03 
 6.20000000e-09  3.34491391e-03 
 6.22000000e-09  3.39138670e-03 
 6.24000000e-09  3.43733622e-03 
 6.26000000e-09  3.48275482e-03 
 6.28000000e-09  3.52763492e-03 
 6.30000000e-09  3.57196901e-03 
 6.32000000e-09  3.61574962e-03 
 6.34000000e-09  3.65896941e-03 
 6.36000000e-09  3.70162106e-03 
 6.38000000e-09  3.74369735e-03 
 6.40000000e-09  3.78519113e-03 
 6.42000000e-09  3.82609534e-03 
 6.44000000e-09  3.86640299e-03 
 6.46000000e-09  3.90610718e-03 
 6.48000000e-09  3.94520109e-03 
 6.50000000e-09  3.98367800e-03 
 6.52000000e-09  4.02153125e-03 
 6.54000000e-09  4.05875430e-03 
 6.56000000e-09  4.09534068e-03 
 6.58000000e-09  4.13128403e-03 
 6.60000000e-09  4.16657809e-03 
 6.62000000e-09  4.20121668e-03 
 6.64000000e-09  4.23519372e-03 
 6.66000000e-09  4.26850326e-03 
 6.68000000e-09  4.30113941e-03 
 6.70000000e-09  4.33309642e-03 
 6.72000000e-09  4.36436864e-03 
 6.74000000e-09  4.39495051e-03 
 6.76000000e-09  4.42483661e-03 
 6.78000000e-09  4.45402160e-03 
 6.80000000e-09  4.48250028e-03 
 6.82000000e-09  4.51026755e-03 
 6.84000000e-09  4.53731843e-03 
 6.86000000e-09  4.56364808e-03 
 6.88000000e-09  4.58925173e-03 
 6.90000000e-09  4.61412480e-03 
 6.92000000e-09  4.63826277e-03 
 6.94000000e-09  4.66166129e-03 
 6.96000000e-09  4.68431610e-03 
 6.98000000e-09  4.70622311e-03 
 7.00000000e-09  4.72737832e-03 
 7.02000000e-09  4.74777789e-03 
 7.04000000e-09  4.76741808e-03 
 7.06000000e-09  4.78629534e-03 
 7.08000000e-09  4.80440618e-03 
 7.10000000e-09  4.82174731e-03 
 7.12000000e-09  4.83831554e-03 
 7.14000000e-09  4.85410785e-03 
 7.16000000e-09  4.86912131e-03 
 7.18000000e-09  4.88335318e-03 
 7.20000000e-09  4.89680084e-03 
 7.22000000e-09  4.90946181e-03 
 7.24000000e-09  4.92133376e-03 
 7.26000000e-09  4.93241452e-03 
 7.28000000e-09  4.94270202e-03 
 7.30000000e-09  4.95219438e-03 
 7.32000000e-09  4.96088984e-03 
 7.34000000e-09  4.96878682e-03 
 7.36000000e-09  4.97588384e-03 
 7.38000000e-09  4.98217961e-03 
 7.40000000e-09  4.98767297e-03 
 7.42000000e-09  4.99236291e-03 
 7.44000000e-09  4.99624856e-03 
 7.46000000e-09  4.99932923e-03 
 7.48000000e-09  5.00160436e-03 
 7.50000000e-09  5.00307353e-03 
 7.52000000e-09  5.00373649e-03 
 7.54000000e-09  5.00359315e-03 
 7.56000000e-09  5.00264352e-03 
 7.58000000e-09  5.00088782e-03 
 7.60000000e-09  4.99832638e-03 
 7.62000000e-09  4.99495971e-03 
 7.64000000e-09  4.99078845e-03 
 7.66000000e-09  4.98581339e-03 
 7.68000000e-09  4.98003548e-03 
 7.70000000e-09  4.97345582e-03 
 7.72000000e-09  4.96607564e-03 
 7.74000000e-09  4.95789634e-03 
 7.76000000e-09  4.94891945e-03 
 7.78000000e-09  4.93914667e-03 
 7.80000000e-09  4.92857982e-03 
 7.82000000e-09  4.91722089e-03 
 7.84000000e-09  4.90507199e-03 
 7.86000000e-09  4.89213539e-03 
 7.88000000e-09  4.87841350e-03 
 7.90000000e-09  4.86390888e-03 
 7.92000000e-09  4.84862421e-03 
 7.94000000e-09  4.83256234e-03 
 7.96000000e-09  4.81572623e-03 
 7.98000000e-09  4.79811900e-03 
 8.00000000e-09  4.77974389e-03 
 8.02000000e-09  4.76060430e-03 
 8.04000000e-09  4.74070373e-03 
 8.06000000e-09  4.72004584e-03 
 8.08000000e-09  4.69863441e-03 
 8.10000000e-09  4.67647336e-03 
 8.12000000e-09  4.65356674e-03 
 8.14000000e-09  4.62991870e-03 
 8.16000000e-09  4.60553356e-03 
 8.18000000e-09  4.58041573e-03 
 8.20000000e-09  4.55456975e-03 
 8.22000000e-09  4.52800031e-03 
 8.24000000e-09  4.50071217e-03 
 8.26000000e-09  4.47271026e-03 
 8.28000000e-09  4.44399959e-03 
 8.30000000e-09  4.41458530e-03 
 8.32000000e-09  4.38447264e-03 
 8.34000000e-09  4.35366697e-03 
 8.36000000e-09  4.32217377e-03 
 8.38000000e-09  4.28999863e-03 
 8.40000000e-09  4.25714722e-03 
 8.42000000e-09  4.22362535e-03 
 8.44000000e-09  4.18943889e-03 
 8.46000000e-09  4.15459387e-03 
 8.48000000e-09  4.11909637e-03 
 8.50000000e-09  4.08295258e-03 
 8.52000000e-09  4.04616880e-03 
 8.54000000e-09  4.00875142e-03 
 8.56000000e-09  3.97070689e-03 
 8.58000000e-09  3.93204181e-03 
 8.60000000e-09  3.89276281e-03 
 8.62000000e-09  3.85287664e-03 
 8.64000000e-09  3.81239013e-03 
 8.66000000e-09  3.77131019e-03 
 8.68000000e-09  3.72964381e-03 
 8.70000000e-09  3.68739805e-03 
 8.72000000e-09  3.64458007e-03 
 8.74000000e-09  3.60119710e-03 
 8.76000000e-09  3.55725642e-03 
 8.78000000e-09  3.51276541e-03 
 8.80000000e-09  3.46773151e-03 
 8.82000000e-09  3.42216223e-03 
 8.84000000e-09  3.37606514e-03 
 8.86000000e-09  3.32944789e-03 
 8.88000000e-09  3.28231817e-03 
 8.90000000e-09  3.23468377e-03 
 8.92000000e-09  3.18655250e-03 
 8.94000000e-09  3.13793225e-03 
 8.96000000e-09  3.08883096e-03 
 8.98000000e-09  3.03925664e-03 
 9.00000000e-09  2.98921733e-03 
 9.02000000e-09  2.93872113e-03 
 9.04000000e-09  2.88777621e-03 
 9.06000000e-09  2.83639076e-03 
 9.08000000e-09  2.78457303e-03 
 9.10000000e-09  2.73233133e-03 
 9.12000000e-09  2.67967399e-03 
 9.14000000e-09  2.62660941e-03 
 9.16000000e-09  2.57314599e-03 
 9.18000000e-09  2.51929223e-03 
 9.20000000e-09  2.46505661e-03 
 9.22000000e-09  2.41044769e-03 
 9.24000000e-09  2.35547404e-03 
 9.26000000e-09  2.30014429e-03 
 9.28000000e-09  2.24446707e-03 
 9.30000000e-09  2.18845108e-03 
 9.32000000e-09  2.13210503e-03 
 9.34000000e-09  2.07543765e-03 
 9.36000000e-09  2.01845774e-03 
 9.38000000e-09  1.96117408e-03 
 9.40000000e-09  1.90359550e-03 
 9.42000000e-09  1.84573086e-03 
 9.44000000e-09  1.78758904e-03 
 9.46000000e-09  1.72917895e-03 
 9.48000000e-09  1.67050950e-03 
 9.50000000e-09  1.61158964e-03 
 9.52000000e-09  1.55242835e-03 
 9.54000000e-09  1.49303461e-03 
 9.56000000e-09  1.43341743e-03 
 9.58000000e-09  1.37358583e-03 
 9.60000000e-09  1.31354886e-03 
 9.62000000e-09  1.25331557e-03 
 9.64000000e-09  1.19289504e-03 
 9.66000000e-09  1.13229636e-03 
 9.68000000e-09  1.07152863e-03 
 9.70000000e-09  1.01060097e-03 
 9.72000000e-09  9.49522508e-04 
 9.74000000e-09  8.88302382e-04 
 9.76000000e-09  8.26949740e-04 
 9.78000000e-09  7.65473749e-04 
 9.80000000e-09  7.03883574e-04 
 9.82000000e-09  6.42188400e-04 
 9.84000000e-09  5.80397409e-04 
 9.86000000e-09  5.18519800e-04 
 9.88000000e-09  4.56564770e-04 
 9.90000000e-09  3.94541531e-04 
 9.92000000e-09  3.32459291e-04 
 9.94000000e-09  2.70327273e-04 
 9.96000000e-09  2.08154692e-04 
 9.98000000e-09  1.45950780e-04 
 1.00000000e-08  8.37247577e-05 
 1.00200000e-08  2.14858617e-05 
 1.00400000e-08 -4.07566819e-05 
 1.00600000e-08 -1.02993636e-04 
 1.00800000e-08 -1.65215771e-04 
 1.01000000e-08 -2.27413852e-04 
 1.01200000e-08 -2.89578651e-04 
 1.01400000e-08 -3.51700934e-04 
 1.01600000e-08 -4.13771477e-04 
 1.01800000e-08 -4.75781051e-04 
 1.02000000e-08 -5.37720440e-04 
 1.02200000e-08 -5.99580423e-04 
 1.02400000e-08 -6.61351790e-04 
 1.02600000e-08 -7.23025333e-04 
 1.02800000e-08 -7.84591854e-04 
 1.03000000e-08 -8.46042156e-04 
 1.03200000e-08 -9.07367058e-04 
 1.03400000e-08 -9.68557378e-04 
 1.03600000e-08 -1.02960395e-03 
 1.03800000e-08 -1.09049762e-03 
 1.04000000e-08 -1.15122924e-03 
 1.04200000e-08 -1.21178966e-03 
 1.04400000e-08 -1.27216977e-03 
 1.04600000e-08 -1.33236046e-03 
 1.04800000e-08 -1.39235263e-03 
 1.05000000e-08 -1.45213720e-03 
 1.05200000e-08 -1.51170510e-03 
 1.05400000e-08 -1.57104727e-03 
 1.05600000e-08 -1.63015470e-03 
 1.05800000e-08 -1.68901837e-03 
 1.06000000e-08 -1.74762927e-03 
 1.06200000e-08 -1.80597845e-03 
 1.06400000e-08 -1.86405693e-03 
 1.06600000e-08 -1.92185581e-03 
 1.06800000e-08 -1.97936616e-03 
 1.07000000e-08 -2.03657910e-03 
 1.07200000e-08 -2.09348579e-03 
 1.07400000e-08 -2.15007739e-03 
 1.07600000e-08 -2.20634509e-03 
 1.07800000e-08 -2.26228013e-03 
 1.08000000e-08 -2.31787377e-03 
 1.08200000e-08 -2.37311729e-03 
 1.08400000e-08 -2.42800202e-03 
 1.08600000e-08 -2.48251931e-03 
 1.08800000e-08 -2.53666056e-03 
 1.09000000e-08 -2.59041719e-03 
 1.09200000e-08 -2.64378067e-03 
 1.09400000e-08 -2.69674251e-03 
 1.09600000e-08 -2.74929426e-03 
 1.09800000e-08 -2.80142751e-03 
 1.10000000e-08 -2.85313389e-03 
 1.10200000e-08 -2.90440508e-03 
 1.10400000e-08 -2.95523281e-03 
 1.10600000e-08 -3.00560885e-03 
 1.10800000e-08 -3.05552503e-03 
 1.11000000e-08 -3.10497322e-03 
 1.11200000e-08 -3.15394536e-03 
 1.11400000e-08 -3.20243343e-03 
 1.11600000e-08 -3.25042947e-03 
 1.11800000e-08 -3.29792557e-03 
 1.12000000e-08 -3.34491391e-03 
 1.12200000e-08 -3.39138670e-03 
 1.12400000e-08 -3.43733622e-03 
 1.12600000e-08 -3.48275482e-03 
 1.12800000e-08 -3.52763492e-03 
 1.13000000e-08 -3.57196900e-03 
 1.13200000e-08 -3.61574962e-03 
 1.13400000e-08 -3.65896941e-03 
 1.13600000e-08 -3.70162106e-03 
 1.13800000e-08 -3.74369734e-03 
 1.14000000e-08 -3.78519113e-03 
 1.14200000e-08 -3.82609534e-03 
 1.14400000e-08 -3.86640299e-03 
 1.14600000e-08 -3.90610718e-03 
 1.14800000e-08 -3.94520109e-03 
 1.15000000e-08 -3.98367799e-03 
 1.15200000e-08 -4.02153125e-03 
 1.15400000e-08 -4.05875429e-03 
 1.15600000e-08 -4.09534068e-03 
 1.15800000e-08 -4.13128403e-03 
 1.16000000e-08 -4.16657809e-03 
 1.16200000e-08 -4.20121667e-03 
 1.16400000e-08 -4.23519372e-03 
 1.16600000e-08 -4.26850325e-03 
 1.16800000e-08 -4.30113941e-03 
 1.17000000e-08 -4.33309642e-03 
 1.17200000e-08 -4.36436864e-03 
 1.17400000e-08 -4.39495051e-03 
 1.17600000e-08 -4.42483661e-03 
 1.17800000e-08 -4.45402160e-03 
 1.18000000e-08 -4.48250028e-03 
 1.18200000e-08 -4.51026755e-03 
 1.18400000e-08 -4.53731843e-03 
 1.18600000e-08 -4.56364807e-03 
 1.18800000e-08 -4.58925173e-03 
 1.19000000e-08 -4.61412480e-03 
 1.19200000e-08 -4.63826277e-03 
 1.19400000e-08 -4.66166128e-03 
 1.19600000e-08 -4.68431610e-03 
 1.19800000e-08 -4.70622310e-03 
 1.20000000e-08 -4.72737832e-03 
 1.20200000e-08 -4.74777788e-03 
 1.20400000e-08 -4.76741808e-03 
 1.20600000e-08 -4.78629533e-03 
 1.20800000e-08 -4.80440618e-03 
 1.21000000e-08 -4.82174731e-03 
 1.21200000e-08 -4.83831554e-03 
 1.21400000e-08 -4.85410784e-03 
 1.21600000e-08 -4.86912131e-03 
 1.21800000e-08 -4.88335318e-03 
 1.22000000e-08 -4.89680084e-03 
 1.22200000e-08 -4.90946181e-03 
 1.22400000e-08 -4.92133376e-03 
 1.22600000e-08 -4.93241451e-03 
 1.22800000e-08 -4.94270202e-03 
 1.23000000e-08 -4.95219438e-03 
 1.23200000e-08 -4.96088985e-03 
 1.23400000e-08 -4.96878682e-03 
 1.23600000e-08 -4.97588384e-03 
 1.23800000e-08 -4.98217961e-03 
 1.24000000e-08 -4.98767297e-03 
 1.24200000e-08 -4.99236290e-03 
 1.24400000e-08 -4.99624856e-03 
 1.24600000e-08 -4.99932923e-03 
 1.24800000e-08 -5.00160436e-03 
 1.25000000e-08 -5.00307353e-03 
 1.25200000e-08 -5.00373650e-03 
 1.25400000e-08 -5.00359314e-03 
 1.25600000e-08 -5.00264352e-03 
 1.25800000e-08 -5.00088782e-03 
 1.26000000e-08 -4.99832638e-03 
 1.26200000e-08 -4.99495971e-03 
 1.26400000e-08 -4.99078845e-03 
 1.26600000e-08 -4.98581339e-03 
 1.26800000e-08 -4.98003548e-03 
 1.27000000e-08 -4.97345582e-03 
 1.27200000e-08 -4.96607564e-03 
 1.27400000e-08 -4.95789634e-03 
 1.27600000e-08 -4.94891945e-03 
 1.27800000e-08 -4.93914667e-03 
 1.28000000e-08 -4.92857982e-03 
 1.28200000e-08 -4.91722089e-03 
 1.28400000e-08 -4.90507199e-03 
 1.28600000e-08 -4.89213539e-03 
 1.28800000e-08 -4.87841350e-03 
 1.29000000e-08 -4.86390888e-03 
 1.29200000e-08 -4.84862421e-03 
 1.29400000e-08 -4.83256234e-03 
 1.29600000e-08 -4.81572623e-03 
 1.29800000e-08 -4.79811900e-03 
 1.30000000e-08 -4.77974390e-03 
 1.30200000e-08 -4.76060430e-03 
 1.30400000e-08 -4.74070373e-03 
 1.30600000e-08 -4.72004584e-03 
 1.30800000e-08 -4.69863441e-03 
 1.31000000e-08 -4.67647336e-03 
 1.31200000e-08 -4.65356674e-03 
 1.31400000e-08 -4.62991870e-03 
 1.31600000e-08 -4.60553356e-03 
 1.31800000e-08 -4.58041573e-03 
 1.32000000e-08 -4.55456975e-03 
 1.32200000e-08 -4.52800031e-03 
 1.32400000e-08 -4.50071218e-03 
 1.32600000e-08 -4.47271026e-03 
 1.32800000e-08 -4.44399959e-03 
 1.33000000e-08 -4.41458530e-03 
 1.33200000e-08 -4.38447264e-03 
 1.33400000e-08 -4.35366697e-03 
 1.33600000e-08 -4.32217378e-03 
 1.33800000e-08 -4.28999863e-03 
 1.34000000e-08 -4.25714722e-03 
 1.34200000e-08 -4.22362534e-03 
 1.34400000e-08 -4.18943889e-03 
 1.34600000e-08 -4.15459387e-03 
 1.34800000e-08 -4.11909637e-03 
 1.35000000e-08 -4.08295258e-03 
 1.35200000e-08 -4.04616880e-03 
 1.35400000e-08 -4.00875141e-03 
 1.35600000e-08 -3.97070689e-03 
 1.35800000e-08 -3.93204181e-03 
 1.36000000e-08 -3.89276281e-03 
 1.36200000e-08 -3.85287664e-03 
 1.36400000e-08 -3.81239013e-03 
 1.36600000e-08 -3.77131019e-03 
 1.36800000e-08 -3.72964381e-03 
 1.37000000e-08 -3.68739805e-03 
 1.37200000e-08 -3.64458007e-03 
 1.37400000e-08 -3.60119710e-03 
 1.37600000e-08 -3.55725642e-03 
 1.37800000e-08 -3.51276541e-03 
 1.38000000e-08 -3.46773151e-03 
 1.38200000e-08 -3.42216223e-03 
 1.38400000e-08 -3.37606514e-03 
 1.38600000e-08 -3.32944788e-03 
 1.38800000e-08 -3.28231817e-03 
 1.39000000e-08 -3.23468377e-03 
 1.39200000e-08 -3.18655250e-03 
 1.39400000e-08 -3.13793225e-03 
 1.39600000e-08 -3.08883096e-03 
 1.39800000e-08 -3.03925664e-03 
 1.40000000e-08 -2.98921733e-03 
 1.40200000e-08 -2.93872113e-03 
 1.40400000e-08 -2.88777621e-03 
 1.40600000e-08 -2.83639076e-03 
 1.40800000e-08 -2.78457303e-03 
 1.41000000e-08 -2.73233133e-03 
 1.41200000e-08 -2.67967399e-03 
 1.41400000e-08 -2.62660941e-03 
 1.41600000e-08 -2.57314600e-03 
 1.41800000e-08 -2.51929223e-03 
 1.42000000e-08 -2.46505661e-03 
 1.42200000e-08 -2.41044769e-03 
 1.42400000e-08 -2.35547404e-03 
 1.42600000e-08 -2.30014429e-03 
 1.42800000e-08 -2.24446707e-03 
 1.43000000e-08 -2.18845108e-03 
 1.43200000e-08 -2.13210503e-03 
 1.43400000e-08 -2.07543765e-03 
 1.43600000e-08 -2.01845774e-03 
 1.43800000e-08 -1.96117408e-03 
 1.44000000e-08 -1.90359550e-03 
 1.44200000e-08 -1.84573086e-03 
 1.44400000e-08 -1.78758904e-03 
 1.44600000e-08 -1.72917895e-03 
 1.44800000e-08 -1.67050950e-03 
 1.45000000e-08 -1.61158964e-03 
 1.45200000e-08 -1.55242835e-03 
 1.45400000e-08 -1.49303461e-03 
 1.45600000e-08 -1.43341743e-03 
 1.45800000e-08 -1.37358583e-03 
 1.46000000e-08 -1.31354886e-03 
 1.46200000e-08 -1.25331557e-03 
 1.46400000e-08 -1.19289504e-03 
 1.46600000e-08 -1.13229636e-03 
 1.46800000e-08 -1.07152863e-03 
 1.47000000e-08 -1.01060097e-03 
 1.47200000e-08 -9.49522509e-04 
 1.47400000e-08 -8.88302381e-04 
 1.47600000e-08 -8.26949741e-04 
 1.47800000e-08 -7.65473748e-04 
 1.48000000e-08 -7.03883575e-04 
 1.48200000e-08 -6.42188400e-04 
 1.48400000e-08 -5.80397410e-04 
 1.48600000e-08 -5.18519800e-04 
 1.48800000e-08 -4.56564771e-04 
 1.49000000e-08 -3.94541531e-04 
 1.49200000e-08 -3.32459292e-04 
 1.49400000e-08 -2.70327272e-04 
 1.49600000e-08 -2.08154693e-04 
 1.49800000e-08 -1.45950779e-04 
 1.50000000e-08 -8.37247584e-05 
 1.50200000e-08 -2.14858611e-05 
 1.50400000e-08  4.07566812e-05 
 1.50600000e-08  1.02993636e-04 
 1.50800000e-08  1.65215771e-04 
 1.51000000e-08  2.27413853e-04 
 1.51200000e-08  2.89578651e-04 
 1.51400000e-08  3.51700934e-04 
 1.51600000e-08  4.13771476e-04 
 1.51800000e-08  4.75781052e-04 
 1.52000000e-08  5.37720440e-04 
 1.52200000e-08  5.99580423e-04 
 1.52400000e-08  6.61351790e-04 
 1.52600000e-08  7.23025333e-04 
 1.52800000e-08  7.84591853e-04 
 1.53000000e-08  8.46042156e-04 
 1.53200000e-08  9.07367057e-04 
 1.53400000e-08  9.68557379e-04 
 1.53600000e-08  1.02960395e-03 
 1.53800000e-08  1.09049762e-03 
 1.54000000e-08  1.15122924e-03 
 1.54200000e-08  1.21178966e-03 
 1.54400000e-08  1.27216977e-03 
 1.54600000e-08  1.33236046e-03 
 1.54800000e-08  1.39235263e-03 
 1.55000000e-08  1.45213720e-03 
 1.55200000e-08  1.51170510e-03 
 1.55400000e-08  1.57104727e-03 
 1.55600000e-08  1.63015470e-03 
 1.55800000e-08  1.68901837e-03 
 1.56000000e-08  1.74762927e-03 
 1.56200000e-08  1.80597845e-03 
 1.56400000e-08  1.86405693e-03 
 1.56600000e-08  1.92185581e-03 
 1.56800000e-08  1.97936616e-03 
 1.57000000e-08  2.03657910e-03 
 1.57200000e-08  2.09348579e-03 
 1.57400000e-08  2.15007739e-03 
 1.57600000e-08  2.20634509e-03 
 1.57800000e-08  2.26228013e-03 
 1.58000000e-08  2.31787377e-03 
 1.58200000e-08  2.37311729e-03 
 1.58400000e-08  2.42800202e-03 
 1.58600000e-08  2.48251931e-03 
 1.58800000e-08  2.53666056e-03 
 1.59000000e-08  2.59041719e-03 
 1.59200000e-08  2.64378067e-03 
 1.59400000e-08  2.69674251e-03 
 1.59600000e-08  2.74929426e-03 
 1.59800000e-08  2.80142751e-03 
 1.60000000e-08  2.85313389e-03 
 1.60200000e-08  2.90440508e-03 
 1.60400000e-08  2.95523281e-03 
 1.60600000e-08  3.00560885e-03 
 1.60800000e-08  3.05552503e-03 
 1.61000000e-08  3.10497322e-03 
 1.61200000e-08  3.15394536e-03 
 1.61400000e-08  3.20243343e-03 
 1.61600000e-08  3.25042947e-03 
 1.61800000e-08  3.29792557e-03 
 1.62000000e-08  3.34491391e-03 
 1.62200000e-08  3.39138670e-03 
 1.62400000e-08  3.43733622e-03 
 1.62600000e-08  3.48275482e-03 
 1.62800000e-08  3.52763492e-03 
 1.63000000e-08  3.57196900e-03 
 1.63200000e-08  3.61574962e-03 
 1.63400000e-08  3.65896941e-03 
 1.63600000e-08  3.70162106e-03 
 1.63800000e-08  3.74369735e-03 
 1.64000000e-08  3.78519113e-03 
 1.64200000e-08  3.82609534e-03 
 1.64400000e-08  3.86640299e-03 
 1.64600000e-08  3.90610718e-03 
 1.64800000e-08  3.94520109e-03 
 1.65000000e-08  3.98367800e-03 
 1.65200000e-08  4.02153125e-03 
 1.65400000e-08  4.05875429e-03 
 1.65600000e-08  4.09534068e-03 
 1.65800000e-08  4.13128403e-03 
 1.66000000e-08  4.16657809e-03 
 1.66200000e-08  4.20121668e-03 
 1.66400000e-08  4.23519372e-03 
 1.66600000e-08  4.26850325e-03 
 1.66800000e-08  4.30113941e-03 
 1.67000000e-08  4.33309642e-03 
 1.67200000e-08  4.36436864e-03 
 1.67400000e-08  4.39495051e-03 
 1.67600000e-08  4.42483661e-03 
 1.67800000e-08  4.45402160e-03 
 1.68000000e-08  4.48250028e-03 
 1.68200000e-08  4.51026755e-03 
 1.68400000e-08  4.53731843e-03 
 1.68600000e-08  4.56364807e-03 
 1.68800000e-08  4.58925173e-03 
 1.69000000e-08  4.61412480e-03 
 1.69200000e-08  4.63826277e-03 
 1.69400000e-08  4.66166128e-03 
 1.69600000e-08  4.68431610e-03 
 1.69800000e-08  4.70622310e-03 
 1.70000000e-08  4.72737832e-03 
 1.70200000e-08  4.74777788e-03 
 1.70400000e-08  4.76741808e-03 
 1.70600000e-08  4.78629533e-03 
 1.70800000e-08  4.80440618e-03 
 1.71000000e-08  4.82174731e-03 
 1.71200000e-08  4.83831554e-03 
 1.71400000e-08  4.85410784e-03 
 1.71600000e-08  4.86912131e-03 
 1.71800000e-08  4.88335318e-03 
 1.72000000e-08  4.89680084e-03 
 1.72200000e-08  4.90946181e-03 
 1.72400000e-08  4.92133376e-03 
 1.72600000e-08  4.93241451e-03 
 1.72800000e-08  4.94270202e-03 
 1.73000000e-08  4.95219438e-03 
 1.73200000e-08  4.96088985e-03 
 1.73400000e-08  4.96878682e-03 
 1.73600000e-08  4.97588384e-03 
 1.73800000e-08  4.98217961e-03 
 1.74000000e-08  4.98767297e-03 
 1.74200000e-08  4.99236290e-03 
 1.74400000e-08  4.99624856e-03 
 1.74600000e-08  4.99932923e-03 
 1.74800000e-08  5.00160436e-03 
 1.75000000e-08  5.00307353e-03 
 1.75200000e-08  5.00373650e-03 
 1.75400000e-08  5.00359314e-03 
 1.75600000e-08  5.00264352e-03 
 1.75800000e-08  5.00088782e-03 
 1.76000000e-08  4.99832638e-03 
 1.76200000e-08  4.99495971e-03 
 1.76400000e-08  4.99078845e-03 
 1.76600000e-08  4.98581339e-03 
 1.76800000e-08  4.98003548e-03 
 1.77000000e-08  4.97345582e-03 
 1.77200000e-08  4.96607564e-03 
 1.77400000e-08  4.95789634e-03 
 1.77600000e-08  4.94891945e-03 
 1.77800000e-08  4.93914667e-03 
 1.78000000e-08  4.92857982e-03 
 1.78200000e-08  4.91722089e-03 
 1.78400000e-08  4.90507199e-03 
 1.78600000e-08  4.89213539e-03 
 1.78800000e-08  4.87841350e-03 
 1.79000000e-08  4.86390888e-03 
 1.79200000e-08  4.84862421e-03 
 1.79400000e-08  4.83256234e-03 
 1.79600000e-08  4.81572623e-03 
 1.79800000e-08  4.79811900e-03 
 1.80000000e-08  4.77974390e-03 
 1.80200000e-08  4.76060430e-03 
 1.80400000e-08  4.74070373e-03 
 1.80600000e-08  4.72004584e-03 
 1.80800000e-08  4.69863441e-03 
 1.81000000e-08  4.67647336e-03 
 1.81200000e-08  4.65356674e-03 
 1.81400000e-08  4.62991870e-03 
 1.81600000e-08  4.60553356e-03 
 1.81800000e-08  4.58041573e-03 
 1.82000000e-08  4.55456975e-03 
 1.82200000e-08  4.52800031e-03 
 1.82400000e-08  4.50071218e-03 
 1.82600000e-08  4.47271026e-03 
 1.82800000e-08  4.44399959e-03 
 1.83000000e-08  4.41458530e-03 
 1.83200000e-08  4.38447264e-03 
 1.83400000e-08  4.35366697e-03 
 1.83600000e-08  4.32217378e-03 
 1.83800000e-08  4.28999863e-03 
 1.84000000e-08  4.25714722e-03 
 1.84200000e-08  4.22362534e-03 
 1.84400000e-08  4.18943889e-03 
 1.84600000e-08  4.15459387e-03 
 1.84800000e-08  4.11909637e-03 
 1.85000000e-08  4.08295258e-03 
 1.85200000e-08  4.04616880e-03 
 1.85400000e-08  4.00875141e-03 
 1.85600000e-08  3.97070689e-03 
 1.85800000e-08  3.93204181e-03 
 1.86000000e-08  3.89276281e-03 
 1.86200000e-08  3.85287664e-03 
 1.86400000e-08  3.81239013e-03 
 1.86600000e-08  3.77131019e-03 
 1.86800000e-08  3.72964381e-03 
 1.87000000e-08  3.68739805e-03 
 1.87200000e-08  3.64458007e-03 
 1.87400000e-08  3.60119710e-03 
 1.87600000e-08  3.55725642e-03 
 1.87800000e-08  3.51276541e-03 
 1.88000000e-08  3.46773151e-03 
 1.88200000e-08  3.42216223e-03 
 1.88400000e-08  3.37606514e-03 
 1.88600000e-08  3.32944788e-03 
 1.88800000e-08  3.28231817e-03 
 1.89000000e-08  3.23468377e-03 
 1.89200000e-08  3.18655250e-03 
 1.89400000e-08  3.13793225e-03 
 1.89600000e-08  3.08883096e-03 
 1.89800000e-08  3.03925664e-03 
 1.90000000e-08  2.98921733e-03 
 1.90200000e-08  2.93872113e-03 
 1.90400000e-08  2.88777621e-03 
 1.90600000e-08  2.83639076e-03 
 1.90800000e-08  2.78457303e-03 
 1.91000000e-08  2.73233133e-03 
 1.91200000e-08  2.67967399e-03 
 1.91400000e-08  2.62660941e-03 
 1.91600000e-08  2.57314600e-03 
 1.91800000e-08  2.51929223e-03 
 1.92000000e-08  2.46505661e-03 
 1.92200000e-08  2.41044769e-03 
 1.92400000e-08  2.35547404e-03 
 1.92600000e-08  2.30014429e-03 
 1.92800000e-08  2.24446707e-03 
 1.93000000e-08  2.18845108e-03 
 1.93200000e-08  2.13210503e-03 
 1.93400000e-08  2.07543765e-03 
 1.93600000e-08  2.01845774e-03 
 1.93800000e-08  1.96117408e-03 
 1.94000000e-08  1.90359550e-03 
 1.94200000e-08  1.84573086e-03 
 1.94400000e-08  1.78758904e-03 
 1.94600000e-08  1.72917895e-03 
 1.94800000e-08  1.67050950e-03 
 1.95000000e-08  1.61158964e-03 
 1.95200000e-08  1.55242835e-03 
 1.95400000e-08  1.49303461e-03 
 1.95600000e-08  1.43341743e-03 
 1.95800000e-08  1.37358583e-03 
 1.96000000e-08  1.31354886e-03 
 1.96200000e-08  1.25331557e-03 
 1.96400000e-08  1.19289504e-03 
 1.96600000e-08  1.13229636e-03 
 1.96800000e-08  1.07152863e-03 
 1.97000000e-08  1.01060097e-03 
 1.97200000e-08  9.49522509e-04 
 1.97400000e-08  8.88302381e-04 
 1.97600000e-08  8.26949741e-04 
 1.97800000e-08  7.65473748e-04 
 1.98000000e-08  7.03883575e-04 
 1.98200000e-08  6.42188400e-04 
 1.98400000e-08  5.80397410e-04 
 1.98600000e-08  5.18519800e-04 
 1.98800000e-08  4.56564771e-04 
 1.99000000e-08  3.94541531e-04 
 1.99200000e-08  3.32459292e-04 
 1.99400000e-08  2.70327272e-04 
 1.99600000e-08  2.08154693e-04 
 1.99800000e-08  1.45950779e-04 
 2.00000000e-08  8.37247584e-05 
 2.00200000e-08  2.14858611e-05 
 2.00400000e-08 -4.07566812e-05 
 2.00600000e-08 -1.02993636e-04 
 2.00800000e-08 -1.65215771e-04 
 2.01000000e-08 -2.27413853e-04 
 2.01200000e-08 -2.89578651e-04 
 2.01400000e-08 -3.51700934e-04 
 2.01600000e-08 -4.13771476e-04 
 2.01800000e-08 -4.75781052e-04 
 2.02000000e-08 -5.37720440e-04 
 2.02200000e-08 -5.99580423e-04 
 2.02400000e-08 -6.61351790e-04 
 2.02600000e-08 -7.23025333e-04 
 2.02800000e-08 -7.84591853e-04 
 2.03000000e-08 -8.46042156e-04 
 2.03200000e-08 -9.07367057e-04 
 2.03400000e-08 -9.68557379e-04 
 2.03600000e-08 -1.02960395e-03 
 2.03800000e-08 -1.09049762e-03 
 2.04000000e-08 -1.15122924e-03 
 2.04200000e-08 -1.21178966e-03 
 2.04400000e-08 -1.27216977e-03 
 2.04600000e-08 -1.33236046e-03 
 2.04800000e-08 -1.39235263e-03 
 2.05000000e-08 -1.45213720e-03 
 2.05200000e-08 -1.51170510e-03 
 2.05400000e-08 -1.57104727e-03 
 2.05600000e-08 -1.63015470e-03 
 2.05800000e-08 -1.68901837e-03 
 2.06000000e-08 -1.74762927e-03 
 2.06200000e-08 -1.80597845e-03 
 2.06400000e-08 -1.86405693e-03 
 2.06600000e-08 -1.92185581e-03 
 2.06800000e-08 -1.97936616e-03 
 2.07000000e-08 -2.03657910e-03 
 2.07200000e-08 -2.09348579e-03 
 2.07400000e-08 -2.15007739e-03 
 2.07600000e-08 -2.20634509e-03 
 2.07800000e-08 -2.26228013e-03 
 2.08000000e-08 -2.31787377e-03 
 2.08200000e-08 -2.37311729e-03 
 2.08400000e-08 -2.42800202e-03 
 2.08600000e-08 -2.48251931e-03 
 2.08800000e-08 -2.53666056e-03 
 2.09000000e-08 -2.59041719e-03 
 2.09200000e-08 -2.64378067e-03 
 2.09400000e-08 -2.69674251e-03 
 2.09600000e-08 -2.74929426e-03 
 2.09800000e-08 -2.80142751e-03 
 2.10000000e-08 -2.85313389e-03 
 2.10200000e-08 -2.90440508e-03 
 2.10400000e-08 -2.95523281e-03 
 2.10600000e-08 -3.00560885e-03 
 2.10800000e-08 -3.05552503e-03 
 2.11000000e-08 -3.10497322e-03 
 2.11200000e-08 -3.15394536e-03 
 2.11400000e-08 -3.20243343e-03 
 2.11600000e-08 -3.25042947e-03 
 2.11800000e-08 -3.29792557e-03 
 2.12000000e-08 -3.34491391e-03 
 2.12200000e-08 -3.39138670e-03 
 2.12400000e-08 -3.43733622e-03 
 2.12600000e-08 -3.48275482e-03 
 2.12800000e-08 -3.52763492e-03 
 2.13000000e-08 -3.57196900e-03 
 2.13200000e-08 -3.61574962e-03 
 2.13400000e-08 -3.65896941e-03 
 2.13600000e-08 -3.70162106e-03 
 2.13800000e-08 -3.74369735e-03 
 2.14000000e-08 -3.78519113e-03 
 2.14200000e-08 -3.82609534e-03 
 2.14400000e-08 -3.86640299e-03 
 2.14600000e-08 -3.90610718e-03 
 2.14800000e-08 -3.94520109e-03 
 2.15000000e-08 -3.98367800e-03 
 2.15200000e-08 -4.02153125e-03 
 2.15400000e-08 -4.05875429e-03 
 2.15600000e-08 -4.09534068e-03 
 2.15800000e-08 -4.13128403e-03 
 2.16000000e-08 -4.16657809e-03 
 2.16200000e-08 -4.20121668e-03 
 2.16400000e-08 -4.23519372e-03 
 2.16600000e-08 -4.26850325e-03 
 2.16800000e-08 -4.30113941e-03 
 2.17000000e-08 -4.33309642e-03 
 2.17200000e-08 -4.36436864e-03 
 2.17400000e-08 -4.39495051e-03 
 2.17600000e-08 -4.42483661e-03 
 2.17800000e-08 -4.45402160e-03 
 2.18000000e-08 -4.48250028e-03 
 2.18200000e-08 -4.51026755e-03 
 2.18400000e-08 -4.53731843e-03 
 2.18600000e-08 -4.56364807e-03 
 2.18800000e-08 -4.58925173e-03 
 2.19000000e-08 -4.61412480e-03 
 2.19200000e-08 -4.63826277e-03 
 2.19400000e-08 -4.66166128e-03 
 2.19600000e-08 -4.68431610e-03 
 2.19800000e-08 -4.70622310e-03 
 2.20000000e-08 -4.72737832e-03 
 2.20200000e-08 -4.74777788e-03 
 2.20400000e-08 -4.76741808e-03 
 2.20600000e-08 -4.78629533e-03 
 2.20800000e-08 -4.80440618e-03 
 2.21000000e-08 -4.82174731e-03 
 2.21200000e-08 -4.83831554e-03 
 2.21400000e-08 -4.85410784e-03 
 2.21600000e-08 -4.86912131e-03 
 2.21800000e-08 -4.88335318e-03 
 2.22000000e-08 -4.89680084e-03 
 2.22200000e-08 -4.90946181e-03 
 2.22400000e-08 -4.92133376e-03 
 2.22600000e-08 -4.93241451e-03 
 2.22800000e-08 -4.94270202e-03 
 2.23000000e-08 -4.95219438e-03 
 2.23200000e-08 -4.96088985e-03 
 2.23400000e-08 -4.96878682e-03 
 2.23600000e-08 -4.97588384e-03 
 2.23800000e-08 -4.98217961e-03 
 2.24000000e-08 -4.98767297e-03 
 2.24200000e-08 -4.99236290e-03 
 2.24400000e-08 -4.99624856e-03 
 2.24600000e-08 -4.99932923e-03 
 2.24800000e-08 -5.00160436e-03 
 2.25000000e-08 -5.00307353e-03 
 2.25200000e-08 -5.00373650e-03 
 2.25400000e-08 -5.00359314e-03 
 2.25600000e-08 -5.00264352e-03 
 2.25800000e-08 -5.00088782e-03 
 2.26000000e-08 -4.99832638e-03 
 2.26200000e-08 -4.99495971e-03 
 2.26400000e-08 -4.99078845e-03 
 2.26600000e-08 -4.98581339e-03 
 2.26800000e-08 -4.98003548e-03 
 2.27000000e-08 -4.97345582e-03 
 2.27200000e-08 -4.96607564e-03 
 2.27400000e-08 -4.95789634e-03 
 2.27600000e-08 -4.94891945e-03 
 2.27800000e-08 -4.93914667e-03 
 2.28000000e-08 -4.92857982e-03 
 2.28200000e-08 -4.91722089e-03 
 2.28400000e-08 -4.90507199e-03 
 2.28600000e-08 -4.89213539e-03 
 2.28800000e-08 -4.87841350e-03 
 2.29000000e-08 -4.86390888e-03 
 2.29200000e-08 -4.84862421e-03 
 2.29400000e-08 -4.83256234e-03 
 2.29600000e-08 -4.81572623e-03 
 2.29800000e-08 -4.79811900e-03 
 2.30000000e-08 -4.77974390e-03 
 2.30200000e-08 -4.76060430e-03 
 2.30400000e-08 -4.74070373e-03 
 2.30600000e-08 -4.72004584e-03 
 2.30800000e-08 -4.69863441e-03 
 2.31000000e-08 -4.67647336e-03 
 2.31200000e-08 -4.65356674e-03 
 2.31400000e-08 -4.62991870e-03 
 2.31600000e-08 -4.60553356e-03 
 2.31800000e-08 -4.58041573e-03 
 2.32000000e-08 -4.55456975e-03 
 2.32200000e-08 -4.52800031e-03 
 2.32400000e-08 -4.50071218e-03 
 2.32600000e-08 -4.47271026e-03 
 2.32800000e-08 -4.44399959e-03 
 2.33000000e-08 -4.41458530e-03 
 2.33200000e-08 -4.38447264e-03 
 2.33400000e-08 -4.35366697e-03 
 2.33600000e-08 -4.32217378e-03 
 2.33800000e-08 -4.28999863e-03 
 2.34000000e-08 -4.25714722e-03 
 2.34200000e-08 -4.22362534e-03 
 2.34400000e-08 -4.18943889e-03 
 2.34600000e-08 -4.15459387e-03 
 2.34800000e-08 -4.11909637e-03 
 2.35000000e-08 -4.08295258e-03 
 2.35200000e-08 -4.04616880e-03 
 2.35400000e-08 -4.00875141e-03 
 2.35600000e-08 -3.97070689e-03 
 2.35800000e-08 -3.93204181e-03 
 2.36000000e-08 -3.89276281e-03 
 2.36200000e-08 -3.85287664e-03 
 2.36400000e-08 -3.81239013e-03 
 2.36600000e-08 -3.77131019e-03 
 2.36800000e-08 -3.72964381e-03 
 2.37000000e-08 -3.68739805e-03 
 2.37200000e-08 -3.64458007e-03 
 2.37400000e-08 -3.60119710e-03 
 2.37600000e-08 -3.55725642e-03 
 2.37800000e-08 -3.51276541e-03 
 2.38000000e-08 -3.46773151e-03 
 2.38200000e-08 -3.42216223e-03 
 2.38400000e-08 -3.37606514e-03 
 2.38600000e-08 -3.32944788e-03 
 2.38800000e-08 -3.28231817e-03 
 2.39000000e-08 -3.23468377e-03 
 2.39200000e-08 -3.18655250e-03 
 2.39400000e-08 -3.13793225e-03 
 2.39600000e-08 -3.08883096e-03 
 2.39800000e-08 -3.03925664e-03 
 2.40000000e-08 -2.98921733e-03 
 2.40200000e-08 -2.93872113e-03 
 2.40400000e-08 -2.88777621e-03 
 2.40600000e-08 -2.83639076e-03 
 2.40800000e-08 -2.78457303e-03 
 2.41000000e-08 -2.73233133e-03 
 2.41200000e-08 -2.67967399e-03 
 2.41400000e-08 -2.62660941e-03 
 2.41600000e-08 -2.57314600e-03 
 2.41800000e-08 -2.51929223e-03 
 2.42000000e-08 -2.46505661e-03 
 2.42200000e-08 -2.41044769e-03 
 2.42400000e-08 -2.35547404e-03 
 2.42600000e-08 -2.30014429e-03 
 2.42800000e-08 -2.24446707e-03 
 2.43000000e-08 -2.18845108e-03 
 2.43200000e-08 -2.13210503e-03 
 2.43400000e-08 -2.07543765e-03 
 2.43600000e-08 -2.01845774e-03 
 2.43800000e-08 -1.96117408e-03 
 2.44000000e-08 -1.90359550e-03 
 2.44200000e-08 -1.84573086e-03 
 2.44400000e-08 -1.78758904e-03 
 2.44600000e-08 -1.72917895e-03 
 2.44800000e-08 -1.67050950e-03 
 2.45000000e-08 -1.61158964e-03 
 2.45200000e-08 -1.55242835e-03 
 2.45400000e-08 -1.49303461e-03 
 2.45600000e-08 -1.43341743e-03 
 2.45800000e-08 -1.37358583e-03 
 2.46000000e-08 -1.31354886e-03 
 2.46200000e-08 -1.25331557e-03 
 2.46400000e-08 -1.19289504e-03 
 2.46600000e-08 -1.13229636e-03 
 2.46800000e-08 -1.07152863e-03 
 2.47000000e-08 -1.01060097e-03 
 2.47200000e-08 -9.49522509e-04 
 2.47400000e-08 -8.88302381e-04 
 2.47600000e-08 -8.26949741e-04 
 2.47800000e-08 -7.65473748e-04 
 2.48000000e-08 -7.03883575e-04 
 2.48200000e-08 -6.42188400e-04 
 2.48400000e-08 -5.80397410e-04 
 2.48600000e-08 -5.18519800e-04 
 2.48800000e-08 -4.56564771e-04 
 2.49000000e-08 -3.94541531e-04 
 2.49200000e-08 -3.32459292e-04 
 2.49400000e-08 -2.70327272e-04 
 2.49600000e-08 -2.08154693e-04 
 2.49800000e-08 -1.45950779e-04 
 2.50000000e-08 -8.37247584e-05 
 2.50200000e-08 -2.14858611e-05 
 2.50400000e-08  4.07566812e-05 
 2.50600000e-08  1.02993636e-04 
 2.50800000e-08  1.65215771e-04 
 2.51000000e-08  2.27413853e-04 
 2.51200000e-08  2.89578651e-04 
 2.51400000e-08  3.51700934e-04 
 2.51600000e-08  4.13771476e-04 
 2.51800000e-08  4.75781052e-04 
 2.52000000e-08  5.37720440e-04 
 2.52200000e-08  5.99580423e-04 
 2.52400000e-08  6.61351790e-04 
 2.52600000e-08  7.23025333e-04 
 2.52800000e-08  7.84591853e-04 
 2.53000000e-08  8.46042156e-04 
 2.53200000e-08  9.07367057e-04 
 2.53400000e-08  9.68557379e-04 
 2.53600000e-08  1.02960395e-03 
 2.53800000e-08  1.09049762e-03 
 2.54000000e-08  1.15122924e-03 
 2.54200000e-08  1.21178966e-03 
 2.54400000e-08  1.27216977e-03 
 2.54600000e-08  1.33236046e-03 
 2.54800000e-08  1.39235263e-03 
 2.55000000e-08  1.45213720e-03 
 2.55200000e-08  1.51170510e-03 
 2.55400000e-08  1.57104727e-03 
 2.55600000e-08  1.63015470e-03 
 2.55800000e-08  1.68901837e-03 
 2.56000000e-08  1.74762927e-03 
 2.56200000e-08  1.80597845e-03 
 2.56400000e-08  1.86405693e-03 
 2.56600000e-08  1.92185581e-03 
 2.56800000e-08  1.97936616e-03 
 2.57000000e-08  2.03657910e-03 
 2.57200000e-08  2.09348579e-03 
 2.57400000e-08  2.15007739e-03 
 2.57600000e-08  2.20634509e-03 
 2.57800000e-08  2.26228013e-03 
 2.58000000e-08  2.31787377e-03 
 2.58200000e-08  2.37311729e-03 
 2.58400000e-08  2.42800202e-03 
 2.58600000e-08  2.48251931e-03 
 2.58800000e-08  2.53666056e-03 
 2.59000000e-08  2.59041719e-03 
 2.59200000e-08  2.64378067e-03 
 2.59400000e-08  2.69674251e-03 
 2.59600000e-08  2.74929426e-03 
 2.59800000e-08  2.80142751e-03 
 2.60000000e-08  2.85313389e-03 
 2.60200000e-08  2.90440508e-03 
 2.60400000e-08  2.95523281e-03 
 2.60600000e-08  3.00560885e-03 
 2.60800000e-08  3.05552503e-03 
 2.61000000e-08  3.10497322e-03 
 2.61200000e-08  3.15394536e-03 
 2.61400000e-08  3.20243343e-03 
 2.61600000e-08  3.25042947e-03 
 2.61800000e-08  3.29792557e-03 
 2.62000000e-08  3.34491391e-03 
 2.62200000e-08  3.39138670e-03 
 2.62400000e-08  3.43733622e-03 
 2.62600000e-08  3.48275482e-03 
 2.62800000e-08  3.52763492e-03 
 2.63000000e-08  3.57196900e-03 
 2.63200000e-08  3.61574962e-03 
 2.63400000e-08  3.65896941e-03 
 2.63600000e-08  3.70162106e-03 
 2.63800000e-08  3.74369735e-03 
 2.64000000e-08  3.78519113e-03 
 2.64200000e-08  3.82609534e-03 
 2.64400000e-08  3.86640299e-03 
 2.64600000e-08  3.90610718e-03 
 2.64800000e-08  3.94520109e-03 
 2.65000000e-08  3.98367800e-03 
 2.65200000e-08  4.02153125e-03 
 2.65400000e-08  4.05875429e-03 
 2.65600000e-08  4.09534068e-03 
 2.65800000e-08  4.13128403e-03 
 2.66000000e-08  4.16657809e-03 
 2.66200000e-08  4.20121668e-03 
 2.66400000e-08  4.23519372e-03 
 2.66600000e-08  4.26850325e-03 
 2.66800000e-08  4.30113941e-03 
 2.67000000e-08  4.33309642e-03 
 2.67200000e-08  4.36436864e-03 
 2.67400000e-08  4.39495051e-03 
 2.67600000e-08  4.42483661e-03 
 2.67800000e-08  4.45402160e-03 
 2.68000000e-08  4.48250028e-03 
 2.68200000e-08  4.51026755e-03 
 2.68400000e-08  4.53731843e-03 
 2.68600000e-08  4.56364807e-03 
 2.68800000e-08  4.58925173e-03 
 2.69000000e-08  4.61412480e-03 
 2.69200000e-08  4.63826277e-03 
 2.69400000e-08  4.66166128e-03 
 2.69600000e-08  4.68431610e-03 
 2.69800000e-08  4.70622310e-03 
 2.70000000e-08  4.72737832e-03 
 2.70200000e-08  4.74777788e-03 
 2.70400000e-08  4.76741808e-03 
 2.70600000e-08  4.78629533e-03 
 2.70800000e-08  4.80440618e-03 
 2.71000000e-08  4.82174731e-03 
 2.71200000e-08  4.83831554e-03 
 2.71400000e-08  4.85410784e-03 
 2.71600000e-08  4.86912131e-03 
 2.71800000e-08  4.88335318e-03 
 2.72000000e-08  4.89680084e-03 
 2.72200000e-08  4.90946181e-03 
 2.72400000e-08  4.92133376e-03 
 2.72600000e-08  4.93241451e-03 
 2.72800000e-08  4.94270202e-03 
 2.73000000e-08  4.95219438e-03 
 2.73200000e-08  4.96088985e-03 
 2.73400000e-08  4.96878682e-03 
 2.73600000e-08  4.97588384e-03 
 2.73800000e-08  4.98217961e-03 
 2.74000000e-08  4.98767297e-03 
 2.74200000e-08  4.99236290e-03 
 2.74400000e-08  4.99624856e-03 
 2.74600000e-08  4.99932923e-03 
 2.74800000e-08  5.00160436e-03 
 2.75000000e-08  5.00307353e-03 
 2.75200000e-08  5.00373650e-03 
 2.75400000e-08  5.00359314e-03 
 2.75600000e-08  5.00264352e-03 
 2.75800000e-08  5.00088782e-03 
 2.76000000e-08  4.99832638e-03 
 2.76200000e-08  4.99495971e-03 
 2.76400000e-08  4.99078845e-03 
 2.76600000e-08  4.98581339e-03 
 2.76800000e-08  4.98003548e-03 
 2.77000000e-08  4.97345582e-03 
 2.77200000e-08  4.96607564e-03 
 2.77400000e-08  4.95789634e-03 
 2.77600000e-08  4.94891945e-03 
 2.77800000e-08  4.93914667e-03 
 2.78000000e-08  4.92857982e-03 
 2.78200000e-08  4.91722089e-03 
 2.78400000e-08  4.90507199e-03 
 2.78600000e-08  4.89213539e-03 
 2.78800000e-08  4.87841350e-03 
 2.79000000e-08  4.86390888e-03 
 2.79200000e-08  4.84862421e-03 
 2.79400000e-08  4.83256234e-03 
 2.79600000e-08  4.81572623e-03 
 2.79800000e-08  4.79811900e-03 
 2.80000000e-08  4.77974390e-03 
 2.80200000e-08  4.76060430e-03 
 2.80400000e-08  4.74070373e-03 
 2.80600000e-08  4.72004584e-03 
 2.80800000e-08  4.69863441e-03 
 2.81000000e-08  4.67647336e-03 
 2.81200000e-08  4.65356674e-03 
 2.81400000e-08  4.62991870e-03 
 2.81600000e-08  4.60553356e-03 
 2.81800000e-08  4.58041573e-03 
 2.82000000e-08  4.55456975e-03 
 2.82200000e-08  4.52800031e-03 
 2.82400000e-08  4.50071218e-03 
 2.82600000e-08  4.47271026e-03 
 2.82800000e-08  4.44399959e-03 
 2.83000000e-08  4.41458530e-03 
 2.83200000e-08  4.38447264e-03 
 2.83400000e-08  4.35366697e-03 
 2.83600000e-08  4.32217378e-03 
 2.83800000e-08  4.28999863e-03 
 2.84000000e-08  4.25714722e-03 
 2.84200000e-08  4.22362534e-03 
 2.84400000e-08  4.18943889e-03 
 2.84600000e-08  4.15459387e-03 
 2.84800000e-08  4.11909637e-03 
 2.85000000e-08  4.08295258e-03 
 2.85200000e-08  4.04616880e-03 
 2.85400000e-08  4.00875141e-03 
 2.85600000e-08  3.97070689e-03 
 2.85800000e-08  3.93204181e-03 
 2.86000000e-08  3.89276281e-03 
 2.86200000e-08  3.85287664e-03 
 2.86400000e-08  3.81239013e-03 
 2.86600000e-08  3.77131019e-03 
 2.86800000e-08  3.72964381e-03 
 2.87000000e-08  3.68739805e-03 
 2.87200000e-08  3.64458007e-03 
 2.87400000e-08  3.60119710e-03 
 2.87600000e-08  3.55725642e-03 
 2.87800000e-08  3.51276541e-03 
 2.88000000e-08  3.46773151e-03 
 2.88200000e-08  3.42216223e-03 
 2.88400000e-08  3.37606514e-03 
 2.88600000e-08  3.32944788e-03 
 2.88800000e-08  3.28231817e-03 
 2.89000000e-08  3.23468377e-03 
 2.89200000e-08  3.18655250e-03 
 2.89400000e-08  3.13793225e-03 
 2.89600000e-08  3.08883096e-03 
 2.89800000e-08  3.03925664e-03 
 2.90000000e-08  2.98921733e-03 
 2.90200000e-08  2.93872113e-03 
 2.90400000e-08  2.88777621e-03 
 2.90600000e-08  2.83639076e-03 
 2.90800000e-08  2.78457303e-03 
 2.91000000e-08  2.73233133e-03 
 2.91200000e-08  2.67967399e-03 
 2.91400000e-08  2.62660941e-03 
 2.91600000e-08  2.57314600e-03 
 2.91800000e-08  2.51929223e-03 
 2.92000000e-08  2.46505661e-03 
 2.92200000e-08  2.41044769e-03 
 2.92400000e-08  2.35547404e-03 
 2.92600000e-08  2.30014429e-03 
 2.92800000e-08  2.24446707e-03 
 2.93000000e-08  2.18845108e-03 
 2.93200000e-08  2.13210503e-03 
 2.93400000e-08  2.07543765e-03 
 2.93600000e-08  2.01845774e-03 
 2.93800000e-08  1.96117408e-03 
 2.94000000e-08  1.90359550e-03 
 2.94200000e-08  1.84573086e-03 
 2.94400000e-08  1.78758904e-03 
 2.94600000e-08  1.72917895e-03 
 2.94800000e-08  1.67050950e-03 
 2.95000000e-08  1.61158964e-03 
 2.95200000e-08  1.55242835e-03 
 2.95400000e-08  1.49303461e-03 
 2.95600000e-08  1.43341743e-03 
 2.95800000e-08  1.37358583e-03 
 2.96000000e-08  1.31354886e-03 
 2.96200000e-08  1.25331557e-03 
 2.96400000e-08  1.19289504e-03 
 2.96600000e-08  1.13229636e-03 
 2.96800000e-08  1.07152863e-03 
 2.97000000e-08  1.01060097e-03 
 2.97200000e-08  9.49522509e-04 
 2.97400000e-08  8.88302381e-04 
 2.97600000e-08  8.26949741e-04 
 2.97800000e-08  7.65473748e-04 
 2.98000000e-08  7.03883575e-04 
 2.98200000e-08  6.42188400e-04 
 2.98400000e-08  5.80397410e-04 
 2.98600000e-08  5.18519800e-04 
 2.98800000e-08  4.56564771e-04 
 2.99000000e-08  3.94541531e-04 
 2.99200000e-08  3.32459292e-04 
 2.99400000e-08  2.70327272e-04 
 2.99600000e-08  2.08154693e-04 
 2.99800000e-08  1.45950779e-04 
 3.00000000e-08  8.37247584e-05 
 3.00200000e-08  2.14858611e-05 
 3.00400000e-08 -4.07566812e-05 
 3.00600000e-08 -1.02993636e-04 
 3.00800000e-08 -1.65215771e-04 
 3.01000000e-08 -2.27413853e-04 
 3.01200000e-08 -2.89578651e-04 
 3.01400000e-08 -3.51700934e-04 
 3.01600000e-08 -4.13771476e-04 
 3.01800000e-08 -4.75781052e-04 
 3.02000000e-08 -5.37720440e-04 
 3.02200000e-08 -5.99580423e-04 
 3.02400000e-08 -6.61351790e-04 
 3.02600000e-08 -7.23025333e-04 
 3.02800000e-08 -7.84591853e-04 
 3.03000000e-08 -8.46042156e-04 
 3.03200000e-08 -9.07367057e-04 
 3.03400000e-08 -9.68557379e-04 
 3.03600000e-08 -1.02960395e-03 
 3.03800000e-08 -1.09049762e-03 
 3.04000000e-08 -1.15122924e-03 
 3.04200000e-08 -1.21178966e-03 
 3.04400000e-08 -1.27216977e-03 
 3.04600000e-08 -1.33236046e-03 
 3.04800000e-08 -1.39235263e-03 
 3.05000000e-08 -1.45213720e-03 
 3.05200000e-08 -1.51170510e-03 
 3.05400000e-08 -1.57104727e-03 
 3.05600000e-08 -1.63015470e-03 
 3.05800000e-08 -1.68901837e-03 
 3.06000000e-08 -1.74762927e-03 
 3.06200000e-08 -1.80597845e-03 
 3.06400000e-08 -1.86405693e-03 
 3.06600000e-08 -1.92185581e-03 
 3.06800000e-08 -1.97936616e-03 
 3.07000000e-08 -2.03657910e-03 
 3.07200000e-08 -2.09348579e-03 
 3.07400000e-08 -2.15007739e-03 
 3.07600000e-08 -2.20634509e-03 
 3.07800000e-08 -2.26228013e-03 
 3.08000000e-08 -2.31787377e-03 
 3.08200000e-08 -2.37311729e-03 
 3.08400000e-08 -2.42800202e-03 
 3.08600000e-08 -2.48251931e-03 
 3.08800000e-08 -2.53666056e-03 
 3.09000000e-08 -2.59041719e-03 
 3.09200000e-08 -2.64378067e-03 
 3.09400000e-08 -2.69674251e-03 
 3.09600000e-08 -2.74929426e-03 
 3.09800000e-08 -2.80142751e-03 
 3.10000000e-08 -2.85313389e-03 
 3.10200000e-08 -2.90440508e-03 
 3.10400000e-08 -2.95523281e-03 
 3.10600000e-08 -3.00560885e-03 
 3.10800000e-08 -3.05552503e-03 
 3.11000000e-08 -3.10497322e-03 
 3.11200000e-08 -3.15394536e-03 
 3.11400000e-08 -3.20243343e-03 
 3.11600000e-08 -3.25042947e-03 
 3.11800000e-08 -3.29792557e-03 
 3.12000000e-08 -3.34491391e-03 
 3.12200000e-08 -3.39138670e-03 
 3.12400000e-08 -3.43733622e-03 
 3.12600000e-08 -3.48275482e-03 
 3.12800000e-08 -3.52763492e-03 
 3.13000000e-08 -3.57196900e-03 
 3.13200000e-08 -3.61574962e-03 
 3.13400000e-08 -3.65896941e-03 
 3.13600000e-08 -3.70162106e-03 
 3.13800000e-08 -3.74369735e-03 
 3.14000000e-08 -3.78519113e-03 
 3.14200000e-08 -3.82609534e-03 
 3.14400000e-08 -3.86640299e-03 
 3.14600000e-08 -3.90610718e-03 
 3.14800000e-08 -3.94520109e-03 
 3.15000000e-08 -3.98367800e-03 
 3.15200000e-08 -4.02153125e-03 
 3.15400000e-08 -4.05875429e-03 
 3.15600000e-08 -4.09534068e-03 
 3.15800000e-08 -4.13128403e-03 
 3.16000000e-08 -4.16657809e-03 
 3.16200000e-08 -4.20121668e-03 
 3.16400000e-08 -4.23519372e-03 
 3.16600000e-08 -4.26850325e-03 
 3.16800000e-08 -4.30113941e-03 
 3.17000000e-08 -4.33309642e-03 
 3.17200000e-08 -4.36436864e-03 
 3.17400000e-08 -4.39495051e-03 
 3.17600000e-08 -4.42483661e-03 
 3.17800000e-08 -4.45402160e-03 
 3.18000000e-08 -4.48250028e-03 
 3.18200000e-08 -4.51026755e-03 
 3.18400000e-08 -4.53731843e-03 
 3.18600000e-08 -4.56364807e-03 
 3.18800000e-08 -4.58925173e-03 
 3.19000000e-08 -4.61412480e-03 
 3.19200000e-08 -4.63826277e-03 
 3.19400000e-08 -4.66166128e-03 
 3.19600000e-08 -4.68431610e-03 
 3.19800000e-08 -4.70622310e-03 
 3.20000000e-08 -4.72737832e-03 
 3.20200000e-08 -4.74777788e-03 
 3.20400000e-08 -4.76741808e-03 
 3.20600000e-08 -4.78629533e-03 
 3.20800000e-08 -4.80440618e-03 
 3.21000000e-08 -4.82174731e-03 
 3.21200000e-08 -4.83831554e-03 
 3.21400000e-08 -4.85410784e-03 
 3.21600000e-08 -4.86912131e-03 
 3.21800000e-08 -4.88335318e-03 
 3.22000000e-08 -4.89680084e-03 
 3.22200000e-08 -4.90946181e-03 
 3.22400000e-08 -4.92133376e-03 
 3.22600000e-08 -4.93241451e-03 
 3.22800000e-08 -4.94270202e-03 
 3.23000000e-08 -4.95219438e-03 
 3.23200000e-08 -4.96088985e-03 
 3.23400000e-08 -4.96878682e-03 
 3.23600000e-08 -4.97588384e-03 
 3.23800000e-08 -4.98217961e-03 
 3.24000000e-08 -4.98767297e-03 
 3.24200000e-08 -4.99236290e-03 
 3.24400000e-08 -4.99624856e-03 
 3.24600000e-08 -4.99932923e-03 
 3.24800000e-08 -5.00160436e-03 
 3.25000000e-08 -5.00307353e-03 
 3.25200000e-08 -5.00373650e-03 
 3.25400000e-08 -5.00359314e-03 
 3.25600000e-08 -5.00264352e-03 
 3.25800000e-08 -5.00088782e-03 
 3.26000000e-08 -4.99832638e-03 
 3.26200000e-08 -4.99495971e-03 
 3.26400000e-08 -4.99078845e-03 
 3.26600000e-08 -4.98581339e-03 
 3.26800000e-08 -4.98003548e-03 
 3.27000000e-08 -4.97345582e-03 
 3.27200000e-08 -4.96607564e-03 
 3.27400000e-08 -4.95789634e-03 
 3.27600000e-08 -4.94891945e-03 
 3.27800000e-08 -4.93914667e-03 
 3.28000000e-08 -4.92857982e-03 
 3.28200000e-08 -4.91722089e-03 
 3.28400000e-08 -4.90507199e-03 
 3.28600000e-08 -4.89213539e-03 
 3.28800000e-08 -4.87841350e-03 
 3.29000000e-08 -4.86390888e-03 
 3.29200000e-08 -4.84862421e-03 
 3.29400000e-08 -4.83256234e-03 
 3.29600000e-08 -4.81572623e-03 
 3.29800000e-08 -4.79811900e-03 
 3.30000000e-08 -4.77974390e-03 
 3.30200000e-08 -4.76060430e-03 
 3.30400000e-08 -4.74070373e-03 
 3.30600000e-08 -4.72004584e-03 
 3.30800000e-08 -4.69863441e-03 
 3.31000000e-08 -4.67647336e-03 
 3.31200000e-08 -4.65356674e-03 
 3.31400000e-08 -4.62991870e-03 
 3.31600000e-08 -4.60553356e-03 
 3.31800000e-08 -4.58041573e-03 
 3.32000000e-08 -4.55456975e-03 
 3.32200000e-08 -4.52800031e-03 
 3.32400000e-08 -4.50071218e-03 
 3.32600000e-08 -4.47271026e-03 
 3.32800000e-08 -4.44399959e-03 
 3.33000000e-08 -4.41458530e-03 
 3.33200000e-08 -4.38447264e-03 
 3.33400000e-08 -4.35366697e-03 
 3.33600000e-08 -4.32217378e-03 
 3.33800000e-08 -4.28999863e-03 
 3.34000000e-08 -4.25714722e-03 
 3.34200000e-08 -4.22362534e-03 
 3.34400000e-08 -4.18943889e-03 
 3.34600000e-08 -4.15459387e-03 
 3.34800000e-08 -4.11909637e-03 
 3.35000000e-08 -4.08295258e-03 
 3.35200000e-08 -4.04616880e-03 
 3.35400000e-08 -4.00875141e-03 
 3.35600000e-08 -3.97070689e-03 
 3.35800000e-08 -3.93204181e-03 
 3.36000000e-08 -3.89276281e-03 
 3.36200000e-08 -3.85287664e-03 
 3.36400000e-08 -3.81239013e-03 
 3.36600000e-08 -3.77131019e-03 
 3.36800000e-08 -3.72964381e-03 
 3.37000000e-08 -3.68739805e-03 
 3.37200000e-08 -3.64458007e-03 
 3.37400000e-08 -3.60119710e-03 
 3.37600000e-08 -3.55725642e-03 
 3.37800000e-08 -3.51276541e-03 
 3.38000000e-08 -3.46773151e-03 
 3.38200000e-08 -3.42216223e-03 
 3.38400000e-08 -3.37606514e-03 
 3.38600000e-08 -3.32944788e-03 
 3.38800000e-08 -3.28231817e-03 
 3.39000000e-08 -3.23468377e-03 
 3.39200000e-08 -3.18655250e-03 
 3.39400000e-08 -3.13793225e-03 
 3.39600000e-08 -3.08883096e-03 
 3.39800000e-08 -3.03925664e-03 
 3.40000000e-08 -2.98921733e-03 
 3.40200000e-08 -2.93872113e-03 
 3.40400000e-08 -2.88777621e-03 
 3.40600000e-08 -2.83639076e-03 
 3.40800000e-08 -2.78457303e-03 
 3.41000000e-08 -2.73233133e-03 
 3.41200000e-08 -2.67967399e-03 
 3.41400000e-08 -2.62660941e-03 
 3.41600000e-08 -2.57314600e-03 
 3.41800000e-08 -2.51929223e-03 
 3.42000000e-08 -2.46505661e-03 
 3.42200000e-08 -2.41044769e-03 
 3.42400000e-08 -2.35547404e-03 
 3.42600000e-08 -2.30014429e-03 
 3.42800000e-08 -2.24446707e-03 
 3.43000000e-08 -2.18845108e-03 
 3.43200000e-08 -2.13210503e-03 
 3.43400000e-08 -2.07543765e-03 
 3.43600000e-08 -2.01845774e-03 
 3.43800000e-08 -1.96117408e-03 
 3.44000000e-08 -1.90359550e-03 
 3.44200000e-08 -1.84573086e-03 
 3.44400000e-08 -1.78758904e-03 
 3.44600000e-08 -1.72917895e-03 
 3.44800000e-08 -1.67050950e-03 
 3.45000000e-08 -1.61158964e-03 
 3.45200000e-08 -1.55242835e-03 
 3.45400000e-08 -1.49303461e-03 
 3.45600000e-08 -1.43341743e-03 
 3.45800000e-08 -1.37358583e-03 
 3.46000000e-08 -1.31354886e-03 
 3.46200000e-08 -1.25331557e-03 
 3.46400000e-08 -1.19289504e-03 
 3.46600000e-08 -1.13229636e-03 
 3.46800000e-08 -1.07152863e-03 
 3.47000000e-08 -1.01060097e-03 
 3.47200000e-08 -9.49522509e-04 
 3.47400000e-08 -8.88302381e-04 
 3.47600000e-08 -8.26949741e-04 
 3.47800000e-08 -7.65473748e-04 
 3.48000000e-08 -7.03883575e-04 
 3.48200000e-08 -6.42188400e-04 
 3.48400000e-08 -5.80397410e-04 
 3.48600000e-08 -5.18519800e-04 
 3.48800000e-08 -4.56564771e-04 
 3.49000000e-08 -3.94541531e-04 
 3.49200000e-08 -3.32459292e-04 
 3.49400000e-08 -2.70327272e-04 
 3.49600000e-08 -2.08154693e-04 
 3.49800000e-08 -1.45950779e-04 
 3.50000000e-08 -8.37247584e-05 
 3.50200000e-08 -2.14858611e-05 
 3.50400000e-08  4.07566812e-05 
 3.50600000e-08  1.02993636e-04 
 3.50800000e-08  1.65215771e-04 
 3.51000000e-08  2.27413853e-04 
 3.51200000e-08  2.89578651e-04 
 3.51400000e-08  3.51700934e-04 
 3.51600000e-08  4.13771476e-04 
 3.51800000e-08  4.75781052e-04 
 3.52000000e-08  5.37720440e-04 
 3.52200000e-08  5.99580423e-04 
 3.52400000e-08  6.61351790e-04 
 3.52600000e-08  7.23025333e-04 
 3.52800000e-08  7.84591853e-04 
 3.53000000e-08  8.46042156e-04 
 3.53200000e-08  9.07367057e-04 
 3.53400000e-08  9.68557379e-04 
 3.53600000e-08  1.02960395e-03 
 3.53800000e-08  1.09049762e-03 
 3.54000000e-08  1.15122924e-03 
 3.54200000e-08  1.21178966e-03 
 3.54400000e-08  1.27216977e-03 
 3.54600000e-08  1.33236046e-03 
 3.54800000e-08  1.39235263e-03 
 3.55000000e-08  1.45213720e-03 
 3.55200000e-08  1.51170510e-03 
 3.55400000e-08  1.57104727e-03 
 3.55600000e-08  1.63015470e-03 
 3.55800000e-08  1.68901837e-03 
 3.56000000e-08  1.74762927e-03 
 3.56200000e-08  1.80597845e-03 
 3.56400000e-08  1.86405693e-03 
 3.56600000e-08  1.92185581e-03 
 3.56800000e-08  1.97936616e-03 
 3.57000000e-08  2.03657910e-03 
 3.57200000e-08  2.09348579e-03 
 3.57400000e-08  2.15007739e-03 
 3.57600000e-08  2.20634509e-03 
 3.57800000e-08  2.26228013e-03 
 3.58000000e-08  2.31787377e-03 
 3.58200000e-08  2.37311729e-03 
 3.58400000e-08  2.42800202e-03 
 3.58600000e-08  2.48251931e-03 
 3.58800000e-08  2.53666056e-03 
 3.59000000e-08  2.59041719e-03 
 3.59200000e-08  2.64378067e-03 
 3.59400000e-08  2.69674251e-03 
 3.59600000e-08  2.74929426e-03 
 3.59800000e-08  2.80142751e-03 
 3.60000000e-08  2.85313389e-03 
 3.60200000e-08  2.90440508e-03 
 3.60400000e-08  2.95523281e-03 
 3.60600000e-08  3.00560885e-03 
 3.60800000e-08  3.05552503e-03 
 3.61000000e-08  3.10497322e-03 
 3.61200000e-08  3.15394536e-03 
 3.61400000e-08  3.20243343e-03 
 3.61600000e-08  3.25042947e-03 
 3.61800000e-08  3.29792557e-03 
 3.62000000e-08  3.34491391e-03 
 3.62200000e-08  3.39138670e-03 
 3.62400000e-08  3.43733622e-03 
 3.62600000e-08  3.48275482e-03 
 3.62800000e-08  3.52763492e-03 
 3.63000000e-08  3.57196900e-03 
 3.63200000e-08  3.61574962e-03 
 3.63400000e-08  3.65896941e-03 
 3.63600000e-08  3.70162106e-03 
 3.63800000e-08  3.74369735e-03 
 3.64000000e-08  3.78519113e-03 
 3.64200000e-08  3.82609534e-03 
 3.64400000e-08  3.86640299e-03 
 3.64600000e-08  3.90610718e-03 
 3.64800000e-08  3.94520109e-03 
 3.65000000e-08  3.98367800e-03 
 3.65200000e-08  4.02153125e-03 
 3.65400000e-08  4.05875429e-03 
 3.65600000e-08  4.09534068e-03 
 3.65800000e-08  4.13128403e-03 
 3.66000000e-08  4.16657809e-03 
 3.66200000e-08  4.20121668e-03 
 3.66400000e-08  4.23519372e-03 
 3.66600000e-08  4.26850325e-03 
 3.66800000e-08  4.30113941e-03 
 3.67000000e-08  4.33309642e-03 
 3.67200000e-08  4.36436864e-03 
 3.67400000e-08  4.39495051e-03 
 3.67600000e-08  4.42483661e-03 
 3.67800000e-08  4.45402160e-03 
 3.68000000e-08  4.48250028e-03 
 3.68200000e-08  4.51026755e-03 
 3.68400000e-08  4.53731843e-03 
 3.68600000e-08  4.56364807e-03 
 3.68800000e-08  4.58925173e-03 
 3.69000000e-08  4.61412480e-03 
 3.69200000e-08  4.63826277e-03 
 3.69400000e-08  4.66166128e-03 
 3.69600000e-08  4.68431610e-03 
 3.69800000e-08  4.70622310e-03 
 3.70000000e-08  4.72737832e-03 
 3.70200000e-08  4.74777788e-03 
 3.70400000e-08  4.76741808e-03 
 3.70600000e-08  4.78629533e-03 
 3.70800000e-08  4.80440618e-03 
 3.71000000e-08  4.82174731e-03 
 3.71200000e-08  4.83831554e-03 
 3.71400000e-08  4.85410784e-03 
 3.71600000e-08  4.86912131e-03 
 3.71800000e-08  4.88335318e-03 
 3.72000000e-08  4.89680084e-03 
 3.72200000e-08  4.90946181e-03 
 3.72400000e-08  4.92133376e-03 
 3.72600000e-08  4.93241451e-03 
 3.72800000e-08  4.94270202e-03 
 3.73000000e-08  4.95219438e-03 
 3.73200000e-08  4.96088985e-03 
 3.73400000e-08  4.96878682e-03 
 3.73600000e-08  4.97588384e-03 
 3.73800000e-08  4.98217961e-03 
 3.74000000e-08  4.98767297e-03 
 3.74200000e-08  4.99236290e-03 
 3.74400000e-08  4.99624856e-03 
 3.74600000e-08  4.99932923e-03 
 3.74800000e-08  5.00160436e-03 
 3.75000000e-08  5.00307353e-03 
 3.75200000e-08  5.00373650e-03 
 3.75400000e-08  5.00359314e-03 
 3.75600000e-08  5.00264352e-03 
 3.75800000e-08  5.00088782e-03 
 3.76000000e-08  4.99832638e-03 
 3.76200000e-08  4.99495971e-03 
 3.76400000e-08  4.99078845e-03 
 3.76600000e-08  4.98581339e-03 
 3.76800000e-08  4.98003548e-03 
 3.77000000e-08  4.97345582e-03 
 3.77200000e-08  4.96607564e-03 
 3.77400000e-08  4.95789634e-03 
 3.77600000e-08  4.94891945e-03 
 3.77800000e-08  4.93914667e-03 
 3.78000000e-08  4.92857982e-03 
 3.78200000e-08  4.91722089e-03 
 3.78400000e-08  4.90507199e-03 
 3.78600000e-08  4.89213539e-03 
 3.78800000e-08  4.87841350e-03 
 3.79000000e-08  4.86390888e-03 
 3.79200000e-08  4.84862421e-03 
 3.79400000e-08  4.83256234e-03 
 3.79600000e-08  4.81572623e-03 
 3.79800000e-08  4.79811900e-03 
 3.80000000e-08  4.77974390e-03 
 3.80200000e-08  4.76060430e-03 
 3.80400000e-08  4.74070373e-03 
 3.80600000e-08  4.72004584e-03 
 3.80800000e-08  4.69863441e-03 
 3.81000000e-08  4.67647336e-03 
 3.81200000e-08  4.65356674e-03 
 3.81400000e-08  4.62991870e-03 
 3.81600000e-08  4.60553356e-03 
 3.81800000e-08  4.58041573e-03 
 3.82000000e-08  4.55456975e-03 
 3.82200000e-08  4.52800031e-03 
 3.82400000e-08  4.50071218e-03 
 3.82600000e-08  4.47271026e-03 
 3.82800000e-08  4.44399959e-03 
 3.83000000e-08  4.41458530e-03 
 3.83200000e-08  4.38447264e-03 
 3.83400000e-08  4.35366697e-03 
 3.83600000e-08  4.32217378e-03 
 3.83800000e-08  4.28999863e-03 
 3.84000000e-08  4.25714722e-03 
 3.84200000e-08  4.22362534e-03 
 3.84400000e-08  4.18943889e-03 
 3.84600000e-08  4.15459387e-03 
 3.84800000e-08  4.11909637e-03 
 3.85000000e-08  4.08295258e-03 
 3.85200000e-08  4.04616880e-03 
 3.85400000e-08  4.00875141e-03 
 3.85600000e-08  3.97070689e-03 
 3.85800000e-08  3.93204181e-03 
 3.86000000e-08  3.89276281e-03 
 3.86200000e-08  3.85287664e-03 
 3.86400000e-08  3.81239013e-03 
 3.86600000e-08  3.77131019e-03 
 3.86800000e-08  3.72964381e-03 
 3.87000000e-08  3.68739805e-03 
 3.87200000e-08  3.64458007e-03 
 3.87400000e-08  3.60119710e-03 
 3.87600000e-08  3.55725642e-03 
 3.87800000e-08  3.51276541e-03 
 3.88000000e-08  3.46773151e-03 
 3.88200000e-08  3.42216223e-03 
 3.88400000e-08  3.37606514e-03 
 3.88600000e-08  3.32944788e-03 
 3.88800000e-08  3.28231817e-03 
 3.89000000e-08  3.23468377e-03 
 3.89200000e-08  3.18655250e-03 
 3.89400000e-08  3.13793225e-03 
 3.89600000e-08  3.08883096e-03 
 3.89800000e-08  3.03925664e-03 
 3.90000000e-08  2.98921733e-03 
 3.90200000e-08  2.93872113e-03 
 3.90400000e-08  2.88777621e-03 
 3.90600000e-08  2.83639076e-03 
 3.90800000e-08  2.78457303e-03 
 3.91000000e-08  2.73233133e-03 
 3.91200000e-08  2.67967399e-03 
 3.91400000e-08  2.62660941e-03 
 3.91600000e-08  2.57314600e-03 
 3.91800000e-08  2.51929223e-03 
 3.92000000e-08  2.46505661e-03 
 3.92200000e-08  2.41044769e-03 
 3.92400000e-08  2.35547404e-03 
 3.92600000e-08  2.30014429e-03 
 3.92800000e-08  2.24446707e-03 
 3.93000000e-08  2.18845108e-03 
 3.93200000e-08  2.13210503e-03 
 3.93400000e-08  2.07543765e-03 
 3.93600000e-08  2.01845774e-03 
 3.93800000e-08  1.96117408e-03 
 3.94000000e-08  1.90359550e-03 
 3.94200000e-08  1.84573086e-03 
 3.94400000e-08  1.78758904e-03 
 3.94600000e-08  1.72917895e-03 
 3.94800000e-08  1.67050950e-03 
 3.95000000e-08  1.61158964e-03 
 3.95200000e-08  1.55242835e-03 
 3.95400000e-08  1.49303461e-03 
 3.95600000e-08  1.43341743e-03 
 3.95800000e-08  1.37358583e-03 
 3.96000000e-08  1.31354886e-03 
 3.96200000e-08  1.25331557e-03 
 3.96400000e-08  1.19289504e-03 
 3.96600000e-08  1.13229636e-03 
 3.96800000e-08  1.07152863e-03 
 3.97000000e-08  1.01060097e-03 
 3.97200000e-08  9.49522509e-04 
 3.97400000e-08  8.88302381e-04 
 3.97600000e-08  8.26949741e-04 
 3.97800000e-08  7.65473748e-04 
 3.98000000e-08  7.03883575e-04 
 3.98200000e-08  6.42188400e-04 
 3.98400000e-08  5.80397410e-04 
 3.98600000e-08  5.18519800e-04 
 3.98800000e-08  4.56564771e-04 
 3.99000000e-08  3.94541531e-04 
 3.99200000e-08  3.32459292e-04 
 3.99400000e-08  2.70327272e-04 
 3.99600000e-08  2.08154693e-04 
 3.99800000e-08  1.45950779e-04 
 4.00000000e-08  8.37247584e-05 
 4.00200000e-08  2.14858611e-05 
 4.00400000e-08 -4.07566812e-05 
 4.00600000e-08 -1.02993636e-04 
 4.00800000e-08 -1.65215771e-04 
 4.01000000e-08 -2.27413853e-04 
 4.01200000e-08 -2.89578651e-04 
 4.01400000e-08 -3.51700934e-04 
 4.01600000e-08 -4.13771476e-04 
 4.01800000e-08 -4.75781052e-04 
 4.02000000e-08 -5.37720440e-04 
 4.02200000e-08 -5.99580423e-04 
 4.02400000e-08 -6.61351790e-04 
 4.02600000e-08 -7.23025333e-04 
 4.02800000e-08 -7.84591853e-04 
 4.03000000e-08 -8.46042156e-04 
 4.03200000e-08 -9.07367057e-04 
 4.03400000e-08 -9.68557379e-04 
 4.03600000e-08 -1.02960395e-03 
 4.03800000e-08 -1.09049762e-03 
 4.04000000e-08 -1.15122924e-03 
 4.04200000e-08 -1.21178966e-03 
 4.04400000e-08 -1.27216977e-03 
 4.04600000e-08 -1.33236046e-03 
 4.04800000e-08 -1.39235263e-03 
 4.05000000e-08 -1.45213720e-03 
 4.05200000e-08 -1.51170510e-03 
 4.05400000e-08 -1.57104727e-03 
 4.05600000e-08 -1.63015470e-03 
 4.05800000e-08 -1.68901837e-03 
 4.06000000e-08 -1.74762927e-03 
 4.06200000e-08 -1.80597845e-03 
 4.06400000e-08 -1.86405693e-03 
 4.06600000e-08 -1.92185581e-03 
 4.06800000e-08 -1.97936616e-03 
 4.07000000e-08 -2.03657910e-03 
 4.07200000e-08 -2.09348579e-03 
 4.07400000e-08 -2.15007739e-03 
 4.07600000e-08 -2.20634509e-03 
 4.07800000e-08 -2.26228013e-03 
 4.08000000e-08 -2.31787377e-03 
 4.08200000e-08 -2.37311729e-03 
 4.08400000e-08 -2.42800202e-03 
 4.08600000e-08 -2.48251931e-03 
 4.08800000e-08 -2.53666056e-03 
 4.09000000e-08 -2.59041719e-03 
 4.09200000e-08 -2.64378067e-03 
 4.09400000e-08 -2.69674251e-03 
 4.09600000e-08 -2.74929426e-03 
 4.09800000e-08 -2.80142751e-03 
 4.10000000e-08 -2.85313389e-03 
 4.10200000e-08 -2.90440508e-03 
 4.10400000e-08 -2.95523281e-03 
 4.10600000e-08 -3.00560885e-03 
 4.10800000e-08 -3.05552503e-03 
 4.11000000e-08 -3.10497322e-03 
 4.11200000e-08 -3.15394536e-03 
 4.11400000e-08 -3.20243343e-03 
 4.11600000e-08 -3.25042947e-03 
 4.11800000e-08 -3.29792557e-03 
 4.12000000e-08 -3.34491391e-03 
 4.12200000e-08 -3.39138670e-03 
 4.12400000e-08 -3.43733622e-03 
 4.12600000e-08 -3.48275482e-03 
 4.12800000e-08 -3.52763492e-03 
 4.13000000e-08 -3.57196900e-03 
 4.13200000e-08 -3.61574962e-03 
 4.13400000e-08 -3.65896941e-03 
 4.13600000e-08 -3.70162106e-03 
 4.13800000e-08 -3.74369735e-03 
 4.14000000e-08 -3.78519113e-03 
 4.14200000e-08 -3.82609534e-03 
 4.14400000e-08 -3.86640299e-03 
 4.14600000e-08 -3.90610718e-03 
 4.14800000e-08 -3.94520109e-03 
 4.15000000e-08 -3.98367800e-03 
 4.15200000e-08 -4.02153125e-03 
 4.15400000e-08 -4.05875429e-03 
 4.15600000e-08 -4.09534068e-03 
 4.15800000e-08 -4.13128403e-03 
 4.16000000e-08 -4.16657809e-03 
 4.16200000e-08 -4.20121668e-03 
 4.16400000e-08 -4.23519372e-03 
 4.16600000e-08 -4.26850325e-03 
 4.16800000e-08 -4.30113941e-03 
 4.17000000e-08 -4.33309642e-03 
 4.17200000e-08 -4.36436864e-03 
 4.17400000e-08 -4.39495051e-03 
 4.17600000e-08 -4.42483661e-03 
 4.17800000e-08 -4.45402160e-03 
 4.18000000e-08 -4.48250028e-03 
 4.18200000e-08 -4.51026755e-03 
 4.18400000e-08 -4.53731843e-03 
 4.18600000e-08 -4.56364807e-03 
 4.18800000e-08 -4.58925173e-03 
 4.19000000e-08 -4.61412480e-03 
 4.19200000e-08 -4.63826277e-03 
 4.19400000e-08 -4.66166128e-03 
 4.19600000e-08 -4.68431610e-03 
 4.19800000e-08 -4.70622310e-03 
 4.20000000e-08 -4.72737832e-03 
 4.20200000e-08 -4.74777788e-03 
 4.20400000e-08 -4.76741808e-03 
 4.20600000e-08 -4.78629533e-03 
 4.20800000e-08 -4.80440618e-03 
 4.21000000e-08 -4.82174731e-03 
 4.21200000e-08 -4.83831554e-03 
 4.21400000e-08 -4.85410784e-03 
 4.21600000e-08 -4.86912131e-03 
 4.21800000e-08 -4.88335318e-03 
 4.22000000e-08 -4.89680084e-03 
 4.22200000e-08 -4.90946181e-03 
 4.22400000e-08 -4.92133376e-03 
 4.22600000e-08 -4.93241451e-03 
 4.22800000e-08 -4.94270202e-03 
 4.23000000e-08 -4.95219438e-03 
 4.23200000e-08 -4.96088985e-03 
 4.23400000e-08 -4.96878682e-03 
 4.23600000e-08 -4.97588384e-03 
 4.23800000e-08 -4.98217961e-03 
 4.24000000e-08 -4.98767297e-03 
 4.24200000e-08 -4.99236290e-03 
 4.24400000e-08 -4.99624856e-03 
 4.24600000e-08 -4.99932923e-03 
 4.24800000e-08 -5.00160436e-03 
 4.25000000e-08 -5.00307353e-03 
 4.25200000e-08 -5.00373650e-03 
 4.25400000e-08 -5.00359314e-03 
 4.25600000e-08 -5.00264352e-03 
 4.25800000e-08 -5.00088782e-03 
 4.26000000e-08 -4.99832638e-03 
 4.26200000e-08 -4.99495971e-03 
 4.26400000e-08 -4.99078845e-03 
 4.26600000e-08 -4.98581339e-03 
 4.26800000e-08 -4.98003548e-03 
 4.27000000e-08 -4.97345582e-03 
 4.27200000e-08 -4.96607564e-03 
 4.27400000e-08 -4.95789634e-03 
 4.27600000e-08 -4.94891945e-03 
 4.27800000e-08 -4.93914667e-03 
 4.28000000e-08 -4.92857982e-03 
 4.28200000e-08 -4.91722089e-03 
 4.28400000e-08 -4.90507199e-03 
 4.28600000e-08 -4.89213539e-03 
 4.28800000e-08 -4.87841350e-03 
 4.29000000e-08 -4.86390888e-03 
 4.29200000e-08 -4.84862421e-03 
 4.29400000e-08 -4.83256234e-03 
 4.29600000e-08 -4.81572623e-03 
 4.29800000e-08 -4.79811900e-03 
 4.30000000e-08 -4.77974390e-03 
 4.30200000e-08 -4.76060430e-03 
 4.30400000e-08 -4.74070373e-03 
 4.30600000e-08 -4.72004584e-03 
 4.30800000e-08 -4.69863441e-03 
 4.31000000e-08 -4.67647336e-03 
 4.31200000e-08 -4.65356674e-03 
 4.31400000e-08 -4.62991870e-03 
 4.31600000e-08 -4.60553356e-03 
 4.31800000e-08 -4.58041573e-03 
 4.32000000e-08 -4.55456975e-03 
 4.32200000e-08 -4.52800031e-03 
 4.32400000e-08 -4.50071218e-03 
 4.32600000e-08 -4.47271026e-03 
 4.32800000e-08 -4.44399959e-03 
 4.33000000e-08 -4.41458530e-03 
 4.33200000e-08 -4.38447264e-03 
 4.33400000e-08 -4.35366697e-03 
 4.33600000e-08 -4.32217378e-03 
 4.33800000e-08 -4.28999863e-03 
 4.34000000e-08 -4.25714722e-03 
 4.34200000e-08 -4.22362534e-03 
 4.34400000e-08 -4.18943889e-03 
 4.34600000e-08 -4.15459387e-03 
 4.34800000e-08 -4.11909637e-03 
 4.35000000e-08 -4.08295258e-03 
 4.35200000e-08 -4.04616880e-03 
 4.35400000e-08 -4.00875141e-03 
 4.35600000e-08 -3.97070689e-03 
 4.35800000e-08 -3.93204181e-03 
 4.36000000e-08 -3.89276281e-03 
 4.36200000e-08 -3.85287664e-03 
 4.36400000e-08 -3.81239013e-03 
 4.36600000e-08 -3.77131019e-03 
 4.36800000e-08 -3.72964381e-03 
 4.37000000e-08 -3.68739805e-03 
 4.37200000e-08 -3.64458007e-03 
 4.37400000e-08 -3.60119710e-03 
 4.37600000e-08 -3.55725642e-03 
 4.37800000e-08 -3.51276541e-03 
 4.38000000e-08 -3.46773151e-03 
 4.38200000e-08 -3.42216223e-03 
 4.38400000e-08 -3.37606514e-03 
 4.38600000e-08 -3.32944788e-03 
 4.38800000e-08 -3.28231817e-03 
 4.39000000e-08 -3.23468377e-03 
 4.39200000e-08 -3.18655250e-03 
 4.39400000e-08 -3.13793225e-03 
 4.39600000e-08 -3.08883096e-03 
 4.39800000e-08 -3.03925664e-03 
 4.40000000e-08 -2.98921733e-03 
 4.40200000e-08 -2.93872113e-03 
 4.40400000e-08 -2.88777621e-03 
 4.40600000e-08 -2.83639076e-03 
 4.40800000e-08 -2.78457303e-03 
 4.41000000e-08 -2.73233133e-03 
 4.41200000e-08 -2.67967399e-03 
 4.41400000e-08 -2.62660941e-03 
 4.41600000e-08 -2.57314600e-03 
 4.41800000e-08 -2.51929223e-03 
 4.42000000e-08 -2.46505661e-03 
 4.42200000e-08 -2.41044769e-03 
 4.42400000e-08 -2.35547404e-03 
 4.42600000e-08 -2.30014429e-03 
 4.42800000e-08 -2.24446707e-03 
 4.43000000e-08 -2.18845108e-03 
 4.43200000e-08 -2.13210503e-03 
 4.43400000e-08 -2.07543765e-03 
 4.43600000e-08 -2.01845774e-03 
 4.43800000e-08 -1.96117408e-03 
 4.44000000e-08 -1.90359550e-03 
 4.44200000e-08 -1.84573086e-03 
 4.44400000e-08 -1.78758904e-03 
 4.44600000e-08 -1.72917895e-03 
 4.44800000e-08 -1.67050950e-03 
 4.45000000e-08 -1.61158964e-03 
 4.45200000e-08 -1.55242835e-03 
 4.45400000e-08 -1.49303461e-03 
 4.45600000e-08 -1.43341743e-03 
 4.45800000e-08 -1.37358583e-03 
 4.46000000e-08 -1.31354886e-03 
 4.46200000e-08 -1.25331557e-03 
 4.46400000e-08 -1.19289504e-03 
 4.46600000e-08 -1.13229636e-03 
 4.46800000e-08 -1.07152863e-03 
 4.47000000e-08 -1.01060097e-03 
 4.47200000e-08 -9.49522509e-04 
 4.47400000e-08 -8.88302381e-04 
 4.47600000e-08 -8.26949741e-04 
 4.47800000e-08 -7.65473748e-04 
 4.48000000e-08 -7.03883575e-04 
 4.48200000e-08 -6.42188400e-04 
 4.48400000e-08 -5.80397410e-04 
 4.48600000e-08 -5.18519800e-04 
 4.48800000e-08 -4.56564771e-04 
 4.49000000e-08 -3.94541531e-04 
 4.49200000e-08 -3.32459292e-04 
 4.49400000e-08 -2.70327272e-04 
 4.49600000e-08 -2.08154693e-04 
 4.49800000e-08 -1.45950779e-04 
 4.50000000e-08 -8.37247584e-05 
 4.50200000e-08 -2.14858611e-05 
 4.50400000e-08  4.07566812e-05 
 4.50600000e-08  1.02993636e-04 
 4.50800000e-08  1.65215771e-04 
 4.51000000e-08  2.27413853e-04 
 4.51200000e-08  2.89578651e-04 
 4.51400000e-08  3.51700934e-04 
 4.51600000e-08  4.13771476e-04 
 4.51800000e-08  4.75781052e-04 
 4.52000000e-08  5.37720440e-04 
 4.52200000e-08  5.99580423e-04 
 4.52400000e-08  6.61351790e-04 
 4.52600000e-08  7.23025333e-04 
 4.52800000e-08  7.84591853e-04 
 4.53000000e-08  8.46042156e-04 
 4.53200000e-08  9.07367057e-04 
 4.53400000e-08  9.68557379e-04 
 4.53600000e-08  1.02960395e-03 
 4.53800000e-08  1.09049762e-03 
 4.54000000e-08  1.15122924e-03 
 4.54200000e-08  1.21178966e-03 
 4.54400000e-08  1.27216977e-03 
 4.54600000e-08  1.33236046e-03 
 4.54800000e-08  1.39235263e-03 
 4.55000000e-08  1.45213720e-03 
 4.55200000e-08  1.51170510e-03 
 4.55400000e-08  1.57104727e-03 
 4.55600000e-08  1.63015470e-03 
 4.55800000e-08  1.68901837e-03 
 4.56000000e-08  1.74762927e-03 
 4.56200000e-08  1.80597845e-03 
 4.56400000e-08  1.86405693e-03 
 4.56600000e-08  1.92185581e-03 
 4.56800000e-08  1.97936616e-03 
 4.57000000e-08  2.03657910e-03 
 4.57200000e-08  2.09348579e-03 
 4.57400000e-08  2.15007739e-03 
 4.57600000e-08  2.20634509e-03 
 4.57800000e-08  2.26228013e-03 
 4.58000000e-08  2.31787377e-03 
 4.58200000e-08  2.37311729e-03 
 4.58400000e-08  2.42800202e-03 
 4.58600000e-08  2.48251931e-03 
 4.58800000e-08  2.53666056e-03 
 4.59000000e-08  2.59041719e-03 
 4.59200000e-08  2.64378067e-03 
 4.59400000e-08  2.69674251e-03 
 4.59600000e-08  2.74929426e-03 
 4.59800000e-08  2.80142751e-03 
 4.60000000e-08  2.85313389e-03 
 4.60200000e-08  2.90440508e-03 
 4.60400000e-08  2.95523281e-03 
 4.60600000e-08  3.00560885e-03 
 4.60800000e-08  3.05552503e-03 
 4.61000000e-08  3.10497322e-03 
 4.61200000e-08  3.15394536e-03 
 4.61400000e-08  3.20243343e-03 
 4.61600000e-08  3.25042947e-03 
 4.61800000e-08  3.29792557e-03 
 4.62000000e-08  3.34491391e-03 
 4.62200000e-08  3.39138670e-03 
 4.62400000e-08  3.43733622e-03 
 4.62600000e-08  3.48275482e-03 
 4.62800000e-08  3.52763492e-03 
 4.63000000e-08  3.57196900e-03 
 4.63200000e-08  3.61574962e-03 
 4.63400000e-08  3.65896941e-03 
 4.63600000e-08  3.70162106e-03 
 4.63800000e-08  3.74369735e-03 
 4.64000000e-08  3.78519113e-03 
 4.64200000e-08  3.82609534e-03 
 4.64400000e-08  3.86640299e-03 
 4.64600000e-08  3.90610718e-03 
 4.64800000e-08  3.94520109e-03 
 4.65000000e-08  3.98367800e-03 
 4.65200000e-08  4.02153125e-03 
 4.65400000e-08  4.05875429e-03 
 4.65600000e-08  4.09534068e-03 
 4.65800000e-08  4.13128403e-03 
 4.66000000e-08  4.16657809e-03 
 4.66200000e-08  4.20121668e-03 
 4.66400000e-08  4.23519372e-03 
 4.66600000e-08  4.26850325e-03 
 4.66800000e-08  4.30113941e-03 
 4.67000000e-08  4.33309642e-03 
 4.67200000e-08  4.36436864e-03 
 4.67400000e-08  4.39495051e-03 
 4.67600000e-08  4.42483661e-03 
 4.67800000e-08  4.45402160e-03 
 4.68000000e-08  4.48250028e-03 
 4.68200000e-08  4.51026755e-03 
 4.68400000e-08  4.53731843e-03 
 4.68600000e-08  4.56364807e-03 
 4.68800000e-08  4.58925173e-03 
 4.69000000e-08  4.61412480e-03 
 4.69200000e-08  4.63826277e-03 
 4.69400000e-08  4.66166128e-03 
 4.69600000e-08  4.68431610e-03 
 4.69800000e-08  4.70622310e-03 
 4.70000000e-08  4.72737832e-03 
 4.70200000e-08  4.74777788e-03 
 4.70400000e-08  4.76741808e-03 
 4.70600000e-08  4.78629533e-03 
 4.70800000e-08  4.80440618e-03 
 4.71000000e-08  4.82174731e-03 
 4.71200000e-08  4.83831554e-03 
 4.71400000e-08  4.85410784e-03 
 4.71600000e-08  4.86912131e-03 
 4.71800000e-08  4.88335318e-03 
 4.72000000e-08  4.89680084e-03 
 4.72200000e-08  4.90946181e-03 
 4.72400000e-08  4.92133376e-03 
 4.72600000e-08  4.93241451e-03 
 4.72800000e-08  4.94270202e-03 
 4.73000000e-08  4.95219438e-03 
 4.73200000e-08  4.96088985e-03 
 4.73400000e-08  4.96878682e-03 
 4.73600000e-08  4.97588384e-03 
 4.73800000e-08  4.98217961e-03 
 4.74000000e-08  4.98767297e-03 
 4.74200000e-08  4.99236290e-03 
 4.74400000e-08  4.99624856e-03 
 4.74600000e-08  4.99932923e-03 
 4.74800000e-08  5.00160436e-03 
 4.75000000e-08  5.00307353e-03 
 4.75200000e-08  5.00373650e-03 
 4.75400000e-08  5.00359314e-03 
 4.75600000e-08  5.00264352e-03 
 4.75800000e-08  5.00088782e-03 
 4.76000000e-08  4.99832638e-03 
 4.76200000e-08  4.99495971e-03 
 4.76400000e-08  4.99078845e-03 
 4.76600000e-08  4.98581339e-03 
 4.76800000e-08  4.98003548e-03 
 4.77000000e-08  4.97345582e-03 
 4.77200000e-08  4.96607564e-03 
 4.77400000e-08  4.95789634e-03 
 4.77600000e-08  4.94891945e-03 
 4.77800000e-08  4.93914667e-03 
 4.78000000e-08  4.92857982e-03 
 4.78200000e-08  4.91722089e-03 
 4.78400000e-08  4.90507199e-03 
 4.78600000e-08  4.89213539e-03 
 4.78800000e-08  4.87841350e-03 
 4.79000000e-08  4.86390888e-03 
 4.79200000e-08  4.84862421e-03 
 4.79400000e-08  4.83256234e-03 
 4.79600000e-08  4.81572623e-03 
 4.79800000e-08  4.79811900e-03 
 4.80000000e-08  4.77974390e-03 
 4.80200000e-08  4.76060430e-03 
 4.80400000e-08  4.74070373e-03 
 4.80600000e-08  4.72004584e-03 
 4.80800000e-08  4.69863441e-03 
 4.81000000e-08  4.67647336e-03 
 4.81200000e-08  4.65356674e-03 
 4.81400000e-08  4.62991870e-03 
 4.81600000e-08  4.60553356e-03 
 4.81800000e-08  4.58041573e-03 
 4.82000000e-08  4.55456975e-03 
 4.82200000e-08  4.52800031e-03 
 4.82400000e-08  4.50071218e-03 
 4.82600000e-08  4.47271026e-03 
 4.82800000e-08  4.44399959e-03 
 4.83000000e-08  4.41458530e-03 
 4.83200000e-08  4.38447264e-03 
 4.83400000e-08  4.35366697e-03 
 4.83600000e-08  4.32217378e-03 
 4.83800000e-08  4.28999863e-03 
 4.84000000e-08  4.25714722e-03 
 4.84200000e-08  4.22362534e-03 
 4.84400000e-08  4.18943889e-03 
 4.84600000e-08  4.15459387e-03 
 4.84800000e-08  4.11909637e-03 
 4.85000000e-08  4.08295258e-03 
 4.85200000e-08  4.04616880e-03 
 4.85400000e-08  4.00875141e-03 
 4.85600000e-08  3.97070689e-03 
 4.85800000e-08  3.93204181e-03 
 4.86000000e-08  3.89276281e-03 
 4.86200000e-08  3.85287664e-03 
 4.86400000e-08  3.81239013e-03 
 4.86600000e-08  3.77131019e-03 
 4.86800000e-08  3.72964381e-03 
 4.87000000e-08  3.68739805e-03 
 4.87200000e-08  3.64458007e-03 
 4.87400000e-08  3.60119710e-03 
 4.87600000e-08  3.55725642e-03 
 4.87800000e-08  3.51276541e-03 
 4.88000000e-08  3.46773151e-03 
 4.88200000e-08  3.42216223e-03 
 4.88400000e-08  3.37606514e-03 
 4.88600000e-08  3.32944788e-03 
 4.88800000e-08  3.28231817e-03 
 4.89000000e-08  3.23468377e-03 
 4.89200000e-08  3.18655250e-03 
 4.89400000e-08  3.13793225e-03 
 4.89600000e-08  3.08883096e-03 
 4.89800000e-08  3.03925664e-03 
 4.90000000e-08  2.98921733e-03 
 4.90200000e-08  2.93872113e-03 
 4.90400000e-08  2.88777621e-03 
 4.90600000e-08  2.83639076e-03 
 4.90800000e-08  2.78457303e-03 
 4.91000000e-08  2.73233133e-03 
 4.91200000e-08  2.67967399e-03 
 4.91400000e-08  2.62660941e-03 
 4.91600000e-08  2.57314600e-03 
 4.91800000e-08  2.51929223e-03 
 4.92000000e-08  2.46505661e-03 
 4.92200000e-08  2.41044769e-03 
 4.92400000e-08  2.35547404e-03 
 4.92600000e-08  2.30014429e-03 
 4.92800000e-08  2.24446707e-03 
 4.93000000e-08  2.18845108e-03 
 4.93200000e-08  2.13210503e-03 
 4.93400000e-08  2.07543765e-03 
 4.93600000e-08  2.01845774e-03 
 4.93800000e-08  1.96117408e-03 
 4.94000000e-08  1.90359550e-03 
 4.94200000e-08  1.84573086e-03 
 4.94400000e-08  1.78758904e-03 
 4.94600000e-08  1.72917895e-03 
 4.94800000e-08  1.67050950e-03 
 4.95000000e-08  1.61158964e-03 
 4.95200000e-08  1.55242835e-03 
 4.95400000e-08  1.49303461e-03 
 4.95600000e-08  1.43341743e-03 
 4.95800000e-08  1.37358583e-03 
 4.96000000e-08  1.31354886e-03 
 4.96200000e-08  1.25331557e-03 
 4.96400000e-08  1.19289504e-03 
 4.96600000e-08  1.13229636e-03 
 4.96800000e-08  1.07152863e-03 
 4.97000000e-08  1.01060097e-03 
 4.97200000e-08  9.49522509e-04 
 4.97400000e-08  8.88302381e-04 
 4.97600000e-08  8.26949741e-04 
 4.97800000e-08  7.65473748e-04 
 4.98000000e-08  7.03883575e-04 
 4.98200000e-08  6.42188400e-04 
 4.98400000e-08  5.80397410e-04 
 4.98600000e-08  5.18519800e-04 
 4.98800000e-08  4.56564771e-04 
 4.99000000e-08  3.94541531e-04 
 4.99200000e-08  3.32459292e-04 
 4.99400000e-08  2.70327272e-04 
 4.99600000e-08  2.08154693e-04 
 4.99800000e-08  1.45950779e-04 
 5.00000000e-08  8.37247584e-05 
 5.00200000e-08  2.14858611e-05 
 5.00400000e-08 -4.07566812e-05 
 5.00600000e-08 -1.02993636e-04 
 5.00800000e-08 -1.65215771e-04 
 5.01000000e-08 -2.27413853e-04 
 5.01200000e-08 -2.89578651e-04 
 5.01400000e-08 -3.51700934e-04 
 5.01600000e-08 -4.13771476e-04 
 5.01800000e-08 -4.75781052e-04 
 5.02000000e-08 -5.37720440e-04 
 5.02200000e-08 -5.99580423e-04 
 5.02400000e-08 -6.61351790e-04 
 5.02600000e-08 -7.23025333e-04 
 5.02800000e-08 -7.84591853e-04 
 5.03000000e-08 -8.46042156e-04 
 5.03200000e-08 -9.07367057e-04 
 5.03400000e-08 -9.68557379e-04 
 5.03600000e-08 -1.02960395e-03 
 5.03800000e-08 -1.09049762e-03 
 5.04000000e-08 -1.15122924e-03 
 5.04200000e-08 -1.21178966e-03 
 5.04400000e-08 -1.27216977e-03 
 5.04600000e-08 -1.33236046e-03 
 5.04800000e-08 -1.39235263e-03 
 5.05000000e-08 -1.45213720e-03 
 5.05200000e-08 -1.51170510e-03 
 5.05400000e-08 -1.57104727e-03 
 5.05600000e-08 -1.63015470e-03 
 5.05800000e-08 -1.68901837e-03 
 5.06000000e-08 -1.74762927e-03 
 5.06200000e-08 -1.80597845e-03 
 5.06400000e-08 -1.86405693e-03 
 5.06600000e-08 -1.92185581e-03 
 5.06800000e-08 -1.97936616e-03 
 5.07000000e-08 -2.03657910e-03 
 5.07200000e-08 -2.09348579e-03 
 5.07400000e-08 -2.15007739e-03 
 5.07600000e-08 -2.20634509e-03 
 5.07800000e-08 -2.26228013e-03 
 5.08000000e-08 -2.31787377e-03 
 5.08200000e-08 -2.37311729e-03 
 5.08400000e-08 -2.42800202e-03 
 5.08600000e-08 -2.48251931e-03 
 5.08800000e-08 -2.53666056e-03 
 5.09000000e-08 -2.59041719e-03 
 5.09200000e-08 -2.64378067e-03 
 5.09400000e-08 -2.69674251e-03 
 5.09600000e-08 -2.74929426e-03 
 5.09800000e-08 -2.80142751e-03 
 5.10000000e-08 -2.85313389e-03 
 5.10200000e-08 -2.90440508e-03 
 5.10400000e-08 -2.95523281e-03 
 5.10600000e-08 -3.00560885e-03 
 5.10800000e-08 -3.05552503e-03 
 5.11000000e-08 -3.10497322e-03 
 5.11200000e-08 -3.15394536e-03 
 5.11400000e-08 -3.20243343e-03 
 5.11600000e-08 -3.25042947e-03 
 5.11800000e-08 -3.29792557e-03 
 5.12000000e-08 -3.34491391e-03 
 5.12200000e-08 -3.39138670e-03 
 5.12400000e-08 -3.43733622e-03 
 5.12600000e-08 -3.48275482e-03 
 5.12800000e-08 -3.52763492e-03 
 5.13000000e-08 -3.57196900e-03 
 5.13200000e-08 -3.61574962e-03 
 5.13400000e-08 -3.65896941e-03 
 5.13600000e-08 -3.70162106e-03 
 5.13800000e-08 -3.74369735e-03 
 5.14000000e-08 -3.78519113e-03 
 5.14200000e-08 -3.82609534e-03 
 5.14400000e-08 -3.86640299e-03 
 5.14600000e-08 -3.90610718e-03 
 5.14800000e-08 -3.94520109e-03 
 5.15000000e-08 -3.98367800e-03 
 5.15200000e-08 -4.02153125e-03 
 5.15400000e-08 -4.05875429e-03 
 5.15600000e-08 -4.09534068e-03 
 5.15800000e-08 -4.13128403e-03 
 5.16000000e-08 -4.16657809e-03 
 5.16200000e-08 -4.20121668e-03 
 5.16400000e-08 -4.23519372e-03 
 5.16600000e-08 -4.26850325e-03 
 5.16800000e-08 -4.30113941e-03 
 5.17000000e-08 -4.33309642e-03 
 5.17200000e-08 -4.36436864e-03 
 5.17400000e-08 -4.39495051e-03 
 5.17600000e-08 -4.42483661e-03 
 5.17800000e-08 -4.45402160e-03 
 5.18000000e-08 -4.48250028e-03 
 5.18200000e-08 -4.51026755e-03 
 5.18400000e-08 -4.53731843e-03 
 5.18600000e-08 -4.56364807e-03 
 5.18800000e-08 -4.58925173e-03 
 5.19000000e-08 -4.61412480e-03 
 5.19200000e-08 -4.63826277e-03 
 5.19400000e-08 -4.66166128e-03 
 5.19600000e-08 -4.68431610e-03 
 5.19800000e-08 -4.70622310e-03 
 5.20000000e-08 -4.72737832e-03 
 5.20200000e-08 -4.74777788e-03 
 5.20400000e-08 -4.76741808e-03 
 5.20600000e-08 -4.78629533e-03 
 5.20800000e-08 -4.80440618e-03 
 5.21000000e-08 -4.82174731e-03 
 5.21200000e-08 -4.83831554e-03 
 5.21400000e-08 -4.85410784e-03 
 5.21600000e-08 -4.86912131e-03 
 5.21800000e-08 -4.88335318e-03 
 5.22000000e-08 -4.89680084e-03 
 5.22200000e-08 -4.90946181e-03 
 5.22400000e-08 -4.92133376e-03 
 5.22600000e-08 -4.93241451e-03 
 5.22800000e-08 -4.94270202e-03 
 5.23000000e-08 -4.95219438e-03 
 5.23200000e-08 -4.96088985e-03 
 5.23400000e-08 -4.96878682e-03 
 5.23600000e-08 -4.97588384e-03 
 5.23800000e-08 -4.98217961e-03 
 5.24000000e-08 -4.98767297e-03 
 5.24200000e-08 -4.99236290e-03 
 5.24400000e-08 -4.99624856e-03 
 5.24600000e-08 -4.99932923e-03 
 5.24800000e-08 -5.00160436e-03 
 5.25000000e-08 -5.00307353e-03 
 5.25200000e-08 -5.00373650e-03 
 5.25400000e-08 -5.00359314e-03 
 5.25600000e-08 -5.00264352e-03 
 5.25800000e-08 -5.00088782e-03 
 5.26000000e-08 -4.99832638e-03 
 5.26200000e-08 -4.99495971e-03 
 5.26400000e-08 -4.99078845e-03 
 5.26600000e-08 -4.98581339e-03 
 5.26800000e-08 -4.98003548e-03 
 5.27000000e-08 -4.97345582e-03 
 5.27200000e-08 -4.96607564e-03 
 5.27400000e-08 -4.95789634e-03 
 5.27600000e-08 -4.94891945e-03 
 5.27800000e-08 -4.93914667e-03 
 5.28000000e-08 -4.92857982e-03 
 5.28200000e-08 -4.91722089e-03 
 5.28400000e-08 -4.90507199e-03 
 5.28600000e-08 -4.89213539e-03 
 5.28800000e-08 -4.87841350e-03 
 5.29000000e-08 -4.86390888e-03 
 5.29200000e-08 -4.84862421e-03 
 5.29400000e-08 -4.83256234e-03 
 5.29600000e-08 -4.81572623e-03 
 5.29800000e-08 -4.79811900e-03 
 5.30000000e-08 -4.77974390e-03 
 5.30200000e-08 -4.76060430e-03 
 5.30400000e-08 -4.74070373e-03 
 5.30600000e-08 -4.72004584e-03 
 5.30800000e-08 -4.69863441e-03 
 5.31000000e-08 -4.67647336e-03 
 5.31200000e-08 -4.65356674e-03 
 5.31400000e-08 -4.62991870e-03 
 5.31600000e-08 -4.60553356e-03 
 5.31800000e-08 -4.58041573e-03 
 5.32000000e-08 -4.55456975e-03 
 5.32200000e-08 -4.52800031e-03 
 5.32400000e-08 -4.50071218e-03 
 5.32600000e-08 -4.47271026e-03 
 5.32800000e-08 -4.44399959e-03 
 5.33000000e-08 -4.41458530e-03 
 5.33200000e-08 -4.38447264e-03 
 5.33400000e-08 -4.35366697e-03 
 5.33600000e-08 -4.32217378e-03 
 5.33800000e-08 -4.28999863e-03 
 5.34000000e-08 -4.25714722e-03 
 5.34200000e-08 -4.22362534e-03 
 5.34400000e-08 -4.18943889e-03 
 5.34600000e-08 -4.15459387e-03 
 5.34800000e-08 -4.11909637e-03 
 5.35000000e-08 -4.08295258e-03 
 5.35200000e-08 -4.04616880e-03 
 5.35400000e-08 -4.00875141e-03 
 5.35600000e-08 -3.97070689e-03 
 5.35800000e-08 -3.93204181e-03 
 5.36000000e-08 -3.89276281e-03 
 5.36200000e-08 -3.85287664e-03 
 5.36400000e-08 -3.81239013e-03 
 5.36600000e-08 -3.77131019e-03 
 5.36800000e-08 -3.72964381e-03 
 5.37000000e-08 -3.68739805e-03 
 5.37200000e-08 -3.64458007e-03 
 5.37400000e-08 -3.60119710e-03 
 5.37600000e-08 -3.55725642e-03 
 5.37800000e-08 -3.51276541e-03 
 5.38000000e-08 -3.46773151e-03 
 5.38200000e-08 -3.42216223e-03 
 5.38400000e-08 -3.37606514e-03 
 5.38600000e-08 -3.32944788e-03 
 5.38800000e-08 -3.28231817e-03 
 5.39000000e-08 -3.23468377e-03 
 5.39200000e-08 -3.18655250e-03 
 5.39400000e-08 -3.13793225e-03 
 5.39600000e-08 -3.08883096e-03 
 5.39800000e-08 -3.03925664e-03 
 5.40000000e-08 -2.98921733e-03 
 5.40200000e-08 -2.93872113e-03 
 5.40400000e-08 -2.88777621e-03 
 5.40600000e-08 -2.83639076e-03 
 5.40800000e-08 -2.78457303e-03 
 5.41000000e-08 -2.73233133e-03 
 5.41200000e-08 -2.67967399e-03 
 5.41400000e-08 -2.62660941e-03 
 5.41600000e-08 -2.57314600e-03 
 5.41800000e-08 -2.51929223e-03 
 5.42000000e-08 -2.46505661e-03 
 5.42200000e-08 -2.41044769e-03 
 5.42400000e-08 -2.35547404e-03 
 5.42600000e-08 -2.30014429e-03 
 5.42800000e-08 -2.24446707e-03 
 5.43000000e-08 -2.18845108e-03 
 5.43200000e-08 -2.13210503e-03 
 5.43400000e-08 -2.07543765e-03 
 5.43600000e-08 -2.01845774e-03 
 5.43800000e-08 -1.96117408e-03 
 5.44000000e-08 -1.90359550e-03 
 5.44200000e-08 -1.84573086e-03 
 5.44400000e-08 -1.78758904e-03 
 5.44600000e-08 -1.72917895e-03 
 5.44800000e-08 -1.67050950e-03 
 5.45000000e-08 -1.61158964e-03 
 5.45200000e-08 -1.55242835e-03 
 5.45400000e-08 -1.49303461e-03 
 5.45600000e-08 -1.43341743e-03 
 5.45800000e-08 -1.37358583e-03 
 5.46000000e-08 -1.31354886e-03 
 5.46200000e-08 -1.25331557e-03 
 5.46400000e-08 -1.19289504e-03 
 5.46600000e-08 -1.13229636e-03 
 5.46800000e-08 -1.07152863e-03 
 5.47000000e-08 -1.01060097e-03 
 5.47200000e-08 -9.49522509e-04 
 5.47400000e-08 -8.88302381e-04 
 5.47600000e-08 -8.26949741e-04 
 5.47800000e-08 -7.65473748e-04 
 5.48000000e-08 -7.03883575e-04 
 5.48200000e-08 -6.42188400e-04 
 5.48400000e-08 -5.80397410e-04 
 5.48600000e-08 -5.18519800e-04 
 5.48800000e-08 -4.56564771e-04 
 5.49000000e-08 -3.94541531e-04 
 5.49200000e-08 -3.32459292e-04 
 5.49400000e-08 -2.70327272e-04 
 5.49600000e-08 -2.08154693e-04 
 5.49800000e-08 -1.45950779e-04 
 5.50000000e-08 -8.37247584e-05 
 5.50200000e-08 -2.14858611e-05 
 5.50400000e-08  4.07566812e-05 
 5.50600000e-08  1.02993636e-04 
 5.50800000e-08  1.65215771e-04 
 5.51000000e-08  2.27413853e-04 
 5.51200000e-08  2.89578651e-04 
 5.51400000e-08  3.51700934e-04 
 5.51600000e-08  4.13771476e-04 
 5.51800000e-08  4.75781052e-04 
 5.52000000e-08  5.37720440e-04 
 5.52200000e-08  5.99580423e-04 
 5.52400000e-08  6.61351790e-04 
 5.52600000e-08  7.23025333e-04 
 5.52800000e-08  7.84591853e-04 
 5.53000000e-08  8.46042156e-04 
 5.53200000e-08  9.07367057e-04 
 5.53400000e-08  9.68557379e-04 
 5.53600000e-08  1.02960395e-03 
 5.53800000e-08  1.09049762e-03 
 5.54000000e-08  1.15122924e-03 
 5.54200000e-08  1.21178966e-03 
 5.54400000e-08  1.27216977e-03 
 5.54600000e-08  1.33236046e-03 
 5.54800000e-08  1.39235263e-03 
 5.55000000e-08  1.45213720e-03 
 5.55200000e-08  1.51170510e-03 
 5.55400000e-08  1.57104727e-03 
 5.55600000e-08  1.63015470e-03 
 5.55800000e-08  1.68901837e-03 
 5.56000000e-08  1.74762927e-03 
 5.56200000e-08  1.80597845e-03 
 5.56400000e-08  1.86405693e-03 
 5.56600000e-08  1.92185581e-03 
 5.56800000e-08  1.97936616e-03 
 5.57000000e-08  2.03657910e-03 
 5.57200000e-08  2.09348579e-03 
 5.57400000e-08  2.15007739e-03 
 5.57600000e-08  2.20634509e-03 
 5.57800000e-08  2.26228013e-03 
 5.58000000e-08  2.31787377e-03 
 5.58200000e-08  2.37311729e-03 
 5.58400000e-08  2.42800202e-03 
 5.58600000e-08  2.48251931e-03 
 5.58800000e-08  2.53666056e-03 
 5.59000000e-08  2.59041719e-03 
 5.59200000e-08  2.64378067e-03 
 5.59400000e-08  2.69674251e-03 
 5.59600000e-08  2.74929426e-03 
 5.59800000e-08  2.80142751e-03 
 5.60000000e-08  2.85313389e-03 
 5.60200000e-08  2.90440508e-03 
 5.60400000e-08  2.95523281e-03 
 5.60600000e-08  3.00560885e-03 
 5.60800000e-08  3.05552503e-03 
 5.61000000e-08  3.10497322e-03 
 5.61200000e-08  3.15394536e-03 
 5.61400000e-08  3.20243343e-03 
 5.61600000e-08  3.25042947e-03 
 5.61800000e-08  3.29792557e-03 
 5.62000000e-08  3.34491391e-03 
 5.62200000e-08  3.39138670e-03 
 5.62400000e-08  3.43733622e-03 
 5.62600000e-08  3.48275482e-03 
 5.62800000e-08  3.52763492e-03 
 5.63000000e-08  3.57196900e-03 
 5.63200000e-08  3.61574962e-03 
 5.63400000e-08  3.65896941e-03 
 5.63600000e-08  3.70162106e-03 
 5.63800000e-08  3.74369735e-03 
 5.64000000e-08  3.78519113e-03 
 5.64200000e-08  3.82609534e-03 
 5.64400000e-08  3.86640299e-03 
 5.64600000e-08  3.90610718e-03 
 5.64800000e-08  3.94520109e-03 
 5.65000000e-08  3.98367800e-03 
 5.65200000e-08  4.02153125e-03 
 5.65400000e-08  4.05875429e-03 
 5.65600000e-08  4.09534068e-03 
 5.65800000e-08  4.13128403e-03 
 5.66000000e-08  4.16657809e-03 
 5.66200000e-08  4.20121668e-03 
 5.66400000e-08  4.23519372e-03 
 5.66600000e-08  4.26850325e-03 
 5.66800000e-08  4.30113941e-03 
 5.67000000e-08  4.33309642e-03 
 5.67200000e-08  4.36436864e-03 
 5.67400000e-08  4.39495051e-03 
 5.67600000e-08  4.42483661e-03 
 5.67800000e-08  4.45402160e-03 
 5.68000000e-08  4.48250028e-03 
 5.68200000e-08  4.51026755e-03 
 5.68400000e-08  4.53731843e-03 
 5.68600000e-08  4.56364807e-03 
 5.68800000e-08  4.58925173e-03 
 5.69000000e-08  4.61412480e-03 
 5.69200000e-08  4.63826277e-03 
 5.69400000e-08  4.66166128e-03 
 5.69600000e-08  4.68431610e-03 
 5.69800000e-08  4.70622310e-03 
 5.70000000e-08  4.72737832e-03 
 5.70200000e-08  4.74777788e-03 
 5.70400000e-08  4.76741808e-03 
 5.70600000e-08  4.78629533e-03 
 5.70800000e-08  4.80440618e-03 
 5.71000000e-08  4.82174731e-03 
 5.71200000e-08  4.83831554e-03 
 5.71400000e-08  4.85410784e-03 
 5.71600000e-08  4.86912131e-03 
 5.71800000e-08  4.88335318e-03 
 5.72000000e-08  4.89680084e-03 
 5.72200000e-08  4.90946181e-03 
 5.72400000e-08  4.92133376e-03 
 5.72600000e-08  4.93241451e-03 
 5.72800000e-08  4.94270202e-03 
 5.73000000e-08  4.95219438e-03 
 5.73200000e-08  4.96088985e-03 
 5.73400000e-08  4.96878682e-03 
 5.73600000e-08  4.97588384e-03 
 5.73800000e-08  4.98217961e-03 
 5.74000000e-08  4.98767297e-03 
 5.74200000e-08  4.99236290e-03 
 5.74400000e-08  4.99624856e-03 
 5.74600000e-08  4.99932923e-03 
 5.74800000e-08  5.00160436e-03 
 5.75000000e-08  5.00307353e-03 
 5.75200000e-08  5.00373650e-03 
 5.75400000e-08  5.00359314e-03 
 5.75600000e-08  5.00264352e-03 
 5.75800000e-08  5.00088782e-03 
 5.76000000e-08  4.99832638e-03 
 5.76200000e-08  4.99495971e-03 
 5.76400000e-08  4.99078845e-03 
 5.76600000e-08  4.98581339e-03 
 5.76800000e-08  4.98003548e-03 
 5.77000000e-08  4.97345582e-03 
 5.77200000e-08  4.96607564e-03 
 5.77400000e-08  4.95789634e-03 
 5.77600000e-08  4.94891945e-03 
 5.77800000e-08  4.93914667e-03 
 5.78000000e-08  4.92857982e-03 
 5.78200000e-08  4.91722089e-03 
 5.78400000e-08  4.90507199e-03 
 5.78600000e-08  4.89213539e-03 
 5.78800000e-08  4.87841350e-03 
 5.79000000e-08  4.86390888e-03 
 5.79200000e-08  4.84862421e-03 
 5.79400000e-08  4.83256234e-03 
 5.79600000e-08  4.81572623e-03 
 5.79800000e-08  4.79811900e-03 
 5.80000000e-08  4.77974390e-03 
 5.80200000e-08  4.76060430e-03 
 5.80400000e-08  4.74070373e-03 
 5.80600000e-08  4.72004584e-03 
 5.80800000e-08  4.69863441e-03 
 5.81000000e-08  4.67647336e-03 
 5.81200000e-08  4.65356674e-03 
 5.81400000e-08  4.62991870e-03 
 5.81600000e-08  4.60553356e-03 
 5.81800000e-08  4.58041573e-03 
 5.82000000e-08  4.55456975e-03 
 5.82200000e-08  4.52800031e-03 
 5.82400000e-08  4.50071218e-03 
 5.82600000e-08  4.47271026e-03 
 5.82800000e-08  4.44399959e-03 
 5.83000000e-08  4.41458530e-03 
 5.83200000e-08  4.38447264e-03 
 5.83400000e-08  4.35366697e-03 
 5.83600000e-08  4.32217378e-03 
 5.83800000e-08  4.28999863e-03 
 5.84000000e-08  4.25714722e-03 
 5.84200000e-08  4.22362534e-03 
 5.84400000e-08  4.18943889e-03 
 5.84600000e-08  4.15459387e-03 
 5.84800000e-08  4.11909637e-03 
 5.85000000e-08  4.08295258e-03 
 5.85200000e-08  4.04616880e-03 
 5.85400000e-08  4.00875141e-03 
 5.85600000e-08  3.97070689e-03 
 5.85800000e-08  3.93204181e-03 
 5.86000000e-08  3.89276281e-03 
 5.86200000e-08  3.85287664e-03 
 5.86400000e-08  3.81239013e-03 
 5.86600000e-08  3.77131019e-03 
 5.86800000e-08  3.72964381e-03 
 5.87000000e-08  3.68739805e-03 
 5.87200000e-08  3.64458007e-03 
 5.87400000e-08  3.60119710e-03 
 5.87600000e-08  3.55725642e-03 
 5.87800000e-08  3.51276541e-03 
 5.88000000e-08  3.46773151e-03 
 5.88200000e-08  3.42216223e-03 
 5.88400000e-08  3.37606514e-03 
 5.88600000e-08  3.32944788e-03 
 5.88800000e-08  3.28231817e-03 
 5.89000000e-08  3.23468377e-03 
 5.89200000e-08  3.18655250e-03 
 5.89400000e-08  3.13793225e-03 
 5.89600000e-08  3.08883096e-03 
 5.89800000e-08  3.03925664e-03 
 5.90000000e-08  2.98921733e-03 
 5.90200000e-08  2.93872113e-03 
 5.90400000e-08  2.88777621e-03 
 5.90600000e-08  2.83639076e-03 
 5.90800000e-08  2.78457303e-03 
 5.91000000e-08  2.73233133e-03 
 5.91200000e-08  2.67967399e-03 
 5.91400000e-08  2.62660941e-03 
 5.91600000e-08  2.57314600e-03 
 5.91800000e-08  2.51929223e-03 
 5.92000000e-08  2.46505661e-03 
 5.92200000e-08  2.41044769e-03 
 5.92400000e-08  2.35547404e-03 
 5.92600000e-08  2.30014429e-03 
 5.92800000e-08  2.24446707e-03 
 5.93000000e-08  2.18845108e-03 
 5.93200000e-08  2.13210503e-03 
 5.93400000e-08  2.07543765e-03 
 5.93600000e-08  2.01845774e-03 
 5.93800000e-08  1.96117408e-03 
 5.94000000e-08  1.90359550e-03 
 5.94200000e-08  1.84573086e-03 
 5.94400000e-08  1.78758904e-03 
 5.94600000e-08  1.72917895e-03 
 5.94800000e-08  1.67050950e-03 
 5.95000000e-08  1.61158964e-03 
 5.95200000e-08  1.55242835e-03 
 5.95400000e-08  1.49303461e-03 
 5.95600000e-08  1.43341743e-03 
 5.95800000e-08  1.37358583e-03 
 5.96000000e-08  1.31354886e-03 
 5.96200000e-08  1.25331557e-03 
 5.96400000e-08  1.19289504e-03 
 5.96600000e-08  1.13229636e-03 
 5.96800000e-08  1.07152863e-03 
 5.97000000e-08  1.01060097e-03 
 5.97200000e-08  9.49522509e-04 
 5.97400000e-08  8.88302381e-04 
 5.97600000e-08  8.26949741e-04 
 5.97800000e-08  7.65473748e-04 
 5.98000000e-08  7.03883575e-04 
 5.98200000e-08  6.42188400e-04 
 5.98400000e-08  5.80397410e-04 
 5.98600000e-08  5.18519800e-04 
 5.98800000e-08  4.56564771e-04 
 5.99000000e-08  3.94541531e-04 
 5.99200000e-08  3.32459292e-04 
 5.99400000e-08  2.70327272e-04 
 5.99600000e-08  2.08154693e-04 
 5.99800000e-08  1.45950779e-04 
 6.00000000e-08  8.37256650e-05 
