 0.00000000e+00  0.00000000e+00 
 2.00000000e-11  5.61462612e-04 
 4.00000000e-11 -1.30676876e-04 
 6.00000000e-11 -1.20237470e-03 
 8.00000000e-11 -2.39460149e-03 
 1.00000000e-10 -3.60979007e-03 
 1.20000000e-10 -4.82741167e-03 
 1.40000000e-10 -6.04366948e-03 
 1.60000000e-10 -7.25812273e-03 
 1.80000000e-10 -8.47082737e-03 
 2.00000000e-10 -9.68183415e-03 
 2.20000000e-10 -1.08910940e-02 
 2.40000000e-10 -1.20985126e-02 
 2.60000000e-10 -1.33039412e-02 
 2.80000000e-10 -1.45072248e-02 
 3.00000000e-10 -1.57081812e-02 
 3.20000000e-10 -1.69066360e-02 
 3.40000000e-10 -1.81023972e-02 
 3.60000000e-10 -1.92952848e-02 
 3.80000000e-10 -2.04851047e-02 
 4.00000000e-10 -2.16716755e-02 
 4.20000000e-10 -2.28548036e-02 
 4.40000000e-10 -2.40343076e-02 
 4.60000000e-10 -2.52099952e-02 
 4.80000000e-10 -2.63816856e-02 
 5.00000000e-10 -2.75491882e-02 
 5.20000000e-10 -2.87123230e-02 
 5.40000000e-10 -2.98709011e-02 
 5.60000000e-10 -3.10247437e-02 
 5.80000000e-10 -3.21736638e-02 
 6.00000000e-10 -3.33174837e-02 
 6.20000000e-10 -3.44560185e-02 
 6.40000000e-10 -3.55890919e-02 
 6.60000000e-10 -3.67165209e-02 
 6.80000000e-10 -3.78381308e-02 
 7.00000000e-10 -3.89537409e-02 
 7.20000000e-10 -4.00631780e-02 
 7.40000000e-10 -4.11662636e-02 
 7.60000000e-10 -4.22628264e-02 
 7.80000000e-10 -4.33526903e-02 
 8.00000000e-10 -4.44356859e-02 
 8.20000000e-10 -4.55116394e-02 
 8.40000000e-10 -4.65803836e-02 
 8.60000000e-10 -4.76417471e-02 
 8.80000000e-10 -4.86955650e-02 
 9.00000000e-10 -4.97416685e-02 
 9.20000000e-10 -5.07798949e-02 
 9.40000000e-10 -5.18100782e-02 
 9.60000000e-10 -5.28320579e-02 
 9.80000000e-10 -5.38456711e-02 
 1.00000000e-09 -5.48507598e-02 
 1.02000000e-09 -5.58471638e-02 
 1.04000000e-09 -5.68347278e-02 
 1.06000000e-09 -5.78132946e-02 
 1.08000000e-09 -5.87827117e-02 
 1.10000000e-09 -5.97428248e-02 
 1.12000000e-09 -6.06934843e-02 
 1.14000000e-09 -6.16345392e-02 
 1.16000000e-09 -6.25658427e-02 
 1.18000000e-09 -6.34872470e-02 
 1.20000000e-09 -6.43986085e-02 
 1.22000000e-09 -6.52997826e-02 
 1.24000000e-09 -6.61906289e-02 
 1.26000000e-09 -6.70710061e-02 
 1.28000000e-09 -6.79407771e-02 
 1.30000000e-09 -6.87998042e-02 
 1.32000000e-09 -6.96479533e-02 
 1.34000000e-09 -7.04850905e-02 
 1.36000000e-09 -7.13110850e-02 
 1.38000000e-09 -7.21258066e-02 
 1.40000000e-09 -7.29291281e-02 
 1.42000000e-09 -7.37209227e-02 
 1.44000000e-09 -7.45010669e-02 
 1.46000000e-09 -7.52694377e-02 
 1.48000000e-09 -7.60259153e-02 
 1.50000000e-09 -7.67703806e-02 
 1.52000000e-09 -7.75027173e-02 
 1.54000000e-09 -7.82228102e-02 
 1.56000000e-09 -7.89305470e-02 
 1.58000000e-09 -7.96258164e-02 
 1.60000000e-09 -8.03085099e-02 
 1.62000000e-09 -8.09785202e-02 
 1.64000000e-09 -8.16357429e-02 
 1.66000000e-09 -8.22800747e-02 
 1.68000000e-09 -8.29114151e-02 
 1.70000000e-09 -8.35296651e-02 
 1.72000000e-09 -8.41347281e-02 
 1.74000000e-09 -8.47265094e-02 
 1.76000000e-09 -8.53049166e-02 
 1.78000000e-09 -8.58698589e-02 
 1.80000000e-09 -8.64212485e-02 
 1.82000000e-09 -8.69589987e-02 
 1.84000000e-09 -8.74830259e-02 
 1.86000000e-09 -8.79932479e-02 
 1.88000000e-09 -8.84895851e-02 
 1.90000000e-09 -8.89719599e-02 
 1.92000000e-09 -8.94402970e-02 
 1.94000000e-09 -8.98945232e-02 
 1.96000000e-09 -9.03345676e-02 
 1.98000000e-09 -9.07603613e-02 
 2.00000000e-09 -9.11718380e-02 
 2.02000000e-09 -9.15689334e-02 
 2.04000000e-09 -9.19515855e-02 
 2.06000000e-09 -9.23197343e-02 
 2.08000000e-09 -9.26733227e-02 
 2.10000000e-09 -9.30122952e-02 
 2.12000000e-09 -9.33365991e-02 
 2.14000000e-09 -9.36461835e-02 
 2.16000000e-09 -9.39410002e-02 
 2.18000000e-09 -9.42210031e-02 
 2.20000000e-09 -9.44861485e-02 
 2.22000000e-09 -9.47363949e-02 
 2.24000000e-09 -9.49717034e-02 
 2.26000000e-09 -9.51920369e-02 
 2.28000000e-09 -9.53973613e-02 
 2.30000000e-09 -9.55876442e-02 
 2.32000000e-09 -9.57628561e-02 
 2.34000000e-09 -9.59229694e-02 
 2.36000000e-09 -9.60679591e-02 
 2.38000000e-09 -9.61978024e-02 
 2.40000000e-09 -9.63124798e-02 
 2.42000000e-09 -9.64119722e-02 
 2.44000000e-09 -9.64962635e-02 
 2.46000000e-09 -9.65653411e-02 
 2.48000000e-09 -9.66191946e-02 
 2.50000000e-09 -9.66578158e-02 
 2.52000000e-09 -9.66811977e-02 
 2.54000000e-09 -9.66893358e-02 
 2.56000000e-09 -9.66822293e-02 
 2.58000000e-09 -9.66598798e-02 
 2.60000000e-09 -9.66222902e-02 
 2.62000000e-09 -9.65694663e-02 
 2.64000000e-09 -9.65014160e-02 
 2.66000000e-09 -9.64181498e-02 
 2.68000000e-09 -9.63196806e-02 
 2.70000000e-09 -9.62060234e-02 
 2.72000000e-09 -9.60771958e-02 
 2.74000000e-09 -9.59332177e-02 
 2.76000000e-09 -9.57741115e-02 
 2.78000000e-09 -9.55999016e-02 
 2.80000000e-09 -9.54106152e-02 
 2.82000000e-09 -9.52062816e-02 
 2.84000000e-09 -9.49869323e-02 
 2.86000000e-09 -9.47526016e-02 
 2.88000000e-09 -9.45033256e-02 
 2.90000000e-09 -9.42391432e-02 
 2.92000000e-09 -9.39600954e-02 
 2.94000000e-09 -9.36662255e-02 
 2.96000000e-09 -9.33575793e-02 
 2.98000000e-09 -9.30342046e-02 
 3.00000000e-09 -9.26961518e-02 
 3.02000000e-09 -9.23434735e-02 
 3.04000000e-09 -9.19762246e-02 
 3.06000000e-09 -9.15944623e-02 
 3.08000000e-09 -9.11982460e-02 
 3.10000000e-09 -9.07876374e-02 
 3.12000000e-09 -9.03627005e-02 
 3.14000000e-09 -8.99235015e-02 
 3.16000000e-09 -8.94701089e-02 
 3.18000000e-09 -8.90025935e-02 
 3.20000000e-09 -8.85210281e-02 
 3.22000000e-09 -8.80254879e-02 
 3.24000000e-09 -8.75160502e-02 
 3.26000000e-09 -8.69927946e-02 
 3.28000000e-09 -8.64558027e-02 
 3.30000000e-09 -8.59051585e-02 
 3.32000000e-09 -8.53409480e-02 
 3.34000000e-09 -8.47632594e-02 
 3.36000000e-09 -8.41721830e-02 
 3.38000000e-09 -8.35678112e-02 
 3.40000000e-09 -8.29502385e-02 
 3.42000000e-09 -8.23195617e-02 
 3.44000000e-09 -8.16758793e-02 
 3.46000000e-09 -8.10192923e-02 
 3.48000000e-09 -8.03499033e-02 
 3.50000000e-09 -7.96678173e-02 
 3.52000000e-09 -7.89731411e-02 
 3.54000000e-09 -7.82659835e-02 
 3.56000000e-09 -7.75464556e-02 
 3.58000000e-09 -7.68146700e-02 
 3.60000000e-09 -7.60707416e-02 
 3.62000000e-09 -7.53147871e-02 
 3.64000000e-09 -7.45469251e-02 
 3.66000000e-09 -7.37672761e-02 
 3.68000000e-09 -7.29759627e-02 
 3.70000000e-09 -7.21731090e-02 
 3.72000000e-09 -7.13588413e-02 
 3.74000000e-09 -7.05332874e-02 
 3.76000000e-09 -6.96965772e-02 
 3.78000000e-09 -6.88488422e-02 
 3.80000000e-09 -6.79902157e-02 
 3.82000000e-09 -6.71208328e-02 
 3.84000000e-09 -6.62408303e-02 
 3.86000000e-09 -6.53503467e-02 
 3.88000000e-09 -6.44495222e-02 
 3.90000000e-09 -6.35384987e-02 
 3.92000000e-09 -6.26174197e-02 
 3.94000000e-09 -6.16864302e-02 
 3.96000000e-09 -6.07456769e-02 
 3.98000000e-09 -5.97953083e-02 
 4.00000000e-09 -5.88354740e-02 
 4.02000000e-09 -5.78663255e-02 
 4.04000000e-09 -5.68880157e-02 
 4.06000000e-09 -5.59006988e-02 
 4.08000000e-09 -5.49045307e-02 
 4.10000000e-09 -5.38996686e-02 
 4.12000000e-09 -5.28862712e-02 
 4.14000000e-09 -5.18644984e-02 
 4.16000000e-09 -5.08345117e-02 
 4.18000000e-09 -4.97964738e-02 
 4.20000000e-09 -4.87505487e-02 
 4.22000000e-09 -4.76969016e-02 
 4.24000000e-09 -4.66356992e-02 
 4.26000000e-09 -4.55671091e-02 
 4.28000000e-09 -4.44913004e-02 
 4.30000000e-09 -4.34084432e-02 
 4.32000000e-09 -4.23187088e-02 
 4.34000000e-09 -4.12222695e-02 
 4.36000000e-09 -4.01192990e-02 
 4.38000000e-09 -3.90099717e-02 
 4.40000000e-09 -3.78944632e-02 
 4.42000000e-09 -3.67729501e-02 
 4.44000000e-09 -3.56456100e-02 
 4.46000000e-09 -3.45126214e-02 
 4.48000000e-09 -3.33741637e-02 
 4.50000000e-09 -3.22304173e-02 
 4.52000000e-09 -3.10815634e-02 
 4.54000000e-09 -2.99277839e-02 
 4.56000000e-09 -2.87692617e-02 
 4.58000000e-09 -2.76061804e-02 
 4.60000000e-09 -2.64387243e-02 
 4.62000000e-09 -2.52670785e-02 
 4.64000000e-09 -2.40914287e-02 
 4.66000000e-09 -2.29119613e-02 
 4.68000000e-09 -2.17288632e-02 
 4.70000000e-09 -2.05423222e-02 
 4.72000000e-09 -1.93525262e-02 
 4.74000000e-09 -1.81596641e-02 
 4.76000000e-09 -1.69639249e-02 
 4.78000000e-09 -1.57654984e-02 
 4.80000000e-09 -1.45645746e-02 
 4.82000000e-09 -1.33613440e-02 
 4.84000000e-09 -1.21559975e-02 
 4.86000000e-09 -1.09487262e-02 
 4.88000000e-09 -9.73972177e-03 
 4.90000000e-09 -8.52917590e-03 
 4.92000000e-09 -7.31728066e-03 
 4.94000000e-09 -6.10422832e-03 
 4.96000000e-09 -4.89021132e-03 
 4.98000000e-09 -3.67542225e-03 
 5.00000000e-09 -2.46005384e-03 
 5.02000000e-09 -1.24429891e-03 
 5.04000000e-09 -2.83503173e-05 
 5.06000000e-09  1.18759904e-03 
 5.08000000e-09  2.40335626e-03 
 5.10000000e-09  3.61872850e-03 
 5.12000000e-09  4.83352297e-03 
 5.14000000e-09  6.04754697e-03 
 5.16000000e-09  7.26060796e-03 
 5.18000000e-09  8.47251354e-03 
 5.20000000e-09  9.68307151e-03 
 5.22000000e-09  1.08920899e-02 
 5.24000000e-09  1.20993770e-02 
 5.26000000e-09  1.33047414e-02 
 5.28000000e-09  1.45079919e-02 
 5.30000000e-09  1.57089379e-02 
 5.32000000e-09  1.69073889e-02 
 5.34000000e-09  1.81031550e-02 
 5.36000000e-09  1.92960466e-02 
 5.38000000e-09  2.04858748e-02 
 5.40000000e-09  2.16724510e-02 
 5.42000000e-09  2.28555872e-02 
 5.44000000e-09  2.40350960e-02 
 5.46000000e-09  2.52107905e-02 
 5.48000000e-09  2.63824846e-02 
 5.50000000e-09  2.75499927e-02 
 5.52000000e-09  2.87131299e-02 
 5.54000000e-09  2.98717121e-02 
 5.56000000e-09  3.10255560e-02 
 5.58000000e-09  3.21744789e-02 
 5.60000000e-09  3.33182990e-02 
 5.62000000e-09  3.44568354e-02 
 5.64000000e-09  3.55899079e-02 
 5.66000000e-09  3.67173374e-02 
 5.68000000e-09  3.78389455e-02 
 5.70000000e-09  3.89545550e-02 
 5.72000000e-09  4.00639895e-02 
 5.74000000e-09  4.11670736e-02 
 5.76000000e-09  4.22636330e-02 
 5.78000000e-09  4.33534945e-02 
 5.80000000e-09  4.44364860e-02 
 5.82000000e-09  4.55124364e-02 
 5.84000000e-09  4.65811758e-02 
 5.86000000e-09  4.76425355e-02 
 5.88000000e-09  4.86963481e-02 
 5.90000000e-09  4.97424471e-02 
 5.92000000e-09  5.07806677e-02 
 5.94000000e-09  5.18108459e-02 
 5.96000000e-09  5.28328194e-02 
 5.98000000e-09  5.38464271e-02 
 6.00000000e-09  5.48515091e-02 
 6.02000000e-09  5.58479071e-02 
 6.04000000e-09  5.68354641e-02 
 6.06000000e-09  5.78140245e-02 
 6.08000000e-09  5.87834342e-02 
 6.10000000e-09  5.97435406e-02 
 6.12000000e-09  6.06941925e-02 
 6.14000000e-09  6.16352403e-02 
 6.16000000e-09  6.25665360e-02 
 6.18000000e-09  6.34879330e-02 
 6.20000000e-09  6.43992865e-02 
 6.22000000e-09  6.53004532e-02 
 6.24000000e-09  6.61912913e-02 
 6.26000000e-09  6.70716608e-02 
 6.28000000e-09  6.79414235e-02 
 6.30000000e-09  6.88004427e-02 
 6.32000000e-09  6.96485835e-02 
 6.34000000e-09  7.04857127e-02 
 6.36000000e-09  7.13116989e-02 
 6.38000000e-09  7.21264124e-02 
 6.40000000e-09  7.29297254e-02 
 6.42000000e-09  7.37215119e-02 
 6.44000000e-09  7.45016476e-02 
 6.46000000e-09  7.52700103e-02 
 6.48000000e-09  7.60264795e-02 
 6.50000000e-09  7.67709365e-02 
 6.52000000e-09  7.75032648e-02 
 6.54000000e-09  7.82233496e-02 
 6.56000000e-09  7.89310780e-02 
 6.58000000e-09  7.96263393e-02 
 6.60000000e-09  8.03090245e-02 
 6.62000000e-09  8.09790267e-02 
 6.64000000e-09  8.16362412e-02 
 6.66000000e-09  8.22805650e-02 
 6.68000000e-09  8.29118972e-02 
 6.70000000e-09  8.35301392e-02 
 6.72000000e-09  8.41351942e-02 
 6.74000000e-09  8.47269676e-02 
 6.76000000e-09  8.53053669e-02 
 6.78000000e-09  8.58703015e-02 
 6.80000000e-09  8.64216832e-02 
 6.82000000e-09  8.69594259e-02 
 6.84000000e-09  8.74834453e-02 
 6.86000000e-09  8.79936598e-02 
 6.88000000e-09  8.84899895e-02 
 6.90000000e-09  8.89723569e-02 
 6.92000000e-09  8.94406866e-02 
 6.94000000e-09  8.98949055e-02 
 6.96000000e-09  9.03349426e-02 
 6.98000000e-09  9.07607292e-02 
 7.00000000e-09  9.11721989e-02 
 7.02000000e-09  9.15692873e-02 
 7.04000000e-09  9.19519324e-02 
 7.06000000e-09  9.23200745e-02 
 7.08000000e-09  9.26736561e-02 
 7.10000000e-09  9.30126220e-02 
 7.12000000e-09  9.33369192e-02 
 7.14000000e-09  9.36464971e-02 
 7.16000000e-09  9.39413074e-02 
 7.18000000e-09  9.42213039e-02 
 7.20000000e-09  9.44864431e-02 
 7.22000000e-09  9.47366833e-02 
 7.24000000e-09  9.49719857e-02 
 7.26000000e-09  9.51923132e-02 
 7.28000000e-09  9.53976316e-02 
 7.30000000e-09  9.55879088e-02 
 7.32000000e-09  9.57631149e-02 
 7.34000000e-09  9.59232225e-02 
 7.36000000e-09  9.60682066e-02 
 7.38000000e-09  9.61980444e-02 
 7.40000000e-09  9.63127157e-02 
 7.42000000e-09  9.64122024e-02 
 7.44000000e-09  9.64964888e-02 
 7.46000000e-09  9.65655617e-02 
 7.48000000e-09  9.66194103e-02 
 7.50000000e-09  9.66580266e-02 
 7.52000000e-09  9.66814036e-02 
 7.54000000e-09  9.66895368e-02 
 7.56000000e-09  9.66824256e-02 
 7.58000000e-09  9.66600714e-02 
 7.60000000e-09  9.66224772e-02 
 7.62000000e-09  9.65696488e-02 
 7.64000000e-09  9.65015941e-02 
 7.66000000e-09  9.64183235e-02 
 7.68000000e-09  9.63198500e-02 
 7.70000000e-09  9.62061886e-02 
 7.72000000e-09  9.60773569e-02 
 7.74000000e-09  9.59333747e-02 
 7.76000000e-09  9.57742645e-02 
 7.78000000e-09  9.56000508e-02 
 7.80000000e-09  9.54107606e-02 
 7.82000000e-09  9.52064231e-02 
 7.84000000e-09  9.49870702e-02 
 7.86000000e-09  9.47527358e-02 
 7.88000000e-09  9.45034564e-02 
 7.90000000e-09  9.42392705e-02 
 7.92000000e-09  9.39602193e-02 
 7.94000000e-09  9.36663461e-02 
 7.96000000e-09  9.33576965e-02 
 7.98000000e-09  9.30343187e-02 
 8.00000000e-09  9.26962627e-02 
 8.02000000e-09  9.23435814e-02 
 8.04000000e-09  9.19763295e-02 
 8.06000000e-09  9.15945642e-02 
 8.08000000e-09  9.11983450e-02 
 8.10000000e-09  9.07877336e-02 
 8.12000000e-09  9.03627939e-02 
 8.14000000e-09  8.99235923e-02 
 8.16000000e-09  8.94701971e-02 
 8.18000000e-09  8.90026791e-02 
 8.20000000e-09  8.85211111e-02 
 8.22000000e-09  8.80255685e-02 
 8.24000000e-09  8.75161284e-02 
 8.26000000e-09  8.69928704e-02 
 8.28000000e-09  8.64558762e-02 
 8.30000000e-09  8.59052298e-02 
 8.32000000e-09  8.53410171e-02 
 8.34000000e-09  8.47633263e-02 
 8.36000000e-09  8.41722478e-02 
 8.38000000e-09  8.35678739e-02 
 8.40000000e-09  8.29502993e-02 
 8.42000000e-09  8.23196205e-02 
 8.44000000e-09  8.16759363e-02 
 8.46000000e-09  8.10193473e-02 
 8.48000000e-09  8.03499566e-02 
 8.50000000e-09  7.96678688e-02 
 8.52000000e-09  7.89731908e-02 
 8.54000000e-09  7.82660316e-02 
 8.56000000e-09  7.75465020e-02 
 8.58000000e-09  7.68147149e-02 
 8.60000000e-09  7.60707849e-02 
 8.62000000e-09  7.53148288e-02 
 8.64000000e-09  7.45469654e-02 
 8.66000000e-09  7.37673150e-02 
 8.68000000e-09  7.29760002e-02 
 8.70000000e-09  7.21731451e-02 
 8.72000000e-09  7.13588761e-02 
 8.74000000e-09  7.05333209e-02 
 8.76000000e-09  6.96966094e-02 
 8.78000000e-09  6.88488732e-02 
 8.80000000e-09  6.79902455e-02 
 8.82000000e-09  6.71208614e-02 
 8.84000000e-09  6.62408578e-02 
 8.86000000e-09  6.53503732e-02 
 8.88000000e-09  6.44495476e-02 
 8.90000000e-09  6.35385231e-02 
 8.92000000e-09  6.26174430e-02 
 8.94000000e-09  6.16864525e-02 
 8.96000000e-09  6.07456984e-02 
 8.98000000e-09  5.97953288e-02 
 9.00000000e-09  5.88354936e-02 
 9.02000000e-09  5.78663443e-02 
 9.04000000e-09  5.68880336e-02 
 9.06000000e-09  5.59007159e-02 
 9.08000000e-09  5.49045470e-02 
 9.10000000e-09  5.38996841e-02 
 9.12000000e-09  5.28862860e-02 
 9.14000000e-09  5.18645125e-02 
 9.16000000e-09  5.08345251e-02 
 9.18000000e-09  4.97964865e-02 
 9.20000000e-09  4.87505607e-02 
 9.22000000e-09  4.76969130e-02 
 9.24000000e-09  4.66357100e-02 
 9.26000000e-09  4.55671193e-02 
 9.28000000e-09  4.44913100e-02 
 9.30000000e-09  4.34084523e-02 
 9.32000000e-09  4.23187173e-02 
 9.34000000e-09  4.12222776e-02 
 9.36000000e-09  4.01193065e-02 
 9.38000000e-09  3.90099787e-02 
 9.40000000e-09  3.78944697e-02 
 9.42000000e-09  3.67729562e-02 
 9.44000000e-09  3.56456156e-02 
 9.46000000e-09  3.45126266e-02 
 9.48000000e-09  3.33741685e-02 
 9.50000000e-09  3.22304218e-02 
 9.52000000e-09  3.10815674e-02 
 9.54000000e-09  2.99277876e-02 
 9.56000000e-09  2.87692651e-02 
 9.58000000e-09  2.76061834e-02 
 9.60000000e-09  2.64387270e-02 
 9.62000000e-09  2.52670809e-02 
 9.64000000e-09  2.40914308e-02 
 9.66000000e-09  2.29119631e-02 
 9.68000000e-09  2.17288648e-02 
 9.70000000e-09  2.05423234e-02 
 9.72000000e-09  1.93525272e-02 
 9.74000000e-09  1.81596648e-02 
 9.76000000e-09  1.69639254e-02 
 9.78000000e-09  1.57654987e-02 
 9.80000000e-09  1.45645747e-02 
 9.82000000e-09  1.33613439e-02 
 9.84000000e-09  1.21559971e-02 
 9.86000000e-09  1.09487257e-02 
 9.88000000e-09  9.73972107e-03 
 9.90000000e-09  8.52917503e-03 
 9.92000000e-09  7.31727963e-03 
 9.94000000e-09  6.10422713e-03 
 9.96000000e-09  4.89020998e-03 
 9.98000000e-09  3.67542077e-03 
 1.00000000e-08  2.46005223e-03 
 1.00200000e-08  1.24429717e-03 
 1.00400000e-08  2.83484549e-05 
 1.00600000e-08 -1.18760101e-03 
 1.00800000e-08 -2.40335835e-03 
 1.01000000e-08 -3.61873069e-03 
 1.01200000e-08 -4.83352525e-03 
 1.01400000e-08 -6.04754935e-03 
 1.01600000e-08 -7.26061042e-03 
 1.01800000e-08 -8.47251608e-03 
 1.02000000e-08 -9.68307413e-03 
 1.02200000e-08 -1.08920926e-02 
 1.02400000e-08 -1.20993797e-02 
 1.02600000e-08 -1.33047442e-02 
 1.02800000e-08 -1.45079948e-02 
 1.03000000e-08 -1.57089408e-02 
 1.03200000e-08 -1.69073918e-02 
 1.03400000e-08 -1.81031580e-02 
 1.03600000e-08 -1.92960497e-02 
 1.03800000e-08 -2.04858779e-02 
 1.04000000e-08 -2.16724541e-02 
 1.04200000e-08 -2.28555904e-02 
 1.04400000e-08 -2.40350992e-02 
 1.04600000e-08 -2.52107937e-02 
 1.04800000e-08 -2.63824878e-02 
 1.05000000e-08 -2.75499959e-02 
 1.05200000e-08 -2.87131332e-02 
 1.05400000e-08 -2.98717154e-02 
 1.05600000e-08 -3.10255593e-02 
 1.05800000e-08 -3.21744822e-02 
 1.06000000e-08 -3.33183023e-02 
 1.06200000e-08 -3.44568387e-02 
 1.06400000e-08 -3.55899112e-02 
 1.06600000e-08 -3.67173407e-02 
 1.06800000e-08 -3.78389488e-02 
 1.07000000e-08 -3.89545583e-02 
 1.07200000e-08 -4.00639927e-02 
 1.07400000e-08 -4.11670768e-02 
 1.07600000e-08 -4.22636362e-02 
 1.07800000e-08 -4.33534978e-02 
 1.08000000e-08 -4.44364892e-02 
 1.08200000e-08 -4.55124396e-02 
 1.08400000e-08 -4.65811790e-02 
 1.08600000e-08 -4.76425387e-02 
 1.08800000e-08 -4.86963512e-02 
 1.09000000e-08 -4.97424503e-02 
 1.09200000e-08 -5.07806708e-02 
 1.09400000e-08 -5.18108490e-02 
 1.09600000e-08 -5.28328225e-02 
 1.09800000e-08 -5.38464301e-02 
 1.10000000e-08 -5.48515121e-02 
 1.10200000e-08 -5.58479101e-02 
 1.10400000e-08 -5.68354670e-02 
 1.10600000e-08 -5.78140274e-02 
 1.10800000e-08 -5.87834371e-02 
 1.11000000e-08 -5.97435434e-02 
 1.11200000e-08 -6.06941953e-02 
 1.11400000e-08 -6.16352431e-02 
 1.11600000e-08 -6.25665388e-02 
 1.11800000e-08 -6.34879358e-02 
 1.12000000e-08 -6.43992893e-02 
 1.12200000e-08 -6.53004559e-02 
 1.12400000e-08 -6.61912939e-02 
 1.12600000e-08 -6.70716635e-02 
 1.12800000e-08 -6.79414261e-02 
 1.13000000e-08 -6.88004453e-02 
 1.13200000e-08 -6.96485860e-02 
 1.13400000e-08 -7.04857152e-02 
 1.13600000e-08 -7.13117013e-02 
 1.13800000e-08 -7.21264148e-02 
 1.14000000e-08 -7.29297278e-02 
 1.14200000e-08 -7.37215142e-02 
 1.14400000e-08 -7.45016500e-02 
 1.14600000e-08 -7.52700126e-02 
 1.14800000e-08 -7.60264818e-02 
 1.15000000e-08 -7.67709388e-02 
 1.15200000e-08 -7.75032670e-02 
 1.15400000e-08 -7.82233518e-02 
 1.15600000e-08 -7.89310802e-02 
 1.15800000e-08 -7.96263414e-02 
 1.16000000e-08 -8.03090265e-02 
 1.16200000e-08 -8.09790288e-02 
 1.16400000e-08 -8.16362432e-02 
 1.16600000e-08 -8.22805669e-02 
 1.16800000e-08 -8.29118992e-02 
 1.17000000e-08 -8.35301411e-02 
 1.17200000e-08 -8.41351961e-02 
 1.17400000e-08 -8.47269695e-02 
 1.17600000e-08 -8.53053687e-02 
 1.17800000e-08 -8.58703033e-02 
 1.18000000e-08 -8.64216850e-02 
 1.18200000e-08 -8.69594276e-02 
 1.18400000e-08 -8.74834470e-02 
 1.18600000e-08 -8.79936614e-02 
 1.18800000e-08 -8.84899911e-02 
 1.19000000e-08 -8.89723585e-02 
 1.19200000e-08 -8.94406881e-02 
 1.19400000e-08 -8.98949070e-02 
 1.19600000e-08 -9.03349441e-02 
 1.19800000e-08 -9.07607307e-02 
 1.20000000e-08 -9.11722003e-02 
 1.20200000e-08 -9.15692887e-02 
 1.20400000e-08 -9.19519338e-02 
 1.20600000e-08 -9.23200759e-02 
 1.20800000e-08 -9.26736574e-02 
 1.21000000e-08 -9.30126233e-02 
 1.21200000e-08 -9.33369205e-02 
 1.21400000e-08 -9.36464984e-02 
 1.21600000e-08 -9.39413086e-02 
 1.21800000e-08 -9.42213052e-02 
 1.22000000e-08 -9.44864443e-02 
 1.22200000e-08 -9.47366845e-02 
 1.22400000e-08 -9.49719868e-02 
 1.22600000e-08 -9.51923144e-02 
 1.22800000e-08 -9.53976327e-02 
 1.23000000e-08 -9.55879098e-02 
 1.23200000e-08 -9.57631159e-02 
 1.23400000e-08 -9.59232235e-02 
 1.23600000e-08 -9.60682076e-02 
 1.23800000e-08 -9.61980454e-02 
 1.24000000e-08 -9.63127167e-02 
 1.24200000e-08 -9.64122033e-02 
 1.24400000e-08 -9.64964897e-02 
 1.24600000e-08 -9.65655626e-02 
 1.24800000e-08 -9.66194112e-02 
 1.25000000e-08 -9.66580274e-02 
 1.25200000e-08 -9.66814044e-02 
 1.25400000e-08 -9.66895376e-02 
 1.25600000e-08 -9.66824264e-02 
 1.25800000e-08 -9.66600721e-02 
 1.26000000e-08 -9.66224780e-02 
 1.26200000e-08 -9.65696495e-02 
 1.26400000e-08 -9.65015948e-02 
 1.26600000e-08 -9.64183242e-02 
 1.26800000e-08 -9.63198507e-02 
 1.27000000e-08 -9.62061892e-02 
 1.27200000e-08 -9.60773575e-02 
 1.27400000e-08 -9.59333754e-02 
 1.27600000e-08 -9.57742651e-02 
 1.27800000e-08 -9.56000514e-02 
 1.28000000e-08 -9.54107611e-02 
 1.28200000e-08 -9.52064237e-02 
 1.28400000e-08 -9.49870708e-02 
 1.28600000e-08 -9.47527364e-02 
 1.28800000e-08 -9.45034569e-02 
 1.29000000e-08 -9.42392710e-02 
 1.29200000e-08 -9.39602198e-02 
 1.29400000e-08 -9.36663466e-02 
 1.29600000e-08 -9.33576970e-02 
 1.29800000e-08 -9.30343191e-02 
 1.30000000e-08 -9.26962632e-02 
 1.30200000e-08 -9.23435818e-02 
 1.30400000e-08 -9.19763299e-02 
 1.30600000e-08 -9.15945646e-02 
 1.30800000e-08 -9.11983454e-02 
 1.31000000e-08 -9.07877340e-02 
 1.31200000e-08 -9.03627943e-02 
 1.31400000e-08 -8.99235926e-02 
 1.31600000e-08 -8.94701974e-02 
 1.31800000e-08 -8.90026794e-02 
 1.32000000e-08 -8.85211115e-02 
 1.32200000e-08 -8.80255688e-02 
 1.32400000e-08 -8.75161287e-02 
 1.32600000e-08 -8.69928707e-02 
 1.32800000e-08 -8.64558765e-02 
 1.33000000e-08 -8.59052301e-02 
 1.33200000e-08 -8.53410174e-02 
 1.33400000e-08 -8.47633266e-02 
 1.33600000e-08 -8.41722480e-02 
 1.33800000e-08 -8.35678742e-02 
 1.34000000e-08 -8.29502996e-02 
 1.34200000e-08 -8.23196208e-02 
 1.34400000e-08 -8.16759365e-02 
 1.34600000e-08 -8.10193476e-02 
 1.34800000e-08 -8.03499568e-02 
 1.35000000e-08 -7.96678690e-02 
 1.35200000e-08 -7.89731910e-02 
 1.35400000e-08 -7.82660318e-02 
 1.35600000e-08 -7.75465022e-02 
 1.35800000e-08 -7.68147150e-02 
 1.36000000e-08 -7.60707851e-02 
 1.36200000e-08 -7.53148290e-02 
 1.36400000e-08 -7.45469655e-02 
 1.36600000e-08 -7.37673152e-02 
 1.36800000e-08 -7.29760003e-02 
 1.37000000e-08 -7.21731453e-02 
 1.37200000e-08 -7.13588762e-02 
 1.37400000e-08 -7.05333210e-02 
 1.37600000e-08 -6.96966095e-02 
 1.37800000e-08 -6.88488733e-02 
 1.38000000e-08 -6.79902456e-02 
 1.38200000e-08 -6.71208616e-02 
 1.38400000e-08 -6.62408579e-02 
 1.38600000e-08 -6.53503733e-02 
 1.38800000e-08 -6.44495477e-02 
 1.39000000e-08 -6.35385232e-02 
 1.39200000e-08 -6.26174431e-02 
 1.39400000e-08 -6.16864526e-02 
 1.39600000e-08 -6.07456984e-02 
 1.39800000e-08 -5.97953289e-02 
 1.40000000e-08 -5.88354937e-02 
 1.40200000e-08 -5.78663443e-02 
 1.40400000e-08 -5.68880336e-02 
 1.40600000e-08 -5.59007159e-02 
 1.40800000e-08 -5.49045470e-02 
 1.41000000e-08 -5.38996842e-02 
 1.41200000e-08 -5.28862860e-02 
 1.41400000e-08 -5.18645126e-02 
 1.41600000e-08 -5.08345252e-02 
 1.41800000e-08 -4.97964866e-02 
 1.42000000e-08 -4.87505608e-02 
 1.42200000e-08 -4.76969131e-02 
 1.42400000e-08 -4.66357100e-02 
 1.42600000e-08 -4.55671194e-02 
 1.42800000e-08 -4.44913101e-02 
 1.43000000e-08 -4.34084523e-02 
 1.43200000e-08 -4.23187173e-02 
 1.43400000e-08 -4.12222776e-02 
 1.43600000e-08 -4.01193065e-02 
 1.43800000e-08 -3.90099787e-02 
 1.44000000e-08 -3.78944697e-02 
 1.44200000e-08 -3.67729562e-02 
 1.44400000e-08 -3.56456157e-02 
 1.44600000e-08 -3.45126266e-02 
 1.44800000e-08 -3.33741686e-02 
 1.45000000e-08 -3.22304218e-02 
 1.45200000e-08 -3.10815674e-02 
 1.45400000e-08 -2.99277876e-02 
 1.45600000e-08 -2.87692651e-02 
 1.45800000e-08 -2.76061834e-02 
 1.46000000e-08 -2.64387270e-02 
 1.46200000e-08 -2.52670809e-02 
 1.46400000e-08 -2.40914308e-02 
 1.46600000e-08 -2.29119631e-02 
 1.46800000e-08 -2.17288648e-02 
 1.47000000e-08 -2.05423234e-02 
 1.47200000e-08 -1.93525272e-02 
 1.47400000e-08 -1.81596648e-02 
 1.47600000e-08 -1.69639254e-02 
 1.47800000e-08 -1.57654987e-02 
 1.48000000e-08 -1.45645747e-02 
 1.48200000e-08 -1.33613439e-02 
 1.48400000e-08 -1.21559971e-02 
 1.48600000e-08 -1.09487257e-02 
 1.48800000e-08 -9.73972106e-03 
 1.49000000e-08 -8.52917502e-03 
 1.49200000e-08 -7.31727962e-03 
 1.49400000e-08 -6.10422712e-03 
 1.49600000e-08 -4.89020997e-03 
 1.49800000e-08 -3.67542076e-03 
 1.50000000e-08 -2.46005222e-03 
 1.50200000e-08 -1.24429716e-03 
 1.50400000e-08 -2.83484477e-05 
 1.50600000e-08  1.18760102e-03 
 1.50800000e-08  2.40335836e-03 
 1.51000000e-08  3.61873070e-03 
 1.51200000e-08  4.83352526e-03 
 1.51400000e-08  6.04754936e-03 
 1.51600000e-08  7.26061043e-03 
 1.51800000e-08  8.47251609e-03 
 1.52000000e-08  9.68307414e-03 
 1.52200000e-08  1.08920926e-02 
 1.52400000e-08  1.20993798e-02 
 1.52600000e-08  1.33047442e-02 
 1.52800000e-08  1.45079948e-02 
 1.53000000e-08  1.57089408e-02 
 1.53200000e-08  1.69073919e-02 
 1.53400000e-08  1.81031580e-02 
 1.53600000e-08  1.92960497e-02 
 1.53800000e-08  2.04858779e-02 
 1.54000000e-08  2.16724541e-02 
 1.54200000e-08  2.28555904e-02 
 1.54400000e-08  2.40350992e-02 
 1.54600000e-08  2.52107937e-02 
 1.54800000e-08  2.63824878e-02 
 1.55000000e-08  2.75499959e-02 
 1.55200000e-08  2.87131332e-02 
 1.55400000e-08  2.98717154e-02 
 1.55600000e-08  3.10255593e-02 
 1.55800000e-08  3.21744822e-02 
 1.56000000e-08  3.33183023e-02 
 1.56200000e-08  3.44568387e-02 
 1.56400000e-08  3.55899112e-02 
 1.56600000e-08  3.67173407e-02 
 1.56800000e-08  3.78389488e-02 
 1.57000000e-08  3.89545583e-02 
 1.57200000e-08  4.00639927e-02 
 1.57400000e-08  4.11670768e-02 
 1.57600000e-08  4.22636363e-02 
 1.57800000e-08  4.33534978e-02 
 1.58000000e-08  4.44364892e-02 
 1.58200000e-08  4.55124396e-02 
 1.58400000e-08  4.65811790e-02 
 1.58600000e-08  4.76425387e-02 
 1.58800000e-08  4.86963512e-02 
 1.59000000e-08  4.97424503e-02 
 1.59200000e-08  5.07806708e-02 
 1.59400000e-08  5.18108490e-02 
 1.59600000e-08  5.28328225e-02 
 1.59800000e-08  5.38464301e-02 
 1.60000000e-08  5.48515121e-02 
 1.60200000e-08  5.58479101e-02 
 1.60400000e-08  5.68354671e-02 
 1.60600000e-08  5.78140274e-02 
 1.60800000e-08  5.87834371e-02 
 1.61000000e-08  5.97435435e-02 
 1.61200000e-08  6.06941953e-02 
 1.61400000e-08  6.16352432e-02 
 1.61600000e-08  6.25665388e-02 
 1.61800000e-08  6.34879358e-02 
 1.62000000e-08  6.43992893e-02 
 1.62200000e-08  6.53004559e-02 
 1.62400000e-08  6.61912939e-02 
 1.62600000e-08  6.70716635e-02 
 1.62800000e-08  6.79414261e-02 
 1.63000000e-08  6.88004453e-02 
 1.63200000e-08  6.96485861e-02 
 1.63400000e-08  7.04857152e-02 
 1.63600000e-08  7.13117013e-02 
 1.63800000e-08  7.21264148e-02 
 1.64000000e-08  7.29297278e-02 
 1.64200000e-08  7.37215142e-02 
 1.64400000e-08  7.45016500e-02 
 1.64600000e-08  7.52700126e-02 
 1.64800000e-08  7.60264818e-02 
 1.65000000e-08  7.67709388e-02 
 1.65200000e-08  7.75032670e-02 
 1.65400000e-08  7.82233518e-02 
 1.65600000e-08  7.89310802e-02 
 1.65800000e-08  7.96263414e-02 
 1.66000000e-08  8.03090266e-02 
 1.66200000e-08  8.09790288e-02 
 1.66400000e-08  8.16362432e-02 
 1.66600000e-08  8.22805669e-02 
 1.66800000e-08  8.29118992e-02 
 1.67000000e-08  8.35301411e-02 
 1.67200000e-08  8.41351961e-02 
 1.67400000e-08  8.47269695e-02 
 1.67600000e-08  8.53053687e-02 
 1.67800000e-08  8.58703033e-02 
 1.68000000e-08  8.64216850e-02 
 1.68200000e-08  8.69594276e-02 
 1.68400000e-08  8.74834470e-02 
 1.68600000e-08  8.79936615e-02 
 1.68800000e-08  8.84899911e-02 
 1.69000000e-08  8.89723585e-02 
 1.69200000e-08  8.94406882e-02 
 1.69400000e-08  8.98949070e-02 
 1.69600000e-08  9.03349441e-02 
 1.69800000e-08  9.07607307e-02 
 1.70000000e-08  9.11722003e-02 
 1.70200000e-08  9.15692887e-02 
 1.70400000e-08  9.19519338e-02 
 1.70600000e-08  9.23200759e-02 
 1.70800000e-08  9.26736575e-02 
 1.71000000e-08  9.30126233e-02 
 1.71200000e-08  9.33369205e-02 
 1.71400000e-08  9.36464984e-02 
 1.71600000e-08  9.39413086e-02 
 1.71800000e-08  9.42213052e-02 
 1.72000000e-08  9.44864443e-02 
 1.72200000e-08  9.47366845e-02 
 1.72400000e-08  9.49719868e-02 
 1.72600000e-08  9.51923144e-02 
 1.72800000e-08  9.53976327e-02 
 1.73000000e-08  9.55879098e-02 
 1.73200000e-08  9.57631159e-02 
 1.73400000e-08  9.59232235e-02 
 1.73600000e-08  9.60682076e-02 
 1.73800000e-08  9.61980454e-02 
 1.74000000e-08  9.63127167e-02 
 1.74200000e-08  9.64122033e-02 
 1.74400000e-08  9.64964897e-02 
 1.74600000e-08  9.65655626e-02 
 1.74800000e-08  9.66194112e-02 
 1.75000000e-08  9.66580274e-02 
 1.75200000e-08  9.66814044e-02 
 1.75400000e-08  9.66895376e-02 
 1.75600000e-08  9.66824264e-02 
 1.75800000e-08  9.66600721e-02 
 1.76000000e-08  9.66224780e-02 
 1.76200000e-08  9.65696495e-02 
 1.76400000e-08  9.65015948e-02 
 1.76600000e-08  9.64183242e-02 
 1.76800000e-08  9.63198507e-02 
 1.77000000e-08  9.62061892e-02 
 1.77200000e-08  9.60773575e-02 
 1.77400000e-08  9.59333754e-02 
 1.77600000e-08  9.57742651e-02 
 1.77800000e-08  9.56000514e-02 
 1.78000000e-08  9.54107611e-02 
 1.78200000e-08  9.52064237e-02 
 1.78400000e-08  9.49870708e-02 
 1.78600000e-08  9.47527364e-02 
 1.78800000e-08  9.45034569e-02 
 1.79000000e-08  9.42392710e-02 
 1.79200000e-08  9.39602198e-02 
 1.79400000e-08  9.36663466e-02 
 1.79600000e-08  9.33576970e-02 
 1.79800000e-08  9.30343191e-02 
 1.80000000e-08  9.26962632e-02 
 1.80200000e-08  9.23435818e-02 
 1.80400000e-08  9.19763299e-02 
 1.80600000e-08  9.15945646e-02 
 1.80800000e-08  9.11983454e-02 
 1.81000000e-08  9.07877340e-02 
 1.81200000e-08  9.03627943e-02 
 1.81400000e-08  8.99235926e-02 
 1.81600000e-08  8.94701974e-02 
 1.81800000e-08  8.90026794e-02 
 1.82000000e-08  8.85211115e-02 
 1.82200000e-08  8.80255688e-02 
 1.82400000e-08  8.75161287e-02 
 1.82600000e-08  8.69928707e-02 
 1.82800000e-08  8.64558765e-02 
 1.83000000e-08  8.59052301e-02 
 1.83200000e-08  8.53410174e-02 
 1.83400000e-08  8.47633266e-02 
 1.83600000e-08  8.41722481e-02 
 1.83800000e-08  8.35678742e-02 
 1.84000000e-08  8.29502996e-02 
 1.84200000e-08  8.23196208e-02 
 1.84400000e-08  8.16759365e-02 
 1.84600000e-08  8.10193476e-02 
 1.84800000e-08  8.03499568e-02 
 1.85000000e-08  7.96678690e-02 
 1.85200000e-08  7.89731910e-02 
 1.85400000e-08  7.82660318e-02 
 1.85600000e-08  7.75465022e-02 
 1.85800000e-08  7.68147150e-02 
 1.86000000e-08  7.60707851e-02 
 1.86200000e-08  7.53148290e-02 
 1.86400000e-08  7.45469655e-02 
 1.86600000e-08  7.37673152e-02 
 1.86800000e-08  7.29760003e-02 
 1.87000000e-08  7.21731453e-02 
 1.87200000e-08  7.13588762e-02 
 1.87400000e-08  7.05333210e-02 
 1.87600000e-08  6.96966095e-02 
 1.87800000e-08  6.88488733e-02 
 1.88000000e-08  6.79902456e-02 
 1.88200000e-08  6.71208616e-02 
 1.88400000e-08  6.62408579e-02 
 1.88600000e-08  6.53503733e-02 
 1.88800000e-08  6.44495477e-02 
 1.89000000e-08  6.35385232e-02 
 1.89200000e-08  6.26174431e-02 
 1.89400000e-08  6.16864526e-02 
 1.89600000e-08  6.07456984e-02 
 1.89800000e-08  5.97953289e-02 
 1.90000000e-08  5.88354937e-02 
 1.90200000e-08  5.78663443e-02 
 1.90400000e-08  5.68880336e-02 
 1.90600000e-08  5.59007159e-02 
 1.90800000e-08  5.49045470e-02 
 1.91000000e-08  5.38996842e-02 
 1.91200000e-08  5.28862860e-02 
 1.91400000e-08  5.18645126e-02 
 1.91600000e-08  5.08345252e-02 
 1.91800000e-08  4.97964866e-02 
 1.92000000e-08  4.87505608e-02 
 1.92200000e-08  4.76969131e-02 
 1.92400000e-08  4.66357100e-02 
 1.92600000e-08  4.55671194e-02 
 1.92800000e-08  4.44913101e-02 
 1.93000000e-08  4.34084523e-02 
 1.93200000e-08  4.23187173e-02 
 1.93400000e-08  4.12222776e-02 
 1.93600000e-08  4.01193065e-02 
 1.93800000e-08  3.90099787e-02 
 1.94000000e-08  3.78944697e-02 
 1.94200000e-08  3.67729562e-02 
 1.94400000e-08  3.56456157e-02 
 1.94600000e-08  3.45126266e-02 
 1.94800000e-08  3.33741686e-02 
 1.95000000e-08  3.22304218e-02 
 1.95200000e-08  3.10815674e-02 
 1.95400000e-08  2.99277876e-02 
 1.95600000e-08  2.87692651e-02 
 1.95800000e-08  2.76061834e-02 
 1.96000000e-08  2.64387270e-02 
 1.96200000e-08  2.52670809e-02 
 1.96400000e-08  2.40914308e-02 
 1.96600000e-08  2.29119631e-02 
 1.96800000e-08  2.17288648e-02 
 1.97000000e-08  2.05423234e-02 
 1.97200000e-08  1.93525272e-02 
 1.97400000e-08  1.81596648e-02 
 1.97600000e-08  1.69639254e-02 
 1.97800000e-08  1.57654987e-02 
 1.98000000e-08  1.45645747e-02 
 1.98200000e-08  1.33613439e-02 
 1.98400000e-08  1.21559971e-02 
 1.98600000e-08  1.09487257e-02 
 1.98800000e-08  9.73972106e-03 
 1.99000000e-08  8.52917502e-03 
 1.99200000e-08  7.31727962e-03 
 1.99400000e-08  6.10422712e-03 
 1.99600000e-08  4.89020997e-03 
 1.99800000e-08  3.67542076e-03 
 2.00000000e-08  2.46005222e-03 
 2.00200000e-08  1.24429716e-03 
 2.00400000e-08  2.83484476e-05 
 2.00600000e-08 -1.18760102e-03 
 2.00800000e-08 -2.40335836e-03 
 2.01000000e-08 -3.61873070e-03 
 2.01200000e-08 -4.83352526e-03 
 2.01400000e-08 -6.04754936e-03 
 2.01600000e-08 -7.26061043e-03 
 2.01800000e-08 -8.47251609e-03 
 2.02000000e-08 -9.68307414e-03 
 2.02200000e-08 -1.08920926e-02 
 2.02400000e-08 -1.20993798e-02 
 2.02600000e-08 -1.33047442e-02 
 2.02800000e-08 -1.45079948e-02 
 2.03000000e-08 -1.57089408e-02 
 2.03200000e-08 -1.69073919e-02 
 2.03400000e-08 -1.81031580e-02 
 2.03600000e-08 -1.92960497e-02 
 2.03800000e-08 -2.04858779e-02 
 2.04000000e-08 -2.16724541e-02 
 2.04200000e-08 -2.28555904e-02 
 2.04400000e-08 -2.40350992e-02 
 2.04600000e-08 -2.52107937e-02 
 2.04800000e-08 -2.63824878e-02 
 2.05000000e-08 -2.75499959e-02 
 2.05200000e-08 -2.87131332e-02 
 2.05400000e-08 -2.98717154e-02 
 2.05600000e-08 -3.10255593e-02 
 2.05800000e-08 -3.21744822e-02 
 2.06000000e-08 -3.33183023e-02 
 2.06200000e-08 -3.44568387e-02 
 2.06400000e-08 -3.55899112e-02 
 2.06600000e-08 -3.67173407e-02 
 2.06800000e-08 -3.78389488e-02 
 2.07000000e-08 -3.89545583e-02 
 2.07200000e-08 -4.00639927e-02 
 2.07400000e-08 -4.11670768e-02 
 2.07600000e-08 -4.22636363e-02 
 2.07800000e-08 -4.33534978e-02 
 2.08000000e-08 -4.44364892e-02 
 2.08200000e-08 -4.55124396e-02 
 2.08400000e-08 -4.65811790e-02 
 2.08600000e-08 -4.76425387e-02 
 2.08800000e-08 -4.86963512e-02 
 2.09000000e-08 -4.97424503e-02 
 2.09200000e-08 -5.07806708e-02 
 2.09400000e-08 -5.18108490e-02 
 2.09600000e-08 -5.28328225e-02 
 2.09800000e-08 -5.38464301e-02 
 2.10000000e-08 -5.48515121e-02 
 2.10200000e-08 -5.58479101e-02 
 2.10400000e-08 -5.68354671e-02 
 2.10600000e-08 -5.78140274e-02 
 2.10800000e-08 -5.87834371e-02 
 2.11000000e-08 -5.97435435e-02 
 2.11200000e-08 -6.06941953e-02 
 2.11400000e-08 -6.16352432e-02 
 2.11600000e-08 -6.25665388e-02 
 2.11800000e-08 -6.34879358e-02 
 2.12000000e-08 -6.43992893e-02 
 2.12200000e-08 -6.53004559e-02 
 2.12400000e-08 -6.61912939e-02 
 2.12600000e-08 -6.70716635e-02 
 2.12800000e-08 -6.79414261e-02 
 2.13000000e-08 -6.88004453e-02 
 2.13200000e-08 -6.96485861e-02 
 2.13400000e-08 -7.04857152e-02 
 2.13600000e-08 -7.13117013e-02 
 2.13800000e-08 -7.21264148e-02 
 2.14000000e-08 -7.29297278e-02 
 2.14200000e-08 -7.37215142e-02 
 2.14400000e-08 -7.45016500e-02 
 2.14600000e-08 -7.52700126e-02 
 2.14800000e-08 -7.60264818e-02 
 2.15000000e-08 -7.67709388e-02 
 2.15200000e-08 -7.75032670e-02 
 2.15400000e-08 -7.82233518e-02 
 2.15600000e-08 -7.89310802e-02 
 2.15800000e-08 -7.96263414e-02 
 2.16000000e-08 -8.03090266e-02 
 2.16200000e-08 -8.09790288e-02 
 2.16400000e-08 -8.16362432e-02 
 2.16600000e-08 -8.22805669e-02 
 2.16800000e-08 -8.29118992e-02 
 2.17000000e-08 -8.35301411e-02 
 2.17200000e-08 -8.41351961e-02 
 2.17400000e-08 -8.47269695e-02 
 2.17600000e-08 -8.53053687e-02 
 2.17800000e-08 -8.58703033e-02 
 2.18000000e-08 -8.64216850e-02 
 2.18200000e-08 -8.69594276e-02 
 2.18400000e-08 -8.74834470e-02 
 2.18600000e-08 -8.79936615e-02 
 2.18800000e-08 -8.84899911e-02 
 2.19000000e-08 -8.89723585e-02 
 2.19200000e-08 -8.94406882e-02 
 2.19400000e-08 -8.98949070e-02 
 2.19600000e-08 -9.03349441e-02 
 2.19800000e-08 -9.07607307e-02 
 2.20000000e-08 -9.11722003e-02 
 2.20200000e-08 -9.15692887e-02 
 2.20400000e-08 -9.19519338e-02 
 2.20600000e-08 -9.23200759e-02 
 2.20800000e-08 -9.26736575e-02 
 2.21000000e-08 -9.30126233e-02 
 2.21200000e-08 -9.33369205e-02 
 2.21400000e-08 -9.36464984e-02 
 2.21600000e-08 -9.39413086e-02 
 2.21800000e-08 -9.42213052e-02 
 2.22000000e-08 -9.44864443e-02 
 2.22200000e-08 -9.47366845e-02 
 2.22400000e-08 -9.49719868e-02 
 2.22600000e-08 -9.51923144e-02 
 2.22800000e-08 -9.53976327e-02 
 2.23000000e-08 -9.55879098e-02 
 2.23200000e-08 -9.57631159e-02 
 2.23400000e-08 -9.59232235e-02 
 2.23600000e-08 -9.60682076e-02 
 2.23800000e-08 -9.61980454e-02 
 2.24000000e-08 -9.63127167e-02 
 2.24200000e-08 -9.64122033e-02 
 2.24400000e-08 -9.64964897e-02 
 2.24600000e-08 -9.65655626e-02 
 2.24800000e-08 -9.66194112e-02 
 2.25000000e-08 -9.66580274e-02 
 2.25200000e-08 -9.66814044e-02 
 2.25400000e-08 -9.66895376e-02 
 2.25600000e-08 -9.66824264e-02 
 2.25800000e-08 -9.66600721e-02 
 2.26000000e-08 -9.66224780e-02 
 2.26200000e-08 -9.65696495e-02 
 2.26400000e-08 -9.65015948e-02 
 2.26600000e-08 -9.64183242e-02 
 2.26800000e-08 -9.63198507e-02 
 2.27000000e-08 -9.62061892e-02 
 2.27200000e-08 -9.60773575e-02 
 2.27400000e-08 -9.59333754e-02 
 2.27600000e-08 -9.57742651e-02 
 2.27800000e-08 -9.56000514e-02 
 2.28000000e-08 -9.54107611e-02 
 2.28200000e-08 -9.52064237e-02 
 2.28400000e-08 -9.49870708e-02 
 2.28600000e-08 -9.47527364e-02 
 2.28800000e-08 -9.45034569e-02 
 2.29000000e-08 -9.42392710e-02 
 2.29200000e-08 -9.39602198e-02 
 2.29400000e-08 -9.36663466e-02 
 2.29600000e-08 -9.33576970e-02 
 2.29800000e-08 -9.30343191e-02 
 2.30000000e-08 -9.26962632e-02 
 2.30200000e-08 -9.23435818e-02 
 2.30400000e-08 -9.19763299e-02 
 2.30600000e-08 -9.15945646e-02 
 2.30800000e-08 -9.11983454e-02 
 2.31000000e-08 -9.07877340e-02 
 2.31200000e-08 -9.03627943e-02 
 2.31400000e-08 -8.99235926e-02 
 2.31600000e-08 -8.94701974e-02 
 2.31800000e-08 -8.90026794e-02 
 2.32000000e-08 -8.85211115e-02 
 2.32200000e-08 -8.80255688e-02 
 2.32400000e-08 -8.75161287e-02 
 2.32600000e-08 -8.69928707e-02 
 2.32800000e-08 -8.64558765e-02 
 2.33000000e-08 -8.59052301e-02 
 2.33200000e-08 -8.53410174e-02 
 2.33400000e-08 -8.47633266e-02 
 2.33600000e-08 -8.41722481e-02 
 2.33800000e-08 -8.35678742e-02 
 2.34000000e-08 -8.29502996e-02 
 2.34200000e-08 -8.23196208e-02 
 2.34400000e-08 -8.16759365e-02 
 2.34600000e-08 -8.10193476e-02 
 2.34800000e-08 -8.03499568e-02 
 2.35000000e-08 -7.96678690e-02 
 2.35200000e-08 -7.89731910e-02 
 2.35400000e-08 -7.82660318e-02 
 2.35600000e-08 -7.75465022e-02 
 2.35800000e-08 -7.68147150e-02 
 2.36000000e-08 -7.60707851e-02 
 2.36200000e-08 -7.53148290e-02 
 2.36400000e-08 -7.45469655e-02 
 2.36600000e-08 -7.37673152e-02 
 2.36800000e-08 -7.29760003e-02 
 2.37000000e-08 -7.21731453e-02 
 2.37200000e-08 -7.13588762e-02 
 2.37400000e-08 -7.05333210e-02 
 2.37600000e-08 -6.96966095e-02 
 2.37800000e-08 -6.88488733e-02 
 2.38000000e-08 -6.79902456e-02 
 2.38200000e-08 -6.71208616e-02 
 2.38400000e-08 -6.62408579e-02 
 2.38600000e-08 -6.53503733e-02 
 2.38800000e-08 -6.44495477e-02 
 2.39000000e-08 -6.35385232e-02 
 2.39200000e-08 -6.26174431e-02 
 2.39400000e-08 -6.16864526e-02 
 2.39600000e-08 -6.07456984e-02 
 2.39800000e-08 -5.97953289e-02 
 2.40000000e-08 -5.88354937e-02 
 2.40200000e-08 -5.78663443e-02 
 2.40400000e-08 -5.68880336e-02 
 2.40600000e-08 -5.59007159e-02 
 2.40800000e-08 -5.49045470e-02 
 2.41000000e-08 -5.38996842e-02 
 2.41200000e-08 -5.28862860e-02 
 2.41400000e-08 -5.18645126e-02 
 2.41600000e-08 -5.08345252e-02 
 2.41800000e-08 -4.97964866e-02 
 2.42000000e-08 -4.87505608e-02 
 2.42200000e-08 -4.76969131e-02 
 2.42400000e-08 -4.66357100e-02 
 2.42600000e-08 -4.55671194e-02 
 2.42800000e-08 -4.44913101e-02 
 2.43000000e-08 -4.34084523e-02 
 2.43200000e-08 -4.23187173e-02 
 2.43400000e-08 -4.12222776e-02 
 2.43600000e-08 -4.01193065e-02 
 2.43800000e-08 -3.90099787e-02 
 2.44000000e-08 -3.78944697e-02 
 2.44200000e-08 -3.67729562e-02 
 2.44400000e-08 -3.56456157e-02 
 2.44600000e-08 -3.45126266e-02 
 2.44800000e-08 -3.33741686e-02 
 2.45000000e-08 -3.22304218e-02 
 2.45200000e-08 -3.10815674e-02 
 2.45400000e-08 -2.99277876e-02 
 2.45600000e-08 -2.87692651e-02 
 2.45800000e-08 -2.76061834e-02 
 2.46000000e-08 -2.64387270e-02 
 2.46200000e-08 -2.52670809e-02 
 2.46400000e-08 -2.40914308e-02 
 2.46600000e-08 -2.29119631e-02 
 2.46800000e-08 -2.17288648e-02 
 2.47000000e-08 -2.05423234e-02 
 2.47200000e-08 -1.93525272e-02 
 2.47400000e-08 -1.81596648e-02 
 2.47600000e-08 -1.69639254e-02 
 2.47800000e-08 -1.57654987e-02 
 2.48000000e-08 -1.45645747e-02 
 2.48200000e-08 -1.33613439e-02 
 2.48400000e-08 -1.21559971e-02 
 2.48600000e-08 -1.09487257e-02 
 2.48800000e-08 -9.73972106e-03 
 2.49000000e-08 -8.52917502e-03 
 2.49200000e-08 -7.31727962e-03 
 2.49400000e-08 -6.10422712e-03 
 2.49600000e-08 -4.89020997e-03 
 2.49800000e-08 -3.67542076e-03 
 2.50000000e-08 -2.46005222e-03 
 2.50200000e-08 -1.24429716e-03 
 2.50400000e-08 -2.83484477e-05 
 2.50600000e-08  1.18760102e-03 
 2.50800000e-08  2.40335836e-03 
 2.51000000e-08  3.61873070e-03 
 2.51200000e-08  4.83352526e-03 
 2.51400000e-08  6.04754936e-03 
 2.51600000e-08  7.26061043e-03 
 2.51800000e-08  8.47251609e-03 
 2.52000000e-08  9.68307414e-03 
 2.52200000e-08  1.08920926e-02 
 2.52400000e-08  1.20993798e-02 
 2.52600000e-08  1.33047442e-02 
 2.52800000e-08  1.45079948e-02 
 2.53000000e-08  1.57089408e-02 
 2.53200000e-08  1.69073918e-02 
 2.53400000e-08  1.81031580e-02 
 2.53600000e-08  1.92960497e-02 
 2.53800000e-08  2.04858779e-02 
 2.54000000e-08  2.16724541e-02 
 2.54200000e-08  2.28555904e-02 
 2.54400000e-08  2.40350992e-02 
 2.54600000e-08  2.52107937e-02 
 2.54800000e-08  2.63824878e-02 
 2.55000000e-08  2.75499959e-02 
 2.55200000e-08  2.87131332e-02 
 2.55400000e-08  2.98717154e-02 
 2.55600000e-08  3.10255593e-02 
 2.55800000e-08  3.21744822e-02 
 2.56000000e-08  3.33183023e-02 
 2.56200000e-08  3.44568387e-02 
 2.56400000e-08  3.55899112e-02 
 2.56600000e-08  3.67173407e-02 
 2.56800000e-08  3.78389488e-02 
 2.57000000e-08  3.89545583e-02 
 2.57200000e-08  4.00639927e-02 
 2.57400000e-08  4.11670768e-02 
 2.57600000e-08  4.22636363e-02 
 2.57800000e-08  4.33534978e-02 
 2.58000000e-08  4.44364892e-02 
 2.58200000e-08  4.55124396e-02 
 2.58400000e-08  4.65811790e-02 
 2.58600000e-08  4.76425387e-02 
 2.58800000e-08  4.86963512e-02 
 2.59000000e-08  4.97424503e-02 
 2.59200000e-08  5.07806708e-02 
 2.59400000e-08  5.18108490e-02 
 2.59600000e-08  5.28328225e-02 
 2.59800000e-08  5.38464301e-02 
 2.60000000e-08  5.48515121e-02 
 2.60200000e-08  5.58479101e-02 
 2.60400000e-08  5.68354671e-02 
 2.60600000e-08  5.78140274e-02 
 2.60800000e-08  5.87834371e-02 
 2.61000000e-08  5.97435435e-02 
 2.61200000e-08  6.06941953e-02 
 2.61400000e-08  6.16352432e-02 
 2.61600000e-08  6.25665388e-02 
 2.61800000e-08  6.34879358e-02 
 2.62000000e-08  6.43992893e-02 
 2.62200000e-08  6.53004559e-02 
 2.62400000e-08  6.61912939e-02 
 2.62600000e-08  6.70716635e-02 
 2.62800000e-08  6.79414261e-02 
 2.63000000e-08  6.88004453e-02 
 2.63200000e-08  6.96485861e-02 
 2.63400000e-08  7.04857152e-02 
 2.63600000e-08  7.13117013e-02 
 2.63800000e-08  7.21264148e-02 
 2.64000000e-08  7.29297278e-02 
 2.64200000e-08  7.37215142e-02 
 2.64400000e-08  7.45016500e-02 
 2.64600000e-08  7.52700126e-02 
 2.64800000e-08  7.60264818e-02 
 2.65000000e-08  7.67709388e-02 
 2.65200000e-08  7.75032670e-02 
 2.65400000e-08  7.82233518e-02 
 2.65600000e-08  7.89310802e-02 
 2.65800000e-08  7.96263414e-02 
 2.66000000e-08  8.03090266e-02 
 2.66200000e-08  8.09790288e-02 
 2.66400000e-08  8.16362432e-02 
 2.66600000e-08  8.22805669e-02 
 2.66800000e-08  8.29118992e-02 
 2.67000000e-08  8.35301411e-02 
 2.67200000e-08  8.41351961e-02 
 2.67400000e-08  8.47269695e-02 
 2.67600000e-08  8.53053687e-02 
 2.67800000e-08  8.58703033e-02 
 2.68000000e-08  8.64216850e-02 
 2.68200000e-08  8.69594276e-02 
 2.68400000e-08  8.74834470e-02 
 2.68600000e-08  8.79936615e-02 
 2.68800000e-08  8.84899911e-02 
 2.69000000e-08  8.89723585e-02 
 2.69200000e-08  8.94406882e-02 
 2.69400000e-08  8.98949070e-02 
 2.69600000e-08  9.03349441e-02 
 2.69800000e-08  9.07607307e-02 
 2.70000000e-08  9.11722003e-02 
 2.70200000e-08  9.15692887e-02 
 2.70400000e-08  9.19519338e-02 
 2.70600000e-08  9.23200759e-02 
 2.70800000e-08  9.26736575e-02 
 2.71000000e-08  9.30126233e-02 
 2.71200000e-08  9.33369205e-02 
 2.71400000e-08  9.36464984e-02 
 2.71600000e-08  9.39413086e-02 
 2.71800000e-08  9.42213052e-02 
 2.72000000e-08  9.44864443e-02 
 2.72200000e-08  9.47366845e-02 
 2.72400000e-08  9.49719868e-02 
 2.72600000e-08  9.51923144e-02 
 2.72800000e-08  9.53976327e-02 
 2.73000000e-08  9.55879098e-02 
 2.73200000e-08  9.57631159e-02 
 2.73400000e-08  9.59232235e-02 
 2.73600000e-08  9.60682076e-02 
 2.73800000e-08  9.61980454e-02 
 2.74000000e-08  9.63127167e-02 
 2.74200000e-08  9.64122033e-02 
 2.74400000e-08  9.64964897e-02 
 2.74600000e-08  9.65655626e-02 
 2.74800000e-08  9.66194112e-02 
 2.75000000e-08  9.66580274e-02 
 2.75200000e-08  9.66814044e-02 
 2.75400000e-08  9.66895376e-02 
 2.75600000e-08  9.66824264e-02 
 2.75800000e-08  9.66600721e-02 
 2.76000000e-08  9.66224780e-02 
 2.76200000e-08  9.65696495e-02 
 2.76400000e-08  9.65015948e-02 
 2.76600000e-08  9.64183242e-02 
 2.76800000e-08  9.63198507e-02 
 2.77000000e-08  9.62061892e-02 
 2.77200000e-08  9.60773575e-02 
 2.77400000e-08  9.59333754e-02 
 2.77600000e-08  9.57742651e-02 
 2.77800000e-08  9.56000514e-02 
 2.78000000e-08  9.54107611e-02 
 2.78200000e-08  9.52064237e-02 
 2.78400000e-08  9.49870708e-02 
 2.78600000e-08  9.47527364e-02 
 2.78800000e-08  9.45034569e-02 
 2.79000000e-08  9.42392710e-02 
 2.79200000e-08  9.39602198e-02 
 2.79400000e-08  9.36663466e-02 
 2.79600000e-08  9.33576970e-02 
 2.79800000e-08  9.30343191e-02 
 2.80000000e-08  9.26962632e-02 
 2.80200000e-08  9.23435818e-02 
 2.80400000e-08  9.19763299e-02 
 2.80600000e-08  9.15945646e-02 
 2.80800000e-08  9.11983454e-02 
 2.81000000e-08  9.07877340e-02 
 2.81200000e-08  9.03627943e-02 
 2.81400000e-08  8.99235926e-02 
 2.81600000e-08  8.94701974e-02 
 2.81800000e-08  8.90026794e-02 
 2.82000000e-08  8.85211115e-02 
 2.82200000e-08  8.80255688e-02 
 2.82400000e-08  8.75161287e-02 
 2.82600000e-08  8.69928707e-02 
 2.82800000e-08  8.64558765e-02 
 2.83000000e-08  8.59052301e-02 
 2.83200000e-08  8.53410174e-02 
 2.83400000e-08  8.47633266e-02 
 2.83600000e-08  8.41722481e-02 
 2.83800000e-08  8.35678742e-02 
 2.84000000e-08  8.29502996e-02 
 2.84200000e-08  8.23196208e-02 
 2.84400000e-08  8.16759365e-02 
 2.84600000e-08  8.10193476e-02 
 2.84800000e-08  8.03499568e-02 
 2.85000000e-08  7.96678690e-02 
 2.85200000e-08  7.89731910e-02 
 2.85400000e-08  7.82660318e-02 
 2.85600000e-08  7.75465022e-02 
 2.85800000e-08  7.68147150e-02 
 2.86000000e-08  7.60707851e-02 
 2.86200000e-08  7.53148290e-02 
 2.86400000e-08  7.45469655e-02 
 2.86600000e-08  7.37673152e-02 
 2.86800000e-08  7.29760003e-02 
 2.87000000e-08  7.21731453e-02 
 2.87200000e-08  7.13588762e-02 
 2.87400000e-08  7.05333210e-02 
 2.87600000e-08  6.96966095e-02 
 2.87800000e-08  6.88488733e-02 
 2.88000000e-08  6.79902456e-02 
 2.88200000e-08  6.71208616e-02 
 2.88400000e-08  6.62408579e-02 
 2.88600000e-08  6.53503733e-02 
 2.88800000e-08  6.44495477e-02 
 2.89000000e-08  6.35385232e-02 
 2.89200000e-08  6.26174431e-02 
 2.89400000e-08  6.16864526e-02 
 2.89600000e-08  6.07456984e-02 
 2.89800000e-08  5.97953289e-02 
 2.90000000e-08  5.88354937e-02 
 2.90200000e-08  5.78663443e-02 
 2.90400000e-08  5.68880336e-02 
 2.90600000e-08  5.59007159e-02 
 2.90800000e-08  5.49045470e-02 
 2.91000000e-08  5.38996842e-02 
 2.91200000e-08  5.28862860e-02 
 2.91400000e-08  5.18645126e-02 
 2.91600000e-08  5.08345252e-02 
 2.91800000e-08  4.97964866e-02 
 2.92000000e-08  4.87505608e-02 
 2.92200000e-08  4.76969131e-02 
 2.92400000e-08  4.66357100e-02 
 2.92600000e-08  4.55671194e-02 
 2.92800000e-08  4.44913101e-02 
 2.93000000e-08  4.34084523e-02 
 2.93200000e-08  4.23187173e-02 
 2.93400000e-08  4.12222776e-02 
 2.93600000e-08  4.01193065e-02 
 2.93800000e-08  3.90099787e-02 
 2.94000000e-08  3.78944697e-02 
 2.94200000e-08  3.67729562e-02 
 2.94400000e-08  3.56456157e-02 
 2.94600000e-08  3.45126266e-02 
 2.94800000e-08  3.33741686e-02 
 2.95000000e-08  3.22304218e-02 
 2.95200000e-08  3.10815674e-02 
 2.95400000e-08  2.99277876e-02 
 2.95600000e-08  2.87692651e-02 
 2.95800000e-08  2.76061834e-02 
 2.96000000e-08  2.64387270e-02 
 2.96200000e-08  2.52670809e-02 
 2.96400000e-08  2.40914308e-02 
 2.96600000e-08  2.29119631e-02 
 2.96800000e-08  2.17288648e-02 
 2.97000000e-08  2.05423234e-02 
 2.97200000e-08  1.93525272e-02 
 2.97400000e-08  1.81596648e-02 
 2.97600000e-08  1.69639254e-02 
 2.97800000e-08  1.57654987e-02 
 2.98000000e-08  1.45645747e-02 
 2.98200000e-08  1.33613439e-02 
 2.98400000e-08  1.21559971e-02 
 2.98600000e-08  1.09487257e-02 
 2.98800000e-08  9.73972106e-03 
 2.99000000e-08  8.52917502e-03 
 2.99200000e-08  7.31727962e-03 
 2.99400000e-08  6.10422712e-03 
 2.99600000e-08  4.89020997e-03 
 2.99800000e-08  3.67542076e-03 
 3.00000000e-08  2.46005222e-03 
 3.00200000e-08  1.24429716e-03 
 3.00400000e-08  2.83484477e-05 
 3.00600000e-08 -1.18760102e-03 
 3.00800000e-08 -2.40335836e-03 
 3.01000000e-08 -3.61873070e-03 
 3.01200000e-08 -4.83352526e-03 
 3.01400000e-08 -6.04754936e-03 
 3.01600000e-08 -7.26061043e-03 
 3.01800000e-08 -8.47251609e-03 
 3.02000000e-08 -9.68307414e-03 
 3.02200000e-08 -1.08920926e-02 
 3.02400000e-08 -1.20993798e-02 
 3.02600000e-08 -1.33047442e-02 
 3.02800000e-08 -1.45079948e-02 
 3.03000000e-08 -1.57089408e-02 
 3.03200000e-08 -1.69073919e-02 
 3.03400000e-08 -1.81031580e-02 
 3.03600000e-08 -1.92960497e-02 
 3.03800000e-08 -2.04858779e-02 
 3.04000000e-08 -2.16724541e-02 
 3.04200000e-08 -2.28555904e-02 
 3.04400000e-08 -2.40350992e-02 
 3.04600000e-08 -2.52107937e-02 
 3.04800000e-08 -2.63824878e-02 
 3.05000000e-08 -2.75499959e-02 
 3.05200000e-08 -2.87131332e-02 
 3.05400000e-08 -2.98717154e-02 
 3.05600000e-08 -3.10255593e-02 
 3.05800000e-08 -3.21744822e-02 
 3.06000000e-08 -3.33183023e-02 
 3.06200000e-08 -3.44568387e-02 
 3.06400000e-08 -3.55899112e-02 
 3.06600000e-08 -3.67173407e-02 
 3.06800000e-08 -3.78389488e-02 
 3.07000000e-08 -3.89545583e-02 
 3.07200000e-08 -4.00639927e-02 
 3.07400000e-08 -4.11670768e-02 
 3.07600000e-08 -4.22636363e-02 
 3.07800000e-08 -4.33534978e-02 
 3.08000000e-08 -4.44364892e-02 
 3.08200000e-08 -4.55124396e-02 
 3.08400000e-08 -4.65811790e-02 
 3.08600000e-08 -4.76425387e-02 
 3.08800000e-08 -4.86963512e-02 
 3.09000000e-08 -4.97424503e-02 
 3.09200000e-08 -5.07806708e-02 
 3.09400000e-08 -5.18108490e-02 
 3.09600000e-08 -5.28328225e-02 
 3.09800000e-08 -5.38464301e-02 
 3.10000000e-08 -5.48515121e-02 
 3.10200000e-08 -5.58479101e-02 
 3.10400000e-08 -5.68354671e-02 
 3.10600000e-08 -5.78140274e-02 
 3.10800000e-08 -5.87834371e-02 
 3.11000000e-08 -5.97435435e-02 
 3.11200000e-08 -6.06941953e-02 
 3.11400000e-08 -6.16352432e-02 
 3.11600000e-08 -6.25665388e-02 
 3.11800000e-08 -6.34879358e-02 
 3.12000000e-08 -6.43992893e-02 
 3.12200000e-08 -6.53004559e-02 
 3.12400000e-08 -6.61912939e-02 
 3.12600000e-08 -6.70716635e-02 
 3.12800000e-08 -6.79414261e-02 
 3.13000000e-08 -6.88004453e-02 
 3.13200000e-08 -6.96485861e-02 
 3.13400000e-08 -7.04857152e-02 
 3.13600000e-08 -7.13117013e-02 
 3.13800000e-08 -7.21264148e-02 
 3.14000000e-08 -7.29297278e-02 
 3.14200000e-08 -7.37215142e-02 
 3.14400000e-08 -7.45016500e-02 
 3.14600000e-08 -7.52700126e-02 
 3.14800000e-08 -7.60264818e-02 
 3.15000000e-08 -7.67709388e-02 
 3.15200000e-08 -7.75032670e-02 
 3.15400000e-08 -7.82233518e-02 
 3.15600000e-08 -7.89310802e-02 
 3.15800000e-08 -7.96263414e-02 
 3.16000000e-08 -8.03090266e-02 
 3.16200000e-08 -8.09790288e-02 
 3.16400000e-08 -8.16362432e-02 
 3.16600000e-08 -8.22805669e-02 
 3.16800000e-08 -8.29118992e-02 
 3.17000000e-08 -8.35301411e-02 
 3.17200000e-08 -8.41351961e-02 
 3.17400000e-08 -8.47269695e-02 
 3.17600000e-08 -8.53053687e-02 
 3.17800000e-08 -8.58703033e-02 
 3.18000000e-08 -8.64216850e-02 
 3.18200000e-08 -8.69594276e-02 
 3.18400000e-08 -8.74834470e-02 
 3.18600000e-08 -8.79936615e-02 
 3.18800000e-08 -8.84899911e-02 
 3.19000000e-08 -8.89723585e-02 
 3.19200000e-08 -8.94406882e-02 
 3.19400000e-08 -8.98949070e-02 
 3.19600000e-08 -9.03349441e-02 
 3.19800000e-08 -9.07607307e-02 
 3.20000000e-08 -9.11722003e-02 
 3.20200000e-08 -9.15692887e-02 
 3.20400000e-08 -9.19519338e-02 
 3.20600000e-08 -9.23200759e-02 
 3.20800000e-08 -9.26736575e-02 
 3.21000000e-08 -9.30126233e-02 
 3.21200000e-08 -9.33369205e-02 
 3.21400000e-08 -9.36464984e-02 
 3.21600000e-08 -9.39413086e-02 
 3.21800000e-08 -9.42213052e-02 
 3.22000000e-08 -9.44864443e-02 
 3.22200000e-08 -9.47366845e-02 
 3.22400000e-08 -9.49719868e-02 
 3.22600000e-08 -9.51923144e-02 
 3.22800000e-08 -9.53976327e-02 
 3.23000000e-08 -9.55879098e-02 
 3.23200000e-08 -9.57631159e-02 
 3.23400000e-08 -9.59232235e-02 
 3.23600000e-08 -9.60682076e-02 
 3.23800000e-08 -9.61980454e-02 
 3.24000000e-08 -9.63127167e-02 
 3.24200000e-08 -9.64122033e-02 
 3.24400000e-08 -9.64964897e-02 
 3.24600000e-08 -9.65655626e-02 
 3.24800000e-08 -9.66194112e-02 
 3.25000000e-08 -9.66580274e-02 
 3.25200000e-08 -9.66814044e-02 
 3.25400000e-08 -9.66895376e-02 
 3.25600000e-08 -9.66824264e-02 
 3.25800000e-08 -9.66600721e-02 
 3.26000000e-08 -9.66224780e-02 
 3.26200000e-08 -9.65696495e-02 
 3.26400000e-08 -9.65015948e-02 
 3.26600000e-08 -9.64183242e-02 
 3.26800000e-08 -9.63198507e-02 
 3.27000000e-08 -9.62061892e-02 
 3.27200000e-08 -9.60773575e-02 
 3.27400000e-08 -9.59333754e-02 
 3.27600000e-08 -9.57742651e-02 
 3.27800000e-08 -9.56000514e-02 
 3.28000000e-08 -9.54107611e-02 
 3.28200000e-08 -9.52064237e-02 
 3.28400000e-08 -9.49870708e-02 
 3.28600000e-08 -9.47527364e-02 
 3.28800000e-08 -9.45034569e-02 
 3.29000000e-08 -9.42392710e-02 
 3.29200000e-08 -9.39602198e-02 
 3.29400000e-08 -9.36663466e-02 
 3.29600000e-08 -9.33576970e-02 
 3.29800000e-08 -9.30343191e-02 
 3.30000000e-08 -9.26962632e-02 
 3.30200000e-08 -9.23435818e-02 
 3.30400000e-08 -9.19763299e-02 
 3.30600000e-08 -9.15945646e-02 
 3.30800000e-08 -9.11983454e-02 
 3.31000000e-08 -9.07877340e-02 
 3.31200000e-08 -9.03627943e-02 
 3.31400000e-08 -8.99235926e-02 
 3.31600000e-08 -8.94701974e-02 
 3.31800000e-08 -8.90026794e-02 
 3.32000000e-08 -8.85211115e-02 
 3.32200000e-08 -8.80255688e-02 
 3.32400000e-08 -8.75161287e-02 
 3.32600000e-08 -8.69928707e-02 
 3.32800000e-08 -8.64558765e-02 
 3.33000000e-08 -8.59052301e-02 
 3.33200000e-08 -8.53410174e-02 
 3.33400000e-08 -8.47633266e-02 
 3.33600000e-08 -8.41722481e-02 
 3.33800000e-08 -8.35678742e-02 
 3.34000000e-08 -8.29502996e-02 
 3.34200000e-08 -8.23196208e-02 
 3.34400000e-08 -8.16759365e-02 
 3.34600000e-08 -8.10193476e-02 
 3.34800000e-08 -8.03499568e-02 
 3.35000000e-08 -7.96678690e-02 
 3.35200000e-08 -7.89731910e-02 
 3.35400000e-08 -7.82660318e-02 
 3.35600000e-08 -7.75465022e-02 
 3.35800000e-08 -7.68147150e-02 
 3.36000000e-08 -7.60707851e-02 
 3.36200000e-08 -7.53148290e-02 
 3.36400000e-08 -7.45469655e-02 
 3.36600000e-08 -7.37673152e-02 
 3.36800000e-08 -7.29760003e-02 
 3.37000000e-08 -7.21731453e-02 
 3.37200000e-08 -7.13588762e-02 
 3.37400000e-08 -7.05333210e-02 
 3.37600000e-08 -6.96966095e-02 
 3.37800000e-08 -6.88488733e-02 
 3.38000000e-08 -6.79902456e-02 
 3.38200000e-08 -6.71208616e-02 
 3.38400000e-08 -6.62408579e-02 
 3.38600000e-08 -6.53503733e-02 
 3.38800000e-08 -6.44495477e-02 
 3.39000000e-08 -6.35385232e-02 
 3.39200000e-08 -6.26174431e-02 
 3.39400000e-08 -6.16864526e-02 
 3.39600000e-08 -6.07456984e-02 
 3.39800000e-08 -5.97953289e-02 
 3.40000000e-08 -5.88354937e-02 
 3.40200000e-08 -5.78663443e-02 
 3.40400000e-08 -5.68880336e-02 
 3.40600000e-08 -5.59007159e-02 
 3.40800000e-08 -5.49045470e-02 
 3.41000000e-08 -5.38996842e-02 
 3.41200000e-08 -5.28862860e-02 
 3.41400000e-08 -5.18645126e-02 
 3.41600000e-08 -5.08345252e-02 
 3.41800000e-08 -4.97964866e-02 
 3.42000000e-08 -4.87505608e-02 
 3.42200000e-08 -4.76969131e-02 
 3.42400000e-08 -4.66357100e-02 
 3.42600000e-08 -4.55671194e-02 
 3.42800000e-08 -4.44913101e-02 
 3.43000000e-08 -4.34084523e-02 
 3.43200000e-08 -4.23187173e-02 
 3.43400000e-08 -4.12222776e-02 
 3.43600000e-08 -4.01193065e-02 
 3.43800000e-08 -3.90099787e-02 
 3.44000000e-08 -3.78944697e-02 
 3.44200000e-08 -3.67729562e-02 
 3.44400000e-08 -3.56456157e-02 
 3.44600000e-08 -3.45126266e-02 
 3.44800000e-08 -3.33741686e-02 
 3.45000000e-08 -3.22304218e-02 
 3.45200000e-08 -3.10815674e-02 
 3.45400000e-08 -2.99277876e-02 
 3.45600000e-08 -2.87692651e-02 
 3.45800000e-08 -2.76061834e-02 
 3.46000000e-08 -2.64387270e-02 
 3.46200000e-08 -2.52670809e-02 
 3.46400000e-08 -2.40914308e-02 
 3.46600000e-08 -2.29119631e-02 
 3.46800000e-08 -2.17288648e-02 
 3.47000000e-08 -2.05423234e-02 
 3.47200000e-08 -1.93525272e-02 
 3.47400000e-08 -1.81596648e-02 
 3.47600000e-08 -1.69639254e-02 
 3.47800000e-08 -1.57654987e-02 
 3.48000000e-08 -1.45645747e-02 
 3.48200000e-08 -1.33613439e-02 
 3.48400000e-08 -1.21559971e-02 
 3.48600000e-08 -1.09487257e-02 
 3.48800000e-08 -9.73972106e-03 
 3.49000000e-08 -8.52917502e-03 
 3.49200000e-08 -7.31727962e-03 
 3.49400000e-08 -6.10422712e-03 
 3.49600000e-08 -4.89020997e-03 
 3.49800000e-08 -3.67542076e-03 
 3.50000000e-08 -2.46005222e-03 
 3.50200000e-08 -1.24429716e-03 
 3.50400000e-08 -2.83484476e-05 
 3.50600000e-08  1.18760102e-03 
 3.50800000e-08  2.40335836e-03 
 3.51000000e-08  3.61873070e-03 
 3.51200000e-08  4.83352526e-03 
 3.51400000e-08  6.04754936e-03 
 3.51600000e-08  7.26061043e-03 
 3.51800000e-08  8.47251609e-03 
 3.52000000e-08  9.68307414e-03 
 3.52200000e-08  1.08920926e-02 
 3.52400000e-08  1.20993798e-02 
 3.52600000e-08  1.33047442e-02 
 3.52800000e-08  1.45079948e-02 
 3.53000000e-08  1.57089408e-02 
 3.53200000e-08  1.69073919e-02 
 3.53400000e-08  1.81031580e-02 
 3.53600000e-08  1.92960497e-02 
 3.53800000e-08  2.04858779e-02 
 3.54000000e-08  2.16724541e-02 
 3.54200000e-08  2.28555904e-02 
 3.54400000e-08  2.40350992e-02 
 3.54600000e-08  2.52107937e-02 
 3.54800000e-08  2.63824878e-02 
 3.55000000e-08  2.75499959e-02 
 3.55200000e-08  2.87131332e-02 
 3.55400000e-08  2.98717154e-02 
 3.55600000e-08  3.10255593e-02 
 3.55800000e-08  3.21744822e-02 
 3.56000000e-08  3.33183023e-02 
 3.56200000e-08  3.44568387e-02 
 3.56400000e-08  3.55899112e-02 
 3.56600000e-08  3.67173407e-02 
 3.56800000e-08  3.78389488e-02 
 3.57000000e-08  3.89545583e-02 
 3.57200000e-08  4.00639927e-02 
 3.57400000e-08  4.11670768e-02 
 3.57600000e-08  4.22636363e-02 
 3.57800000e-08  4.33534978e-02 
 3.58000000e-08  4.44364892e-02 
 3.58200000e-08  4.55124396e-02 
 3.58400000e-08  4.65811790e-02 
 3.58600000e-08  4.76425387e-02 
 3.58800000e-08  4.86963512e-02 
 3.59000000e-08  4.97424503e-02 
 3.59200000e-08  5.07806708e-02 
 3.59400000e-08  5.18108490e-02 
 3.59600000e-08  5.28328225e-02 
 3.59800000e-08  5.38464301e-02 
 3.60000000e-08  5.48515121e-02 
 3.60200000e-08  5.58479101e-02 
 3.60400000e-08  5.68354671e-02 
 3.60600000e-08  5.78140274e-02 
 3.60800000e-08  5.87834371e-02 
 3.61000000e-08  5.97435435e-02 
 3.61200000e-08  6.06941953e-02 
 3.61400000e-08  6.16352432e-02 
 3.61600000e-08  6.25665388e-02 
 3.61800000e-08  6.34879358e-02 
 3.62000000e-08  6.43992893e-02 
 3.62200000e-08  6.53004559e-02 
 3.62400000e-08  6.61912939e-02 
 3.62600000e-08  6.70716635e-02 
 3.62800000e-08  6.79414261e-02 
 3.63000000e-08  6.88004453e-02 
 3.63200000e-08  6.96485861e-02 
 3.63400000e-08  7.04857152e-02 
 3.63600000e-08  7.13117013e-02 
 3.63800000e-08  7.21264148e-02 
 3.64000000e-08  7.29297278e-02 
 3.64200000e-08  7.37215142e-02 
 3.64400000e-08  7.45016500e-02 
 3.64600000e-08  7.52700126e-02 
 3.64800000e-08  7.60264818e-02 
 3.65000000e-08  7.67709388e-02 
 3.65200000e-08  7.75032670e-02 
 3.65400000e-08  7.82233518e-02 
 3.65600000e-08  7.89310802e-02 
 3.65800000e-08  7.96263414e-02 
 3.66000000e-08  8.03090266e-02 
 3.66200000e-08  8.09790288e-02 
 3.66400000e-08  8.16362432e-02 
 3.66600000e-08  8.22805669e-02 
 3.66800000e-08  8.29118992e-02 
 3.67000000e-08  8.35301411e-02 
 3.67200000e-08  8.41351961e-02 
 3.67400000e-08  8.47269695e-02 
 3.67600000e-08  8.53053687e-02 
 3.67800000e-08  8.58703033e-02 
 3.68000000e-08  8.64216850e-02 
 3.68200000e-08  8.69594276e-02 
 3.68400000e-08  8.74834470e-02 
 3.68600000e-08  8.79936615e-02 
 3.68800000e-08  8.84899911e-02 
 3.69000000e-08  8.89723585e-02 
 3.69200000e-08  8.94406882e-02 
 3.69400000e-08  8.98949070e-02 
 3.69600000e-08  9.03349441e-02 
 3.69800000e-08  9.07607307e-02 
 3.70000000e-08  9.11722003e-02 
 3.70200000e-08  9.15692887e-02 
 3.70400000e-08  9.19519338e-02 
 3.70600000e-08  9.23200759e-02 
 3.70800000e-08  9.26736575e-02 
 3.71000000e-08  9.30126233e-02 
 3.71200000e-08  9.33369205e-02 
 3.71400000e-08  9.36464984e-02 
 3.71600000e-08  9.39413086e-02 
 3.71800000e-08  9.42213052e-02 
 3.72000000e-08  9.44864443e-02 
 3.72200000e-08  9.47366845e-02 
 3.72400000e-08  9.49719868e-02 
 3.72600000e-08  9.51923144e-02 
 3.72800000e-08  9.53976327e-02 
 3.73000000e-08  9.55879098e-02 
 3.73200000e-08  9.57631159e-02 
 3.73400000e-08  9.59232235e-02 
 3.73600000e-08  9.60682076e-02 
 3.73800000e-08  9.61980454e-02 
 3.74000000e-08  9.63127167e-02 
 3.74200000e-08  9.64122033e-02 
 3.74400000e-08  9.64964897e-02 
 3.74600000e-08  9.65655626e-02 
 3.74800000e-08  9.66194112e-02 
 3.75000000e-08  9.66580274e-02 
 3.75200000e-08  9.66814044e-02 
 3.75400000e-08  9.66895376e-02 
 3.75600000e-08  9.66824264e-02 
 3.75800000e-08  9.66600721e-02 
 3.76000000e-08  9.66224780e-02 
 3.76200000e-08  9.65696495e-02 
 3.76400000e-08  9.65015948e-02 
 3.76600000e-08  9.64183242e-02 
 3.76800000e-08  9.63198507e-02 
 3.77000000e-08  9.62061892e-02 
 3.77200000e-08  9.60773575e-02 
 3.77400000e-08  9.59333754e-02 
 3.77600000e-08  9.57742651e-02 
 3.77800000e-08  9.56000514e-02 
 3.78000000e-08  9.54107611e-02 
 3.78200000e-08  9.52064237e-02 
 3.78400000e-08  9.49870708e-02 
 3.78600000e-08  9.47527364e-02 
 3.78800000e-08  9.45034569e-02 
 3.79000000e-08  9.42392710e-02 
 3.79200000e-08  9.39602198e-02 
 3.79400000e-08  9.36663466e-02 
 3.79600000e-08  9.33576970e-02 
 3.79800000e-08  9.30343191e-02 
 3.80000000e-08  9.26962632e-02 
 3.80200000e-08  9.23435818e-02 
 3.80400000e-08  9.19763299e-02 
 3.80600000e-08  9.15945646e-02 
 3.80800000e-08  9.11983454e-02 
 3.81000000e-08  9.07877340e-02 
 3.81200000e-08  9.03627943e-02 
 3.81400000e-08  8.99235926e-02 
 3.81600000e-08  8.94701974e-02 
 3.81800000e-08  8.90026794e-02 
 3.82000000e-08  8.85211115e-02 
 3.82200000e-08  8.80255688e-02 
 3.82400000e-08  8.75161287e-02 
 3.82600000e-08  8.69928707e-02 
 3.82800000e-08  8.64558765e-02 
 3.83000000e-08  8.59052301e-02 
 3.83200000e-08  8.53410174e-02 
 3.83400000e-08  8.47633266e-02 
 3.83600000e-08  8.41722481e-02 
 3.83800000e-08  8.35678742e-02 
 3.84000000e-08  8.29502996e-02 
 3.84200000e-08  8.23196208e-02 
 3.84400000e-08  8.16759365e-02 
 3.84600000e-08  8.10193476e-02 
 3.84800000e-08  8.03499568e-02 
 3.85000000e-08  7.96678690e-02 
 3.85200000e-08  7.89731910e-02 
 3.85400000e-08  7.82660318e-02 
 3.85600000e-08  7.75465022e-02 
 3.85800000e-08  7.68147150e-02 
 3.86000000e-08  7.60707851e-02 
 3.86200000e-08  7.53148290e-02 
 3.86400000e-08  7.45469655e-02 
 3.86600000e-08  7.37673152e-02 
 3.86800000e-08  7.29760003e-02 
 3.87000000e-08  7.21731453e-02 
 3.87200000e-08  7.13588762e-02 
 3.87400000e-08  7.05333210e-02 
 3.87600000e-08  6.96966095e-02 
 3.87800000e-08  6.88488733e-02 
 3.88000000e-08  6.79902456e-02 
 3.88200000e-08  6.71208616e-02 
 3.88400000e-08  6.62408579e-02 
 3.88600000e-08  6.53503733e-02 
 3.88800000e-08  6.44495477e-02 
 3.89000000e-08  6.35385232e-02 
 3.89200000e-08  6.26174431e-02 
 3.89400000e-08  6.16864526e-02 
 3.89600000e-08  6.07456984e-02 
 3.89800000e-08  5.97953289e-02 
 3.90000000e-08  5.88354937e-02 
 3.90200000e-08  5.78663443e-02 
 3.90400000e-08  5.68880336e-02 
 3.90600000e-08  5.59007159e-02 
 3.90800000e-08  5.49045470e-02 
 3.91000000e-08  5.38996842e-02 
 3.91200000e-08  5.28862860e-02 
 3.91400000e-08  5.18645126e-02 
 3.91600000e-08  5.08345252e-02 
 3.91800000e-08  4.97964866e-02 
 3.92000000e-08  4.87505608e-02 
 3.92200000e-08  4.76969131e-02 
 3.92400000e-08  4.66357100e-02 
 3.92600000e-08  4.55671194e-02 
 3.92800000e-08  4.44913101e-02 
 3.93000000e-08  4.34084523e-02 
 3.93200000e-08  4.23187173e-02 
 3.93400000e-08  4.12222776e-02 
 3.93600000e-08  4.01193065e-02 
 3.93800000e-08  3.90099787e-02 
 3.94000000e-08  3.78944697e-02 
 3.94200000e-08  3.67729562e-02 
 3.94400000e-08  3.56456157e-02 
 3.94600000e-08  3.45126266e-02 
 3.94800000e-08  3.33741686e-02 
 3.95000000e-08  3.22304218e-02 
 3.95200000e-08  3.10815674e-02 
 3.95400000e-08  2.99277876e-02 
 3.95600000e-08  2.87692651e-02 
 3.95800000e-08  2.76061834e-02 
 3.96000000e-08  2.64387270e-02 
 3.96200000e-08  2.52670809e-02 
 3.96400000e-08  2.40914308e-02 
 3.96600000e-08  2.29119631e-02 
 3.96800000e-08  2.17288648e-02 
 3.97000000e-08  2.05423234e-02 
 3.97200000e-08  1.93525272e-02 
 3.97400000e-08  1.81596648e-02 
 3.97600000e-08  1.69639254e-02 
 3.97800000e-08  1.57654987e-02 
 3.98000000e-08  1.45645747e-02 
 3.98200000e-08  1.33613439e-02 
 3.98400000e-08  1.21559971e-02 
 3.98600000e-08  1.09487257e-02 
 3.98800000e-08  9.73972106e-03 
 3.99000000e-08  8.52917502e-03 
 3.99200000e-08  7.31727962e-03 
 3.99400000e-08  6.10422712e-03 
 3.99600000e-08  4.89020997e-03 
 3.99800000e-08  3.67542076e-03 
 4.00000000e-08  2.46005222e-03 
 4.00200000e-08  1.24429716e-03 
 4.00400000e-08  2.83484473e-05 
 4.00600000e-08 -1.18760102e-03 
 4.00800000e-08 -2.40335836e-03 
 4.01000000e-08 -3.61873070e-03 
 4.01200000e-08 -4.83352526e-03 
 4.01400000e-08 -6.04754936e-03 
 4.01600000e-08 -7.26061043e-03 
 4.01800000e-08 -8.47251609e-03 
 4.02000000e-08 -9.68307414e-03 
 4.02200000e-08 -1.08920926e-02 
 4.02400000e-08 -1.20993798e-02 
 4.02600000e-08 -1.33047442e-02 
 4.02800000e-08 -1.45079948e-02 
 4.03000000e-08 -1.57089408e-02 
 4.03200000e-08 -1.69073919e-02 
 4.03400000e-08 -1.81031580e-02 
 4.03600000e-08 -1.92960497e-02 
 4.03800000e-08 -2.04858779e-02 
 4.04000000e-08 -2.16724541e-02 
 4.04200000e-08 -2.28555904e-02 
 4.04400000e-08 -2.40350992e-02 
 4.04600000e-08 -2.52107937e-02 
 4.04800000e-08 -2.63824878e-02 
 4.05000000e-08 -2.75499959e-02 
 4.05200000e-08 -2.87131332e-02 
 4.05400000e-08 -2.98717154e-02 
 4.05600000e-08 -3.10255593e-02 
 4.05800000e-08 -3.21744822e-02 
 4.06000000e-08 -3.33183023e-02 
 4.06200000e-08 -3.44568387e-02 
 4.06400000e-08 -3.55899112e-02 
 4.06600000e-08 -3.67173407e-02 
 4.06800000e-08 -3.78389488e-02 
 4.07000000e-08 -3.89545583e-02 
 4.07200000e-08 -4.00639927e-02 
 4.07400000e-08 -4.11670768e-02 
 4.07600000e-08 -4.22636363e-02 
 4.07800000e-08 -4.33534978e-02 
 4.08000000e-08 -4.44364892e-02 
 4.08200000e-08 -4.55124396e-02 
 4.08400000e-08 -4.65811790e-02 
 4.08600000e-08 -4.76425387e-02 
 4.08800000e-08 -4.86963512e-02 
 4.09000000e-08 -4.97424503e-02 
 4.09200000e-08 -5.07806708e-02 
 4.09400000e-08 -5.18108490e-02 
 4.09600000e-08 -5.28328225e-02 
 4.09800000e-08 -5.38464301e-02 
 4.10000000e-08 -5.48515121e-02 
 4.10200000e-08 -5.58479101e-02 
 4.10400000e-08 -5.68354671e-02 
 4.10600000e-08 -5.78140274e-02 
 4.10800000e-08 -5.87834371e-02 
 4.11000000e-08 -5.97435435e-02 
 4.11200000e-08 -6.06941953e-02 
 4.11400000e-08 -6.16352432e-02 
 4.11600000e-08 -6.25665388e-02 
 4.11800000e-08 -6.34879358e-02 
 4.12000000e-08 -6.43992893e-02 
 4.12200000e-08 -6.53004559e-02 
 4.12400000e-08 -6.61912939e-02 
 4.12600000e-08 -6.70716635e-02 
 4.12800000e-08 -6.79414261e-02 
 4.13000000e-08 -6.88004453e-02 
 4.13200000e-08 -6.96485861e-02 
 4.13400000e-08 -7.04857152e-02 
 4.13600000e-08 -7.13117013e-02 
 4.13800000e-08 -7.21264148e-02 
 4.14000000e-08 -7.29297278e-02 
 4.14200000e-08 -7.37215142e-02 
 4.14400000e-08 -7.45016500e-02 
 4.14600000e-08 -7.52700126e-02 
 4.14800000e-08 -7.60264818e-02 
 4.15000000e-08 -7.67709388e-02 
 4.15200000e-08 -7.75032670e-02 
 4.15400000e-08 -7.82233518e-02 
 4.15600000e-08 -7.89310802e-02 
 4.15800000e-08 -7.96263414e-02 
 4.16000000e-08 -8.03090266e-02 
 4.16200000e-08 -8.09790288e-02 
 4.16400000e-08 -8.16362432e-02 
 4.16600000e-08 -8.22805669e-02 
 4.16800000e-08 -8.29118992e-02 
 4.17000000e-08 -8.35301411e-02 
 4.17200000e-08 -8.41351961e-02 
 4.17400000e-08 -8.47269695e-02 
 4.17600000e-08 -8.53053687e-02 
 4.17800000e-08 -8.58703033e-02 
 4.18000000e-08 -8.64216850e-02 
 4.18200000e-08 -8.69594276e-02 
 4.18400000e-08 -8.74834470e-02 
 4.18600000e-08 -8.79936615e-02 
 4.18800000e-08 -8.84899911e-02 
 4.19000000e-08 -8.89723585e-02 
 4.19200000e-08 -8.94406882e-02 
 4.19400000e-08 -8.98949070e-02 
 4.19600000e-08 -9.03349441e-02 
 4.19800000e-08 -9.07607307e-02 
 4.20000000e-08 -9.11722003e-02 
 4.20200000e-08 -9.15692887e-02 
 4.20400000e-08 -9.19519338e-02 
 4.20600000e-08 -9.23200759e-02 
 4.20800000e-08 -9.26736575e-02 
 4.21000000e-08 -9.30126233e-02 
 4.21200000e-08 -9.33369205e-02 
 4.21400000e-08 -9.36464984e-02 
 4.21600000e-08 -9.39413086e-02 
 4.21800000e-08 -9.42213052e-02 
 4.22000000e-08 -9.44864443e-02 
 4.22200000e-08 -9.47366845e-02 
 4.22400000e-08 -9.49719868e-02 
 4.22600000e-08 -9.51923144e-02 
 4.22800000e-08 -9.53976327e-02 
 4.23000000e-08 -9.55879098e-02 
 4.23200000e-08 -9.57631159e-02 
 4.23400000e-08 -9.59232235e-02 
 4.23600000e-08 -9.60682076e-02 
 4.23800000e-08 -9.61980454e-02 
 4.24000000e-08 -9.63127167e-02 
 4.24200000e-08 -9.64122033e-02 
 4.24400000e-08 -9.64964897e-02 
 4.24600000e-08 -9.65655626e-02 
 4.24800000e-08 -9.66194112e-02 
 4.25000000e-08 -9.66580274e-02 
 4.25200000e-08 -9.66814044e-02 
 4.25400000e-08 -9.66895376e-02 
 4.25600000e-08 -9.66824264e-02 
 4.25800000e-08 -9.66600721e-02 
 4.26000000e-08 -9.66224780e-02 
 4.26200000e-08 -9.65696495e-02 
 4.26400000e-08 -9.65015948e-02 
 4.26600000e-08 -9.64183242e-02 
 4.26800000e-08 -9.63198507e-02 
 4.27000000e-08 -9.62061892e-02 
 4.27200000e-08 -9.60773575e-02 
 4.27400000e-08 -9.59333754e-02 
 4.27600000e-08 -9.57742651e-02 
 4.27800000e-08 -9.56000514e-02 
 4.28000000e-08 -9.54107611e-02 
 4.28200000e-08 -9.52064237e-02 
 4.28400000e-08 -9.49870708e-02 
 4.28600000e-08 -9.47527364e-02 
 4.28800000e-08 -9.45034569e-02 
 4.29000000e-08 -9.42392710e-02 
 4.29200000e-08 -9.39602198e-02 
 4.29400000e-08 -9.36663466e-02 
 4.29600000e-08 -9.33576970e-02 
 4.29800000e-08 -9.30343191e-02 
 4.30000000e-08 -9.26962632e-02 
 4.30200000e-08 -9.23435818e-02 
 4.30400000e-08 -9.19763299e-02 
 4.30600000e-08 -9.15945646e-02 
 4.30800000e-08 -9.11983454e-02 
 4.31000000e-08 -9.07877340e-02 
 4.31200000e-08 -9.03627943e-02 
 4.31400000e-08 -8.99235926e-02 
 4.31600000e-08 -8.94701974e-02 
 4.31800000e-08 -8.90026794e-02 
 4.32000000e-08 -8.85211115e-02 
 4.32200000e-08 -8.80255688e-02 
 4.32400000e-08 -8.75161287e-02 
 4.32600000e-08 -8.69928707e-02 
 4.32800000e-08 -8.64558765e-02 
 4.33000000e-08 -8.59052301e-02 
 4.33200000e-08 -8.53410174e-02 
 4.33400000e-08 -8.47633266e-02 
 4.33600000e-08 -8.41722481e-02 
 4.33800000e-08 -8.35678742e-02 
 4.34000000e-08 -8.29502996e-02 
 4.34200000e-08 -8.23196208e-02 
 4.34400000e-08 -8.16759365e-02 
 4.34600000e-08 -8.10193476e-02 
 4.34800000e-08 -8.03499568e-02 
 4.35000000e-08 -7.96678690e-02 
 4.35200000e-08 -7.89731910e-02 
 4.35400000e-08 -7.82660318e-02 
 4.35600000e-08 -7.75465022e-02 
 4.35800000e-08 -7.68147150e-02 
 4.36000000e-08 -7.60707851e-02 
 4.36200000e-08 -7.53148290e-02 
 4.36400000e-08 -7.45469655e-02 
 4.36600000e-08 -7.37673152e-02 
 4.36800000e-08 -7.29760003e-02 
 4.37000000e-08 -7.21731453e-02 
 4.37200000e-08 -7.13588762e-02 
 4.37400000e-08 -7.05333210e-02 
 4.37600000e-08 -6.96966095e-02 
 4.37800000e-08 -6.88488733e-02 
 4.38000000e-08 -6.79902456e-02 
 4.38200000e-08 -6.71208616e-02 
 4.38400000e-08 -6.62408579e-02 
 4.38600000e-08 -6.53503733e-02 
 4.38800000e-08 -6.44495477e-02 
 4.39000000e-08 -6.35385232e-02 
 4.39200000e-08 -6.26174431e-02 
 4.39400000e-08 -6.16864526e-02 
 4.39600000e-08 -6.07456984e-02 
 4.39800000e-08 -5.97953289e-02 
 4.40000000e-08 -5.88354937e-02 
 4.40200000e-08 -5.78663443e-02 
 4.40400000e-08 -5.68880336e-02 
 4.40600000e-08 -5.59007159e-02 
 4.40800000e-08 -5.49045470e-02 
 4.41000000e-08 -5.38996842e-02 
 4.41200000e-08 -5.28862860e-02 
 4.41400000e-08 -5.18645126e-02 
 4.41600000e-08 -5.08345252e-02 
 4.41800000e-08 -4.97964866e-02 
 4.42000000e-08 -4.87505608e-02 
 4.42200000e-08 -4.76969131e-02 
 4.42400000e-08 -4.66357100e-02 
 4.42600000e-08 -4.55671194e-02 
 4.42800000e-08 -4.44913101e-02 
 4.43000000e-08 -4.34084523e-02 
 4.43200000e-08 -4.23187173e-02 
 4.43400000e-08 -4.12222776e-02 
 4.43600000e-08 -4.01193065e-02 
 4.43800000e-08 -3.90099787e-02 
 4.44000000e-08 -3.78944697e-02 
 4.44200000e-08 -3.67729562e-02 
 4.44400000e-08 -3.56456157e-02 
 4.44600000e-08 -3.45126266e-02 
 4.44800000e-08 -3.33741686e-02 
 4.45000000e-08 -3.22304218e-02 
 4.45200000e-08 -3.10815674e-02 
 4.45400000e-08 -2.99277876e-02 
 4.45600000e-08 -2.87692651e-02 
 4.45800000e-08 -2.76061834e-02 
 4.46000000e-08 -2.64387270e-02 
 4.46200000e-08 -2.52670809e-02 
 4.46400000e-08 -2.40914308e-02 
 4.46600000e-08 -2.29119631e-02 
 4.46800000e-08 -2.17288648e-02 
 4.47000000e-08 -2.05423234e-02 
 4.47200000e-08 -1.93525272e-02 
 4.47400000e-08 -1.81596648e-02 
 4.47600000e-08 -1.69639254e-02 
 4.47800000e-08 -1.57654987e-02 
 4.48000000e-08 -1.45645747e-02 
 4.48200000e-08 -1.33613439e-02 
 4.48400000e-08 -1.21559971e-02 
 4.48600000e-08 -1.09487257e-02 
 4.48800000e-08 -9.73972106e-03 
 4.49000000e-08 -8.52917502e-03 
 4.49200000e-08 -7.31727962e-03 
 4.49400000e-08 -6.10422712e-03 
 4.49600000e-08 -4.89020997e-03 
 4.49800000e-08 -3.67542076e-03 
 4.50000000e-08 -2.46005222e-03 
 4.50200000e-08 -1.24429716e-03 
 4.50400000e-08 -2.83484477e-05 
 4.50600000e-08  1.18760102e-03 
 4.50800000e-08  2.40335836e-03 
 4.51000000e-08  3.61873070e-03 
 4.51200000e-08  4.83352526e-03 
 4.51400000e-08  6.04754936e-03 
 4.51600000e-08  7.26061043e-03 
 4.51800000e-08  8.47251609e-03 
 4.52000000e-08  9.68307414e-03 
 4.52200000e-08  1.08920926e-02 
 4.52400000e-08  1.20993798e-02 
 4.52600000e-08  1.33047442e-02 
 4.52800000e-08  1.45079948e-02 
 4.53000000e-08  1.57089408e-02 
 4.53200000e-08  1.69073919e-02 
 4.53400000e-08  1.81031580e-02 
 4.53600000e-08  1.92960497e-02 
 4.53800000e-08  2.04858779e-02 
 4.54000000e-08  2.16724541e-02 
 4.54200000e-08  2.28555904e-02 
 4.54400000e-08  2.40350992e-02 
 4.54600000e-08  2.52107937e-02 
 4.54800000e-08  2.63824878e-02 
 4.55000000e-08  2.75499959e-02 
 4.55200000e-08  2.87131332e-02 
 4.55400000e-08  2.98717154e-02 
 4.55600000e-08  3.10255593e-02 
 4.55800000e-08  3.21744822e-02 
 4.56000000e-08  3.33183023e-02 
 4.56200000e-08  3.44568387e-02 
 4.56400000e-08  3.55899112e-02 
 4.56600000e-08  3.67173407e-02 
 4.56800000e-08  3.78389488e-02 
 4.57000000e-08  3.89545583e-02 
 4.57200000e-08  4.00639927e-02 
 4.57400000e-08  4.11670768e-02 
 4.57600000e-08  4.22636363e-02 
 4.57800000e-08  4.33534978e-02 
 4.58000000e-08  4.44364892e-02 
 4.58200000e-08  4.55124396e-02 
 4.58400000e-08  4.65811790e-02 
 4.58600000e-08  4.76425387e-02 
 4.58800000e-08  4.86963512e-02 
 4.59000000e-08  4.97424503e-02 
 4.59200000e-08  5.07806708e-02 
 4.59400000e-08  5.18108490e-02 
 4.59600000e-08  5.28328225e-02 
 4.59800000e-08  5.38464301e-02 
 4.60000000e-08  5.48515121e-02 
 4.60200000e-08  5.58479101e-02 
 4.60400000e-08  5.68354671e-02 
 4.60600000e-08  5.78140274e-02 
 4.60800000e-08  5.87834371e-02 
 4.61000000e-08  5.97435435e-02 
 4.61200000e-08  6.06941953e-02 
 4.61400000e-08  6.16352432e-02 
 4.61600000e-08  6.25665388e-02 
 4.61800000e-08  6.34879358e-02 
 4.62000000e-08  6.43992893e-02 
 4.62200000e-08  6.53004559e-02 
 4.62400000e-08  6.61912939e-02 
 4.62600000e-08  6.70716635e-02 
 4.62800000e-08  6.79414261e-02 
 4.63000000e-08  6.88004453e-02 
 4.63200000e-08  6.96485861e-02 
 4.63400000e-08  7.04857152e-02 
 4.63600000e-08  7.13117013e-02 
 4.63800000e-08  7.21264148e-02 
 4.64000000e-08  7.29297278e-02 
 4.64200000e-08  7.37215142e-02 
 4.64400000e-08  7.45016500e-02 
 4.64600000e-08  7.52700126e-02 
 4.64800000e-08  7.60264818e-02 
 4.65000000e-08  7.67709388e-02 
 4.65200000e-08  7.75032670e-02 
 4.65400000e-08  7.82233518e-02 
 4.65600000e-08  7.89310802e-02 
 4.65800000e-08  7.96263414e-02 
 4.66000000e-08  8.03090266e-02 
 4.66200000e-08  8.09790288e-02 
 4.66400000e-08  8.16362432e-02 
 4.66600000e-08  8.22805669e-02 
 4.66800000e-08  8.29118992e-02 
 4.67000000e-08  8.35301411e-02 
 4.67200000e-08  8.41351961e-02 
 4.67400000e-08  8.47269695e-02 
 4.67600000e-08  8.53053687e-02 
 4.67800000e-08  8.58703033e-02 
 4.68000000e-08  8.64216850e-02 
 4.68200000e-08  8.69594276e-02 
 4.68400000e-08  8.74834470e-02 
 4.68600000e-08  8.79936615e-02 
 4.68800000e-08  8.84899911e-02 
 4.69000000e-08  8.89723585e-02 
 4.69200000e-08  8.94406882e-02 
 4.69400000e-08  8.98949070e-02 
 4.69600000e-08  9.03349441e-02 
 4.69800000e-08  9.07607307e-02 
 4.70000000e-08  9.11722003e-02 
 4.70200000e-08  9.15692887e-02 
 4.70400000e-08  9.19519338e-02 
 4.70600000e-08  9.23200759e-02 
 4.70800000e-08  9.26736575e-02 
 4.71000000e-08  9.30126233e-02 
 4.71200000e-08  9.33369205e-02 
 4.71400000e-08  9.36464984e-02 
 4.71600000e-08  9.39413086e-02 
 4.71800000e-08  9.42213052e-02 
 4.72000000e-08  9.44864443e-02 
 4.72200000e-08  9.47366845e-02 
 4.72400000e-08  9.49719868e-02 
 4.72600000e-08  9.51923144e-02 
 4.72800000e-08  9.53976327e-02 
 4.73000000e-08  9.55879098e-02 
 4.73200000e-08  9.57631159e-02 
 4.73400000e-08  9.59232235e-02 
 4.73600000e-08  9.60682076e-02 
 4.73800000e-08  9.61980454e-02 
 4.74000000e-08  9.63127167e-02 
 4.74200000e-08  9.64122033e-02 
 4.74400000e-08  9.64964897e-02 
 4.74600000e-08  9.65655626e-02 
 4.74800000e-08  9.66194112e-02 
 4.75000000e-08  9.66580274e-02 
 4.75200000e-08  9.66814044e-02 
 4.75400000e-08  9.66895376e-02 
 4.75600000e-08  9.66824264e-02 
 4.75800000e-08  9.66600721e-02 
 4.76000000e-08  9.66224780e-02 
 4.76200000e-08  9.65696495e-02 
 4.76400000e-08  9.65015948e-02 
 4.76600000e-08  9.64183242e-02 
 4.76800000e-08  9.63198507e-02 
 4.77000000e-08  9.62061892e-02 
 4.77200000e-08  9.60773575e-02 
 4.77400000e-08  9.59333754e-02 
 4.77600000e-08  9.57742651e-02 
 4.77800000e-08  9.56000514e-02 
 4.78000000e-08  9.54107611e-02 
 4.78200000e-08  9.52064237e-02 
 4.78400000e-08  9.49870708e-02 
 4.78600000e-08  9.47527364e-02 
 4.78800000e-08  9.45034569e-02 
 4.79000000e-08  9.42392710e-02 
 4.79200000e-08  9.39602198e-02 
 4.79400000e-08  9.36663466e-02 
 4.79600000e-08  9.33576970e-02 
 4.79800000e-08  9.30343191e-02 
 4.80000000e-08  9.26962632e-02 
 4.80200000e-08  9.23435818e-02 
 4.80400000e-08  9.19763299e-02 
 4.80600000e-08  9.15945646e-02 
 4.80800000e-08  9.11983454e-02 
 4.81000000e-08  9.07877340e-02 
 4.81200000e-08  9.03627943e-02 
 4.81400000e-08  8.99235926e-02 
 4.81600000e-08  8.94701974e-02 
 4.81800000e-08  8.90026794e-02 
 4.82000000e-08  8.85211115e-02 
 4.82200000e-08  8.80255688e-02 
 4.82400000e-08  8.75161287e-02 
 4.82600000e-08  8.69928707e-02 
 4.82800000e-08  8.64558765e-02 
 4.83000000e-08  8.59052301e-02 
 4.83200000e-08  8.53410174e-02 
 4.83400000e-08  8.47633266e-02 
 4.83600000e-08  8.41722481e-02 
 4.83800000e-08  8.35678742e-02 
 4.84000000e-08  8.29502996e-02 
 4.84200000e-08  8.23196208e-02 
 4.84400000e-08  8.16759365e-02 
 4.84600000e-08  8.10193476e-02 
 4.84800000e-08  8.03499568e-02 
 4.85000000e-08  7.96678690e-02 
 4.85200000e-08  7.89731910e-02 
 4.85400000e-08  7.82660318e-02 
 4.85600000e-08  7.75465022e-02 
 4.85800000e-08  7.68147150e-02 
 4.86000000e-08  7.60707851e-02 
 4.86200000e-08  7.53148290e-02 
 4.86400000e-08  7.45469655e-02 
 4.86600000e-08  7.37673152e-02 
 4.86800000e-08  7.29760003e-02 
 4.87000000e-08  7.21731453e-02 
 4.87200000e-08  7.13588762e-02 
 4.87400000e-08  7.05333210e-02 
 4.87600000e-08  6.96966095e-02 
 4.87800000e-08  6.88488733e-02 
 4.88000000e-08  6.79902456e-02 
 4.88200000e-08  6.71208616e-02 
 4.88400000e-08  6.62408579e-02 
 4.88600000e-08  6.53503733e-02 
 4.88800000e-08  6.44495477e-02 
 4.89000000e-08  6.35385232e-02 
 4.89200000e-08  6.26174431e-02 
 4.89400000e-08  6.16864526e-02 
 4.89600000e-08  6.07456984e-02 
 4.89800000e-08  5.97953289e-02 
 4.90000000e-08  5.88354937e-02 
 4.90200000e-08  5.78663443e-02 
 4.90400000e-08  5.68880336e-02 
 4.90600000e-08  5.59007159e-02 
 4.90800000e-08  5.49045470e-02 
 4.91000000e-08  5.38996842e-02 
 4.91200000e-08  5.28862860e-02 
 4.91400000e-08  5.18645126e-02 
 4.91600000e-08  5.08345252e-02 
 4.91800000e-08  4.97964866e-02 
 4.92000000e-08  4.87505608e-02 
 4.92200000e-08  4.76969131e-02 
 4.92400000e-08  4.66357100e-02 
 4.92600000e-08  4.55671194e-02 
 4.92800000e-08  4.44913101e-02 
 4.93000000e-08  4.34084523e-02 
 4.93200000e-08  4.23187173e-02 
 4.93400000e-08  4.12222776e-02 
 4.93600000e-08  4.01193065e-02 
 4.93800000e-08  3.90099787e-02 
 4.94000000e-08  3.78944697e-02 
 4.94200000e-08  3.67729562e-02 
 4.94400000e-08  3.56456157e-02 
 4.94600000e-08  3.45126266e-02 
 4.94800000e-08  3.33741686e-02 
 4.95000000e-08  3.22304218e-02 
 4.95200000e-08  3.10815674e-02 
 4.95400000e-08  2.99277876e-02 
 4.95600000e-08  2.87692651e-02 
 4.95800000e-08  2.76061834e-02 
 4.96000000e-08  2.64387270e-02 
 4.96200000e-08  2.52670809e-02 
 4.96400000e-08  2.40914308e-02 
 4.96600000e-08  2.29119631e-02 
 4.96800000e-08  2.17288648e-02 
 4.97000000e-08  2.05423234e-02 
 4.97200000e-08  1.93525272e-02 
 4.97400000e-08  1.81596648e-02 
 4.97600000e-08  1.69639254e-02 
 4.97800000e-08  1.57654987e-02 
 4.98000000e-08  1.45645747e-02 
 4.98200000e-08  1.33613439e-02 
 4.98400000e-08  1.21559971e-02 
 4.98600000e-08  1.09487257e-02 
 4.98800000e-08  9.73972106e-03 
 4.99000000e-08  8.52917502e-03 
 4.99200000e-08  7.31727962e-03 
 4.99400000e-08  6.10422712e-03 
 4.99600000e-08  4.89020997e-03 
 4.99800000e-08  3.67542076e-03 
 5.00000000e-08  2.46005222e-03 
 5.00200000e-08  1.24429716e-03 
 5.00400000e-08  2.83484470e-05 
 5.00600000e-08 -1.18760102e-03 
 5.00800000e-08 -2.40335836e-03 
 5.01000000e-08 -3.61873070e-03 
 5.01200000e-08 -4.83352526e-03 
 5.01400000e-08 -6.04754936e-03 
 5.01600000e-08 -7.26061043e-03 
 5.01800000e-08 -8.47251609e-03 
 5.02000000e-08 -9.68307414e-03 
 5.02200000e-08 -1.08920926e-02 
 5.02400000e-08 -1.20993798e-02 
 5.02600000e-08 -1.33047442e-02 
 5.02800000e-08 -1.45079948e-02 
 5.03000000e-08 -1.57089408e-02 
 5.03200000e-08 -1.69073919e-02 
 5.03400000e-08 -1.81031580e-02 
 5.03600000e-08 -1.92960497e-02 
 5.03800000e-08 -2.04858779e-02 
 5.04000000e-08 -2.16724541e-02 
 5.04200000e-08 -2.28555904e-02 
 5.04400000e-08 -2.40350992e-02 
 5.04600000e-08 -2.52107937e-02 
 5.04800000e-08 -2.63824878e-02 
 5.05000000e-08 -2.75499959e-02 
 5.05200000e-08 -2.87131332e-02 
 5.05400000e-08 -2.98717154e-02 
 5.05600000e-08 -3.10255593e-02 
 5.05800000e-08 -3.21744822e-02 
 5.06000000e-08 -3.33183023e-02 
 5.06200000e-08 -3.44568387e-02 
 5.06400000e-08 -3.55899112e-02 
 5.06600000e-08 -3.67173407e-02 
 5.06800000e-08 -3.78389488e-02 
 5.07000000e-08 -3.89545583e-02 
 5.07200000e-08 -4.00639927e-02 
 5.07400000e-08 -4.11670768e-02 
 5.07600000e-08 -4.22636363e-02 
 5.07800000e-08 -4.33534978e-02 
 5.08000000e-08 -4.44364892e-02 
 5.08200000e-08 -4.55124396e-02 
 5.08400000e-08 -4.65811790e-02 
 5.08600000e-08 -4.76425387e-02 
 5.08800000e-08 -4.86963512e-02 
 5.09000000e-08 -4.97424503e-02 
 5.09200000e-08 -5.07806708e-02 
 5.09400000e-08 -5.18108490e-02 
 5.09600000e-08 -5.28328225e-02 
 5.09800000e-08 -5.38464301e-02 
 5.10000000e-08 -5.48515121e-02 
 5.10200000e-08 -5.58479101e-02 
 5.10400000e-08 -5.68354671e-02 
 5.10600000e-08 -5.78140274e-02 
 5.10800000e-08 -5.87834371e-02 
 5.11000000e-08 -5.97435435e-02 
 5.11200000e-08 -6.06941953e-02 
 5.11400000e-08 -6.16352432e-02 
 5.11600000e-08 -6.25665388e-02 
 5.11800000e-08 -6.34879358e-02 
 5.12000000e-08 -6.43992893e-02 
 5.12200000e-08 -6.53004559e-02 
 5.12400000e-08 -6.61912939e-02 
 5.12600000e-08 -6.70716635e-02 
 5.12800000e-08 -6.79414261e-02 
 5.13000000e-08 -6.88004453e-02 
 5.13200000e-08 -6.96485861e-02 
 5.13400000e-08 -7.04857152e-02 
 5.13600000e-08 -7.13117013e-02 
 5.13800000e-08 -7.21264148e-02 
 5.14000000e-08 -7.29297278e-02 
 5.14200000e-08 -7.37215142e-02 
 5.14400000e-08 -7.45016500e-02 
 5.14600000e-08 -7.52700126e-02 
 5.14800000e-08 -7.60264818e-02 
 5.15000000e-08 -7.67709388e-02 
 5.15200000e-08 -7.75032670e-02 
 5.15400000e-08 -7.82233518e-02 
 5.15600000e-08 -7.89310802e-02 
 5.15800000e-08 -7.96263414e-02 
 5.16000000e-08 -8.03090266e-02 
 5.16200000e-08 -8.09790288e-02 
 5.16400000e-08 -8.16362432e-02 
 5.16600000e-08 -8.22805669e-02 
 5.16800000e-08 -8.29118992e-02 
 5.17000000e-08 -8.35301411e-02 
 5.17200000e-08 -8.41351961e-02 
 5.17400000e-08 -8.47269695e-02 
 5.17600000e-08 -8.53053687e-02 
 5.17800000e-08 -8.58703033e-02 
 5.18000000e-08 -8.64216850e-02 
 5.18200000e-08 -8.69594276e-02 
 5.18400000e-08 -8.74834470e-02 
 5.18600000e-08 -8.79936615e-02 
 5.18800000e-08 -8.84899911e-02 
 5.19000000e-08 -8.89723585e-02 
 5.19200000e-08 -8.94406882e-02 
 5.19400000e-08 -8.98949070e-02 
 5.19600000e-08 -9.03349441e-02 
 5.19800000e-08 -9.07607307e-02 
 5.20000000e-08 -9.11722003e-02 
 5.20200000e-08 -9.15692887e-02 
 5.20400000e-08 -9.19519338e-02 
 5.20600000e-08 -9.23200759e-02 
 5.20800000e-08 -9.26736575e-02 
 5.21000000e-08 -9.30126233e-02 
 5.21200000e-08 -9.33369205e-02 
 5.21400000e-08 -9.36464984e-02 
 5.21600000e-08 -9.39413086e-02 
 5.21800000e-08 -9.42213052e-02 
 5.22000000e-08 -9.44864443e-02 
 5.22200000e-08 -9.47366845e-02 
 5.22400000e-08 -9.49719868e-02 
 5.22600000e-08 -9.51923144e-02 
 5.22800000e-08 -9.53976327e-02 
 5.23000000e-08 -9.55879098e-02 
 5.23200000e-08 -9.57631159e-02 
 5.23400000e-08 -9.59232235e-02 
 5.23600000e-08 -9.60682076e-02 
 5.23800000e-08 -9.61980454e-02 
 5.24000000e-08 -9.63127167e-02 
 5.24200000e-08 -9.64122033e-02 
 5.24400000e-08 -9.64964897e-02 
 5.24600000e-08 -9.65655626e-02 
 5.24800000e-08 -9.66194112e-02 
 5.25000000e-08 -9.66580274e-02 
 5.25200000e-08 -9.66814044e-02 
 5.25400000e-08 -9.66895376e-02 
 5.25600000e-08 -9.66824264e-02 
 5.25800000e-08 -9.66600721e-02 
 5.26000000e-08 -9.66224780e-02 
 5.26200000e-08 -9.65696495e-02 
 5.26400000e-08 -9.65015948e-02 
 5.26600000e-08 -9.64183242e-02 
 5.26800000e-08 -9.63198507e-02 
 5.27000000e-08 -9.62061892e-02 
 5.27200000e-08 -9.60773575e-02 
 5.27400000e-08 -9.59333754e-02 
 5.27600000e-08 -9.57742651e-02 
 5.27800000e-08 -9.56000514e-02 
 5.28000000e-08 -9.54107611e-02 
 5.28200000e-08 -9.52064237e-02 
 5.28400000e-08 -9.49870708e-02 
 5.28600000e-08 -9.47527364e-02 
 5.28800000e-08 -9.45034569e-02 
 5.29000000e-08 -9.42392710e-02 
 5.29200000e-08 -9.39602198e-02 
 5.29400000e-08 -9.36663466e-02 
 5.29600000e-08 -9.33576970e-02 
 5.29800000e-08 -9.30343191e-02 
 5.30000000e-08 -9.26962632e-02 
 5.30200000e-08 -9.23435818e-02 
 5.30400000e-08 -9.19763299e-02 
 5.30600000e-08 -9.15945646e-02 
 5.30800000e-08 -9.11983454e-02 
 5.31000000e-08 -9.07877340e-02 
 5.31200000e-08 -9.03627943e-02 
 5.31400000e-08 -8.99235926e-02 
 5.31600000e-08 -8.94701974e-02 
 5.31800000e-08 -8.90026794e-02 
 5.32000000e-08 -8.85211115e-02 
 5.32200000e-08 -8.80255688e-02 
 5.32400000e-08 -8.75161287e-02 
 5.32600000e-08 -8.69928707e-02 
 5.32800000e-08 -8.64558765e-02 
 5.33000000e-08 -8.59052301e-02 
 5.33200000e-08 -8.53410174e-02 
 5.33400000e-08 -8.47633266e-02 
 5.33600000e-08 -8.41722481e-02 
 5.33800000e-08 -8.35678742e-02 
 5.34000000e-08 -8.29502996e-02 
 5.34200000e-08 -8.23196208e-02 
 5.34400000e-08 -8.16759365e-02 
 5.34600000e-08 -8.10193476e-02 
 5.34800000e-08 -8.03499568e-02 
 5.35000000e-08 -7.96678690e-02 
 5.35200000e-08 -7.89731910e-02 
 5.35400000e-08 -7.82660318e-02 
 5.35600000e-08 -7.75465022e-02 
 5.35800000e-08 -7.68147150e-02 
 5.36000000e-08 -7.60707851e-02 
 5.36200000e-08 -7.53148290e-02 
 5.36400000e-08 -7.45469655e-02 
 5.36600000e-08 -7.37673152e-02 
 5.36800000e-08 -7.29760003e-02 
 5.37000000e-08 -7.21731453e-02 
 5.37200000e-08 -7.13588762e-02 
 5.37400000e-08 -7.05333210e-02 
 5.37600000e-08 -6.96966095e-02 
 5.37800000e-08 -6.88488733e-02 
 5.38000000e-08 -6.79902456e-02 
 5.38200000e-08 -6.71208616e-02 
 5.38400000e-08 -6.62408579e-02 
 5.38600000e-08 -6.53503733e-02 
 5.38800000e-08 -6.44495477e-02 
 5.39000000e-08 -6.35385232e-02 
 5.39200000e-08 -6.26174431e-02 
 5.39400000e-08 -6.16864526e-02 
 5.39600000e-08 -6.07456984e-02 
 5.39800000e-08 -5.97953289e-02 
 5.40000000e-08 -5.88354937e-02 
 5.40200000e-08 -5.78663443e-02 
 5.40400000e-08 -5.68880336e-02 
 5.40600000e-08 -5.59007159e-02 
 5.40800000e-08 -5.49045470e-02 
 5.41000000e-08 -5.38996842e-02 
 5.41200000e-08 -5.28862860e-02 
 5.41400000e-08 -5.18645126e-02 
 5.41600000e-08 -5.08345252e-02 
 5.41800000e-08 -4.97964866e-02 
 5.42000000e-08 -4.87505608e-02 
 5.42200000e-08 -4.76969131e-02 
 5.42400000e-08 -4.66357100e-02 
 5.42600000e-08 -4.55671194e-02 
 5.42800000e-08 -4.44913101e-02 
 5.43000000e-08 -4.34084523e-02 
 5.43200000e-08 -4.23187173e-02 
 5.43400000e-08 -4.12222776e-02 
 5.43600000e-08 -4.01193065e-02 
 5.43800000e-08 -3.90099787e-02 
 5.44000000e-08 -3.78944697e-02 
 5.44200000e-08 -3.67729562e-02 
 5.44400000e-08 -3.56456157e-02 
 5.44600000e-08 -3.45126266e-02 
 5.44800000e-08 -3.33741686e-02 
 5.45000000e-08 -3.22304218e-02 
 5.45200000e-08 -3.10815674e-02 
 5.45400000e-08 -2.99277876e-02 
 5.45600000e-08 -2.87692651e-02 
 5.45800000e-08 -2.76061834e-02 
 5.46000000e-08 -2.64387270e-02 
 5.46200000e-08 -2.52670809e-02 
 5.46400000e-08 -2.40914308e-02 
 5.46600000e-08 -2.29119631e-02 
 5.46800000e-08 -2.17288648e-02 
 5.47000000e-08 -2.05423234e-02 
 5.47200000e-08 -1.93525272e-02 
 5.47400000e-08 -1.81596648e-02 
 5.47600000e-08 -1.69639254e-02 
 5.47800000e-08 -1.57654987e-02 
 5.48000000e-08 -1.45645747e-02 
 5.48200000e-08 -1.33613439e-02 
 5.48400000e-08 -1.21559971e-02 
 5.48600000e-08 -1.09487257e-02 
 5.48800000e-08 -9.73972106e-03 
 5.49000000e-08 -8.52917502e-03 
 5.49200000e-08 -7.31727962e-03 
 5.49400000e-08 -6.10422712e-03 
 5.49600000e-08 -4.89020997e-03 
 5.49800000e-08 -3.67542076e-03 
 5.50000000e-08 -2.46005222e-03 
 5.50200000e-08 -1.24429716e-03 
 5.50400000e-08 -2.83484472e-05 
 5.50600000e-08  1.18760102e-03 
 5.50800000e-08  2.40335836e-03 
 5.51000000e-08  3.61873070e-03 
 5.51200000e-08  4.83352526e-03 
 5.51400000e-08  6.04754936e-03 
 5.51600000e-08  7.26061043e-03 
 5.51800000e-08  8.47251609e-03 
 5.52000000e-08  9.68307414e-03 
 5.52200000e-08  1.08920926e-02 
 5.52400000e-08  1.20993798e-02 
 5.52600000e-08  1.33047442e-02 
 5.52800000e-08  1.45079948e-02 
 5.53000000e-08  1.57089408e-02 
 5.53200000e-08  1.69073919e-02 
 5.53400000e-08  1.81031580e-02 
 5.53600000e-08  1.92960497e-02 
 5.53800000e-08  2.04858779e-02 
 5.54000000e-08  2.16724541e-02 
 5.54200000e-08  2.28555904e-02 
 5.54400000e-08  2.40350992e-02 
 5.54600000e-08  2.52107937e-02 
 5.54800000e-08  2.63824878e-02 
 5.55000000e-08  2.75499959e-02 
 5.55200000e-08  2.87131332e-02 
 5.55400000e-08  2.98717154e-02 
 5.55600000e-08  3.10255593e-02 
 5.55800000e-08  3.21744822e-02 
 5.56000000e-08  3.33183023e-02 
 5.56200000e-08  3.44568387e-02 
 5.56400000e-08  3.55899112e-02 
 5.56600000e-08  3.67173407e-02 
 5.56800000e-08  3.78389488e-02 
 5.57000000e-08  3.89545583e-02 
 5.57200000e-08  4.00639927e-02 
 5.57400000e-08  4.11670768e-02 
 5.57600000e-08  4.22636363e-02 
 5.57800000e-08  4.33534978e-02 
 5.58000000e-08  4.44364892e-02 
 5.58200000e-08  4.55124396e-02 
 5.58400000e-08  4.65811790e-02 
 5.58600000e-08  4.76425387e-02 
 5.58800000e-08  4.86963512e-02 
 5.59000000e-08  4.97424503e-02 
 5.59200000e-08  5.07806708e-02 
 5.59400000e-08  5.18108490e-02 
 5.59600000e-08  5.28328225e-02 
 5.59800000e-08  5.38464301e-02 
 5.60000000e-08  5.48515121e-02 
 5.60200000e-08  5.58479101e-02 
 5.60400000e-08  5.68354671e-02 
 5.60600000e-08  5.78140274e-02 
 5.60800000e-08  5.87834371e-02 
 5.61000000e-08  5.97435435e-02 
 5.61200000e-08  6.06941953e-02 
 5.61400000e-08  6.16352432e-02 
 5.61600000e-08  6.25665388e-02 
 5.61800000e-08  6.34879358e-02 
 5.62000000e-08  6.43992893e-02 
 5.62200000e-08  6.53004559e-02 
 5.62400000e-08  6.61912939e-02 
 5.62600000e-08  6.70716635e-02 
 5.62800000e-08  6.79414261e-02 
 5.63000000e-08  6.88004453e-02 
 5.63200000e-08  6.96485861e-02 
 5.63400000e-08  7.04857152e-02 
 5.63600000e-08  7.13117013e-02 
 5.63800000e-08  7.21264148e-02 
 5.64000000e-08  7.29297278e-02 
 5.64200000e-08  7.37215142e-02 
 5.64400000e-08  7.45016500e-02 
 5.64600000e-08  7.52700126e-02 
 5.64800000e-08  7.60264818e-02 
 5.65000000e-08  7.67709388e-02 
 5.65200000e-08  7.75032670e-02 
 5.65400000e-08  7.82233518e-02 
 5.65600000e-08  7.89310802e-02 
 5.65800000e-08  7.96263414e-02 
 5.66000000e-08  8.03090266e-02 
 5.66200000e-08  8.09790288e-02 
 5.66400000e-08  8.16362432e-02 
 5.66600000e-08  8.22805669e-02 
 5.66800000e-08  8.29118992e-02 
 5.67000000e-08  8.35301411e-02 
 5.67200000e-08  8.41351961e-02 
 5.67400000e-08  8.47269695e-02 
 5.67600000e-08  8.53053687e-02 
 5.67800000e-08  8.58703033e-02 
 5.68000000e-08  8.64216850e-02 
 5.68200000e-08  8.69594276e-02 
 5.68400000e-08  8.74834470e-02 
 5.68600000e-08  8.79936615e-02 
 5.68800000e-08  8.84899911e-02 
 5.69000000e-08  8.89723585e-02 
 5.69200000e-08  8.94406882e-02 
 5.69400000e-08  8.98949070e-02 
 5.69600000e-08  9.03349441e-02 
 5.69800000e-08  9.07607307e-02 
 5.70000000e-08  9.11722003e-02 
 5.70200000e-08  9.15692887e-02 
 5.70400000e-08  9.19519338e-02 
 5.70600000e-08  9.23200759e-02 
 5.70800000e-08  9.26736575e-02 
 5.71000000e-08  9.30126233e-02 
 5.71200000e-08  9.33369205e-02 
 5.71400000e-08  9.36464984e-02 
 5.71600000e-08  9.39413086e-02 
 5.71800000e-08  9.42213052e-02 
 5.72000000e-08  9.44864443e-02 
 5.72200000e-08  9.47366845e-02 
 5.72400000e-08  9.49719868e-02 
 5.72600000e-08  9.51923144e-02 
 5.72800000e-08  9.53976327e-02 
 5.73000000e-08  9.55879098e-02 
 5.73200000e-08  9.57631159e-02 
 5.73400000e-08  9.59232235e-02 
 5.73600000e-08  9.60682076e-02 
 5.73800000e-08  9.61980454e-02 
 5.74000000e-08  9.63127167e-02 
 5.74200000e-08  9.64122033e-02 
 5.74400000e-08  9.64964897e-02 
 5.74600000e-08  9.65655626e-02 
 5.74800000e-08  9.66194112e-02 
 5.75000000e-08  9.66580274e-02 
 5.75200000e-08  9.66814044e-02 
 5.75400000e-08  9.66895376e-02 
 5.75600000e-08  9.66824264e-02 
 5.75800000e-08  9.66600721e-02 
 5.76000000e-08  9.66224780e-02 
 5.76200000e-08  9.65696495e-02 
 5.76400000e-08  9.65015948e-02 
 5.76600000e-08  9.64183242e-02 
 5.76800000e-08  9.63198507e-02 
 5.77000000e-08  9.62061892e-02 
 5.77200000e-08  9.60773575e-02 
 5.77400000e-08  9.59333754e-02 
 5.77600000e-08  9.57742651e-02 
 5.77800000e-08  9.56000514e-02 
 5.78000000e-08  9.54107611e-02 
 5.78200000e-08  9.52064237e-02 
 5.78400000e-08  9.49870708e-02 
 5.78600000e-08  9.47527364e-02 
 5.78800000e-08  9.45034569e-02 
 5.79000000e-08  9.42392710e-02 
 5.79200000e-08  9.39602198e-02 
 5.79400000e-08  9.36663466e-02 
 5.79600000e-08  9.33576970e-02 
 5.79800000e-08  9.30343191e-02 
 5.80000000e-08  9.26962632e-02 
 5.80200000e-08  9.23435818e-02 
 5.80400000e-08  9.19763299e-02 
 5.80600000e-08  9.15945646e-02 
 5.80800000e-08  9.11983454e-02 
 5.81000000e-08  9.07877340e-02 
 5.81200000e-08  9.03627943e-02 
 5.81400000e-08  8.99235926e-02 
 5.81600000e-08  8.94701974e-02 
 5.81800000e-08  8.90026794e-02 
 5.82000000e-08  8.85211115e-02 
 5.82200000e-08  8.80255688e-02 
 5.82400000e-08  8.75161287e-02 
 5.82600000e-08  8.69928707e-02 
 5.82800000e-08  8.64558765e-02 
 5.83000000e-08  8.59052301e-02 
 5.83200000e-08  8.53410174e-02 
 5.83400000e-08  8.47633266e-02 
 5.83600000e-08  8.41722481e-02 
 5.83800000e-08  8.35678742e-02 
 5.84000000e-08  8.29502996e-02 
 5.84200000e-08  8.23196208e-02 
 5.84400000e-08  8.16759365e-02 
 5.84600000e-08  8.10193476e-02 
 5.84800000e-08  8.03499568e-02 
 5.85000000e-08  7.96678690e-02 
 5.85200000e-08  7.89731910e-02 
 5.85400000e-08  7.82660318e-02 
 5.85600000e-08  7.75465022e-02 
 5.85800000e-08  7.68147150e-02 
 5.86000000e-08  7.60707851e-02 
 5.86200000e-08  7.53148290e-02 
 5.86400000e-08  7.45469655e-02 
 5.86600000e-08  7.37673152e-02 
 5.86800000e-08  7.29760003e-02 
 5.87000000e-08  7.21731453e-02 
 5.87200000e-08  7.13588762e-02 
 5.87400000e-08  7.05333210e-02 
 5.87600000e-08  6.96966095e-02 
 5.87800000e-08  6.88488733e-02 
 5.88000000e-08  6.79902456e-02 
 5.88200000e-08  6.71208616e-02 
 5.88400000e-08  6.62408579e-02 
 5.88600000e-08  6.53503733e-02 
 5.88800000e-08  6.44495477e-02 
 5.89000000e-08  6.35385232e-02 
 5.89200000e-08  6.26174431e-02 
 5.89400000e-08  6.16864526e-02 
 5.89600000e-08  6.07456984e-02 
 5.89800000e-08  5.97953289e-02 
 5.90000000e-08  5.88354937e-02 
 5.90200000e-08  5.78663443e-02 
 5.90400000e-08  5.68880336e-02 
 5.90600000e-08  5.59007159e-02 
 5.90800000e-08  5.49045470e-02 
 5.91000000e-08  5.38996842e-02 
 5.91200000e-08  5.28862860e-02 
 5.91400000e-08  5.18645126e-02 
 5.91600000e-08  5.08345252e-02 
 5.91800000e-08  4.97964866e-02 
 5.92000000e-08  4.87505608e-02 
 5.92200000e-08  4.76969131e-02 
 5.92400000e-08  4.66357100e-02 
 5.92600000e-08  4.55671194e-02 
 5.92800000e-08  4.44913101e-02 
 5.93000000e-08  4.34084523e-02 
 5.93200000e-08  4.23187173e-02 
 5.93400000e-08  4.12222776e-02 
 5.93600000e-08  4.01193065e-02 
 5.93800000e-08  3.90099787e-02 
 5.94000000e-08  3.78944697e-02 
 5.94200000e-08  3.67729562e-02 
 5.94400000e-08  3.56456157e-02 
 5.94600000e-08  3.45126266e-02 
 5.94800000e-08  3.33741686e-02 
 5.95000000e-08  3.22304218e-02 
 5.95200000e-08  3.10815674e-02 
 5.95400000e-08  2.99277876e-02 
 5.95600000e-08  2.87692651e-02 
 5.95800000e-08  2.76061834e-02 
 5.96000000e-08  2.64387270e-02 
 5.96200000e-08  2.52670809e-02 
 5.96400000e-08  2.40914308e-02 
 5.96600000e-08  2.29119631e-02 
 5.96800000e-08  2.17288648e-02 
 5.97000000e-08  2.05423234e-02 
 5.97200000e-08  1.93525272e-02 
 5.97400000e-08  1.81596648e-02 
 5.97600000e-08  1.69639254e-02 
 5.97800000e-08  1.57654987e-02 
 5.98000000e-08  1.45645747e-02 
 5.98200000e-08  1.33613439e-02 
 5.98400000e-08  1.21559971e-02 
 5.98600000e-08  1.09487257e-02 
 5.98800000e-08  9.73972106e-03 
 5.99000000e-08  8.52917502e-03 
 5.99200000e-08  7.31727962e-03 
 5.99400000e-08  6.10422712e-03 
 5.99600000e-08  4.89020997e-03 
 5.99800000e-08  3.67542076e-03 
 6.00000000e-08  2.46008383e-03 
