 0.00000000e+00  0.00000000e+00 
 2.00000000e-11  2.00410480e-05 
 4.00000000e-11 -1.45158101e-04 
 6.00000000e-11 -4.58056346e-04 
 8.00000000e-11 -9.01859718e-04 
 1.00000000e-10 -1.45382733e-03 
 1.20000000e-10 -2.09507625e-03 
 1.40000000e-10 -2.80993168e-03 
 1.60000000e-10 -3.58536831e-03 
 1.80000000e-10 -4.41056698e-03 
 2.00000000e-10 -5.27652767e-03 
 2.20000000e-10 -6.17576798e-03 
 2.40000000e-10 -7.10205415e-03 
 2.60000000e-10 -8.05019688e-03 
 2.80000000e-10 -9.01586351e-03 
 3.00000000e-10 -9.99544071e-03 
 3.20000000e-10 -1.09859025e-02 
 3.40000000e-10 -1.19847188e-02 
 3.60000000e-10 -1.29897618e-02 
 3.80000000e-10 -1.39992460e-02 
 4.00000000e-10 -1.50116614e-02 
 4.20000000e-10 -1.60257345e-02 
 4.40000000e-10 -1.70403798e-02 
 4.60000000e-10 -1.80546764e-02 
 4.80000000e-10 -1.90678311e-02 
 5.00000000e-10 -2.00791652e-02 
 5.20000000e-10 -2.10880870e-02 
 5.40000000e-10 -2.20940850e-02 
 5.60000000e-10 -2.30967061e-02 
 5.80000000e-10 -2.40955540e-02 
 6.00000000e-10 -2.50902719e-02 
 6.20000000e-10 -2.60805430e-02 
 6.40000000e-10 -2.70660770e-02 
 6.60000000e-10 -2.80466125e-02 
 6.80000000e-10 -2.90219052e-02 
 7.00000000e-10 -2.99917326e-02 
 7.20000000e-10 -3.09558828e-02 
 7.40000000e-10 -3.19141601e-02 
 7.60000000e-10 -3.28663757e-02 
 7.80000000e-10 -3.38123533e-02 
 8.00000000e-10 -3.47519204e-02 
 8.20000000e-10 -3.56849145e-02 
 8.40000000e-10 -3.66111751e-02 
 8.60000000e-10 -3.75305500e-02 
 8.80000000e-10 -3.84428877e-02 
 9.00000000e-10 -3.93480436e-02 
 9.20000000e-10 -4.02458732e-02 
 9.40000000e-10 -4.11362380e-02 
 9.60000000e-10 -4.20189988e-02 
 9.80000000e-10 -4.28940222e-02 
 1.00000000e-09 -4.37611737e-02 
 1.02000000e-09 -4.46203238e-02 
 1.04000000e-09 -4.54713422e-02 
 1.06000000e-09 -4.63141031e-02 
 1.08000000e-09 -4.71484795e-02 
 1.10000000e-09 -4.79743492e-02 
 1.12000000e-09 -4.87915885e-02 
 1.14000000e-09 -4.96000784e-02 
 1.16000000e-09 -5.03996984e-02 
 1.18000000e-09 -5.11903324e-02 
 1.20000000e-09 -5.19718631e-02 
 1.22000000e-09 -5.27441776e-02 
 1.24000000e-09 -5.35071613e-02 
 1.26000000e-09 -5.42607045e-02 
 1.28000000e-09 -5.50046958e-02 
 1.30000000e-09 -5.57390282e-02 
 1.32000000e-09 -5.64635935e-02 
 1.34000000e-09 -5.71782879e-02 
 1.36000000e-09 -5.78830061e-02 
 1.38000000e-09 -5.85776474e-02 
 1.40000000e-09 -5.92621098e-02 
 1.42000000e-09 -5.99362955e-02 
 1.44000000e-09 -6.06001058e-02 
 1.46000000e-09 -6.12534460e-02 
 1.48000000e-09 -6.18962207e-02 
 1.50000000e-09 -6.25283385e-02 
 1.52000000e-09 -6.31497071e-02 
 1.54000000e-09 -6.37602384e-02 
 1.56000000e-09 -6.43598434e-02 
 1.58000000e-09 -6.49484375e-02 
 1.60000000e-09 -6.55259350e-02 
 1.62000000e-09 -6.60922545e-02 
 1.64000000e-09 -6.66473138e-02 
 1.66000000e-09 -6.71910350e-02 
 1.68000000e-09 -6.77233394e-02 
 1.70000000e-09 -6.82441523e-02 
 1.72000000e-09 -6.87533987e-02 
 1.74000000e-09 -6.92510075e-02 
 1.76000000e-09 -6.97369071e-02 
 1.78000000e-09 -7.02110299e-02 
 1.80000000e-09 -7.06733079e-02 
 1.82000000e-09 -7.11236772e-02 
 1.84000000e-09 -7.15620734e-02 
 1.86000000e-09 -7.19884362e-02 
 1.88000000e-09 -7.24027048e-02 
 1.90000000e-09 -7.28048225e-02 
 1.92000000e-09 -7.31947324e-02 
 1.94000000e-09 -7.35723813e-02 
 1.96000000e-09 -7.39377162e-02 
 1.98000000e-09 -7.42906876e-02 
 2.00000000e-09 -7.46312460e-02 
 2.02000000e-09 -7.49593458e-02 
 2.04000000e-09 -7.52749415e-02 
 2.06000000e-09 -7.55779910e-02 
 2.08000000e-09 -7.58684527e-02 
 2.10000000e-09 -7.61462883e-02 
 2.12000000e-09 -7.64114599e-02 
 2.14000000e-09 -7.66639332e-02 
 2.16000000e-09 -7.69036742e-02 
 2.18000000e-09 -7.71306523e-02 
 2.20000000e-09 -7.73448373e-02 
 2.22000000e-09 -7.75462026e-02 
 2.24000000e-09 -7.77347219e-02 
 2.26000000e-09 -7.79103724e-02 
 2.28000000e-09 -7.80731317e-02 
 2.30000000e-09 -7.82229809e-02 
 2.32000000e-09 -7.83599016e-02 
 2.34000000e-09 -7.84838786e-02 
 2.36000000e-09 -7.85948976e-02 
 2.38000000e-09 -7.86929473e-02 
 2.40000000e-09 -7.87780171e-02 
 2.42000000e-09 -7.88501000e-02 
 2.44000000e-09 -7.89091891e-02 
 2.46000000e-09 -7.89552813e-02 
 2.48000000e-09 -7.89883737e-02 
 2.50000000e-09 -7.90084671e-02 
 2.52000000e-09 -7.90155627e-02 
 2.54000000e-09 -7.90096650e-02 
 2.56000000e-09 -7.89907792e-02 
 2.58000000e-09 -7.89589139e-02 
 2.60000000e-09 -7.89140780e-02 
 2.62000000e-09 -7.88562841e-02 
 2.64000000e-09 -7.87855451e-02 
 2.66000000e-09 -7.87018775e-02 
 2.68000000e-09 -7.86052981e-02 
 2.70000000e-09 -7.84958273e-02 
 2.72000000e-09 -7.83734859e-02 
 2.74000000e-09 -7.82382980e-02 
 2.76000000e-09 -7.80902886e-02 
 2.78000000e-09 -7.79294855e-02 
 2.80000000e-09 -7.77559176e-02 
 2.82000000e-09 -7.75696167e-02 
 2.84000000e-09 -7.73706155e-02 
 2.86000000e-09 -7.71589497e-02 
 2.88000000e-09 -7.69346557e-02 
 2.90000000e-09 -7.66977733e-02 
 2.92000000e-09 -7.64483426e-02 
 2.94000000e-09 -7.61864072e-02 
 2.96000000e-09 -7.59120112e-02 
 2.98000000e-09 -7.56252018e-02 
 3.00000000e-09 -7.53260270e-02 
 3.02000000e-09 -7.50145378e-02 
 3.04000000e-09 -7.46907860e-02 
 3.06000000e-09 -7.43548262e-02 
 3.08000000e-09 -7.40067141e-02 
 3.10000000e-09 -7.36465081e-02 
 3.12000000e-09 -7.32742674e-02 
 3.14000000e-09 -7.28900542e-02 
 3.16000000e-09 -7.24939315e-02 
 3.18000000e-09 -7.20859650e-02 
 3.20000000e-09 -7.16662214e-02 
 3.22000000e-09 -7.12347701e-02 
 3.24000000e-09 -7.07916814e-02 
 3.26000000e-09 -7.03370283e-02 
 3.28000000e-09 -6.98708846e-02 
 3.30000000e-09 -6.93933269e-02 
 3.32000000e-09 -6.89044325e-02 
 3.34000000e-09 -6.84042817e-02 
 3.36000000e-09 -6.78929552e-02 
 3.38000000e-09 -6.73705366e-02 
 3.40000000e-09 -6.68371103e-02 
 3.42000000e-09 -6.62927633e-02 
 3.44000000e-09 -6.57375833e-02 
 3.46000000e-09 -6.51716606e-02 
 3.48000000e-09 -6.45950865e-02 
 3.50000000e-09 -6.40079546e-02 
 3.52000000e-09 -6.34103593e-02 
 3.54000000e-09 -6.28023977e-02 
 3.56000000e-09 -6.21841673e-02 
 3.58000000e-09 -6.15557685e-02 
 3.60000000e-09 -6.09173020e-02 
 3.62000000e-09 -6.02688713e-02 
 3.64000000e-09 -5.96105804e-02 
 3.66000000e-09 -5.89425358e-02 
 3.68000000e-09 -5.82648446e-02 
 3.70000000e-09 -5.75776163e-02 
 3.72000000e-09 -5.68809612e-02 
 3.74000000e-09 -5.61749915e-02 
 3.76000000e-09 -5.54598206e-02 
 3.78000000e-09 -5.47355638e-02 
 3.80000000e-09 -5.40023372e-02 
 3.82000000e-09 -5.32602589e-02 
 3.84000000e-09 -5.25094479e-02 
 3.86000000e-09 -5.17500252e-02 
 3.88000000e-09 -5.09821124e-02 
 3.90000000e-09 -5.02058332e-02 
 3.92000000e-09 -4.94213120e-02 
 3.94000000e-09 -4.86286750e-02 
 3.96000000e-09 -4.78280494e-02 
 3.98000000e-09 -4.70195638e-02 
 4.00000000e-09 -4.62033479e-02 
 4.02000000e-09 -4.53795330e-02 
 4.04000000e-09 -4.45482510e-02 
 4.06000000e-09 -4.37096358e-02 
 4.08000000e-09 -4.28638216e-02 
 4.10000000e-09 -4.20109445e-02 
 4.12000000e-09 -4.11511411e-02 
 4.14000000e-09 -4.02845499e-02 
 4.16000000e-09 -3.94113095e-02 
 4.18000000e-09 -3.85315604e-02 
 4.20000000e-09 -3.76454436e-02 
 4.22000000e-09 -3.67531017e-02 
 4.24000000e-09 -3.58546776e-02 
 4.26000000e-09 -3.49503158e-02 
 4.28000000e-09 -3.40401612e-02 
 4.30000000e-09 -3.31243602e-02 
 4.32000000e-09 -3.22030596e-02 
 4.34000000e-09 -3.12764076e-02 
 4.36000000e-09 -3.03445527e-02 
 4.38000000e-09 -2.94076447e-02 
 4.40000000e-09 -2.84658339e-02 
 4.42000000e-09 -2.75192717e-02 
 4.44000000e-09 -2.65681099e-02 
 4.46000000e-09 -2.56125014e-02 
 4.48000000e-09 -2.46525995e-02 
 4.50000000e-09 -2.36885586e-02 
 4.52000000e-09 -2.27205332e-02 
 4.54000000e-09 -2.17486791e-02 
 4.56000000e-09 -2.07731521e-02 
 4.58000000e-09 -1.97941090e-02 
 4.60000000e-09 -1.88117070e-02 
 4.62000000e-09 -1.78261039e-02 
 4.64000000e-09 -1.68374580e-02 
 4.66000000e-09 -1.58459281e-02 
 4.68000000e-09 -1.48516734e-02 
 4.70000000e-09 -1.38548537e-02 
 4.72000000e-09 -1.28556289e-02 
 4.74000000e-09 -1.18541597e-02 
 4.76000000e-09 -1.08506068e-02 
 4.78000000e-09 -9.84513152e-03 
 4.80000000e-09 -8.83789514e-03 
 4.82000000e-09 -7.82905963e-03 
 4.84000000e-09 -6.81878682e-03 
 4.86000000e-09 -5.80723911e-03 
 4.88000000e-09 -4.79457877e-03 
 4.90000000e-09 -3.78096859e-03 
 4.92000000e-09 -2.76657113e-03 
 4.94000000e-09 -1.75154945e-03 
 4.96000000e-09 -7.36066320e-04 
 4.98000000e-09  2.79715052e-04 
 5.00000000e-09  1.29563178e-03 
 5.02000000e-09  2.31152063e-03 
 5.04000000e-09  3.32721871e-03 
 5.06000000e-09  4.34256286e-03 
 5.08000000e-09  5.35739031e-03 
 5.10000000e-09  6.37153805e-03 
 5.12000000e-09  7.38484355e-03 
 5.14000000e-09  8.39714408e-03 
 5.16000000e-09  9.40827744e-03 
 5.18000000e-09  1.04180813e-02 
 5.20000000e-09  1.14263939e-02 
 5.22000000e-09  1.24330533e-02 
 5.24000000e-09  1.34378985e-02 
 5.26000000e-09  1.44407680e-02 
 5.28000000e-09  1.54415015e-02 
 5.30000000e-09  1.64399383e-02 
 5.32000000e-09  1.74359186e-02 
 5.34000000e-09  1.84292828e-02 
 5.36000000e-09  1.94198718e-02 
 5.38000000e-09  2.04075270e-02 
 5.40000000e-09  2.13920904e-02 
 5.42000000e-09  2.23734041e-02 
 5.44000000e-09  2.33513114e-02 
 5.46000000e-09  2.43256555e-02 
 5.48000000e-09  2.52962808e-02 
 5.50000000e-09  2.62630319e-02 
 5.52000000e-09  2.72257543e-02 
 5.54000000e-09  2.81842940e-02 
 5.56000000e-09  2.91384979e-02 
 5.58000000e-09  3.00882135e-02 
 5.60000000e-09  3.10332891e-02 
 5.62000000e-09  3.19735736e-02 
 5.64000000e-09  3.29089171e-02 
 5.66000000e-09  3.38391702e-02 
 5.68000000e-09  3.47641844e-02 
 5.70000000e-09  3.56838121e-02 
 5.72000000e-09  3.65979067e-02 
 5.74000000e-09  3.75063223e-02 
 5.76000000e-09  3.84089142e-02 
 5.78000000e-09  3.93055386e-02 
 5.80000000e-09  4.01960525e-02 
 5.82000000e-09  4.10803141e-02 
 5.84000000e-09  4.19581827e-02 
 5.86000000e-09  4.28295184e-02 
 5.88000000e-09  4.36941826e-02 
 5.90000000e-09  4.45520378e-02 
 5.92000000e-09  4.54029475e-02 
 5.94000000e-09  4.62467763e-02 
 5.96000000e-09  4.70833903e-02 
 5.98000000e-09  4.79126563e-02 
 6.00000000e-09  4.87344428e-02 
 6.02000000e-09  4.95486192e-02 
 6.04000000e-09  5.03550563e-02 
 6.06000000e-09  5.11536259e-02 
 6.08000000e-09  5.19442016e-02 
 6.10000000e-09  5.27266578e-02 
 6.12000000e-09  5.35008706e-02 
 6.14000000e-09  5.42667171e-02 
 6.16000000e-09  5.50240761e-02 
 6.18000000e-09  5.57728275e-02 
 6.20000000e-09  5.65128529e-02 
 6.22000000e-09  5.72440350e-02 
 6.24000000e-09  5.79662581e-02 
 6.26000000e-09  5.86794080e-02 
 6.28000000e-09  5.93833719e-02 
 6.30000000e-09  6.00780384e-02 
 6.32000000e-09  6.07632978e-02 
 6.34000000e-09  6.14390417e-02 
 6.36000000e-09  6.21051635e-02 
 6.38000000e-09  6.27615579e-02 
 6.40000000e-09  6.34081214e-02 
 6.42000000e-09  6.40447517e-02 
 6.44000000e-09  6.46713486e-02 
 6.46000000e-09  6.52878130e-02 
 6.48000000e-09  6.58940480e-02 
 6.50000000e-09  6.64899577e-02 
 6.52000000e-09  6.70754484e-02 
 6.54000000e-09  6.76504277e-02 
 6.56000000e-09  6.82148051e-02 
 6.58000000e-09  6.87684917e-02 
 6.60000000e-09  6.93114002e-02 
 6.62000000e-09  6.98434453e-02 
 6.64000000e-09  7.03645431e-02 
 6.66000000e-09  7.08746117e-02 
 6.68000000e-09  7.13735708e-02 
 6.70000000e-09  7.18613419e-02 
 6.72000000e-09  7.23378483e-02 
 6.74000000e-09  7.28030151e-02 
 6.76000000e-09  7.32567691e-02 
 6.78000000e-09  7.36990389e-02 
 6.80000000e-09  7.41297552e-02 
 6.82000000e-09  7.45488501e-02 
 6.84000000e-09  7.49562578e-02 
 6.86000000e-09  7.53519143e-02 
 6.88000000e-09  7.57357574e-02 
 6.90000000e-09  7.61077267e-02 
 6.92000000e-09  7.64677639e-02 
 6.94000000e-09  7.68158124e-02 
 6.96000000e-09  7.71518174e-02 
 6.98000000e-09  7.74757262e-02 
 7.00000000e-09  7.77874878e-02 
 7.02000000e-09  7.80870532e-02 
 7.04000000e-09  7.83743755e-02 
 7.06000000e-09  7.86494092e-02 
 7.08000000e-09  7.89121113e-02 
 7.10000000e-09  7.91624403e-02 
 7.12000000e-09  7.94003569e-02 
 7.14000000e-09  7.96258236e-02 
 7.16000000e-09  7.98388048e-02 
 7.18000000e-09  8.00392671e-02 
 7.20000000e-09  8.02271787e-02 
 7.22000000e-09  8.04025101e-02 
 7.24000000e-09  8.05652334e-02 
 7.26000000e-09  8.07153230e-02 
 7.28000000e-09  8.08527550e-02 
 7.30000000e-09  8.09775077e-02 
 7.32000000e-09  8.10895612e-02 
 7.34000000e-09  8.11888976e-02 
 7.36000000e-09  8.12755011e-02 
 7.38000000e-09  8.13493576e-02 
 7.40000000e-09  8.14104554e-02 
 7.42000000e-09  8.14587844e-02 
 7.44000000e-09  8.14943367e-02 
 7.46000000e-09  8.15171063e-02 
 7.48000000e-09  8.15270891e-02 
 7.50000000e-09  8.15242832e-02 
 7.52000000e-09  8.15086885e-02 
 7.54000000e-09  8.14803069e-02 
 7.56000000e-09  8.14391425e-02 
 7.58000000e-09  8.13852011e-02 
 7.60000000e-09  8.13184906e-02 
 7.62000000e-09  8.12390208e-02 
 7.64000000e-09  8.11468038e-02 
 7.66000000e-09  8.10418532e-02 
 7.68000000e-09  8.09241849e-02 
 7.70000000e-09  8.07938168e-02 
 7.72000000e-09  8.06507685e-02 
 7.74000000e-09  8.04950618e-02 
 7.76000000e-09  8.03267204e-02 
 7.78000000e-09  8.01457699e-02 
 7.80000000e-09  7.99522381e-02 
 7.82000000e-09  7.97461544e-02 
 7.84000000e-09  7.95275503e-02 
 7.86000000e-09  7.92964595e-02 
 7.88000000e-09  7.90529172e-02 
 7.90000000e-09  7.87969608e-02 
 7.92000000e-09  7.85286297e-02 
 7.94000000e-09  7.82479651e-02 
 7.96000000e-09  7.79550100e-02 
 7.98000000e-09  7.76498097e-02 
 8.00000000e-09  7.73324109e-02 
 8.02000000e-09  7.70028627e-02 
 8.04000000e-09  7.66612158e-02 
 8.06000000e-09  7.63075228e-02 
 8.08000000e-09  7.59418384e-02 
 8.10000000e-09  7.55642189e-02 
 8.12000000e-09  7.51747226e-02 
 8.14000000e-09  7.47734097e-02 
 8.16000000e-09  7.43603423e-02 
 8.18000000e-09  7.39355841e-02 
 8.20000000e-09  7.34992009e-02 
 8.22000000e-09  7.30512602e-02 
 8.24000000e-09  7.25918313e-02 
 8.26000000e-09  7.21209854e-02 
 8.28000000e-09  7.16387955e-02 
 8.30000000e-09  7.11453361e-02 
 8.32000000e-09  7.06406840e-02 
 8.34000000e-09  7.01249172e-02 
 8.36000000e-09  6.95981160e-02 
 8.38000000e-09  6.90603620e-02 
 8.40000000e-09  6.85117388e-02 
 8.42000000e-09  6.79523317e-02 
 8.44000000e-09  6.73822275e-02 
 8.46000000e-09  6.68015149e-02 
 8.48000000e-09  6.62102842e-02 
 8.50000000e-09  6.56086275e-02 
 8.52000000e-09  6.49966384e-02 
 8.54000000e-09  6.43744122e-02 
 8.56000000e-09  6.37420459e-02 
 8.58000000e-09  6.30996380e-02 
 8.60000000e-09  6.24472886e-02 
 8.62000000e-09  6.17850996e-02 
 8.64000000e-09  6.11131743e-02 
 8.66000000e-09  6.04316176e-02 
 8.68000000e-09  5.97405358e-02 
 8.70000000e-09  5.90400370e-02 
 8.72000000e-09  5.83302306e-02 
 8.74000000e-09  5.76112276e-02 
 8.76000000e-09  5.68831405e-02 
 8.78000000e-09  5.61460832e-02 
 8.80000000e-09  5.54001710e-02 
 8.82000000e-09  5.46455207e-02 
 8.84000000e-09  5.38822506e-02 
 8.86000000e-09  5.31104803e-02 
 8.88000000e-09  5.23303307e-02 
 8.90000000e-09  5.15419241e-02 
 8.92000000e-09  5.07453843e-02 
 8.94000000e-09  4.99408363e-02 
 8.96000000e-09  4.91284063e-02 
 8.98000000e-09  4.83082220e-02 
 9.00000000e-09  4.74804121e-02 
 9.02000000e-09  4.66451069e-02 
 9.04000000e-09  4.58024375e-02 
 9.06000000e-09  4.49525366e-02 
 9.08000000e-09  4.40955378e-02 
 9.10000000e-09  4.32315759e-02 
 9.12000000e-09  4.23607871e-02 
 9.14000000e-09  4.14833083e-02 
 9.16000000e-09  4.05992779e-02 
 9.18000000e-09  3.97088351e-02 
 9.20000000e-09  3.88121204e-02 
 9.22000000e-09  3.79092750e-02 
 9.24000000e-09  3.70004413e-02 
 9.26000000e-09  3.60857628e-02 
 9.28000000e-09  3.51653839e-02 
 9.30000000e-09  3.42394497e-02 
 9.32000000e-09  3.33081065e-02 
 9.34000000e-09  3.23715014e-02 
 9.36000000e-09  3.14297824e-02 
 9.38000000e-09  3.04830983e-02 
 9.40000000e-09  2.95315988e-02 
 9.42000000e-09  2.85754342e-02 
 9.44000000e-09  2.76147559e-02 
 9.46000000e-09  2.66497157e-02 
 9.48000000e-09  2.56804664e-02 
 9.50000000e-09  2.47071614e-02 
 9.52000000e-09  2.37299547e-02 
 9.54000000e-09  2.27490011e-02 
 9.56000000e-09  2.17644559e-02 
 9.58000000e-09  2.07764751e-02 
 9.60000000e-09  1.97852151e-02 
 9.62000000e-09  1.87908331e-02 
 9.64000000e-09  1.77934867e-02 
 9.66000000e-09  1.67933339e-02 
 9.68000000e-09  1.57905333e-02 
 9.70000000e-09  1.47852439e-02 
 9.72000000e-09  1.37776252e-02 
 9.74000000e-09  1.27678369e-02 
 9.76000000e-09  1.17560392e-02 
 9.78000000e-09  1.07423927e-02 
 9.80000000e-09  9.72705813e-03 
 9.82000000e-09  8.71019666e-03 
 9.84000000e-09  7.69196966e-03 
 9.86000000e-09  6.67253873e-03 
 9.88000000e-09  5.65206568e-03 
 9.90000000e-09  4.63071249e-03 
 9.92000000e-09  3.60864130e-03 
 9.94000000e-09  2.58601437e-03 
 9.96000000e-09  1.56299405e-03 
 9.98000000e-09  5.39742780e-04 
 1.00000000e-08 -4.83576981e-04 
 1.00200000e-08 -1.50680276e-03 
 1.00400000e-08 -2.52977207e-03 
 1.00600000e-08 -3.55232249e-03 
 1.00800000e-08 -4.57429167e-03 
 1.01000000e-08 -5.59551732e-03 
 1.01200000e-08 -6.61583730e-03 
 1.01400000e-08 -7.63508962e-03 
 1.01600000e-08 -8.65311244e-03 
 1.01800000e-08 -9.66974415e-03 
 1.02000000e-08 -1.06848234e-02 
 1.02200000e-08 -1.16981889e-02 
 1.02400000e-08 -1.27096800e-02 
 1.02600000e-08 -1.37191360e-02 
 1.02800000e-08 -1.47263968e-02 
 1.03000000e-08 -1.57313024e-02 
 1.03200000e-08 -1.67336936e-02 
 1.03400000e-08 -1.77334111e-02 
 1.03600000e-08 -1.87302965e-02 
 1.03800000e-08 -1.97241915e-02 
 1.04000000e-08 -2.07149386e-02 
 1.04200000e-08 -2.17023807e-02 
 1.04400000e-08 -2.26863612e-02 
 1.04600000e-08 -2.36667240e-02 
 1.04800000e-08 -2.46433139e-02 
 1.05000000e-08 -2.56159760e-02 
 1.05200000e-08 -2.65845562e-02 
 1.05400000e-08 -2.75489011e-02 
 1.05600000e-08 -2.85088580e-02 
 1.05800000e-08 -2.94642748e-02 
 1.06000000e-08 -3.04150002e-02 
 1.06200000e-08 -3.13608838e-02 
 1.06400000e-08 -3.23017759e-02 
 1.06600000e-08 -3.32375276e-02 
 1.06800000e-08 -3.41679908e-02 
 1.07000000e-08 -3.50930185e-02 
 1.07200000e-08 -3.60124644e-02 
 1.07400000e-08 -3.69261831e-02 
 1.07600000e-08 -3.78340302e-02 
 1.07800000e-08 -3.87358623e-02 
 1.08000000e-08 -3.96315370e-02 
 1.08200000e-08 -4.05209128e-02 
 1.08400000e-08 -4.14038494e-02 
 1.08600000e-08 -4.22802073e-02 
 1.08800000e-08 -4.31498484e-02 
 1.09000000e-08 -4.40126354e-02 
 1.09200000e-08 -4.48684323e-02 
 1.09400000e-08 -4.57171043e-02 
 1.09600000e-08 -4.65585175e-02 
 1.09800000e-08 -4.73925394e-02 
 1.10000000e-08 -4.82190387e-02 
 1.10200000e-08 -4.90378852e-02 
 1.10400000e-08 -4.98489501e-02 
 1.10600000e-08 -5.06521057e-02 
 1.10800000e-08 -5.14472257e-02 
 1.11000000e-08 -5.22341852e-02 
 1.11200000e-08 -5.30128603e-02 
 1.11400000e-08 -5.37831287e-02 
 1.11600000e-08 -5.45448695e-02 
 1.11800000e-08 -5.52979630e-02 
 1.12000000e-08 -5.60422909e-02 
 1.12200000e-08 -5.67777366e-02 
 1.12400000e-08 -5.75041846e-02 
 1.12600000e-08 -5.82215210e-02 
 1.12800000e-08 -5.89296333e-02 
 1.13000000e-08 -5.96284106e-02 
 1.13200000e-08 -6.03177434e-02 
 1.13400000e-08 -6.09975238e-02 
 1.13600000e-08 -6.16676453e-02 
 1.13800000e-08 -6.23280030e-02 
 1.14000000e-08 -6.29784937e-02 
 1.14200000e-08 -6.36190156e-02 
 1.14400000e-08 -6.42494686e-02 
 1.14600000e-08 -6.48697542e-02 
 1.14800000e-08 -6.54797754e-02 
 1.15000000e-08 -6.60794369e-02 
 1.15200000e-08 -6.66686452e-02 
 1.15400000e-08 -6.72473083e-02 
 1.15600000e-08 -6.78153359e-02 
 1.15800000e-08 -6.83726394e-02 
 1.16000000e-08 -6.89191320e-02 
 1.16200000e-08 -6.94547284e-02 
 1.16400000e-08 -6.99793452e-02 
 1.16600000e-08 -7.04929006e-02 
 1.16800000e-08 -7.09953148e-02 
 1.17000000e-08 -7.14865095e-02 
 1.17200000e-08 -7.19664083e-02 
 1.17400000e-08 -7.24349365e-02 
 1.17600000e-08 -7.28920212e-02 
 1.17800000e-08 -7.33375915e-02 
 1.18000000e-08 -7.37715780e-02 
 1.18200000e-08 -7.41939133e-02 
 1.18400000e-08 -7.46045319e-02 
 1.18600000e-08 -7.50033699e-02 
 1.18800000e-08 -7.53903655e-02 
 1.19000000e-08 -7.57654586e-02 
 1.19200000e-08 -7.61285910e-02 
 1.19400000e-08 -7.64797065e-02 
 1.19600000e-08 -7.68187505e-02 
 1.19800000e-08 -7.71456705e-02 
 1.20000000e-08 -7.74604159e-02 
 1.20200000e-08 -7.77629378e-02 
 1.20400000e-08 -7.80531895e-02 
 1.20600000e-08 -7.83311261e-02 
 1.20800000e-08 -7.85967044e-02 
 1.21000000e-08 -7.88498835e-02 
 1.21200000e-08 -7.90906241e-02 
 1.21400000e-08 -7.93188890e-02 
 1.21600000e-08 -7.95346429e-02 
 1.21800000e-08 -7.97378526e-02 
 1.22000000e-08 -7.99284865e-02 
 1.22200000e-08 -8.01065153e-02 
 1.22400000e-08 -8.02719114e-02 
 1.22600000e-08 -8.04246494e-02 
 1.22800000e-08 -8.05647057e-02 
 1.23000000e-08 -8.06920587e-02 
 1.23200000e-08 -8.08066888e-02 
 1.23400000e-08 -8.09085783e-02 
 1.23600000e-08 -8.09977116e-02 
 1.23800000e-08 -8.10740749e-02 
 1.24000000e-08 -8.11376566e-02 
 1.24200000e-08 -8.11884468e-02 
 1.24400000e-08 -8.12264378e-02 
 1.24600000e-08 -8.12516239e-02 
 1.24800000e-08 -8.12640013e-02 
 1.25000000e-08 -8.12635680e-02 
 1.25200000e-08 -8.12503244e-02 
 1.25400000e-08 -8.12242725e-02 
 1.25600000e-08 -8.11854165e-02 
 1.25800000e-08 -8.11337625e-02 
 1.26000000e-08 -8.10693185e-02 
 1.26200000e-08 -8.09920947e-02 
 1.26400000e-08 -8.09021031e-02 
 1.26600000e-08 -8.07993578e-02 
 1.26800000e-08 -8.06838747e-02 
 1.27000000e-08 -8.05556718e-02 
 1.27200000e-08 -8.04147691e-02 
 1.27400000e-08 -8.02611885e-02 
 1.27600000e-08 -8.00949538e-02 
 1.27800000e-08 -7.99160910e-02 
 1.28000000e-08 -7.97246277e-02 
 1.28200000e-08 -7.95205939e-02 
 1.28400000e-08 -7.93040210e-02 
 1.28600000e-08 -7.90749429e-02 
 1.28800000e-08 -7.88333951e-02 
 1.29000000e-08 -7.85794151e-02 
 1.29200000e-08 -7.83130425e-02 
 1.29400000e-08 -7.80343185e-02 
 1.29600000e-08 -7.77432865e-02 
 1.29800000e-08 -7.74399918e-02 
 1.30000000e-08 -7.71244814e-02 
 1.30200000e-08 -7.67968044e-02 
 1.30400000e-08 -7.64570118e-02 
 1.30600000e-08 -7.61051563e-02 
 1.30800000e-08 -7.57412927e-02 
 1.31000000e-08 -7.53654776e-02 
 1.31200000e-08 -7.49777694e-02 
 1.31400000e-08 -7.45782284e-02 
 1.31600000e-08 -7.41669168e-02 
 1.31800000e-08 -7.37438986e-02 
 1.32000000e-08 -7.33092396e-02 
 1.32200000e-08 -7.28630075e-02 
 1.32400000e-08 -7.24052718e-02 
 1.32600000e-08 -7.19361038e-02 
 1.32800000e-08 -7.14555766e-02 
 1.33000000e-08 -7.09637650e-02 
 1.33200000e-08 -7.04607457e-02 
 1.33400000e-08 -6.99465971e-02 
 1.33600000e-08 -6.94213995e-02 
 1.33800000e-08 -6.88852346e-02 
 1.34000000e-08 -6.83381861e-02 
 1.34200000e-08 -6.77803395e-02 
 1.34400000e-08 -6.72117818e-02 
 1.34600000e-08 -6.66326018e-02 
 1.34800000e-08 -6.60428899e-02 
 1.35000000e-08 -6.54427383e-02 
 1.35200000e-08 -6.48322408e-02 
 1.35400000e-08 -6.42114927e-02 
 1.35600000e-08 -6.35805913e-02 
 1.35800000e-08 -6.29396350e-02 
 1.36000000e-08 -6.22887243e-02 
 1.36200000e-08 -6.16279610e-02 
 1.36400000e-08 -6.09574486e-02 
 1.36600000e-08 -6.02772921e-02 
 1.36800000e-08 -5.95875979e-02 
 1.37000000e-08 -5.88884743e-02 
 1.37200000e-08 -5.81800307e-02 
 1.37400000e-08 -5.74623783e-02 
 1.37600000e-08 -5.67356297e-02 
 1.37800000e-08 -5.59998988e-02 
 1.38000000e-08 -5.52553012e-02 
 1.38200000e-08 -5.45019537e-02 
 1.38400000e-08 -5.37399748e-02 
 1.38600000e-08 -5.29694840e-02 
 1.38800000e-08 -5.21906024e-02 
 1.39000000e-08 -5.14034526e-02 
 1.39200000e-08 -5.06081583e-02 
 1.39400000e-08 -4.98048446e-02 
 1.39600000e-08 -4.89936379e-02 
 1.39800000e-08 -4.81746659e-02 
 1.40000000e-08 -4.73480576e-02 
 1.40200000e-08 -4.65139430e-02 
 1.40400000e-08 -4.56724538e-02 
 1.40600000e-08 -4.48237223e-02 
 1.40800000e-08 -4.39678826e-02 
 1.41000000e-08 -4.31050695e-02 
 1.41200000e-08 -4.22354191e-02 
 1.41400000e-08 -4.13590686e-02 
 1.41600000e-08 -4.04761564e-02 
 1.41800000e-08 -3.95868218e-02 
 1.42000000e-08 -3.86912053e-02 
 1.42200000e-08 -3.77894484e-02 
 1.42400000e-08 -3.68816935e-02 
 1.42600000e-08 -3.59680842e-02 
 1.42800000e-08 -3.50487648e-02 
 1.43000000e-08 -3.41238808e-02 
 1.43200000e-08 -3.31935783e-02 
 1.43400000e-08 -3.22580047e-02 
 1.43600000e-08 -3.13173080e-02 
 1.43800000e-08 -3.03716370e-02 
 1.44000000e-08 -2.94211415e-02 
 1.44200000e-08 -2.84659721e-02 
 1.44400000e-08 -2.75062800e-02 
 1.44600000e-08 -2.65422173e-02 
 1.44800000e-08 -2.55739367e-02 
 1.45000000e-08 -2.46015917e-02 
 1.45200000e-08 -2.36253366e-02 
 1.45400000e-08 -2.26453260e-02 
 1.45600000e-08 -2.16617154e-02 
 1.45800000e-08 -2.06746608e-02 
 1.46000000e-08 -1.96843189e-02 
 1.46200000e-08 -1.86908467e-02 
 1.46400000e-08 -1.76944019e-02 
 1.46600000e-08 -1.66951428e-02 
 1.46800000e-08 -1.56932279e-02 
 1.47000000e-08 -1.46888162e-02 
 1.47200000e-08 -1.36820674e-02 
 1.47400000e-08 -1.26731413e-02 
 1.47600000e-08 -1.16621981e-02 
 1.47800000e-08 -1.06493984e-02 
 1.48000000e-08 -9.63490310e-03 
 1.48200000e-08 -8.61887343e-03 
 1.48400000e-08 -7.60147078e-03 
 1.48600000e-08 -6.58285684e-03 
 1.48800000e-08 -5.56319349e-03 
 1.49000000e-08 -4.54264276e-03 
 1.49200000e-08 -3.52136687e-03 
 1.49400000e-08 -2.49952813e-03 
 1.49600000e-08 -1.47728896e-03 
 1.49800000e-08 -4.54811853e-04 
 1.50000000e-08  5.67740666e-04 
 1.50200000e-08  1.59020605e-03 
 1.50400000e-08  2.61242178e-03 
 1.50600000e-08  3.63422536e-03 
 1.50800000e-08  4.65545436e-03 
 1.51000000e-08  5.67594647e-03 
 1.51200000e-08  6.69553947e-03 
 1.51400000e-08  7.71407131e-03 
 1.51600000e-08  8.73138011e-03 
 1.51800000e-08  9.74730418e-03 
 1.52000000e-08  1.07616821e-02 
 1.52200000e-08  1.17743526e-02 
 1.52400000e-08  1.27851549e-02 
 1.52600000e-08  1.37939283e-02 
 1.52800000e-08  1.48005126e-02 
 1.53000000e-08  1.58047478e-02 
 1.53200000e-08  1.68064745e-02 
 1.53400000e-08  1.78055336e-02 
 1.53600000e-08  1.88017664e-02 
 1.53800000e-08  1.97950148e-02 
 1.54000000e-08  2.07851210e-02 
 1.54200000e-08  2.17719279e-02 
 1.54400000e-08  2.27552789e-02 
 1.54600000e-08  2.37350180e-02 
 1.54800000e-08  2.47109897e-02 
 1.55000000e-08  2.56830392e-02 
 1.55200000e-08  2.66510123e-02 
 1.55400000e-08  2.76147555e-02 
 1.55600000e-08  2.85741161e-02 
 1.55800000e-08  2.95289420e-02 
 1.56000000e-08  3.04790819e-02 
 1.56200000e-08  3.14243852e-02 
 1.56400000e-08  3.23647022e-02 
 1.56600000e-08  3.32998840e-02 
 1.56800000e-08  3.42297825e-02 
 1.57000000e-08  3.51542505e-02 
 1.57200000e-08  3.60731418e-02 
 1.57400000e-08  3.69863108e-02 
 1.57600000e-08  3.78936133e-02 
 1.57800000e-08  3.87949057e-02 
 1.58000000e-08  3.96900455e-02 
 1.58200000e-08  4.05788913e-02 
 1.58400000e-08  4.14613025e-02 
 1.58600000e-08  4.23371400e-02 
 1.58800000e-08  4.32062652e-02 
 1.59000000e-08  4.40685411e-02 
 1.59200000e-08  4.49238315e-02 
 1.59400000e-08  4.57720015e-02 
 1.59600000e-08  4.66129173e-02 
 1.59800000e-08  4.74464463e-02 
 1.60000000e-08  4.82724571e-02 
 1.60200000e-08  4.90908196e-02 
 1.60400000e-08  4.99014048e-02 
 1.60600000e-08  5.07040851e-02 
 1.60800000e-08  5.14987342e-02 
 1.61000000e-08  5.22852269e-02 
 1.61200000e-08  5.30634395e-02 
 1.61400000e-08  5.38332496e-02 
 1.61600000e-08  5.45945362e-02 
 1.61800000e-08  5.53471797e-02 
 1.62000000e-08  5.60910617e-02 
 1.62200000e-08  5.68260655e-02 
 1.62400000e-08  5.75520756e-02 
 1.62600000e-08  5.82689781e-02 
 1.62800000e-08  5.89766605e-02 
 1.63000000e-08  5.96750117e-02 
 1.63200000e-08  6.03639224e-02 
 1.63400000e-08  6.10432844e-02 
 1.63600000e-08  6.17129913e-02 
 1.63800000e-08  6.23729383e-02 
 1.64000000e-08  6.30230219e-02 
 1.64200000e-08  6.36631405e-02 
 1.64400000e-08  6.42931938e-02 
 1.64600000e-08  6.49130833e-02 
 1.64800000e-08  6.55227121e-02 
 1.65000000e-08  6.61219848e-02 
 1.65200000e-08  6.67108078e-02 
 1.65400000e-08  6.72890891e-02 
 1.65600000e-08  6.78567384e-02 
 1.65800000e-08  6.84136670e-02 
 1.66000000e-08  6.89597881e-02 
 1.66200000e-08  6.94950164e-02 
 1.66400000e-08  7.00192685e-02 
 1.66600000e-08  7.05324625e-02 
 1.66800000e-08  7.10345186e-02 
 1.67000000e-08  7.15253585e-02 
 1.67200000e-08  7.20049056e-02 
 1.67400000e-08  7.24730854e-02 
 1.67600000e-08  7.29298250e-02 
 1.67800000e-08  7.33750532e-02 
 1.68000000e-08  7.38087007e-02 
 1.68200000e-08  7.42307002e-02 
 1.68400000e-08  7.46409860e-02 
 1.68600000e-08  7.50394943e-02 
 1.68800000e-08  7.54261631e-02 
 1.69000000e-08  7.58009325e-02 
 1.69200000e-08  7.61637441e-02 
 1.69400000e-08  7.65145416e-02 
 1.69600000e-08  7.68532707e-02 
 1.69800000e-08  7.71798786e-02 
 1.70000000e-08  7.74943147e-02 
 1.70200000e-08  7.77965302e-02 
 1.70400000e-08  7.80864783e-02 
 1.70600000e-08  7.83641140e-02 
 1.70800000e-08  7.86293942e-02 
 1.71000000e-08  7.88822779e-02 
 1.71200000e-08  7.91227258e-02 
 1.71400000e-08  7.93507007e-02 
 1.71600000e-08  7.95661673e-02 
 1.71800000e-08  7.97690921e-02 
 1.72000000e-08  7.99594439e-02 
 1.72200000e-08  8.01371931e-02 
 1.72400000e-08  8.03023123e-02 
 1.72600000e-08  8.04547758e-02 
 1.72800000e-08  8.05945601e-02 
 1.73000000e-08  8.07216436e-02 
 1.73200000e-08  8.08360066e-02 
 1.73400000e-08  8.09376315e-02 
 1.73600000e-08  8.10265026e-02 
 1.73800000e-08  8.11026061e-02 
 1.74000000e-08  8.11659303e-02 
 1.74200000e-08  8.12164654e-02 
 1.74400000e-08  8.12542037e-02 
 1.74600000e-08  8.12791393e-02 
 1.74800000e-08  8.12912685e-02 
 1.75000000e-08  8.12905893e-02 
 1.75200000e-08  8.12771020e-02 
 1.75400000e-08  8.12508087e-02 
 1.75600000e-08  8.12117134e-02 
 1.75800000e-08  8.11598223e-02 
 1.76000000e-08  8.10951434e-02 
 1.76200000e-08  8.10176869e-02 
 1.76400000e-08  8.09274646e-02 
 1.76600000e-08  8.08244907e-02 
 1.76800000e-08  8.07087812e-02 
 1.77000000e-08  8.05803539e-02 
 1.77200000e-08  8.04392288e-02 
 1.77400000e-08  8.02854278e-02 
 1.77600000e-08  8.01189748e-02 
 1.77800000e-08  7.99398956e-02 
 1.78000000e-08  7.97482179e-02 
 1.78200000e-08  7.95439716e-02 
 1.78400000e-08  7.93271882e-02 
 1.78600000e-08  7.90979015e-02 
 1.78800000e-08  7.88561470e-02 
 1.79000000e-08  7.86019622e-02 
 1.79200000e-08  7.83353865e-02 
 1.79400000e-08  7.80564614e-02 
 1.79600000e-08  7.77652301e-02 
 1.79800000e-08  7.74617379e-02 
 1.80000000e-08  7.71460318e-02 
 1.80200000e-08  7.68181609e-02 
 1.80400000e-08  7.64781760e-02 
 1.80600000e-08  7.61261301e-02 
 1.80800000e-08  7.57620778e-02 
 1.81000000e-08  7.53860756e-02 
 1.81200000e-08  7.49981821e-02 
 1.81400000e-08  7.45984575e-02 
 1.81600000e-08  7.41869639e-02 
 1.81800000e-08  7.37637653e-02 
 1.82000000e-08  7.33289276e-02 
 1.82200000e-08  7.28825185e-02 
 1.82400000e-08  7.24246073e-02 
 1.82600000e-08  7.19552654e-02 
 1.82800000e-08  7.14745658e-02 
 1.83000000e-08  7.09825835e-02 
 1.83200000e-08  7.04793949e-02 
 1.83400000e-08  6.99650787e-02 
 1.83600000e-08  6.94397148e-02 
 1.83800000e-08  6.89033852e-02 
 1.84000000e-08  6.83561735e-02 
 1.84200000e-08  6.77981652e-02 
 1.84400000e-08  6.72294472e-02 
 1.84600000e-08  6.66501083e-02 
 1.84800000e-08  6.60602391e-02 
 1.85000000e-08  6.54599315e-02 
 1.85200000e-08  6.48492793e-02 
 1.85400000e-08  6.42283781e-02 
 1.85600000e-08  6.35973248e-02 
 1.85800000e-08  6.29562181e-02 
 1.86000000e-08  6.23051583e-02 
 1.86200000e-08  6.16442472e-02 
 1.86400000e-08  6.09735884e-02 
 1.86600000e-08  6.02932867e-02 
 1.86800000e-08  5.96034487e-02 
 1.87000000e-08  5.89041825e-02 
 1.87200000e-08  5.81955977e-02 
 1.87400000e-08  5.74778054e-02 
 1.87600000e-08  5.67509180e-02 
 1.87800000e-08  5.60150497e-02 
 1.88000000e-08  5.52703158e-02 
 1.88200000e-08  5.45168333e-02 
 1.88400000e-08  5.37547205e-02 
 1.88600000e-08  5.29840971e-02 
 1.88800000e-08  5.22050842e-02 
 1.89000000e-08  5.14178041e-02 
 1.89200000e-08  5.06223807e-02 
 1.89400000e-08  4.98189391e-02 
 1.89600000e-08  4.90076056e-02 
 1.89800000e-08  4.81885079e-02 
 1.90000000e-08  4.73617751e-02 
 1.90200000e-08  4.65275371e-02 
 1.90400000e-08  4.56859255e-02 
 1.90600000e-08  4.48370729e-02 
 1.90800000e-08  4.39811130e-02 
 1.91000000e-08  4.31181808e-02 
 1.91200000e-08  4.22484124e-02 
 1.91400000e-08  4.13719450e-02 
 1.91600000e-08  4.04889169e-02 
 1.91800000e-08  3.95994675e-02 
 1.92000000e-08  3.87037372e-02 
 1.92200000e-08  3.78018675e-02 
 1.92400000e-08  3.68940008e-02 
 1.92600000e-08  3.59802806e-02 
 1.92800000e-08  3.50608514e-02 
 1.93000000e-08  3.41358585e-02 
 1.93200000e-08  3.32054482e-02 
 1.93400000e-08  3.22697677e-02 
 1.93600000e-08  3.13289650e-02 
 1.93800000e-08  3.03831891e-02 
 1.94000000e-08  2.94325895e-02 
 1.94200000e-08  2.84773169e-02 
 1.94400000e-08  2.75175226e-02 
 1.94600000e-08  2.65533586e-02 
 1.94800000e-08  2.55849776e-02 
 1.95000000e-08  2.46125332e-02 
 1.95200000e-08  2.36361794e-02 
 1.95400000e-08  2.26560710e-02 
 1.95600000e-08  2.16723636e-02 
 1.95800000e-08  2.06852130e-02 
 1.96000000e-08  1.96947759e-02 
 1.96200000e-08  1.87012094e-02 
 1.96400000e-08  1.77046712e-02 
 1.96600000e-08  1.67053195e-02 
 1.96800000e-08  1.57033128e-02 
 1.97000000e-08  1.46988102e-02 
 1.97200000e-08  1.36919712e-02 
 1.97400000e-08  1.26829557e-02 
 1.97600000e-08  1.16719239e-02 
 1.97800000e-08  1.06590365e-02 
 1.98000000e-08  9.64445420e-03 
 1.98200000e-08  8.62833832e-03 
 1.98400000e-08  7.61085023e-03 
 1.98600000e-08  6.59215162e-03 
 1.98800000e-08  5.57240435e-03 
 1.99000000e-08  4.55177045e-03 
 1.99200000e-08  3.53041213e-03 
 1.99400000e-08  2.50849170e-03 
 1.99600000e-08  1.48617157e-03 
 1.99800000e-08  4.63614231e-04 
 2.00000000e-08 -5.59017806e-04 
 2.00200000e-08 -1.58156200e-03 
 2.00400000e-08 -2.60385583e-03 
 2.00600000e-08 -3.62573681e-03 
 2.00800000e-08 -4.64704253e-03 
 2.01000000e-08 -5.66761067e-03 
 2.01200000e-08 -6.68727901e-03 
 2.01400000e-08 -7.70588553e-03 
 2.01600000e-08 -8.72326832e-03 
 2.01800000e-08 -9.73926574e-03 
 2.02000000e-08 -1.07537163e-02 
 2.02200000e-08 -1.17664589e-02 
 2.02400000e-08 -1.27773326e-02 
 2.02600000e-08 -1.37861767e-02 
 2.02800000e-08 -1.47928311e-02 
 2.03000000e-08 -1.57971358e-02 
 2.03200000e-08 -1.67989314e-02 
 2.03400000e-08 -1.77980587e-02 
 2.03600000e-08 -1.87943591e-02 
 2.03800000e-08 -1.97876745e-02 
 2.04000000e-08 -2.07778472e-02 
 2.04200000e-08 -2.17647199e-02 
 2.04400000e-08 -2.27481362e-02 
 2.04600000e-08 -2.37279399e-02 
 2.04800000e-08 -2.47039756e-02 
 2.05000000e-08 -2.56760886e-02 
 2.05200000e-08 -2.66441247e-02 
 2.05400000e-08 -2.76079303e-02 
 2.05600000e-08 -2.85673527e-02 
 2.05800000e-08 -2.95222398e-02 
 2.06000000e-08 -3.04724404e-02 
 2.06200000e-08 -3.14178038e-02 
 2.06400000e-08 -3.23581804e-02 
 2.06600000e-08 -3.32934213e-02 
 2.06800000e-08 -3.42233783e-02 
 2.07000000e-08 -3.51479043e-02 
 2.07200000e-08 -3.60668531e-02 
 2.07400000e-08 -3.69800791e-02 
 2.07600000e-08 -3.78874380e-02 
 2.07800000e-08 -3.87887863e-02 
 2.08000000e-08 -3.96839816e-02 
 2.08200000e-08 -4.05728823e-02 
 2.08400000e-08 -4.14553480e-02 
 2.08600000e-08 -4.23312394e-02 
 2.08800000e-08 -4.32004181e-02 
 2.09000000e-08 -4.40627469e-02 
 2.09200000e-08 -4.49180898e-02 
 2.09400000e-08 -4.57663119e-02 
 2.09600000e-08 -4.66072792e-02 
 2.09800000e-08 -4.74408593e-02 
 2.10000000e-08 -4.82669208e-02 
 2.10200000e-08 -4.90853334e-02 
 2.10400000e-08 -4.98959683e-02 
 2.10600000e-08 -5.06986979e-02 
 2.10800000e-08 -5.14933958e-02 
 2.11000000e-08 -5.22799368e-02 
 2.11200000e-08 -5.30581974e-02 
 2.11400000e-08 -5.38280550e-02 
 2.11600000e-08 -5.45893887e-02 
 2.11800000e-08 -5.53420788e-02 
 2.12000000e-08 -5.60860071e-02 
 2.12200000e-08 -5.68210566e-02 
 2.12400000e-08 -5.75471121e-02 
 2.12600000e-08 -5.82640596e-02 
 2.12800000e-08 -5.89717865e-02 
 2.13000000e-08 -5.96701819e-02 
 2.13200000e-08 -6.03591363e-02 
 2.13400000e-08 -6.10385417e-02 
 2.13600000e-08 -6.17082916e-02 
 2.13800000e-08 -6.23682811e-02 
 2.14000000e-08 -6.30184070e-02 
 2.14200000e-08 -6.36585673e-02 
 2.14400000e-08 -6.42886621e-02 
 2.14600000e-08 -6.49085926e-02 
 2.14800000e-08 -6.55182621e-02 
 2.15000000e-08 -6.61175751e-02 
 2.15200000e-08 -6.67064380e-02 
 2.15400000e-08 -6.72847589e-02 
 2.15600000e-08 -6.78524473e-02 
 2.15800000e-08 -6.84094148e-02 
 2.16000000e-08 -6.89555744e-02 
 2.16200000e-08 -6.94908409e-02 
 2.16400000e-08 -7.00151308e-02 
 2.16600000e-08 -7.05283623e-02 
 2.16800000e-08 -7.10304555e-02 
 2.17000000e-08 -7.15213321e-02 
 2.17200000e-08 -7.20009157e-02 
 2.17400000e-08 -7.24691316e-02 
 2.17600000e-08 -7.29259069e-02 
 2.17800000e-08 -7.33711706e-02 
 2.18000000e-08 -7.38048533e-02 
 2.18200000e-08 -7.42268876e-02 
 2.18400000e-08 -7.46372078e-02 
 2.18600000e-08 -7.50357503e-02 
 2.18800000e-08 -7.54224530e-02 
 2.19000000e-08 -7.57972559e-02 
 2.19200000e-08 -7.61601008e-02 
 2.19400000e-08 -7.65109313e-02 
 2.19600000e-08 -7.68496929e-02 
 2.19800000e-08 -7.71763332e-02 
 2.20000000e-08 -7.74908014e-02 
 2.20200000e-08 -7.77930487e-02 
 2.20400000e-08 -7.80830282e-02 
 2.20600000e-08 -7.83606951e-02 
 2.20800000e-08 -7.86260062e-02 
 2.21000000e-08 -7.88789205e-02 
 2.21200000e-08 -7.91193987e-02 
 2.21400000e-08 -7.93474037e-02 
 2.21600000e-08 -7.95629000e-02 
 2.21800000e-08 -7.97658544e-02 
 2.22000000e-08 -7.99562354e-02 
 2.22200000e-08 -8.01340136e-02 
 2.22400000e-08 -8.02991615e-02 
 2.22600000e-08 -8.04516534e-02 
 2.22800000e-08 -8.05914659e-02 
 2.23000000e-08 -8.07185774e-02 
 2.23200000e-08 -8.08329681e-02 
 2.23400000e-08 -8.09346204e-02 
 2.23600000e-08 -8.10235186e-02 
 2.23800000e-08 -8.10996491e-02 
 2.24000000e-08 -8.11629999e-02 
 2.24200000e-08 -8.12135615e-02 
 2.24400000e-08 -8.12513260e-02 
 2.24600000e-08 -8.12762876e-02 
 2.24800000e-08 -8.12884425e-02 
 2.25000000e-08 -8.12877888e-02 
 2.25200000e-08 -8.12743267e-02 
 2.25400000e-08 -8.12480584e-02 
 2.25600000e-08 -8.12089879e-02 
 2.25800000e-08 -8.11571214e-02 
 2.26000000e-08 -8.10924669e-02 
 2.26200000e-08 -8.10150345e-02 
 2.26400000e-08 -8.09248361e-02 
 2.26600000e-08 -8.08218859e-02 
 2.26800000e-08 -8.07061998e-02 
 2.27000000e-08 -8.05777958e-02 
 2.27200000e-08 -8.04366937e-02 
 2.27400000e-08 -8.02829156e-02 
 2.27600000e-08 -8.01164852e-02 
 2.27800000e-08 -7.99374284e-02 
 2.28000000e-08 -7.97457730e-02 
 2.28200000e-08 -7.95415487e-02 
 2.28400000e-08 -7.93247871e-02 
 2.28600000e-08 -7.90955220e-02 
 2.28800000e-08 -7.88537889e-02 
 2.29000000e-08 -7.85996254e-02 
 2.29200000e-08 -7.83330708e-02 
 2.29400000e-08 -7.80541665e-02 
 2.29600000e-08 -7.77629559e-02 
 2.29800000e-08 -7.74594841e-02 
 2.30000000e-08 -7.71437983e-02 
 2.30200000e-08 -7.68159474e-02 
 2.30400000e-08 -7.64759825e-02 
 2.30600000e-08 -7.61239564e-02 
 2.30800000e-08 -7.57599236e-02 
 2.31000000e-08 -7.53839408e-02 
 2.31200000e-08 -7.49960665e-02 
 2.31400000e-08 -7.45963609e-02 
 2.31600000e-08 -7.41848862e-02 
 2.31800000e-08 -7.37617063e-02 
 2.32000000e-08 -7.33268871e-02 
 2.32200000e-08 -7.28804963e-02 
 2.32400000e-08 -7.24226033e-02 
 2.32600000e-08 -7.19532795e-02 
 2.32800000e-08 -7.14725978e-02 
 2.33000000e-08 -7.09806331e-02 
 2.33200000e-08 -7.04774621e-02 
 2.33400000e-08 -6.99631632e-02 
 2.33600000e-08 -6.94378165e-02 
 2.33800000e-08 -6.89015040e-02 
 2.34000000e-08 -6.83543093e-02 
 2.34200000e-08 -6.77963177e-02 
 2.34400000e-08 -6.72276163e-02 
 2.34600000e-08 -6.66482939e-02 
 2.34800000e-08 -6.60584410e-02 
 2.35000000e-08 -6.54581495e-02 
 2.35200000e-08 -6.48475134e-02 
 2.35400000e-08 -6.42266281e-02 
 2.35600000e-08 -6.35955905e-02 
 2.35800000e-08 -6.29544994e-02 
 2.36000000e-08 -6.23034550e-02 
 2.36200000e-08 -6.16425593e-02 
 2.36400000e-08 -6.09719156e-02 
 2.36600000e-08 -6.02916290e-02 
 2.36800000e-08 -5.96018059e-02 
 2.37000000e-08 -5.89025545e-02 
 2.37200000e-08 -5.81939843e-02 
 2.37400000e-08 -5.74762065e-02 
 2.37600000e-08 -5.67493335e-02 
 2.37800000e-08 -5.60134794e-02 
 2.38000000e-08 -5.52687597e-02 
 2.38200000e-08 -5.45152912e-02 
 2.38400000e-08 -5.37531923e-02 
 2.38600000e-08 -5.29825826e-02 
 2.38800000e-08 -5.22035833e-02 
 2.39000000e-08 -5.14163167e-02 
 2.39200000e-08 -5.06209067e-02 
 2.39400000e-08 -4.98174783e-02 
 2.39600000e-08 -4.90061580e-02 
 2.39800000e-08 -4.81870733e-02 
 2.40000000e-08 -4.73603534e-02 
 2.40200000e-08 -4.65261282e-02 
 2.40400000e-08 -4.56845293e-02 
 2.40600000e-08 -4.48356892e-02 
 2.40800000e-08 -4.39797418e-02 
 2.41000000e-08 -4.31168220e-02 
 2.41200000e-08 -4.22470658e-02 
 2.41400000e-08 -4.13706105e-02 
 2.41600000e-08 -4.04875944e-02 
 2.41800000e-08 -3.95981569e-02 
 2.42000000e-08 -3.87024384e-02 
 2.42200000e-08 -3.78005803e-02 
 2.42400000e-08 -3.68927252e-02 
 2.42600000e-08 -3.59790166e-02 
 2.42800000e-08 -3.50595988e-02 
 2.43000000e-08 -3.41346171e-02 
 2.43200000e-08 -3.32042180e-02 
 2.43400000e-08 -3.22685486e-02 
 2.43600000e-08 -3.13277569e-02 
 2.43800000e-08 -3.03819918e-02 
 2.44000000e-08 -2.94314030e-02 
 2.44200000e-08 -2.84761411e-02 
 2.44400000e-08 -2.75163574e-02 
 2.44600000e-08 -2.65522039e-02 
 2.44800000e-08 -2.55838333e-02 
 2.45000000e-08 -2.46113992e-02 
 2.45200000e-08 -2.36350556e-02 
 2.45400000e-08 -2.26549574e-02 
 2.45600000e-08 -2.16712600e-02 
 2.45800000e-08 -2.06841194e-02 
 2.46000000e-08 -1.96936921e-02 
 2.46200000e-08 -1.87001354e-02 
 2.46400000e-08 -1.77036069e-02 
 2.46600000e-08 -1.67042647e-02 
 2.46800000e-08 -1.57022675e-02 
 2.47000000e-08 -1.46977744e-02 
 2.47200000e-08 -1.36909447e-02 
 2.47400000e-08 -1.26819385e-02 
 2.47600000e-08 -1.16709159e-02 
 2.47800000e-08 -1.06580376e-02 
 2.48000000e-08 -9.64346431e-03 
 2.48200000e-08 -8.62735736e-03 
 2.48400000e-08 -7.60987813e-03 
 2.48600000e-08 -6.59118830e-03 
 2.48800000e-08 -5.57144972e-03 
 2.49000000e-08 -4.55082444e-03 
 2.49200000e-08 -3.52947466e-03 
 2.49400000e-08 -2.50756270e-03 
 2.49600000e-08 -1.48525096e-03 
 2.49800000e-08 -4.62701937e-04 
 2.50000000e-08  5.59921859e-04 
 2.50200000e-08  1.58245789e-03 
 2.50400000e-08  2.60474362e-03 
 2.50600000e-08  3.62661658e-03 
 2.50800000e-08  4.64791435e-03 
 2.51000000e-08  5.66847460e-03 
 2.51200000e-08  6.68813514e-03 
 2.51400000e-08  7.70673391e-03 
 2.51600000e-08  8.72410904e-03 
 2.51800000e-08  9.74009886e-03 
 2.52000000e-08  1.07545419e-02 
 2.52200000e-08  1.17672770e-02 
 2.52400000e-08  1.27781433e-02 
 2.52600000e-08  1.37869801e-02 
 2.52800000e-08  1.47936272e-02 
 2.53000000e-08  1.57979247e-02 
 2.53200000e-08  1.67997132e-02 
 2.53400000e-08  1.77988334e-02 
 2.53600000e-08  1.87951268e-02 
 2.53800000e-08  1.97884353e-02 
 2.54000000e-08  2.07786010e-02 
 2.54200000e-08  2.17654670e-02 
 2.54400000e-08  2.27488765e-02 
 2.54600000e-08  2.37286735e-02 
 2.54800000e-08  2.47047026e-02 
 2.55000000e-08  2.56768090e-02 
 2.55200000e-08  2.66448385e-02 
 2.55400000e-08  2.76086377e-02 
 2.55600000e-08  2.85680537e-02 
 2.55800000e-08  2.95229345e-02 
 2.56000000e-08  3.04731287e-02 
 2.56200000e-08  3.14184859e-02 
 2.56400000e-08  3.23588564e-02 
 2.56600000e-08  3.32940911e-02 
 2.56800000e-08  3.42240421e-02 
 2.57000000e-08  3.51485621e-02 
 2.57200000e-08  3.60675048e-02 
 2.57400000e-08  3.69807250e-02 
 2.57600000e-08  3.78880780e-02 
 2.57800000e-08  3.87894205e-02 
 2.58000000e-08  3.96846100e-02 
 2.58200000e-08  4.05735051e-02 
 2.58400000e-08  4.14559652e-02 
 2.58600000e-08  4.23318509e-02 
 2.58800000e-08  4.32010241e-02 
 2.59000000e-08  4.40633475e-02 
 2.59200000e-08  4.49186849e-02 
 2.59400000e-08  4.57669015e-02 
 2.59600000e-08  4.66078635e-02 
 2.59800000e-08  4.74414383e-02 
 2.60000000e-08  4.82674945e-02 
 2.60200000e-08  4.90859020e-02 
 2.60400000e-08  4.98965318e-02 
 2.60600000e-08  5.06992563e-02 
 2.60800000e-08  5.14939491e-02 
 2.61000000e-08  5.22804851e-02 
 2.61200000e-08  5.30587407e-02 
 2.61400000e-08  5.38285934e-02 
 2.61600000e-08  5.45899222e-02 
 2.61800000e-08  5.53426075e-02 
 2.62000000e-08  5.60865309e-02 
 2.62200000e-08  5.68215758e-02 
 2.62400000e-08  5.75476266e-02 
 2.62600000e-08  5.82645694e-02 
 2.62800000e-08  5.89722917e-02 
 2.63000000e-08  5.96706825e-02 
 2.63200000e-08  6.03596323e-02 
 2.63400000e-08  6.10390332e-02 
 2.63600000e-08  6.17087787e-02 
 2.63800000e-08  6.23687638e-02 
 2.64000000e-08  6.30188853e-02 
 2.64200000e-08  6.36590413e-02 
 2.64400000e-08  6.42891318e-02 
 2.64600000e-08  6.49090581e-02 
 2.64800000e-08  6.55187233e-02 
 2.65000000e-08  6.61180321e-02 
 2.65200000e-08  6.67068909e-02 
 2.65400000e-08  6.72852077e-02 
 2.65600000e-08  6.78528921e-02 
 2.65800000e-08  6.84098555e-02 
 2.66000000e-08  6.89560111e-02 
 2.66200000e-08  6.94912737e-02 
 2.66400000e-08  7.00155596e-02 
 2.66600000e-08  7.05287872e-02 
 2.66800000e-08  7.10308766e-02 
 2.67000000e-08  7.15217494e-02 
 2.67200000e-08  7.20013292e-02 
 2.67400000e-08  7.24695414e-02 
 2.67600000e-08  7.29263130e-02 
 2.67800000e-08  7.33715730e-02 
 2.68000000e-08  7.38052520e-02 
 2.68200000e-08  7.42272827e-02 
 2.68400000e-08  7.46375994e-02 
 2.68600000e-08  7.50361383e-02 
 2.68800000e-08  7.54228375e-02 
 2.69000000e-08  7.57976369e-02 
 2.69200000e-08  7.61604784e-02 
 2.69400000e-08  7.65113055e-02 
 2.69600000e-08  7.68500637e-02 
 2.69800000e-08  7.71767006e-02 
 2.70000000e-08  7.74911655e-02 
 2.70200000e-08  7.77934095e-02 
 2.70400000e-08  7.80833858e-02 
 2.70600000e-08  7.83610494e-02 
 2.70800000e-08  7.86263574e-02 
 2.71000000e-08  7.88792685e-02 
 2.71200000e-08  7.91197436e-02 
 2.71400000e-08  7.93477454e-02 
 2.71600000e-08  7.95632386e-02 
 2.71800000e-08  7.97661900e-02 
 2.72000000e-08  7.99565680e-02 
 2.72200000e-08  8.01343432e-02 
 2.72400000e-08  8.02994880e-02 
 2.72600000e-08  8.04519770e-02 
 2.72800000e-08  8.05917866e-02 
 2.73000000e-08  8.07188951e-02 
 2.73200000e-08  8.08332830e-02 
 2.73400000e-08  8.09349325e-02 
 2.73600000e-08  8.10238279e-02 
 2.73800000e-08  8.10999555e-02 
 2.74000000e-08  8.11633036e-02 
 2.74200000e-08  8.12138625e-02 
 2.74400000e-08  8.12516242e-02 
 2.74600000e-08  8.12765831e-02 
 2.74800000e-08  8.12887354e-02 
 2.75000000e-08  8.12880791e-02 
 2.75200000e-08  8.12746144e-02 
 2.75400000e-08  8.12483435e-02 
 2.75600000e-08  8.12092704e-02 
 2.75800000e-08  8.11574013e-02 
 2.76000000e-08  8.10927443e-02 
 2.76200000e-08  8.10153094e-02 
 2.76400000e-08  8.09251085e-02 
 2.76600000e-08  8.08221559e-02 
 2.76800000e-08  8.07064673e-02 
 2.77000000e-08  8.05780609e-02 
 2.77200000e-08  8.04369565e-02 
 2.77400000e-08  8.02831760e-02 
 2.77600000e-08  8.01167432e-02 
 2.77800000e-08  7.99376841e-02 
 2.78000000e-08  7.97460264e-02 
 2.78200000e-08  7.95417998e-02 
 2.78400000e-08  7.93250360e-02 
 2.78600000e-08  7.90957686e-02 
 2.78800000e-08  7.88540333e-02 
 2.79000000e-08  7.85998676e-02 
 2.79200000e-08  7.83333108e-02 
 2.79400000e-08  7.80544043e-02 
 2.79600000e-08  7.77631916e-02 
 2.79800000e-08  7.74597177e-02 
 2.80000000e-08  7.71440297e-02 
 2.80200000e-08  7.68161768e-02 
 2.80400000e-08  7.64762099e-02 
 2.80600000e-08  7.61241816e-02 
 2.80800000e-08  7.57601469e-02 
 2.81000000e-08  7.53841621e-02 
 2.81200000e-08  7.49962858e-02 
 2.81400000e-08  7.45965782e-02 
 2.81600000e-08  7.41851015e-02 
 2.81800000e-08  7.37619197e-02 
 2.82000000e-08  7.33270986e-02 
 2.82200000e-08  7.28807059e-02 
 2.82400000e-08  7.24228110e-02 
 2.82600000e-08  7.19534853e-02 
 2.82800000e-08  7.14728017e-02 
 2.83000000e-08  7.09808352e-02 
 2.83200000e-08  7.04776624e-02 
 2.83400000e-08  6.99633617e-02 
 2.83600000e-08  6.94380133e-02 
 2.83800000e-08  6.89016990e-02 
 2.84000000e-08  6.83545025e-02 
 2.84200000e-08  6.77965092e-02 
 2.84400000e-08  6.72278061e-02 
 2.84600000e-08  6.66484820e-02 
 2.84800000e-08  6.60586273e-02 
 2.85000000e-08  6.54583342e-02 
 2.85200000e-08  6.48476964e-02 
 2.85400000e-08  6.42268094e-02 
 2.85600000e-08  6.35957702e-02 
 2.85800000e-08  6.29546775e-02 
 2.86000000e-08  6.23036316e-02 
 2.86200000e-08  6.16427342e-02 
 2.86400000e-08  6.09720890e-02 
 2.86600000e-08  6.02918008e-02 
 2.86800000e-08  5.96019762e-02 
 2.87000000e-08  5.89027232e-02 
 2.87200000e-08  5.81941516e-02 
 2.87400000e-08  5.74763722e-02 
 2.87600000e-08  5.67494977e-02 
 2.87800000e-08  5.60136421e-02 
 2.88000000e-08  5.52689209e-02 
 2.88200000e-08  5.45154510e-02 
 2.88400000e-08  5.37533506e-02 
 2.88600000e-08  5.29827396e-02 
 2.88800000e-08  5.22037388e-02 
 2.89000000e-08  5.14164709e-02 
 2.89200000e-08  5.06210595e-02 
 2.89400000e-08  4.98176297e-02 
 2.89600000e-08  4.90063080e-02 
 2.89800000e-08  4.81872220e-02 
 2.90000000e-08  4.73605007e-02 
 2.90200000e-08  4.65262742e-02 
 2.90400000e-08  4.56846740e-02 
 2.90600000e-08  4.48358326e-02 
 2.90800000e-08  4.39798839e-02 
 2.91000000e-08  4.31169628e-02 
 2.91200000e-08  4.22472054e-02 
 2.91400000e-08  4.13707488e-02 
 2.91600000e-08  4.04877315e-02 
 2.91800000e-08  3.95982927e-02 
 2.92000000e-08  3.87025730e-02 
 2.92200000e-08  3.78007137e-02 
 2.92400000e-08  3.68928574e-02 
 2.92600000e-08  3.59791476e-02 
 2.92800000e-08  3.50597286e-02 
 2.93000000e-08  3.41347458e-02 
 2.93200000e-08  3.32043455e-02 
 2.93400000e-08  3.22686749e-02 
 2.93600000e-08  3.13278821e-02 
 2.93800000e-08  3.03821159e-02 
 2.94000000e-08  2.94315260e-02 
 2.94200000e-08  2.84762630e-02 
 2.94400000e-08  2.75164782e-02 
 2.94600000e-08  2.65523236e-02 
 2.94800000e-08  2.55839519e-02 
 2.95000000e-08  2.46115167e-02 
 2.95200000e-08  2.36351721e-02 
 2.95400000e-08  2.26550728e-02 
 2.95600000e-08  2.16713744e-02 
 2.95800000e-08  2.06842327e-02 
 2.96000000e-08  1.96938045e-02 
 2.96200000e-08  1.87002467e-02 
 2.96400000e-08  1.77037172e-02 
 2.96600000e-08  1.67043741e-02 
 2.96800000e-08  1.57023759e-02 
 2.97000000e-08  1.46978817e-02 
 2.97200000e-08  1.36910511e-02 
 2.97400000e-08  1.26820439e-02 
 2.97600000e-08  1.16710204e-02 
 2.97800000e-08  1.06581411e-02 
 2.98000000e-08  9.64356691e-03 
 2.98200000e-08  8.62745903e-03 
 2.98400000e-08  7.60997888e-03 
 2.98600000e-08  6.59128814e-03 
 2.98800000e-08  5.57154866e-03 
 2.99000000e-08  4.55092249e-03 
 2.99200000e-08  3.52957182e-03 
 2.99400000e-08  2.50765898e-03 
 2.99600000e-08  1.48534638e-03 
 2.99800000e-08  4.62796489e-04 
 3.00000000e-08 -5.59828161e-04 
 3.00200000e-08 -1.58236504e-03 
 3.00400000e-08 -2.60465161e-03 
 3.00600000e-08 -3.62652540e-03 
 3.00800000e-08 -4.64782399e-03 
 3.01000000e-08 -5.66838506e-03 
 3.01200000e-08 -6.68804641e-03 
 3.01400000e-08 -7.70664599e-03 
 3.01600000e-08 -8.72402191e-03 
 3.01800000e-08 -9.74001251e-03 
 3.02000000e-08 -1.07544563e-02 
 3.02200000e-08 -1.17671922e-02 
 3.02400000e-08 -1.27780593e-02 
 3.02600000e-08 -1.37868968e-02 
 3.02800000e-08 -1.47935447e-02 
 3.03000000e-08 -1.57978430e-02 
 3.03200000e-08 -1.67996321e-02 
 3.03400000e-08 -1.77987531e-02 
 3.03600000e-08 -1.87950473e-02 
 3.03800000e-08 -1.97883564e-02 
 3.04000000e-08 -2.07785229e-02 
 3.04200000e-08 -2.17653895e-02 
 3.04400000e-08 -2.27487997e-02 
 3.04600000e-08 -2.37285975e-02 
 3.04800000e-08 -2.47046273e-02 
 3.05000000e-08 -2.56767343e-02 
 3.05200000e-08 -2.66447645e-02 
 3.05400000e-08 -2.76085643e-02 
 3.05600000e-08 -2.85679810e-02 
 3.05800000e-08 -2.95228625e-02 
 3.06000000e-08 -3.04730574e-02 
 3.06200000e-08 -3.14184152e-02 
 3.06400000e-08 -3.23587863e-02 
 3.06600000e-08 -3.32940217e-02 
 3.06800000e-08 -3.42239733e-02 
 3.07000000e-08 -3.51484939e-02 
 3.07200000e-08 -3.60674373e-02 
 3.07400000e-08 -3.69806580e-02 
 3.07600000e-08 -3.78880117e-02 
 3.07800000e-08 -3.87893548e-02 
 3.08000000e-08 -3.96845449e-02 
 3.08200000e-08 -4.05734405e-02 
 3.08400000e-08 -4.14559012e-02 
 3.08600000e-08 -4.23317876e-02 
 3.08800000e-08 -4.32009613e-02 
 3.09000000e-08 -4.40632852e-02 
 3.09200000e-08 -4.49186232e-02 
 3.09400000e-08 -4.57668404e-02 
 3.09600000e-08 -4.66078030e-02 
 3.09800000e-08 -4.74413783e-02 
 3.10000000e-08 -4.82674351e-02 
 3.10200000e-08 -4.90858431e-02 
 3.10400000e-08 -4.98964734e-02 
 3.10600000e-08 -5.06991984e-02 
 3.10800000e-08 -5.14938917e-02 
 3.11000000e-08 -5.22804283e-02 
 3.11200000e-08 -5.30586844e-02 
 3.11400000e-08 -5.38285376e-02 
 3.11600000e-08 -5.45898669e-02 
 3.11800000e-08 -5.53425527e-02 
 3.12000000e-08 -5.60864766e-02 
 3.12200000e-08 -5.68215220e-02 
 3.12400000e-08 -5.75475732e-02 
 3.12600000e-08 -5.82645165e-02 
 3.12800000e-08 -5.89722393e-02 
 3.13000000e-08 -5.96706306e-02 
 3.13200000e-08 -6.03595809e-02 
 3.13400000e-08 -6.10389823e-02 
 3.13600000e-08 -6.17087282e-02 
 3.13800000e-08 -6.23687138e-02 
 3.14000000e-08 -6.30188357e-02 
 3.14200000e-08 -6.36589922e-02 
 3.14400000e-08 -6.42890831e-02 
 3.14600000e-08 -6.49090098e-02 
 3.14800000e-08 -6.55186755e-02 
 3.15000000e-08 -6.61179847e-02 
 3.15200000e-08 -6.67068439e-02 
 3.15400000e-08 -6.72851611e-02 
 3.15600000e-08 -6.78528460e-02 
 3.15800000e-08 -6.84098099e-02 
 3.16000000e-08 -6.89559659e-02 
 3.16200000e-08 -6.94912288e-02 
 3.16400000e-08 -7.00155152e-02 
 3.16600000e-08 -7.05287432e-02 
 3.16800000e-08 -7.10308330e-02 
 3.17000000e-08 -7.15217062e-02 
 3.17200000e-08 -7.20012864e-02 
 3.17400000e-08 -7.24694989e-02 
 3.17600000e-08 -7.29262709e-02 
 3.17800000e-08 -7.33715313e-02 
 3.18000000e-08 -7.38052107e-02 
 3.18200000e-08 -7.42272417e-02 
 3.18400000e-08 -7.46375588e-02 
 3.18600000e-08 -7.50360981e-02 
 3.18800000e-08 -7.54227977e-02 
 3.19000000e-08 -7.57975974e-02 
 3.19200000e-08 -7.61604392e-02 
 3.19400000e-08 -7.65112667e-02 
 3.19600000e-08 -7.68500253e-02 
 3.19800000e-08 -7.71766626e-02 
 3.20000000e-08 -7.74911278e-02 
 3.20200000e-08 -7.77933721e-02 
 3.20400000e-08 -7.80833487e-02 
 3.20600000e-08 -7.83610127e-02 
 3.20800000e-08 -7.86263210e-02 
 3.21000000e-08 -7.88792324e-02 
 3.21200000e-08 -7.91197078e-02 
 3.21400000e-08 -7.93477100e-02 
 3.21600000e-08 -7.95632036e-02 
 3.21800000e-08 -7.97661552e-02 
 3.22000000e-08 -7.99565335e-02 
 3.22200000e-08 -8.01343090e-02 
 3.22400000e-08 -8.02994542e-02 
 3.22600000e-08 -8.04519435e-02 
 3.22800000e-08 -8.05917534e-02 
 3.23000000e-08 -8.07188622e-02 
 3.23200000e-08 -8.08332503e-02 
 3.23400000e-08 -8.09349001e-02 
 3.23600000e-08 -8.10237958e-02 
 3.23800000e-08 -8.10999238e-02 
 3.24000000e-08 -8.11632722e-02 
 3.24200000e-08 -8.12138313e-02 
 3.24400000e-08 -8.12515933e-02 
 3.24600000e-08 -8.12765525e-02 
 3.24800000e-08 -8.12887050e-02 
 3.25000000e-08 -8.12880490e-02 
 3.25200000e-08 -8.12745846e-02 
 3.25400000e-08 -8.12483139e-02 
 3.25600000e-08 -8.12092411e-02 
 3.25800000e-08 -8.11573723e-02 
 3.26000000e-08 -8.10927155e-02 
 3.26200000e-08 -8.10152809e-02 
 3.26400000e-08 -8.09250803e-02 
 3.26600000e-08 -8.08221279e-02 
 3.26800000e-08 -8.07064396e-02 
 3.27000000e-08 -8.05780334e-02 
 3.27200000e-08 -8.04369292e-02 
 3.27400000e-08 -8.02831490e-02 
 3.27600000e-08 -8.01167165e-02 
 3.27800000e-08 -7.99376576e-02 
 3.28000000e-08 -7.97460001e-02 
 3.28200000e-08 -7.95417738e-02 
 3.28400000e-08 -7.93250102e-02 
 3.28600000e-08 -7.90957431e-02 
 3.28800000e-08 -7.88540080e-02 
 3.29000000e-08 -7.85998425e-02 
 3.29200000e-08 -7.83332859e-02 
 3.29400000e-08 -7.80543797e-02 
 3.29600000e-08 -7.77631671e-02 
 3.29800000e-08 -7.74596934e-02 
 3.30000000e-08 -7.71440058e-02 
 3.30200000e-08 -7.68161531e-02 
 3.30400000e-08 -7.64761863e-02 
 3.30600000e-08 -7.61241583e-02 
 3.30800000e-08 -7.57601237e-02 
 3.31000000e-08 -7.53841392e-02 
 3.31200000e-08 -7.49962630e-02 
 3.31400000e-08 -7.45965557e-02 
 3.31600000e-08 -7.41850792e-02 
 3.31800000e-08 -7.37618976e-02 
 3.32000000e-08 -7.33270767e-02 
 3.32200000e-08 -7.28806842e-02 
 3.32400000e-08 -7.24227895e-02 
 3.32600000e-08 -7.19534640e-02 
 3.32800000e-08 -7.14727806e-02 
 3.33000000e-08 -7.09808143e-02 
 3.33200000e-08 -7.04776417e-02 
 3.33400000e-08 -6.99633412e-02 
 3.33600000e-08 -6.94379929e-02 
 3.33800000e-08 -6.89016788e-02 
 3.34000000e-08 -6.83544825e-02 
 3.34200000e-08 -6.77964893e-02 
 3.34400000e-08 -6.72277864e-02 
 3.34600000e-08 -6.66484625e-02 
 3.34800000e-08 -6.60586080e-02 
 3.35000000e-08 -6.54583151e-02 
 3.35200000e-08 -6.48476775e-02 
 3.35400000e-08 -6.42267906e-02 
 3.35600000e-08 -6.35957516e-02 
 3.35800000e-08 -6.29546591e-02 
 3.36000000e-08 -6.23036133e-02 
 3.36200000e-08 -6.16427161e-02 
 3.36400000e-08 -6.09720710e-02 
 3.36600000e-08 -6.02917830e-02 
 3.36800000e-08 -5.96019585e-02 
 3.37000000e-08 -5.89027058e-02 
 3.37200000e-08 -5.81941342e-02 
 3.37400000e-08 -5.74763550e-02 
 3.37600000e-08 -5.67494807e-02 
 3.37800000e-08 -5.60136253e-02 
 3.38000000e-08 -5.52689042e-02 
 3.38200000e-08 -5.45154344e-02 
 3.38400000e-08 -5.37533342e-02 
 3.38600000e-08 -5.29827233e-02 
 3.38800000e-08 -5.22037227e-02 
 3.39000000e-08 -5.14164549e-02 
 3.39200000e-08 -5.06210436e-02 
 3.39400000e-08 -4.98176140e-02 
 3.39600000e-08 -4.90062924e-02 
 3.39800000e-08 -4.81872066e-02 
 3.40000000e-08 -4.73604854e-02 
 3.40200000e-08 -4.65262591e-02 
 3.40400000e-08 -4.56846590e-02 
 3.40600000e-08 -4.48358178e-02 
 3.40800000e-08 -4.39798692e-02 
 3.41000000e-08 -4.31169482e-02 
 3.41200000e-08 -4.22471909e-02 
 3.41400000e-08 -4.13707345e-02 
 3.41600000e-08 -4.04877173e-02 
 3.41800000e-08 -3.95982786e-02 
 3.42000000e-08 -3.87025590e-02 
 3.42200000e-08 -3.78006999e-02 
 3.42400000e-08 -3.68928437e-02 
 3.42600000e-08 -3.59791340e-02 
 3.42800000e-08 -3.50597151e-02 
 3.43000000e-08 -3.41347325e-02 
 3.43200000e-08 -3.32043323e-02 
 3.43400000e-08 -3.22686618e-02 
 3.43600000e-08 -3.13278691e-02 
 3.43800000e-08 -3.03821030e-02 
 3.44000000e-08 -2.94315133e-02 
 3.44200000e-08 -2.84762504e-02 
 3.44400000e-08 -2.75164657e-02 
 3.44600000e-08 -2.65523111e-02 
 3.44800000e-08 -2.55839396e-02 
 3.45000000e-08 -2.46115045e-02 
 3.45200000e-08 -2.36351600e-02 
 3.45400000e-08 -2.26550609e-02 
 3.45600000e-08 -2.16713625e-02 
 3.45800000e-08 -2.06842210e-02 
 3.46000000e-08 -1.96937928e-02 
 3.46200000e-08 -1.87002352e-02 
 3.46400000e-08 -1.77037058e-02 
 3.46600000e-08 -1.67043627e-02 
 3.46800000e-08 -1.57023646e-02 
 3.47000000e-08 -1.46978706e-02 
 3.47200000e-08 -1.36910401e-02 
 3.47400000e-08 -1.26820330e-02 
 3.47600000e-08 -1.16710096e-02 
 3.47800000e-08 -1.06581304e-02 
 3.48000000e-08 -9.64355627e-03 
 3.48200000e-08 -8.62744849e-03 
 3.48400000e-08 -7.60996844e-03 
 3.48600000e-08 -6.59127779e-03 
 3.48800000e-08 -5.57153840e-03 
 3.49000000e-08 -4.55091233e-03 
 3.49200000e-08 -3.52956175e-03 
 3.49400000e-08 -2.50764900e-03 
 3.49600000e-08 -1.48533649e-03 
 3.49800000e-08 -4.62786689e-04 
 3.50000000e-08  5.59837872e-04 
 3.50200000e-08  1.58237466e-03 
 3.50400000e-08  2.60466115e-03 
 3.50600000e-08  3.62653485e-03 
 3.50800000e-08  4.64783336e-03 
 3.51000000e-08  5.66839434e-03 
 3.51200000e-08  6.68805561e-03 
 3.51400000e-08  7.70665510e-03 
 3.51600000e-08  8.72403094e-03 
 3.51800000e-08  9.74002146e-03 
 3.52000000e-08  1.07544652e-02 
 3.52200000e-08  1.17672010e-02 
 3.52400000e-08  1.27780680e-02 
 3.52600000e-08  1.37869055e-02 
 3.52800000e-08  1.47935533e-02 
 3.53000000e-08  1.57978514e-02 
 3.53200000e-08  1.67996405e-02 
 3.53400000e-08  1.77987614e-02 
 3.53600000e-08  1.87950555e-02 
 3.53800000e-08  1.97883646e-02 
 3.54000000e-08  2.07785310e-02 
 3.54200000e-08  2.17653976e-02 
 3.54400000e-08  2.27488077e-02 
 3.54600000e-08  2.37286053e-02 
 3.54800000e-08  2.47046351e-02 
 3.55000000e-08  2.56767421e-02 
 3.55200000e-08  2.66447722e-02 
 3.55400000e-08  2.76085719e-02 
 3.55600000e-08  2.85679885e-02 
 3.55800000e-08  2.95228699e-02 
 3.56000000e-08  3.04730648e-02 
 3.56200000e-08  3.14184226e-02 
 3.56400000e-08  3.23587936e-02 
 3.56600000e-08  3.32940289e-02 
 3.56800000e-08  3.42239804e-02 
 3.57000000e-08  3.51485010e-02 
 3.57200000e-08  3.60674443e-02 
 3.57400000e-08  3.69806650e-02 
 3.57600000e-08  3.78880186e-02 
 3.57800000e-08  3.87893616e-02 
 3.58000000e-08  3.96845517e-02 
 3.58200000e-08  4.05734472e-02 
 3.58400000e-08  4.14559078e-02 
 3.58600000e-08  4.23317941e-02 
 3.58800000e-08  4.32009678e-02 
 3.59000000e-08  4.40632917e-02 
 3.59200000e-08  4.49186296e-02 
 3.59400000e-08  4.57668468e-02 
 3.59600000e-08  4.66078093e-02 
 3.59800000e-08  4.74413845e-02 
 3.60000000e-08  4.82674412e-02 
 3.60200000e-08  4.90858492e-02 
 3.60400000e-08  4.98964794e-02 
 3.60600000e-08  5.06992044e-02 
 3.60800000e-08  5.14938977e-02 
 3.61000000e-08  5.22804342e-02 
 3.61200000e-08  5.30586902e-02 
 3.61400000e-08  5.38285434e-02 
 3.61600000e-08  5.45898726e-02 
 3.61800000e-08  5.53425584e-02 
 3.62000000e-08  5.60864823e-02 
 3.62200000e-08  5.68215275e-02 
 3.62400000e-08  5.75475788e-02 
 3.62600000e-08  5.82645220e-02 
 3.62800000e-08  5.89722447e-02 
 3.63000000e-08  5.96706360e-02 
 3.63200000e-08  6.03595863e-02 
 3.63400000e-08  6.10389876e-02 
 3.63600000e-08  6.17087334e-02 
 3.63800000e-08  6.23687190e-02 
 3.64000000e-08  6.30188408e-02 
 3.64200000e-08  6.36589973e-02 
 3.64400000e-08  6.42890881e-02 
 3.64600000e-08  6.49090148e-02 
 3.64800000e-08  6.55186804e-02 
 3.65000000e-08  6.61179896e-02 
 3.65200000e-08  6.67068488e-02 
 3.65400000e-08  6.72851660e-02 
 3.65600000e-08  6.78528508e-02 
 3.65800000e-08  6.84098146e-02 
 3.66000000e-08  6.89559706e-02 
 3.66200000e-08  6.94912334e-02 
 3.66400000e-08  7.00155198e-02 
 3.66600000e-08  7.05287478e-02 
 3.66800000e-08  7.10308375e-02 
 3.67000000e-08  7.15217106e-02 
 3.67200000e-08  7.20012908e-02 
 3.67400000e-08  7.24695033e-02 
 3.67600000e-08  7.29262753e-02 
 3.67800000e-08  7.33715356e-02 
 3.68000000e-08  7.38052150e-02 
 3.68200000e-08  7.42272460e-02 
 3.68400000e-08  7.46375630e-02 
 3.68600000e-08  7.50361023e-02 
 3.68800000e-08  7.54228018e-02 
 3.69000000e-08  7.57976015e-02 
 3.69200000e-08  7.61604433e-02 
 3.69400000e-08  7.65112707e-02 
 3.69600000e-08  7.68500293e-02 
 3.69800000e-08  7.71766665e-02 
 3.70000000e-08  7.74911317e-02 
 3.70200000e-08  7.77933760e-02 
 3.70400000e-08  7.80833526e-02 
 3.70600000e-08  7.83610165e-02 
 3.70800000e-08  7.86263247e-02 
 3.71000000e-08  7.88792361e-02 
 3.71200000e-08  7.91197115e-02 
 3.71400000e-08  7.93477136e-02 
 3.71600000e-08  7.95632072e-02 
 3.71800000e-08  7.97661588e-02 
 3.72000000e-08  7.99565371e-02 
 3.72200000e-08  8.01343125e-02 
 3.72400000e-08  8.02994577e-02 
 3.72600000e-08  8.04519470e-02 
 3.72800000e-08  8.05917568e-02 
 3.73000000e-08  8.07188656e-02 
 3.73200000e-08  8.08332537e-02 
 3.73400000e-08  8.09349035e-02 
 3.73600000e-08  8.10237992e-02 
 3.73800000e-08  8.10999271e-02 
 3.74000000e-08  8.11632754e-02 
 3.74200000e-08  8.12138345e-02 
 3.74400000e-08  8.12515965e-02 
 3.74600000e-08  8.12765557e-02 
 3.74800000e-08  8.12887082e-02 
 3.75000000e-08  8.12880521e-02 
 3.75200000e-08  8.12745877e-02 
 3.75400000e-08  8.12483170e-02 
 3.75600000e-08  8.12092442e-02 
 3.75800000e-08  8.11573753e-02 
 3.76000000e-08  8.10927185e-02 
 3.76200000e-08  8.10152838e-02 
 3.76400000e-08  8.09250832e-02 
 3.76600000e-08  8.08221308e-02 
 3.76800000e-08  8.07064425e-02 
 3.77000000e-08  8.05780363e-02 
 3.77200000e-08  8.04369321e-02 
 3.77400000e-08  8.02831518e-02 
 3.77600000e-08  8.01167193e-02 
 3.77800000e-08  7.99376604e-02 
 3.78000000e-08  7.97460028e-02 
 3.78200000e-08  7.95417765e-02 
 3.78400000e-08  7.93250129e-02 
 3.78600000e-08  7.90957457e-02 
 3.78800000e-08  7.88540106e-02 
 3.79000000e-08  7.85998451e-02 
 3.79200000e-08  7.83332885e-02 
 3.79400000e-08  7.80543822e-02 
 3.79600000e-08  7.77631697e-02 
 3.79800000e-08  7.74596960e-02 
 3.80000000e-08  7.71440082e-02 
 3.80200000e-08  7.68161555e-02 
 3.80400000e-08  7.64761888e-02 
 3.80600000e-08  7.61241607e-02 
 3.80800000e-08  7.57601261e-02 
 3.81000000e-08  7.53841415e-02 
 3.81200000e-08  7.49962654e-02 
 3.81400000e-08  7.45965580e-02 
 3.81600000e-08  7.41850815e-02 
 3.81800000e-08  7.37618999e-02 
 3.82000000e-08  7.33270790e-02 
 3.82200000e-08  7.28806864e-02 
 3.82400000e-08  7.24227917e-02 
 3.82600000e-08  7.19534662e-02 
 3.82800000e-08  7.14727828e-02 
 3.83000000e-08  7.09808165e-02 
 3.83200000e-08  7.04776438e-02 
 3.83400000e-08  6.99633433e-02 
 3.83600000e-08  6.94379950e-02 
 3.83800000e-08  6.89016809e-02 
 3.84000000e-08  6.83544846e-02 
 3.84200000e-08  6.77964914e-02 
 3.84400000e-08  6.72277885e-02 
 3.84600000e-08  6.66484645e-02 
 3.84800000e-08  6.60586100e-02 
 3.85000000e-08  6.54583171e-02 
 3.85200000e-08  6.48476794e-02 
 3.85400000e-08  6.42267926e-02 
 3.85600000e-08  6.35957535e-02 
 3.85800000e-08  6.29546610e-02 
 3.86000000e-08  6.23036152e-02 
 3.86200000e-08  6.16427180e-02 
 3.86400000e-08  6.09720729e-02 
 3.86600000e-08  6.02917848e-02 
 3.86800000e-08  5.96019604e-02 
 3.87000000e-08  5.89027076e-02 
 3.87200000e-08  5.81941360e-02 
 3.87400000e-08  5.74763568e-02 
 3.87600000e-08  5.67494825e-02 
 3.87800000e-08  5.60136270e-02 
 3.88000000e-08  5.52689060e-02 
 3.88200000e-08  5.45154362e-02 
 3.88400000e-08  5.37533359e-02 
 3.88600000e-08  5.29827250e-02 
 3.88800000e-08  5.22037244e-02 
 3.89000000e-08  5.14164565e-02 
 3.89200000e-08  5.06210453e-02 
 3.89400000e-08  4.98176156e-02 
 3.89600000e-08  4.90062941e-02 
 3.89800000e-08  4.81872082e-02 
 3.90000000e-08  4.73604870e-02 
 3.90200000e-08  4.65262607e-02 
 3.90400000e-08  4.56846606e-02 
 3.90600000e-08  4.48358193e-02 
 3.90800000e-08  4.39798707e-02 
 3.91000000e-08  4.31169497e-02 
 3.91200000e-08  4.22471924e-02 
 3.91400000e-08  4.13707360e-02 
 3.91600000e-08  4.04877187e-02 
 3.91800000e-08  3.95982801e-02 
 3.92000000e-08  3.87025605e-02 
 3.92200000e-08  3.78007013e-02 
 3.92400000e-08  3.68928452e-02 
 3.92600000e-08  3.59791354e-02 
 3.92800000e-08  3.50597165e-02 
 3.93000000e-08  3.41347338e-02 
 3.93200000e-08  3.32043337e-02 
 3.93400000e-08  3.22686632e-02 
 3.93600000e-08  3.13278705e-02 
 3.93800000e-08  3.03821043e-02 
 3.94000000e-08  2.94315146e-02 
 3.94200000e-08  2.84762517e-02 
 3.94400000e-08  2.75164670e-02 
 3.94600000e-08  2.65523124e-02 
 3.94800000e-08  2.55839409e-02 
 3.95000000e-08  2.46115058e-02 
 3.95200000e-08  2.36351612e-02 
 3.95400000e-08  2.26550621e-02 
 3.95600000e-08  2.16713637e-02 
 3.95800000e-08  2.06842222e-02 
 3.96000000e-08  1.96937940e-02 
 3.96200000e-08  1.87002364e-02 
 3.96400000e-08  1.77037070e-02 
 3.96600000e-08  1.67043639e-02 
 3.96800000e-08  1.57023658e-02 
 3.97000000e-08  1.46978718e-02 
 3.97200000e-08  1.36910412e-02 
 3.97400000e-08  1.26820341e-02 
 3.97600000e-08  1.16710107e-02 
 3.97800000e-08  1.06581315e-02 
 3.98000000e-08  9.64355737e-03 
 3.98200000e-08  8.62744958e-03 
 3.98400000e-08  7.60996952e-03 
 3.98600000e-08  6.59127886e-03 
 3.98800000e-08  5.57153947e-03 
 3.99000000e-08  4.55091338e-03 
 3.99200000e-08  3.52956280e-03 
 3.99400000e-08  2.50765004e-03 
 3.99600000e-08  1.48533751e-03 
 3.99800000e-08  4.62787705e-04 
 4.00000000e-08 -5.59836866e-04 
 4.00200000e-08 -1.58237366e-03 
 4.00400000e-08 -2.60466016e-03 
 4.00600000e-08 -3.62653387e-03 
 4.00800000e-08 -4.64783239e-03 
 4.01000000e-08 -5.66839338e-03 
 4.01200000e-08 -6.68805465e-03 
 4.01400000e-08 -7.70665415e-03 
 4.01600000e-08 -8.72403001e-03 
 4.01800000e-08 -9.74002053e-03 
 4.02000000e-08 -1.07544643e-02 
 4.02200000e-08 -1.17672001e-02 
 4.02400000e-08 -1.27780671e-02 
 4.02600000e-08 -1.37869046e-02 
 4.02800000e-08 -1.47935524e-02 
 4.03000000e-08 -1.57978506e-02 
 4.03200000e-08 -1.67996397e-02 
 4.03400000e-08 -1.77987606e-02 
 4.03600000e-08 -1.87950547e-02 
 4.03800000e-08 -1.97883638e-02 
 4.04000000e-08 -2.07785302e-02 
 4.04200000e-08 -2.17653967e-02 
 4.04400000e-08 -2.27488069e-02 
 4.04600000e-08 -2.37286045e-02 
 4.04800000e-08 -2.47046343e-02 
 4.05000000e-08 -2.56767413e-02 
 4.05200000e-08 -2.66447714e-02 
 4.05400000e-08 -2.76085712e-02 
 4.05600000e-08 -2.85679878e-02 
 4.05800000e-08 -2.95228691e-02 
 4.06000000e-08 -3.04730640e-02 
 4.06200000e-08 -3.14184218e-02 
 4.06400000e-08 -3.23587928e-02 
 4.06600000e-08 -3.32940281e-02 
 4.06800000e-08 -3.42239797e-02 
 4.07000000e-08 -3.51485002e-02 
 4.07200000e-08 -3.60674436e-02 
 4.07400000e-08 -3.69806642e-02 
 4.07600000e-08 -3.78880178e-02 
 4.07800000e-08 -3.87893609e-02 
 4.08000000e-08 -3.96845510e-02 
 4.08200000e-08 -4.05734465e-02 
 4.08400000e-08 -4.14559071e-02 
 4.08600000e-08 -4.23317934e-02 
 4.08800000e-08 -4.32009671e-02 
 4.09000000e-08 -4.40632910e-02 
 4.09200000e-08 -4.49186290e-02 
 4.09400000e-08 -4.57668461e-02 
 4.09600000e-08 -4.66078086e-02 
 4.09800000e-08 -4.74413839e-02 
 4.10000000e-08 -4.82674406e-02 
 4.10200000e-08 -4.90858485e-02 
 4.10400000e-08 -4.98964788e-02 
 4.10600000e-08 -5.06992038e-02 
 4.10800000e-08 -5.14938970e-02 
 4.11000000e-08 -5.22804336e-02 
 4.11200000e-08 -5.30586896e-02 
 4.11400000e-08 -5.38285428e-02 
 4.11600000e-08 -5.45898721e-02 
 4.11800000e-08 -5.53425578e-02 
 4.12000000e-08 -5.60864817e-02 
 4.12200000e-08 -5.68215270e-02 
 4.12400000e-08 -5.75475782e-02 
 4.12600000e-08 -5.82645214e-02 
 4.12800000e-08 -5.89722442e-02 
 4.13000000e-08 -5.96706354e-02 
 4.13200000e-08 -6.03595857e-02 
 4.13400000e-08 -6.10389870e-02 
 4.13600000e-08 -6.17087329e-02 
 4.13800000e-08 -6.23687184e-02 
 4.14000000e-08 -6.30188403e-02 
 4.14200000e-08 -6.36589967e-02 
 4.14400000e-08 -6.42890876e-02 
 4.14600000e-08 -6.49090143e-02 
 4.14800000e-08 -6.55186799e-02 
 4.15000000e-08 -6.61179891e-02 
 4.15200000e-08 -6.67068483e-02 
 4.15400000e-08 -6.72851655e-02 
 4.15600000e-08 -6.78528503e-02 
 4.15800000e-08 -6.84098141e-02 
 4.16000000e-08 -6.89559701e-02 
 4.16200000e-08 -6.94912330e-02 
 4.16400000e-08 -7.00155193e-02 
 4.16600000e-08 -7.05287473e-02 
 4.16800000e-08 -7.10308370e-02 
 4.17000000e-08 -7.15217102e-02 
 4.17200000e-08 -7.20012904e-02 
 4.17400000e-08 -7.24695029e-02 
 4.17600000e-08 -7.29262748e-02 
 4.17800000e-08 -7.33715351e-02 
 4.18000000e-08 -7.38052145e-02 
 4.18200000e-08 -7.42272456e-02 
 4.18400000e-08 -7.46375626e-02 
 4.18600000e-08 -7.50361018e-02 
 4.18800000e-08 -7.54228014e-02 
 4.19000000e-08 -7.57976011e-02 
 4.19200000e-08 -7.61604429e-02 
 4.19400000e-08 -7.65112703e-02 
 4.19600000e-08 -7.68500289e-02 
 4.19800000e-08 -7.71766661e-02 
 4.20000000e-08 -7.74911313e-02 
 4.20200000e-08 -7.77933756e-02 
 4.20400000e-08 -7.80833522e-02 
 4.20600000e-08 -7.83610161e-02 
 4.20800000e-08 -7.86263244e-02 
 4.21000000e-08 -7.88792357e-02 
 4.21200000e-08 -7.91197111e-02 
 4.21400000e-08 -7.93477133e-02 
 4.21600000e-08 -7.95632068e-02 
 4.21800000e-08 -7.97661584e-02 
 4.22000000e-08 -7.99565367e-02 
 4.22200000e-08 -8.01343122e-02 
 4.22400000e-08 -8.02994573e-02 
 4.22600000e-08 -8.04519466e-02 
 4.22800000e-08 -8.05917565e-02 
 4.23000000e-08 -8.07188653e-02 
 4.23200000e-08 -8.08332534e-02 
 4.23400000e-08 -8.09349031e-02 
 4.23600000e-08 -8.10237988e-02 
 4.23800000e-08 -8.10999267e-02 
 4.24000000e-08 -8.11632751e-02 
 4.24200000e-08 -8.12138342e-02 
 4.24400000e-08 -8.12515962e-02 
 4.24600000e-08 -8.12765554e-02 
 4.24800000e-08 -8.12887078e-02 
 4.25000000e-08 -8.12880518e-02 
 4.25200000e-08 -8.12745873e-02 
 4.25400000e-08 -8.12483167e-02 
 4.25600000e-08 -8.12092439e-02 
 4.25800000e-08 -8.11573750e-02 
 4.26000000e-08 -8.10927182e-02 
 4.26200000e-08 -8.10152835e-02 
 4.26400000e-08 -8.09250829e-02 
 4.26600000e-08 -8.08221305e-02 
 4.26800000e-08 -8.07064422e-02 
 4.27000000e-08 -8.05780360e-02 
 4.27200000e-08 -8.04369318e-02 
 4.27400000e-08 -8.02831515e-02 
 4.27600000e-08 -8.01167190e-02 
 4.27800000e-08 -7.99376601e-02 
 4.28000000e-08 -7.97460026e-02 
 4.28200000e-08 -7.95417762e-02 
 4.28400000e-08 -7.93250126e-02 
 4.28600000e-08 -7.90957455e-02 
 4.28800000e-08 -7.88540104e-02 
 4.29000000e-08 -7.85998448e-02 
 4.29200000e-08 -7.83332882e-02 
 4.29400000e-08 -7.80543820e-02 
 4.29600000e-08 -7.77631694e-02 
 4.29800000e-08 -7.74596957e-02 
 4.30000000e-08 -7.71440080e-02 
 4.30200000e-08 -7.68161553e-02 
 4.30400000e-08 -7.64761885e-02 
 4.30600000e-08 -7.61241605e-02 
 4.30800000e-08 -7.57601259e-02 
 4.31000000e-08 -7.53841413e-02 
 4.31200000e-08 -7.49962651e-02 
 4.31400000e-08 -7.45965578e-02 
 4.31600000e-08 -7.41850813e-02 
 4.31800000e-08 -7.37618996e-02 
 4.32000000e-08 -7.33270787e-02 
 4.32200000e-08 -7.28806862e-02 
 4.32400000e-08 -7.24227915e-02 
 4.32600000e-08 -7.19534659e-02 
 4.32800000e-08 -7.14727826e-02 
 4.33000000e-08 -7.09808162e-02 
 4.33200000e-08 -7.04776436e-02 
 4.33400000e-08 -6.99633431e-02 
 4.33600000e-08 -6.94379948e-02 
 4.33800000e-08 -6.89016807e-02 
 4.34000000e-08 -6.83544843e-02 
 4.34200000e-08 -6.77964912e-02 
 4.34400000e-08 -6.72277883e-02 
 4.34600000e-08 -6.66484643e-02 
 4.34800000e-08 -6.60586098e-02 
 4.35000000e-08 -6.54583169e-02 
 4.35200000e-08 -6.48476792e-02 
 4.35400000e-08 -6.42267924e-02 
 4.35600000e-08 -6.35957533e-02 
 4.35800000e-08 -6.29546608e-02 
 4.36000000e-08 -6.23036150e-02 
 4.36200000e-08 -6.16427178e-02 
 4.36400000e-08 -6.09720727e-02 
 4.36600000e-08 -6.02917846e-02 
 4.36800000e-08 -5.96019602e-02 
 4.37000000e-08 -5.89027074e-02 
 4.37200000e-08 -5.81941358e-02 
 4.37400000e-08 -5.74763566e-02 
 4.37600000e-08 -5.67494823e-02 
 4.37800000e-08 -5.60136268e-02 
 4.38000000e-08 -5.52689058e-02 
 4.38200000e-08 -5.45154360e-02 
 4.38400000e-08 -5.37533358e-02 
 4.38600000e-08 -5.29827248e-02 
 4.38800000e-08 -5.22037242e-02 
 4.39000000e-08 -5.14164564e-02 
 4.39200000e-08 -5.06210451e-02 
 4.39400000e-08 -4.98176155e-02 
 4.39600000e-08 -4.90062939e-02 
 4.39800000e-08 -4.81872080e-02 
 4.40000000e-08 -4.73604868e-02 
 4.40200000e-08 -4.65262605e-02 
 4.40400000e-08 -4.56846604e-02 
 4.40600000e-08 -4.48358192e-02 
 4.40800000e-08 -4.39798706e-02 
 4.41000000e-08 -4.31169496e-02 
 4.41200000e-08 -4.22471922e-02 
 4.41400000e-08 -4.13707358e-02 
 4.41600000e-08 -4.04877186e-02 
 4.41800000e-08 -3.95982799e-02 
 4.42000000e-08 -3.87025603e-02 
 4.42200000e-08 -3.78007012e-02 
 4.42400000e-08 -3.68928450e-02 
 4.42600000e-08 -3.59791353e-02 
 4.42800000e-08 -3.50597164e-02 
 4.43000000e-08 -3.41347337e-02 
 4.43200000e-08 -3.32043335e-02 
 4.43400000e-08 -3.22686631e-02 
 4.43600000e-08 -3.13278703e-02 
 4.43800000e-08 -3.03821042e-02 
 4.44000000e-08 -2.94315144e-02 
 4.44200000e-08 -2.84762516e-02 
 4.44400000e-08 -2.75164668e-02 
 4.44600000e-08 -2.65523123e-02 
 4.44800000e-08 -2.55839408e-02 
 4.45000000e-08 -2.46115056e-02 
 4.45200000e-08 -2.36351611e-02 
 4.45400000e-08 -2.26550620e-02 
 4.45600000e-08 -2.16713636e-02 
 4.45800000e-08 -2.06842220e-02 
 4.46000000e-08 -1.96937939e-02 
 4.46200000e-08 -1.87002363e-02 
 4.46400000e-08 -1.77037069e-02 
 4.46600000e-08 -1.67043638e-02 
 4.46800000e-08 -1.57023657e-02 
 4.47000000e-08 -1.46978716e-02 
 4.47200000e-08 -1.36910411e-02 
 4.47400000e-08 -1.26820340e-02 
 4.47600000e-08 -1.16710106e-02 
 4.47800000e-08 -1.06581314e-02 
 4.48000000e-08 -9.64355726e-03 
 4.48200000e-08 -8.62744947e-03 
 4.48400000e-08 -7.60996941e-03 
 4.48600000e-08 -6.59127875e-03 
 4.48800000e-08 -5.57153936e-03 
 4.49000000e-08 -4.55091327e-03 
 4.49200000e-08 -3.52956269e-03 
 4.49400000e-08 -2.50764993e-03 
 4.49600000e-08 -1.48533741e-03 
 4.49800000e-08 -4.62787600e-04 
 4.50000000e-08  5.59836970e-04 
 4.50200000e-08  1.58237376e-03 
 4.50400000e-08  2.60466026e-03 
 4.50600000e-08  3.62653397e-03 
 4.50800000e-08  4.64783249e-03 
 4.51000000e-08  5.66839348e-03 
 4.51200000e-08  6.68805475e-03 
 4.51400000e-08  7.70665425e-03 
 4.51600000e-08  8.72403010e-03 
 4.51800000e-08  9.74002063e-03 
 4.52000000e-08  1.07544644e-02 
 4.52200000e-08  1.17672002e-02 
 4.52400000e-08  1.27780672e-02 
 4.52600000e-08  1.37869047e-02 
 4.52800000e-08  1.47935525e-02 
 4.53000000e-08  1.57978507e-02 
 4.53200000e-08  1.67996398e-02 
 4.53400000e-08  1.77987607e-02 
 4.53600000e-08  1.87950548e-02 
 4.53800000e-08  1.97883638e-02 
 4.54000000e-08  2.07785302e-02 
 4.54200000e-08  2.17653968e-02 
 4.54400000e-08  2.27488069e-02 
 4.54600000e-08  2.37286046e-02 
 4.54800000e-08  2.47046343e-02 
 4.55000000e-08  2.56767414e-02 
 4.55200000e-08  2.66447715e-02 
 4.55400000e-08  2.76085712e-02 
 4.55600000e-08  2.85679878e-02 
 4.55800000e-08  2.95228692e-02 
 4.56000000e-08  3.04730641e-02 
 4.56200000e-08  3.14184219e-02 
 4.56400000e-08  3.23587929e-02 
 4.56600000e-08  3.32940282e-02 
 4.56800000e-08  3.42239797e-02 
 4.57000000e-08  3.51485003e-02 
 4.57200000e-08  3.60674436e-02 
 4.57400000e-08  3.69806643e-02 
 4.57600000e-08  3.78880179e-02 
 4.57800000e-08  3.87893610e-02 
 4.58000000e-08  3.96845510e-02 
 4.58200000e-08  4.05734466e-02 
 4.58400000e-08  4.14559072e-02 
 4.58600000e-08  4.23317935e-02 
 4.58800000e-08  4.32009672e-02 
 4.59000000e-08  4.40632911e-02 
 4.59200000e-08  4.49186290e-02 
 4.59400000e-08  4.57668462e-02 
 4.59600000e-08  4.66078087e-02 
 4.59800000e-08  4.74413840e-02 
 4.60000000e-08  4.82674407e-02 
 4.60200000e-08  4.90858486e-02 
 4.60400000e-08  4.98964789e-02 
 4.60600000e-08  5.06992038e-02 
 4.60800000e-08  5.14938971e-02 
 4.61000000e-08  5.22804336e-02 
 4.61200000e-08  5.30586897e-02 
 4.61400000e-08  5.38285428e-02 
 4.61600000e-08  5.45898721e-02 
 4.61800000e-08  5.53425578e-02 
 4.62000000e-08  5.60864818e-02 
 4.62200000e-08  5.68215270e-02 
 4.62400000e-08  5.75475783e-02 
 4.62600000e-08  5.82645215e-02 
 4.62800000e-08  5.89722442e-02 
 4.63000000e-08  5.96706355e-02 
 4.63200000e-08  6.03595858e-02 
 4.63400000e-08  6.10389871e-02 
 4.63600000e-08  6.17087329e-02 
 4.63800000e-08  6.23687185e-02 
 4.64000000e-08  6.30188404e-02 
 4.64200000e-08  6.36589968e-02 
 4.64400000e-08  6.42890877e-02 
 4.64600000e-08  6.49090144e-02 
 4.64800000e-08  6.55186800e-02 
 4.65000000e-08  6.61179892e-02 
 4.65200000e-08  6.67068484e-02 
 4.65400000e-08  6.72851655e-02 
 4.65600000e-08  6.78528503e-02 
 4.65800000e-08  6.84098142e-02 
 4.66000000e-08  6.89559701e-02 
 4.66200000e-08  6.94912330e-02 
 4.66400000e-08  7.00155193e-02 
 4.66600000e-08  7.05287473e-02 
 4.66800000e-08  7.10308371e-02 
 4.67000000e-08  7.15217102e-02 
 4.67200000e-08  7.20012904e-02 
 4.67400000e-08  7.24695029e-02 
 4.67600000e-08  7.29262749e-02 
 4.67800000e-08  7.33715352e-02 
 4.68000000e-08  7.38052146e-02 
 4.68200000e-08  7.42272456e-02 
 4.68400000e-08  7.46375626e-02 
 4.68600000e-08  7.50361019e-02 
 4.68800000e-08  7.54228014e-02 
 4.69000000e-08  7.57976012e-02 
 4.69200000e-08  7.61604429e-02 
 4.69400000e-08  7.65112703e-02 
 4.69600000e-08  7.68500289e-02 
 4.69800000e-08  7.71766661e-02 
 4.70000000e-08  7.74911313e-02 
 4.70200000e-08  7.77933756e-02 
 4.70400000e-08  7.80833522e-02 
 4.70600000e-08  7.83610162e-02 
 4.70800000e-08  7.86263244e-02 
 4.71000000e-08  7.88792358e-02 
 4.71200000e-08  7.91197112e-02 
 4.71400000e-08  7.93477133e-02 
 4.71600000e-08  7.95632069e-02 
 4.71800000e-08  7.97661585e-02 
 4.72000000e-08  7.99565367e-02 
 4.72200000e-08  8.01343122e-02 
 4.72400000e-08  8.02994574e-02 
 4.72600000e-08  8.04519466e-02 
 4.72800000e-08  8.05917565e-02 
 4.73000000e-08  8.07188653e-02 
 4.73200000e-08  8.08332534e-02 
 4.73400000e-08  8.09349032e-02 
 4.73600000e-08  8.10237988e-02 
 4.73800000e-08  8.10999267e-02 
 4.74000000e-08  8.11632751e-02 
 4.74200000e-08  8.12138342e-02 
 4.74400000e-08  8.12515962e-02 
 4.74600000e-08  8.12765554e-02 
 4.74800000e-08  8.12887079e-02 
 4.75000000e-08  8.12880518e-02 
 4.75200000e-08  8.12745874e-02 
 4.75400000e-08  8.12483167e-02 
 4.75600000e-08  8.12092439e-02 
 4.75800000e-08  8.11573750e-02 
 4.76000000e-08  8.10927182e-02 
 4.76200000e-08  8.10152835e-02 
 4.76400000e-08  8.09250830e-02 
 4.76600000e-08  8.08221305e-02 
 4.76800000e-08  8.07064422e-02 
 4.77000000e-08  8.05780360e-02 
 4.77200000e-08  8.04369318e-02 
 4.77400000e-08  8.02831515e-02 
 4.77600000e-08  8.01167190e-02 
 4.77800000e-08  7.99376601e-02 
 4.78000000e-08  7.97460026e-02 
 4.78200000e-08  7.95417762e-02 
 4.78400000e-08  7.93250126e-02 
 4.78600000e-08  7.90957455e-02 
 4.78800000e-08  7.88540104e-02 
 4.79000000e-08  7.85998448e-02 
 4.79200000e-08  7.83332882e-02 
 4.79400000e-08  7.80543820e-02 
 4.79600000e-08  7.77631694e-02 
 4.79800000e-08  7.74596957e-02 
 4.80000000e-08  7.71440080e-02 
 4.80200000e-08  7.68161553e-02 
 4.80400000e-08  7.64761885e-02 
 4.80600000e-08  7.61241605e-02 
 4.80800000e-08  7.57601259e-02 
 4.81000000e-08  7.53841413e-02 
 4.81200000e-08  7.49962652e-02 
 4.81400000e-08  7.45965578e-02 
 4.81600000e-08  7.41850813e-02 
 4.81800000e-08  7.37618997e-02 
 4.82000000e-08  7.33270788e-02 
 4.82200000e-08  7.28806862e-02 
 4.82400000e-08  7.24227915e-02 
 4.82600000e-08  7.19534660e-02 
 4.82800000e-08  7.14727826e-02 
 4.83000000e-08  7.09808163e-02 
 4.83200000e-08  7.04776436e-02 
 4.83400000e-08  6.99633431e-02 
 4.83600000e-08  6.94379948e-02 
 4.83800000e-08  6.89016807e-02 
 4.84000000e-08  6.83544844e-02 
 4.84200000e-08  6.77964912e-02 
 4.84400000e-08  6.72277883e-02 
 4.84600000e-08  6.66484643e-02 
 4.84800000e-08  6.60586098e-02 
 4.85000000e-08  6.54583169e-02 
 4.85200000e-08  6.48476793e-02 
 4.85400000e-08  6.42267924e-02 
 4.85600000e-08  6.35957534e-02 
 4.85800000e-08  6.29546608e-02 
 4.86000000e-08  6.23036150e-02 
 4.86200000e-08  6.16427178e-02 
 4.86400000e-08  6.09720727e-02 
 4.86600000e-08  6.02917846e-02 
 4.86800000e-08  5.96019602e-02 
 4.87000000e-08  5.89027074e-02 
 4.87200000e-08  5.81941359e-02 
 4.87400000e-08  5.74763566e-02 
 4.87600000e-08  5.67494823e-02 
 4.87800000e-08  5.60136269e-02 
 4.88000000e-08  5.52689058e-02 
 4.88200000e-08  5.45154360e-02 
 4.88400000e-08  5.37533358e-02 
 4.88600000e-08  5.29827248e-02 
 4.88800000e-08  5.22037242e-02 
 4.89000000e-08  5.14164564e-02 
 4.89200000e-08  5.06210451e-02 
 4.89400000e-08  4.98176155e-02 
 4.89600000e-08  4.90062939e-02 
 4.89800000e-08  4.81872081e-02 
 4.90000000e-08  4.73604869e-02 
 4.90200000e-08  4.65262605e-02 
 4.90400000e-08  4.56846604e-02 
 4.90600000e-08  4.48358192e-02 
 4.90800000e-08  4.39798706e-02 
 4.91000000e-08  4.31169496e-02 
 4.91200000e-08  4.22471922e-02 
 4.91400000e-08  4.13707358e-02 
 4.91600000e-08  4.04877186e-02 
 4.91800000e-08  3.95982800e-02 
 4.92000000e-08  3.87025603e-02 
 4.92200000e-08  3.78007012e-02 
 4.92400000e-08  3.68928450e-02 
 4.92600000e-08  3.59791353e-02 
 4.92800000e-08  3.50597164e-02 
 4.93000000e-08  3.41347337e-02 
 4.93200000e-08  3.32043336e-02 
 4.93400000e-08  3.22686631e-02 
 4.93600000e-08  3.13278703e-02 
 4.93800000e-08  3.03821042e-02 
 4.94000000e-08  2.94315145e-02 
 4.94200000e-08  2.84762516e-02 
 4.94400000e-08  2.75164668e-02 
 4.94600000e-08  2.65523123e-02 
 4.94800000e-08  2.55839408e-02 
 4.95000000e-08  2.46115057e-02 
 4.95200000e-08  2.36351611e-02 
 4.95400000e-08  2.26550620e-02 
 4.95600000e-08  2.16713636e-02 
 4.95800000e-08  2.06842221e-02 
 4.96000000e-08  1.96937939e-02 
 4.96200000e-08  1.87002363e-02 
 4.96400000e-08  1.77037069e-02 
 4.96600000e-08  1.67043638e-02 
 4.96800000e-08  1.57023657e-02 
 4.97000000e-08  1.46978717e-02 
 4.97200000e-08  1.36910411e-02 
 4.97400000e-08  1.26820340e-02 
 4.97600000e-08  1.16710106e-02 
 4.97800000e-08  1.06581314e-02 
 4.98000000e-08  9.64355727e-03 
 4.98200000e-08  8.62744948e-03 
 4.98400000e-08  7.60996942e-03 
 4.98600000e-08  6.59127876e-03 
 4.98800000e-08  5.57153937e-03 
 4.99000000e-08  4.55091328e-03 
 4.99200000e-08  3.52956270e-03 
 4.99400000e-08  2.50764994e-03 
 4.99600000e-08  1.48533742e-03 
 4.99800000e-08  4.62787610e-04 
 5.00000000e-08 -5.59836959e-04 
 5.00200000e-08 -1.58237375e-03 
 5.00400000e-08 -2.60466025e-03 
 5.00600000e-08 -3.62653396e-03 
 5.00800000e-08 -4.64783248e-03 
 5.01000000e-08 -5.66839347e-03 
 5.01200000e-08 -6.68805474e-03 
 5.01400000e-08 -7.70665424e-03 
 5.01600000e-08 -8.72403009e-03 
 5.01800000e-08 -9.74002062e-03 
 5.02000000e-08 -1.07544644e-02 
 5.02200000e-08 -1.17672002e-02 
 5.02400000e-08 -1.27780671e-02 
 5.02600000e-08 -1.37869047e-02 
 5.02800000e-08 -1.47935524e-02 
 5.03000000e-08 -1.57978506e-02 
 5.03200000e-08 -1.67996397e-02 
 5.03400000e-08 -1.77987607e-02 
 5.03600000e-08 -1.87950547e-02 
 5.03800000e-08 -1.97883638e-02 
 5.04000000e-08 -2.07785302e-02 
 5.04200000e-08 -2.17653968e-02 
 5.04400000e-08 -2.27488069e-02 
 5.04600000e-08 -2.37286046e-02 
 5.04800000e-08 -2.47046343e-02 
 5.05000000e-08 -2.56767413e-02 
 5.05200000e-08 -2.66447715e-02 
 5.05400000e-08 -2.76085712e-02 
 5.05600000e-08 -2.85679878e-02 
 5.05800000e-08 -2.95228692e-02 
 5.06000000e-08 -3.04730641e-02 
 5.06200000e-08 -3.14184219e-02 
 5.06400000e-08 -3.23587929e-02 
 5.06600000e-08 -3.32940282e-02 
 5.06800000e-08 -3.42239797e-02 
 5.07000000e-08 -3.51485003e-02 
 5.07200000e-08 -3.60674436e-02 
 5.07400000e-08 -3.69806643e-02 
 5.07600000e-08 -3.78880179e-02 
 5.07800000e-08 -3.87893610e-02 
 5.08000000e-08 -3.96845510e-02 
 5.08200000e-08 -4.05734466e-02 
 5.08400000e-08 -4.14559072e-02 
 5.08600000e-08 -4.23317935e-02 
 5.08800000e-08 -4.32009672e-02 
 5.09000000e-08 -4.40632911e-02 
 5.09200000e-08 -4.49186290e-02 
 5.09400000e-08 -4.57668462e-02 
 5.09600000e-08 -4.66078087e-02 
 5.09800000e-08 -4.74413840e-02 
 5.10000000e-08 -4.82674407e-02 
 5.10200000e-08 -4.90858486e-02 
 5.10400000e-08 -4.98964789e-02 
 5.10600000e-08 -5.06992038e-02 
 5.10800000e-08 -5.14938971e-02 
 5.11000000e-08 -5.22804336e-02 
 5.11200000e-08 -5.30586897e-02 
 5.11400000e-08 -5.38285428e-02 
 5.11600000e-08 -5.45898721e-02 
 5.11800000e-08 -5.53425578e-02 
 5.12000000e-08 -5.60864817e-02 
 5.12200000e-08 -5.68215270e-02 
 5.12400000e-08 -5.75475783e-02 
 5.12600000e-08 -5.82645215e-02 
 5.12800000e-08 -5.89722442e-02 
 5.13000000e-08 -5.96706355e-02 
 5.13200000e-08 -6.03595858e-02 
 5.13400000e-08 -6.10389871e-02 
 5.13600000e-08 -6.17087329e-02 
 5.13800000e-08 -6.23687185e-02 
 5.14000000e-08 -6.30188403e-02 
 5.14200000e-08 -6.36589968e-02 
 5.14400000e-08 -6.42890877e-02 
 5.14600000e-08 -6.49090144e-02 
 5.14800000e-08 -6.55186800e-02 
 5.15000000e-08 -6.61179892e-02 
 5.15200000e-08 -6.67068484e-02 
 5.15400000e-08 -6.72851655e-02 
 5.15600000e-08 -6.78528503e-02 
 5.15800000e-08 -6.84098142e-02 
 5.16000000e-08 -6.89559701e-02 
 5.16200000e-08 -6.94912330e-02 
 5.16400000e-08 -7.00155193e-02 
 5.16600000e-08 -7.05287473e-02 
 5.16800000e-08 -7.10308370e-02 
 5.17000000e-08 -7.15217102e-02 
 5.17200000e-08 -7.20012904e-02 
 5.17400000e-08 -7.24695029e-02 
 5.17600000e-08 -7.29262749e-02 
 5.17800000e-08 -7.33715352e-02 
 5.18000000e-08 -7.38052146e-02 
 5.18200000e-08 -7.42272456e-02 
 5.18400000e-08 -7.46375626e-02 
 5.18600000e-08 -7.50361019e-02 
 5.18800000e-08 -7.54228014e-02 
 5.19000000e-08 -7.57976012e-02 
 5.19200000e-08 -7.61604429e-02 
 5.19400000e-08 -7.65112703e-02 
 5.19600000e-08 -7.68500289e-02 
 5.19800000e-08 -7.71766661e-02 
 5.20000000e-08 -7.74911313e-02 
 5.20200000e-08 -7.77933756e-02 
 5.20400000e-08 -7.80833522e-02 
 5.20600000e-08 -7.83610162e-02 
 5.20800000e-08 -7.86263244e-02 
 5.21000000e-08 -7.88792358e-02 
 5.21200000e-08 -7.91197112e-02 
 5.21400000e-08 -7.93477133e-02 
 5.21600000e-08 -7.95632068e-02 
 5.21800000e-08 -7.97661585e-02 
 5.22000000e-08 -7.99565367e-02 
 5.22200000e-08 -8.01343122e-02 
 5.22400000e-08 -8.02994574e-02 
 5.22600000e-08 -8.04519466e-02 
 5.22800000e-08 -8.05917565e-02 
 5.23000000e-08 -8.07188653e-02 
 5.23200000e-08 -8.08332534e-02 
 5.23400000e-08 -8.09349032e-02 
 5.23600000e-08 -8.10237988e-02 
 5.23800000e-08 -8.10999267e-02 
 5.24000000e-08 -8.11632751e-02 
 5.24200000e-08 -8.12138342e-02 
 5.24400000e-08 -8.12515962e-02 
 5.24600000e-08 -8.12765554e-02 
 5.24800000e-08 -8.12887079e-02 
 5.25000000e-08 -8.12880518e-02 
 5.25200000e-08 -8.12745874e-02 
 5.25400000e-08 -8.12483167e-02 
 5.25600000e-08 -8.12092439e-02 
 5.25800000e-08 -8.11573750e-02 
 5.26000000e-08 -8.10927182e-02 
 5.26200000e-08 -8.10152835e-02 
 5.26400000e-08 -8.09250830e-02 
 5.26600000e-08 -8.08221305e-02 
 5.26800000e-08 -8.07064422e-02 
 5.27000000e-08 -8.05780360e-02 
 5.27200000e-08 -8.04369318e-02 
 5.27400000e-08 -8.02831515e-02 
 5.27600000e-08 -8.01167190e-02 
 5.27800000e-08 -7.99376601e-02 
 5.28000000e-08 -7.97460026e-02 
 5.28200000e-08 -7.95417762e-02 
 5.28400000e-08 -7.93250126e-02 
 5.28600000e-08 -7.90957455e-02 
 5.28800000e-08 -7.88540104e-02 
 5.29000000e-08 -7.85998448e-02 
 5.29200000e-08 -7.83332882e-02 
 5.29400000e-08 -7.80543820e-02 
 5.29600000e-08 -7.77631694e-02 
 5.29800000e-08 -7.74596957e-02 
 5.30000000e-08 -7.71440080e-02 
 5.30200000e-08 -7.68161553e-02 
 5.30400000e-08 -7.64761885e-02 
 5.30600000e-08 -7.61241605e-02 
 5.30800000e-08 -7.57601259e-02 
 5.31000000e-08 -7.53841413e-02 
 5.31200000e-08 -7.49962652e-02 
 5.31400000e-08 -7.45965578e-02 
 5.31600000e-08 -7.41850813e-02 
 5.31800000e-08 -7.37618997e-02 
 5.32000000e-08 -7.33270788e-02 
 5.32200000e-08 -7.28806862e-02 
 5.32400000e-08 -7.24227915e-02 
 5.32600000e-08 -7.19534660e-02 
 5.32800000e-08 -7.14727826e-02 
 5.33000000e-08 -7.09808163e-02 
 5.33200000e-08 -7.04776436e-02 
 5.33400000e-08 -6.99633431e-02 
 5.33600000e-08 -6.94379948e-02 
 5.33800000e-08 -6.89016807e-02 
 5.34000000e-08 -6.83544844e-02 
 5.34200000e-08 -6.77964912e-02 
 5.34400000e-08 -6.72277883e-02 
 5.34600000e-08 -6.66484643e-02 
 5.34800000e-08 -6.60586098e-02 
 5.35000000e-08 -6.54583169e-02 
 5.35200000e-08 -6.48476793e-02 
 5.35400000e-08 -6.42267924e-02 
 5.35600000e-08 -6.35957534e-02 
 5.35800000e-08 -6.29546608e-02 
 5.36000000e-08 -6.23036150e-02 
 5.36200000e-08 -6.16427178e-02 
 5.36400000e-08 -6.09720727e-02 
 5.36600000e-08 -6.02917846e-02 
 5.36800000e-08 -5.96019602e-02 
 5.37000000e-08 -5.89027074e-02 
 5.37200000e-08 -5.81941359e-02 
 5.37400000e-08 -5.74763566e-02 
 5.37600000e-08 -5.67494823e-02 
 5.37800000e-08 -5.60136269e-02 
 5.38000000e-08 -5.52689058e-02 
 5.38200000e-08 -5.45154360e-02 
 5.38400000e-08 -5.37533358e-02 
 5.38600000e-08 -5.29827248e-02 
 5.38800000e-08 -5.22037242e-02 
 5.39000000e-08 -5.14164564e-02 
 5.39200000e-08 -5.06210451e-02 
 5.39400000e-08 -4.98176155e-02 
 5.39600000e-08 -4.90062939e-02 
 5.39800000e-08 -4.81872081e-02 
 5.40000000e-08 -4.73604869e-02 
 5.40200000e-08 -4.65262605e-02 
 5.40400000e-08 -4.56846604e-02 
 5.40600000e-08 -4.48358192e-02 
 5.40800000e-08 -4.39798706e-02 
 5.41000000e-08 -4.31169496e-02 
 5.41200000e-08 -4.22471922e-02 
 5.41400000e-08 -4.13707358e-02 
 5.41600000e-08 -4.04877186e-02 
 5.41800000e-08 -3.95982800e-02 
 5.42000000e-08 -3.87025603e-02 
 5.42200000e-08 -3.78007012e-02 
 5.42400000e-08 -3.68928450e-02 
 5.42600000e-08 -3.59791353e-02 
 5.42800000e-08 -3.50597164e-02 
 5.43000000e-08 -3.41347337e-02 
 5.43200000e-08 -3.32043335e-02 
 5.43400000e-08 -3.22686631e-02 
 5.43600000e-08 -3.13278703e-02 
 5.43800000e-08 -3.03821042e-02 
 5.44000000e-08 -2.94315145e-02 
 5.44200000e-08 -2.84762516e-02 
 5.44400000e-08 -2.75164668e-02 
 5.44600000e-08 -2.65523123e-02 
 5.44800000e-08 -2.55839408e-02 
 5.45000000e-08 -2.46115057e-02 
 5.45200000e-08 -2.36351611e-02 
 5.45400000e-08 -2.26550620e-02 
 5.45600000e-08 -2.16713636e-02 
 5.45800000e-08 -2.06842221e-02 
 5.46000000e-08 -1.96937939e-02 
 5.46200000e-08 -1.87002363e-02 
 5.46400000e-08 -1.77037069e-02 
 5.46600000e-08 -1.67043638e-02 
 5.46800000e-08 -1.57023657e-02 
 5.47000000e-08 -1.46978716e-02 
 5.47200000e-08 -1.36910411e-02 
 5.47400000e-08 -1.26820340e-02 
 5.47600000e-08 -1.16710106e-02 
 5.47800000e-08 -1.06581314e-02 
 5.48000000e-08 -9.64355727e-03 
 5.48200000e-08 -8.62744948e-03 
 5.48400000e-08 -7.60996942e-03 
 5.48600000e-08 -6.59127876e-03 
 5.48800000e-08 -5.57153936e-03 
 5.49000000e-08 -4.55091328e-03 
 5.49200000e-08 -3.52956270e-03 
 5.49400000e-08 -2.50764994e-03 
 5.49600000e-08 -1.48533742e-03 
 5.49800000e-08 -4.62787609e-04 
 5.50000000e-08  5.59836961e-04 
 5.50200000e-08  1.58237376e-03 
 5.50400000e-08  2.60466025e-03 
 5.50600000e-08  3.62653396e-03 
 5.50800000e-08  4.64783248e-03 
 5.51000000e-08  5.66839347e-03 
 5.51200000e-08  6.68805474e-03 
 5.51400000e-08  7.70665424e-03 
 5.51600000e-08  8.72403009e-03 
 5.51800000e-08  9.74002062e-03 
 5.52000000e-08  1.07544644e-02 
 5.52200000e-08  1.17672002e-02 
 5.52400000e-08  1.27780671e-02 
 5.52600000e-08  1.37869047e-02 
 5.52800000e-08  1.47935524e-02 
 5.53000000e-08  1.57978506e-02 
 5.53200000e-08  1.67996397e-02 
 5.53400000e-08  1.77987607e-02 
 5.53600000e-08  1.87950547e-02 
 5.53800000e-08  1.97883638e-02 
 5.54000000e-08  2.07785302e-02 
 5.54200000e-08  2.17653968e-02 
 5.54400000e-08  2.27488069e-02 
 5.54600000e-08  2.37286046e-02 
 5.54800000e-08  2.47046343e-02 
 5.55000000e-08  2.56767413e-02 
 5.55200000e-08  2.66447715e-02 
 5.55400000e-08  2.76085712e-02 
 5.55600000e-08  2.85679878e-02 
 5.55800000e-08  2.95228692e-02 
 5.56000000e-08  3.04730641e-02 
 5.56200000e-08  3.14184219e-02 
 5.56400000e-08  3.23587929e-02 
 5.56600000e-08  3.32940282e-02 
 5.56800000e-08  3.42239797e-02 
 5.57000000e-08  3.51485003e-02 
 5.57200000e-08  3.60674436e-02 
 5.57400000e-08  3.69806643e-02 
 5.57600000e-08  3.78880179e-02 
 5.57800000e-08  3.87893610e-02 
 5.58000000e-08  3.96845510e-02 
 5.58200000e-08  4.05734466e-02 
 5.58400000e-08  4.14559072e-02 
 5.58600000e-08  4.23317935e-02 
 5.58800000e-08  4.32009672e-02 
 5.59000000e-08  4.40632911e-02 
 5.59200000e-08  4.49186290e-02 
 5.59400000e-08  4.57668462e-02 
 5.59600000e-08  4.66078087e-02 
 5.59800000e-08  4.74413840e-02 
 5.60000000e-08  4.82674407e-02 
 5.60200000e-08  4.90858486e-02 
 5.60400000e-08  4.98964789e-02 
 5.60600000e-08  5.06992038e-02 
 5.60800000e-08  5.14938971e-02 
 5.61000000e-08  5.22804336e-02 
 5.61200000e-08  5.30586897e-02 
 5.61400000e-08  5.38285428e-02 
 5.61600000e-08  5.45898721e-02 
 5.61800000e-08  5.53425578e-02 
 5.62000000e-08  5.60864817e-02 
 5.62200000e-08  5.68215270e-02 
 5.62400000e-08  5.75475783e-02 
 5.62600000e-08  5.82645215e-02 
 5.62800000e-08  5.89722442e-02 
 5.63000000e-08  5.96706355e-02 
 5.63200000e-08  6.03595858e-02 
 5.63400000e-08  6.10389871e-02 
 5.63600000e-08  6.17087329e-02 
 5.63800000e-08  6.23687185e-02 
 5.64000000e-08  6.30188404e-02 
 5.64200000e-08  6.36589968e-02 
 5.64400000e-08  6.42890877e-02 
 5.64600000e-08  6.49090144e-02 
 5.64800000e-08  6.55186800e-02 
 5.65000000e-08  6.61179892e-02 
 5.65200000e-08  6.67068484e-02 
 5.65400000e-08  6.72851655e-02 
 5.65600000e-08  6.78528503e-02 
 5.65800000e-08  6.84098142e-02 
 5.66000000e-08  6.89559701e-02 
 5.66200000e-08  6.94912330e-02 
 5.66400000e-08  7.00155193e-02 
 5.66600000e-08  7.05287473e-02 
 5.66800000e-08  7.10308370e-02 
 5.67000000e-08  7.15217102e-02 
 5.67200000e-08  7.20012904e-02 
 5.67400000e-08  7.24695029e-02 
 5.67600000e-08  7.29262749e-02 
 5.67800000e-08  7.33715352e-02 
 5.68000000e-08  7.38052146e-02 
 5.68200000e-08  7.42272456e-02 
 5.68400000e-08  7.46375626e-02 
 5.68600000e-08  7.50361019e-02 
 5.68800000e-08  7.54228014e-02 
 5.69000000e-08  7.57976012e-02 
 5.69200000e-08  7.61604429e-02 
 5.69400000e-08  7.65112703e-02 
 5.69600000e-08  7.68500289e-02 
 5.69800000e-08  7.71766661e-02 
 5.70000000e-08  7.74911313e-02 
 5.70200000e-08  7.77933756e-02 
 5.70400000e-08  7.80833522e-02 
 5.70600000e-08  7.83610162e-02 
 5.70800000e-08  7.86263244e-02 
 5.71000000e-08  7.88792358e-02 
 5.71200000e-08  7.91197112e-02 
 5.71400000e-08  7.93477133e-02 
 5.71600000e-08  7.95632068e-02 
 5.71800000e-08  7.97661585e-02 
 5.72000000e-08  7.99565367e-02 
 5.72200000e-08  8.01343122e-02 
 5.72400000e-08  8.02994574e-02 
 5.72600000e-08  8.04519466e-02 
 5.72800000e-08  8.05917565e-02 
 5.73000000e-08  8.07188653e-02 
 5.73200000e-08  8.08332534e-02 
 5.73400000e-08  8.09349032e-02 
 5.73600000e-08  8.10237988e-02 
 5.73800000e-08  8.10999267e-02 
 5.74000000e-08  8.11632751e-02 
 5.74200000e-08  8.12138342e-02 
 5.74400000e-08  8.12515962e-02 
 5.74600000e-08  8.12765554e-02 
 5.74800000e-08  8.12887079e-02 
 5.75000000e-08  8.12880518e-02 
 5.75200000e-08  8.12745874e-02 
 5.75400000e-08  8.12483167e-02 
 5.75600000e-08  8.12092439e-02 
 5.75800000e-08  8.11573750e-02 
 5.76000000e-08  8.10927182e-02 
 5.76200000e-08  8.10152835e-02 
 5.76400000e-08  8.09250830e-02 
 5.76600000e-08  8.08221305e-02 
 5.76800000e-08  8.07064422e-02 
 5.77000000e-08  8.05780360e-02 
 5.77200000e-08  8.04369318e-02 
 5.77400000e-08  8.02831515e-02 
 5.77600000e-08  8.01167190e-02 
 5.77800000e-08  7.99376601e-02 
 5.78000000e-08  7.97460026e-02 
 5.78200000e-08  7.95417762e-02 
 5.78400000e-08  7.93250126e-02 
 5.78600000e-08  7.90957455e-02 
 5.78800000e-08  7.88540104e-02 
 5.79000000e-08  7.85998448e-02 
 5.79200000e-08  7.83332882e-02 
 5.79400000e-08  7.80543820e-02 
 5.79600000e-08  7.77631694e-02 
 5.79800000e-08  7.74596957e-02 
 5.80000000e-08  7.71440080e-02 
 5.80200000e-08  7.68161553e-02 
 5.80400000e-08  7.64761885e-02 
 5.80600000e-08  7.61241605e-02 
 5.80800000e-08  7.57601259e-02 
 5.81000000e-08  7.53841413e-02 
 5.81200000e-08  7.49962652e-02 
 5.81400000e-08  7.45965578e-02 
 5.81600000e-08  7.41850813e-02 
 5.81800000e-08  7.37618997e-02 
 5.82000000e-08  7.33270788e-02 
 5.82200000e-08  7.28806862e-02 
 5.82400000e-08  7.24227915e-02 
 5.82600000e-08  7.19534660e-02 
 5.82800000e-08  7.14727826e-02 
 5.83000000e-08  7.09808163e-02 
 5.83200000e-08  7.04776436e-02 
 5.83400000e-08  6.99633431e-02 
 5.83600000e-08  6.94379948e-02 
 5.83800000e-08  6.89016807e-02 
 5.84000000e-08  6.83544844e-02 
 5.84200000e-08  6.77964912e-02 
 5.84400000e-08  6.72277883e-02 
 5.84600000e-08  6.66484643e-02 
 5.84800000e-08  6.60586098e-02 
 5.85000000e-08  6.54583169e-02 
 5.85200000e-08  6.48476793e-02 
 5.85400000e-08  6.42267924e-02 
 5.85600000e-08  6.35957534e-02 
 5.85800000e-08  6.29546608e-02 
 5.86000000e-08  6.23036150e-02 
 5.86200000e-08  6.16427178e-02 
 5.86400000e-08  6.09720727e-02 
 5.86600000e-08  6.02917846e-02 
 5.86800000e-08  5.96019602e-02 
 5.87000000e-08  5.89027074e-02 
 5.87200000e-08  5.81941359e-02 
 5.87400000e-08  5.74763566e-02 
 5.87600000e-08  5.67494823e-02 
 5.87800000e-08  5.60136269e-02 
 5.88000000e-08  5.52689058e-02 
 5.88200000e-08  5.45154360e-02 
 5.88400000e-08  5.37533358e-02 
 5.88600000e-08  5.29827248e-02 
 5.88800000e-08  5.22037242e-02 
 5.89000000e-08  5.14164564e-02 
 5.89200000e-08  5.06210451e-02 
 5.89400000e-08  4.98176155e-02 
 5.89600000e-08  4.90062939e-02 
 5.89800000e-08  4.81872081e-02 
 5.90000000e-08  4.73604869e-02 
 5.90200000e-08  4.65262605e-02 
 5.90400000e-08  4.56846604e-02 
 5.90600000e-08  4.48358192e-02 
 5.90800000e-08  4.39798706e-02 
 5.91000000e-08  4.31169496e-02 
 5.91200000e-08  4.22471922e-02 
 5.91400000e-08  4.13707358e-02 
 5.91600000e-08  4.04877186e-02 
 5.91800000e-08  3.95982800e-02 
 5.92000000e-08  3.87025603e-02 
 5.92200000e-08  3.78007012e-02 
 5.92400000e-08  3.68928450e-02 
 5.92600000e-08  3.59791353e-02 
 5.92800000e-08  3.50597164e-02 
 5.93000000e-08  3.41347337e-02 
 5.93200000e-08  3.32043335e-02 
 5.93400000e-08  3.22686631e-02 
 5.93600000e-08  3.13278703e-02 
 5.93800000e-08  3.03821042e-02 
 5.94000000e-08  2.94315145e-02 
 5.94200000e-08  2.84762516e-02 
 5.94400000e-08  2.75164668e-02 
 5.94600000e-08  2.65523123e-02 
 5.94800000e-08  2.55839408e-02 
 5.95000000e-08  2.46115057e-02 
 5.95200000e-08  2.36351611e-02 
 5.95400000e-08  2.26550620e-02 
 5.95600000e-08  2.16713636e-02 
 5.95800000e-08  2.06842221e-02 
 5.96000000e-08  1.96937939e-02 
 5.96200000e-08  1.87002363e-02 
 5.96400000e-08  1.77037069e-02 
 5.96600000e-08  1.67043638e-02 
 5.96800000e-08  1.57023657e-02 
 5.97000000e-08  1.46978716e-02 
 5.97200000e-08  1.36910411e-02 
 5.97400000e-08  1.26820340e-02 
 5.97600000e-08  1.16710106e-02 
 5.97800000e-08  1.06581314e-02 
 5.98000000e-08  9.64355727e-03 
 5.98200000e-08  8.62744948e-03 
 5.98400000e-08  7.60996942e-03 
 5.98600000e-08  6.59127876e-03 
 5.98800000e-08  5.57153937e-03 
 5.99000000e-08  4.55091328e-03 
 5.99200000e-08  3.52956270e-03 
 5.99400000e-08  2.50764994e-03 
 5.99600000e-08  1.48533742e-03 
 5.99800000e-08  4.62787610e-04 
 6.00000000e-08 -5.59848370e-04 
