 0.00000000e+00  0.00000000e+00 
 2.00000000e-11  3.42101757e-04 
 4.00000000e-11  4.32652250e-04 
 6.00000000e-11  4.82671978e-04 
 8.00000000e-11  5.19367407e-04 
 1.00000000e-10  5.46367997e-04 
 1.20000000e-10  5.64031432e-04 
 1.40000000e-10  5.72853564e-04 
 1.60000000e-10  5.73306829e-04 
 1.80000000e-10  5.65830750e-04 
 2.00000000e-10  5.50849265e-04 
 2.20000000e-10  5.28759047e-04 
 2.40000000e-10  4.99940704e-04 
 2.60000000e-10  4.64752278e-04 
 2.80000000e-10  4.23535878e-04 
 3.00000000e-10  3.76614790e-04 
 3.20000000e-10  3.24296873e-04 
 3.40000000e-10  2.66874179e-04 
 3.60000000e-10  2.04624075e-04 
 3.80000000e-10  1.37810567e-04 
 4.00000000e-10  6.66838556e-05 
 4.20000000e-10 -8.51721252e-06 
 4.40000000e-10 -8.75666544e-05 
 4.60000000e-10 -1.70248182e-04 
 4.80000000e-10 -2.56357407e-04 
 5.00000000e-10 -3.45698259e-04 
 5.20000000e-10 -4.38085614e-04 
 5.40000000e-10 -5.33341510e-04 
 5.60000000e-10 -6.31298014e-04 
 5.80000000e-10 -7.31793380e-04 
 6.00000000e-10 -8.34675018e-04 
 6.20000000e-10 -9.39795697e-04 
 6.40000000e-10 -1.04701653e-03 
 6.60000000e-10 -1.15620326e-03 
 6.80000000e-10 -1.26722925e-03 
 7.00000000e-10 -1.37997186e-03 
 7.20000000e-10 -1.49431537e-03 
 7.40000000e-10 -1.61014755e-03 
 7.60000000e-10 -1.72736243e-03 
 7.80000000e-10 -1.84585709e-03 
 8.00000000e-10 -1.96553426e-03 
 8.20000000e-10 -2.08629935e-03 
 8.40000000e-10 -2.20806290e-03 
 8.60000000e-10 -2.33073775e-03 
 8.80000000e-10 -2.45424139e-03 
 9.00000000e-10 -2.57849335e-03 
 9.20000000e-10 -2.70341733e-03 
 9.40000000e-10 -2.82893884e-03 
 9.60000000e-10 -2.95498713e-03 
 9.80000000e-10 -3.08149306e-03 
 1.00000000e-09 -3.20839087e-03 
 1.02000000e-09 -3.33561621e-03 
 1.04000000e-09 -3.46310778e-03 
 1.06000000e-09 -3.59080552e-03 
 1.08000000e-09 -3.71865213e-03 
 1.10000000e-09 -3.84659141e-03 
 1.12000000e-09 -3.97456966e-03 
 1.14000000e-09 -4.10253413e-03 
 1.16000000e-09 -4.23043434e-03 
 1.18000000e-09 -4.35822067e-03 
 1.20000000e-09 -4.48584555e-03 
 1.22000000e-09 -4.61326215e-03 
 1.24000000e-09 -4.74042552e-03 
 1.26000000e-09 -4.86729138e-03 
 1.28000000e-09 -4.99381714e-03 
 1.30000000e-09 -5.11996082e-03 
 1.32000000e-09 -5.24568196e-03 
 1.34000000e-09 -5.37094068e-03 
 1.36000000e-09 -5.49569849e-03 
 1.38000000e-09 -5.61991736e-03 
 1.40000000e-09 -5.74356060e-03 
 1.42000000e-09 -5.86659193e-03 
 1.44000000e-09 -5.98897626e-03 
 1.46000000e-09 -6.11067892e-03 
 1.48000000e-09 -6.23166632e-03 
 1.50000000e-09 -6.35190526e-03 
 1.52000000e-09 -6.47136352e-03 
 1.54000000e-09 -6.59000926e-03 
 1.56000000e-09 -6.70781155e-03 
 1.58000000e-09 -6.82473983e-03 
 1.60000000e-09 -6.94076436e-03 
 1.62000000e-09 -7.05585577e-03 
 1.64000000e-09 -7.16998547e-03 
 1.66000000e-09 -7.28312518e-03 
 1.68000000e-09 -7.39524738e-03 
 1.70000000e-09 -7.50632487e-03 
 1.72000000e-09 -7.61633114e-03 
 1.74000000e-09 -7.72523999e-03 
 1.76000000e-09 -7.83302591e-03 
 1.78000000e-09 -7.93966366e-03 
 1.80000000e-09 -8.04512866e-03 
 1.82000000e-09 -8.14939662e-03 
 1.84000000e-09 -8.25244387e-03 
 1.86000000e-09 -8.35424703e-03 
 1.88000000e-09 -8.45478331e-03 
 1.90000000e-09 -8.55403024e-03 
 1.92000000e-09 -8.65196589e-03 
 1.94000000e-09 -8.74856866e-03 
 1.96000000e-09 -8.84381747e-03 
 1.98000000e-09 -8.93769160e-03 
 2.00000000e-09 -9.03017081e-03 
 2.02000000e-09 -9.12123522e-03 
 2.04000000e-09 -9.21086545e-03 
 2.06000000e-09 -9.29904246e-03 
 2.08000000e-09 -9.38574769e-03 
 2.10000000e-09 -9.47096295e-03 
 2.12000000e-09 -9.55467053e-03 
 2.14000000e-09 -9.63685306e-03 
 2.16000000e-09 -9.71749368e-03 
 2.18000000e-09 -9.79657584e-03 
 2.20000000e-09 -9.87408353e-03 
 2.22000000e-09 -9.95000105e-03 
 2.24000000e-09 -1.00243132e-02 
 2.26000000e-09 -1.00970051e-02 
 2.28000000e-09 -1.01680625e-02 
 2.30000000e-09 -1.02374713e-02 
 2.32000000e-09 -1.03052180e-02 
 2.34000000e-09 -1.03712895e-02 
 2.36000000e-09 -1.04356730e-02 
 2.38000000e-09 -1.04983564e-02 
 2.40000000e-09 -1.05593276e-02 
 2.42000000e-09 -1.06185754e-02 
 2.44000000e-09 -1.06760887e-02 
 2.46000000e-09 -1.07318570e-02 
 2.48000000e-09 -1.07858700e-02 
 2.50000000e-09 -1.08381181e-02 
 2.52000000e-09 -1.08885919e-02 
 2.54000000e-09 -1.09372827e-02 
 2.56000000e-09 -1.09841819e-02 
 2.58000000e-09 -1.10292816e-02 
 2.60000000e-09 -1.10725740e-02 
 2.62000000e-09 -1.11140522e-02 
 2.64000000e-09 -1.11537093e-02 
 2.66000000e-09 -1.11915390e-02 
 2.68000000e-09 -1.12275355e-02 
 2.70000000e-09 -1.12616931e-02 
 2.72000000e-09 -1.12940070e-02 
 2.74000000e-09 -1.13244723e-02 
 2.76000000e-09 -1.13530850e-02 
 2.78000000e-09 -1.13798412e-02 
 2.80000000e-09 -1.14047375e-02 
 2.82000000e-09 -1.14277710e-02 
 2.84000000e-09 -1.14489389e-02 
 2.86000000e-09 -1.14682393e-02 
 2.88000000e-09 -1.14856702e-02 
 2.90000000e-09 -1.15012304e-02 
 2.92000000e-09 -1.15149189e-02 
 2.94000000e-09 -1.15267350e-02 
 2.96000000e-09 -1.15366786e-02 
 2.98000000e-09 -1.15447500e-02 
 3.00000000e-09 -1.15509495e-02 
 3.02000000e-09 -1.15552784e-02 
 3.04000000e-09 -1.15577378e-02 
 3.06000000e-09 -1.15583294e-02 
 3.08000000e-09 -1.15570555e-02 
 3.10000000e-09 -1.15539183e-02 
 3.12000000e-09 -1.15489208e-02 
 3.14000000e-09 -1.15420660e-02 
 3.16000000e-09 -1.15333574e-02 
 3.18000000e-09 -1.15227990e-02 
 3.20000000e-09 -1.15103949e-02 
 3.22000000e-09 -1.14961495e-02 
 3.24000000e-09 -1.14800679e-02 
 3.26000000e-09 -1.14621551e-02 
 3.28000000e-09 -1.14424167e-02 
 3.30000000e-09 -1.14208585e-02 
 3.32000000e-09 -1.13974865e-02 
 3.34000000e-09 -1.13723073e-02 
 3.36000000e-09 -1.13453276e-02 
 3.38000000e-09 -1.13165543e-02 
 3.40000000e-09 -1.12859949e-02 
 3.42000000e-09 -1.12536568e-02 
 3.44000000e-09 -1.12195480e-02 
 3.46000000e-09 -1.11836766e-02 
 3.48000000e-09 -1.11460511e-02 
 3.50000000e-09 -1.11066800e-02 
 3.52000000e-09 -1.10655724e-02 
 3.54000000e-09 -1.10227373e-02 
 3.56000000e-09 -1.09781843e-02 
 3.58000000e-09 -1.09319229e-02 
 3.60000000e-09 -1.08839631e-02 
 3.62000000e-09 -1.08343150e-02 
 3.64000000e-09 -1.07829889e-02 
 3.66000000e-09 -1.07299954e-02 
 3.68000000e-09 -1.06753453e-02 
 3.70000000e-09 -1.06190495e-02 
 3.72000000e-09 -1.05611193e-02 
 3.74000000e-09 -1.05015660e-02 
 3.76000000e-09 -1.04404012e-02 
 3.78000000e-09 -1.03776366e-02 
 3.80000000e-09 -1.03132842e-02 
 3.82000000e-09 -1.02473561e-02 
 3.84000000e-09 -1.01798646e-02 
 3.86000000e-09 -1.01108221e-02 
 3.88000000e-09 -1.00402414e-02 
 3.90000000e-09 -9.96813506e-03 
 3.92000000e-09 -9.89451617e-03 
 3.94000000e-09 -9.81939776e-03 
 3.96000000e-09 -9.74279308e-03 
 3.98000000e-09 -9.66471551e-03 
 4.00000000e-09 -9.58517858e-03 
 4.02000000e-09 -9.50419593e-03 
 4.04000000e-09 -9.42178135e-03 
 4.06000000e-09 -9.33794876e-03 
 4.08000000e-09 -9.25271220e-03 
 4.10000000e-09 -9.16608584e-03 
 4.12000000e-09 -9.07808396e-03 
 4.14000000e-09 -8.98872096e-03 
 4.16000000e-09 -8.89801135e-03 
 4.18000000e-09 -8.80596975e-03 
 4.20000000e-09 -8.71261090e-03 
 4.22000000e-09 -8.61794963e-03 
 4.24000000e-09 -8.52200088e-03 
 4.26000000e-09 -8.42477971e-03 
 4.28000000e-09 -8.32630123e-03 
 4.30000000e-09 -8.22658070e-03 
 4.32000000e-09 -8.12563345e-03 
 4.34000000e-09 -8.02347489e-03 
 4.36000000e-09 -7.92012056e-03 
 4.38000000e-09 -7.81558606e-03 
 4.40000000e-09 -7.70988708e-03 
 4.42000000e-09 -7.60303941e-03 
 4.44000000e-09 -7.49505893e-03 
 4.46000000e-09 -7.38596159e-03 
 4.48000000e-09 -7.27576343e-03 
 4.50000000e-09 -7.16448059e-03 
 4.52000000e-09 -7.05212926e-03 
 4.54000000e-09 -6.93872575e-03 
 4.56000000e-09 -6.82428642e-03 
 4.58000000e-09 -6.70882774e-03 
 4.60000000e-09 -6.59236624e-03 
 4.62000000e-09 -6.47491855e-03 
 4.64000000e-09 -6.35650135e-03 
 4.66000000e-09 -6.23713144e-03 
 4.68000000e-09 -6.11682568e-03 
 4.70000000e-09 -5.99560100e-03 
 4.72000000e-09 -5.87347443e-03 
 4.74000000e-09 -5.75046309e-03 
 4.76000000e-09 -5.62658416e-03 
 4.78000000e-09 -5.50185490e-03 
 4.80000000e-09 -5.37629267e-03 
 4.82000000e-09 -5.24991492e-03 
 4.84000000e-09 -5.12273915e-03 
 4.86000000e-09 -4.99478297e-03 
 4.88000000e-09 -4.86606407e-03 
 4.90000000e-09 -4.73660023e-03 
 4.92000000e-09 -4.60640930e-03 
 4.94000000e-09 -4.47550924e-03 
 4.96000000e-09 -4.34391806e-03 
 4.98000000e-09 -4.21165391e-03 
 5.00000000e-09 -4.07873498e-03 
 5.02000000e-09 -3.94517958e-03 
 5.04000000e-09 -3.81100610e-03 
 5.06000000e-09 -3.67623302e-03 
 5.08000000e-09 -3.54087892e-03 
 5.10000000e-09 -3.40496246e-03 
 5.12000000e-09 -3.26850240e-03 
 5.14000000e-09 -3.13151760e-03 
 5.16000000e-09 -2.99402700e-03 
 5.18000000e-09 -2.85604964e-03 
 5.20000000e-09 -2.71760467e-03 
 5.22000000e-09 -2.57871132e-03 
 5.24000000e-09 -2.43938893e-03 
 5.26000000e-09 -2.29965692e-03 
 5.28000000e-09 -2.15953481e-03 
 5.30000000e-09 -2.01904225e-03 
 5.32000000e-09 -1.87819894e-03 
 5.34000000e-09 -1.73702471e-03 
 5.36000000e-09 -1.59553949e-03 
 5.38000000e-09 -1.45376329e-03 
 5.40000000e-09 -1.31171623e-03 
 5.42000000e-09 -1.16941854e-03 
 5.44000000e-09 -1.02689052e-03 
 5.46000000e-09 -8.84152603e-04 
 5.48000000e-09 -7.41225288e-04 
 5.50000000e-09 -5.98129192e-04 
 5.52000000e-09 -4.54885023e-04 
 5.54000000e-09 -3.11513586e-04 
 5.56000000e-09 -1.68035783e-04 
 5.58000000e-09 -2.44726084e-05 
 5.60000000e-09  1.19154847e-04 
 5.62000000e-09  2.62825401e-04 
 5.64000000e-09  4.06517779e-04 
 5.66000000e-09  5.50210615e-04 
 5.68000000e-09  6.93882457e-04 
 5.70000000e-09  8.37511762e-04 
 5.72000000e-09  9.81076904e-04 
 5.74000000e-09  1.12455617e-03 
 5.76000000e-09  1.26792777e-03 
 5.78000000e-09  1.41116984e-03 
 5.80000000e-09  1.55426041e-03 
 5.82000000e-09  1.69717747e-03 
 5.84000000e-09  1.83989893e-03 
 5.86000000e-09  1.98240260e-03 
 5.88000000e-09  2.12466626e-03 
 5.90000000e-09  2.26666762e-03 
 5.92000000e-09  2.40838430e-03 
 5.94000000e-09  2.54979391e-03 
 5.96000000e-09  2.69087395e-03 
 5.98000000e-09  2.83160192e-03 
 6.00000000e-09  2.97195525e-03 
 6.02000000e-09  3.11191132e-03 
 6.04000000e-09  3.25144748e-03 
 6.06000000e-09  3.39054105e-03 
 6.08000000e-09  3.52916932e-03 
 6.10000000e-09  3.66730953e-03 
 6.12000000e-09  3.80493894e-03 
 6.14000000e-09  3.94203475e-03 
 6.16000000e-09  4.07857418e-03 
 6.18000000e-09  4.21453443e-03 
 6.20000000e-09  4.34989269e-03 
 6.22000000e-09  4.48462618e-03 
 6.24000000e-09  4.61871211e-03 
 6.26000000e-09  4.75212770e-03 
 6.28000000e-09  4.88485019e-03 
 6.30000000e-09  5.01685688e-03 
 6.32000000e-09  5.14812505e-03 
 6.34000000e-09  5.27863205e-03 
 6.36000000e-09  5.40835527e-03 
 6.38000000e-09  5.53727216e-03 
 6.40000000e-09  5.66536021e-03 
 6.42000000e-09  5.79259697e-03 
 6.44000000e-09  5.91896008e-03 
 6.46000000e-09  6.04442724e-03 
 6.48000000e-09  6.16897624e-03 
 6.50000000e-09  6.29258496e-03 
 6.52000000e-09  6.41523138e-03 
 6.54000000e-09  6.53689359e-03 
 6.56000000e-09  6.65754977e-03 
 6.58000000e-09  6.77717823e-03 
 6.60000000e-09  6.89575742e-03 
 6.62000000e-09  7.01326590e-03 
 6.64000000e-09  7.12968239e-03 
 6.66000000e-09  7.24498573e-03 
 6.68000000e-09  7.35915494e-03 
 6.70000000e-09  7.47216920e-03 
 6.72000000e-09  7.58400785e-03 
 6.74000000e-09  7.69465040e-03 
 6.76000000e-09  7.80407656e-03 
 6.78000000e-09  7.91226622e-03 
 6.80000000e-09  8.01919948e-03 
 6.82000000e-09  8.12485663e-03 
 6.84000000e-09  8.22921819e-03 
 6.86000000e-09  8.33226488e-03 
 6.88000000e-09  8.43397767e-03 
 6.90000000e-09  8.53433775e-03 
 6.92000000e-09  8.63332655e-03 
 6.94000000e-09  8.73092576e-03 
 6.96000000e-09  8.82711731e-03 
 6.98000000e-09  8.92188341e-03 
 7.00000000e-09  9.01520653e-03 
 7.02000000e-09  9.10706941e-03 
 7.04000000e-09  9.19745508e-03 
 7.06000000e-09  9.28634685e-03 
 7.08000000e-09  9.37372833e-03 
 7.10000000e-09  9.45958344e-03 
 7.12000000e-09  9.54389640e-03 
 7.14000000e-09  9.62665172e-03 
 7.16000000e-09  9.70783427e-03 
 7.18000000e-09  9.78742921e-03 
 7.20000000e-09  9.86542205e-03 
 7.22000000e-09  9.94179862e-03 
 7.24000000e-09  1.00165451e-02 
 7.26000000e-09  1.00896480e-02 
 7.28000000e-09  1.01610942e-02 
 7.30000000e-09  1.02308710e-02 
 7.32000000e-09  1.02989658e-02 
 7.34000000e-09  1.03653667e-02 
 7.36000000e-09  1.04300619e-02 
 7.38000000e-09  1.04930402e-02 
 7.40000000e-09  1.05542905e-02 
 7.42000000e-09  1.06138024e-02 
 7.44000000e-09  1.06715656e-02 
 7.46000000e-09  1.07275703e-02 
 7.48000000e-09  1.07818071e-02 
 7.50000000e-09  1.08342670e-02 
 7.52000000e-09  1.08849412e-02 
 7.54000000e-09  1.09338216e-02 
 7.56000000e-09  1.09809003e-02 
 7.58000000e-09  1.10261698e-02 
 7.60000000e-09  1.10696230e-02 
 7.62000000e-09  1.11112533e-02 
 7.64000000e-09  1.11510544e-02 
 7.66000000e-09  1.11890204e-02 
 7.68000000e-09  1.12251459e-02 
 7.70000000e-09  1.12594256e-02 
 7.72000000e-09  1.12918550e-02 
 7.74000000e-09  1.13224298e-02 
 7.76000000e-09  1.13511461e-02 
 7.78000000e-09  1.13780003e-02 
 7.80000000e-09  1.14029894e-02 
 7.82000000e-09  1.14261107e-02 
 7.84000000e-09  1.14473619e-02 
 7.86000000e-09  1.14667410e-02 
 7.88000000e-09  1.14842466e-02 
 7.90000000e-09  1.14998774e-02 
 7.92000000e-09  1.15136328e-02 
 7.94000000e-09  1.15255122e-02 
 7.96000000e-09  1.15355159e-02 
 7.98000000e-09  1.15436440e-02 
 8.00000000e-09  1.15498974e-02 
 8.02000000e-09  1.15542772e-02 
 8.04000000e-09  1.15567849e-02 
 8.06000000e-09  1.15574224e-02 
 8.08000000e-09  1.15561918e-02 
 8.10000000e-09  1.15530957e-02 
 8.12000000e-09  1.15481371e-02 
 8.14000000e-09  1.15413192e-02 
 8.16000000e-09  1.15326457e-02 
 8.18000000e-09  1.15221204e-02 
 8.20000000e-09  1.15097477e-02 
 8.22000000e-09  1.14955322e-02 
 8.24000000e-09  1.14794788e-02 
 8.26000000e-09  1.14615929e-02 
 8.28000000e-09  1.14418799e-02 
 8.30000000e-09  1.14203458e-02 
 8.32000000e-09  1.13969967e-02 
 8.34000000e-09  1.13718392e-02 
 8.36000000e-09  1.13448801e-02 
 8.38000000e-09  1.13161264e-02 
 8.40000000e-09  1.12855856e-02 
 8.42000000e-09  1.12532651e-02 
 8.44000000e-09  1.12191731e-02 
 8.46000000e-09  1.11833176e-02 
 8.48000000e-09  1.11457072e-02 
 8.50000000e-09  1.11063505e-02 
 8.52000000e-09  1.10652565e-02 
 8.54000000e-09  1.10224344e-02 
 8.56000000e-09  1.09778937e-02 
 8.58000000e-09  1.09316441e-02 
 8.60000000e-09  1.08836954e-02 
 8.62000000e-09  1.08340580e-02 
 8.64000000e-09  1.07827420e-02 
 8.66000000e-09  1.07297581e-02 
 8.68000000e-09  1.06751172e-02 
 8.70000000e-09  1.06188302e-02 
 8.72000000e-09  1.05609082e-02 
 8.74000000e-09  1.05013629e-02 
 8.76000000e-09  1.04402056e-02 
 8.78000000e-09  1.03774482e-02 
 8.80000000e-09  1.03131027e-02 
 8.82000000e-09  1.02471811e-02 
 8.84000000e-09  1.01796959e-02 
 8.86000000e-09  1.01106594e-02 
 8.88000000e-09  1.00400844e-02 
 8.90000000e-09  9.96798355e-03 
 8.92000000e-09  9.89436987e-03 
 8.94000000e-09  9.81925645e-03 
 8.96000000e-09  9.74265655e-03 
 8.98000000e-09  9.66458355e-03 
 9.00000000e-09  9.58505099e-03 
 9.02000000e-09  9.50407253e-03 
 9.04000000e-09  9.42166196e-03 
 9.06000000e-09  9.33783322e-03 
 9.08000000e-09  9.25260035e-03 
 9.10000000e-09  9.16597753e-03 
 9.12000000e-09  9.07797905e-03 
 9.14000000e-09  8.98861931e-03 
 9.16000000e-09  8.89791283e-03 
 9.18000000e-09  8.80587425e-03 
 9.20000000e-09  8.71251829e-03 
 9.22000000e-09  8.61785981e-03 
 9.24000000e-09  8.52191374e-03 
 9.26000000e-09  8.42469515e-03 
 9.28000000e-09  8.32621916e-03 
 9.30000000e-09  8.22650102e-03 
 9.32000000e-09  8.12555608e-03 
 9.34000000e-09  8.02339976e-03 
 9.36000000e-09  7.92004757e-03 
 9.38000000e-09  7.81551514e-03 
 9.40000000e-09  7.70981817e-03 
 9.42000000e-09  7.60297244e-03 
 9.44000000e-09  7.49499383e-03 
 9.46000000e-09  7.38589830e-03 
 9.48000000e-09  7.27570190e-03 
 9.50000000e-09  7.16442075e-03 
 9.52000000e-09  7.05207107e-03 
 9.54000000e-09  6.93866915e-03 
 9.56000000e-09  6.82423137e-03 
 9.58000000e-09  6.70877419e-03 
 9.60000000e-09  6.59231414e-03 
 9.62000000e-09  6.47486786e-03 
 9.64000000e-09  6.35645203e-03 
 9.66000000e-09  6.23708345e-03 
 9.68000000e-09  6.11677898e-03 
 9.70000000e-09  5.99555556e-03 
 9.72000000e-09  5.87343022e-03 
 9.74000000e-09  5.75042006e-03 
 9.76000000e-09  5.62654228e-03 
 9.78000000e-09  5.50181415e-03 
 9.80000000e-09  5.37625303e-03 
 9.82000000e-09  5.24987634e-03 
 9.84000000e-09  5.12270161e-03 
 9.86000000e-09  4.99474645e-03 
 9.88000000e-09  4.86602855e-03 
 9.90000000e-09  4.73656567e-03 
 9.92000000e-09  4.60637568e-03 
 9.94000000e-09  4.47547654e-03 
 9.96000000e-09  4.34388626e-03 
 9.98000000e-09  4.21162298e-03 
 1.00000000e-08  4.07870491e-03 
 1.00200000e-08  3.94515035e-03 
 1.00400000e-08  3.81097769e-03 
 1.00600000e-08  3.67620541e-03 
 1.00800000e-08  3.54085209e-03 
 1.01000000e-08  3.40493639e-03 
 1.01200000e-08  3.26847708e-03 
 1.01400000e-08  3.13149301e-03 
 1.01600000e-08  2.99400313e-03 
 1.01800000e-08  2.85602647e-03 
 1.02000000e-08  2.71758219e-03 
 1.02200000e-08  2.57868951e-03 
 1.02400000e-08  2.43936777e-03 
 1.02600000e-08  2.29963640e-03 
 1.02800000e-08  2.15951492e-03 
 1.03000000e-08  2.01902297e-03 
 1.03200000e-08  1.87818027e-03 
 1.03400000e-08  1.73700663e-03 
 1.03600000e-08  1.59552199e-03 
 1.03800000e-08  1.45374636e-03 
 1.04000000e-08  1.31169986e-03 
 1.04200000e-08  1.16940271e-03 
 1.04400000e-08  1.02687522e-03 
 1.04600000e-08  8.84137822e-04 
 1.04800000e-08  7.41211018e-04 
 1.05000000e-08  5.98115423e-04 
 1.05200000e-08  4.54871745e-04 
 1.05400000e-08  3.11500789e-04 
 1.05600000e-08  1.68023456e-04 
 1.05800000e-08  2.44607426e-05 
 1.06000000e-08 -1.19166261e-04 
 1.06200000e-08 -2.62836373e-04 
 1.06400000e-08 -4.06528317e-04 
 1.06600000e-08 -5.50220729e-04 
 1.06800000e-08 -6.93892154e-04 
 1.07000000e-08 -8.37521052e-04 
 1.07200000e-08 -9.81085795e-04 
 1.07400000e-08 -1.12456467e-03 
 1.07600000e-08 -1.26793589e-03 
 1.07800000e-08 -1.41117758e-03 
 1.08000000e-08 -1.55426779e-03 
 1.08200000e-08 -1.69718449e-03 
 1.08400000e-08 -1.83990559e-03 
 1.08600000e-08 -1.98240892e-03 
 1.08800000e-08 -2.12467225e-03 
 1.09000000e-08 -2.26667328e-03 
 1.09200000e-08 -2.40838964e-03 
 1.09400000e-08 -2.54979893e-03 
 1.09600000e-08 -2.69087867e-03 
 1.09800000e-08 -2.83160634e-03 
 1.10000000e-08 -2.97195937e-03 
 1.10200000e-08 -3.11191515e-03 
 1.10400000e-08 -3.25145103e-03 
 1.10600000e-08 -3.39054433e-03 
 1.10800000e-08 -3.52917233e-03 
 1.11000000e-08 -3.66731228e-03 
 1.11200000e-08 -3.80494143e-03 
 1.11400000e-08 -3.94203700e-03 
 1.11600000e-08 -4.07857618e-03 
 1.11800000e-08 -4.21453619e-03 
 1.12000000e-08 -4.34989422e-03 
 1.12200000e-08 -4.48462749e-03 
 1.12400000e-08 -4.61871319e-03 
 1.12600000e-08 -4.75212857e-03 
 1.12800000e-08 -4.88485086e-03 
 1.13000000e-08 -5.01685733e-03 
 1.13200000e-08 -5.14812530e-03 
 1.13400000e-08 -5.27863211e-03 
 1.13600000e-08 -5.40835515e-03 
 1.13800000e-08 -5.53727186e-03 
 1.14000000e-08 -5.66535972e-03 
 1.14200000e-08 -5.79259632e-03 
 1.14400000e-08 -5.91895926e-03 
 1.14600000e-08 -6.04442625e-03 
 1.14800000e-08 -6.16897509e-03 
 1.15000000e-08 -6.29258366e-03 
 1.15200000e-08 -6.41522994e-03 
 1.15400000e-08 -6.53689200e-03 
 1.15600000e-08 -6.65754804e-03 
 1.15800000e-08 -6.77717637e-03 
 1.16000000e-08 -6.89575542e-03 
 1.16200000e-08 -7.01326378e-03 
 1.16400000e-08 -7.12968014e-03 
 1.16600000e-08 -7.24498337e-03 
 1.16800000e-08 -7.35915247e-03 
 1.17000000e-08 -7.47216661e-03 
 1.17200000e-08 -7.58400515e-03 
 1.17400000e-08 -7.69464760e-03 
 1.17600000e-08 -7.80407366e-03 
 1.17800000e-08 -7.91226323e-03 
 1.18000000e-08 -8.01919640e-03 
 1.18200000e-08 -8.12485346e-03 
 1.18400000e-08 -8.22921493e-03 
 1.18600000e-08 -8.33226155e-03 
 1.18800000e-08 -8.43397426e-03 
 1.19000000e-08 -8.53433426e-03 
 1.19200000e-08 -8.63332299e-03 
 1.19400000e-08 -8.73092214e-03 
 1.19600000e-08 -8.82711363e-03 
 1.19800000e-08 -8.92187967e-03 
 1.20000000e-08 -9.01520272e-03 
 1.20200000e-08 -9.10706555e-03 
 1.20400000e-08 -9.19745116e-03 
 1.20600000e-08 -9.28634289e-03 
 1.20800000e-08 -9.37372432e-03 
 1.21000000e-08 -9.45957939e-03 
 1.21200000e-08 -9.54389230e-03 
 1.21400000e-08 -9.62664759e-03 
 1.21600000e-08 -9.70783011e-03 
 1.21800000e-08 -9.78742502e-03 
 1.22000000e-08 -9.86541782e-03 
 1.22200000e-08 -9.94179437e-03 
 1.22400000e-08 -1.00165408e-02 
 1.22600000e-08 -1.00896437e-02 
 1.22800000e-08 -1.01610899e-02 
 1.23000000e-08 -1.02308666e-02 
 1.23200000e-08 -1.02989614e-02 
 1.23400000e-08 -1.03653623e-02 
 1.23600000e-08 -1.04300575e-02 
 1.23800000e-08 -1.04930358e-02 
 1.24000000e-08 -1.05542861e-02 
 1.24200000e-08 -1.06137980e-02 
 1.24400000e-08 -1.06715612e-02 
 1.24600000e-08 -1.07275659e-02 
 1.24800000e-08 -1.07818027e-02 
 1.25000000e-08 -1.08342625e-02 
 1.25200000e-08 -1.08849368e-02 
 1.25400000e-08 -1.09338172e-02 
 1.25600000e-08 -1.09808959e-02 
 1.25800000e-08 -1.10261654e-02 
 1.26000000e-08 -1.10696186e-02 
 1.26200000e-08 -1.11112490e-02 
 1.26400000e-08 -1.11510501e-02 
 1.26600000e-08 -1.11890161e-02 
 1.26800000e-08 -1.12251415e-02 
 1.27000000e-08 -1.12594213e-02 
 1.27200000e-08 -1.12918507e-02 
 1.27400000e-08 -1.13224255e-02 
 1.27600000e-08 -1.13511418e-02 
 1.27800000e-08 -1.13779960e-02 
 1.28000000e-08 -1.14029852e-02 
 1.28200000e-08 -1.14261065e-02 
 1.28400000e-08 -1.14473577e-02 
 1.28600000e-08 -1.14667369e-02 
 1.28800000e-08 -1.14842424e-02 
 1.29000000e-08 -1.14998733e-02 
 1.29200000e-08 -1.15136286e-02 
 1.29400000e-08 -1.15255082e-02 
 1.29600000e-08 -1.15355118e-02 
 1.29800000e-08 -1.15436400e-02 
 1.30000000e-08 -1.15498934e-02 
 1.30200000e-08 -1.15542733e-02 
 1.30400000e-08 -1.15567810e-02 
 1.30600000e-08 -1.15574185e-02 
 1.30800000e-08 -1.15561879e-02 
 1.31000000e-08 -1.15530919e-02 
 1.31200000e-08 -1.15481333e-02 
 1.31400000e-08 -1.15413154e-02 
 1.31600000e-08 -1.15326419e-02 
 1.31800000e-08 -1.15221167e-02 
 1.32000000e-08 -1.15097440e-02 
 1.32200000e-08 -1.14955286e-02 
 1.32400000e-08 -1.14794752e-02 
 1.32600000e-08 -1.14615893e-02 
 1.32800000e-08 -1.14418763e-02 
 1.33000000e-08 -1.14203423e-02 
 1.33200000e-08 -1.13969933e-02 
 1.33400000e-08 -1.13718358e-02 
 1.33600000e-08 -1.13448767e-02 
 1.33800000e-08 -1.13161231e-02 
 1.34000000e-08 -1.12855822e-02 
 1.34200000e-08 -1.12532618e-02 
 1.34400000e-08 -1.12191698e-02 
 1.34600000e-08 -1.11833144e-02 
 1.34800000e-08 -1.11457040e-02 
 1.35000000e-08 -1.11063473e-02 
 1.35200000e-08 -1.10652534e-02 
 1.35400000e-08 -1.10224313e-02 
 1.35600000e-08 -1.09778907e-02 
 1.35800000e-08 -1.09316411e-02 
 1.36000000e-08 -1.08836925e-02 
 1.36200000e-08 -1.08340550e-02 
 1.36400000e-08 -1.07827391e-02 
 1.36600000e-08 -1.07297553e-02 
 1.36800000e-08 -1.06751144e-02 
 1.37000000e-08 -1.06188274e-02 
 1.37200000e-08 -1.05609055e-02 
 1.37400000e-08 -1.05013602e-02 
 1.37600000e-08 -1.04402029e-02 
 1.37800000e-08 -1.03774456e-02 
 1.38000000e-08 -1.03131001e-02 
 1.38200000e-08 -1.02471786e-02 
 1.38400000e-08 -1.01796934e-02 
 1.38600000e-08 -1.01106570e-02 
 1.38800000e-08 -1.00400819e-02 
 1.39000000e-08 -9.96798114e-03 
 1.39200000e-08 -9.89436749e-03 
 1.39400000e-08 -9.81925411e-03 
 1.39600000e-08 -9.74265424e-03 
 1.39800000e-08 -9.66458128e-03 
 1.40000000e-08 -9.58504875e-03 
 1.40200000e-08 -9.50407032e-03 
 1.40400000e-08 -9.42165979e-03 
 1.40600000e-08 -9.33783109e-03 
 1.40800000e-08 -9.25259825e-03 
 1.41000000e-08 -9.16597547e-03 
 1.41200000e-08 -9.07797701e-03 
 1.41400000e-08 -8.98861731e-03 
 1.41600000e-08 -8.89791086e-03 
 1.41800000e-08 -8.80587231e-03 
 1.42000000e-08 -8.71251639e-03 
 1.42200000e-08 -8.61785794e-03 
 1.42400000e-08 -8.52191190e-03 
 1.42600000e-08 -8.42469334e-03 
 1.42800000e-08 -8.32621738e-03 
 1.43000000e-08 -8.22649928e-03 
 1.43200000e-08 -8.12555436e-03 
 1.43400000e-08 -8.02339807e-03 
 1.43600000e-08 -7.92004592e-03 
 1.43800000e-08 -7.81551352e-03 
 1.44000000e-08 -7.70981657e-03 
 1.44200000e-08 -7.60297087e-03 
 1.44400000e-08 -7.49499229e-03 
 1.44600000e-08 -7.38589679e-03 
 1.44800000e-08 -7.27570042e-03 
 1.45000000e-08 -7.16441930e-03 
 1.45200000e-08 -7.05206964e-03 
 1.45400000e-08 -6.93866775e-03 
 1.45600000e-08 -6.82423000e-03 
 1.45800000e-08 -6.70877284e-03 
 1.46000000e-08 -6.59231283e-03 
 1.46200000e-08 -6.47486657e-03 
 1.46400000e-08 -6.35645077e-03 
 1.46600000e-08 -6.23708221e-03 
 1.46800000e-08 -6.11677776e-03 
 1.47000000e-08 -5.99555437e-03 
 1.47200000e-08 -5.87342905e-03 
 1.47400000e-08 -5.75041892e-03 
 1.47600000e-08 -5.62654117e-03 
 1.47800000e-08 -5.50181306e-03 
 1.48000000e-08 -5.37625196e-03 
 1.48200000e-08 -5.24987530e-03 
 1.48400000e-08 -5.12270059e-03 
 1.48600000e-08 -4.99474545e-03 
 1.48800000e-08 -4.86602757e-03 
 1.49000000e-08 -4.73656471e-03 
 1.49200000e-08 -4.60637475e-03 
 1.49400000e-08 -4.47547562e-03 
 1.49600000e-08 -4.34388537e-03 
 1.49800000e-08 -4.21162211e-03 
 1.50000000e-08 -4.07870406e-03 
 1.50200000e-08 -3.94514952e-03 
 1.50400000e-08 -3.81097688e-03 
 1.50600000e-08 -3.67620462e-03 
 1.50800000e-08 -3.54085132e-03 
 1.51000000e-08 -3.40493565e-03 
 1.51200000e-08 -3.26847636e-03 
 1.51400000e-08 -3.13149230e-03 
 1.51600000e-08 -2.99400244e-03 
 1.51800000e-08 -2.85602580e-03 
 1.52000000e-08 -2.71758153e-03 
 1.52200000e-08 -2.57868887e-03 
 1.52400000e-08 -2.43936715e-03 
 1.52600000e-08 -2.29963580e-03 
 1.52800000e-08 -2.15951434e-03 
 1.53000000e-08 -2.01902241e-03 
 1.53200000e-08 -1.87817972e-03 
 1.53400000e-08 -1.73700610e-03 
 1.53600000e-08 -1.59552147e-03 
 1.53800000e-08 -1.45374585e-03 
 1.54000000e-08 -1.31169937e-03 
 1.54200000e-08 -1.16940223e-03 
 1.54400000e-08 -1.02687477e-03 
 1.54600000e-08 -8.84137381e-04 
 1.54800000e-08 -7.41210592e-04 
 1.55000000e-08 -5.98115011e-04 
 1.55200000e-08 -4.54871347e-04 
 1.55400000e-08 -3.11500405e-04 
 1.55600000e-08 -1.68023086e-04 
 1.55800000e-08 -2.44603858e-05 
 1.56000000e-08  1.19166605e-04 
 1.56200000e-08  2.62836703e-04 
 1.56400000e-08  4.06528635e-04 
 1.56600000e-08  5.50221034e-04 
 1.56800000e-08  6.93892447e-04 
 1.57000000e-08  8.37521333e-04 
 1.57200000e-08  9.81086064e-04 
 1.57400000e-08  1.12456493e-03 
 1.57600000e-08  1.26793614e-03 
 1.57800000e-08  1.41117782e-03 
 1.58000000e-08  1.55426801e-03 
 1.58200000e-08  1.69718471e-03 
 1.58400000e-08  1.83990580e-03 
 1.58600000e-08  1.98240912e-03 
 1.58800000e-08  2.12467243e-03 
 1.59000000e-08  2.26667345e-03 
 1.59200000e-08  2.40838980e-03 
 1.59400000e-08  2.54979908e-03 
 1.59600000e-08  2.69087881e-03 
 1.59800000e-08  2.83160647e-03 
 1.60000000e-08  2.97195949e-03 
 1.60200000e-08  3.11191527e-03 
 1.60400000e-08  3.25145114e-03 
 1.60600000e-08  3.39054443e-03 
 1.60800000e-08  3.52917242e-03 
 1.61000000e-08  3.66731236e-03 
 1.61200000e-08  3.80494151e-03 
 1.61400000e-08  3.94203706e-03 
 1.61600000e-08  4.07857624e-03 
 1.61800000e-08  4.21453624e-03 
 1.62000000e-08  4.34989427e-03 
 1.62200000e-08  4.48462753e-03 
 1.62400000e-08  4.61871322e-03 
 1.62600000e-08  4.75212859e-03 
 1.62800000e-08  4.88485087e-03 
 1.63000000e-08  5.01685734e-03 
 1.63200000e-08  5.14812531e-03 
 1.63400000e-08  5.27863211e-03 
 1.63600000e-08  5.40835515e-03 
 1.63800000e-08  5.53727184e-03 
 1.64000000e-08  5.66535971e-03 
 1.64200000e-08  5.79259629e-03 
 1.64400000e-08  5.91895923e-03 
 1.64600000e-08  6.04442622e-03 
 1.64800000e-08  6.16897505e-03 
 1.65000000e-08  6.29258362e-03 
 1.65200000e-08  6.41522989e-03 
 1.65400000e-08  6.53689194e-03 
 1.65600000e-08  6.65754798e-03 
 1.65800000e-08  6.77717631e-03 
 1.66000000e-08  6.89575536e-03 
 1.66200000e-08  7.01326371e-03 
 1.66400000e-08  7.12968007e-03 
 1.66600000e-08  7.24498329e-03 
 1.66800000e-08  7.35915239e-03 
 1.67000000e-08  7.47216653e-03 
 1.67200000e-08  7.58400507e-03 
 1.67400000e-08  7.69464751e-03 
 1.67600000e-08  7.80407357e-03 
 1.67800000e-08  7.91226313e-03 
 1.68000000e-08  8.01919630e-03 
 1.68200000e-08  8.12485336e-03 
 1.68400000e-08  8.22921483e-03 
 1.68600000e-08  8.33226144e-03 
 1.68800000e-08  8.43397415e-03 
 1.69000000e-08  8.53433415e-03 
 1.69200000e-08  8.63332288e-03 
 1.69400000e-08  8.73092202e-03 
 1.69600000e-08  8.82711351e-03 
 1.69800000e-08  8.92187954e-03 
 1.70000000e-08  9.01520260e-03 
 1.70200000e-08  9.10706542e-03 
 1.70400000e-08  9.19745104e-03 
 1.70600000e-08  9.28634276e-03 
 1.70800000e-08  9.37372420e-03 
 1.71000000e-08  9.45957926e-03 
 1.71200000e-08  9.54389217e-03 
 1.71400000e-08  9.62664746e-03 
 1.71600000e-08  9.70782997e-03 
 1.71800000e-08  9.78742488e-03 
 1.72000000e-08  9.86541769e-03 
 1.72200000e-08  9.94179423e-03 
 1.72400000e-08  1.00165407e-02 
 1.72600000e-08  1.00896436e-02 
 1.72800000e-08  1.01610898e-02 
 1.73000000e-08  1.02308665e-02 
 1.73200000e-08  1.02989613e-02 
 1.73400000e-08  1.03653622e-02 
 1.73600000e-08  1.04300574e-02 
 1.73800000e-08  1.04930356e-02 
 1.74000000e-08  1.05542860e-02 
 1.74200000e-08  1.06137978e-02 
 1.74400000e-08  1.06715610e-02 
 1.74600000e-08  1.07275657e-02 
 1.74800000e-08  1.07818025e-02 
 1.75000000e-08  1.08342624e-02 
 1.75200000e-08  1.08849366e-02 
 1.75400000e-08  1.09338171e-02 
 1.75600000e-08  1.09808957e-02 
 1.75800000e-08  1.10261652e-02 
 1.76000000e-08  1.10696185e-02 
 1.76200000e-08  1.11112488e-02 
 1.76400000e-08  1.11510499e-02 
 1.76600000e-08  1.11890159e-02 
 1.76800000e-08  1.12251414e-02 
 1.77000000e-08  1.12594211e-02 
 1.77200000e-08  1.12918506e-02 
 1.77400000e-08  1.13224254e-02 
 1.77600000e-08  1.13511416e-02 
 1.77800000e-08  1.13779959e-02 
 1.78000000e-08  1.14029850e-02 
 1.78200000e-08  1.14261064e-02 
 1.78400000e-08  1.14473576e-02 
 1.78600000e-08  1.14667367e-02 
 1.78800000e-08  1.14842423e-02 
 1.79000000e-08  1.14998731e-02 
 1.79200000e-08  1.15136285e-02 
 1.79400000e-08  1.15255080e-02 
 1.79600000e-08  1.15355117e-02 
 1.79800000e-08  1.15436398e-02 
 1.80000000e-08  1.15498933e-02 
 1.80200000e-08  1.15542731e-02 
 1.80400000e-08  1.15567809e-02 
 1.80600000e-08  1.15574184e-02 
 1.80800000e-08  1.15561878e-02 
 1.81000000e-08  1.15530918e-02 
 1.81200000e-08  1.15481332e-02 
 1.81400000e-08  1.15413153e-02 
 1.81600000e-08  1.15326418e-02 
 1.81800000e-08  1.15221166e-02 
 1.82000000e-08  1.15097439e-02 
 1.82200000e-08  1.14955284e-02 
 1.82400000e-08  1.14794751e-02 
 1.82600000e-08  1.14615892e-02 
 1.82800000e-08  1.14418762e-02 
 1.83000000e-08  1.14203421e-02 
 1.83200000e-08  1.13969931e-02 
 1.83400000e-08  1.13718357e-02 
 1.83600000e-08  1.13448766e-02 
 1.83800000e-08  1.13161230e-02 
 1.84000000e-08  1.12855821e-02 
 1.84200000e-08  1.12532617e-02 
 1.84400000e-08  1.12191697e-02 
 1.84600000e-08  1.11833143e-02 
 1.84800000e-08  1.11457039e-02 
 1.85000000e-08  1.11063472e-02 
 1.85200000e-08  1.10652533e-02 
 1.85400000e-08  1.10224312e-02 
 1.85600000e-08  1.09778906e-02 
 1.85800000e-08  1.09316410e-02 
 1.86000000e-08  1.08836924e-02 
 1.86200000e-08  1.08340549e-02 
 1.86400000e-08  1.07827390e-02 
 1.86600000e-08  1.07297552e-02 
 1.86800000e-08  1.06751143e-02 
 1.87000000e-08  1.06188273e-02 
 1.87200000e-08  1.05609054e-02 
 1.87400000e-08  1.05013601e-02 
 1.87600000e-08  1.04402028e-02 
 1.87800000e-08  1.03774455e-02 
 1.88000000e-08  1.03131000e-02 
 1.88200000e-08  1.02471785e-02 
 1.88400000e-08  1.01796933e-02 
 1.88600000e-08  1.01106569e-02 
 1.88800000e-08  1.00400819e-02 
 1.89000000e-08  9.96798106e-03 
 1.89200000e-08  9.89436742e-03 
 1.89400000e-08  9.81925404e-03 
 1.89600000e-08  9.74265417e-03 
 1.89800000e-08  9.66458121e-03 
 1.90000000e-08  9.58504868e-03 
 1.90200000e-08  9.50407025e-03 
 1.90400000e-08  9.42165972e-03 
 1.90600000e-08  9.33783102e-03 
 1.90800000e-08  9.25259819e-03 
 1.91000000e-08  9.16597540e-03 
 1.91200000e-08  9.07797695e-03 
 1.91400000e-08  8.98861724e-03 
 1.91600000e-08  8.89791080e-03 
 1.91800000e-08  8.80587225e-03 
 1.92000000e-08  8.71251632e-03 
 1.92200000e-08  8.61785788e-03 
 1.92400000e-08  8.52191184e-03 
 1.92600000e-08  8.42469328e-03 
 1.92800000e-08  8.32621732e-03 
 1.93000000e-08  8.22649922e-03 
 1.93200000e-08  8.12555431e-03 
 1.93400000e-08  8.02339801e-03 
 1.93600000e-08  7.92004586e-03 
 1.93800000e-08  7.81551347e-03 
 1.94000000e-08  7.70981652e-03 
 1.94200000e-08  7.60297082e-03 
 1.94400000e-08  7.49499224e-03 
 1.94600000e-08  7.38589675e-03 
 1.94800000e-08  7.27570037e-03 
 1.95000000e-08  7.16441925e-03 
 1.95200000e-08  7.05206960e-03 
 1.95400000e-08  6.93866771e-03 
 1.95600000e-08  6.82422996e-03 
 1.95800000e-08  6.70877280e-03 
 1.96000000e-08  6.59231278e-03 
 1.96200000e-08  6.47486652e-03 
 1.96400000e-08  6.35645073e-03 
 1.96600000e-08  6.23708217e-03 
 1.96800000e-08  6.11677772e-03 
 1.97000000e-08  5.99555433e-03 
 1.97200000e-08  5.87342901e-03 
 1.97400000e-08  5.75041889e-03 
 1.97600000e-08  5.62654113e-03 
 1.97800000e-08  5.50181303e-03 
 1.98000000e-08  5.37625193e-03 
 1.98200000e-08  5.24987526e-03 
 1.98400000e-08  5.12270056e-03 
 1.98600000e-08  4.99474542e-03 
 1.98800000e-08  4.86602754e-03 
 1.99000000e-08  4.73656468e-03 
 1.99200000e-08  4.60637472e-03 
 1.99400000e-08  4.47547560e-03 
 1.99600000e-08  4.34388534e-03 
 1.99800000e-08  4.21162209e-03 
 2.00000000e-08  4.07870404e-03 
 2.00200000e-08  3.94514950e-03 
 2.00400000e-08  3.81097686e-03 
 2.00600000e-08  3.67620460e-03 
 2.00800000e-08  3.54085130e-03 
 2.01000000e-08  3.40493562e-03 
 2.01200000e-08  3.26847633e-03 
 2.01400000e-08  3.13149228e-03 
 2.01600000e-08  2.99400241e-03 
 2.01800000e-08  2.85602578e-03 
 2.02000000e-08  2.71758151e-03 
 2.02200000e-08  2.57868885e-03 
 2.02400000e-08  2.43936713e-03 
 2.02600000e-08  2.29963578e-03 
 2.02800000e-08  2.15951432e-03 
 2.03000000e-08  2.01902239e-03 
 2.03200000e-08  1.87817970e-03 
 2.03400000e-08  1.73700608e-03 
 2.03600000e-08  1.59552145e-03 
 2.03800000e-08  1.45374584e-03 
 2.04000000e-08  1.31169935e-03 
 2.04200000e-08  1.16940222e-03 
 2.04400000e-08  1.02687475e-03 
 2.04600000e-08  8.84137367e-04 
 2.04800000e-08  7.41210578e-04 
 2.05000000e-08  5.98114998e-04 
 2.05200000e-08  4.54871334e-04 
 2.05400000e-08  3.11500393e-04 
 2.05600000e-08  1.68023074e-04 
 2.05800000e-08  2.44603744e-05 
 2.06000000e-08 -1.19166616e-04 
 2.06200000e-08 -2.62836714e-04 
 2.06400000e-08 -4.06528645e-04 
 2.06600000e-08 -5.50221044e-04 
 2.06800000e-08 -6.93892457e-04 
 2.07000000e-08 -8.37521342e-04 
 2.07200000e-08 -9.81086073e-04 
 2.07400000e-08 -1.12456494e-03 
 2.07600000e-08 -1.26793615e-03 
 2.07800000e-08 -1.41117782e-03 
 2.08000000e-08 -1.55426802e-03 
 2.08200000e-08 -1.69718471e-03 
 2.08400000e-08 -1.83990580e-03 
 2.08600000e-08 -1.98240912e-03 
 2.08800000e-08 -2.12467244e-03 
 2.09000000e-08 -2.26667345e-03 
 2.09200000e-08 -2.40838981e-03 
 2.09400000e-08 -2.54979909e-03 
 2.09600000e-08 -2.69087881e-03 
 2.09800000e-08 -2.83160647e-03 
 2.10000000e-08 -2.97195950e-03 
 2.10200000e-08 -3.11191527e-03 
 2.10400000e-08 -3.25145114e-03 
 2.10600000e-08 -3.39054443e-03 
 2.10800000e-08 -3.52917242e-03 
 2.11000000e-08 -3.66731237e-03 
 2.11200000e-08 -3.80494151e-03 
 2.11400000e-08 -3.94203707e-03 
 2.11600000e-08 -4.07857625e-03 
 2.11800000e-08 -4.21453625e-03 
 2.12000000e-08 -4.34989427e-03 
 2.12200000e-08 -4.48462753e-03 
 2.12400000e-08 -4.61871323e-03 
 2.12600000e-08 -4.75212859e-03 
 2.12800000e-08 -4.88485087e-03 
 2.13000000e-08 -5.01685734e-03 
 2.13200000e-08 -5.14812531e-03 
 2.13400000e-08 -5.27863211e-03 
 2.13600000e-08 -5.40835515e-03 
 2.13800000e-08 -5.53727184e-03 
 2.14000000e-08 -5.66535971e-03 
 2.14200000e-08 -5.79259629e-03 
 2.14400000e-08 -5.91895923e-03 
 2.14600000e-08 -6.04442622e-03 
 2.14800000e-08 -6.16897505e-03 
 2.15000000e-08 -6.29258362e-03 
 2.15200000e-08 -6.41522989e-03 
 2.15400000e-08 -6.53689194e-03 
 2.15600000e-08 -6.65754798e-03 
 2.15800000e-08 -6.77717630e-03 
 2.16000000e-08 -6.89575536e-03 
 2.16200000e-08 -7.01326371e-03 
 2.16400000e-08 -7.12968007e-03 
 2.16600000e-08 -7.24498329e-03 
 2.16800000e-08 -7.35915238e-03 
 2.17000000e-08 -7.47216653e-03 
 2.17200000e-08 -7.58400506e-03 
 2.17400000e-08 -7.69464751e-03 
 2.17600000e-08 -7.80407357e-03 
 2.17800000e-08 -7.91226313e-03 
 2.18000000e-08 -8.01919629e-03 
 2.18200000e-08 -8.12485336e-03 
 2.18400000e-08 -8.22921483e-03 
 2.18600000e-08 -8.33226144e-03 
 2.18800000e-08 -8.43397415e-03 
 2.19000000e-08 -8.53433415e-03 
 2.19200000e-08 -8.63332288e-03 
 2.19400000e-08 -8.73092201e-03 
 2.19600000e-08 -8.82711350e-03 
 2.19800000e-08 -8.92187954e-03 
 2.20000000e-08 -9.01520260e-03 
 2.20200000e-08 -9.10706542e-03 
 2.20400000e-08 -9.19745103e-03 
 2.20600000e-08 -9.28634275e-03 
 2.20800000e-08 -9.37372419e-03 
 2.21000000e-08 -9.45957926e-03 
 2.21200000e-08 -9.54389217e-03 
 2.21400000e-08 -9.62664746e-03 
 2.21600000e-08 -9.70782997e-03 
 2.21800000e-08 -9.78742488e-03 
 2.22000000e-08 -9.86541768e-03 
 2.22200000e-08 -9.94179423e-03 
 2.22400000e-08 -1.00165407e-02 
 2.22600000e-08 -1.00896436e-02 
 2.22800000e-08 -1.01610898e-02 
 2.23000000e-08 -1.02308665e-02 
 2.23200000e-08 -1.02989613e-02 
 2.23400000e-08 -1.03653621e-02 
 2.23600000e-08 -1.04300574e-02 
 2.23800000e-08 -1.04930356e-02 
 2.24000000e-08 -1.05542860e-02 
 2.24200000e-08 -1.06137978e-02 
 2.24400000e-08 -1.06715610e-02 
 2.24600000e-08 -1.07275657e-02 
 2.24800000e-08 -1.07818025e-02 
 2.25000000e-08 -1.08342624e-02 
 2.25200000e-08 -1.08849366e-02 
 2.25400000e-08 -1.09338170e-02 
 2.25600000e-08 -1.09808957e-02 
 2.25800000e-08 -1.10261652e-02 
 2.26000000e-08 -1.10696185e-02 
 2.26200000e-08 -1.11112488e-02 
 2.26400000e-08 -1.11510499e-02 
 2.26600000e-08 -1.11890159e-02 
 2.26800000e-08 -1.12251414e-02 
 2.27000000e-08 -1.12594211e-02 
 2.27200000e-08 -1.12918506e-02 
 2.27400000e-08 -1.13224254e-02 
 2.27600000e-08 -1.13511416e-02 
 2.27800000e-08 -1.13779959e-02 
 2.28000000e-08 -1.14029850e-02 
 2.28200000e-08 -1.14261064e-02 
 2.28400000e-08 -1.14473576e-02 
 2.28600000e-08 -1.14667367e-02 
 2.28800000e-08 -1.14842423e-02 
 2.29000000e-08 -1.14998731e-02 
 2.29200000e-08 -1.15136285e-02 
 2.29400000e-08 -1.15255080e-02 
 2.29600000e-08 -1.15355117e-02 
 2.29800000e-08 -1.15436398e-02 
 2.30000000e-08 -1.15498933e-02 
 2.30200000e-08 -1.15542731e-02 
 2.30400000e-08 -1.15567809e-02 
 2.30600000e-08 -1.15574184e-02 
 2.30800000e-08 -1.15561878e-02 
 2.31000000e-08 -1.15530918e-02 
 2.31200000e-08 -1.15481332e-02 
 2.31400000e-08 -1.15413153e-02 
 2.31600000e-08 -1.15326418e-02 
 2.31800000e-08 -1.15221166e-02 
 2.32000000e-08 -1.15097439e-02 
 2.32200000e-08 -1.14955284e-02 
 2.32400000e-08 -1.14794751e-02 
 2.32600000e-08 -1.14615892e-02 
 2.32800000e-08 -1.14418762e-02 
 2.33000000e-08 -1.14203421e-02 
 2.33200000e-08 -1.13969931e-02 
 2.33400000e-08 -1.13718357e-02 
 2.33600000e-08 -1.13448766e-02 
 2.33800000e-08 -1.13161230e-02 
 2.34000000e-08 -1.12855821e-02 
 2.34200000e-08 -1.12532617e-02 
 2.34400000e-08 -1.12191697e-02 
 2.34600000e-08 -1.11833143e-02 
 2.34800000e-08 -1.11457039e-02 
 2.35000000e-08 -1.11063472e-02 
 2.35200000e-08 -1.10652533e-02 
 2.35400000e-08 -1.10224312e-02 
 2.35600000e-08 -1.09778906e-02 
 2.35800000e-08 -1.09316410e-02 
 2.36000000e-08 -1.08836924e-02 
 2.36200000e-08 -1.08340549e-02 
 2.36400000e-08 -1.07827390e-02 
 2.36600000e-08 -1.07297552e-02 
 2.36800000e-08 -1.06751143e-02 
 2.37000000e-08 -1.06188273e-02 
 2.37200000e-08 -1.05609054e-02 
 2.37400000e-08 -1.05013601e-02 
 2.37600000e-08 -1.04402028e-02 
 2.37800000e-08 -1.03774455e-02 
 2.38000000e-08 -1.03131000e-02 
 2.38200000e-08 -1.02471785e-02 
 2.38400000e-08 -1.01796933e-02 
 2.38600000e-08 -1.01106569e-02 
 2.38800000e-08 -1.00400819e-02 
 2.39000000e-08 -9.96798106e-03 
 2.39200000e-08 -9.89436741e-03 
 2.39400000e-08 -9.81925403e-03 
 2.39600000e-08 -9.74265417e-03 
 2.39800000e-08 -9.66458120e-03 
 2.40000000e-08 -9.58504868e-03 
 2.40200000e-08 -9.50407025e-03 
 2.40400000e-08 -9.42165972e-03 
 2.40600000e-08 -9.33783102e-03 
 2.40800000e-08 -9.25259818e-03 
 2.41000000e-08 -9.16597540e-03 
 2.41200000e-08 -9.07797695e-03 
 2.41400000e-08 -8.98861724e-03 
 2.41600000e-08 -8.89791080e-03 
 2.41800000e-08 -8.80587224e-03 
 2.42000000e-08 -8.71251632e-03 
 2.42200000e-08 -8.61785787e-03 
 2.42400000e-08 -8.52191184e-03 
 2.42600000e-08 -8.42469328e-03 
 2.42800000e-08 -8.32621732e-03 
 2.43000000e-08 -8.22649922e-03 
 2.43200000e-08 -8.12555431e-03 
 2.43400000e-08 -8.02339801e-03 
 2.43600000e-08 -7.92004586e-03 
 2.43800000e-08 -7.81551346e-03 
 2.44000000e-08 -7.70981652e-03 
 2.44200000e-08 -7.60297082e-03 
 2.44400000e-08 -7.49499224e-03 
 2.44600000e-08 -7.38589674e-03 
 2.44800000e-08 -7.27570037e-03 
 2.45000000e-08 -7.16441925e-03 
 2.45200000e-08 -7.05206960e-03 
 2.45400000e-08 -6.93866771e-03 
 2.45600000e-08 -6.82422995e-03 
 2.45800000e-08 -6.70877280e-03 
 2.46000000e-08 -6.59231278e-03 
 2.46200000e-08 -6.47486652e-03 
 2.46400000e-08 -6.35645072e-03 
 2.46600000e-08 -6.23708217e-03 
 2.46800000e-08 -6.11677772e-03 
 2.47000000e-08 -5.99555433e-03 
 2.47200000e-08 -5.87342901e-03 
 2.47400000e-08 -5.75041888e-03 
 2.47600000e-08 -5.62654113e-03 
 2.47800000e-08 -5.50181303e-03 
 2.48000000e-08 -5.37625192e-03 
 2.48200000e-08 -5.24987526e-03 
 2.48400000e-08 -5.12270056e-03 
 2.48600000e-08 -4.99474542e-03 
 2.48800000e-08 -4.86602754e-03 
 2.49000000e-08 -4.73656468e-03 
 2.49200000e-08 -4.60637472e-03 
 2.49400000e-08 -4.47547559e-03 
 2.49600000e-08 -4.34388534e-03 
 2.49800000e-08 -4.21162209e-03 
 2.50000000e-08 -4.07870404e-03 
 2.50200000e-08 -3.94514950e-03 
 2.50400000e-08 -3.81097686e-03 
 2.50600000e-08 -3.67620460e-03 
 2.50800000e-08 -3.54085130e-03 
 2.51000000e-08 -3.40493562e-03 
 2.51200000e-08 -3.26847633e-03 
 2.51400000e-08 -3.13149228e-03 
 2.51600000e-08 -2.99400241e-03 
 2.51800000e-08 -2.85602578e-03 
 2.52000000e-08 -2.71758151e-03 
 2.52200000e-08 -2.57868885e-03 
 2.52400000e-08 -2.43936713e-03 
 2.52600000e-08 -2.29963578e-03 
 2.52800000e-08 -2.15951432e-03 
 2.53000000e-08 -2.01902239e-03 
 2.53200000e-08 -1.87817970e-03 
 2.53400000e-08 -1.73700608e-03 
 2.53600000e-08 -1.59552145e-03 
 2.53800000e-08 -1.45374584e-03 
 2.54000000e-08 -1.31169935e-03 
 2.54200000e-08 -1.16940222e-03 
 2.54400000e-08 -1.02687475e-03 
 2.54600000e-08 -8.84137367e-04 
 2.54800000e-08 -7.41210578e-04 
 2.55000000e-08 -5.98114998e-04 
 2.55200000e-08 -4.54871334e-04 
 2.55400000e-08 -3.11500392e-04 
 2.55600000e-08 -1.68023074e-04 
 2.55800000e-08 -2.44603741e-05 
 2.56000000e-08  1.19166616e-04 
 2.56200000e-08  2.62836714e-04 
 2.56400000e-08  4.06528645e-04 
 2.56600000e-08  5.50221044e-04 
 2.56800000e-08  6.93892457e-04 
 2.57000000e-08  8.37521342e-04 
 2.57200000e-08  9.81086073e-04 
 2.57400000e-08  1.12456494e-03 
 2.57600000e-08  1.26793615e-03 
 2.57800000e-08  1.41117782e-03 
 2.58000000e-08  1.55426802e-03 
 2.58200000e-08  1.69718471e-03 
 2.58400000e-08  1.83990580e-03 
 2.58600000e-08  1.98240912e-03 
 2.58800000e-08  2.12467244e-03 
 2.59000000e-08  2.26667345e-03 
 2.59200000e-08  2.40838981e-03 
 2.59400000e-08  2.54979909e-03 
 2.59600000e-08  2.69087881e-03 
 2.59800000e-08  2.83160647e-03 
 2.60000000e-08  2.97195950e-03 
 2.60200000e-08  3.11191527e-03 
 2.60400000e-08  3.25145114e-03 
 2.60600000e-08  3.39054443e-03 
 2.60800000e-08  3.52917242e-03 
 2.61000000e-08  3.66731237e-03 
 2.61200000e-08  3.80494151e-03 
 2.61400000e-08  3.94203707e-03 
 2.61600000e-08  4.07857625e-03 
 2.61800000e-08  4.21453625e-03 
 2.62000000e-08  4.34989427e-03 
 2.62200000e-08  4.48462753e-03 
 2.62400000e-08  4.61871323e-03 
 2.62600000e-08  4.75212859e-03 
 2.62800000e-08  4.88485087e-03 
 2.63000000e-08  5.01685734e-03 
 2.63200000e-08  5.14812531e-03 
 2.63400000e-08  5.27863211e-03 
 2.63600000e-08  5.40835515e-03 
 2.63800000e-08  5.53727184e-03 
 2.64000000e-08  5.66535971e-03 
 2.64200000e-08  5.79259629e-03 
 2.64400000e-08  5.91895923e-03 
 2.64600000e-08  6.04442622e-03 
 2.64800000e-08  6.16897505e-03 
 2.65000000e-08  6.29258362e-03 
 2.65200000e-08  6.41522989e-03 
 2.65400000e-08  6.53689194e-03 
 2.65600000e-08  6.65754798e-03 
 2.65800000e-08  6.77717630e-03 
 2.66000000e-08  6.89575536e-03 
 2.66200000e-08  7.01326371e-03 
 2.66400000e-08  7.12968007e-03 
 2.66600000e-08  7.24498329e-03 
 2.66800000e-08  7.35915238e-03 
 2.67000000e-08  7.47216653e-03 
 2.67200000e-08  7.58400506e-03 
 2.67400000e-08  7.69464751e-03 
 2.67600000e-08  7.80407357e-03 
 2.67800000e-08  7.91226313e-03 
 2.68000000e-08  8.01919629e-03 
 2.68200000e-08  8.12485336e-03 
 2.68400000e-08  8.22921483e-03 
 2.68600000e-08  8.33226144e-03 
 2.68800000e-08  8.43397414e-03 
 2.69000000e-08  8.53433415e-03 
 2.69200000e-08  8.63332288e-03 
 2.69400000e-08  8.73092201e-03 
 2.69600000e-08  8.82711350e-03 
 2.69800000e-08  8.92187954e-03 
 2.70000000e-08  9.01520260e-03 
 2.70200000e-08  9.10706542e-03 
 2.70400000e-08  9.19745103e-03 
 2.70600000e-08  9.28634275e-03 
 2.70800000e-08  9.37372419e-03 
 2.71000000e-08  9.45957926e-03 
 2.71200000e-08  9.54389217e-03 
 2.71400000e-08  9.62664746e-03 
 2.71600000e-08  9.70782997e-03 
 2.71800000e-08  9.78742488e-03 
 2.72000000e-08  9.86541768e-03 
 2.72200000e-08  9.94179423e-03 
 2.72400000e-08  1.00165407e-02 
 2.72600000e-08  1.00896436e-02 
 2.72800000e-08  1.01610898e-02 
 2.73000000e-08  1.02308665e-02 
 2.73200000e-08  1.02989613e-02 
 2.73400000e-08  1.03653621e-02 
 2.73600000e-08  1.04300574e-02 
 2.73800000e-08  1.04930356e-02 
 2.74000000e-08  1.05542860e-02 
 2.74200000e-08  1.06137978e-02 
 2.74400000e-08  1.06715610e-02 
 2.74600000e-08  1.07275657e-02 
 2.74800000e-08  1.07818025e-02 
 2.75000000e-08  1.08342624e-02 
 2.75200000e-08  1.08849366e-02 
 2.75400000e-08  1.09338170e-02 
 2.75600000e-08  1.09808957e-02 
 2.75800000e-08  1.10261652e-02 
 2.76000000e-08  1.10696185e-02 
 2.76200000e-08  1.11112488e-02 
 2.76400000e-08  1.11510499e-02 
 2.76600000e-08  1.11890159e-02 
 2.76800000e-08  1.12251414e-02 
 2.77000000e-08  1.12594211e-02 
 2.77200000e-08  1.12918506e-02 
 2.77400000e-08  1.13224254e-02 
 2.77600000e-08  1.13511416e-02 
 2.77800000e-08  1.13779959e-02 
 2.78000000e-08  1.14029850e-02 
 2.78200000e-08  1.14261064e-02 
 2.78400000e-08  1.14473576e-02 
 2.78600000e-08  1.14667367e-02 
 2.78800000e-08  1.14842423e-02 
 2.79000000e-08  1.14998731e-02 
 2.79200000e-08  1.15136285e-02 
 2.79400000e-08  1.15255080e-02 
 2.79600000e-08  1.15355117e-02 
 2.79800000e-08  1.15436398e-02 
 2.80000000e-08  1.15498933e-02 
 2.80200000e-08  1.15542731e-02 
 2.80400000e-08  1.15567809e-02 
 2.80600000e-08  1.15574184e-02 
 2.80800000e-08  1.15561878e-02 
 2.81000000e-08  1.15530918e-02 
 2.81200000e-08  1.15481332e-02 
 2.81400000e-08  1.15413153e-02 
 2.81600000e-08  1.15326418e-02 
 2.81800000e-08  1.15221166e-02 
 2.82000000e-08  1.15097439e-02 
 2.82200000e-08  1.14955284e-02 
 2.82400000e-08  1.14794751e-02 
 2.82600000e-08  1.14615892e-02 
 2.82800000e-08  1.14418762e-02 
 2.83000000e-08  1.14203421e-02 
 2.83200000e-08  1.13969931e-02 
 2.83400000e-08  1.13718357e-02 
 2.83600000e-08  1.13448766e-02 
 2.83800000e-08  1.13161230e-02 
 2.84000000e-08  1.12855821e-02 
 2.84200000e-08  1.12532617e-02 
 2.84400000e-08  1.12191697e-02 
 2.84600000e-08  1.11833143e-02 
 2.84800000e-08  1.11457039e-02 
 2.85000000e-08  1.11063472e-02 
 2.85200000e-08  1.10652533e-02 
 2.85400000e-08  1.10224312e-02 
 2.85600000e-08  1.09778906e-02 
 2.85800000e-08  1.09316410e-02 
 2.86000000e-08  1.08836924e-02 
 2.86200000e-08  1.08340549e-02 
 2.86400000e-08  1.07827390e-02 
 2.86600000e-08  1.07297552e-02 
 2.86800000e-08  1.06751143e-02 
 2.87000000e-08  1.06188273e-02 
 2.87200000e-08  1.05609054e-02 
 2.87400000e-08  1.05013601e-02 
 2.87600000e-08  1.04402028e-02 
 2.87800000e-08  1.03774455e-02 
 2.88000000e-08  1.03131000e-02 
 2.88200000e-08  1.02471785e-02 
 2.88400000e-08  1.01796933e-02 
 2.88600000e-08  1.01106569e-02 
 2.88800000e-08  1.00400819e-02 
 2.89000000e-08  9.96798106e-03 
 2.89200000e-08  9.89436741e-03 
 2.89400000e-08  9.81925403e-03 
 2.89600000e-08  9.74265417e-03 
 2.89800000e-08  9.66458120e-03 
 2.90000000e-08  9.58504868e-03 
 2.90200000e-08  9.50407025e-03 
 2.90400000e-08  9.42165972e-03 
 2.90600000e-08  9.33783102e-03 
 2.90800000e-08  9.25259818e-03 
 2.91000000e-08  9.16597540e-03 
 2.91200000e-08  9.07797695e-03 
 2.91400000e-08  8.98861724e-03 
 2.91600000e-08  8.89791080e-03 
 2.91800000e-08  8.80587224e-03 
 2.92000000e-08  8.71251632e-03 
 2.92200000e-08  8.61785787e-03 
 2.92400000e-08  8.52191184e-03 
 2.92600000e-08  8.42469328e-03 
 2.92800000e-08  8.32621732e-03 
 2.93000000e-08  8.22649922e-03 
 2.93200000e-08  8.12555431e-03 
 2.93400000e-08  8.02339801e-03 
 2.93600000e-08  7.92004586e-03 
 2.93800000e-08  7.81551346e-03 
 2.94000000e-08  7.70981652e-03 
 2.94200000e-08  7.60297082e-03 
 2.94400000e-08  7.49499224e-03 
 2.94600000e-08  7.38589674e-03 
 2.94800000e-08  7.27570037e-03 
 2.95000000e-08  7.16441925e-03 
 2.95200000e-08  7.05206960e-03 
 2.95400000e-08  6.93866771e-03 
 2.95600000e-08  6.82422995e-03 
 2.95800000e-08  6.70877280e-03 
 2.96000000e-08  6.59231278e-03 
 2.96200000e-08  6.47486652e-03 
 2.96400000e-08  6.35645072e-03 
 2.96600000e-08  6.23708217e-03 
 2.96800000e-08  6.11677772e-03 
 2.97000000e-08  5.99555433e-03 
 2.97200000e-08  5.87342901e-03 
 2.97400000e-08  5.75041888e-03 
 2.97600000e-08  5.62654113e-03 
 2.97800000e-08  5.50181303e-03 
 2.98000000e-08  5.37625192e-03 
 2.98200000e-08  5.24987526e-03 
 2.98400000e-08  5.12270056e-03 
 2.98600000e-08  4.99474542e-03 
 2.98800000e-08  4.86602754e-03 
 2.99000000e-08  4.73656468e-03 
 2.99200000e-08  4.60637472e-03 
 2.99400000e-08  4.47547560e-03 
 2.99600000e-08  4.34388534e-03 
 2.99800000e-08  4.21162209e-03 
 3.00000000e-08  4.07870404e-03 
 3.00200000e-08  3.94514950e-03 
 3.00400000e-08  3.81097686e-03 
 3.00600000e-08  3.67620460e-03 
 3.00800000e-08  3.54085130e-03 
 3.01000000e-08  3.40493562e-03 
 3.01200000e-08  3.26847633e-03 
 3.01400000e-08  3.13149228e-03 
 3.01600000e-08  2.99400241e-03 
 3.01800000e-08  2.85602578e-03 
 3.02000000e-08  2.71758151e-03 
 3.02200000e-08  2.57868885e-03 
 3.02400000e-08  2.43936713e-03 
 3.02600000e-08  2.29963578e-03 
 3.02800000e-08  2.15951432e-03 
 3.03000000e-08  2.01902239e-03 
 3.03200000e-08  1.87817970e-03 
 3.03400000e-08  1.73700608e-03 
 3.03600000e-08  1.59552145e-03 
 3.03800000e-08  1.45374584e-03 
 3.04000000e-08  1.31169935e-03 
 3.04200000e-08  1.16940222e-03 
 3.04400000e-08  1.02687475e-03 
 3.04600000e-08  8.84137367e-04 
 3.04800000e-08  7.41210578e-04 
 3.05000000e-08  5.98114998e-04 
 3.05200000e-08  4.54871334e-04 
 3.05400000e-08  3.11500392e-04 
 3.05600000e-08  1.68023074e-04 
 3.05800000e-08  2.44603740e-05 
 3.06000000e-08 -1.19166616e-04 
 3.06200000e-08 -2.62836714e-04 
 3.06400000e-08 -4.06528645e-04 
 3.06600000e-08 -5.50221044e-04 
 3.06800000e-08 -6.93892457e-04 
 3.07000000e-08 -8.37521342e-04 
 3.07200000e-08 -9.81086073e-04 
 3.07400000e-08 -1.12456494e-03 
 3.07600000e-08 -1.26793615e-03 
 3.07800000e-08 -1.41117782e-03 
 3.08000000e-08 -1.55426802e-03 
 3.08200000e-08 -1.69718471e-03 
 3.08400000e-08 -1.83990580e-03 
 3.08600000e-08 -1.98240912e-03 
 3.08800000e-08 -2.12467244e-03 
 3.09000000e-08 -2.26667345e-03 
 3.09200000e-08 -2.40838981e-03 
 3.09400000e-08 -2.54979909e-03 
 3.09600000e-08 -2.69087881e-03 
 3.09800000e-08 -2.83160647e-03 
 3.10000000e-08 -2.97195950e-03 
 3.10200000e-08 -3.11191527e-03 
 3.10400000e-08 -3.25145114e-03 
 3.10600000e-08 -3.39054443e-03 
 3.10800000e-08 -3.52917242e-03 
 3.11000000e-08 -3.66731237e-03 
 3.11200000e-08 -3.80494151e-03 
 3.11400000e-08 -3.94203707e-03 
 3.11600000e-08 -4.07857625e-03 
 3.11800000e-08 -4.21453625e-03 
 3.12000000e-08 -4.34989427e-03 
 3.12200000e-08 -4.48462753e-03 
 3.12400000e-08 -4.61871323e-03 
 3.12600000e-08 -4.75212859e-03 
 3.12800000e-08 -4.88485087e-03 
 3.13000000e-08 -5.01685734e-03 
 3.13200000e-08 -5.14812531e-03 
 3.13400000e-08 -5.27863211e-03 
 3.13600000e-08 -5.40835515e-03 
 3.13800000e-08 -5.53727184e-03 
 3.14000000e-08 -5.66535971e-03 
 3.14200000e-08 -5.79259629e-03 
 3.14400000e-08 -5.91895923e-03 
 3.14600000e-08 -6.04442622e-03 
 3.14800000e-08 -6.16897505e-03 
 3.15000000e-08 -6.29258362e-03 
 3.15200000e-08 -6.41522989e-03 
 3.15400000e-08 -6.53689194e-03 
 3.15600000e-08 -6.65754798e-03 
 3.15800000e-08 -6.77717630e-03 
 3.16000000e-08 -6.89575536e-03 
 3.16200000e-08 -7.01326371e-03 
 3.16400000e-08 -7.12968007e-03 
 3.16600000e-08 -7.24498329e-03 
 3.16800000e-08 -7.35915238e-03 
 3.17000000e-08 -7.47216653e-03 
 3.17200000e-08 -7.58400506e-03 
 3.17400000e-08 -7.69464751e-03 
 3.17600000e-08 -7.80407357e-03 
 3.17800000e-08 -7.91226313e-03 
 3.18000000e-08 -8.01919629e-03 
 3.18200000e-08 -8.12485336e-03 
 3.18400000e-08 -8.22921483e-03 
 3.18600000e-08 -8.33226144e-03 
 3.18800000e-08 -8.43397414e-03 
 3.19000000e-08 -8.53433415e-03 
 3.19200000e-08 -8.63332288e-03 
 3.19400000e-08 -8.73092201e-03 
 3.19600000e-08 -8.82711350e-03 
 3.19800000e-08 -8.92187954e-03 
 3.20000000e-08 -9.01520260e-03 
 3.20200000e-08 -9.10706542e-03 
 3.20400000e-08 -9.19745103e-03 
 3.20600000e-08 -9.28634275e-03 
 3.20800000e-08 -9.37372419e-03 
 3.21000000e-08 -9.45957926e-03 
 3.21200000e-08 -9.54389217e-03 
 3.21400000e-08 -9.62664746e-03 
 3.21600000e-08 -9.70782997e-03 
 3.21800000e-08 -9.78742488e-03 
 3.22000000e-08 -9.86541768e-03 
 3.22200000e-08 -9.94179423e-03 
 3.22400000e-08 -1.00165407e-02 
 3.22600000e-08 -1.00896436e-02 
 3.22800000e-08 -1.01610898e-02 
 3.23000000e-08 -1.02308665e-02 
 3.23200000e-08 -1.02989613e-02 
 3.23400000e-08 -1.03653621e-02 
 3.23600000e-08 -1.04300574e-02 
 3.23800000e-08 -1.04930356e-02 
 3.24000000e-08 -1.05542860e-02 
 3.24200000e-08 -1.06137978e-02 
 3.24400000e-08 -1.06715610e-02 
 3.24600000e-08 -1.07275657e-02 
 3.24800000e-08 -1.07818025e-02 
 3.25000000e-08 -1.08342624e-02 
 3.25200000e-08 -1.08849366e-02 
 3.25400000e-08 -1.09338170e-02 
 3.25600000e-08 -1.09808957e-02 
 3.25800000e-08 -1.10261652e-02 
 3.26000000e-08 -1.10696185e-02 
 3.26200000e-08 -1.11112488e-02 
 3.26400000e-08 -1.11510499e-02 
 3.26600000e-08 -1.11890159e-02 
 3.26800000e-08 -1.12251414e-02 
 3.27000000e-08 -1.12594211e-02 
 3.27200000e-08 -1.12918506e-02 
 3.27400000e-08 -1.13224254e-02 
 3.27600000e-08 -1.13511416e-02 
 3.27800000e-08 -1.13779959e-02 
 3.28000000e-08 -1.14029850e-02 
 3.28200000e-08 -1.14261064e-02 
 3.28400000e-08 -1.14473576e-02 
 3.28600000e-08 -1.14667367e-02 
 3.28800000e-08 -1.14842423e-02 
 3.29000000e-08 -1.14998731e-02 
 3.29200000e-08 -1.15136285e-02 
 3.29400000e-08 -1.15255080e-02 
 3.29600000e-08 -1.15355117e-02 
 3.29800000e-08 -1.15436398e-02 
 3.30000000e-08 -1.15498933e-02 
 3.30200000e-08 -1.15542731e-02 
 3.30400000e-08 -1.15567809e-02 
 3.30600000e-08 -1.15574184e-02 
 3.30800000e-08 -1.15561878e-02 
 3.31000000e-08 -1.15530918e-02 
 3.31200000e-08 -1.15481332e-02 
 3.31400000e-08 -1.15413153e-02 
 3.31600000e-08 -1.15326418e-02 
 3.31800000e-08 -1.15221166e-02 
 3.32000000e-08 -1.15097439e-02 
 3.32200000e-08 -1.14955284e-02 
 3.32400000e-08 -1.14794751e-02 
 3.32600000e-08 -1.14615892e-02 
 3.32800000e-08 -1.14418762e-02 
 3.33000000e-08 -1.14203421e-02 
 3.33200000e-08 -1.13969931e-02 
 3.33400000e-08 -1.13718357e-02 
 3.33600000e-08 -1.13448766e-02 
 3.33800000e-08 -1.13161230e-02 
 3.34000000e-08 -1.12855821e-02 
 3.34200000e-08 -1.12532617e-02 
 3.34400000e-08 -1.12191697e-02 
 3.34600000e-08 -1.11833143e-02 
 3.34800000e-08 -1.11457039e-02 
 3.35000000e-08 -1.11063472e-02 
 3.35200000e-08 -1.10652533e-02 
 3.35400000e-08 -1.10224312e-02 
 3.35600000e-08 -1.09778906e-02 
 3.35800000e-08 -1.09316410e-02 
 3.36000000e-08 -1.08836924e-02 
 3.36200000e-08 -1.08340549e-02 
 3.36400000e-08 -1.07827390e-02 
 3.36600000e-08 -1.07297552e-02 
 3.36800000e-08 -1.06751143e-02 
 3.37000000e-08 -1.06188273e-02 
 3.37200000e-08 -1.05609054e-02 
 3.37400000e-08 -1.05013601e-02 
 3.37600000e-08 -1.04402028e-02 
 3.37800000e-08 -1.03774455e-02 
 3.38000000e-08 -1.03131000e-02 
 3.38200000e-08 -1.02471785e-02 
 3.38400000e-08 -1.01796933e-02 
 3.38600000e-08 -1.01106569e-02 
 3.38800000e-08 -1.00400819e-02 
 3.39000000e-08 -9.96798106e-03 
 3.39200000e-08 -9.89436741e-03 
 3.39400000e-08 -9.81925403e-03 
 3.39600000e-08 -9.74265417e-03 
 3.39800000e-08 -9.66458120e-03 
 3.40000000e-08 -9.58504868e-03 
 3.40200000e-08 -9.50407025e-03 
 3.40400000e-08 -9.42165972e-03 
 3.40600000e-08 -9.33783102e-03 
 3.40800000e-08 -9.25259818e-03 
 3.41000000e-08 -9.16597540e-03 
 3.41200000e-08 -9.07797695e-03 
 3.41400000e-08 -8.98861724e-03 
 3.41600000e-08 -8.89791080e-03 
 3.41800000e-08 -8.80587224e-03 
 3.42000000e-08 -8.71251632e-03 
 3.42200000e-08 -8.61785787e-03 
 3.42400000e-08 -8.52191184e-03 
 3.42600000e-08 -8.42469328e-03 
 3.42800000e-08 -8.32621732e-03 
 3.43000000e-08 -8.22649922e-03 
 3.43200000e-08 -8.12555431e-03 
 3.43400000e-08 -8.02339801e-03 
 3.43600000e-08 -7.92004586e-03 
 3.43800000e-08 -7.81551346e-03 
 3.44000000e-08 -7.70981652e-03 
 3.44200000e-08 -7.60297082e-03 
 3.44400000e-08 -7.49499224e-03 
 3.44600000e-08 -7.38589674e-03 
 3.44800000e-08 -7.27570037e-03 
 3.45000000e-08 -7.16441925e-03 
 3.45200000e-08 -7.05206960e-03 
 3.45400000e-08 -6.93866771e-03 
 3.45600000e-08 -6.82422995e-03 
 3.45800000e-08 -6.70877280e-03 
 3.46000000e-08 -6.59231278e-03 
 3.46200000e-08 -6.47486652e-03 
 3.46400000e-08 -6.35645072e-03 
 3.46600000e-08 -6.23708217e-03 
 3.46800000e-08 -6.11677772e-03 
 3.47000000e-08 -5.99555433e-03 
 3.47200000e-08 -5.87342901e-03 
 3.47400000e-08 -5.75041888e-03 
 3.47600000e-08 -5.62654113e-03 
 3.47800000e-08 -5.50181303e-03 
 3.48000000e-08 -5.37625192e-03 
 3.48200000e-08 -5.24987526e-03 
 3.48400000e-08 -5.12270056e-03 
 3.48600000e-08 -4.99474542e-03 
 3.48800000e-08 -4.86602754e-03 
 3.49000000e-08 -4.73656468e-03 
 3.49200000e-08 -4.60637472e-03 
 3.49400000e-08 -4.47547559e-03 
 3.49600000e-08 -4.34388534e-03 
 3.49800000e-08 -4.21162209e-03 
 3.50000000e-08 -4.07870404e-03 
 3.50200000e-08 -3.94514950e-03 
 3.50400000e-08 -3.81097686e-03 
 3.50600000e-08 -3.67620460e-03 
 3.50800000e-08 -3.54085130e-03 
 3.51000000e-08 -3.40493562e-03 
 3.51200000e-08 -3.26847633e-03 
 3.51400000e-08 -3.13149228e-03 
 3.51600000e-08 -2.99400241e-03 
 3.51800000e-08 -2.85602578e-03 
 3.52000000e-08 -2.71758151e-03 
 3.52200000e-08 -2.57868885e-03 
 3.52400000e-08 -2.43936713e-03 
 3.52600000e-08 -2.29963578e-03 
 3.52800000e-08 -2.15951432e-03 
 3.53000000e-08 -2.01902239e-03 
 3.53200000e-08 -1.87817970e-03 
 3.53400000e-08 -1.73700608e-03 
 3.53600000e-08 -1.59552145e-03 
 3.53800000e-08 -1.45374584e-03 
 3.54000000e-08 -1.31169935e-03 
 3.54200000e-08 -1.16940222e-03 
 3.54400000e-08 -1.02687475e-03 
 3.54600000e-08 -8.84137366e-04 
 3.54800000e-08 -7.41210578e-04 
 3.55000000e-08 -5.98114998e-04 
 3.55200000e-08 -4.54871334e-04 
 3.55400000e-08 -3.11500392e-04 
 3.55600000e-08 -1.68023073e-04 
 3.55800000e-08 -2.44603741e-05 
 3.56000000e-08  1.19166616e-04 
 3.56200000e-08  2.62836714e-04 
 3.56400000e-08  4.06528645e-04 
 3.56600000e-08  5.50221044e-04 
 3.56800000e-08  6.93892457e-04 
 3.57000000e-08  8.37521342e-04 
 3.57200000e-08  9.81086073e-04 
 3.57400000e-08  1.12456494e-03 
 3.57600000e-08  1.26793615e-03 
 3.57800000e-08  1.41117782e-03 
 3.58000000e-08  1.55426802e-03 
 3.58200000e-08  1.69718471e-03 
 3.58400000e-08  1.83990580e-03 
 3.58600000e-08  1.98240912e-03 
 3.58800000e-08  2.12467244e-03 
 3.59000000e-08  2.26667345e-03 
 3.59200000e-08  2.40838981e-03 
 3.59400000e-08  2.54979909e-03 
 3.59600000e-08  2.69087881e-03 
 3.59800000e-08  2.83160647e-03 
 3.60000000e-08  2.97195950e-03 
 3.60200000e-08  3.11191527e-03 
 3.60400000e-08  3.25145114e-03 
 3.60600000e-08  3.39054443e-03 
 3.60800000e-08  3.52917242e-03 
 3.61000000e-08  3.66731237e-03 
 3.61200000e-08  3.80494151e-03 
 3.61400000e-08  3.94203707e-03 
 3.61600000e-08  4.07857625e-03 
 3.61800000e-08  4.21453625e-03 
 3.62000000e-08  4.34989427e-03 
 3.62200000e-08  4.48462753e-03 
 3.62400000e-08  4.61871323e-03 
 3.62600000e-08  4.75212859e-03 
 3.62800000e-08  4.88485087e-03 
 3.63000000e-08  5.01685734e-03 
 3.63200000e-08  5.14812531e-03 
 3.63400000e-08  5.27863211e-03 
 3.63600000e-08  5.40835515e-03 
 3.63800000e-08  5.53727184e-03 
 3.64000000e-08  5.66535971e-03 
 3.64200000e-08  5.79259629e-03 
 3.64400000e-08  5.91895923e-03 
 3.64600000e-08  6.04442622e-03 
 3.64800000e-08  6.16897505e-03 
 3.65000000e-08  6.29258362e-03 
 3.65200000e-08  6.41522989e-03 
 3.65400000e-08  6.53689194e-03 
 3.65600000e-08  6.65754798e-03 
 3.65800000e-08  6.77717630e-03 
 3.66000000e-08  6.89575536e-03 
 3.66200000e-08  7.01326371e-03 
 3.66400000e-08  7.12968007e-03 
 3.66600000e-08  7.24498329e-03 
 3.66800000e-08  7.35915238e-03 
 3.67000000e-08  7.47216653e-03 
 3.67200000e-08  7.58400506e-03 
 3.67400000e-08  7.69464751e-03 
 3.67600000e-08  7.80407357e-03 
 3.67800000e-08  7.91226313e-03 
 3.68000000e-08  8.01919629e-03 
 3.68200000e-08  8.12485336e-03 
 3.68400000e-08  8.22921483e-03 
 3.68600000e-08  8.33226144e-03 
 3.68800000e-08  8.43397414e-03 
 3.69000000e-08  8.53433415e-03 
 3.69200000e-08  8.63332288e-03 
 3.69400000e-08  8.73092201e-03 
 3.69600000e-08  8.82711350e-03 
 3.69800000e-08  8.92187954e-03 
 3.70000000e-08  9.01520260e-03 
 3.70200000e-08  9.10706542e-03 
 3.70400000e-08  9.19745103e-03 
 3.70600000e-08  9.28634275e-03 
 3.70800000e-08  9.37372419e-03 
 3.71000000e-08  9.45957926e-03 
 3.71200000e-08  9.54389217e-03 
 3.71400000e-08  9.62664746e-03 
 3.71600000e-08  9.70782997e-03 
 3.71800000e-08  9.78742488e-03 
 3.72000000e-08  9.86541768e-03 
 3.72200000e-08  9.94179423e-03 
 3.72400000e-08  1.00165407e-02 
 3.72600000e-08  1.00896436e-02 
 3.72800000e-08  1.01610898e-02 
 3.73000000e-08  1.02308665e-02 
 3.73200000e-08  1.02989613e-02 
 3.73400000e-08  1.03653621e-02 
 3.73600000e-08  1.04300574e-02 
 3.73800000e-08  1.04930356e-02 
 3.74000000e-08  1.05542860e-02 
 3.74200000e-08  1.06137978e-02 
 3.74400000e-08  1.06715610e-02 
 3.74600000e-08  1.07275657e-02 
 3.74800000e-08  1.07818025e-02 
 3.75000000e-08  1.08342624e-02 
 3.75200000e-08  1.08849366e-02 
 3.75400000e-08  1.09338170e-02 
 3.75600000e-08  1.09808957e-02 
 3.75800000e-08  1.10261652e-02 
 3.76000000e-08  1.10696185e-02 
 3.76200000e-08  1.11112488e-02 
 3.76400000e-08  1.11510499e-02 
 3.76600000e-08  1.11890159e-02 
 3.76800000e-08  1.12251414e-02 
 3.77000000e-08  1.12594211e-02 
 3.77200000e-08  1.12918506e-02 
 3.77400000e-08  1.13224254e-02 
 3.77600000e-08  1.13511416e-02 
 3.77800000e-08  1.13779959e-02 
 3.78000000e-08  1.14029850e-02 
 3.78200000e-08  1.14261064e-02 
 3.78400000e-08  1.14473576e-02 
 3.78600000e-08  1.14667367e-02 
 3.78800000e-08  1.14842423e-02 
 3.79000000e-08  1.14998731e-02 
 3.79200000e-08  1.15136285e-02 
 3.79400000e-08  1.15255080e-02 
 3.79600000e-08  1.15355117e-02 
 3.79800000e-08  1.15436398e-02 
 3.80000000e-08  1.15498933e-02 
 3.80200000e-08  1.15542731e-02 
 3.80400000e-08  1.15567809e-02 
 3.80600000e-08  1.15574184e-02 
 3.80800000e-08  1.15561878e-02 
 3.81000000e-08  1.15530918e-02 
 3.81200000e-08  1.15481332e-02 
 3.81400000e-08  1.15413153e-02 
 3.81600000e-08  1.15326418e-02 
 3.81800000e-08  1.15221166e-02 
 3.82000000e-08  1.15097439e-02 
 3.82200000e-08  1.14955284e-02 
 3.82400000e-08  1.14794751e-02 
 3.82600000e-08  1.14615892e-02 
 3.82800000e-08  1.14418762e-02 
 3.83000000e-08  1.14203421e-02 
 3.83200000e-08  1.13969931e-02 
 3.83400000e-08  1.13718357e-02 
 3.83600000e-08  1.13448766e-02 
 3.83800000e-08  1.13161230e-02 
 3.84000000e-08  1.12855821e-02 
 3.84200000e-08  1.12532617e-02 
 3.84400000e-08  1.12191697e-02 
 3.84600000e-08  1.11833143e-02 
 3.84800000e-08  1.11457039e-02 
 3.85000000e-08  1.11063472e-02 
 3.85200000e-08  1.10652533e-02 
 3.85400000e-08  1.10224312e-02 
 3.85600000e-08  1.09778906e-02 
 3.85800000e-08  1.09316410e-02 
 3.86000000e-08  1.08836924e-02 
 3.86200000e-08  1.08340549e-02 
 3.86400000e-08  1.07827390e-02 
 3.86600000e-08  1.07297552e-02 
 3.86800000e-08  1.06751143e-02 
 3.87000000e-08  1.06188273e-02 
 3.87200000e-08  1.05609054e-02 
 3.87400000e-08  1.05013601e-02 
 3.87600000e-08  1.04402028e-02 
 3.87800000e-08  1.03774455e-02 
 3.88000000e-08  1.03131000e-02 
 3.88200000e-08  1.02471785e-02 
 3.88400000e-08  1.01796933e-02 
 3.88600000e-08  1.01106569e-02 
 3.88800000e-08  1.00400819e-02 
 3.89000000e-08  9.96798106e-03 
 3.89200000e-08  9.89436741e-03 
 3.89400000e-08  9.81925403e-03 
 3.89600000e-08  9.74265417e-03 
 3.89800000e-08  9.66458120e-03 
 3.90000000e-08  9.58504868e-03 
 3.90200000e-08  9.50407025e-03 
 3.90400000e-08  9.42165972e-03 
 3.90600000e-08  9.33783102e-03 
 3.90800000e-08  9.25259818e-03 
 3.91000000e-08  9.16597540e-03 
 3.91200000e-08  9.07797695e-03 
 3.91400000e-08  8.98861724e-03 
 3.91600000e-08  8.89791080e-03 
 3.91800000e-08  8.80587224e-03 
 3.92000000e-08  8.71251632e-03 
 3.92200000e-08  8.61785787e-03 
 3.92400000e-08  8.52191184e-03 
 3.92600000e-08  8.42469328e-03 
 3.92800000e-08  8.32621732e-03 
 3.93000000e-08  8.22649922e-03 
 3.93200000e-08  8.12555431e-03 
 3.93400000e-08  8.02339801e-03 
 3.93600000e-08  7.92004586e-03 
 3.93800000e-08  7.81551346e-03 
 3.94000000e-08  7.70981652e-03 
 3.94200000e-08  7.60297082e-03 
 3.94400000e-08  7.49499224e-03 
 3.94600000e-08  7.38589674e-03 
 3.94800000e-08  7.27570037e-03 
 3.95000000e-08  7.16441925e-03 
 3.95200000e-08  7.05206960e-03 
 3.95400000e-08  6.93866771e-03 
 3.95600000e-08  6.82422995e-03 
 3.95800000e-08  6.70877280e-03 
 3.96000000e-08  6.59231278e-03 
 3.96200000e-08  6.47486652e-03 
 3.96400000e-08  6.35645072e-03 
 3.96600000e-08  6.23708217e-03 
 3.96800000e-08  6.11677772e-03 
 3.97000000e-08  5.99555433e-03 
 3.97200000e-08  5.87342901e-03 
 3.97400000e-08  5.75041888e-03 
 3.97600000e-08  5.62654113e-03 
 3.97800000e-08  5.50181303e-03 
 3.98000000e-08  5.37625192e-03 
 3.98200000e-08  5.24987526e-03 
 3.98400000e-08  5.12270056e-03 
 3.98600000e-08  4.99474542e-03 
 3.98800000e-08  4.86602754e-03 
 3.99000000e-08  4.73656468e-03 
 3.99200000e-08  4.60637472e-03 
 3.99400000e-08  4.47547559e-03 
 3.99600000e-08  4.34388534e-03 
 3.99800000e-08  4.21162209e-03 
 4.00000000e-08  4.07870404e-03 
 4.00200000e-08  3.94514950e-03 
 4.00400000e-08  3.81097686e-03 
 4.00600000e-08  3.67620460e-03 
 4.00800000e-08  3.54085130e-03 
 4.01000000e-08  3.40493562e-03 
 4.01200000e-08  3.26847633e-03 
 4.01400000e-08  3.13149228e-03 
 4.01600000e-08  2.99400241e-03 
 4.01800000e-08  2.85602578e-03 
 4.02000000e-08  2.71758151e-03 
 4.02200000e-08  2.57868885e-03 
 4.02400000e-08  2.43936713e-03 
 4.02600000e-08  2.29963578e-03 
 4.02800000e-08  2.15951432e-03 
 4.03000000e-08  2.01902239e-03 
 4.03200000e-08  1.87817970e-03 
 4.03400000e-08  1.73700608e-03 
 4.03600000e-08  1.59552145e-03 
 4.03800000e-08  1.45374584e-03 
 4.04000000e-08  1.31169935e-03 
 4.04200000e-08  1.16940222e-03 
 4.04400000e-08  1.02687475e-03 
 4.04600000e-08  8.84137366e-04 
 4.04800000e-08  7.41210578e-04 
 4.05000000e-08  5.98114998e-04 
 4.05200000e-08  4.54871334e-04 
 4.05400000e-08  3.11500392e-04 
 4.05600000e-08  1.68023074e-04 
 4.05800000e-08  2.44603740e-05 
 4.06000000e-08 -1.19166616e-04 
 4.06200000e-08 -2.62836714e-04 
 4.06400000e-08 -4.06528645e-04 
 4.06600000e-08 -5.50221044e-04 
 4.06800000e-08 -6.93892457e-04 
 4.07000000e-08 -8.37521342e-04 
 4.07200000e-08 -9.81086073e-04 
 4.07400000e-08 -1.12456494e-03 
 4.07600000e-08 -1.26793615e-03 
 4.07800000e-08 -1.41117782e-03 
 4.08000000e-08 -1.55426802e-03 
 4.08200000e-08 -1.69718471e-03 
 4.08400000e-08 -1.83990580e-03 
 4.08600000e-08 -1.98240912e-03 
 4.08800000e-08 -2.12467244e-03 
 4.09000000e-08 -2.26667345e-03 
 4.09200000e-08 -2.40838981e-03 
 4.09400000e-08 -2.54979909e-03 
 4.09600000e-08 -2.69087881e-03 
 4.09800000e-08 -2.83160647e-03 
 4.10000000e-08 -2.97195950e-03 
 4.10200000e-08 -3.11191527e-03 
 4.10400000e-08 -3.25145114e-03 
 4.10600000e-08 -3.39054443e-03 
 4.10800000e-08 -3.52917242e-03 
 4.11000000e-08 -3.66731237e-03 
 4.11200000e-08 -3.80494151e-03 
 4.11400000e-08 -3.94203707e-03 
 4.11600000e-08 -4.07857625e-03 
 4.11800000e-08 -4.21453625e-03 
 4.12000000e-08 -4.34989427e-03 
 4.12200000e-08 -4.48462753e-03 
 4.12400000e-08 -4.61871323e-03 
 4.12600000e-08 -4.75212859e-03 
 4.12800000e-08 -4.88485087e-03 
 4.13000000e-08 -5.01685734e-03 
 4.13200000e-08 -5.14812531e-03 
 4.13400000e-08 -5.27863211e-03 
 4.13600000e-08 -5.40835515e-03 
 4.13800000e-08 -5.53727184e-03 
 4.14000000e-08 -5.66535971e-03 
 4.14200000e-08 -5.79259629e-03 
 4.14400000e-08 -5.91895923e-03 
 4.14600000e-08 -6.04442622e-03 
 4.14800000e-08 -6.16897505e-03 
 4.15000000e-08 -6.29258362e-03 
 4.15200000e-08 -6.41522989e-03 
 4.15400000e-08 -6.53689194e-03 
 4.15600000e-08 -6.65754798e-03 
 4.15800000e-08 -6.77717630e-03 
 4.16000000e-08 -6.89575536e-03 
 4.16200000e-08 -7.01326371e-03 
 4.16400000e-08 -7.12968007e-03 
 4.16600000e-08 -7.24498329e-03 
 4.16800000e-08 -7.35915238e-03 
 4.17000000e-08 -7.47216653e-03 
 4.17200000e-08 -7.58400506e-03 
 4.17400000e-08 -7.69464751e-03 
 4.17600000e-08 -7.80407357e-03 
 4.17800000e-08 -7.91226313e-03 
 4.18000000e-08 -8.01919629e-03 
 4.18200000e-08 -8.12485336e-03 
 4.18400000e-08 -8.22921483e-03 
 4.18600000e-08 -8.33226144e-03 
 4.18800000e-08 -8.43397414e-03 
 4.19000000e-08 -8.53433415e-03 
 4.19200000e-08 -8.63332288e-03 
 4.19400000e-08 -8.73092201e-03 
 4.19600000e-08 -8.82711350e-03 
 4.19800000e-08 -8.92187954e-03 
 4.20000000e-08 -9.01520260e-03 
 4.20200000e-08 -9.10706542e-03 
 4.20400000e-08 -9.19745103e-03 
 4.20600000e-08 -9.28634275e-03 
 4.20800000e-08 -9.37372419e-03 
 4.21000000e-08 -9.45957926e-03 
 4.21200000e-08 -9.54389217e-03 
 4.21400000e-08 -9.62664746e-03 
 4.21600000e-08 -9.70782997e-03 
 4.21800000e-08 -9.78742488e-03 
 4.22000000e-08 -9.86541768e-03 
 4.22200000e-08 -9.94179423e-03 
 4.22400000e-08 -1.00165407e-02 
 4.22600000e-08 -1.00896436e-02 
 4.22800000e-08 -1.01610898e-02 
 4.23000000e-08 -1.02308665e-02 
 4.23200000e-08 -1.02989613e-02 
 4.23400000e-08 -1.03653621e-02 
 4.23600000e-08 -1.04300574e-02 
 4.23800000e-08 -1.04930356e-02 
 4.24000000e-08 -1.05542860e-02 
 4.24200000e-08 -1.06137978e-02 
 4.24400000e-08 -1.06715610e-02 
 4.24600000e-08 -1.07275657e-02 
 4.24800000e-08 -1.07818025e-02 
 4.25000000e-08 -1.08342624e-02 
 4.25200000e-08 -1.08849366e-02 
 4.25400000e-08 -1.09338170e-02 
 4.25600000e-08 -1.09808957e-02 
 4.25800000e-08 -1.10261652e-02 
 4.26000000e-08 -1.10696185e-02 
 4.26200000e-08 -1.11112488e-02 
 4.26400000e-08 -1.11510499e-02 
 4.26600000e-08 -1.11890159e-02 
 4.26800000e-08 -1.12251414e-02 
 4.27000000e-08 -1.12594211e-02 
 4.27200000e-08 -1.12918506e-02 
 4.27400000e-08 -1.13224254e-02 
 4.27600000e-08 -1.13511416e-02 
 4.27800000e-08 -1.13779959e-02 
 4.28000000e-08 -1.14029850e-02 
 4.28200000e-08 -1.14261064e-02 
 4.28400000e-08 -1.14473576e-02 
 4.28600000e-08 -1.14667367e-02 
 4.28800000e-08 -1.14842423e-02 
 4.29000000e-08 -1.14998731e-02 
 4.29200000e-08 -1.15136285e-02 
 4.29400000e-08 -1.15255080e-02 
 4.29600000e-08 -1.15355117e-02 
 4.29800000e-08 -1.15436398e-02 
 4.30000000e-08 -1.15498933e-02 
 4.30200000e-08 -1.15542731e-02 
 4.30400000e-08 -1.15567809e-02 
 4.30600000e-08 -1.15574184e-02 
 4.30800000e-08 -1.15561878e-02 
 4.31000000e-08 -1.15530918e-02 
 4.31200000e-08 -1.15481332e-02 
 4.31400000e-08 -1.15413153e-02 
 4.31600000e-08 -1.15326418e-02 
 4.31800000e-08 -1.15221166e-02 
 4.32000000e-08 -1.15097439e-02 
 4.32200000e-08 -1.14955284e-02 
 4.32400000e-08 -1.14794751e-02 
 4.32600000e-08 -1.14615892e-02 
 4.32800000e-08 -1.14418762e-02 
 4.33000000e-08 -1.14203421e-02 
 4.33200000e-08 -1.13969931e-02 
 4.33400000e-08 -1.13718357e-02 
 4.33600000e-08 -1.13448766e-02 
 4.33800000e-08 -1.13161230e-02 
 4.34000000e-08 -1.12855821e-02 
 4.34200000e-08 -1.12532617e-02 
 4.34400000e-08 -1.12191697e-02 
 4.34600000e-08 -1.11833143e-02 
 4.34800000e-08 -1.11457039e-02 
 4.35000000e-08 -1.11063472e-02 
 4.35200000e-08 -1.10652533e-02 
 4.35400000e-08 -1.10224312e-02 
 4.35600000e-08 -1.09778906e-02 
 4.35800000e-08 -1.09316410e-02 
 4.36000000e-08 -1.08836924e-02 
 4.36200000e-08 -1.08340549e-02 
 4.36400000e-08 -1.07827390e-02 
 4.36600000e-08 -1.07297552e-02 
 4.36800000e-08 -1.06751143e-02 
 4.37000000e-08 -1.06188273e-02 
 4.37200000e-08 -1.05609054e-02 
 4.37400000e-08 -1.05013601e-02 
 4.37600000e-08 -1.04402028e-02 
 4.37800000e-08 -1.03774455e-02 
 4.38000000e-08 -1.03131000e-02 
 4.38200000e-08 -1.02471785e-02 
 4.38400000e-08 -1.01796933e-02 
 4.38600000e-08 -1.01106569e-02 
 4.38800000e-08 -1.00400819e-02 
 4.39000000e-08 -9.96798106e-03 
 4.39200000e-08 -9.89436741e-03 
 4.39400000e-08 -9.81925403e-03 
 4.39600000e-08 -9.74265417e-03 
 4.39800000e-08 -9.66458120e-03 
 4.40000000e-08 -9.58504868e-03 
 4.40200000e-08 -9.50407025e-03 
 4.40400000e-08 -9.42165972e-03 
 4.40600000e-08 -9.33783102e-03 
 4.40800000e-08 -9.25259818e-03 
 4.41000000e-08 -9.16597540e-03 
 4.41200000e-08 -9.07797695e-03 
 4.41400000e-08 -8.98861724e-03 
 4.41600000e-08 -8.89791080e-03 
 4.41800000e-08 -8.80587224e-03 
 4.42000000e-08 -8.71251632e-03 
 4.42200000e-08 -8.61785787e-03 
 4.42400000e-08 -8.52191184e-03 
 4.42600000e-08 -8.42469328e-03 
 4.42800000e-08 -8.32621732e-03 
 4.43000000e-08 -8.22649922e-03 
 4.43200000e-08 -8.12555431e-03 
 4.43400000e-08 -8.02339801e-03 
 4.43600000e-08 -7.92004586e-03 
 4.43800000e-08 -7.81551346e-03 
 4.44000000e-08 -7.70981652e-03 
 4.44200000e-08 -7.60297082e-03 
 4.44400000e-08 -7.49499224e-03 
 4.44600000e-08 -7.38589674e-03 
 4.44800000e-08 -7.27570037e-03 
 4.45000000e-08 -7.16441925e-03 
 4.45200000e-08 -7.05206960e-03 
 4.45400000e-08 -6.93866771e-03 
 4.45600000e-08 -6.82422995e-03 
 4.45800000e-08 -6.70877280e-03 
 4.46000000e-08 -6.59231278e-03 
 4.46200000e-08 -6.47486652e-03 
 4.46400000e-08 -6.35645072e-03 
 4.46600000e-08 -6.23708217e-03 
 4.46800000e-08 -6.11677772e-03 
 4.47000000e-08 -5.99555433e-03 
 4.47200000e-08 -5.87342901e-03 
 4.47400000e-08 -5.75041888e-03 
 4.47600000e-08 -5.62654113e-03 
 4.47800000e-08 -5.50181303e-03 
 4.48000000e-08 -5.37625192e-03 
 4.48200000e-08 -5.24987526e-03 
 4.48400000e-08 -5.12270056e-03 
 4.48600000e-08 -4.99474542e-03 
 4.48800000e-08 -4.86602754e-03 
 4.49000000e-08 -4.73656468e-03 
 4.49200000e-08 -4.60637472e-03 
 4.49400000e-08 -4.47547559e-03 
 4.49600000e-08 -4.34388534e-03 
 4.49800000e-08 -4.21162209e-03 
 4.50000000e-08 -4.07870404e-03 
 4.50200000e-08 -3.94514950e-03 
 4.50400000e-08 -3.81097686e-03 
 4.50600000e-08 -3.67620460e-03 
 4.50800000e-08 -3.54085130e-03 
 4.51000000e-08 -3.40493562e-03 
 4.51200000e-08 -3.26847633e-03 
 4.51400000e-08 -3.13149228e-03 
 4.51600000e-08 -2.99400241e-03 
 4.51800000e-08 -2.85602578e-03 
 4.52000000e-08 -2.71758151e-03 
 4.52200000e-08 -2.57868885e-03 
 4.52400000e-08 -2.43936713e-03 
 4.52600000e-08 -2.29963578e-03 
 4.52800000e-08 -2.15951432e-03 
 4.53000000e-08 -2.01902239e-03 
 4.53200000e-08 -1.87817970e-03 
 4.53400000e-08 -1.73700608e-03 
 4.53600000e-08 -1.59552145e-03 
 4.53800000e-08 -1.45374584e-03 
 4.54000000e-08 -1.31169935e-03 
 4.54200000e-08 -1.16940222e-03 
 4.54400000e-08 -1.02687475e-03 
 4.54600000e-08 -8.84137366e-04 
 4.54800000e-08 -7.41210578e-04 
 4.55000000e-08 -5.98114998e-04 
 4.55200000e-08 -4.54871334e-04 
 4.55400000e-08 -3.11500392e-04 
 4.55600000e-08 -1.68023073e-04 
 4.55800000e-08 -2.44603740e-05 
 4.56000000e-08  1.19166616e-04 
 4.56200000e-08  2.62836714e-04 
 4.56400000e-08  4.06528645e-04 
 4.56600000e-08  5.50221044e-04 
 4.56800000e-08  6.93892457e-04 
 4.57000000e-08  8.37521342e-04 
 4.57200000e-08  9.81086073e-04 
 4.57400000e-08  1.12456494e-03 
 4.57600000e-08  1.26793615e-03 
 4.57800000e-08  1.41117782e-03 
 4.58000000e-08  1.55426802e-03 
 4.58200000e-08  1.69718471e-03 
 4.58400000e-08  1.83990580e-03 
 4.58600000e-08  1.98240912e-03 
 4.58800000e-08  2.12467244e-03 
 4.59000000e-08  2.26667345e-03 
 4.59200000e-08  2.40838981e-03 
 4.59400000e-08  2.54979909e-03 
 4.59600000e-08  2.69087881e-03 
 4.59800000e-08  2.83160647e-03 
 4.60000000e-08  2.97195950e-03 
 4.60200000e-08  3.11191527e-03 
 4.60400000e-08  3.25145114e-03 
 4.60600000e-08  3.39054443e-03 
 4.60800000e-08  3.52917242e-03 
 4.61000000e-08  3.66731237e-03 
 4.61200000e-08  3.80494151e-03 
 4.61400000e-08  3.94203707e-03 
 4.61600000e-08  4.07857625e-03 
 4.61800000e-08  4.21453625e-03 
 4.62000000e-08  4.34989427e-03 
 4.62200000e-08  4.48462753e-03 
 4.62400000e-08  4.61871323e-03 
 4.62600000e-08  4.75212859e-03 
 4.62800000e-08  4.88485087e-03 
 4.63000000e-08  5.01685734e-03 
 4.63200000e-08  5.14812531e-03 
 4.63400000e-08  5.27863211e-03 
 4.63600000e-08  5.40835515e-03 
 4.63800000e-08  5.53727184e-03 
 4.64000000e-08  5.66535971e-03 
 4.64200000e-08  5.79259629e-03 
 4.64400000e-08  5.91895923e-03 
 4.64600000e-08  6.04442622e-03 
 4.64800000e-08  6.16897505e-03 
 4.65000000e-08  6.29258362e-03 
 4.65200000e-08  6.41522989e-03 
 4.65400000e-08  6.53689194e-03 
 4.65600000e-08  6.65754798e-03 
 4.65800000e-08  6.77717630e-03 
 4.66000000e-08  6.89575536e-03 
 4.66200000e-08  7.01326371e-03 
 4.66400000e-08  7.12968007e-03 
 4.66600000e-08  7.24498329e-03 
 4.66800000e-08  7.35915238e-03 
 4.67000000e-08  7.47216653e-03 
 4.67200000e-08  7.58400506e-03 
 4.67400000e-08  7.69464751e-03 
 4.67600000e-08  7.80407357e-03 
 4.67800000e-08  7.91226313e-03 
 4.68000000e-08  8.01919629e-03 
 4.68200000e-08  8.12485336e-03 
 4.68400000e-08  8.22921483e-03 
 4.68600000e-08  8.33226144e-03 
 4.68800000e-08  8.43397414e-03 
 4.69000000e-08  8.53433415e-03 
 4.69200000e-08  8.63332288e-03 
 4.69400000e-08  8.73092201e-03 
 4.69600000e-08  8.82711350e-03 
 4.69800000e-08  8.92187954e-03 
 4.70000000e-08  9.01520260e-03 
 4.70200000e-08  9.10706542e-03 
 4.70400000e-08  9.19745103e-03 
 4.70600000e-08  9.28634275e-03 
 4.70800000e-08  9.37372419e-03 
 4.71000000e-08  9.45957926e-03 
 4.71200000e-08  9.54389217e-03 
 4.71400000e-08  9.62664746e-03 
 4.71600000e-08  9.70782997e-03 
 4.71800000e-08  9.78742488e-03 
 4.72000000e-08  9.86541768e-03 
 4.72200000e-08  9.94179423e-03 
 4.72400000e-08  1.00165407e-02 
 4.72600000e-08  1.00896436e-02 
 4.72800000e-08  1.01610898e-02 
 4.73000000e-08  1.02308665e-02 
 4.73200000e-08  1.02989613e-02 
 4.73400000e-08  1.03653621e-02 
 4.73600000e-08  1.04300574e-02 
 4.73800000e-08  1.04930356e-02 
 4.74000000e-08  1.05542860e-02 
 4.74200000e-08  1.06137978e-02 
 4.74400000e-08  1.06715610e-02 
 4.74600000e-08  1.07275657e-02 
 4.74800000e-08  1.07818025e-02 
 4.75000000e-08  1.08342624e-02 
 4.75200000e-08  1.08849366e-02 
 4.75400000e-08  1.09338170e-02 
 4.75600000e-08  1.09808957e-02 
 4.75800000e-08  1.10261652e-02 
 4.76000000e-08  1.10696185e-02 
 4.76200000e-08  1.11112488e-02 
 4.76400000e-08  1.11510499e-02 
 4.76600000e-08  1.11890159e-02 
 4.76800000e-08  1.12251414e-02 
 4.77000000e-08  1.12594211e-02 
 4.77200000e-08  1.12918506e-02 
 4.77400000e-08  1.13224254e-02 
 4.77600000e-08  1.13511416e-02 
 4.77800000e-08  1.13779959e-02 
 4.78000000e-08  1.14029850e-02 
 4.78200000e-08  1.14261064e-02 
 4.78400000e-08  1.14473576e-02 
 4.78600000e-08  1.14667367e-02 
 4.78800000e-08  1.14842423e-02 
 4.79000000e-08  1.14998731e-02 
 4.79200000e-08  1.15136285e-02 
 4.79400000e-08  1.15255080e-02 
 4.79600000e-08  1.15355117e-02 
 4.79800000e-08  1.15436398e-02 
 4.80000000e-08  1.15498933e-02 
 4.80200000e-08  1.15542731e-02 
 4.80400000e-08  1.15567809e-02 
 4.80600000e-08  1.15574184e-02 
 4.80800000e-08  1.15561878e-02 
 4.81000000e-08  1.15530918e-02 
 4.81200000e-08  1.15481332e-02 
 4.81400000e-08  1.15413153e-02 
 4.81600000e-08  1.15326418e-02 
 4.81800000e-08  1.15221166e-02 
 4.82000000e-08  1.15097439e-02 
 4.82200000e-08  1.14955284e-02 
 4.82400000e-08  1.14794751e-02 
 4.82600000e-08  1.14615892e-02 
 4.82800000e-08  1.14418762e-02 
 4.83000000e-08  1.14203421e-02 
 4.83200000e-08  1.13969931e-02 
 4.83400000e-08  1.13718357e-02 
 4.83600000e-08  1.13448766e-02 
 4.83800000e-08  1.13161230e-02 
 4.84000000e-08  1.12855821e-02 
 4.84200000e-08  1.12532617e-02 
 4.84400000e-08  1.12191697e-02 
 4.84600000e-08  1.11833143e-02 
 4.84800000e-08  1.11457039e-02 
 4.85000000e-08  1.11063472e-02 
 4.85200000e-08  1.10652533e-02 
 4.85400000e-08  1.10224312e-02 
 4.85600000e-08  1.09778906e-02 
 4.85800000e-08  1.09316410e-02 
 4.86000000e-08  1.08836924e-02 
 4.86200000e-08  1.08340549e-02 
 4.86400000e-08  1.07827390e-02 
 4.86600000e-08  1.07297552e-02 
 4.86800000e-08  1.06751143e-02 
 4.87000000e-08  1.06188273e-02 
 4.87200000e-08  1.05609054e-02 
 4.87400000e-08  1.05013601e-02 
 4.87600000e-08  1.04402028e-02 
 4.87800000e-08  1.03774455e-02 
 4.88000000e-08  1.03131000e-02 
 4.88200000e-08  1.02471785e-02 
 4.88400000e-08  1.01796933e-02 
 4.88600000e-08  1.01106569e-02 
 4.88800000e-08  1.00400819e-02 
 4.89000000e-08  9.96798106e-03 
 4.89200000e-08  9.89436741e-03 
 4.89400000e-08  9.81925403e-03 
 4.89600000e-08  9.74265417e-03 
 4.89800000e-08  9.66458120e-03 
 4.90000000e-08  9.58504868e-03 
 4.90200000e-08  9.50407025e-03 
 4.90400000e-08  9.42165972e-03 
 4.90600000e-08  9.33783102e-03 
 4.90800000e-08  9.25259818e-03 
 4.91000000e-08  9.16597540e-03 
 4.91200000e-08  9.07797695e-03 
 4.91400000e-08  8.98861724e-03 
 4.91600000e-08  8.89791080e-03 
 4.91800000e-08  8.80587224e-03 
 4.92000000e-08  8.71251632e-03 
 4.92200000e-08  8.61785787e-03 
 4.92400000e-08  8.52191184e-03 
 4.92600000e-08  8.42469328e-03 
 4.92800000e-08  8.32621732e-03 
 4.93000000e-08  8.22649922e-03 
 4.93200000e-08  8.12555431e-03 
 4.93400000e-08  8.02339801e-03 
 4.93600000e-08  7.92004586e-03 
 4.93800000e-08  7.81551346e-03 
 4.94000000e-08  7.70981652e-03 
 4.94200000e-08  7.60297082e-03 
 4.94400000e-08  7.49499224e-03 
 4.94600000e-08  7.38589674e-03 
 4.94800000e-08  7.27570037e-03 
 4.95000000e-08  7.16441925e-03 
 4.95200000e-08  7.05206960e-03 
 4.95400000e-08  6.93866771e-03 
 4.95600000e-08  6.82422995e-03 
 4.95800000e-08  6.70877280e-03 
 4.96000000e-08  6.59231278e-03 
 4.96200000e-08  6.47486652e-03 
 4.96400000e-08  6.35645072e-03 
 4.96600000e-08  6.23708217e-03 
 4.96800000e-08  6.11677772e-03 
 4.97000000e-08  5.99555433e-03 
 4.97200000e-08  5.87342901e-03 
 4.97400000e-08  5.75041888e-03 
 4.97600000e-08  5.62654113e-03 
 4.97800000e-08  5.50181303e-03 
 4.98000000e-08  5.37625192e-03 
 4.98200000e-08  5.24987526e-03 
 4.98400000e-08  5.12270056e-03 
 4.98600000e-08  4.99474542e-03 
 4.98800000e-08  4.86602754e-03 
 4.99000000e-08  4.73656468e-03 
 4.99200000e-08  4.60637472e-03 
 4.99400000e-08  4.47547559e-03 
 4.99600000e-08  4.34388534e-03 
 4.99800000e-08  4.21162209e-03 
 5.00000000e-08  4.07870404e-03 
 5.00200000e-08  3.94514950e-03 
 5.00400000e-08  3.81097686e-03 
 5.00600000e-08  3.67620460e-03 
 5.00800000e-08  3.54085130e-03 
 5.01000000e-08  3.40493562e-03 
 5.01200000e-08  3.26847633e-03 
 5.01400000e-08  3.13149228e-03 
 5.01600000e-08  2.99400241e-03 
 5.01800000e-08  2.85602578e-03 
 5.02000000e-08  2.71758151e-03 
 5.02200000e-08  2.57868885e-03 
 5.02400000e-08  2.43936713e-03 
 5.02600000e-08  2.29963578e-03 
 5.02800000e-08  2.15951432e-03 
 5.03000000e-08  2.01902239e-03 
 5.03200000e-08  1.87817970e-03 
 5.03400000e-08  1.73700608e-03 
 5.03600000e-08  1.59552145e-03 
 5.03800000e-08  1.45374584e-03 
 5.04000000e-08  1.31169935e-03 
 5.04200000e-08  1.16940222e-03 
 5.04400000e-08  1.02687475e-03 
 5.04600000e-08  8.84137366e-04 
 5.04800000e-08  7.41210578e-04 
 5.05000000e-08  5.98114998e-04 
 5.05200000e-08  4.54871334e-04 
 5.05400000e-08  3.11500392e-04 
 5.05600000e-08  1.68023074e-04 
 5.05800000e-08  2.44603741e-05 
 5.06000000e-08 -1.19166616e-04 
 5.06200000e-08 -2.62836714e-04 
 5.06400000e-08 -4.06528645e-04 
 5.06600000e-08 -5.50221044e-04 
 5.06800000e-08 -6.93892457e-04 
 5.07000000e-08 -8.37521342e-04 
 5.07200000e-08 -9.81086073e-04 
 5.07400000e-08 -1.12456494e-03 
 5.07600000e-08 -1.26793615e-03 
 5.07800000e-08 -1.41117782e-03 
 5.08000000e-08 -1.55426802e-03 
 5.08200000e-08 -1.69718471e-03 
 5.08400000e-08 -1.83990580e-03 
 5.08600000e-08 -1.98240912e-03 
 5.08800000e-08 -2.12467244e-03 
 5.09000000e-08 -2.26667345e-03 
 5.09200000e-08 -2.40838981e-03 
 5.09400000e-08 -2.54979909e-03 
 5.09600000e-08 -2.69087881e-03 
 5.09800000e-08 -2.83160647e-03 
 5.10000000e-08 -2.97195950e-03 
 5.10200000e-08 -3.11191527e-03 
 5.10400000e-08 -3.25145114e-03 
 5.10600000e-08 -3.39054443e-03 
 5.10800000e-08 -3.52917242e-03 
 5.11000000e-08 -3.66731237e-03 
 5.11200000e-08 -3.80494151e-03 
 5.11400000e-08 -3.94203707e-03 
 5.11600000e-08 -4.07857625e-03 
 5.11800000e-08 -4.21453625e-03 
 5.12000000e-08 -4.34989427e-03 
 5.12200000e-08 -4.48462753e-03 
 5.12400000e-08 -4.61871323e-03 
 5.12600000e-08 -4.75212859e-03 
 5.12800000e-08 -4.88485087e-03 
 5.13000000e-08 -5.01685734e-03 
 5.13200000e-08 -5.14812531e-03 
 5.13400000e-08 -5.27863211e-03 
 5.13600000e-08 -5.40835515e-03 
 5.13800000e-08 -5.53727184e-03 
 5.14000000e-08 -5.66535971e-03 
 5.14200000e-08 -5.79259629e-03 
 5.14400000e-08 -5.91895923e-03 
 5.14600000e-08 -6.04442622e-03 
 5.14800000e-08 -6.16897505e-03 
 5.15000000e-08 -6.29258362e-03 
 5.15200000e-08 -6.41522989e-03 
 5.15400000e-08 -6.53689194e-03 
 5.15600000e-08 -6.65754798e-03 
 5.15800000e-08 -6.77717630e-03 
 5.16000000e-08 -6.89575536e-03 
 5.16200000e-08 -7.01326371e-03 
 5.16400000e-08 -7.12968007e-03 
 5.16600000e-08 -7.24498329e-03 
 5.16800000e-08 -7.35915238e-03 
 5.17000000e-08 -7.47216653e-03 
 5.17200000e-08 -7.58400506e-03 
 5.17400000e-08 -7.69464751e-03 
 5.17600000e-08 -7.80407357e-03 
 5.17800000e-08 -7.91226313e-03 
 5.18000000e-08 -8.01919629e-03 
 5.18200000e-08 -8.12485336e-03 
 5.18400000e-08 -8.22921483e-03 
 5.18600000e-08 -8.33226144e-03 
 5.18800000e-08 -8.43397414e-03 
 5.19000000e-08 -8.53433415e-03 
 5.19200000e-08 -8.63332288e-03 
 5.19400000e-08 -8.73092201e-03 
 5.19600000e-08 -8.82711350e-03 
 5.19800000e-08 -8.92187954e-03 
 5.20000000e-08 -9.01520260e-03 
 5.20200000e-08 -9.10706542e-03 
 5.20400000e-08 -9.19745103e-03 
 5.20600000e-08 -9.28634275e-03 
 5.20800000e-08 -9.37372419e-03 
 5.21000000e-08 -9.45957926e-03 
 5.21200000e-08 -9.54389217e-03 
 5.21400000e-08 -9.62664746e-03 
 5.21600000e-08 -9.70782997e-03 
 5.21800000e-08 -9.78742488e-03 
 5.22000000e-08 -9.86541768e-03 
 5.22200000e-08 -9.94179423e-03 
 5.22400000e-08 -1.00165407e-02 
 5.22600000e-08 -1.00896436e-02 
 5.22800000e-08 -1.01610898e-02 
 5.23000000e-08 -1.02308665e-02 
 5.23200000e-08 -1.02989613e-02 
 5.23400000e-08 -1.03653621e-02 
 5.23600000e-08 -1.04300574e-02 
 5.23800000e-08 -1.04930356e-02 
 5.24000000e-08 -1.05542860e-02 
 5.24200000e-08 -1.06137978e-02 
 5.24400000e-08 -1.06715610e-02 
 5.24600000e-08 -1.07275657e-02 
 5.24800000e-08 -1.07818025e-02 
 5.25000000e-08 -1.08342624e-02 
 5.25200000e-08 -1.08849366e-02 
 5.25400000e-08 -1.09338170e-02 
 5.25600000e-08 -1.09808957e-02 
 5.25800000e-08 -1.10261652e-02 
 5.26000000e-08 -1.10696185e-02 
 5.26200000e-08 -1.11112488e-02 
 5.26400000e-08 -1.11510499e-02 
 5.26600000e-08 -1.11890159e-02 
 5.26800000e-08 -1.12251414e-02 
 5.27000000e-08 -1.12594211e-02 
 5.27200000e-08 -1.12918506e-02 
 5.27400000e-08 -1.13224254e-02 
 5.27600000e-08 -1.13511416e-02 
 5.27800000e-08 -1.13779959e-02 
 5.28000000e-08 -1.14029850e-02 
 5.28200000e-08 -1.14261064e-02 
 5.28400000e-08 -1.14473576e-02 
 5.28600000e-08 -1.14667367e-02 
 5.28800000e-08 -1.14842423e-02 
 5.29000000e-08 -1.14998731e-02 
 5.29200000e-08 -1.15136285e-02 
 5.29400000e-08 -1.15255080e-02 
 5.29600000e-08 -1.15355117e-02 
 5.29800000e-08 -1.15436398e-02 
 5.30000000e-08 -1.15498933e-02 
 5.30200000e-08 -1.15542731e-02 
 5.30400000e-08 -1.15567809e-02 
 5.30600000e-08 -1.15574184e-02 
 5.30800000e-08 -1.15561878e-02 
 5.31000000e-08 -1.15530918e-02 
 5.31200000e-08 -1.15481332e-02 
 5.31400000e-08 -1.15413153e-02 
 5.31600000e-08 -1.15326418e-02 
 5.31800000e-08 -1.15221166e-02 
 5.32000000e-08 -1.15097439e-02 
 5.32200000e-08 -1.14955284e-02 
 5.32400000e-08 -1.14794751e-02 
 5.32600000e-08 -1.14615892e-02 
 5.32800000e-08 -1.14418762e-02 
 5.33000000e-08 -1.14203421e-02 
 5.33200000e-08 -1.13969931e-02 
 5.33400000e-08 -1.13718357e-02 
 5.33600000e-08 -1.13448766e-02 
 5.33800000e-08 -1.13161230e-02 
 5.34000000e-08 -1.12855821e-02 
 5.34200000e-08 -1.12532617e-02 
 5.34400000e-08 -1.12191697e-02 
 5.34600000e-08 -1.11833143e-02 
 5.34800000e-08 -1.11457039e-02 
 5.35000000e-08 -1.11063472e-02 
 5.35200000e-08 -1.10652533e-02 
 5.35400000e-08 -1.10224312e-02 
 5.35600000e-08 -1.09778906e-02 
 5.35800000e-08 -1.09316410e-02 
 5.36000000e-08 -1.08836924e-02 
 5.36200000e-08 -1.08340549e-02 
 5.36400000e-08 -1.07827390e-02 
 5.36600000e-08 -1.07297552e-02 
 5.36800000e-08 -1.06751143e-02 
 5.37000000e-08 -1.06188273e-02 
 5.37200000e-08 -1.05609054e-02 
 5.37400000e-08 -1.05013601e-02 
 5.37600000e-08 -1.04402028e-02 
 5.37800000e-08 -1.03774455e-02 
 5.38000000e-08 -1.03131000e-02 
 5.38200000e-08 -1.02471785e-02 
 5.38400000e-08 -1.01796933e-02 
 5.38600000e-08 -1.01106569e-02 
 5.38800000e-08 -1.00400819e-02 
 5.39000000e-08 -9.96798106e-03 
 5.39200000e-08 -9.89436741e-03 
 5.39400000e-08 -9.81925403e-03 
 5.39600000e-08 -9.74265417e-03 
 5.39800000e-08 -9.66458120e-03 
 5.40000000e-08 -9.58504868e-03 
 5.40200000e-08 -9.50407025e-03 
 5.40400000e-08 -9.42165972e-03 
 5.40600000e-08 -9.33783102e-03 
 5.40800000e-08 -9.25259818e-03 
 5.41000000e-08 -9.16597540e-03 
 5.41200000e-08 -9.07797695e-03 
 5.41400000e-08 -8.98861724e-03 
 5.41600000e-08 -8.89791080e-03 
 5.41800000e-08 -8.80587224e-03 
 5.42000000e-08 -8.71251632e-03 
 5.42200000e-08 -8.61785787e-03 
 5.42400000e-08 -8.52191184e-03 
 5.42600000e-08 -8.42469328e-03 
 5.42800000e-08 -8.32621732e-03 
 5.43000000e-08 -8.22649922e-03 
 5.43200000e-08 -8.12555431e-03 
 5.43400000e-08 -8.02339801e-03 
 5.43600000e-08 -7.92004586e-03 
 5.43800000e-08 -7.81551346e-03 
 5.44000000e-08 -7.70981652e-03 
 5.44200000e-08 -7.60297082e-03 
 5.44400000e-08 -7.49499224e-03 
 5.44600000e-08 -7.38589674e-03 
 5.44800000e-08 -7.27570037e-03 
 5.45000000e-08 -7.16441925e-03 
 5.45200000e-08 -7.05206960e-03 
 5.45400000e-08 -6.93866771e-03 
 5.45600000e-08 -6.82422995e-03 
 5.45800000e-08 -6.70877280e-03 
 5.46000000e-08 -6.59231278e-03 
 5.46200000e-08 -6.47486652e-03 
 5.46400000e-08 -6.35645072e-03 
 5.46600000e-08 -6.23708217e-03 
 5.46800000e-08 -6.11677772e-03 
 5.47000000e-08 -5.99555433e-03 
 5.47200000e-08 -5.87342901e-03 
 5.47400000e-08 -5.75041888e-03 
 5.47600000e-08 -5.62654113e-03 
 5.47800000e-08 -5.50181303e-03 
 5.48000000e-08 -5.37625192e-03 
 5.48200000e-08 -5.24987526e-03 
 5.48400000e-08 -5.12270056e-03 
 5.48600000e-08 -4.99474542e-03 
 5.48800000e-08 -4.86602754e-03 
 5.49000000e-08 -4.73656468e-03 
 5.49200000e-08 -4.60637472e-03 
 5.49400000e-08 -4.47547559e-03 
 5.49600000e-08 -4.34388534e-03 
 5.49800000e-08 -4.21162209e-03 
 5.50000000e-08 -4.07870404e-03 
 5.50200000e-08 -3.94514950e-03 
 5.50400000e-08 -3.81097686e-03 
 5.50600000e-08 -3.67620460e-03 
 5.50800000e-08 -3.54085130e-03 
 5.51000000e-08 -3.40493562e-03 
 5.51200000e-08 -3.26847633e-03 
 5.51400000e-08 -3.13149228e-03 
 5.51600000e-08 -2.99400241e-03 
 5.51800000e-08 -2.85602578e-03 
 5.52000000e-08 -2.71758151e-03 
 5.52200000e-08 -2.57868885e-03 
 5.52400000e-08 -2.43936713e-03 
 5.52600000e-08 -2.29963578e-03 
 5.52800000e-08 -2.15951432e-03 
 5.53000000e-08 -2.01902239e-03 
 5.53200000e-08 -1.87817970e-03 
 5.53400000e-08 -1.73700608e-03 
 5.53600000e-08 -1.59552145e-03 
 5.53800000e-08 -1.45374584e-03 
 5.54000000e-08 -1.31169935e-03 
 5.54200000e-08 -1.16940222e-03 
 5.54400000e-08 -1.02687475e-03 
 5.54600000e-08 -8.84137367e-04 
 5.54800000e-08 -7.41210578e-04 
 5.55000000e-08 -5.98114998e-04 
 5.55200000e-08 -4.54871334e-04 
 5.55400000e-08 -3.11500392e-04 
 5.55600000e-08 -1.68023073e-04 
 5.55800000e-08 -2.44603740e-05 
 5.56000000e-08  1.19166616e-04 
 5.56200000e-08  2.62836714e-04 
 5.56400000e-08  4.06528645e-04 
 5.56600000e-08  5.50221044e-04 
 5.56800000e-08  6.93892457e-04 
 5.57000000e-08  8.37521342e-04 
 5.57200000e-08  9.81086073e-04 
 5.57400000e-08  1.12456494e-03 
 5.57600000e-08  1.26793615e-03 
 5.57800000e-08  1.41117782e-03 
 5.58000000e-08  1.55426802e-03 
 5.58200000e-08  1.69718471e-03 
 5.58400000e-08  1.83990580e-03 
 5.58600000e-08  1.98240912e-03 
 5.58800000e-08  2.12467244e-03 
 5.59000000e-08  2.26667345e-03 
 5.59200000e-08  2.40838981e-03 
 5.59400000e-08  2.54979909e-03 
 5.59600000e-08  2.69087881e-03 
 5.59800000e-08  2.83160647e-03 
 5.60000000e-08  2.97195950e-03 
 5.60200000e-08  3.11191527e-03 
 5.60400000e-08  3.25145114e-03 
 5.60600000e-08  3.39054443e-03 
 5.60800000e-08  3.52917242e-03 
 5.61000000e-08  3.66731237e-03 
 5.61200000e-08  3.80494151e-03 
 5.61400000e-08  3.94203707e-03 
 5.61600000e-08  4.07857625e-03 
 5.61800000e-08  4.21453625e-03 
 5.62000000e-08  4.34989427e-03 
 5.62200000e-08  4.48462753e-03 
 5.62400000e-08  4.61871323e-03 
 5.62600000e-08  4.75212859e-03 
 5.62800000e-08  4.88485087e-03 
 5.63000000e-08  5.01685734e-03 
 5.63200000e-08  5.14812531e-03 
 5.63400000e-08  5.27863211e-03 
 5.63600000e-08  5.40835515e-03 
 5.63800000e-08  5.53727184e-03 
 5.64000000e-08  5.66535971e-03 
 5.64200000e-08  5.79259629e-03 
 5.64400000e-08  5.91895923e-03 
 5.64600000e-08  6.04442622e-03 
 5.64800000e-08  6.16897505e-03 
 5.65000000e-08  6.29258362e-03 
 5.65200000e-08  6.41522989e-03 
 5.65400000e-08  6.53689194e-03 
 5.65600000e-08  6.65754798e-03 
 5.65800000e-08  6.77717630e-03 
 5.66000000e-08  6.89575536e-03 
 5.66200000e-08  7.01326371e-03 
 5.66400000e-08  7.12968007e-03 
 5.66600000e-08  7.24498329e-03 
 5.66800000e-08  7.35915238e-03 
 5.67000000e-08  7.47216653e-03 
 5.67200000e-08  7.58400506e-03 
 5.67400000e-08  7.69464751e-03 
 5.67600000e-08  7.80407357e-03 
 5.67800000e-08  7.91226313e-03 
 5.68000000e-08  8.01919629e-03 
 5.68200000e-08  8.12485336e-03 
 5.68400000e-08  8.22921483e-03 
 5.68600000e-08  8.33226144e-03 
 5.68800000e-08  8.43397414e-03 
 5.69000000e-08  8.53433415e-03 
 5.69200000e-08  8.63332288e-03 
 5.69400000e-08  8.73092201e-03 
 5.69600000e-08  8.82711350e-03 
 5.69800000e-08  8.92187954e-03 
 5.70000000e-08  9.01520260e-03 
 5.70200000e-08  9.10706542e-03 
 5.70400000e-08  9.19745103e-03 
 5.70600000e-08  9.28634275e-03 
 5.70800000e-08  9.37372419e-03 
 5.71000000e-08  9.45957926e-03 
 5.71200000e-08  9.54389217e-03 
 5.71400000e-08  9.62664746e-03 
 5.71600000e-08  9.70782997e-03 
 5.71800000e-08  9.78742488e-03 
 5.72000000e-08  9.86541768e-03 
 5.72200000e-08  9.94179423e-03 
 5.72400000e-08  1.00165407e-02 
 5.72600000e-08  1.00896436e-02 
 5.72800000e-08  1.01610898e-02 
 5.73000000e-08  1.02308665e-02 
 5.73200000e-08  1.02989613e-02 
 5.73400000e-08  1.03653621e-02 
 5.73600000e-08  1.04300574e-02 
 5.73800000e-08  1.04930356e-02 
 5.74000000e-08  1.05542860e-02 
 5.74200000e-08  1.06137978e-02 
 5.74400000e-08  1.06715610e-02 
 5.74600000e-08  1.07275657e-02 
 5.74800000e-08  1.07818025e-02 
 5.75000000e-08  1.08342624e-02 
 5.75200000e-08  1.08849366e-02 
 5.75400000e-08  1.09338170e-02 
 5.75600000e-08  1.09808957e-02 
 5.75800000e-08  1.10261652e-02 
 5.76000000e-08  1.10696185e-02 
 5.76200000e-08  1.11112488e-02 
 5.76400000e-08  1.11510499e-02 
 5.76600000e-08  1.11890159e-02 
 5.76800000e-08  1.12251414e-02 
 5.77000000e-08  1.12594211e-02 
 5.77200000e-08  1.12918506e-02 
 5.77400000e-08  1.13224254e-02 
 5.77600000e-08  1.13511416e-02 
 5.77800000e-08  1.13779959e-02 
 5.78000000e-08  1.14029850e-02 
 5.78200000e-08  1.14261064e-02 
 5.78400000e-08  1.14473576e-02 
 5.78600000e-08  1.14667367e-02 
 5.78800000e-08  1.14842423e-02 
 5.79000000e-08  1.14998731e-02 
 5.79200000e-08  1.15136285e-02 
 5.79400000e-08  1.15255080e-02 
 5.79600000e-08  1.15355117e-02 
 5.79800000e-08  1.15436398e-02 
 5.80000000e-08  1.15498933e-02 
 5.80200000e-08  1.15542731e-02 
 5.80400000e-08  1.15567809e-02 
 5.80600000e-08  1.15574184e-02 
 5.80800000e-08  1.15561878e-02 
 5.81000000e-08  1.15530918e-02 
 5.81200000e-08  1.15481332e-02 
 5.81400000e-08  1.15413153e-02 
 5.81600000e-08  1.15326418e-02 
 5.81800000e-08  1.15221166e-02 
 5.82000000e-08  1.15097439e-02 
 5.82200000e-08  1.14955284e-02 
 5.82400000e-08  1.14794751e-02 
 5.82600000e-08  1.14615892e-02 
 5.82800000e-08  1.14418762e-02 
 5.83000000e-08  1.14203421e-02 
 5.83200000e-08  1.13969931e-02 
 5.83400000e-08  1.13718357e-02 
 5.83600000e-08  1.13448766e-02 
 5.83800000e-08  1.13161230e-02 
 5.84000000e-08  1.12855821e-02 
 5.84200000e-08  1.12532617e-02 
 5.84400000e-08  1.12191697e-02 
 5.84600000e-08  1.11833143e-02 
 5.84800000e-08  1.11457039e-02 
 5.85000000e-08  1.11063472e-02 
 5.85200000e-08  1.10652533e-02 
 5.85400000e-08  1.10224312e-02 
 5.85600000e-08  1.09778906e-02 
 5.85800000e-08  1.09316410e-02 
 5.86000000e-08  1.08836924e-02 
 5.86200000e-08  1.08340549e-02 
 5.86400000e-08  1.07827390e-02 
 5.86600000e-08  1.07297552e-02 
 5.86800000e-08  1.06751143e-02 
 5.87000000e-08  1.06188273e-02 
 5.87200000e-08  1.05609054e-02 
 5.87400000e-08  1.05013601e-02 
 5.87600000e-08  1.04402028e-02 
 5.87800000e-08  1.03774455e-02 
 5.88000000e-08  1.03131000e-02 
 5.88200000e-08  1.02471785e-02 
 5.88400000e-08  1.01796933e-02 
 5.88600000e-08  1.01106569e-02 
 5.88800000e-08  1.00400819e-02 
 5.89000000e-08  9.96798106e-03 
 5.89200000e-08  9.89436741e-03 
 5.89400000e-08  9.81925403e-03 
 5.89600000e-08  9.74265417e-03 
 5.89800000e-08  9.66458120e-03 
 5.90000000e-08  9.58504868e-03 
 5.90200000e-08  9.50407025e-03 
 5.90400000e-08  9.42165972e-03 
 5.90600000e-08  9.33783102e-03 
 5.90800000e-08  9.25259818e-03 
 5.91000000e-08  9.16597540e-03 
 5.91200000e-08  9.07797695e-03 
 5.91400000e-08  8.98861724e-03 
 5.91600000e-08  8.89791080e-03 
 5.91800000e-08  8.80587224e-03 
 5.92000000e-08  8.71251632e-03 
 5.92200000e-08  8.61785787e-03 
 5.92400000e-08  8.52191184e-03 
 5.92600000e-08  8.42469328e-03 
 5.92800000e-08  8.32621732e-03 
 5.93000000e-08  8.22649922e-03 
 5.93200000e-08  8.12555431e-03 
 5.93400000e-08  8.02339801e-03 
 5.93600000e-08  7.92004586e-03 
 5.93800000e-08  7.81551346e-03 
 5.94000000e-08  7.70981652e-03 
 5.94200000e-08  7.60297082e-03 
 5.94400000e-08  7.49499224e-03 
 5.94600000e-08  7.38589674e-03 
 5.94800000e-08  7.27570037e-03 
 5.95000000e-08  7.16441925e-03 
 5.95200000e-08  7.05206960e-03 
 5.95400000e-08  6.93866771e-03 
 5.95600000e-08  6.82422995e-03 
 5.95800000e-08  6.70877280e-03 
 5.96000000e-08  6.59231278e-03 
 5.96200000e-08  6.47486652e-03 
 5.96400000e-08  6.35645072e-03 
 5.96600000e-08  6.23708217e-03 
 5.96800000e-08  6.11677772e-03 
 5.97000000e-08  5.99555433e-03 
 5.97200000e-08  5.87342901e-03 
 5.97400000e-08  5.75041888e-03 
 5.97600000e-08  5.62654113e-03 
 5.97800000e-08  5.50181303e-03 
 5.98000000e-08  5.37625192e-03 
 5.98200000e-08  5.24987526e-03 
 5.98400000e-08  5.12270056e-03 
 5.98600000e-08  4.99474542e-03 
 5.98800000e-08  4.86602754e-03 
 5.99000000e-08  4.73656468e-03 
 5.99200000e-08  4.60637472e-03 
 5.99400000e-08  4.47547559e-03 
 5.99600000e-08  4.34388534e-03 
 5.99800000e-08  4.21162209e-03 
 6.00000000e-08  4.07876575e-03 
