 1.00000000e+06 -2.71815617e-02 -7.88332858e-06 
 1.05932636e+06 -2.71815668e-02 -8.35099754e-06 
 1.12217233e+06 -2.71815724e-02 -8.84640779e-06 
 1.18874673e+06 -2.71815787e-02 -9.37120438e-06 
 1.25927075e+06 -2.71815858e-02 -9.92712985e-06 
 1.33397869e+06 -2.71815938e-02 -1.05160299e-05 
 1.41311879e+06 -2.71816027e-02 -1.11398597e-05 
 1.49695398e+06 -2.71816127e-02 -1.18006900e-05 
 1.58576281e+06 -2.71816240e-02 -1.25007141e-05 
 1.67984034e+06 -2.71816366e-02 -1.32422554e-05 
 1.77949915e+06 -2.71816507e-02 -1.40277744e-05 
 1.88507036e+06 -2.71816666e-02 -1.48598772e-05 
 1.99690471e+06 -2.71816845e-02 -1.57413242e-05 
 2.11537380e+06 -2.71817045e-02 -1.66750387e-05 
 2.24087122e+06 -2.71817269e-02 -1.76641167e-05 
 2.37381395e+06 -2.71817521e-02 -1.87118370e-05 
 2.51464369e+06 -2.71817804e-02 -1.98216718e-05 
 2.66382834e+06 -2.71818121e-02 -2.09972980e-05 
 2.82186357e+06 -2.71818477e-02 -2.22426092e-05 
 2.98927446e+06 -2.71818877e-02 -2.35617281e-05 
 3.16661723e+06 -2.71819325e-02 -2.49590198e-05 
 3.35448110e+06 -2.71819828e-02 -2.64391059e-05 
 3.55349024e+06 -2.71820393e-02 -2.80068790e-05 
 3.76430588e+06 -2.71821026e-02 -2.96675185e-05 
 3.98762844e+06 -2.71821737e-02 -3.14265065e-05 
 4.22419991e+06 -2.71822534e-02 -3.32896456e-05 
 4.47480631e+06 -2.71823429e-02 -3.52630761e-05 
 4.74028027e+06 -2.71824434e-02 -3.73532959e-05 
 5.02150383e+06 -2.71825560e-02 -3.95671792e-05 
 5.31941137e+06 -2.71826825e-02 -4.19119983e-05 
 5.63499267e+06 -2.71828244e-02 -4.43954445e-05 
 5.96929627e+06 -2.71829836e-02 -4.70256511e-05 
 6.32343288e+06 -2.71831622e-02 -4.98112167e-05 
 6.69857912e+06 -2.71833626e-02 -5.27612299e-05 
 7.09598142e+06 -2.71835875e-02 -5.58852939e-05 
 7.51696016e+06 -2.71838398e-02 -5.91935533e-05 
 7.96291403e+06 -2.71841228e-02 -6.26967201e-05 
 8.43532472e+06 -2.71844404e-02 -6.64061015e-05 
 8.93576181e+06 -2.71847967e-02 -7.03336270e-05 
 9.46588802e+06 -2.71851965e-02 -7.44918771e-05 
 1.00274647e+07 -2.71856449e-02 -7.88941105e-05 
 1.06223576e+07 -2.71861479e-02 -8.35542918e-05 
 1.12525434e+07 -2.71867122e-02 -8.84871187e-05 
 1.19201159e+07 -2.71873452e-02 -9.37080470e-05 
 1.26272929e+07 -2.71880552e-02 -9.92333150e-05 
 1.33764242e+07 -2.71888514e-02 -1.05079964e-04 
 1.41699988e+07 -2.71897445e-02 -1.11265858e-04 
 1.50106532e+07 -2.71907459e-02 -1.17809694e-04 
 1.59011806e+07 -2.71918689e-02 -1.24731014e-04 
 1.68445397e+07 -2.71931280e-02 -1.32050202e-04 
 1.78438649e+07 -2.71945396e-02 -1.39788479e-04 
 1.89024764e+07 -2.71961220e-02 -1.47967882e-04 
 2.00238915e+07 -2.71978956e-02 -1.56611231e-04 
 2.12118361e+07 -2.71998832e-02 -1.65742083e-04 
 2.24702570e+07 -2.72021104e-02 -1.75384657e-04 
 2.38033356e+07 -2.72046055e-02 -1.85563750e-04 
 2.52155008e+07 -2.72074002e-02 -1.96304606e-04 
 2.67114446e+07 -2.72105297e-02 -2.07632769e-04 
 2.82961373e+07 -2.72140333e-02 -2.19573880e-04 
 2.99748441e+07 -2.72179545e-02 -2.32153440e-04 
 3.17531424e+07 -2.72223419e-02 -2.45396505e-04 
 3.36369407e+07 -2.72272489e-02 -2.59327325e-04 
 3.56324979e+07 -2.72327350e-02 -2.73968902e-04 
 3.77464443e+07 -2.72388659e-02 -2.89342465e-04 
 3.99858033e+07 -2.72457138e-02 -3.05466840e-04 
 4.23580154e+07 -2.72533583e-02 -3.22357708e-04 
 4.48709622e+07 -2.72618870e-02 -3.40026736e-04 
 4.75329930e+07 -2.72713953e-02 -3.58480562e-04 
 5.03529523e+07 -2.72819876e-02 -3.77719619e-04 
 5.33402096e+07 -2.72937775e-02 -3.97736790e-04 
 5.65046900e+07 -2.73068877e-02 -4.18515870e-04 
 5.98569075e+07 -2.73214506e-02 -4.40029833e-04 
 6.34079998e+07 -2.73376080e-02 -4.62238895e-04 
 6.71697655e+07 -2.73555110e-02 -4.85088376e-04 
 7.11547031e+07 -2.73753195e-02 -5.08506366e-04 
 7.53760525e+07 -2.73972008e-02 -5.32401223e-04 
 7.98478392e+07 -2.74213291e-02 -5.56658935e-04 
 8.45849207e+07 -2.74478831e-02 -5.81140408e-04 
 8.96030360e+07 -2.74770436e-02 -6.05678751e-04 
 9.49188578e+07 -2.75089907e-02 -6.30076665e-04 
 1.00550048e+08 -2.75439002e-02 -6.54104071e-04 
 1.06515316e+08 -2.75819385e-02 -6.77496128e-04 
 1.12834482e+08 -2.76232585e-02 -6.99951838e-04 
 1.19528541e+08 -2.76679927e-02 -7.21133425e-04 
 1.26619734e+08 -2.77162477e-02 -7.40666735e-04 
 1.34131621e+08 -2.77680968e-02 -7.58142839e-04 
 1.42089162e+08 -2.78235736e-02 -7.73121067e-04 
 1.50518795e+08 -2.78826648e-02 -7.85133597e-04 
 1.59448526e+08 -2.79453043e-02 -7.93691694e-04 
 1.68908027e+08 -2.80113676e-02 -7.98293579e-04 
 1.78928725e+08 -2.80806684e-02 -7.98433788e-04 
 1.89543915e+08 -2.81529561e-02 -7.93613746e-04 
 2.00788865e+08 -2.82279167e-02 -7.83353149e-04 
 2.12700937e+08 -2.83051750e-02 -7.67201608e-04 
 2.25319709e+08 -2.83843006e-02 -7.44749909e-04 
 2.38687107e+08 -2.84648154e-02 -7.15640213e-04 
 2.52847543e+08 -2.85462049e-02 -6.79574493e-04 
 2.67848067e+08 -2.86279299e-02 -6.36320622e-04 
 2.83738518e+08 -2.87094406e-02 -5.85715626e-04 
 3.00571690e+08 -2.87901907e-02 -5.27665853e-04 
 3.18403514e+08 -2.88696512e-02 -4.62143977e-04 
 3.37293235e+08 -2.89473237e-02 -3.89183052e-04 
 3.57303614e+08 -2.90227519e-02 -3.08867973e-04 
 3.78501137e+08 -2.90955297e-02 -2.21324924e-04 
 4.00956231e+08 -2.91653090e-02 -1.26709450e-04 
 4.24743504e+08 -2.92318022e-02 -2.51938541e-05 
 4.49941989e+08 -2.92947845e-02  8.30454164e-05 
 4.76635408e+08 -2.93540918e-02  1.97839813e-04 
 5.04912451e+08 -2.94096179e-02  3.19039688e-04 
 5.34867068e+08 -2.94613093e-02  4.46523936e-04 
 5.66598783e+08 -2.95091590e-02  5.80208076e-04 
 6.00213026e+08 -2.95532000e-02  7.20050714e-04 
 6.35821479e+08 -2.95934975e-02  8.66058448e-04 
 6.73542451e+08 -2.96301423e-02  1.01828932e-03 
 7.13501272e+08 -2.96632432e-02  1.17685501e-03 
 7.55830704e+08 -2.96929209e-02  1.34192199e-03 
 8.00671387e+08 -2.97193019e-02  1.51371186e-03 
 8.48172305e+08 -2.97425130e-02  1.69250108e-03 
 8.98491278e+08 -2.97626769e-02  1.87862025e-03 
 9.51795494e+08 -2.97799079e-02  2.07245321e-03 
 1.00826205e+09 -2.97943083e-02  2.27443606e-03 
 1.06807857e+09 -2.98059659e-02  2.48505610e-03 
 1.13144378e+09 -2.98149506e-02  2.70485105e-03 
 1.19856822e+09 -2.98213128e-02  2.93440831e-03 
 1.26967491e+09 -2.98250811e-02  3.17436454e-03 
 1.34500010e+09 -2.98262600e-02  3.42540546e-03 
 1.42479405e+09 -2.98248289e-02  3.68826592e-03 
 1.50932190e+09 -2.98207393e-02  3.96373029e-03 
 1.59886447e+09 -2.98139136e-02  4.25263306e-03 
 1.69371927e+09 -2.98042427e-02  4.55585972e-03 
 1.79420147e+09 -2.97915837e-02  4.87434793e-03 
 1.90064491e+09 -2.97757576e-02  5.20908879e-03 
 2.01340325e+09 -2.97565459e-02  5.56112843e-03 
 2.13285113e+09 -2.97336879e-02  5.93156969e-03 
 2.25938542e+09 -2.97068768e-02  6.32157388e-03 
 2.39342653e+09 -2.96757553e-02  6.73236275e-03 
 2.53541981e+09 -2.96399108e-02  7.16522040e-03 
 2.68583703e+09 -2.95988706e-02  7.62149523e-03 
 2.84517796e+09 -2.95520951e-02  8.10260181e-03 
 3.01397201e+09 -2.94989714e-02  8.61002266e-03 
 3.19277999e+09 -2.94388052e-02  9.14530977e-03 
 3.38219600e+09 -2.93708130e-02  9.71008592e-03 
 3.58284937e+09 -2.92941117e-02  1.03060455e-02 
 3.79540678e+09 -2.92077085e-02  1.09349549e-02 
 4.02057444e+09 -2.91104888e-02  1.15986524e-02 
 4.25910048e+09 -2.90012036e-02  1.22990468e-02 
 4.51177740e+09 -2.88784547e-02  1.30381154e-02 
 4.77944472e+09 -2.87406793e-02  1.38179009e-02 
 5.06299177e+09 -2.85861325e-02  1.46405064e-02 
 5.36336063e+09 -2.84128691e-02  1.55080890e-02 
 5.68154929e+09 -2.82187226e-02  1.64228507e-02 
 6.01861492e+09 -2.80012842e-02  1.73870275e-02 
 6.37567742e+09 -2.77578788e-02  1.84028750e-02 
 6.75392314e+09 -2.74855408e-02  1.94726509e-02 
 7.15460881e+09 -2.71809876e-02  2.05985927e-02 
 7.57906569e+09 -2.68405932e-02  2.17828918e-02 
 8.02870406e+09 -2.64603604e-02  2.30276610e-02 
 8.50501783e+09 -2.60358928e-02  2.43348971e-02 
 9.00958956e+09 -2.55623684e-02  2.57064353e-02 
 9.54409570e+09 -2.50345133e-02  2.71438968e-02 
 1.01103121e+10 -2.44465793e-02  2.86486276e-02 
 1.07101201e+10 -2.37923244e-02  3.02216279e-02 
 1.13455126e+10 -2.30650003e-02  3.18634714e-02 
 1.20186005e+10 -2.22573466e-02  3.35742147e-02 
 1.27316203e+10 -2.13615964e-02  3.53532956e-02 
 1.34869410e+10 -2.03694941e-02  3.71994215e-02 
 1.42870721e+10 -1.92723312e-02  3.91104475e-02 
 1.51346720e+10 -1.80610006e-02  4.10832473e-02 
 1.60325570e+10 -1.67260760e-02  4.31135770e-02 
 1.69837102e+10 -1.52579190e-02  4.51959373e-02 
 1.79912919e+10 -1.36468171e-02  4.73234378e-02 
 1.90586497e+10 -1.18831575e-02  4.94876689e-02 
 2.01893300e+10 -9.95763802e-03  5.16785903e-02 
 2.13870894e+10 -7.86151583e-03  5.38844432e-02 
 2.26559075e+10 -5.58689450e-03  5.60916989e-02 
 2.40000000e+10 -3.12704448e-03  5.82850524e-02 
