 0.00000000e+00  0.00000000e+00 
 2.00000000e-11  1.69156942e-04 
 4.00000000e-11 -8.30332869e-05 
 6.00000000e-11 -6.80428910e-04 
 8.00000000e-11 -1.59253178e-03 
 1.00000000e-10 -2.77308229e-03 
 1.20000000e-10 -4.18252055e-03 
 1.40000000e-10 -5.78701045e-03 
 1.60000000e-10 -7.55758933e-03 
 1.80000000e-10 -9.46945923e-03 
 2.00000000e-10 -1.15013698e-02 
 2.20000000e-10 -1.36351046e-02 
 2.40000000e-10 -1.58550292e-02 
 2.60000000e-10 -1.81477194e-02 
 2.80000000e-10 -2.05016318e-02 
 3.00000000e-10 -2.29068347e-02 
 3.20000000e-10 -2.53547672e-02 
 3.40000000e-10 -2.78380446e-02 
 3.60000000e-10 -3.03502817e-02 
 3.80000000e-10 -3.28859530e-02 
 4.00000000e-10 -3.54402625e-02 
 4.20000000e-10 -3.80090427e-02 
 4.40000000e-10 -4.05886595e-02 
 4.60000000e-10 -4.31759393e-02 
 4.80000000e-10 -4.57680983e-02 
 5.00000000e-10 -4.83626912e-02 
 5.20000000e-10 -5.09575582e-02 
 5.40000000e-10 -5.35507886e-02 
 5.60000000e-10 -5.61406816e-02 
 5.80000000e-10 -5.87257204e-02 
 6.00000000e-10 -6.13045425e-02 
 6.20000000e-10 -6.38759223e-02 
 6.40000000e-10 -6.64387485e-02 
 6.60000000e-10 -6.89920117e-02 
 6.80000000e-10 -7.15347875e-02 
 7.00000000e-10 -7.40662286e-02 
 7.20000000e-10 -7.65855510e-02 
 7.40000000e-10 -7.90920296e-02 
 7.60000000e-10 -8.15849870e-02 
 7.80000000e-10 -8.40637912e-02 
 8.00000000e-10 -8.65278468e-02 
 8.20000000e-10 -8.89765937e-02 
 8.40000000e-10 -9.14095002e-02 
 8.60000000e-10 -9.38260628e-02 
 8.80000000e-10 -9.62258005e-02 
 9.00000000e-10 -9.86082549e-02 
 9.20000000e-10 -1.00972986e-01 
 9.40000000e-10 -1.03319571e-01 
 9.60000000e-10 -1.05647605e-01 
 9.80000000e-10 -1.07956696e-01 
 1.00000000e-09 -1.10246466e-01 
 1.02000000e-09 -1.12516551e-01 
 1.04000000e-09 -1.14766595e-01 
 1.06000000e-09 -1.16996256e-01 
 1.08000000e-09 -1.19205203e-01 
 1.10000000e-09 -1.21393111e-01 
 1.12000000e-09 -1.23559668e-01 
 1.14000000e-09 -1.25704568e-01 
 1.16000000e-09 -1.27827514e-01 
 1.18000000e-09 -1.29928218e-01 
 1.20000000e-09 -1.32006398e-01 
 1.22000000e-09 -1.34061780e-01 
 1.24000000e-09 -1.36094096e-01 
 1.26000000e-09 -1.38103087e-01 
 1.28000000e-09 -1.40088499e-01 
 1.30000000e-09 -1.42050083e-01 
 1.32000000e-09 -1.43987599e-01 
 1.34000000e-09 -1.45900810e-01 
 1.36000000e-09 -1.47789487e-01 
 1.38000000e-09 -1.49653404e-01 
 1.40000000e-09 -1.51492344e-01 
 1.42000000e-09 -1.53306091e-01 
 1.44000000e-09 -1.55094438e-01 
 1.46000000e-09 -1.56857179e-01 
 1.48000000e-09 -1.58594117e-01 
 1.50000000e-09 -1.60305058e-01 
 1.52000000e-09 -1.61989810e-01 
 1.54000000e-09 -1.63648189e-01 
 1.56000000e-09 -1.65280015e-01 
 1.58000000e-09 -1.66885110e-01 
 1.60000000e-09 -1.68463302e-01 
 1.62000000e-09 -1.70014424e-01 
 1.64000000e-09 -1.71538310e-01 
 1.66000000e-09 -1.73034801e-01 
 1.68000000e-09 -1.74503739e-01 
 1.70000000e-09 -1.75944973e-01 
 1.72000000e-09 -1.77358354e-01 
 1.74000000e-09 -1.78743736e-01 
 1.76000000e-09 -1.80100978e-01 
 1.78000000e-09 -1.81429942e-01 
 1.80000000e-09 -1.82730493e-01 
 1.82000000e-09 -1.84002499e-01 
 1.84000000e-09 -1.85245834e-01 
 1.86000000e-09 -1.86460373e-01 
 1.88000000e-09 -1.87645995e-01 
 1.90000000e-09 -1.88802582e-01 
 1.92000000e-09 -1.89930020e-01 
 1.94000000e-09 -1.91028197e-01 
 1.96000000e-09 -1.92097005e-01 
 1.98000000e-09 -1.93136339e-01 
 2.00000000e-09 -1.94146097e-01 
 2.02000000e-09 -1.95126181e-01 
 2.04000000e-09 -1.96076494e-01 
 2.06000000e-09 -1.96996944e-01 
 2.08000000e-09 -1.97887441e-01 
 2.10000000e-09 -1.98747899e-01 
 2.12000000e-09 -1.99578234e-01 
 2.14000000e-09 -2.00378365e-01 
 2.16000000e-09 -2.01148215e-01 
 2.18000000e-09 -2.01887708e-01 
 2.20000000e-09 -2.02596773e-01 
 2.22000000e-09 -2.03275340e-01 
 2.24000000e-09 -2.03923344e-01 
 2.26000000e-09 -2.04540723e-01 
 2.28000000e-09 -2.05127414e-01 
 2.30000000e-09 -2.05683361e-01 
 2.32000000e-09 -2.06208510e-01 
 2.34000000e-09 -2.06702810e-01 
 2.36000000e-09 -2.07166210e-01 
 2.38000000e-09 -2.07598666e-01 
 2.40000000e-09 -2.08000135e-01 
 2.42000000e-09 -2.08370576e-01 
 2.44000000e-09 -2.08709953e-01 
 2.46000000e-09 -2.09018231e-01 
 2.48000000e-09 -2.09295378e-01 
 2.50000000e-09 -2.09541366e-01 
 2.52000000e-09 -2.09756170e-01 
 2.54000000e-09 -2.09939766e-01 
 2.56000000e-09 -2.10092135e-01 
 2.58000000e-09 -2.10213259e-01 
 2.60000000e-09 -2.10303124e-01 
 2.62000000e-09 -2.10361719e-01 
 2.64000000e-09 -2.10389036e-01 
 2.66000000e-09 -2.10385068e-01 
 2.68000000e-09 -2.10349814e-01 
 2.70000000e-09 -2.10283273e-01 
 2.72000000e-09 -2.10185449e-01 
 2.74000000e-09 -2.10056348e-01 
 2.76000000e-09 -2.09895979e-01 
 2.78000000e-09 -2.09704353e-01 
 2.80000000e-09 -2.09481486e-01 
 2.82000000e-09 -2.09227396e-01 
 2.84000000e-09 -2.08942103e-01 
 2.86000000e-09 -2.08625630e-01 
 2.88000000e-09 -2.08278006e-01 
 2.90000000e-09 -2.07899258e-01 
 2.92000000e-09 -2.07489421e-01 
 2.94000000e-09 -2.07048530e-01 
 2.96000000e-09 -2.06576622e-01 
 2.98000000e-09 -2.06073741e-01 
 3.00000000e-09 -2.05539931e-01 
 3.02000000e-09 -2.04975240e-01 
 3.04000000e-09 -2.04379718e-01 
 3.06000000e-09 -2.03753419e-01 
 3.08000000e-09 -2.03096401e-01 
 3.10000000e-09 -2.02408724e-01 
 3.12000000e-09 -2.01690451e-01 
 3.14000000e-09 -2.00941648e-01 
 3.16000000e-09 -2.00162386e-01 
 3.18000000e-09 -1.99352736e-01 
 3.20000000e-09 -1.98512775e-01 
 3.22000000e-09 -1.97642582e-01 
 3.24000000e-09 -1.96742240e-01 
 3.26000000e-09 -1.95811835e-01 
 3.28000000e-09 -1.94851454e-01 
 3.30000000e-09 -1.93861192e-01 
 3.32000000e-09 -1.92841142e-01 
 3.34000000e-09 -1.91791406e-01 
 3.36000000e-09 -1.90712085e-01 
 3.38000000e-09 -1.89603285e-01 
 3.40000000e-09 -1.88465115e-01 
 3.42000000e-09 -1.87297689e-01 
 3.44000000e-09 -1.86101124e-01 
 3.46000000e-09 -1.84875538e-01 
 3.48000000e-09 -1.83621056e-01 
 3.50000000e-09 -1.82337806e-01 
 3.52000000e-09 -1.81025918e-01 
 3.54000000e-09 -1.79685527e-01 
 3.56000000e-09 -1.78316772e-01 
 3.58000000e-09 -1.76919795e-01 
 3.60000000e-09 -1.75494743e-01 
 3.62000000e-09 -1.74041766e-01 
 3.64000000e-09 -1.72561018e-01 
 3.66000000e-09 -1.71052658e-01 
 3.68000000e-09 -1.69516848e-01 
 3.70000000e-09 -1.67953754e-01 
 3.72000000e-09 -1.66363548e-01 
 3.74000000e-09 -1.64746405e-01 
 3.76000000e-09 -1.63102504e-01 
 3.78000000e-09 -1.61432028e-01 
 3.80000000e-09 -1.59735168e-01 
 3.82000000e-09 -1.58012114e-01 
 3.84000000e-09 -1.56263066e-01 
 3.86000000e-09 -1.54488225e-01 
 3.88000000e-09 -1.52687798e-01 
 3.90000000e-09 -1.50861998e-01 
 3.92000000e-09 -1.49011041e-01 
 3.94000000e-09 -1.47135149e-01 
 3.96000000e-09 -1.45234549e-01 
 3.98000000e-09 -1.43309473e-01 
 4.00000000e-09 -1.41360159e-01 
 4.02000000e-09 -1.39386849e-01 
 4.04000000e-09 -1.37389793e-01 
 4.06000000e-09 -1.35369242e-01 
 4.08000000e-09 -1.33325458e-01 
 4.10000000e-09 -1.31258704e-01 
 4.12000000e-09 -1.29169252e-01 
 4.14000000e-09 -1.27057378e-01 
 4.16000000e-09 -1.24923364e-01 
 4.18000000e-09 -1.22767500e-01 
 4.20000000e-09 -1.20590081e-01 
 4.22000000e-09 -1.18391406e-01 
 4.24000000e-09 -1.16171783e-01 
 4.26000000e-09 -1.13931525e-01 
 4.28000000e-09 -1.11670953e-01 
 4.30000000e-09 -1.09390392e-01 
 4.32000000e-09 -1.07090175e-01 
 4.34000000e-09 -1.04770641e-01 
 4.36000000e-09 -1.02432138e-01 
 4.38000000e-09 -1.00075016e-01 
 4.40000000e-09 -9.76996357e-02 
 4.42000000e-09 -9.53063628e-02 
 4.44000000e-09 -9.28955702e-02 
 4.46000000e-09 -9.04676373e-02 
 4.48000000e-09 -8.80229507e-02 
 4.50000000e-09 -8.55619034e-02 
 4.52000000e-09 -8.30848954e-02 
 4.54000000e-09 -8.05923334e-02 
 4.56000000e-09 -7.80846310e-02 
 4.58000000e-09 -7.55622082e-02 
 4.60000000e-09 -7.30254919e-02 
 4.62000000e-09 -7.04749156e-02 
 4.64000000e-09 -6.79109193e-02 
 4.66000000e-09 -6.53339494e-02 
 4.68000000e-09 -6.27444586e-02 
 4.70000000e-09 -6.01429062e-02 
 4.72000000e-09 -5.75297574e-02 
 4.74000000e-09 -5.49054833e-02 
 4.76000000e-09 -5.22705613e-02 
 4.78000000e-09 -4.96254740e-02 
 4.80000000e-09 -4.69707101e-02 
 4.82000000e-09 -4.43067632e-02 
 4.84000000e-09 -4.16341326e-02 
 4.86000000e-09 -3.89533221e-02 
 4.88000000e-09 -3.62648407e-02 
 4.90000000e-09 -3.35692016e-02 
 4.92000000e-09 -3.08669226e-02 
 4.94000000e-09 -2.81585256e-02 
 4.96000000e-09 -2.54445359e-02 
 4.98000000e-09 -2.27254828e-02 
 5.00000000e-09 -2.00018987e-02 
 5.02000000e-09 -1.72743188e-02 
 5.04000000e-09 -1.45432812e-02 
 5.06000000e-09 -1.18093264e-02 
 5.08000000e-09 -9.07299659e-03 
 5.10000000e-09 -6.33483613e-03 
 5.12000000e-09 -3.59539048e-03 
 5.14000000e-09 -8.55206331e-04 
 5.16000000e-09  1.88516901e-03 
 5.18000000e-09  4.62518775e-03 
 5.20000000e-09  7.36430212e-03 
 5.22000000e-09  1.01019646e-02 
 5.24000000e-09  1.28376283e-02 
 5.26000000e-09  1.55707474e-02 
 5.28000000e-09  1.83007774e-02 
 5.30000000e-09  2.10271753e-02 
 5.32000000e-09  2.37494003e-02 
 5.34000000e-09  2.64669139e-02 
 5.36000000e-09  2.91791803e-02 
 5.38000000e-09  3.18856666e-02 
 5.40000000e-09  3.45858433e-02 
 5.42000000e-09  3.72791846e-02 
 5.44000000e-09  3.99651683e-02 
 5.46000000e-09  4.26432769e-02 
 5.48000000e-09  4.53129971e-02 
 5.50000000e-09  4.79738203e-02 
 5.52000000e-09  5.06252431e-02 
 5.54000000e-09  5.32667674e-02 
 5.56000000e-09  5.58979005e-02 
 5.58000000e-09  5.85181554e-02 
 5.60000000e-09  6.11270512e-02 
 5.62000000e-09  6.37241130e-02 
 5.64000000e-09  6.63088723e-02 
 5.66000000e-09  6.88808669e-02 
 5.68000000e-09  7.14396414e-02 
 5.70000000e-09  7.39847471e-02 
 5.72000000e-09  7.65157423e-02 
 5.74000000e-09  7.90321920e-02 
 5.76000000e-09  8.15336686e-02 
 5.78000000e-09  8.40197514e-02 
 5.80000000e-09  8.64900270e-02 
 5.82000000e-09  8.89440894e-02 
 5.84000000e-09  9.13815397e-02 
 5.86000000e-09  9.38019864e-02 
 5.88000000e-09  9.62050454e-02 
 5.90000000e-09  9.85903399e-02 
 5.92000000e-09  1.00957500e-01 
 5.94000000e-09  1.03306164e-01 
 5.96000000e-09  1.05635977e-01 
 5.98000000e-09  1.07946591e-01 
 6.00000000e-09  1.10237665e-01 
 6.02000000e-09  1.12508866e-01 
 6.04000000e-09  1.14759867e-01 
 6.06000000e-09  1.16990350e-01 
 6.08000000e-09  1.19200000e-01 
 6.10000000e-09  1.21388512e-01 
 6.12000000e-09  1.23555587e-01 
 6.14000000e-09  1.25700932e-01 
 6.16000000e-09  1.27824261e-01 
 6.18000000e-09  1.29925294e-01 
 6.20000000e-09  1.32003758e-01 
 6.22000000e-09  1.34059384e-01 
 6.24000000e-09  1.36091911e-01 
 6.26000000e-09  1.38101084e-01 
 6.28000000e-09  1.40086653e-01 
 6.30000000e-09  1.42048374e-01 
 6.32000000e-09  1.43986008e-01 
 6.34000000e-09  1.45899322e-01 
 6.36000000e-09  1.47788088e-01 
 6.38000000e-09  1.49652084e-01 
 6.40000000e-09  1.51491092e-01 
 6.42000000e-09  1.53304899e-01 
 6.44000000e-09  1.55093299e-01 
 6.46000000e-09  1.56856087e-01 
 6.48000000e-09  1.58593067e-01 
 6.50000000e-09  1.60304043e-01 
 6.52000000e-09  1.61988829e-01 
 6.54000000e-09  1.63647238e-01 
 6.56000000e-09  1.65279090e-01 
 6.58000000e-09  1.66884209e-01 
 6.60000000e-09  1.68462424e-01 
 6.62000000e-09  1.70013565e-01 
 6.64000000e-09  1.71537470e-01 
 6.66000000e-09  1.73033978e-01 
 6.68000000e-09  1.74502933e-01 
 6.70000000e-09  1.75944183e-01 
 6.72000000e-09  1.77357578e-01 
 6.74000000e-09  1.78742974e-01 
 6.76000000e-09  1.80100228e-01 
 6.78000000e-09  1.81429204e-01 
 6.80000000e-09  1.82729767e-01 
 6.82000000e-09  1.84001785e-01 
 6.84000000e-09  1.85245131e-01 
 6.86000000e-09  1.86459681e-01 
 6.88000000e-09  1.87645314e-01 
 6.90000000e-09  1.88801911e-01 
 6.92000000e-09  1.89929359e-01 
 6.94000000e-09  1.91027545e-01 
 6.96000000e-09  1.92096363e-01 
 6.98000000e-09  1.93135707e-01 
 7.00000000e-09  1.94145474e-01 
 7.02000000e-09  1.95125567e-01 
 7.04000000e-09  1.96075889e-01 
 7.06000000e-09  1.96996349e-01 
 7.08000000e-09  1.97886855e-01 
 7.10000000e-09  1.98747322e-01 
 7.12000000e-09  1.99577665e-01 
 7.14000000e-09  2.00377805e-01 
 7.16000000e-09  2.01147663e-01 
 7.18000000e-09  2.01887164e-01 
 7.20000000e-09  2.02596238e-01 
 7.22000000e-09  2.03274814e-01 
 7.24000000e-09  2.03922826e-01 
 7.26000000e-09  2.04540212e-01 
 7.28000000e-09  2.05126912e-01 
 7.30000000e-09  2.05682867e-01 
 7.32000000e-09  2.06208024e-01 
 7.34000000e-09  2.06702331e-01 
 7.36000000e-09  2.07165740e-01 
 7.38000000e-09  2.07598203e-01 
 7.40000000e-09  2.07999680e-01 
 7.42000000e-09  2.08370129e-01 
 7.44000000e-09  2.08709513e-01 
 7.46000000e-09  2.09017798e-01 
 7.48000000e-09  2.09294952e-01 
 7.50000000e-09  2.09540948e-01 
 7.52000000e-09  2.09755759e-01 
 7.54000000e-09  2.09939362e-01 
 7.56000000e-09  2.10091738e-01 
 7.58000000e-09  2.10212868e-01 
 7.60000000e-09  2.10302741e-01 
 7.62000000e-09  2.10361342e-01 
 7.64000000e-09  2.10388666e-01 
 7.66000000e-09  2.10384705e-01 
 7.68000000e-09  2.10349457e-01 
 7.70000000e-09  2.10282923e-01 
 7.72000000e-09  2.10185105e-01 
 7.74000000e-09  2.10056010e-01 
 7.76000000e-09  2.09895647e-01 
 7.78000000e-09  2.09704028e-01 
 7.80000000e-09  2.09481167e-01 
 7.82000000e-09  2.09227083e-01 
 7.84000000e-09  2.08941795e-01 
 7.86000000e-09  2.08625329e-01 
 7.88000000e-09  2.08277710e-01 
 7.90000000e-09  2.07898968e-01 
 7.92000000e-09  2.07489137e-01 
 7.94000000e-09  2.07048250e-01 
 7.96000000e-09  2.06576349e-01 
 7.98000000e-09  2.06073473e-01 
 8.00000000e-09  2.05539668e-01 
 8.02000000e-09  2.04974982e-01 
 8.04000000e-09  2.04379465e-01 
 8.06000000e-09  2.03753172e-01 
 8.08000000e-09  2.03096159e-01 
 8.10000000e-09  2.02408487e-01 
 8.12000000e-09  2.01690218e-01 
 8.14000000e-09  2.00941420e-01 
 8.16000000e-09  2.00162163e-01 
 8.18000000e-09  1.99352517e-01 
 8.20000000e-09  1.98512561e-01 
 8.22000000e-09  1.97642373e-01 
 8.24000000e-09  1.96742035e-01 
 8.26000000e-09  1.95811634e-01 
 8.28000000e-09  1.94851258e-01 
 8.30000000e-09  1.93860999e-01 
 8.32000000e-09  1.92840954e-01 
 8.34000000e-09  1.91791222e-01 
 8.36000000e-09  1.90711905e-01 
 8.38000000e-09  1.89603109e-01 
 8.40000000e-09  1.88464943e-01 
 8.42000000e-09  1.87297521e-01 
 8.44000000e-09  1.86100959e-01 
 8.46000000e-09  1.84875378e-01 
 8.48000000e-09  1.83620900e-01 
 8.50000000e-09  1.82337653e-01 
 8.52000000e-09  1.81025768e-01 
 8.54000000e-09  1.79685381e-01 
 8.56000000e-09  1.78316629e-01 
 8.58000000e-09  1.76919656e-01 
 8.60000000e-09  1.75494607e-01 
 8.62000000e-09  1.74041634e-01 
 8.64000000e-09  1.72560889e-01 
 8.66000000e-09  1.71052532e-01 
 8.68000000e-09  1.69516725e-01 
 8.70000000e-09  1.67953634e-01 
 8.72000000e-09  1.66363431e-01 
 8.74000000e-09  1.64746291e-01 
 8.76000000e-09  1.63102392e-01 
 8.78000000e-09  1.61431920e-01 
 8.80000000e-09  1.59735062e-01 
 8.82000000e-09  1.58012011e-01 
 8.84000000e-09  1.56262966e-01 
 8.86000000e-09  1.54488127e-01 
 8.88000000e-09  1.52687703e-01 
 8.90000000e-09  1.50861906e-01 
 8.92000000e-09  1.49010951e-01 
 8.94000000e-09  1.47135061e-01 
 8.96000000e-09  1.45234464e-01 
 8.98000000e-09  1.43309391e-01 
 9.00000000e-09  1.41360079e-01 
 9.02000000e-09  1.39386772e-01 
 9.04000000e-09  1.37389717e-01 
 9.06000000e-09  1.35369169e-01 
 9.08000000e-09  1.33325387e-01 
 9.10000000e-09  1.31258635e-01 
 9.12000000e-09  1.29169185e-01 
 9.14000000e-09  1.27057313e-01 
 9.16000000e-09  1.24923302e-01 
 9.18000000e-09  1.22767440e-01 
 9.20000000e-09  1.20590022e-01 
 9.22000000e-09  1.18391349e-01 
 9.24000000e-09  1.16171728e-01 
 9.26000000e-09  1.13931472e-01 
 9.28000000e-09  1.11670901e-01 
 9.30000000e-09  1.09390342e-01 
 9.32000000e-09  1.07090127e-01 
 9.34000000e-09  1.04770596e-01 
 9.36000000e-09  1.02432093e-01 
 9.38000000e-09  1.00074973e-01 
 9.40000000e-09  9.76995946e-02 
 9.42000000e-09  9.53063233e-02 
 9.44000000e-09  9.28955322e-02 
 9.46000000e-09  9.04676008e-02 
 9.48000000e-09  8.80229157e-02 
 9.50000000e-09  8.55618698e-02 
 9.52000000e-09  8.30848632e-02 
 9.54000000e-09  8.05923026e-02 
 9.56000000e-09  7.80846015e-02 
 9.58000000e-09  7.55621800e-02 
 9.60000000e-09  7.30254650e-02 
 9.62000000e-09  7.04748899e-02 
 9.64000000e-09  6.79108948e-02 
 9.66000000e-09  6.53339261e-02 
 9.68000000e-09  6.27444365e-02 
 9.70000000e-09  6.01428852e-02 
 9.72000000e-09  5.75297375e-02 
 9.74000000e-09  5.49054645e-02 
 9.76000000e-09  5.22705435e-02 
 9.78000000e-09  4.96254572e-02 
 9.80000000e-09  4.69706943e-02 
 9.82000000e-09  4.43067484e-02 
 9.84000000e-09  4.16341187e-02 
 9.86000000e-09  3.89533092e-02 
 9.88000000e-09  3.62648286e-02 
 9.90000000e-09  3.35691904e-02 
 9.92000000e-09  3.08669123e-02 
 9.94000000e-09  2.81585160e-02 
 9.96000000e-09  2.54445272e-02 
 9.98000000e-09  2.27254749e-02 
 1.00000000e-08  2.00018915e-02 
 1.00200000e-08  1.72743123e-02 
 1.00400000e-08  1.45432755e-02 
 1.00600000e-08  1.18093213e-02 
 1.00800000e-08  9.07299218e-03 
 1.01000000e-08  6.33483234e-03 
 1.01200000e-08  3.59538734e-03 
 1.01400000e-08  8.55203776e-04 
 1.01600000e-08 -1.88517097e-03 
 1.01800000e-08 -4.62518915e-03 
 1.02000000e-08 -7.36430297e-03 
 1.02200000e-08 -1.01019649e-02 
 1.02400000e-08 -1.28376281e-02 
 1.02600000e-08 -1.55707468e-02 
 1.02800000e-08 -1.83007762e-02 
 1.03000000e-08 -2.10271737e-02 
 1.03200000e-08 -2.37493983e-02 
 1.03400000e-08 -2.64669115e-02 
 1.03600000e-08 -2.91791774e-02 
 1.03800000e-08 -3.18856634e-02 
 1.04000000e-08 -3.45858397e-02 
 1.04200000e-08 -3.72791806e-02 
 1.04400000e-08 -3.99651640e-02 
 1.04600000e-08 -4.26432722e-02 
 1.04800000e-08 -4.53129921e-02 
 1.05000000e-08 -4.79738150e-02 
 1.05200000e-08 -5.06252375e-02 
 1.05400000e-08 -5.32667615e-02 
 1.05600000e-08 -5.58978944e-02 
 1.05800000e-08 -5.85181490e-02 
 1.06000000e-08 -6.11270446e-02 
 1.06200000e-08 -6.37241062e-02 
 1.06400000e-08 -6.63088652e-02 
 1.06600000e-08 -6.88808596e-02 
 1.06800000e-08 -7.14396340e-02 
 1.07000000e-08 -7.39847396e-02 
 1.07200000e-08 -7.65157345e-02 
 1.07400000e-08 -7.90321841e-02 
 1.07600000e-08 -8.15336605e-02 
 1.07800000e-08 -8.40197432e-02 
 1.08000000e-08 -8.64900187e-02 
 1.08200000e-08 -8.89440809e-02 
 1.08400000e-08 -9.13815311e-02 
 1.08600000e-08 -9.38019778e-02 
 1.08800000e-08 -9.62050367e-02 
 1.09000000e-08 -9.85903311e-02 
 1.09200000e-08 -1.00957491e-01 
 1.09400000e-08 -1.03306155e-01 
 1.09600000e-08 -1.05635968e-01 
 1.09800000e-08 -1.07946582e-01 
 1.10000000e-08 -1.10237656e-01 
 1.10200000e-08 -1.12508857e-01 
 1.10400000e-08 -1.14759858e-01 
 1.10600000e-08 -1.16990340e-01 
 1.10800000e-08 -1.19199990e-01 
 1.11000000e-08 -1.21388503e-01 
 1.11200000e-08 -1.23555578e-01 
 1.11400000e-08 -1.25700923e-01 
 1.11600000e-08 -1.27824252e-01 
 1.11800000e-08 -1.29925285e-01 
 1.12000000e-08 -1.32003748e-01 
 1.12200000e-08 -1.34059375e-01 
 1.12400000e-08 -1.36091902e-01 
 1.12600000e-08 -1.38101075e-01 
 1.12800000e-08 -1.40086644e-01 
 1.13000000e-08 -1.42048365e-01 
 1.13200000e-08 -1.43985999e-01 
 1.13400000e-08 -1.45899313e-01 
 1.13600000e-08 -1.47788079e-01 
 1.13800000e-08 -1.49652075e-01 
 1.14000000e-08 -1.51491083e-01 
 1.14200000e-08 -1.53304890e-01 
 1.14400000e-08 -1.55093290e-01 
 1.14600000e-08 -1.56856078e-01 
 1.14800000e-08 -1.58593058e-01 
 1.15000000e-08 -1.60304035e-01 
 1.15200000e-08 -1.61988820e-01 
 1.15400000e-08 -1.63647229e-01 
 1.15600000e-08 -1.65279082e-01 
 1.15800000e-08 -1.66884201e-01 
 1.16000000e-08 -1.68462416e-01 
 1.16200000e-08 -1.70013557e-01 
 1.16400000e-08 -1.71537462e-01 
 1.16600000e-08 -1.73033971e-01 
 1.16800000e-08 -1.74502926e-01 
 1.17000000e-08 -1.75944175e-01 
 1.17200000e-08 -1.77357570e-01 
 1.17400000e-08 -1.78742966e-01 
 1.17600000e-08 -1.80100221e-01 
 1.17800000e-08 -1.81429197e-01 
 1.18000000e-08 -1.82729760e-01 
 1.18200000e-08 -1.84001778e-01 
 1.18400000e-08 -1.85245124e-01 
 1.18600000e-08 -1.86459674e-01 
 1.18800000e-08 -1.87645307e-01 
 1.19000000e-08 -1.88801904e-01 
 1.19200000e-08 -1.89929352e-01 
 1.19400000e-08 -1.91027539e-01 
 1.19600000e-08 -1.92096356e-01 
 1.19800000e-08 -1.93135700e-01 
 1.20000000e-08 -1.94145468e-01 
 1.20200000e-08 -1.95125561e-01 
 1.20400000e-08 -1.96075883e-01 
 1.20600000e-08 -1.96996342e-01 
 1.20800000e-08 -1.97886849e-01 
 1.21000000e-08 -1.98747316e-01 
 1.21200000e-08 -1.99577659e-01 
 1.21400000e-08 -2.00377799e-01 
 1.21600000e-08 -2.01147657e-01 
 1.21800000e-08 -2.01887159e-01 
 1.22000000e-08 -2.02596232e-01 
 1.22200000e-08 -2.03274808e-01 
 1.22400000e-08 -2.03922821e-01 
 1.22600000e-08 -2.04540207e-01 
 1.22800000e-08 -2.05126907e-01 
 1.23000000e-08 -2.05682862e-01 
 1.23200000e-08 -2.06208019e-01 
 1.23400000e-08 -2.06702326e-01 
 1.23600000e-08 -2.07165735e-01 
 1.23800000e-08 -2.07598199e-01 
 1.24000000e-08 -2.07999675e-01 
 1.24200000e-08 -2.08370124e-01 
 1.24400000e-08 -2.08709508e-01 
 1.24600000e-08 -2.09017793e-01 
 1.24800000e-08 -2.09294948e-01 
 1.25000000e-08 -2.09540944e-01 
 1.25200000e-08 -2.09755755e-01 
 1.25400000e-08 -2.09939358e-01 
 1.25600000e-08 -2.10091733e-01 
 1.25800000e-08 -2.10212864e-01 
 1.26000000e-08 -2.10302737e-01 
 1.26200000e-08 -2.10361338e-01 
 1.26400000e-08 -2.10388662e-01 
 1.26600000e-08 -2.10384701e-01 
 1.26800000e-08 -2.10349453e-01 
 1.27000000e-08 -2.10282919e-01 
 1.27200000e-08 -2.10185102e-01 
 1.27400000e-08 -2.10056007e-01 
 1.27600000e-08 -2.09895644e-01 
 1.27800000e-08 -2.09704024e-01 
 1.28000000e-08 -2.09481164e-01 
 1.28200000e-08 -2.09227079e-01 
 1.28400000e-08 -2.08941792e-01 
 1.28600000e-08 -2.08625326e-01 
 1.28800000e-08 -2.08277707e-01 
 1.29000000e-08 -2.07898965e-01 
 1.29200000e-08 -2.07489134e-01 
 1.29400000e-08 -2.07048248e-01 
 1.29600000e-08 -2.06576346e-01 
 1.29800000e-08 -2.06073470e-01 
 1.30000000e-08 -2.05539665e-01 
 1.30200000e-08 -2.04974979e-01 
 1.30400000e-08 -2.04379462e-01 
 1.30600000e-08 -2.03753169e-01 
 1.30800000e-08 -2.03096156e-01 
 1.31000000e-08 -2.02408484e-01 
 1.31200000e-08 -2.01690216e-01 
 1.31400000e-08 -2.00941418e-01 
 1.31600000e-08 -2.00162160e-01 
 1.31800000e-08 -1.99352515e-01 
 1.32000000e-08 -1.98512559e-01 
 1.32200000e-08 -1.97642371e-01 
 1.32400000e-08 -1.96742033e-01 
 1.32600000e-08 -1.95811632e-01 
 1.32800000e-08 -1.94851256e-01 
 1.33000000e-08 -1.93860997e-01 
 1.33200000e-08 -1.92840952e-01 
 1.33400000e-08 -1.91791220e-01 
 1.33600000e-08 -1.90711903e-01 
 1.33800000e-08 -1.89603107e-01 
 1.34000000e-08 -1.88464942e-01 
 1.34200000e-08 -1.87297520e-01 
 1.34400000e-08 -1.86100958e-01 
 1.34600000e-08 -1.84875376e-01 
 1.34800000e-08 -1.83620898e-01 
 1.35000000e-08 -1.82337651e-01 
 1.35200000e-08 -1.81025767e-01 
 1.35400000e-08 -1.79685380e-01 
 1.35600000e-08 -1.78316628e-01 
 1.35800000e-08 -1.76919655e-01 
 1.36000000e-08 -1.75494606e-01 
 1.36200000e-08 -1.74041632e-01 
 1.36400000e-08 -1.72560888e-01 
 1.36600000e-08 -1.71052531e-01 
 1.36800000e-08 -1.69516723e-01 
 1.37000000e-08 -1.67953633e-01 
 1.37200000e-08 -1.66363430e-01 
 1.37400000e-08 -1.64746290e-01 
 1.37600000e-08 -1.63102391e-01 
 1.37800000e-08 -1.61431919e-01 
 1.38000000e-08 -1.59735061e-01 
 1.38200000e-08 -1.58012010e-01 
 1.38400000e-08 -1.56262965e-01 
 1.38600000e-08 -1.54488126e-01 
 1.38800000e-08 -1.52687702e-01 
 1.39000000e-08 -1.50861905e-01 
 1.39200000e-08 -1.49010950e-01 
 1.39400000e-08 -1.47135061e-01 
 1.39600000e-08 -1.45234463e-01 
 1.39800000e-08 -1.43309390e-01 
 1.40000000e-08 -1.41360078e-01 
 1.40200000e-08 -1.39386771e-01 
 1.40400000e-08 -1.37389717e-01 
 1.40600000e-08 -1.35369169e-01 
 1.40800000e-08 -1.33325386e-01 
 1.41000000e-08 -1.31258635e-01 
 1.41200000e-08 -1.29169184e-01 
 1.41400000e-08 -1.27057312e-01 
 1.41600000e-08 -1.24923301e-01 
 1.41800000e-08 -1.22767439e-01 
 1.42000000e-08 -1.20590021e-01 
 1.42200000e-08 -1.18391348e-01 
 1.42400000e-08 -1.16171727e-01 
 1.42600000e-08 -1.13931471e-01 
 1.42800000e-08 -1.11670901e-01 
 1.43000000e-08 -1.09390342e-01 
 1.43200000e-08 -1.07090127e-01 
 1.43400000e-08 -1.04770595e-01 
 1.43600000e-08 -1.02432093e-01 
 1.43800000e-08 -1.00074973e-01 
 1.44000000e-08 -9.76995942e-02 
 1.44200000e-08 -9.53063229e-02 
 1.44400000e-08 -9.28955318e-02 
 1.44600000e-08 -9.04676005e-02 
 1.44800000e-08 -8.80229153e-02 
 1.45000000e-08 -8.55618694e-02 
 1.45200000e-08 -8.30848629e-02 
 1.45400000e-08 -8.05923023e-02 
 1.45600000e-08 -7.80846012e-02 
 1.45800000e-08 -7.55621797e-02 
 1.46000000e-08 -7.30254647e-02 
 1.46200000e-08 -7.04748897e-02 
 1.46400000e-08 -6.79108946e-02 
 1.46600000e-08 -6.53339258e-02 
 1.46800000e-08 -6.27444363e-02 
 1.47000000e-08 -6.01428850e-02 
 1.47200000e-08 -5.75297373e-02 
 1.47400000e-08 -5.49054643e-02 
 1.47600000e-08 -5.22705433e-02 
 1.47800000e-08 -4.96254571e-02 
 1.48000000e-08 -4.69706941e-02 
 1.48200000e-08 -4.43067483e-02 
 1.48400000e-08 -4.16341186e-02 
 1.48600000e-08 -3.89533090e-02 
 1.48800000e-08 -3.62648285e-02 
 1.49000000e-08 -3.35691903e-02 
 1.49200000e-08 -3.08669122e-02 
 1.49400000e-08 -2.81585159e-02 
 1.49600000e-08 -2.54445271e-02 
 1.49800000e-08 -2.27254748e-02 
 1.50000000e-08 -2.00018914e-02 
 1.50200000e-08 -1.72743122e-02 
 1.50400000e-08 -1.45432754e-02 
 1.50600000e-08 -1.18093212e-02 
 1.50800000e-08 -9.07299213e-03 
 1.51000000e-08 -6.33483231e-03 
 1.51200000e-08 -3.59538730e-03 
 1.51400000e-08 -8.55203751e-04 
 1.51600000e-08  1.88517099e-03 
 1.51800000e-08  4.62518917e-03 
 1.52000000e-08  7.36430298e-03 
 1.52200000e-08  1.01019649e-02 
 1.52400000e-08  1.28376281e-02 
 1.52600000e-08  1.55707468e-02 
 1.52800000e-08  1.83007762e-02 
 1.53000000e-08  2.10271737e-02 
 1.53200000e-08  2.37493983e-02 
 1.53400000e-08  2.64669114e-02 
 1.53600000e-08  2.91791774e-02 
 1.53800000e-08  3.18856633e-02 
 1.54000000e-08  3.45858397e-02 
 1.54200000e-08  3.72791805e-02 
 1.54400000e-08  3.99651639e-02 
 1.54600000e-08  4.26432722e-02 
 1.54800000e-08  4.53129920e-02 
 1.55000000e-08  4.79738149e-02 
 1.55200000e-08  5.06252375e-02 
 1.55400000e-08  5.32667615e-02 
 1.55600000e-08  5.58978943e-02 
 1.55800000e-08  5.85181490e-02 
 1.56000000e-08  6.11270445e-02 
 1.56200000e-08  6.37241061e-02 
 1.56400000e-08  6.63088652e-02 
 1.56600000e-08  6.88808596e-02 
 1.56800000e-08  7.14396339e-02 
 1.57000000e-08  7.39847395e-02 
 1.57200000e-08  7.65157345e-02 
 1.57400000e-08  7.90321840e-02 
 1.57600000e-08  8.15336604e-02 
 1.57800000e-08  8.40197431e-02 
 1.58000000e-08  8.64900186e-02 
 1.58200000e-08  8.89440808e-02 
 1.58400000e-08  9.13815310e-02 
 1.58600000e-08  9.38019777e-02 
 1.58800000e-08  9.62050366e-02 
 1.59000000e-08  9.85903310e-02 
 1.59200000e-08  1.00957491e-01 
 1.59400000e-08  1.03306155e-01 
 1.59600000e-08  1.05635968e-01 
 1.59800000e-08  1.07946582e-01 
 1.60000000e-08  1.10237656e-01 
 1.60200000e-08  1.12508857e-01 
 1.60400000e-08  1.14759858e-01 
 1.60600000e-08  1.16990340e-01 
 1.60800000e-08  1.19199990e-01 
 1.61000000e-08  1.21388503e-01 
 1.61200000e-08  1.23555578e-01 
 1.61400000e-08  1.25700923e-01 
 1.61600000e-08  1.27824252e-01 
 1.61800000e-08  1.29925285e-01 
 1.62000000e-08  1.32003748e-01 
 1.62200000e-08  1.34059374e-01 
 1.62400000e-08  1.36091902e-01 
 1.62600000e-08  1.38101075e-01 
 1.62800000e-08  1.40086644e-01 
 1.63000000e-08  1.42048365e-01 
 1.63200000e-08  1.43985999e-01 
 1.63400000e-08  1.45899313e-01 
 1.63600000e-08  1.47788079e-01 
 1.63800000e-08  1.49652075e-01 
 1.64000000e-08  1.51491083e-01 
 1.64200000e-08  1.53304890e-01 
 1.64400000e-08  1.55093290e-01 
 1.64600000e-08  1.56856078e-01 
 1.64800000e-08  1.58593058e-01 
 1.65000000e-08  1.60304035e-01 
 1.65200000e-08  1.61988820e-01 
 1.65400000e-08  1.63647229e-01 
 1.65600000e-08  1.65279082e-01 
 1.65800000e-08  1.66884201e-01 
 1.66000000e-08  1.68462416e-01 
 1.66200000e-08  1.70013557e-01 
 1.66400000e-08  1.71537462e-01 
 1.66600000e-08  1.73033970e-01 
 1.66800000e-08  1.74502925e-01 
 1.67000000e-08  1.75944175e-01 
 1.67200000e-08  1.77357570e-01 
 1.67400000e-08  1.78742966e-01 
 1.67600000e-08  1.80100221e-01 
 1.67800000e-08  1.81429197e-01 
 1.68000000e-08  1.82729760e-01 
 1.68200000e-08  1.84001778e-01 
 1.68400000e-08  1.85245124e-01 
 1.68600000e-08  1.86459674e-01 
 1.68800000e-08  1.87645307e-01 
 1.69000000e-08  1.88801904e-01 
 1.69200000e-08  1.89929352e-01 
 1.69400000e-08  1.91027538e-01 
 1.69600000e-08  1.92096356e-01 
 1.69800000e-08  1.93135700e-01 
 1.70000000e-08  1.94145468e-01 
 1.70200000e-08  1.95125561e-01 
 1.70400000e-08  1.96075883e-01 
 1.70600000e-08  1.96996342e-01 
 1.70800000e-08  1.97886849e-01 
 1.71000000e-08  1.98747316e-01 
 1.71200000e-08  1.99577659e-01 
 1.71400000e-08  2.00377799e-01 
 1.71600000e-08  2.01147657e-01 
 1.71800000e-08  2.01887159e-01 
 1.72000000e-08  2.02596232e-01 
 1.72200000e-08  2.03274808e-01 
 1.72400000e-08  2.03922821e-01 
 1.72600000e-08  2.04540207e-01 
 1.72800000e-08  2.05126906e-01 
 1.73000000e-08  2.05682862e-01 
 1.73200000e-08  2.06208019e-01 
 1.73400000e-08  2.06702326e-01 
 1.73600000e-08  2.07165735e-01 
 1.73800000e-08  2.07598198e-01 
 1.74000000e-08  2.07999675e-01 
 1.74200000e-08  2.08370124e-01 
 1.74400000e-08  2.08709508e-01 
 1.74600000e-08  2.09017793e-01 
 1.74800000e-08  2.09294948e-01 
 1.75000000e-08  2.09540944e-01 
 1.75200000e-08  2.09755754e-01 
 1.75400000e-08  2.09939358e-01 
 1.75600000e-08  2.10091733e-01 
 1.75800000e-08  2.10212864e-01 
 1.76000000e-08  2.10302737e-01 
 1.76200000e-08  2.10361338e-01 
 1.76400000e-08  2.10388662e-01 
 1.76600000e-08  2.10384701e-01 
 1.76800000e-08  2.10349453e-01 
 1.77000000e-08  2.10282919e-01 
 1.77200000e-08  2.10185102e-01 
 1.77400000e-08  2.10056007e-01 
 1.77600000e-08  2.09895644e-01 
 1.77800000e-08  2.09704024e-01 
 1.78000000e-08  2.09481164e-01 
 1.78200000e-08  2.09227079e-01 
 1.78400000e-08  2.08941792e-01 
 1.78600000e-08  2.08625326e-01 
 1.78800000e-08  2.08277707e-01 
 1.79000000e-08  2.07898965e-01 
 1.79200000e-08  2.07489134e-01 
 1.79400000e-08  2.07048248e-01 
 1.79600000e-08  2.06576346e-01 
 1.79800000e-08  2.06073470e-01 
 1.80000000e-08  2.05539665e-01 
 1.80200000e-08  2.04974979e-01 
 1.80400000e-08  2.04379462e-01 
 1.80600000e-08  2.03753169e-01 
 1.80800000e-08  2.03096156e-01 
 1.81000000e-08  2.02408484e-01 
 1.81200000e-08  2.01690216e-01 
 1.81400000e-08  2.00941418e-01 
 1.81600000e-08  2.00162160e-01 
 1.81800000e-08  1.99352515e-01 
 1.82000000e-08  1.98512559e-01 
 1.82200000e-08  1.97642371e-01 
 1.82400000e-08  1.96742033e-01 
 1.82600000e-08  1.95811632e-01 
 1.82800000e-08  1.94851256e-01 
 1.83000000e-08  1.93860997e-01 
 1.83200000e-08  1.92840952e-01 
 1.83400000e-08  1.91791220e-01 
 1.83600000e-08  1.90711903e-01 
 1.83800000e-08  1.89603107e-01 
 1.84000000e-08  1.88464942e-01 
 1.84200000e-08  1.87297520e-01 
 1.84400000e-08  1.86100958e-01 
 1.84600000e-08  1.84875376e-01 
 1.84800000e-08  1.83620898e-01 
 1.85000000e-08  1.82337651e-01 
 1.85200000e-08  1.81025767e-01 
 1.85400000e-08  1.79685379e-01 
 1.85600000e-08  1.78316628e-01 
 1.85800000e-08  1.76919655e-01 
 1.86000000e-08  1.75494606e-01 
 1.86200000e-08  1.74041632e-01 
 1.86400000e-08  1.72560888e-01 
 1.86600000e-08  1.71052531e-01 
 1.86800000e-08  1.69516723e-01 
 1.87000000e-08  1.67953633e-01 
 1.87200000e-08  1.66363430e-01 
 1.87400000e-08  1.64746290e-01 
 1.87600000e-08  1.63102391e-01 
 1.87800000e-08  1.61431919e-01 
 1.88000000e-08  1.59735061e-01 
 1.88200000e-08  1.58012010e-01 
 1.88400000e-08  1.56262965e-01 
 1.88600000e-08  1.54488126e-01 
 1.88800000e-08  1.52687702e-01 
 1.89000000e-08  1.50861905e-01 
 1.89200000e-08  1.49010950e-01 
 1.89400000e-08  1.47135061e-01 
 1.89600000e-08  1.45234463e-01 
 1.89800000e-08  1.43309390e-01 
 1.90000000e-08  1.41360078e-01 
 1.90200000e-08  1.39386771e-01 
 1.90400000e-08  1.37389717e-01 
 1.90600000e-08  1.35369169e-01 
 1.90800000e-08  1.33325386e-01 
 1.91000000e-08  1.31258635e-01 
 1.91200000e-08  1.29169184e-01 
 1.91400000e-08  1.27057312e-01 
 1.91600000e-08  1.24923301e-01 
 1.91800000e-08  1.22767439e-01 
 1.92000000e-08  1.20590021e-01 
 1.92200000e-08  1.18391348e-01 
 1.92400000e-08  1.16171727e-01 
 1.92600000e-08  1.13931471e-01 
 1.92800000e-08  1.11670901e-01 
 1.93000000e-08  1.09390342e-01 
 1.93200000e-08  1.07090127e-01 
 1.93400000e-08  1.04770595e-01 
 1.93600000e-08  1.02432093e-01 
 1.93800000e-08  1.00074973e-01 
 1.94000000e-08  9.76995942e-02 
 1.94200000e-08  9.53063229e-02 
 1.94400000e-08  9.28955318e-02 
 1.94600000e-08  9.04676005e-02 
 1.94800000e-08  8.80229153e-02 
 1.95000000e-08  8.55618694e-02 
 1.95200000e-08  8.30848629e-02 
 1.95400000e-08  8.05923023e-02 
 1.95600000e-08  7.80846012e-02 
 1.95800000e-08  7.55621797e-02 
 1.96000000e-08  7.30254647e-02 
 1.96200000e-08  7.04748897e-02 
 1.96400000e-08  6.79108946e-02 
 1.96600000e-08  6.53339258e-02 
 1.96800000e-08  6.27444363e-02 
 1.97000000e-08  6.01428850e-02 
 1.97200000e-08  5.75297373e-02 
 1.97400000e-08  5.49054643e-02 
 1.97600000e-08  5.22705433e-02 
 1.97800000e-08  4.96254571e-02 
 1.98000000e-08  4.69706941e-02 
 1.98200000e-08  4.43067483e-02 
 1.98400000e-08  4.16341186e-02 
 1.98600000e-08  3.89533090e-02 
 1.98800000e-08  3.62648285e-02 
 1.99000000e-08  3.35691903e-02 
 1.99200000e-08  3.08669122e-02 
 1.99400000e-08  2.81585159e-02 
 1.99600000e-08  2.54445271e-02 
 1.99800000e-08  2.27254748e-02 
 2.00000000e-08  2.00018914e-02 
 2.00200000e-08  1.72743122e-02 
 2.00400000e-08  1.45432754e-02 
 2.00600000e-08  1.18093212e-02 
 2.00800000e-08  9.07299213e-03 
 2.01000000e-08  6.33483230e-03 
 2.01200000e-08  3.59538730e-03 
 2.01400000e-08  8.55203750e-04 
 2.01600000e-08 -1.88517099e-03 
 2.01800000e-08 -4.62518917e-03 
 2.02000000e-08 -7.36430298e-03 
 2.02200000e-08 -1.01019649e-02 
 2.02400000e-08 -1.28376281e-02 
 2.02600000e-08 -1.55707468e-02 
 2.02800000e-08 -1.83007762e-02 
 2.03000000e-08 -2.10271737e-02 
 2.03200000e-08 -2.37493983e-02 
 2.03400000e-08 -2.64669114e-02 
 2.03600000e-08 -2.91791774e-02 
 2.03800000e-08 -3.18856633e-02 
 2.04000000e-08 -3.45858397e-02 
 2.04200000e-08 -3.72791805e-02 
 2.04400000e-08 -3.99651639e-02 
 2.04600000e-08 -4.26432722e-02 
 2.04800000e-08 -4.53129920e-02 
 2.05000000e-08 -4.79738149e-02 
 2.05200000e-08 -5.06252375e-02 
 2.05400000e-08 -5.32667615e-02 
 2.05600000e-08 -5.58978943e-02 
 2.05800000e-08 -5.85181490e-02 
 2.06000000e-08 -6.11270445e-02 
 2.06200000e-08 -6.37241061e-02 
 2.06400000e-08 -6.63088652e-02 
 2.06600000e-08 -6.88808596e-02 
 2.06800000e-08 -7.14396339e-02 
 2.07000000e-08 -7.39847395e-02 
 2.07200000e-08 -7.65157344e-02 
 2.07400000e-08 -7.90321840e-02 
 2.07600000e-08 -8.15336604e-02 
 2.07800000e-08 -8.40197431e-02 
 2.08000000e-08 -8.64900186e-02 
 2.08200000e-08 -8.89440808e-02 
 2.08400000e-08 -9.13815310e-02 
 2.08600000e-08 -9.38019777e-02 
 2.08800000e-08 -9.62050366e-02 
 2.09000000e-08 -9.85903310e-02 
 2.09200000e-08 -1.00957491e-01 
 2.09400000e-08 -1.03306155e-01 
 2.09600000e-08 -1.05635968e-01 
 2.09800000e-08 -1.07946582e-01 
 2.10000000e-08 -1.10237656e-01 
 2.10200000e-08 -1.12508857e-01 
 2.10400000e-08 -1.14759858e-01 
 2.10600000e-08 -1.16990340e-01 
 2.10800000e-08 -1.19199990e-01 
 2.11000000e-08 -1.21388503e-01 
 2.11200000e-08 -1.23555578e-01 
 2.11400000e-08 -1.25700923e-01 
 2.11600000e-08 -1.27824252e-01 
 2.11800000e-08 -1.29925285e-01 
 2.12000000e-08 -1.32003748e-01 
 2.12200000e-08 -1.34059374e-01 
 2.12400000e-08 -1.36091902e-01 
 2.12600000e-08 -1.38101075e-01 
 2.12800000e-08 -1.40086644e-01 
 2.13000000e-08 -1.42048365e-01 
 2.13200000e-08 -1.43985999e-01 
 2.13400000e-08 -1.45899313e-01 
 2.13600000e-08 -1.47788079e-01 
 2.13800000e-08 -1.49652075e-01 
 2.14000000e-08 -1.51491083e-01 
 2.14200000e-08 -1.53304890e-01 
 2.14400000e-08 -1.55093290e-01 
 2.14600000e-08 -1.56856078e-01 
 2.14800000e-08 -1.58593058e-01 
 2.15000000e-08 -1.60304035e-01 
 2.15200000e-08 -1.61988820e-01 
 2.15400000e-08 -1.63647229e-01 
 2.15600000e-08 -1.65279082e-01 
 2.15800000e-08 -1.66884201e-01 
 2.16000000e-08 -1.68462416e-01 
 2.16200000e-08 -1.70013557e-01 
 2.16400000e-08 -1.71537462e-01 
 2.16600000e-08 -1.73033970e-01 
 2.16800000e-08 -1.74502925e-01 
 2.17000000e-08 -1.75944175e-01 
 2.17200000e-08 -1.77357570e-01 
 2.17400000e-08 -1.78742966e-01 
 2.17600000e-08 -1.80100221e-01 
 2.17800000e-08 -1.81429197e-01 
 2.18000000e-08 -1.82729760e-01 
 2.18200000e-08 -1.84001778e-01 
 2.18400000e-08 -1.85245124e-01 
 2.18600000e-08 -1.86459674e-01 
 2.18800000e-08 -1.87645307e-01 
 2.19000000e-08 -1.88801904e-01 
 2.19200000e-08 -1.89929352e-01 
 2.19400000e-08 -1.91027538e-01 
 2.19600000e-08 -1.92096356e-01 
 2.19800000e-08 -1.93135700e-01 
 2.20000000e-08 -1.94145468e-01 
 2.20200000e-08 -1.95125561e-01 
 2.20400000e-08 -1.96075883e-01 
 2.20600000e-08 -1.96996342e-01 
 2.20800000e-08 -1.97886849e-01 
 2.21000000e-08 -1.98747316e-01 
 2.21200000e-08 -1.99577659e-01 
 2.21400000e-08 -2.00377799e-01 
 2.21600000e-08 -2.01147657e-01 
 2.21800000e-08 -2.01887159e-01 
 2.22000000e-08 -2.02596232e-01 
 2.22200000e-08 -2.03274808e-01 
 2.22400000e-08 -2.03922821e-01 
 2.22600000e-08 -2.04540207e-01 
 2.22800000e-08 -2.05126906e-01 
 2.23000000e-08 -2.05682862e-01 
 2.23200000e-08 -2.06208019e-01 
 2.23400000e-08 -2.06702326e-01 
 2.23600000e-08 -2.07165735e-01 
 2.23800000e-08 -2.07598198e-01 
 2.24000000e-08 -2.07999675e-01 
 2.24200000e-08 -2.08370124e-01 
 2.24400000e-08 -2.08709508e-01 
 2.24600000e-08 -2.09017793e-01 
 2.24800000e-08 -2.09294948e-01 
 2.25000000e-08 -2.09540944e-01 
 2.25200000e-08 -2.09755754e-01 
 2.25400000e-08 -2.09939358e-01 
 2.25600000e-08 -2.10091733e-01 
 2.25800000e-08 -2.10212864e-01 
 2.26000000e-08 -2.10302737e-01 
 2.26200000e-08 -2.10361338e-01 
 2.26400000e-08 -2.10388662e-01 
 2.26600000e-08 -2.10384701e-01 
 2.26800000e-08 -2.10349453e-01 
 2.27000000e-08 -2.10282919e-01 
 2.27200000e-08 -2.10185102e-01 
 2.27400000e-08 -2.10056007e-01 
 2.27600000e-08 -2.09895644e-01 
 2.27800000e-08 -2.09704024e-01 
 2.28000000e-08 -2.09481164e-01 
 2.28200000e-08 -2.09227079e-01 
 2.28400000e-08 -2.08941792e-01 
 2.28600000e-08 -2.08625326e-01 
 2.28800000e-08 -2.08277707e-01 
 2.29000000e-08 -2.07898965e-01 
 2.29200000e-08 -2.07489134e-01 
 2.29400000e-08 -2.07048248e-01 
 2.29600000e-08 -2.06576346e-01 
 2.29800000e-08 -2.06073470e-01 
 2.30000000e-08 -2.05539665e-01 
 2.30200000e-08 -2.04974979e-01 
 2.30400000e-08 -2.04379462e-01 
 2.30600000e-08 -2.03753169e-01 
 2.30800000e-08 -2.03096156e-01 
 2.31000000e-08 -2.02408484e-01 
 2.31200000e-08 -2.01690216e-01 
 2.31400000e-08 -2.00941418e-01 
 2.31600000e-08 -2.00162160e-01 
 2.31800000e-08 -1.99352515e-01 
 2.32000000e-08 -1.98512559e-01 
 2.32200000e-08 -1.97642371e-01 
 2.32400000e-08 -1.96742033e-01 
 2.32600000e-08 -1.95811632e-01 
 2.32800000e-08 -1.94851256e-01 
 2.33000000e-08 -1.93860997e-01 
 2.33200000e-08 -1.92840952e-01 
 2.33400000e-08 -1.91791220e-01 
 2.33600000e-08 -1.90711903e-01 
 2.33800000e-08 -1.89603107e-01 
 2.34000000e-08 -1.88464942e-01 
 2.34200000e-08 -1.87297520e-01 
 2.34400000e-08 -1.86100958e-01 
 2.34600000e-08 -1.84875376e-01 
 2.34800000e-08 -1.83620898e-01 
 2.35000000e-08 -1.82337651e-01 
 2.35200000e-08 -1.81025767e-01 
 2.35400000e-08 -1.79685379e-01 
 2.35600000e-08 -1.78316628e-01 
 2.35800000e-08 -1.76919655e-01 
 2.36000000e-08 -1.75494606e-01 
 2.36200000e-08 -1.74041632e-01 
 2.36400000e-08 -1.72560888e-01 
 2.36600000e-08 -1.71052531e-01 
 2.36800000e-08 -1.69516723e-01 
 2.37000000e-08 -1.67953633e-01 
 2.37200000e-08 -1.66363430e-01 
 2.37400000e-08 -1.64746290e-01 
 2.37600000e-08 -1.63102391e-01 
 2.37800000e-08 -1.61431919e-01 
 2.38000000e-08 -1.59735061e-01 
 2.38200000e-08 -1.58012010e-01 
 2.38400000e-08 -1.56262965e-01 
 2.38600000e-08 -1.54488126e-01 
 2.38800000e-08 -1.52687702e-01 
 2.39000000e-08 -1.50861905e-01 
 2.39200000e-08 -1.49010950e-01 
 2.39400000e-08 -1.47135061e-01 
 2.39600000e-08 -1.45234463e-01 
 2.39800000e-08 -1.43309390e-01 
 2.40000000e-08 -1.41360078e-01 
 2.40200000e-08 -1.39386771e-01 
 2.40400000e-08 -1.37389717e-01 
 2.40600000e-08 -1.35369169e-01 
 2.40800000e-08 -1.33325386e-01 
 2.41000000e-08 -1.31258635e-01 
 2.41200000e-08 -1.29169184e-01 
 2.41400000e-08 -1.27057312e-01 
 2.41600000e-08 -1.24923301e-01 
 2.41800000e-08 -1.22767439e-01 
 2.42000000e-08 -1.20590021e-01 
 2.42200000e-08 -1.18391348e-01 
 2.42400000e-08 -1.16171727e-01 
 2.42600000e-08 -1.13931471e-01 
 2.42800000e-08 -1.11670901e-01 
 2.43000000e-08 -1.09390342e-01 
 2.43200000e-08 -1.07090127e-01 
 2.43400000e-08 -1.04770595e-01 
 2.43600000e-08 -1.02432093e-01 
 2.43800000e-08 -1.00074973e-01 
 2.44000000e-08 -9.76995942e-02 
 2.44200000e-08 -9.53063229e-02 
 2.44400000e-08 -9.28955318e-02 
 2.44600000e-08 -9.04676005e-02 
 2.44800000e-08 -8.80229153e-02 
 2.45000000e-08 -8.55618694e-02 
 2.45200000e-08 -8.30848629e-02 
 2.45400000e-08 -8.05923023e-02 
 2.45600000e-08 -7.80846012e-02 
 2.45800000e-08 -7.55621797e-02 
 2.46000000e-08 -7.30254647e-02 
 2.46200000e-08 -7.04748897e-02 
 2.46400000e-08 -6.79108946e-02 
 2.46600000e-08 -6.53339258e-02 
 2.46800000e-08 -6.27444363e-02 
 2.47000000e-08 -6.01428850e-02 
 2.47200000e-08 -5.75297373e-02 
 2.47400000e-08 -5.49054643e-02 
 2.47600000e-08 -5.22705433e-02 
 2.47800000e-08 -4.96254571e-02 
 2.48000000e-08 -4.69706941e-02 
 2.48200000e-08 -4.43067483e-02 
 2.48400000e-08 -4.16341186e-02 
 2.48600000e-08 -3.89533090e-02 
 2.48800000e-08 -3.62648285e-02 
 2.49000000e-08 -3.35691903e-02 
 2.49200000e-08 -3.08669122e-02 
 2.49400000e-08 -2.81585159e-02 
 2.49600000e-08 -2.54445271e-02 
 2.49800000e-08 -2.27254748e-02 
 2.50000000e-08 -2.00018914e-02 
 2.50200000e-08 -1.72743122e-02 
 2.50400000e-08 -1.45432754e-02 
 2.50600000e-08 -1.18093212e-02 
 2.50800000e-08 -9.07299213e-03 
 2.51000000e-08 -6.33483230e-03 
 2.51200000e-08 -3.59538730e-03 
 2.51400000e-08 -8.55203750e-04 
 2.51600000e-08  1.88517099e-03 
 2.51800000e-08  4.62518917e-03 
 2.52000000e-08  7.36430298e-03 
 2.52200000e-08  1.01019649e-02 
 2.52400000e-08  1.28376281e-02 
 2.52600000e-08  1.55707468e-02 
 2.52800000e-08  1.83007762e-02 
 2.53000000e-08  2.10271737e-02 
 2.53200000e-08  2.37493983e-02 
 2.53400000e-08  2.64669114e-02 
 2.53600000e-08  2.91791774e-02 
 2.53800000e-08  3.18856633e-02 
 2.54000000e-08  3.45858397e-02 
 2.54200000e-08  3.72791805e-02 
 2.54400000e-08  3.99651639e-02 
 2.54600000e-08  4.26432722e-02 
 2.54800000e-08  4.53129920e-02 
 2.55000000e-08  4.79738149e-02 
 2.55200000e-08  5.06252375e-02 
 2.55400000e-08  5.32667615e-02 
 2.55600000e-08  5.58978943e-02 
 2.55800000e-08  5.85181490e-02 
 2.56000000e-08  6.11270445e-02 
 2.56200000e-08  6.37241061e-02 
 2.56400000e-08  6.63088652e-02 
 2.56600000e-08  6.88808596e-02 
 2.56800000e-08  7.14396339e-02 
 2.57000000e-08  7.39847395e-02 
 2.57200000e-08  7.65157344e-02 
 2.57400000e-08  7.90321840e-02 
 2.57600000e-08  8.15336604e-02 
 2.57800000e-08  8.40197431e-02 
 2.58000000e-08  8.64900186e-02 
 2.58200000e-08  8.89440808e-02 
 2.58400000e-08  9.13815310e-02 
 2.58600000e-08  9.38019777e-02 
 2.58800000e-08  9.62050366e-02 
 2.59000000e-08  9.85903310e-02 
 2.59200000e-08  1.00957491e-01 
 2.59400000e-08  1.03306155e-01 
 2.59600000e-08  1.05635968e-01 
 2.59800000e-08  1.07946582e-01 
 2.60000000e-08  1.10237656e-01 
 2.60200000e-08  1.12508857e-01 
 2.60400000e-08  1.14759858e-01 
 2.60600000e-08  1.16990340e-01 
 2.60800000e-08  1.19199990e-01 
 2.61000000e-08  1.21388503e-01 
 2.61200000e-08  1.23555578e-01 
 2.61400000e-08  1.25700923e-01 
 2.61600000e-08  1.27824252e-01 
 2.61800000e-08  1.29925285e-01 
 2.62000000e-08  1.32003748e-01 
 2.62200000e-08  1.34059374e-01 
 2.62400000e-08  1.36091902e-01 
 2.62600000e-08  1.38101075e-01 
 2.62800000e-08  1.40086644e-01 
 2.63000000e-08  1.42048365e-01 
 2.63200000e-08  1.43985999e-01 
 2.63400000e-08  1.45899313e-01 
 2.63600000e-08  1.47788079e-01 
 2.63800000e-08  1.49652075e-01 
 2.64000000e-08  1.51491083e-01 
 2.64200000e-08  1.53304890e-01 
 2.64400000e-08  1.55093290e-01 
 2.64600000e-08  1.56856078e-01 
 2.64800000e-08  1.58593058e-01 
 2.65000000e-08  1.60304035e-01 
 2.65200000e-08  1.61988820e-01 
 2.65400000e-08  1.63647229e-01 
 2.65600000e-08  1.65279082e-01 
 2.65800000e-08  1.66884201e-01 
 2.66000000e-08  1.68462416e-01 
 2.66200000e-08  1.70013557e-01 
 2.66400000e-08  1.71537462e-01 
 2.66600000e-08  1.73033970e-01 
 2.66800000e-08  1.74502925e-01 
 2.67000000e-08  1.75944175e-01 
 2.67200000e-08  1.77357570e-01 
 2.67400000e-08  1.78742966e-01 
 2.67600000e-08  1.80100221e-01 
 2.67800000e-08  1.81429197e-01 
 2.68000000e-08  1.82729760e-01 
 2.68200000e-08  1.84001778e-01 
 2.68400000e-08  1.85245124e-01 
 2.68600000e-08  1.86459674e-01 
 2.68800000e-08  1.87645307e-01 
 2.69000000e-08  1.88801904e-01 
 2.69200000e-08  1.89929352e-01 
 2.69400000e-08  1.91027538e-01 
 2.69600000e-08  1.92096356e-01 
 2.69800000e-08  1.93135700e-01 
 2.70000000e-08  1.94145468e-01 
 2.70200000e-08  1.95125561e-01 
 2.70400000e-08  1.96075883e-01 
 2.70600000e-08  1.96996342e-01 
 2.70800000e-08  1.97886849e-01 
 2.71000000e-08  1.98747316e-01 
 2.71200000e-08  1.99577659e-01 
 2.71400000e-08  2.00377799e-01 
 2.71600000e-08  2.01147657e-01 
 2.71800000e-08  2.01887159e-01 
 2.72000000e-08  2.02596232e-01 
 2.72200000e-08  2.03274808e-01 
 2.72400000e-08  2.03922821e-01 
 2.72600000e-08  2.04540207e-01 
 2.72800000e-08  2.05126906e-01 
 2.73000000e-08  2.05682862e-01 
 2.73200000e-08  2.06208019e-01 
 2.73400000e-08  2.06702326e-01 
 2.73600000e-08  2.07165735e-01 
 2.73800000e-08  2.07598198e-01 
 2.74000000e-08  2.07999675e-01 
 2.74200000e-08  2.08370124e-01 
 2.74400000e-08  2.08709508e-01 
 2.74600000e-08  2.09017793e-01 
 2.74800000e-08  2.09294948e-01 
 2.75000000e-08  2.09540944e-01 
 2.75200000e-08  2.09755754e-01 
 2.75400000e-08  2.09939358e-01 
 2.75600000e-08  2.10091733e-01 
 2.75800000e-08  2.10212864e-01 
 2.76000000e-08  2.10302737e-01 
 2.76200000e-08  2.10361338e-01 
 2.76400000e-08  2.10388662e-01 
 2.76600000e-08  2.10384701e-01 
 2.76800000e-08  2.10349453e-01 
 2.77000000e-08  2.10282919e-01 
 2.77200000e-08  2.10185102e-01 
 2.77400000e-08  2.10056007e-01 
 2.77600000e-08  2.09895644e-01 
 2.77800000e-08  2.09704024e-01 
 2.78000000e-08  2.09481164e-01 
 2.78200000e-08  2.09227079e-01 
 2.78400000e-08  2.08941792e-01 
 2.78600000e-08  2.08625326e-01 
 2.78800000e-08  2.08277707e-01 
 2.79000000e-08  2.07898965e-01 
 2.79200000e-08  2.07489134e-01 
 2.79400000e-08  2.07048248e-01 
 2.79600000e-08  2.06576346e-01 
 2.79800000e-08  2.06073470e-01 
 2.80000000e-08  2.05539665e-01 
 2.80200000e-08  2.04974979e-01 
 2.80400000e-08  2.04379462e-01 
 2.80600000e-08  2.03753169e-01 
 2.80800000e-08  2.03096156e-01 
 2.81000000e-08  2.02408484e-01 
 2.81200000e-08  2.01690216e-01 
 2.81400000e-08  2.00941418e-01 
 2.81600000e-08  2.00162160e-01 
 2.81800000e-08  1.99352515e-01 
 2.82000000e-08  1.98512559e-01 
 2.82200000e-08  1.97642371e-01 
 2.82400000e-08  1.96742033e-01 
 2.82600000e-08  1.95811632e-01 
 2.82800000e-08  1.94851256e-01 
 2.83000000e-08  1.93860997e-01 
 2.83200000e-08  1.92840952e-01 
 2.83400000e-08  1.91791220e-01 
 2.83600000e-08  1.90711903e-01 
 2.83800000e-08  1.89603107e-01 
 2.84000000e-08  1.88464942e-01 
 2.84200000e-08  1.87297520e-01 
 2.84400000e-08  1.86100958e-01 
 2.84600000e-08  1.84875376e-01 
 2.84800000e-08  1.83620898e-01 
 2.85000000e-08  1.82337651e-01 
 2.85200000e-08  1.81025767e-01 
 2.85400000e-08  1.79685379e-01 
 2.85600000e-08  1.78316628e-01 
 2.85800000e-08  1.76919655e-01 
 2.86000000e-08  1.75494606e-01 
 2.86200000e-08  1.74041632e-01 
 2.86400000e-08  1.72560888e-01 
 2.86600000e-08  1.71052531e-01 
 2.86800000e-08  1.69516723e-01 
 2.87000000e-08  1.67953633e-01 
 2.87200000e-08  1.66363430e-01 
 2.87400000e-08  1.64746290e-01 
 2.87600000e-08  1.63102391e-01 
 2.87800000e-08  1.61431919e-01 
 2.88000000e-08  1.59735061e-01 
 2.88200000e-08  1.58012010e-01 
 2.88400000e-08  1.56262965e-01 
 2.88600000e-08  1.54488126e-01 
 2.88800000e-08  1.52687702e-01 
 2.89000000e-08  1.50861905e-01 
 2.89200000e-08  1.49010950e-01 
 2.89400000e-08  1.47135061e-01 
 2.89600000e-08  1.45234463e-01 
 2.89800000e-08  1.43309390e-01 
 2.90000000e-08  1.41360078e-01 
 2.90200000e-08  1.39386771e-01 
 2.90400000e-08  1.37389717e-01 
 2.90600000e-08  1.35369169e-01 
 2.90800000e-08  1.33325386e-01 
 2.91000000e-08  1.31258635e-01 
 2.91200000e-08  1.29169184e-01 
 2.91400000e-08  1.27057312e-01 
 2.91600000e-08  1.24923301e-01 
 2.91800000e-08  1.22767439e-01 
 2.92000000e-08  1.20590021e-01 
 2.92200000e-08  1.18391348e-01 
 2.92400000e-08  1.16171727e-01 
 2.92600000e-08  1.13931471e-01 
 2.92800000e-08  1.11670901e-01 
 2.93000000e-08  1.09390342e-01 
 2.93200000e-08  1.07090127e-01 
 2.93400000e-08  1.04770595e-01 
 2.93600000e-08  1.02432093e-01 
 2.93800000e-08  1.00074973e-01 
 2.94000000e-08  9.76995942e-02 
 2.94200000e-08  9.53063229e-02 
 2.94400000e-08  9.28955318e-02 
 2.94600000e-08  9.04676005e-02 
 2.94800000e-08  8.80229153e-02 
 2.95000000e-08  8.55618694e-02 
 2.95200000e-08  8.30848629e-02 
 2.95400000e-08  8.05923023e-02 
 2.95600000e-08  7.80846012e-02 
 2.95800000e-08  7.55621797e-02 
 2.96000000e-08  7.30254647e-02 
 2.96200000e-08  7.04748897e-02 
 2.96400000e-08  6.79108946e-02 
 2.96600000e-08  6.53339258e-02 
 2.96800000e-08  6.27444363e-02 
 2.97000000e-08  6.01428850e-02 
 2.97200000e-08  5.75297373e-02 
 2.97400000e-08  5.49054643e-02 
 2.97600000e-08  5.22705433e-02 
 2.97800000e-08  4.96254571e-02 
 2.98000000e-08  4.69706941e-02 
 2.98200000e-08  4.43067483e-02 
 2.98400000e-08  4.16341186e-02 
 2.98600000e-08  3.89533090e-02 
 2.98800000e-08  3.62648285e-02 
 2.99000000e-08  3.35691903e-02 
 2.99200000e-08  3.08669122e-02 
 2.99400000e-08  2.81585159e-02 
 2.99600000e-08  2.54445271e-02 
 2.99800000e-08  2.27254748e-02 
 3.00000000e-08  2.00018914e-02 
 3.00200000e-08  1.72743122e-02 
 3.00400000e-08  1.45432754e-02 
 3.00600000e-08  1.18093212e-02 
 3.00800000e-08  9.07299213e-03 
 3.01000000e-08  6.33483230e-03 
 3.01200000e-08  3.59538730e-03 
 3.01400000e-08  8.55203750e-04 
 3.01600000e-08 -1.88517099e-03 
 3.01800000e-08 -4.62518917e-03 
 3.02000000e-08 -7.36430298e-03 
 3.02200000e-08 -1.01019649e-02 
 3.02400000e-08 -1.28376281e-02 
 3.02600000e-08 -1.55707468e-02 
 3.02800000e-08 -1.83007762e-02 
 3.03000000e-08 -2.10271737e-02 
 3.03200000e-08 -2.37493983e-02 
 3.03400000e-08 -2.64669114e-02 
 3.03600000e-08 -2.91791774e-02 
 3.03800000e-08 -3.18856633e-02 
 3.04000000e-08 -3.45858397e-02 
 3.04200000e-08 -3.72791805e-02 
 3.04400000e-08 -3.99651639e-02 
 3.04600000e-08 -4.26432722e-02 
 3.04800000e-08 -4.53129920e-02 
 3.05000000e-08 -4.79738149e-02 
 3.05200000e-08 -5.06252375e-02 
 3.05400000e-08 -5.32667615e-02 
 3.05600000e-08 -5.58978943e-02 
 3.05800000e-08 -5.85181490e-02 
 3.06000000e-08 -6.11270445e-02 
 3.06200000e-08 -6.37241061e-02 
 3.06400000e-08 -6.63088652e-02 
 3.06600000e-08 -6.88808596e-02 
 3.06800000e-08 -7.14396339e-02 
 3.07000000e-08 -7.39847395e-02 
 3.07200000e-08 -7.65157344e-02 
 3.07400000e-08 -7.90321840e-02 
 3.07600000e-08 -8.15336604e-02 
 3.07800000e-08 -8.40197431e-02 
 3.08000000e-08 -8.64900186e-02 
 3.08200000e-08 -8.89440808e-02 
 3.08400000e-08 -9.13815310e-02 
 3.08600000e-08 -9.38019777e-02 
 3.08800000e-08 -9.62050366e-02 
 3.09000000e-08 -9.85903310e-02 
 3.09200000e-08 -1.00957491e-01 
 3.09400000e-08 -1.03306155e-01 
 3.09600000e-08 -1.05635968e-01 
 3.09800000e-08 -1.07946582e-01 
 3.10000000e-08 -1.10237656e-01 
 3.10200000e-08 -1.12508857e-01 
 3.10400000e-08 -1.14759858e-01 
 3.10600000e-08 -1.16990340e-01 
 3.10800000e-08 -1.19199990e-01 
 3.11000000e-08 -1.21388503e-01 
 3.11200000e-08 -1.23555578e-01 
 3.11400000e-08 -1.25700923e-01 
 3.11600000e-08 -1.27824252e-01 
 3.11800000e-08 -1.29925285e-01 
 3.12000000e-08 -1.32003748e-01 
 3.12200000e-08 -1.34059374e-01 
 3.12400000e-08 -1.36091902e-01 
 3.12600000e-08 -1.38101075e-01 
 3.12800000e-08 -1.40086644e-01 
 3.13000000e-08 -1.42048365e-01 
 3.13200000e-08 -1.43985999e-01 
 3.13400000e-08 -1.45899313e-01 
 3.13600000e-08 -1.47788079e-01 
 3.13800000e-08 -1.49652075e-01 
 3.14000000e-08 -1.51491083e-01 
 3.14200000e-08 -1.53304890e-01 
 3.14400000e-08 -1.55093290e-01 
 3.14600000e-08 -1.56856078e-01 
 3.14800000e-08 -1.58593058e-01 
 3.15000000e-08 -1.60304035e-01 
 3.15200000e-08 -1.61988820e-01 
 3.15400000e-08 -1.63647229e-01 
 3.15600000e-08 -1.65279082e-01 
 3.15800000e-08 -1.66884201e-01 
 3.16000000e-08 -1.68462416e-01 
 3.16200000e-08 -1.70013557e-01 
 3.16400000e-08 -1.71537462e-01 
 3.16600000e-08 -1.73033970e-01 
 3.16800000e-08 -1.74502925e-01 
 3.17000000e-08 -1.75944175e-01 
 3.17200000e-08 -1.77357570e-01 
 3.17400000e-08 -1.78742966e-01 
 3.17600000e-08 -1.80100221e-01 
 3.17800000e-08 -1.81429197e-01 
 3.18000000e-08 -1.82729760e-01 
 3.18200000e-08 -1.84001778e-01 
 3.18400000e-08 -1.85245124e-01 
 3.18600000e-08 -1.86459674e-01 
 3.18800000e-08 -1.87645307e-01 
 3.19000000e-08 -1.88801904e-01 
 3.19200000e-08 -1.89929352e-01 
 3.19400000e-08 -1.91027538e-01 
 3.19600000e-08 -1.92096356e-01 
 3.19800000e-08 -1.93135700e-01 
 3.20000000e-08 -1.94145468e-01 
 3.20200000e-08 -1.95125561e-01 
 3.20400000e-08 -1.96075883e-01 
 3.20600000e-08 -1.96996342e-01 
 3.20800000e-08 -1.97886849e-01 
 3.21000000e-08 -1.98747316e-01 
 3.21200000e-08 -1.99577659e-01 
 3.21400000e-08 -2.00377799e-01 
 3.21600000e-08 -2.01147657e-01 
 3.21800000e-08 -2.01887159e-01 
 3.22000000e-08 -2.02596232e-01 
 3.22200000e-08 -2.03274808e-01 
 3.22400000e-08 -2.03922821e-01 
 3.22600000e-08 -2.04540207e-01 
 3.22800000e-08 -2.05126906e-01 
 3.23000000e-08 -2.05682862e-01 
 3.23200000e-08 -2.06208019e-01 
 3.23400000e-08 -2.06702326e-01 
 3.23600000e-08 -2.07165735e-01 
 3.23800000e-08 -2.07598198e-01 
 3.24000000e-08 -2.07999675e-01 
 3.24200000e-08 -2.08370124e-01 
 3.24400000e-08 -2.08709508e-01 
 3.24600000e-08 -2.09017793e-01 
 3.24800000e-08 -2.09294948e-01 
 3.25000000e-08 -2.09540944e-01 
 3.25200000e-08 -2.09755754e-01 
 3.25400000e-08 -2.09939358e-01 
 3.25600000e-08 -2.10091733e-01 
 3.25800000e-08 -2.10212864e-01 
 3.26000000e-08 -2.10302737e-01 
 3.26200000e-08 -2.10361338e-01 
 3.26400000e-08 -2.10388662e-01 
 3.26600000e-08 -2.10384701e-01 
 3.26800000e-08 -2.10349453e-01 
 3.27000000e-08 -2.10282919e-01 
 3.27200000e-08 -2.10185102e-01 
 3.27400000e-08 -2.10056007e-01 
 3.27600000e-08 -2.09895644e-01 
 3.27800000e-08 -2.09704024e-01 
 3.28000000e-08 -2.09481164e-01 
 3.28200000e-08 -2.09227079e-01 
 3.28400000e-08 -2.08941792e-01 
 3.28600000e-08 -2.08625326e-01 
 3.28800000e-08 -2.08277707e-01 
 3.29000000e-08 -2.07898965e-01 
 3.29200000e-08 -2.07489134e-01 
 3.29400000e-08 -2.07048248e-01 
 3.29600000e-08 -2.06576346e-01 
 3.29800000e-08 -2.06073470e-01 
 3.30000000e-08 -2.05539665e-01 
 3.30200000e-08 -2.04974979e-01 
 3.30400000e-08 -2.04379462e-01 
 3.30600000e-08 -2.03753169e-01 
 3.30800000e-08 -2.03096156e-01 
 3.31000000e-08 -2.02408484e-01 
 3.31200000e-08 -2.01690216e-01 
 3.31400000e-08 -2.00941418e-01 
 3.31600000e-08 -2.00162160e-01 
 3.31800000e-08 -1.99352515e-01 
 3.32000000e-08 -1.98512559e-01 
 3.32200000e-08 -1.97642371e-01 
 3.32400000e-08 -1.96742033e-01 
 3.32600000e-08 -1.95811632e-01 
 3.32800000e-08 -1.94851256e-01 
 3.33000000e-08 -1.93860997e-01 
 3.33200000e-08 -1.92840952e-01 
 3.33400000e-08 -1.91791220e-01 
 3.33600000e-08 -1.90711903e-01 
 3.33800000e-08 -1.89603107e-01 
 3.34000000e-08 -1.88464942e-01 
 3.34200000e-08 -1.87297520e-01 
 3.34400000e-08 -1.86100958e-01 
 3.34600000e-08 -1.84875376e-01 
 3.34800000e-08 -1.83620898e-01 
 3.35000000e-08 -1.82337651e-01 
 3.35200000e-08 -1.81025767e-01 
 3.35400000e-08 -1.79685379e-01 
 3.35600000e-08 -1.78316628e-01 
 3.35800000e-08 -1.76919655e-01 
 3.36000000e-08 -1.75494606e-01 
 3.36200000e-08 -1.74041632e-01 
 3.36400000e-08 -1.72560888e-01 
 3.36600000e-08 -1.71052531e-01 
 3.36800000e-08 -1.69516723e-01 
 3.37000000e-08 -1.67953633e-01 
 3.37200000e-08 -1.66363430e-01 
 3.37400000e-08 -1.64746290e-01 
 3.37600000e-08 -1.63102391e-01 
 3.37800000e-08 -1.61431919e-01 
 3.38000000e-08 -1.59735061e-01 
 3.38200000e-08 -1.58012010e-01 
 3.38400000e-08 -1.56262965e-01 
 3.38600000e-08 -1.54488126e-01 
 3.38800000e-08 -1.52687702e-01 
 3.39000000e-08 -1.50861905e-01 
 3.39200000e-08 -1.49010950e-01 
 3.39400000e-08 -1.47135061e-01 
 3.39600000e-08 -1.45234463e-01 
 3.39800000e-08 -1.43309390e-01 
 3.40000000e-08 -1.41360078e-01 
 3.40200000e-08 -1.39386771e-01 
 3.40400000e-08 -1.37389717e-01 
 3.40600000e-08 -1.35369169e-01 
 3.40800000e-08 -1.33325386e-01 
 3.41000000e-08 -1.31258635e-01 
 3.41200000e-08 -1.29169184e-01 
 3.41400000e-08 -1.27057312e-01 
 3.41600000e-08 -1.24923301e-01 
 3.41800000e-08 -1.22767439e-01 
 3.42000000e-08 -1.20590021e-01 
 3.42200000e-08 -1.18391348e-01 
 3.42400000e-08 -1.16171727e-01 
 3.42600000e-08 -1.13931471e-01 
 3.42800000e-08 -1.11670901e-01 
 3.43000000e-08 -1.09390342e-01 
 3.43200000e-08 -1.07090127e-01 
 3.43400000e-08 -1.04770595e-01 
 3.43600000e-08 -1.02432093e-01 
 3.43800000e-08 -1.00074973e-01 
 3.44000000e-08 -9.76995942e-02 
 3.44200000e-08 -9.53063229e-02 
 3.44400000e-08 -9.28955318e-02 
 3.44600000e-08 -9.04676005e-02 
 3.44800000e-08 -8.80229153e-02 
 3.45000000e-08 -8.55618694e-02 
 3.45200000e-08 -8.30848629e-02 
 3.45400000e-08 -8.05923023e-02 
 3.45600000e-08 -7.80846012e-02 
 3.45800000e-08 -7.55621797e-02 
 3.46000000e-08 -7.30254647e-02 
 3.46200000e-08 -7.04748897e-02 
 3.46400000e-08 -6.79108946e-02 
 3.46600000e-08 -6.53339258e-02 
 3.46800000e-08 -6.27444363e-02 
 3.47000000e-08 -6.01428850e-02 
 3.47200000e-08 -5.75297373e-02 
 3.47400000e-08 -5.49054643e-02 
 3.47600000e-08 -5.22705433e-02 
 3.47800000e-08 -4.96254571e-02 
 3.48000000e-08 -4.69706941e-02 
 3.48200000e-08 -4.43067483e-02 
 3.48400000e-08 -4.16341186e-02 
 3.48600000e-08 -3.89533090e-02 
 3.48800000e-08 -3.62648285e-02 
 3.49000000e-08 -3.35691903e-02 
 3.49200000e-08 -3.08669122e-02 
 3.49400000e-08 -2.81585159e-02 
 3.49600000e-08 -2.54445271e-02 
 3.49800000e-08 -2.27254748e-02 
 3.50000000e-08 -2.00018914e-02 
 3.50200000e-08 -1.72743122e-02 
 3.50400000e-08 -1.45432754e-02 
 3.50600000e-08 -1.18093212e-02 
 3.50800000e-08 -9.07299213e-03 
 3.51000000e-08 -6.33483230e-03 
 3.51200000e-08 -3.59538730e-03 
 3.51400000e-08 -8.55203750e-04 
 3.51600000e-08  1.88517099e-03 
 3.51800000e-08  4.62518917e-03 
 3.52000000e-08  7.36430298e-03 
 3.52200000e-08  1.01019649e-02 
 3.52400000e-08  1.28376281e-02 
 3.52600000e-08  1.55707468e-02 
 3.52800000e-08  1.83007762e-02 
 3.53000000e-08  2.10271737e-02 
 3.53200000e-08  2.37493983e-02 
 3.53400000e-08  2.64669114e-02 
 3.53600000e-08  2.91791774e-02 
 3.53800000e-08  3.18856633e-02 
 3.54000000e-08  3.45858397e-02 
 3.54200000e-08  3.72791805e-02 
 3.54400000e-08  3.99651639e-02 
 3.54600000e-08  4.26432722e-02 
 3.54800000e-08  4.53129920e-02 
 3.55000000e-08  4.79738149e-02 
 3.55200000e-08  5.06252375e-02 
 3.55400000e-08  5.32667615e-02 
 3.55600000e-08  5.58978943e-02 
 3.55800000e-08  5.85181490e-02 
 3.56000000e-08  6.11270445e-02 
 3.56200000e-08  6.37241061e-02 
 3.56400000e-08  6.63088652e-02 
 3.56600000e-08  6.88808596e-02 
 3.56800000e-08  7.14396339e-02 
 3.57000000e-08  7.39847395e-02 
 3.57200000e-08  7.65157344e-02 
 3.57400000e-08  7.90321840e-02 
 3.57600000e-08  8.15336604e-02 
 3.57800000e-08  8.40197431e-02 
 3.58000000e-08  8.64900186e-02 
 3.58200000e-08  8.89440808e-02 
 3.58400000e-08  9.13815310e-02 
 3.58600000e-08  9.38019777e-02 
 3.58800000e-08  9.62050366e-02 
 3.59000000e-08  9.85903310e-02 
 3.59200000e-08  1.00957491e-01 
 3.59400000e-08  1.03306155e-01 
 3.59600000e-08  1.05635968e-01 
 3.59800000e-08  1.07946582e-01 
 3.60000000e-08  1.10237656e-01 
 3.60200000e-08  1.12508857e-01 
 3.60400000e-08  1.14759858e-01 
 3.60600000e-08  1.16990340e-01 
 3.60800000e-08  1.19199990e-01 
 3.61000000e-08  1.21388503e-01 
 3.61200000e-08  1.23555578e-01 
 3.61400000e-08  1.25700923e-01 
 3.61600000e-08  1.27824252e-01 
 3.61800000e-08  1.29925285e-01 
 3.62000000e-08  1.32003748e-01 
 3.62200000e-08  1.34059374e-01 
 3.62400000e-08  1.36091902e-01 
 3.62600000e-08  1.38101075e-01 
 3.62800000e-08  1.40086644e-01 
 3.63000000e-08  1.42048365e-01 
 3.63200000e-08  1.43985999e-01 
 3.63400000e-08  1.45899313e-01 
 3.63600000e-08  1.47788079e-01 
 3.63800000e-08  1.49652075e-01 
 3.64000000e-08  1.51491083e-01 
 3.64200000e-08  1.53304890e-01 
 3.64400000e-08  1.55093290e-01 
 3.64600000e-08  1.56856078e-01 
 3.64800000e-08  1.58593058e-01 
 3.65000000e-08  1.60304035e-01 
 3.65200000e-08  1.61988820e-01 
 3.65400000e-08  1.63647229e-01 
 3.65600000e-08  1.65279082e-01 
 3.65800000e-08  1.66884201e-01 
 3.66000000e-08  1.68462416e-01 
 3.66200000e-08  1.70013557e-01 
 3.66400000e-08  1.71537462e-01 
 3.66600000e-08  1.73033970e-01 
 3.66800000e-08  1.74502925e-01 
 3.67000000e-08  1.75944175e-01 
 3.67200000e-08  1.77357570e-01 
 3.67400000e-08  1.78742966e-01 
 3.67600000e-08  1.80100221e-01 
 3.67800000e-08  1.81429197e-01 
 3.68000000e-08  1.82729760e-01 
 3.68200000e-08  1.84001778e-01 
 3.68400000e-08  1.85245124e-01 
 3.68600000e-08  1.86459674e-01 
 3.68800000e-08  1.87645307e-01 
 3.69000000e-08  1.88801904e-01 
 3.69200000e-08  1.89929352e-01 
 3.69400000e-08  1.91027538e-01 
 3.69600000e-08  1.92096356e-01 
 3.69800000e-08  1.93135700e-01 
 3.70000000e-08  1.94145468e-01 
 3.70200000e-08  1.95125561e-01 
 3.70400000e-08  1.96075883e-01 
 3.70600000e-08  1.96996342e-01 
 3.70800000e-08  1.97886849e-01 
 3.71000000e-08  1.98747316e-01 
 3.71200000e-08  1.99577659e-01 
 3.71400000e-08  2.00377799e-01 
 3.71600000e-08  2.01147657e-01 
 3.71800000e-08  2.01887159e-01 
 3.72000000e-08  2.02596232e-01 
 3.72200000e-08  2.03274808e-01 
 3.72400000e-08  2.03922821e-01 
 3.72600000e-08  2.04540207e-01 
 3.72800000e-08  2.05126906e-01 
 3.73000000e-08  2.05682862e-01 
 3.73200000e-08  2.06208019e-01 
 3.73400000e-08  2.06702326e-01 
 3.73600000e-08  2.07165735e-01 
 3.73800000e-08  2.07598198e-01 
 3.74000000e-08  2.07999675e-01 
 3.74200000e-08  2.08370124e-01 
 3.74400000e-08  2.08709508e-01 
 3.74600000e-08  2.09017793e-01 
 3.74800000e-08  2.09294948e-01 
 3.75000000e-08  2.09540944e-01 
 3.75200000e-08  2.09755754e-01 
 3.75400000e-08  2.09939358e-01 
 3.75600000e-08  2.10091733e-01 
 3.75800000e-08  2.10212864e-01 
 3.76000000e-08  2.10302737e-01 
 3.76200000e-08  2.10361338e-01 
 3.76400000e-08  2.10388662e-01 
 3.76600000e-08  2.10384701e-01 
 3.76800000e-08  2.10349453e-01 
 3.77000000e-08  2.10282919e-01 
 3.77200000e-08  2.10185102e-01 
 3.77400000e-08  2.10056007e-01 
 3.77600000e-08  2.09895644e-01 
 3.77800000e-08  2.09704024e-01 
 3.78000000e-08  2.09481164e-01 
 3.78200000e-08  2.09227079e-01 
 3.78400000e-08  2.08941792e-01 
 3.78600000e-08  2.08625326e-01 
 3.78800000e-08  2.08277707e-01 
 3.79000000e-08  2.07898965e-01 
 3.79200000e-08  2.07489134e-01 
 3.79400000e-08  2.07048248e-01 
 3.79600000e-08  2.06576346e-01 
 3.79800000e-08  2.06073470e-01 
 3.80000000e-08  2.05539665e-01 
 3.80200000e-08  2.04974979e-01 
 3.80400000e-08  2.04379462e-01 
 3.80600000e-08  2.03753169e-01 
 3.80800000e-08  2.03096156e-01 
 3.81000000e-08  2.02408484e-01 
 3.81200000e-08  2.01690216e-01 
 3.81400000e-08  2.00941418e-01 
 3.81600000e-08  2.00162160e-01 
 3.81800000e-08  1.99352515e-01 
 3.82000000e-08  1.98512559e-01 
 3.82200000e-08  1.97642371e-01 
 3.82400000e-08  1.96742033e-01 
 3.82600000e-08  1.95811632e-01 
 3.82800000e-08  1.94851256e-01 
 3.83000000e-08  1.93860997e-01 
 3.83200000e-08  1.92840952e-01 
 3.83400000e-08  1.91791220e-01 
 3.83600000e-08  1.90711903e-01 
 3.83800000e-08  1.89603107e-01 
 3.84000000e-08  1.88464942e-01 
 3.84200000e-08  1.87297520e-01 
 3.84400000e-08  1.86100958e-01 
 3.84600000e-08  1.84875376e-01 
 3.84800000e-08  1.83620898e-01 
 3.85000000e-08  1.82337651e-01 
 3.85200000e-08  1.81025767e-01 
 3.85400000e-08  1.79685379e-01 
 3.85600000e-08  1.78316628e-01 
 3.85800000e-08  1.76919655e-01 
 3.86000000e-08  1.75494606e-01 
 3.86200000e-08  1.74041632e-01 
 3.86400000e-08  1.72560888e-01 
 3.86600000e-08  1.71052531e-01 
 3.86800000e-08  1.69516723e-01 
 3.87000000e-08  1.67953633e-01 
 3.87200000e-08  1.66363430e-01 
 3.87400000e-08  1.64746290e-01 
 3.87600000e-08  1.63102391e-01 
 3.87800000e-08  1.61431919e-01 
 3.88000000e-08  1.59735061e-01 
 3.88200000e-08  1.58012010e-01 
 3.88400000e-08  1.56262965e-01 
 3.88600000e-08  1.54488126e-01 
 3.88800000e-08  1.52687702e-01 
 3.89000000e-08  1.50861905e-01 
 3.89200000e-08  1.49010950e-01 
 3.89400000e-08  1.47135061e-01 
 3.89600000e-08  1.45234463e-01 
 3.89800000e-08  1.43309390e-01 
 3.90000000e-08  1.41360078e-01 
 3.90200000e-08  1.39386771e-01 
 3.90400000e-08  1.37389717e-01 
 3.90600000e-08  1.35369169e-01 
 3.90800000e-08  1.33325386e-01 
 3.91000000e-08  1.31258635e-01 
 3.91200000e-08  1.29169184e-01 
 3.91400000e-08  1.27057312e-01 
 3.91600000e-08  1.24923301e-01 
 3.91800000e-08  1.22767439e-01 
 3.92000000e-08  1.20590021e-01 
 3.92200000e-08  1.18391348e-01 
 3.92400000e-08  1.16171727e-01 
 3.92600000e-08  1.13931471e-01 
 3.92800000e-08  1.11670901e-01 
 3.93000000e-08  1.09390342e-01 
 3.93200000e-08  1.07090127e-01 
 3.93400000e-08  1.04770595e-01 
 3.93600000e-08  1.02432093e-01 
 3.93800000e-08  1.00074973e-01 
 3.94000000e-08  9.76995942e-02 
 3.94200000e-08  9.53063229e-02 
 3.94400000e-08  9.28955318e-02 
 3.94600000e-08  9.04676005e-02 
 3.94800000e-08  8.80229153e-02 
 3.95000000e-08  8.55618694e-02 
 3.95200000e-08  8.30848629e-02 
 3.95400000e-08  8.05923023e-02 
 3.95600000e-08  7.80846012e-02 
 3.95800000e-08  7.55621797e-02 
 3.96000000e-08  7.30254647e-02 
 3.96200000e-08  7.04748897e-02 
 3.96400000e-08  6.79108946e-02 
 3.96600000e-08  6.53339258e-02 
 3.96800000e-08  6.27444363e-02 
 3.97000000e-08  6.01428850e-02 
 3.97200000e-08  5.75297373e-02 
 3.97400000e-08  5.49054643e-02 
 3.97600000e-08  5.22705433e-02 
 3.97800000e-08  4.96254571e-02 
 3.98000000e-08  4.69706941e-02 
 3.98200000e-08  4.43067483e-02 
 3.98400000e-08  4.16341186e-02 
 3.98600000e-08  3.89533090e-02 
 3.98800000e-08  3.62648285e-02 
 3.99000000e-08  3.35691903e-02 
 3.99200000e-08  3.08669122e-02 
 3.99400000e-08  2.81585159e-02 
 3.99600000e-08  2.54445271e-02 
 3.99800000e-08  2.27254748e-02 
 4.00000000e-08  2.00018914e-02 
 4.00200000e-08  1.72743122e-02 
 4.00400000e-08  1.45432754e-02 
 4.00600000e-08  1.18093212e-02 
 4.00800000e-08  9.07299213e-03 
 4.01000000e-08  6.33483230e-03 
 4.01200000e-08  3.59538730e-03 
 4.01400000e-08  8.55203750e-04 
 4.01600000e-08 -1.88517099e-03 
 4.01800000e-08 -4.62518917e-03 
 4.02000000e-08 -7.36430298e-03 
 4.02200000e-08 -1.01019649e-02 
 4.02400000e-08 -1.28376281e-02 
 4.02600000e-08 -1.55707468e-02 
 4.02800000e-08 -1.83007762e-02 
 4.03000000e-08 -2.10271737e-02 
 4.03200000e-08 -2.37493983e-02 
 4.03400000e-08 -2.64669114e-02 
 4.03600000e-08 -2.91791774e-02 
 4.03800000e-08 -3.18856633e-02 
 4.04000000e-08 -3.45858397e-02 
 4.04200000e-08 -3.72791805e-02 
 4.04400000e-08 -3.99651639e-02 
 4.04600000e-08 -4.26432722e-02 
 4.04800000e-08 -4.53129920e-02 
 4.05000000e-08 -4.79738149e-02 
 4.05200000e-08 -5.06252375e-02 
 4.05400000e-08 -5.32667615e-02 
 4.05600000e-08 -5.58978943e-02 
 4.05800000e-08 -5.85181490e-02 
 4.06000000e-08 -6.11270445e-02 
 4.06200000e-08 -6.37241061e-02 
 4.06400000e-08 -6.63088652e-02 
 4.06600000e-08 -6.88808596e-02 
 4.06800000e-08 -7.14396339e-02 
 4.07000000e-08 -7.39847395e-02 
 4.07200000e-08 -7.65157344e-02 
 4.07400000e-08 -7.90321840e-02 
 4.07600000e-08 -8.15336604e-02 
 4.07800000e-08 -8.40197431e-02 
 4.08000000e-08 -8.64900186e-02 
 4.08200000e-08 -8.89440808e-02 
 4.08400000e-08 -9.13815310e-02 
 4.08600000e-08 -9.38019777e-02 
 4.08800000e-08 -9.62050366e-02 
 4.09000000e-08 -9.85903310e-02 
 4.09200000e-08 -1.00957491e-01 
 4.09400000e-08 -1.03306155e-01 
 4.09600000e-08 -1.05635968e-01 
 4.09800000e-08 -1.07946582e-01 
 4.10000000e-08 -1.10237656e-01 
 4.10200000e-08 -1.12508857e-01 
 4.10400000e-08 -1.14759858e-01 
 4.10600000e-08 -1.16990340e-01 
 4.10800000e-08 -1.19199990e-01 
 4.11000000e-08 -1.21388503e-01 
 4.11200000e-08 -1.23555578e-01 
 4.11400000e-08 -1.25700923e-01 
 4.11600000e-08 -1.27824252e-01 
 4.11800000e-08 -1.29925285e-01 
 4.12000000e-08 -1.32003748e-01 
 4.12200000e-08 -1.34059374e-01 
 4.12400000e-08 -1.36091902e-01 
 4.12600000e-08 -1.38101075e-01 
 4.12800000e-08 -1.40086644e-01 
 4.13000000e-08 -1.42048365e-01 
 4.13200000e-08 -1.43985999e-01 
 4.13400000e-08 -1.45899313e-01 
 4.13600000e-08 -1.47788079e-01 
 4.13800000e-08 -1.49652075e-01 
 4.14000000e-08 -1.51491083e-01 
 4.14200000e-08 -1.53304890e-01 
 4.14400000e-08 -1.55093290e-01 
 4.14600000e-08 -1.56856078e-01 
 4.14800000e-08 -1.58593058e-01 
 4.15000000e-08 -1.60304035e-01 
 4.15200000e-08 -1.61988820e-01 
 4.15400000e-08 -1.63647229e-01 
 4.15600000e-08 -1.65279082e-01 
 4.15800000e-08 -1.66884201e-01 
 4.16000000e-08 -1.68462416e-01 
 4.16200000e-08 -1.70013557e-01 
 4.16400000e-08 -1.71537462e-01 
 4.16600000e-08 -1.73033970e-01 
 4.16800000e-08 -1.74502925e-01 
 4.17000000e-08 -1.75944175e-01 
 4.17200000e-08 -1.77357570e-01 
 4.17400000e-08 -1.78742966e-01 
 4.17600000e-08 -1.80100221e-01 
 4.17800000e-08 -1.81429197e-01 
 4.18000000e-08 -1.82729760e-01 
 4.18200000e-08 -1.84001778e-01 
 4.18400000e-08 -1.85245124e-01 
 4.18600000e-08 -1.86459674e-01 
 4.18800000e-08 -1.87645307e-01 
 4.19000000e-08 -1.88801904e-01 
 4.19200000e-08 -1.89929352e-01 
 4.19400000e-08 -1.91027538e-01 
 4.19600000e-08 -1.92096356e-01 
 4.19800000e-08 -1.93135700e-01 
 4.20000000e-08 -1.94145468e-01 
 4.20200000e-08 -1.95125561e-01 
 4.20400000e-08 -1.96075883e-01 
 4.20600000e-08 -1.96996342e-01 
 4.20800000e-08 -1.97886849e-01 
 4.21000000e-08 -1.98747316e-01 
 4.21200000e-08 -1.99577659e-01 
 4.21400000e-08 -2.00377799e-01 
 4.21600000e-08 -2.01147657e-01 
 4.21800000e-08 -2.01887159e-01 
 4.22000000e-08 -2.02596232e-01 
 4.22200000e-08 -2.03274808e-01 
 4.22400000e-08 -2.03922821e-01 
 4.22600000e-08 -2.04540207e-01 
 4.22800000e-08 -2.05126906e-01 
 4.23000000e-08 -2.05682862e-01 
 4.23200000e-08 -2.06208019e-01 
 4.23400000e-08 -2.06702326e-01 
 4.23600000e-08 -2.07165735e-01 
 4.23800000e-08 -2.07598198e-01 
 4.24000000e-08 -2.07999675e-01 
 4.24200000e-08 -2.08370124e-01 
 4.24400000e-08 -2.08709508e-01 
 4.24600000e-08 -2.09017793e-01 
 4.24800000e-08 -2.09294948e-01 
 4.25000000e-08 -2.09540944e-01 
 4.25200000e-08 -2.09755754e-01 
 4.25400000e-08 -2.09939358e-01 
 4.25600000e-08 -2.10091733e-01 
 4.25800000e-08 -2.10212864e-01 
 4.26000000e-08 -2.10302737e-01 
 4.26200000e-08 -2.10361338e-01 
 4.26400000e-08 -2.10388662e-01 
 4.26600000e-08 -2.10384701e-01 
 4.26800000e-08 -2.10349453e-01 
 4.27000000e-08 -2.10282919e-01 
 4.27200000e-08 -2.10185102e-01 
 4.27400000e-08 -2.10056007e-01 
 4.27600000e-08 -2.09895644e-01 
 4.27800000e-08 -2.09704024e-01 
 4.28000000e-08 -2.09481164e-01 
 4.28200000e-08 -2.09227079e-01 
 4.28400000e-08 -2.08941792e-01 
 4.28600000e-08 -2.08625326e-01 
 4.28800000e-08 -2.08277707e-01 
 4.29000000e-08 -2.07898965e-01 
 4.29200000e-08 -2.07489134e-01 
 4.29400000e-08 -2.07048248e-01 
 4.29600000e-08 -2.06576346e-01 
 4.29800000e-08 -2.06073470e-01 
 4.30000000e-08 -2.05539665e-01 
 4.30200000e-08 -2.04974979e-01 
 4.30400000e-08 -2.04379462e-01 
 4.30600000e-08 -2.03753169e-01 
 4.30800000e-08 -2.03096156e-01 
 4.31000000e-08 -2.02408484e-01 
 4.31200000e-08 -2.01690216e-01 
 4.31400000e-08 -2.00941418e-01 
 4.31600000e-08 -2.00162160e-01 
 4.31800000e-08 -1.99352515e-01 
 4.32000000e-08 -1.98512559e-01 
 4.32200000e-08 -1.97642371e-01 
 4.32400000e-08 -1.96742033e-01 
 4.32600000e-08 -1.95811632e-01 
 4.32800000e-08 -1.94851256e-01 
 4.33000000e-08 -1.93860997e-01 
 4.33200000e-08 -1.92840952e-01 
 4.33400000e-08 -1.91791220e-01 
 4.33600000e-08 -1.90711903e-01 
 4.33800000e-08 -1.89603107e-01 
 4.34000000e-08 -1.88464942e-01 
 4.34200000e-08 -1.87297520e-01 
 4.34400000e-08 -1.86100958e-01 
 4.34600000e-08 -1.84875376e-01 
 4.34800000e-08 -1.83620898e-01 
 4.35000000e-08 -1.82337651e-01 
 4.35200000e-08 -1.81025767e-01 
 4.35400000e-08 -1.79685379e-01 
 4.35600000e-08 -1.78316628e-01 
 4.35800000e-08 -1.76919655e-01 
 4.36000000e-08 -1.75494606e-01 
 4.36200000e-08 -1.74041632e-01 
 4.36400000e-08 -1.72560888e-01 
 4.36600000e-08 -1.71052531e-01 
 4.36800000e-08 -1.69516723e-01 
 4.37000000e-08 -1.67953633e-01 
 4.37200000e-08 -1.66363430e-01 
 4.37400000e-08 -1.64746290e-01 
 4.37600000e-08 -1.63102391e-01 
 4.37800000e-08 -1.61431919e-01 
 4.38000000e-08 -1.59735061e-01 
 4.38200000e-08 -1.58012010e-01 
 4.38400000e-08 -1.56262965e-01 
 4.38600000e-08 -1.54488126e-01 
 4.38800000e-08 -1.52687702e-01 
 4.39000000e-08 -1.50861905e-01 
 4.39200000e-08 -1.49010950e-01 
 4.39400000e-08 -1.47135061e-01 
 4.39600000e-08 -1.45234463e-01 
 4.39800000e-08 -1.43309390e-01 
 4.40000000e-08 -1.41360078e-01 
 4.40200000e-08 -1.39386771e-01 
 4.40400000e-08 -1.37389717e-01 
 4.40600000e-08 -1.35369169e-01 
 4.40800000e-08 -1.33325386e-01 
 4.41000000e-08 -1.31258635e-01 
 4.41200000e-08 -1.29169184e-01 
 4.41400000e-08 -1.27057312e-01 
 4.41600000e-08 -1.24923301e-01 
 4.41800000e-08 -1.22767439e-01 
 4.42000000e-08 -1.20590021e-01 
 4.42200000e-08 -1.18391348e-01 
 4.42400000e-08 -1.16171727e-01 
 4.42600000e-08 -1.13931471e-01 
 4.42800000e-08 -1.11670901e-01 
 4.43000000e-08 -1.09390342e-01 
 4.43200000e-08 -1.07090127e-01 
 4.43400000e-08 -1.04770595e-01 
 4.43600000e-08 -1.02432093e-01 
 4.43800000e-08 -1.00074973e-01 
 4.44000000e-08 -9.76995942e-02 
 4.44200000e-08 -9.53063229e-02 
 4.44400000e-08 -9.28955318e-02 
 4.44600000e-08 -9.04676005e-02 
 4.44800000e-08 -8.80229153e-02 
 4.45000000e-08 -8.55618694e-02 
 4.45200000e-08 -8.30848629e-02 
 4.45400000e-08 -8.05923023e-02 
 4.45600000e-08 -7.80846012e-02 
 4.45800000e-08 -7.55621797e-02 
 4.46000000e-08 -7.30254647e-02 
 4.46200000e-08 -7.04748897e-02 
 4.46400000e-08 -6.79108946e-02 
 4.46600000e-08 -6.53339258e-02 
 4.46800000e-08 -6.27444363e-02 
 4.47000000e-08 -6.01428850e-02 
 4.47200000e-08 -5.75297373e-02 
 4.47400000e-08 -5.49054643e-02 
 4.47600000e-08 -5.22705433e-02 
 4.47800000e-08 -4.96254571e-02 
 4.48000000e-08 -4.69706941e-02 
 4.48200000e-08 -4.43067483e-02 
 4.48400000e-08 -4.16341186e-02 
 4.48600000e-08 -3.89533090e-02 
 4.48800000e-08 -3.62648285e-02 
 4.49000000e-08 -3.35691903e-02 
 4.49200000e-08 -3.08669122e-02 
 4.49400000e-08 -2.81585159e-02 
 4.49600000e-08 -2.54445271e-02 
 4.49800000e-08 -2.27254748e-02 
 4.50000000e-08 -2.00018914e-02 
 4.50200000e-08 -1.72743122e-02 
 4.50400000e-08 -1.45432754e-02 
 4.50600000e-08 -1.18093212e-02 
 4.50800000e-08 -9.07299213e-03 
 4.51000000e-08 -6.33483230e-03 
 4.51200000e-08 -3.59538730e-03 
 4.51400000e-08 -8.55203750e-04 
 4.51600000e-08  1.88517099e-03 
 4.51800000e-08  4.62518917e-03 
 4.52000000e-08  7.36430298e-03 
 4.52200000e-08  1.01019649e-02 
 4.52400000e-08  1.28376281e-02 
 4.52600000e-08  1.55707468e-02 
 4.52800000e-08  1.83007762e-02 
 4.53000000e-08  2.10271737e-02 
 4.53200000e-08  2.37493983e-02 
 4.53400000e-08  2.64669114e-02 
 4.53600000e-08  2.91791774e-02 
 4.53800000e-08  3.18856633e-02 
 4.54000000e-08  3.45858397e-02 
 4.54200000e-08  3.72791805e-02 
 4.54400000e-08  3.99651639e-02 
 4.54600000e-08  4.26432722e-02 
 4.54800000e-08  4.53129920e-02 
 4.55000000e-08  4.79738149e-02 
 4.55200000e-08  5.06252375e-02 
 4.55400000e-08  5.32667615e-02 
 4.55600000e-08  5.58978943e-02 
 4.55800000e-08  5.85181490e-02 
 4.56000000e-08  6.11270445e-02 
 4.56200000e-08  6.37241061e-02 
 4.56400000e-08  6.63088652e-02 
 4.56600000e-08  6.88808596e-02 
 4.56800000e-08  7.14396339e-02 
 4.57000000e-08  7.39847395e-02 
 4.57200000e-08  7.65157344e-02 
 4.57400000e-08  7.90321840e-02 
 4.57600000e-08  8.15336604e-02 
 4.57800000e-08  8.40197431e-02 
 4.58000000e-08  8.64900186e-02 
 4.58200000e-08  8.89440808e-02 
 4.58400000e-08  9.13815310e-02 
 4.58600000e-08  9.38019777e-02 
 4.58800000e-08  9.62050366e-02 
 4.59000000e-08  9.85903310e-02 
 4.59200000e-08  1.00957491e-01 
 4.59400000e-08  1.03306155e-01 
 4.59600000e-08  1.05635968e-01 
 4.59800000e-08  1.07946582e-01 
 4.60000000e-08  1.10237656e-01 
 4.60200000e-08  1.12508857e-01 
 4.60400000e-08  1.14759858e-01 
 4.60600000e-08  1.16990340e-01 
 4.60800000e-08  1.19199990e-01 
 4.61000000e-08  1.21388503e-01 
 4.61200000e-08  1.23555578e-01 
 4.61400000e-08  1.25700923e-01 
 4.61600000e-08  1.27824252e-01 
 4.61800000e-08  1.29925285e-01 
 4.62000000e-08  1.32003748e-01 
 4.62200000e-08  1.34059374e-01 
 4.62400000e-08  1.36091902e-01 
 4.62600000e-08  1.38101075e-01 
 4.62800000e-08  1.40086644e-01 
 4.63000000e-08  1.42048365e-01 
 4.63200000e-08  1.43985999e-01 
 4.63400000e-08  1.45899313e-01 
 4.63600000e-08  1.47788079e-01 
 4.63800000e-08  1.49652075e-01 
 4.64000000e-08  1.51491083e-01 
 4.64200000e-08  1.53304890e-01 
 4.64400000e-08  1.55093290e-01 
 4.64600000e-08  1.56856078e-01 
 4.64800000e-08  1.58593058e-01 
 4.65000000e-08  1.60304035e-01 
 4.65200000e-08  1.61988820e-01 
 4.65400000e-08  1.63647229e-01 
 4.65600000e-08  1.65279082e-01 
 4.65800000e-08  1.66884201e-01 
 4.66000000e-08  1.68462416e-01 
 4.66200000e-08  1.70013557e-01 
 4.66400000e-08  1.71537462e-01 
 4.66600000e-08  1.73033970e-01 
 4.66800000e-08  1.74502925e-01 
 4.67000000e-08  1.75944175e-01 
 4.67200000e-08  1.77357570e-01 
 4.67400000e-08  1.78742966e-01 
 4.67600000e-08  1.80100221e-01 
 4.67800000e-08  1.81429197e-01 
 4.68000000e-08  1.82729760e-01 
 4.68200000e-08  1.84001778e-01 
 4.68400000e-08  1.85245124e-01 
 4.68600000e-08  1.86459674e-01 
 4.68800000e-08  1.87645307e-01 
 4.69000000e-08  1.88801904e-01 
 4.69200000e-08  1.89929352e-01 
 4.69400000e-08  1.91027538e-01 
 4.69600000e-08  1.92096356e-01 
 4.69800000e-08  1.93135700e-01 
 4.70000000e-08  1.94145468e-01 
 4.70200000e-08  1.95125561e-01 
 4.70400000e-08  1.96075883e-01 
 4.70600000e-08  1.96996342e-01 
 4.70800000e-08  1.97886849e-01 
 4.71000000e-08  1.98747316e-01 
 4.71200000e-08  1.99577659e-01 
 4.71400000e-08  2.00377799e-01 
 4.71600000e-08  2.01147657e-01 
 4.71800000e-08  2.01887159e-01 
 4.72000000e-08  2.02596232e-01 
 4.72200000e-08  2.03274808e-01 
 4.72400000e-08  2.03922821e-01 
 4.72600000e-08  2.04540207e-01 
 4.72800000e-08  2.05126906e-01 
 4.73000000e-08  2.05682862e-01 
 4.73200000e-08  2.06208019e-01 
 4.73400000e-08  2.06702326e-01 
 4.73600000e-08  2.07165735e-01 
 4.73800000e-08  2.07598198e-01 
 4.74000000e-08  2.07999675e-01 
 4.74200000e-08  2.08370124e-01 
 4.74400000e-08  2.08709508e-01 
 4.74600000e-08  2.09017793e-01 
 4.74800000e-08  2.09294948e-01 
 4.75000000e-08  2.09540944e-01 
 4.75200000e-08  2.09755754e-01 
 4.75400000e-08  2.09939358e-01 
 4.75600000e-08  2.10091733e-01 
 4.75800000e-08  2.10212864e-01 
 4.76000000e-08  2.10302737e-01 
 4.76200000e-08  2.10361338e-01 
 4.76400000e-08  2.10388662e-01 
 4.76600000e-08  2.10384701e-01 
 4.76800000e-08  2.10349453e-01 
 4.77000000e-08  2.10282919e-01 
 4.77200000e-08  2.10185102e-01 
 4.77400000e-08  2.10056007e-01 
 4.77600000e-08  2.09895644e-01 
 4.77800000e-08  2.09704024e-01 
 4.78000000e-08  2.09481164e-01 
 4.78200000e-08  2.09227079e-01 
 4.78400000e-08  2.08941792e-01 
 4.78600000e-08  2.08625326e-01 
 4.78800000e-08  2.08277707e-01 
 4.79000000e-08  2.07898965e-01 
 4.79200000e-08  2.07489134e-01 
 4.79400000e-08  2.07048248e-01 
 4.79600000e-08  2.06576346e-01 
 4.79800000e-08  2.06073470e-01 
 4.80000000e-08  2.05539665e-01 
 4.80200000e-08  2.04974979e-01 
 4.80400000e-08  2.04379462e-01 
 4.80600000e-08  2.03753169e-01 
 4.80800000e-08  2.03096156e-01 
 4.81000000e-08  2.02408484e-01 
 4.81200000e-08  2.01690216e-01 
 4.81400000e-08  2.00941418e-01 
 4.81600000e-08  2.00162160e-01 
 4.81800000e-08  1.99352515e-01 
 4.82000000e-08  1.98512559e-01 
 4.82200000e-08  1.97642371e-01 
 4.82400000e-08  1.96742033e-01 
 4.82600000e-08  1.95811632e-01 
 4.82800000e-08  1.94851256e-01 
 4.83000000e-08  1.93860997e-01 
 4.83200000e-08  1.92840952e-01 
 4.83400000e-08  1.91791220e-01 
 4.83600000e-08  1.90711903e-01 
 4.83800000e-08  1.89603107e-01 
 4.84000000e-08  1.88464942e-01 
 4.84200000e-08  1.87297520e-01 
 4.84400000e-08  1.86100958e-01 
 4.84600000e-08  1.84875376e-01 
 4.84800000e-08  1.83620898e-01 
 4.85000000e-08  1.82337651e-01 
 4.85200000e-08  1.81025767e-01 
 4.85400000e-08  1.79685379e-01 
 4.85600000e-08  1.78316628e-01 
 4.85800000e-08  1.76919655e-01 
 4.86000000e-08  1.75494606e-01 
 4.86200000e-08  1.74041632e-01 
 4.86400000e-08  1.72560888e-01 
 4.86600000e-08  1.71052531e-01 
 4.86800000e-08  1.69516723e-01 
 4.87000000e-08  1.67953633e-01 
 4.87200000e-08  1.66363430e-01 
 4.87400000e-08  1.64746290e-01 
 4.87600000e-08  1.63102391e-01 
 4.87800000e-08  1.61431919e-01 
 4.88000000e-08  1.59735061e-01 
 4.88200000e-08  1.58012010e-01 
 4.88400000e-08  1.56262965e-01 
 4.88600000e-08  1.54488126e-01 
 4.88800000e-08  1.52687702e-01 
 4.89000000e-08  1.50861905e-01 
 4.89200000e-08  1.49010950e-01 
 4.89400000e-08  1.47135061e-01 
 4.89600000e-08  1.45234463e-01 
 4.89800000e-08  1.43309390e-01 
 4.90000000e-08  1.41360078e-01 
 4.90200000e-08  1.39386771e-01 
 4.90400000e-08  1.37389717e-01 
 4.90600000e-08  1.35369169e-01 
 4.90800000e-08  1.33325386e-01 
 4.91000000e-08  1.31258635e-01 
 4.91200000e-08  1.29169184e-01 
 4.91400000e-08  1.27057312e-01 
 4.91600000e-08  1.24923301e-01 
 4.91800000e-08  1.22767439e-01 
 4.92000000e-08  1.20590021e-01 
 4.92200000e-08  1.18391348e-01 
 4.92400000e-08  1.16171727e-01 
 4.92600000e-08  1.13931471e-01 
 4.92800000e-08  1.11670901e-01 
 4.93000000e-08  1.09390342e-01 
 4.93200000e-08  1.07090127e-01 
 4.93400000e-08  1.04770595e-01 
 4.93600000e-08  1.02432093e-01 
 4.93800000e-08  1.00074973e-01 
 4.94000000e-08  9.76995942e-02 
 4.94200000e-08  9.53063229e-02 
 4.94400000e-08  9.28955318e-02 
 4.94600000e-08  9.04676005e-02 
 4.94800000e-08  8.80229153e-02 
 4.95000000e-08  8.55618694e-02 
 4.95200000e-08  8.30848629e-02 
 4.95400000e-08  8.05923023e-02 
 4.95600000e-08  7.80846012e-02 
 4.95800000e-08  7.55621797e-02 
 4.96000000e-08  7.30254647e-02 
 4.96200000e-08  7.04748897e-02 
 4.96400000e-08  6.79108946e-02 
 4.96600000e-08  6.53339258e-02 
 4.96800000e-08  6.27444363e-02 
 4.97000000e-08  6.01428850e-02 
 4.97200000e-08  5.75297373e-02 
 4.97400000e-08  5.49054643e-02 
 4.97600000e-08  5.22705433e-02 
 4.97800000e-08  4.96254571e-02 
 4.98000000e-08  4.69706941e-02 
 4.98200000e-08  4.43067483e-02 
 4.98400000e-08  4.16341186e-02 
 4.98600000e-08  3.89533090e-02 
 4.98800000e-08  3.62648285e-02 
 4.99000000e-08  3.35691903e-02 
 4.99200000e-08  3.08669122e-02 
 4.99400000e-08  2.81585159e-02 
 4.99600000e-08  2.54445271e-02 
 4.99800000e-08  2.27254748e-02 
 5.00000000e-08  2.00018914e-02 
 5.00200000e-08  1.72743122e-02 
 5.00400000e-08  1.45432754e-02 
 5.00600000e-08  1.18093212e-02 
 5.00800000e-08  9.07299213e-03 
 5.01000000e-08  6.33483230e-03 
 5.01200000e-08  3.59538730e-03 
 5.01400000e-08  8.55203750e-04 
 5.01600000e-08 -1.88517099e-03 
 5.01800000e-08 -4.62518917e-03 
 5.02000000e-08 -7.36430298e-03 
 5.02200000e-08 -1.01019649e-02 
 5.02400000e-08 -1.28376281e-02 
 5.02600000e-08 -1.55707468e-02 
 5.02800000e-08 -1.83007762e-02 
 5.03000000e-08 -2.10271737e-02 
 5.03200000e-08 -2.37493983e-02 
 5.03400000e-08 -2.64669114e-02 
 5.03600000e-08 -2.91791774e-02 
 5.03800000e-08 -3.18856633e-02 
 5.04000000e-08 -3.45858397e-02 
 5.04200000e-08 -3.72791805e-02 
 5.04400000e-08 -3.99651639e-02 
 5.04600000e-08 -4.26432722e-02 
 5.04800000e-08 -4.53129920e-02 
 5.05000000e-08 -4.79738149e-02 
 5.05200000e-08 -5.06252375e-02 
 5.05400000e-08 -5.32667615e-02 
 5.05600000e-08 -5.58978943e-02 
 5.05800000e-08 -5.85181490e-02 
 5.06000000e-08 -6.11270445e-02 
 5.06200000e-08 -6.37241061e-02 
 5.06400000e-08 -6.63088652e-02 
 5.06600000e-08 -6.88808596e-02 
 5.06800000e-08 -7.14396339e-02 
 5.07000000e-08 -7.39847395e-02 
 5.07200000e-08 -7.65157344e-02 
 5.07400000e-08 -7.90321840e-02 
 5.07600000e-08 -8.15336604e-02 
 5.07800000e-08 -8.40197431e-02 
 5.08000000e-08 -8.64900186e-02 
 5.08200000e-08 -8.89440808e-02 
 5.08400000e-08 -9.13815310e-02 
 5.08600000e-08 -9.38019777e-02 
 5.08800000e-08 -9.62050366e-02 
 5.09000000e-08 -9.85903310e-02 
 5.09200000e-08 -1.00957491e-01 
 5.09400000e-08 -1.03306155e-01 
 5.09600000e-08 -1.05635968e-01 
 5.09800000e-08 -1.07946582e-01 
 5.10000000e-08 -1.10237656e-01 
 5.10200000e-08 -1.12508857e-01 
 5.10400000e-08 -1.14759858e-01 
 5.10600000e-08 -1.16990340e-01 
 5.10800000e-08 -1.19199990e-01 
 5.11000000e-08 -1.21388503e-01 
 5.11200000e-08 -1.23555578e-01 
 5.11400000e-08 -1.25700923e-01 
 5.11600000e-08 -1.27824252e-01 
 5.11800000e-08 -1.29925285e-01 
 5.12000000e-08 -1.32003748e-01 
 5.12200000e-08 -1.34059374e-01 
 5.12400000e-08 -1.36091902e-01 
 5.12600000e-08 -1.38101075e-01 
 5.12800000e-08 -1.40086644e-01 
 5.13000000e-08 -1.42048365e-01 
 5.13200000e-08 -1.43985999e-01 
 5.13400000e-08 -1.45899313e-01 
 5.13600000e-08 -1.47788079e-01 
 5.13800000e-08 -1.49652075e-01 
 5.14000000e-08 -1.51491083e-01 
 5.14200000e-08 -1.53304890e-01 
 5.14400000e-08 -1.55093290e-01 
 5.14600000e-08 -1.56856078e-01 
 5.14800000e-08 -1.58593058e-01 
 5.15000000e-08 -1.60304035e-01 
 5.15200000e-08 -1.61988820e-01 
 5.15400000e-08 -1.63647229e-01 
 5.15600000e-08 -1.65279082e-01 
 5.15800000e-08 -1.66884201e-01 
 5.16000000e-08 -1.68462416e-01 
 5.16200000e-08 -1.70013557e-01 
 5.16400000e-08 -1.71537462e-01 
 5.16600000e-08 -1.73033970e-01 
 5.16800000e-08 -1.74502925e-01 
 5.17000000e-08 -1.75944175e-01 
 5.17200000e-08 -1.77357570e-01 
 5.17400000e-08 -1.78742966e-01 
 5.17600000e-08 -1.80100221e-01 
 5.17800000e-08 -1.81429197e-01 
 5.18000000e-08 -1.82729760e-01 
 5.18200000e-08 -1.84001778e-01 
 5.18400000e-08 -1.85245124e-01 
 5.18600000e-08 -1.86459674e-01 
 5.18800000e-08 -1.87645307e-01 
 5.19000000e-08 -1.88801904e-01 
 5.19200000e-08 -1.89929352e-01 
 5.19400000e-08 -1.91027538e-01 
 5.19600000e-08 -1.92096356e-01 
 5.19800000e-08 -1.93135700e-01 
 5.20000000e-08 -1.94145468e-01 
 5.20200000e-08 -1.95125561e-01 
 5.20400000e-08 -1.96075883e-01 
 5.20600000e-08 -1.96996342e-01 
 5.20800000e-08 -1.97886849e-01 
 5.21000000e-08 -1.98747316e-01 
 5.21200000e-08 -1.99577659e-01 
 5.21400000e-08 -2.00377799e-01 
 5.21600000e-08 -2.01147657e-01 
 5.21800000e-08 -2.01887159e-01 
 5.22000000e-08 -2.02596232e-01 
 5.22200000e-08 -2.03274808e-01 
 5.22400000e-08 -2.03922821e-01 
 5.22600000e-08 -2.04540207e-01 
 5.22800000e-08 -2.05126906e-01 
 5.23000000e-08 -2.05682862e-01 
 5.23200000e-08 -2.06208019e-01 
 5.23400000e-08 -2.06702326e-01 
 5.23600000e-08 -2.07165735e-01 
 5.23800000e-08 -2.07598198e-01 
 5.24000000e-08 -2.07999675e-01 
 5.24200000e-08 -2.08370124e-01 
 5.24400000e-08 -2.08709508e-01 
 5.24600000e-08 -2.09017793e-01 
 5.24800000e-08 -2.09294948e-01 
 5.25000000e-08 -2.09540944e-01 
 5.25200000e-08 -2.09755754e-01 
 5.25400000e-08 -2.09939358e-01 
 5.25600000e-08 -2.10091733e-01 
 5.25800000e-08 -2.10212864e-01 
 5.26000000e-08 -2.10302737e-01 
 5.26200000e-08 -2.10361338e-01 
 5.26400000e-08 -2.10388662e-01 
 5.26600000e-08 -2.10384701e-01 
 5.26800000e-08 -2.10349453e-01 
 5.27000000e-08 -2.10282919e-01 
 5.27200000e-08 -2.10185102e-01 
 5.27400000e-08 -2.10056007e-01 
 5.27600000e-08 -2.09895644e-01 
 5.27800000e-08 -2.09704024e-01 
 5.28000000e-08 -2.09481164e-01 
 5.28200000e-08 -2.09227079e-01 
 5.28400000e-08 -2.08941792e-01 
 5.28600000e-08 -2.08625326e-01 
 5.28800000e-08 -2.08277707e-01 
 5.29000000e-08 -2.07898965e-01 
 5.29200000e-08 -2.07489134e-01 
 5.29400000e-08 -2.07048248e-01 
 5.29600000e-08 -2.06576346e-01 
 5.29800000e-08 -2.06073470e-01 
 5.30000000e-08 -2.05539665e-01 
 5.30200000e-08 -2.04974979e-01 
 5.30400000e-08 -2.04379462e-01 
 5.30600000e-08 -2.03753169e-01 
 5.30800000e-08 -2.03096156e-01 
 5.31000000e-08 -2.02408484e-01 
 5.31200000e-08 -2.01690216e-01 
 5.31400000e-08 -2.00941418e-01 
 5.31600000e-08 -2.00162160e-01 
 5.31800000e-08 -1.99352515e-01 
 5.32000000e-08 -1.98512559e-01 
 5.32200000e-08 -1.97642371e-01 
 5.32400000e-08 -1.96742033e-01 
 5.32600000e-08 -1.95811632e-01 
 5.32800000e-08 -1.94851256e-01 
 5.33000000e-08 -1.93860997e-01 
 5.33200000e-08 -1.92840952e-01 
 5.33400000e-08 -1.91791220e-01 
 5.33600000e-08 -1.90711903e-01 
 5.33800000e-08 -1.89603107e-01 
 5.34000000e-08 -1.88464942e-01 
 5.34200000e-08 -1.87297520e-01 
 5.34400000e-08 -1.86100958e-01 
 5.34600000e-08 -1.84875376e-01 
 5.34800000e-08 -1.83620898e-01 
 5.35000000e-08 -1.82337651e-01 
 5.35200000e-08 -1.81025767e-01 
 5.35400000e-08 -1.79685379e-01 
 5.35600000e-08 -1.78316628e-01 
 5.35800000e-08 -1.76919655e-01 
 5.36000000e-08 -1.75494606e-01 
 5.36200000e-08 -1.74041632e-01 
 5.36400000e-08 -1.72560888e-01 
 5.36600000e-08 -1.71052531e-01 
 5.36800000e-08 -1.69516723e-01 
 5.37000000e-08 -1.67953633e-01 
 5.37200000e-08 -1.66363430e-01 
 5.37400000e-08 -1.64746290e-01 
 5.37600000e-08 -1.63102391e-01 
 5.37800000e-08 -1.61431919e-01 
 5.38000000e-08 -1.59735061e-01 
 5.38200000e-08 -1.58012010e-01 
 5.38400000e-08 -1.56262965e-01 
 5.38600000e-08 -1.54488126e-01 
 5.38800000e-08 -1.52687702e-01 
 5.39000000e-08 -1.50861905e-01 
 5.39200000e-08 -1.49010950e-01 
 5.39400000e-08 -1.47135061e-01 
 5.39600000e-08 -1.45234463e-01 
 5.39800000e-08 -1.43309390e-01 
 5.40000000e-08 -1.41360078e-01 
 5.40200000e-08 -1.39386771e-01 
 5.40400000e-08 -1.37389717e-01 
 5.40600000e-08 -1.35369169e-01 
 5.40800000e-08 -1.33325386e-01 
 5.41000000e-08 -1.31258635e-01 
 5.41200000e-08 -1.29169184e-01 
 5.41400000e-08 -1.27057312e-01 
 5.41600000e-08 -1.24923301e-01 
 5.41800000e-08 -1.22767439e-01 
 5.42000000e-08 -1.20590021e-01 
 5.42200000e-08 -1.18391348e-01 
 5.42400000e-08 -1.16171727e-01 
 5.42600000e-08 -1.13931471e-01 
 5.42800000e-08 -1.11670901e-01 
 5.43000000e-08 -1.09390342e-01 
 5.43200000e-08 -1.07090127e-01 
 5.43400000e-08 -1.04770595e-01 
 5.43600000e-08 -1.02432093e-01 
 5.43800000e-08 -1.00074973e-01 
 5.44000000e-08 -9.76995942e-02 
 5.44200000e-08 -9.53063229e-02 
 5.44400000e-08 -9.28955318e-02 
 5.44600000e-08 -9.04676005e-02 
 5.44800000e-08 -8.80229153e-02 
 5.45000000e-08 -8.55618694e-02 
 5.45200000e-08 -8.30848629e-02 
 5.45400000e-08 -8.05923023e-02 
 5.45600000e-08 -7.80846012e-02 
 5.45800000e-08 -7.55621797e-02 
 5.46000000e-08 -7.30254647e-02 
 5.46200000e-08 -7.04748897e-02 
 5.46400000e-08 -6.79108946e-02 
 5.46600000e-08 -6.53339258e-02 
 5.46800000e-08 -6.27444363e-02 
 5.47000000e-08 -6.01428850e-02 
 5.47200000e-08 -5.75297373e-02 
 5.47400000e-08 -5.49054643e-02 
 5.47600000e-08 -5.22705433e-02 
 5.47800000e-08 -4.96254571e-02 
 5.48000000e-08 -4.69706941e-02 
 5.48200000e-08 -4.43067483e-02 
 5.48400000e-08 -4.16341186e-02 
 5.48600000e-08 -3.89533090e-02 
 5.48800000e-08 -3.62648285e-02 
 5.49000000e-08 -3.35691903e-02 
 5.49200000e-08 -3.08669122e-02 
 5.49400000e-08 -2.81585159e-02 
 5.49600000e-08 -2.54445271e-02 
 5.49800000e-08 -2.27254748e-02 
 5.50000000e-08 -2.00018914e-02 
 5.50200000e-08 -1.72743122e-02 
 5.50400000e-08 -1.45432754e-02 
 5.50600000e-08 -1.18093212e-02 
 5.50800000e-08 -9.07299213e-03 
 5.51000000e-08 -6.33483230e-03 
 5.51200000e-08 -3.59538730e-03 
 5.51400000e-08 -8.55203750e-04 
 5.51600000e-08  1.88517099e-03 
 5.51800000e-08  4.62518917e-03 
 5.52000000e-08  7.36430298e-03 
 5.52200000e-08  1.01019649e-02 
 5.52400000e-08  1.28376281e-02 
 5.52600000e-08  1.55707468e-02 
 5.52800000e-08  1.83007762e-02 
 5.53000000e-08  2.10271737e-02 
 5.53200000e-08  2.37493983e-02 
 5.53400000e-08  2.64669114e-02 
 5.53600000e-08  2.91791774e-02 
 5.53800000e-08  3.18856633e-02 
 5.54000000e-08  3.45858397e-02 
 5.54200000e-08  3.72791805e-02 
 5.54400000e-08  3.99651639e-02 
 5.54600000e-08  4.26432722e-02 
 5.54800000e-08  4.53129920e-02 
 5.55000000e-08  4.79738149e-02 
 5.55200000e-08  5.06252375e-02 
 5.55400000e-08  5.32667615e-02 
 5.55600000e-08  5.58978943e-02 
 5.55800000e-08  5.85181490e-02 
 5.56000000e-08  6.11270445e-02 
 5.56200000e-08  6.37241061e-02 
 5.56400000e-08  6.63088652e-02 
 5.56600000e-08  6.88808596e-02 
 5.56800000e-08  7.14396339e-02 
 5.57000000e-08  7.39847395e-02 
 5.57200000e-08  7.65157344e-02 
 5.57400000e-08  7.90321840e-02 
 5.57600000e-08  8.15336604e-02 
 5.57800000e-08  8.40197431e-02 
 5.58000000e-08  8.64900186e-02 
 5.58200000e-08  8.89440808e-02 
 5.58400000e-08  9.13815310e-02 
 5.58600000e-08  9.38019777e-02 
 5.58800000e-08  9.62050366e-02 
 5.59000000e-08  9.85903310e-02 
 5.59200000e-08  1.00957491e-01 
 5.59400000e-08  1.03306155e-01 
 5.59600000e-08  1.05635968e-01 
 5.59800000e-08  1.07946582e-01 
 5.60000000e-08  1.10237656e-01 
 5.60200000e-08  1.12508857e-01 
 5.60400000e-08  1.14759858e-01 
 5.60600000e-08  1.16990340e-01 
 5.60800000e-08  1.19199990e-01 
 5.61000000e-08  1.21388503e-01 
 5.61200000e-08  1.23555578e-01 
 5.61400000e-08  1.25700923e-01 
 5.61600000e-08  1.27824252e-01 
 5.61800000e-08  1.29925285e-01 
 5.62000000e-08  1.32003748e-01 
 5.62200000e-08  1.34059374e-01 
 5.62400000e-08  1.36091902e-01 
 5.62600000e-08  1.38101075e-01 
 5.62800000e-08  1.40086644e-01 
 5.63000000e-08  1.42048365e-01 
 5.63200000e-08  1.43985999e-01 
 5.63400000e-08  1.45899313e-01 
 5.63600000e-08  1.47788079e-01 
 5.63800000e-08  1.49652075e-01 
 5.64000000e-08  1.51491083e-01 
 5.64200000e-08  1.53304890e-01 
 5.64400000e-08  1.55093290e-01 
 5.64600000e-08  1.56856078e-01 
 5.64800000e-08  1.58593058e-01 
 5.65000000e-08  1.60304035e-01 
 5.65200000e-08  1.61988820e-01 
 5.65400000e-08  1.63647229e-01 
 5.65600000e-08  1.65279082e-01 
 5.65800000e-08  1.66884201e-01 
 5.66000000e-08  1.68462416e-01 
 5.66200000e-08  1.70013557e-01 
 5.66400000e-08  1.71537462e-01 
 5.66600000e-08  1.73033970e-01 
 5.66800000e-08  1.74502925e-01 
 5.67000000e-08  1.75944175e-01 
 5.67200000e-08  1.77357570e-01 
 5.67400000e-08  1.78742966e-01 
 5.67600000e-08  1.80100221e-01 
 5.67800000e-08  1.81429197e-01 
 5.68000000e-08  1.82729760e-01 
 5.68200000e-08  1.84001778e-01 
 5.68400000e-08  1.85245124e-01 
 5.68600000e-08  1.86459674e-01 
 5.68800000e-08  1.87645307e-01 
 5.69000000e-08  1.88801904e-01 
 5.69200000e-08  1.89929352e-01 
 5.69400000e-08  1.91027538e-01 
 5.69600000e-08  1.92096356e-01 
 5.69800000e-08  1.93135700e-01 
 5.70000000e-08  1.94145468e-01 
 5.70200000e-08  1.95125561e-01 
 5.70400000e-08  1.96075883e-01 
 5.70600000e-08  1.96996342e-01 
 5.70800000e-08  1.97886849e-01 
 5.71000000e-08  1.98747316e-01 
 5.71200000e-08  1.99577659e-01 
 5.71400000e-08  2.00377799e-01 
 5.71600000e-08  2.01147657e-01 
 5.71800000e-08  2.01887159e-01 
 5.72000000e-08  2.02596232e-01 
 5.72200000e-08  2.03274808e-01 
 5.72400000e-08  2.03922821e-01 
 5.72600000e-08  2.04540207e-01 
 5.72800000e-08  2.05126906e-01 
 5.73000000e-08  2.05682862e-01 
 5.73200000e-08  2.06208019e-01 
 5.73400000e-08  2.06702326e-01 
 5.73600000e-08  2.07165735e-01 
 5.73800000e-08  2.07598198e-01 
 5.74000000e-08  2.07999675e-01 
 5.74200000e-08  2.08370124e-01 
 5.74400000e-08  2.08709508e-01 
 5.74600000e-08  2.09017793e-01 
 5.74800000e-08  2.09294948e-01 
 5.75000000e-08  2.09540944e-01 
 5.75200000e-08  2.09755754e-01 
 5.75400000e-08  2.09939358e-01 
 5.75600000e-08  2.10091733e-01 
 5.75800000e-08  2.10212864e-01 
 5.76000000e-08  2.10302737e-01 
 5.76200000e-08  2.10361338e-01 
 5.76400000e-08  2.10388662e-01 
 5.76600000e-08  2.10384701e-01 
 5.76800000e-08  2.10349453e-01 
 5.77000000e-08  2.10282919e-01 
 5.77200000e-08  2.10185102e-01 
 5.77400000e-08  2.10056007e-01 
 5.77600000e-08  2.09895644e-01 
 5.77800000e-08  2.09704024e-01 
 5.78000000e-08  2.09481164e-01 
 5.78200000e-08  2.09227079e-01 
 5.78400000e-08  2.08941792e-01 
 5.78600000e-08  2.08625326e-01 
 5.78800000e-08  2.08277707e-01 
 5.79000000e-08  2.07898965e-01 
 5.79200000e-08  2.07489134e-01 
 5.79400000e-08  2.07048248e-01 
 5.79600000e-08  2.06576346e-01 
 5.79800000e-08  2.06073470e-01 
 5.80000000e-08  2.05539665e-01 
 5.80200000e-08  2.04974979e-01 
 5.80400000e-08  2.04379462e-01 
 5.80600000e-08  2.03753169e-01 
 5.80800000e-08  2.03096156e-01 
 5.81000000e-08  2.02408484e-01 
 5.81200000e-08  2.01690216e-01 
 5.81400000e-08  2.00941418e-01 
 5.81600000e-08  2.00162160e-01 
 5.81800000e-08  1.99352515e-01 
 5.82000000e-08  1.98512559e-01 
 5.82200000e-08  1.97642371e-01 
 5.82400000e-08  1.96742033e-01 
 5.82600000e-08  1.95811632e-01 
 5.82800000e-08  1.94851256e-01 
 5.83000000e-08  1.93860997e-01 
 5.83200000e-08  1.92840952e-01 
 5.83400000e-08  1.91791220e-01 
 5.83600000e-08  1.90711903e-01 
 5.83800000e-08  1.89603107e-01 
 5.84000000e-08  1.88464942e-01 
 5.84200000e-08  1.87297520e-01 
 5.84400000e-08  1.86100958e-01 
 5.84600000e-08  1.84875376e-01 
 5.84800000e-08  1.83620898e-01 
 5.85000000e-08  1.82337651e-01 
 5.85200000e-08  1.81025767e-01 
 5.85400000e-08  1.79685379e-01 
 5.85600000e-08  1.78316628e-01 
 5.85800000e-08  1.76919655e-01 
 5.86000000e-08  1.75494606e-01 
 5.86200000e-08  1.74041632e-01 
 5.86400000e-08  1.72560888e-01 
 5.86600000e-08  1.71052531e-01 
 5.86800000e-08  1.69516723e-01 
 5.87000000e-08  1.67953633e-01 
 5.87200000e-08  1.66363430e-01 
 5.87400000e-08  1.64746290e-01 
 5.87600000e-08  1.63102391e-01 
 5.87800000e-08  1.61431919e-01 
 5.88000000e-08  1.59735061e-01 
 5.88200000e-08  1.58012010e-01 
 5.88400000e-08  1.56262965e-01 
 5.88600000e-08  1.54488126e-01 
 5.88800000e-08  1.52687702e-01 
 5.89000000e-08  1.50861905e-01 
 5.89200000e-08  1.49010950e-01 
 5.89400000e-08  1.47135061e-01 
 5.89600000e-08  1.45234463e-01 
 5.89800000e-08  1.43309390e-01 
 5.90000000e-08  1.41360078e-01 
 5.90200000e-08  1.39386771e-01 
 5.90400000e-08  1.37389717e-01 
 5.90600000e-08  1.35369169e-01 
 5.90800000e-08  1.33325386e-01 
 5.91000000e-08  1.31258635e-01 
 5.91200000e-08  1.29169184e-01 
 5.91400000e-08  1.27057312e-01 
 5.91600000e-08  1.24923301e-01 
 5.91800000e-08  1.22767439e-01 
 5.92000000e-08  1.20590021e-01 
 5.92200000e-08  1.18391348e-01 
 5.92400000e-08  1.16171727e-01 
 5.92600000e-08  1.13931471e-01 
 5.92800000e-08  1.11670901e-01 
 5.93000000e-08  1.09390342e-01 
 5.93200000e-08  1.07090127e-01 
 5.93400000e-08  1.04770595e-01 
 5.93600000e-08  1.02432093e-01 
 5.93800000e-08  1.00074973e-01 
 5.94000000e-08  9.76995942e-02 
 5.94200000e-08  9.53063229e-02 
 5.94400000e-08  9.28955318e-02 
 5.94600000e-08  9.04676005e-02 
 5.94800000e-08  8.80229153e-02 
 5.95000000e-08  8.55618694e-02 
 5.95200000e-08  8.30848629e-02 
 5.95400000e-08  8.05923023e-02 
 5.95600000e-08  7.80846012e-02 
 5.95800000e-08  7.55621797e-02 
 5.96000000e-08  7.30254647e-02 
 5.96200000e-08  7.04748897e-02 
 5.96400000e-08  6.79108946e-02 
 5.96600000e-08  6.53339258e-02 
 5.96800000e-08  6.27444363e-02 
 5.97000000e-08  6.01428850e-02 
 5.97200000e-08  5.75297373e-02 
 5.97400000e-08  5.49054643e-02 
 5.97600000e-08  5.22705433e-02 
 5.97800000e-08  4.96254571e-02 
 5.98000000e-08  4.69706941e-02 
 5.98200000e-08  4.43067483e-02 
 5.98400000e-08  4.16341186e-02 
 5.98600000e-08  3.89533090e-02 
 5.98800000e-08  3.62648285e-02 
 5.99000000e-08  3.35691903e-02 
 5.99200000e-08  3.08669122e-02 
 5.99400000e-08  2.81585159e-02 
 5.99600000e-08  2.54445271e-02 
 5.99800000e-08  2.27254748e-02 
 6.00000000e-08  2.00022862e-02 
