 0.00000000e+00  0.00000000e+00 
 2.00000000e-11 -7.67697263e-05 
 4.00000000e-11 -3.64303327e-04 
 6.00000000e-11 -7.74500941e-04 
 8.00000000e-11 -1.26353239e-03 
 1.00000000e-10 -1.79715555e-03 
 1.20000000e-10 -2.35558780e-03 
 1.40000000e-10 -2.92740775e-03 
 1.60000000e-10 -3.50602216e-03 
 1.80000000e-10 -4.08762969e-03 
 2.00000000e-10 -4.67003698e-03 
 2.20000000e-10 -5.25198072e-03 
 2.40000000e-10 -5.83272941e-03 
 2.60000000e-10 -6.41185964e-03 
 2.80000000e-10 -6.98912058e-03 
 3.00000000e-10 -7.56436206e-03 
 3.20000000e-10 -8.13748694e-03 
 3.40000000e-10 -8.70842989e-03 
 3.60000000e-10 -9.27713917e-03 
 3.80000000e-10 -9.84357226e-03 
 4.00000000e-10 -1.04076875e-02 
 4.20000000e-10 -1.09694451e-02 
 4.40000000e-10 -1.15288026e-02 
 4.60000000e-10 -1.20857173e-02 
 4.80000000e-10 -1.26401424e-02 
 5.00000000e-10 -1.31920309e-02 
 5.20000000e-10 -1.37413319e-02 
 5.40000000e-10 -1.42879938e-02 
 5.60000000e-10 -1.48319617e-02 
 5.80000000e-10 -1.53731805e-02 
 6.00000000e-10 -1.59115916e-02 
 6.20000000e-10 -1.64471368e-02 
 6.40000000e-10 -1.69797546e-02 
 6.60000000e-10 -1.75093842e-02 
 6.80000000e-10 -1.80359619e-02 
 7.00000000e-10 -1.85594247e-02 
 7.20000000e-10 -1.90797072e-02 
 7.40000000e-10 -1.95967445e-02 
 7.60000000e-10 -2.01104700e-02 
 7.80000000e-10 -2.06208176e-02 
 8.00000000e-10 -2.11277195e-02 
 8.20000000e-10 -2.16311089e-02 
 8.40000000e-10 -2.21309171e-02 
 8.60000000e-10 -2.26270769e-02 
 8.80000000e-10 -2.31195192e-02 
 9.00000000e-10 -2.36081764e-02 
 9.20000000e-10 -2.40929793e-02 
 9.40000000e-10 -2.45738602e-02 
 9.60000000e-10 -2.50507501e-02 
 9.80000000e-10 -2.55235815e-02 
 1.00000000e-09 -2.59922855e-02 
 1.02000000e-09 -2.64567950e-02 
 1.04000000e-09 -2.69170417e-02 
 1.06000000e-09 -2.73729589e-02 
 1.08000000e-09 -2.78244791e-02 
 1.10000000e-09 -2.82715362e-02 
 1.12000000e-09 -2.87140632e-02 
 1.14000000e-09 -2.91519953e-02 
 1.16000000e-09 -2.95852662e-02 
 1.18000000e-09 -3.00138119e-02 
 1.20000000e-09 -3.04375674e-02 
 1.22000000e-09 -3.08564696e-02 
 1.24000000e-09 -3.12704546e-02 
 1.26000000e-09 -3.16794606e-02 
 1.28000000e-09 -3.20834248e-02 
 1.30000000e-09 -3.24822866e-02 
 1.32000000e-09 -3.28759848e-02 
 1.34000000e-09 -3.32644598e-02 
 1.36000000e-09 -3.36476520e-02 
 1.38000000e-09 -3.40255033e-02 
 1.40000000e-09 -3.43979552e-02 
 1.42000000e-09 -3.47649514e-02 
 1.44000000e-09 -3.51264350e-02 
 1.46000000e-09 -3.54823510e-02 
 1.48000000e-09 -3.58326441e-02 
 1.50000000e-09 -3.61772611e-02 
 1.52000000e-09 -3.65161482e-02 
 1.54000000e-09 -3.68492540e-02 
 1.56000000e-09 -3.71765263e-02 
 1.58000000e-09 -3.74979154e-02 
 1.60000000e-09 -3.78133710e-02 
 1.62000000e-09 -3.81228449e-02 
 1.64000000e-09 -3.84262887e-02 
 1.66000000e-09 -3.87236562e-02 
 1.68000000e-09 -3.90149007e-02 
 1.70000000e-09 -3.92999777e-02 
 1.72000000e-09 -3.95788426e-02 
 1.74000000e-09 -3.98514526e-02 
 1.76000000e-09 -4.01177651e-02 
 1.78000000e-09 -4.03777393e-02 
 1.80000000e-09 -4.06313344e-02 
 1.82000000e-09 -4.08785116e-02 
 1.84000000e-09 -4.11192320e-02 
 1.86000000e-09 -4.13534588e-02 
 1.88000000e-09 -4.15811553e-02 
 1.90000000e-09 -4.18022865e-02 
 1.92000000e-09 -4.20168178e-02 
 1.94000000e-09 -4.22247162e-02 
 1.96000000e-09 -4.24259490e-02 
 1.98000000e-09 -4.26204856e-02 
 2.00000000e-09 -4.28082952e-02 
 2.02000000e-09 -4.29893491e-02 
 2.04000000e-09 -4.31636188e-02 
 2.06000000e-09 -4.33310778e-02 
 2.08000000e-09 -4.34916994e-02 
 2.10000000e-09 -4.36454594e-02 
 2.12000000e-09 -4.37923333e-02 
 2.14000000e-09 -4.39322988e-02 
 2.16000000e-09 -4.40653337e-02 
 2.18000000e-09 -4.41914178e-02 
 2.20000000e-09 -4.43105312e-02 
 2.22000000e-09 -4.44226557e-02 
 2.24000000e-09 -4.45277735e-02 
 2.26000000e-09 -4.46258688e-02 
 2.28000000e-09 -4.47169258e-02 
 2.30000000e-09 -4.48009310e-02 
 2.32000000e-09 -4.48778707e-02 
 2.34000000e-09 -4.49477336e-02 
 2.36000000e-09 -4.50105083e-02 
 2.38000000e-09 -4.50661856e-02 
 2.40000000e-09 -4.51147563e-02 
 2.42000000e-09 -4.51562134e-02 
 2.44000000e-09 -4.51905500e-02 
 2.46000000e-09 -4.52177613e-02 
 2.48000000e-09 -4.52378425e-02 
 2.50000000e-09 -4.52507911e-02 
 2.52000000e-09 -4.52566046e-02 
 2.54000000e-09 -4.52552825e-02 
 2.56000000e-09 -4.52468247e-02 
 2.58000000e-09 -4.52312329e-02 
 2.60000000e-09 -4.52085091e-02 
 2.62000000e-09 -4.51786573e-02 
 2.64000000e-09 -4.51416817e-02 
 2.66000000e-09 -4.50975886e-02 
 2.68000000e-09 -4.50463844e-02 
 2.70000000e-09 -4.49880774e-02 
 2.72000000e-09 -4.49226765e-02 
 2.74000000e-09 -4.48501921e-02 
 2.76000000e-09 -4.47706352e-02 
 2.78000000e-09 -4.46840186e-02 
 2.80000000e-09 -4.45903553e-02 
 2.82000000e-09 -4.44896604e-02 
 2.84000000e-09 -4.43819492e-02 
 2.86000000e-09 -4.42672389e-02 
 2.88000000e-09 -4.41455469e-02 
 2.90000000e-09 -4.40168925e-02 
 2.92000000e-09 -4.38812956e-02 
 2.94000000e-09 -4.37387775e-02 
 2.96000000e-09 -4.35893602e-02 
 2.98000000e-09 -4.34330673e-02 
 3.00000000e-09 -4.32699228e-02 
 3.02000000e-09 -4.30999525e-02 
 3.04000000e-09 -4.29231826e-02 
 3.06000000e-09 -4.27396410e-02 
 3.08000000e-09 -4.25493560e-02 
 3.10000000e-09 -4.23523576e-02 
 3.12000000e-09 -4.21486763e-02 
 3.14000000e-09 -4.19383441e-02 
 3.16000000e-09 -4.17213936e-02 
 3.18000000e-09 -4.14978589e-02 
 3.20000000e-09 -4.12677748e-02 
 3.22000000e-09 -4.10311773e-02 
 3.24000000e-09 -4.07881032e-02 
 3.26000000e-09 -4.05385908e-02 
 3.28000000e-09 -4.02826787e-02 
 3.30000000e-09 -4.00204072e-02 
 3.32000000e-09 -3.97518171e-02 
 3.34000000e-09 -3.94769506e-02 
 3.36000000e-09 -3.91958505e-02 
 3.38000000e-09 -3.89085610e-02 
 3.40000000e-09 -3.86151267e-02 
 3.42000000e-09 -3.83155939e-02 
 3.44000000e-09 -3.80100092e-02 
 3.46000000e-09 -3.76984207e-02 
 3.48000000e-09 -3.73808769e-02 
 3.50000000e-09 -3.70574278e-02 
 3.52000000e-09 -3.67281238e-02 
 3.54000000e-09 -3.63930168e-02 
 3.56000000e-09 -3.60521591e-02 
 3.58000000e-09 -3.57056043e-02 
 3.60000000e-09 -3.53534065e-02 
 3.62000000e-09 -3.49956213e-02 
 3.64000000e-09 -3.46323044e-02 
 3.66000000e-09 -3.42635133e-02 
 3.68000000e-09 -3.38893054e-02 
 3.70000000e-09 -3.35097397e-02 
 3.72000000e-09 -3.31248757e-02 
 3.74000000e-09 -3.27347741e-02 
 3.76000000e-09 -3.23394958e-02 
 3.78000000e-09 -3.19391032e-02 
 3.80000000e-09 -3.15336590e-02 
 3.82000000e-09 -3.11232272e-02 
 3.84000000e-09 -3.07078721e-02 
 3.86000000e-09 -3.02876592e-02 
 3.88000000e-09 -2.98626544e-02 
 3.90000000e-09 -2.94329249e-02 
 3.92000000e-09 -2.89985380e-02 
 3.94000000e-09 -2.85595623e-02 
 3.96000000e-09 -2.81160668e-02 
 3.98000000e-09 -2.76681215e-02 
 4.00000000e-09 -2.72157968e-02 
 4.02000000e-09 -2.67591641e-02 
 4.04000000e-09 -2.62982952e-02 
 4.06000000e-09 -2.58332629e-02 
 4.08000000e-09 -2.53641405e-02 
 4.10000000e-09 -2.48910020e-02 
 4.12000000e-09 -2.44139219e-02 
 4.14000000e-09 -2.39329757e-02 
 4.16000000e-09 -2.34482391e-02 
 4.18000000e-09 -2.29597888e-02 
 4.20000000e-09 -2.24677017e-02 
 4.22000000e-09 -2.19720557e-02 
 4.24000000e-09 -2.14729289e-02 
 4.26000000e-09 -2.09704003e-02 
 4.28000000e-09 -2.04645492e-02 
 4.30000000e-09 -1.99554557e-02 
 4.32000000e-09 -1.94432000e-02 
 4.34000000e-09 -1.89278634e-02 
 4.36000000e-09 -1.84095271e-02 
 4.38000000e-09 -1.78882734e-02 
 4.40000000e-09 -1.73641843e-02 
 4.42000000e-09 -1.68373432e-02 
 4.44000000e-09 -1.63078330e-02 
 4.46000000e-09 -1.57757379e-02 
 4.48000000e-09 -1.52411419e-02 
 4.50000000e-09 -1.47041297e-02 
 4.52000000e-09 -1.41647862e-02 
 4.54000000e-09 -1.36231970e-02 
 4.56000000e-09 -1.30794477e-02 
 4.58000000e-09 -1.25336246e-02 
 4.60000000e-09 -1.19858140e-02 
 4.62000000e-09 -1.14361029e-02 
 4.64000000e-09 -1.08845781e-02 
 4.66000000e-09 -1.03313272e-02 
 4.68000000e-09 -9.77643782e-03 
 4.70000000e-09 -9.21999802e-03 
 4.72000000e-09 -8.66209583e-03 
 4.74000000e-09 -8.10281988e-03 
 4.76000000e-09 -7.54225866e-03 
 4.78000000e-09 -6.98050123e-03 
 4.80000000e-09 -6.41763650e-03 
 4.82000000e-09 -5.85375389e-03 
 4.84000000e-09 -5.28894267e-03 
 4.86000000e-09 -4.72329258e-03 
 4.88000000e-09 -4.15689318e-03 
 4.90000000e-09 -3.58983446e-03 
 4.92000000e-09 -3.02220623e-03 
 4.94000000e-09 -2.45409868e-03 
 4.96000000e-09 -1.88560177e-03 
 4.98000000e-09 -1.31680585e-03 
 5.00000000e-09 -7.47800992e-04 
 5.02000000e-09 -1.78677630e-04 
 5.04000000e-09  3.90474107e-04 
 5.06000000e-09  9.59563772e-04 
 5.08000000e-09  1.52850123e-03 
 5.10000000e-09  2.09719608e-03 
 5.12000000e-09  2.66555825e-03 
 5.14000000e-09  3.23349743e-03 
 5.16000000e-09  3.80092367e-03 
 5.18000000e-09  4.36774682e-03 
 5.20000000e-09  4.93387711e-03 
 5.22000000e-09  5.49922460e-03 
 5.24000000e-09  6.06369977e-03 
 5.26000000e-09  6.62721295e-03 
 5.28000000e-09  7.18967491e-03 
 5.30000000e-09  7.75099634e-03 
 5.32000000e-09  8.31108835e-03 
 5.34000000e-09  8.86986200e-03 
 5.36000000e-09  9.42722886e-03 
 5.38000000e-09  9.98310042e-03 
 5.40000000e-09  1.05373887e-02 
 5.42000000e-09  1.10900057e-02 
 5.44000000e-09  1.16408641e-02 
 5.46000000e-09  1.21898763e-02 
 5.48000000e-09  1.27369555e-02 
 5.50000000e-09  1.32820150e-02 
 5.52000000e-09  1.38249685e-02 
 5.54000000e-09  1.43657299e-02 
 5.56000000e-09  1.49042137e-02 
 5.58000000e-09  1.54403345e-02 
 5.60000000e-09  1.59740075e-02 
 5.62000000e-09  1.65051482e-02 
 5.64000000e-09  1.70336726e-02 
 5.66000000e-09  1.75594970e-02 
 5.68000000e-09  1.80825383e-02 
 5.70000000e-09  1.86027136e-02 
 5.72000000e-09  1.91199407e-02 
 5.74000000e-09  1.96341379e-02 
 5.76000000e-09  2.01452238e-02 
 5.78000000e-09  2.06531177e-02 
 5.80000000e-09  2.11577392e-02 
 5.82000000e-09  2.16590086e-02 
 5.84000000e-09  2.21568469e-02 
 5.86000000e-09  2.26511751e-02 
 5.88000000e-09  2.31419155e-02 
 5.90000000e-09  2.36289904e-02 
 5.92000000e-09  2.41123230e-02 
 5.94000000e-09  2.45918369e-02 
 5.96000000e-09  2.50674566e-02 
 5.98000000e-09  2.55391069e-02 
 6.00000000e-09  2.60067136e-02 
 6.02000000e-09  2.64702028e-02 
 6.04000000e-09  2.69295015e-02 
 6.06000000e-09  2.73845372e-02 
 6.08000000e-09  2.78352384e-02 
 6.10000000e-09  2.82815340e-02 
 6.12000000e-09  2.87233536e-02 
 6.14000000e-09  2.91606277e-02 
 6.16000000e-09  2.95932875e-02 
 6.18000000e-09  3.00212648e-02 
 6.20000000e-09  3.04444924e-02 
 6.22000000e-09  3.08629035e-02 
 6.24000000e-09  3.12764325e-02 
 6.26000000e-09  3.16850142e-02 
 6.28000000e-09  3.20885845e-02 
 6.30000000e-09  3.24870799e-02 
 6.32000000e-09  3.28804377e-02 
 6.34000000e-09  3.32685962e-02 
 6.36000000e-09  3.36514944e-02 
 6.38000000e-09  3.40290722e-02 
 6.40000000e-09  3.44012703e-02 
 6.42000000e-09  3.47680302e-02 
 6.44000000e-09  3.51292945e-02 
 6.46000000e-09  3.54850064e-02 
 6.48000000e-09  3.58351102e-02 
 6.50000000e-09  3.61795508e-02 
 6.52000000e-09  3.65182745e-02 
 6.54000000e-09  3.68512279e-02 
 6.56000000e-09  3.71783590e-02 
 6.58000000e-09  3.74996165e-02 
 6.60000000e-09  3.78149502e-02 
 6.62000000e-09  3.81243104e-02 
 6.64000000e-09  3.84276490e-02 
 6.66000000e-09  3.87249183e-02 
 6.68000000e-09  3.90160719e-02 
 6.70000000e-09  3.93010642e-02 
 6.72000000e-09  3.95798506e-02 
 6.74000000e-09  3.98523874e-02 
 6.76000000e-09  4.01186322e-02 
 6.78000000e-09  4.03785431e-02 
 6.80000000e-09  4.06320798e-02 
 6.82000000e-09  4.08792023e-02 
 6.84000000e-09  4.11198723e-02 
 6.86000000e-09  4.13540521e-02 
 6.88000000e-09  4.15817050e-02 
 6.90000000e-09  4.18027956e-02 
 6.92000000e-09  4.20172893e-02 
 6.94000000e-09  4.22251526e-02 
 6.96000000e-09  4.24263531e-02 
 6.98000000e-09  4.26208593e-02 
 7.00000000e-09  4.28086410e-02 
 7.02000000e-09  4.29896688e-02 
 7.04000000e-09  4.31639144e-02 
 7.06000000e-09  4.33313508e-02 
 7.08000000e-09  4.34919518e-02 
 7.10000000e-09  4.36456922e-02 
 7.12000000e-09  4.37925483e-02 
 7.14000000e-09  4.39324970e-02 
 7.16000000e-09  4.40655165e-02 
 7.18000000e-09  4.41915862e-02 
 7.20000000e-09  4.43106864e-02 
 7.22000000e-09  4.44227984e-02 
 7.24000000e-09  4.45279049e-02 
 7.26000000e-09  4.46259894e-02 
 7.28000000e-09  4.47170367e-02 
 7.30000000e-09  4.48010326e-02 
 7.32000000e-09  4.48779640e-02 
 7.34000000e-09  4.49478189e-02 
 7.36000000e-09  4.50105864e-02 
 7.38000000e-09  4.50662568e-02 
 7.40000000e-09  4.51148214e-02 
 7.42000000e-09  4.51562726e-02 
 7.44000000e-09  4.51906040e-02 
 7.46000000e-09  4.52178102e-02 
 7.48000000e-09  4.52378869e-02 
 7.50000000e-09  4.52508312e-02 
 7.52000000e-09  4.52566408e-02 
 7.54000000e-09  4.52553150e-02 
 7.56000000e-09  4.52468539e-02 
 7.58000000e-09  4.52312589e-02 
 7.60000000e-09  4.52085323e-02 
 7.62000000e-09  4.51786778e-02 
 7.64000000e-09  4.51416999e-02 
 7.66000000e-09  4.50976044e-02 
 7.68000000e-09  4.50463983e-02 
 7.70000000e-09  4.49880893e-02 
 7.72000000e-09  4.49226867e-02 
 7.74000000e-09  4.48502006e-02 
 7.76000000e-09  4.47706424e-02 
 7.78000000e-09  4.46840243e-02 
 7.80000000e-09  4.45903599e-02 
 7.82000000e-09  4.44896637e-02 
 7.84000000e-09  4.43819516e-02 
 7.86000000e-09  4.42672402e-02 
 7.88000000e-09  4.41455474e-02 
 7.90000000e-09  4.40168922e-02 
 7.92000000e-09  4.38812946e-02 
 7.94000000e-09  4.37387758e-02 
 7.96000000e-09  4.35893580e-02 
 7.98000000e-09  4.34330644e-02 
 8.00000000e-09  4.32699195e-02 
 8.02000000e-09  4.30999487e-02 
 8.04000000e-09  4.29231785e-02 
 8.06000000e-09  4.27396365e-02 
 8.08000000e-09  4.25493513e-02 
 8.10000000e-09  4.23523525e-02 
 8.12000000e-09  4.21486710e-02 
 8.14000000e-09  4.19383385e-02 
 8.16000000e-09  4.17213880e-02 
 8.18000000e-09  4.14978531e-02 
 8.20000000e-09  4.12677689e-02 
 8.22000000e-09  4.10311712e-02 
 8.24000000e-09  4.07880971e-02 
 8.26000000e-09  4.05385845e-02 
 8.28000000e-09  4.02826725e-02 
 8.30000000e-09  4.00204009e-02 
 8.32000000e-09  3.97518108e-02 
 8.34000000e-09  3.94769443e-02 
 8.36000000e-09  3.91958442e-02 
 8.38000000e-09  3.89085546e-02 
 8.40000000e-09  3.86151205e-02 
 8.42000000e-09  3.83155877e-02 
 8.44000000e-09  3.80100031e-02 
 8.46000000e-09  3.76984145e-02 
 8.48000000e-09  3.73808708e-02 
 8.50000000e-09  3.70574217e-02 
 8.52000000e-09  3.67281179e-02 
 8.54000000e-09  3.63930109e-02 
 8.56000000e-09  3.60521533e-02 
 8.58000000e-09  3.57055985e-02 
 8.60000000e-09  3.53534009e-02 
 8.62000000e-09  3.49956157e-02 
 8.64000000e-09  3.46322990e-02 
 8.66000000e-09  3.42635078e-02 
 8.68000000e-09  3.38893001e-02 
 8.70000000e-09  3.35097345e-02 
 8.72000000e-09  3.31248707e-02 
 8.74000000e-09  3.27347690e-02 
 8.76000000e-09  3.23394909e-02 
 8.78000000e-09  3.19390983e-02 
 8.80000000e-09  3.15336543e-02 
 8.82000000e-09  3.11232226e-02 
 8.84000000e-09  3.07078676e-02 
 8.86000000e-09  3.02876548e-02 
 8.88000000e-09  2.98626502e-02 
 8.90000000e-09  2.94329207e-02 
 8.92000000e-09  2.89985339e-02 
 8.94000000e-09  2.85595583e-02 
 8.96000000e-09  2.81160630e-02 
 8.98000000e-09  2.76681177e-02 
 9.00000000e-09  2.72157931e-02 
 9.02000000e-09  2.67591604e-02 
 9.04000000e-09  2.62982917e-02 
 9.06000000e-09  2.58332595e-02 
 9.08000000e-09  2.53641372e-02 
 9.10000000e-09  2.48909987e-02 
 9.12000000e-09  2.44139188e-02 
 9.14000000e-09  2.39329727e-02 
 9.16000000e-09  2.34482362e-02 
 9.18000000e-09  2.29597859e-02 
 9.20000000e-09  2.24676989e-02 
 9.22000000e-09  2.19720530e-02 
 9.24000000e-09  2.14729263e-02 
 9.26000000e-09  2.09703978e-02 
 9.28000000e-09  2.04645468e-02 
 9.30000000e-09  1.99554533e-02 
 9.32000000e-09  1.94431978e-02 
 9.34000000e-09  1.89278612e-02 
 9.36000000e-09  1.84095250e-02 
 9.38000000e-09  1.78882713e-02 
 9.40000000e-09  1.73641824e-02 
 9.42000000e-09  1.68373412e-02 
 9.44000000e-09  1.63078312e-02 
 9.46000000e-09  1.57757361e-02 
 9.48000000e-09  1.52411402e-02 
 9.50000000e-09  1.47041280e-02 
 9.52000000e-09  1.41647846e-02 
 9.54000000e-09  1.36231955e-02 
 9.56000000e-09  1.30794463e-02 
 9.58000000e-09  1.25336232e-02 
 9.60000000e-09  1.19858127e-02 
 9.62000000e-09  1.14361015e-02 
 9.64000000e-09  1.08845768e-02 
 9.66000000e-09  1.03313260e-02 
 9.68000000e-09  9.77643672e-03 
 9.70000000e-09  9.21999691e-03 
 9.72000000e-09  8.66209483e-03 
 9.74000000e-09  8.10281888e-03 
 9.76000000e-09  7.54225776e-03 
 9.78000000e-09  6.98050032e-03 
 9.80000000e-09  6.41763568e-03 
 9.82000000e-09  5.85375307e-03 
 9.84000000e-09  5.28894194e-03 
 9.86000000e-09  4.72329185e-03 
 9.88000000e-09  4.15689253e-03 
 9.90000000e-09  3.58983381e-03 
 9.92000000e-09  3.02220566e-03 
 9.94000000e-09  2.45409810e-03 
 9.96000000e-09  1.88560128e-03 
 9.98000000e-09  1.31680535e-03 
 1.00000000e-08  7.47800571e-04 
 1.00200000e-08  1.78677198e-04 
 1.00400000e-08 -3.90474462e-04 
 1.00600000e-08 -9.59564139e-04 
 1.00800000e-08 -1.52850153e-03 
 1.01000000e-08 -2.09719639e-03 
 1.01200000e-08 -2.66555849e-03 
 1.01400000e-08 -3.23349768e-03 
 1.01600000e-08 -3.80092385e-03 
 1.01800000e-08 -4.36774701e-03 
 1.02000000e-08 -4.93387723e-03 
 1.02200000e-08 -5.49922474e-03 
 1.02400000e-08 -6.06369984e-03 
 1.02600000e-08 -6.62721304e-03 
 1.02800000e-08 -7.18967495e-03 
 1.03000000e-08 -7.75099639e-03 
 1.03200000e-08 -8.31108834e-03 
 1.03400000e-08 -8.86986202e-03 
 1.03600000e-08 -9.42722881e-03 
 1.03800000e-08 -9.98310039e-03 
 1.04000000e-08 -1.05373886e-02 
 1.04200000e-08 -1.10900057e-02 
 1.04400000e-08 -1.16408640e-02 
 1.04600000e-08 -1.21898762e-02 
 1.04800000e-08 -1.27369554e-02 
 1.05000000e-08 -1.32820149e-02 
 1.05200000e-08 -1.38249683e-02 
 1.05400000e-08 -1.43657297e-02 
 1.05600000e-08 -1.49042135e-02 
 1.05800000e-08 -1.54403343e-02 
 1.06000000e-08 -1.59740073e-02 
 1.06200000e-08 -1.65051480e-02 
 1.06400000e-08 -1.70336724e-02 
 1.06600000e-08 -1.75594968e-02 
 1.06800000e-08 -1.80825380e-02 
 1.07000000e-08 -1.86027133e-02 
 1.07200000e-08 -1.91199405e-02 
 1.07400000e-08 -1.96341376e-02 
 1.07600000e-08 -2.01452235e-02 
 1.07800000e-08 -2.06531174e-02 
 1.08000000e-08 -2.11577389e-02 
 1.08200000e-08 -2.16590083e-02 
 1.08400000e-08 -2.21568465e-02 
 1.08600000e-08 -2.26511748e-02 
 1.08800000e-08 -2.31419152e-02 
 1.09000000e-08 -2.36289901e-02 
 1.09200000e-08 -2.41123226e-02 
 1.09400000e-08 -2.45918366e-02 
 1.09600000e-08 -2.50674562e-02 
 1.09800000e-08 -2.55391066e-02 
 1.10000000e-08 -2.60067132e-02 
 1.10200000e-08 -2.64702024e-02 
 1.10400000e-08 -2.69295011e-02 
 1.10600000e-08 -2.73845369e-02 
 1.10800000e-08 -2.78352381e-02 
 1.11000000e-08 -2.82815336e-02 
 1.11200000e-08 -2.87233532e-02 
 1.11400000e-08 -2.91606274e-02 
 1.11600000e-08 -2.95932871e-02 
 1.11800000e-08 -3.00212645e-02 
 1.12000000e-08 -3.04444920e-02 
 1.12200000e-08 -3.08629032e-02 
 1.12400000e-08 -3.12764321e-02 
 1.12600000e-08 -3.16850139e-02 
 1.12800000e-08 -3.20885841e-02 
 1.13000000e-08 -3.24870795e-02 
 1.13200000e-08 -3.28804373e-02 
 1.13400000e-08 -3.32685958e-02 
 1.13600000e-08 -3.36514940e-02 
 1.13800000e-08 -3.40290718e-02 
 1.14000000e-08 -3.44012699e-02 
 1.14200000e-08 -3.47680299e-02 
 1.14400000e-08 -3.51292941e-02 
 1.14600000e-08 -3.54850060e-02 
 1.14800000e-08 -3.58351098e-02 
 1.15000000e-08 -3.61795505e-02 
 1.15200000e-08 -3.65182741e-02 
 1.15400000e-08 -3.68512275e-02 
 1.15600000e-08 -3.71783586e-02 
 1.15800000e-08 -3.74996162e-02 
 1.16000000e-08 -3.78149498e-02 
 1.16200000e-08 -3.81243101e-02 
 1.16400000e-08 -3.84276486e-02 
 1.16600000e-08 -3.87249180e-02 
 1.16800000e-08 -3.90160716e-02 
 1.17000000e-08 -3.93010638e-02 
 1.17200000e-08 -3.95798502e-02 
 1.17400000e-08 -3.98523871e-02 
 1.17600000e-08 -4.01186318e-02 
 1.17800000e-08 -4.03785428e-02 
 1.18000000e-08 -4.06320794e-02 
 1.18200000e-08 -4.08792020e-02 
 1.18400000e-08 -4.11198720e-02 
 1.18600000e-08 -4.13540517e-02 
 1.18800000e-08 -4.15817047e-02 
 1.19000000e-08 -4.18027952e-02 
 1.19200000e-08 -4.20172889e-02 
 1.19400000e-08 -4.22251522e-02 
 1.19600000e-08 -4.24263527e-02 
 1.19800000e-08 -4.26208590e-02 
 1.20000000e-08 -4.28086407e-02 
 1.20200000e-08 -4.29896685e-02 
 1.20400000e-08 -4.31639141e-02 
 1.20600000e-08 -4.33313505e-02 
 1.20800000e-08 -4.34919514e-02 
 1.21000000e-08 -4.36456919e-02 
 1.21200000e-08 -4.37925480e-02 
 1.21400000e-08 -4.39324967e-02 
 1.21600000e-08 -4.40655163e-02 
 1.21800000e-08 -4.41915859e-02 
 1.22000000e-08 -4.43106861e-02 
 1.22200000e-08 -4.44227981e-02 
 1.22400000e-08 -4.45279046e-02 
 1.22600000e-08 -4.46259891e-02 
 1.22800000e-08 -4.47170364e-02 
 1.23000000e-08 -4.48010323e-02 
 1.23200000e-08 -4.48779637e-02 
 1.23400000e-08 -4.49478186e-02 
 1.23600000e-08 -4.50105862e-02 
 1.23800000e-08 -4.50662566e-02 
 1.24000000e-08 -4.51148211e-02 
 1.24200000e-08 -4.51562724e-02 
 1.24400000e-08 -4.51906037e-02 
 1.24600000e-08 -4.52178099e-02 
 1.24800000e-08 -4.52378867e-02 
 1.25000000e-08 -4.52508309e-02 
 1.25200000e-08 -4.52566406e-02 
 1.25400000e-08 -4.52553148e-02 
 1.25600000e-08 -4.52468537e-02 
 1.25800000e-08 -4.52312587e-02 
 1.26000000e-08 -4.52085321e-02 
 1.26200000e-08 -4.51786776e-02 
 1.26400000e-08 -4.51416997e-02 
 1.26600000e-08 -4.50976042e-02 
 1.26800000e-08 -4.50463981e-02 
 1.27000000e-08 -4.49880891e-02 
 1.27200000e-08 -4.49226865e-02 
 1.27400000e-08 -4.48502004e-02 
 1.27600000e-08 -4.47706422e-02 
 1.27800000e-08 -4.46840241e-02 
 1.28000000e-08 -4.45903597e-02 
 1.28200000e-08 -4.44896636e-02 
 1.28400000e-08 -4.43819514e-02 
 1.28600000e-08 -4.42672400e-02 
 1.28800000e-08 -4.41455472e-02 
 1.29000000e-08 -4.40168920e-02 
 1.29200000e-08 -4.38812945e-02 
 1.29400000e-08 -4.37387756e-02 
 1.29600000e-08 -4.35893578e-02 
 1.29800000e-08 -4.34330643e-02 
 1.30000000e-08 -4.32699194e-02 
 1.30200000e-08 -4.30999486e-02 
 1.30400000e-08 -4.29231784e-02 
 1.30600000e-08 -4.27396363e-02 
 1.30800000e-08 -4.25493511e-02 
 1.31000000e-08 -4.23523524e-02 
 1.31200000e-08 -4.21486709e-02 
 1.31400000e-08 -4.19383384e-02 
 1.31600000e-08 -4.17213878e-02 
 1.31800000e-08 -4.14978530e-02 
 1.32000000e-08 -4.12677687e-02 
 1.32200000e-08 -4.10311711e-02 
 1.32400000e-08 -4.07880970e-02 
 1.32600000e-08 -4.05385844e-02 
 1.32800000e-08 -4.02826723e-02 
 1.33000000e-08 -4.00204008e-02 
 1.33200000e-08 -3.97518107e-02 
 1.33400000e-08 -3.94769442e-02 
 1.33600000e-08 -3.91958441e-02 
 1.33800000e-08 -3.89085546e-02 
 1.34000000e-08 -3.86151204e-02 
 1.34200000e-08 -3.83155876e-02 
 1.34400000e-08 -3.80100030e-02 
 1.34600000e-08 -3.76984144e-02 
 1.34800000e-08 -3.73808707e-02 
 1.35000000e-08 -3.70574216e-02 
 1.35200000e-08 -3.67281178e-02 
 1.35400000e-08 -3.63930108e-02 
 1.35600000e-08 -3.60521532e-02 
 1.35800000e-08 -3.57055985e-02 
 1.36000000e-08 -3.53534008e-02 
 1.36200000e-08 -3.49956156e-02 
 1.36400000e-08 -3.46322989e-02 
 1.36600000e-08 -3.42635078e-02 
 1.36800000e-08 -3.38893000e-02 
 1.37000000e-08 -3.35097344e-02 
 1.37200000e-08 -3.31248706e-02 
 1.37400000e-08 -3.27347690e-02 
 1.37600000e-08 -3.23394908e-02 
 1.37800000e-08 -3.19390983e-02 
 1.38000000e-08 -3.15336543e-02 
 1.38200000e-08 -3.11232225e-02 
 1.38400000e-08 -3.07078675e-02 
 1.38600000e-08 -3.02876547e-02 
 1.38800000e-08 -2.98626501e-02 
 1.39000000e-08 -2.94329206e-02 
 1.39200000e-08 -2.89985339e-02 
 1.39400000e-08 -2.85595583e-02 
 1.39600000e-08 -2.81160629e-02 
 1.39800000e-08 -2.76681176e-02 
 1.40000000e-08 -2.72157930e-02 
 1.40200000e-08 -2.67591604e-02 
 1.40400000e-08 -2.62982916e-02 
 1.40600000e-08 -2.58332595e-02 
 1.40800000e-08 -2.53641371e-02 
 1.41000000e-08 -2.48909987e-02 
 1.41200000e-08 -2.44139188e-02 
 1.41400000e-08 -2.39329726e-02 
 1.41600000e-08 -2.34482362e-02 
 1.41800000e-08 -2.29597859e-02 
 1.42000000e-08 -2.24676989e-02 
 1.42200000e-08 -2.19720529e-02 
 1.42400000e-08 -2.14729263e-02 
 1.42600000e-08 -2.09703977e-02 
 1.42800000e-08 -2.04645468e-02 
 1.43000000e-08 -1.99554533e-02 
 1.43200000e-08 -1.94431978e-02 
 1.43400000e-08 -1.89278612e-02 
 1.43600000e-08 -1.84095250e-02 
 1.43800000e-08 -1.78882712e-02 
 1.44000000e-08 -1.73641823e-02 
 1.44200000e-08 -1.68373412e-02 
 1.44400000e-08 -1.63078312e-02 
 1.44600000e-08 -1.57757361e-02 
 1.44800000e-08 -1.52411402e-02 
 1.45000000e-08 -1.47041280e-02 
 1.45200000e-08 -1.41647846e-02 
 1.45400000e-08 -1.36231955e-02 
 1.45600000e-08 -1.30794463e-02 
 1.45800000e-08 -1.25336232e-02 
 1.46000000e-08 -1.19858127e-02 
 1.46200000e-08 -1.14361015e-02 
 1.46400000e-08 -1.08845768e-02 
 1.46600000e-08 -1.03313260e-02 
 1.46800000e-08 -9.77643670e-03 
 1.47000000e-08 -9.21999691e-03 
 1.47200000e-08 -8.66209481e-03 
 1.47400000e-08 -8.10281887e-03 
 1.47600000e-08 -7.54225774e-03 
 1.47800000e-08 -6.98050032e-03 
 1.48000000e-08 -6.41763567e-03 
 1.48200000e-08 -5.85375307e-03 
 1.48400000e-08 -5.28894193e-03 
 1.48600000e-08 -4.72329184e-03 
 1.48800000e-08 -4.15689252e-03 
 1.49000000e-08 -3.58983381e-03 
 1.49200000e-08 -3.02220565e-03 
 1.49400000e-08 -2.45409810e-03 
 1.49600000e-08 -1.88560127e-03 
 1.49800000e-08 -1.31680534e-03 
 1.50000000e-08 -7.47800563e-04 
 1.50200000e-08 -1.78677197e-04 
 1.50400000e-08  3.90474470e-04 
 1.50600000e-08  9.59564139e-04 
 1.50800000e-08  1.52850153e-03 
 1.51000000e-08  2.09719639e-03 
 1.51200000e-08  2.66555849e-03 
 1.51400000e-08  3.23349768e-03 
 1.51600000e-08  3.80092386e-03 
 1.51800000e-08  4.36774701e-03 
 1.52000000e-08  4.93387724e-03 
 1.52200000e-08  5.49922474e-03 
 1.52400000e-08  6.06369985e-03 
 1.52600000e-08  6.62721304e-03 
 1.52800000e-08  7.18967495e-03 
 1.53000000e-08  7.75099639e-03 
 1.53200000e-08  8.31108834e-03 
 1.53400000e-08  8.86986201e-03 
 1.53600000e-08  9.42722881e-03 
 1.53800000e-08  9.98310039e-03 
 1.54000000e-08  1.05373886e-02 
 1.54200000e-08  1.10900057e-02 
 1.54400000e-08  1.16408640e-02 
 1.54600000e-08  1.21898762e-02 
 1.54800000e-08  1.27369554e-02 
 1.55000000e-08  1.32820149e-02 
 1.55200000e-08  1.38249683e-02 
 1.55400000e-08  1.43657297e-02 
 1.55600000e-08  1.49042135e-02 
 1.55800000e-08  1.54403343e-02 
 1.56000000e-08  1.59740073e-02 
 1.56200000e-08  1.65051480e-02 
 1.56400000e-08  1.70336724e-02 
 1.56600000e-08  1.75594968e-02 
 1.56800000e-08  1.80825380e-02 
 1.57000000e-08  1.86027133e-02 
 1.57200000e-08  1.91199405e-02 
 1.57400000e-08  1.96341376e-02 
 1.57600000e-08  2.01452235e-02 
 1.57800000e-08  2.06531174e-02 
 1.58000000e-08  2.11577389e-02 
 1.58200000e-08  2.16590083e-02 
 1.58400000e-08  2.21568465e-02 
 1.58600000e-08  2.26511748e-02 
 1.58800000e-08  2.31419152e-02 
 1.59000000e-08  2.36289901e-02 
 1.59200000e-08  2.41123226e-02 
 1.59400000e-08  2.45918366e-02 
 1.59600000e-08  2.50674562e-02 
 1.59800000e-08  2.55391066e-02 
 1.60000000e-08  2.60067132e-02 
 1.60200000e-08  2.64702024e-02 
 1.60400000e-08  2.69295011e-02 
 1.60600000e-08  2.73845369e-02 
 1.60800000e-08  2.78352381e-02 
 1.61000000e-08  2.82815336e-02 
 1.61200000e-08  2.87233532e-02 
 1.61400000e-08  2.91606273e-02 
 1.61600000e-08  2.95932871e-02 
 1.61800000e-08  3.00212645e-02 
 1.62000000e-08  3.04444920e-02 
 1.62200000e-08  3.08629032e-02 
 1.62400000e-08  3.12764321e-02 
 1.62600000e-08  3.16850139e-02 
 1.62800000e-08  3.20885841e-02 
 1.63000000e-08  3.24870795e-02 
 1.63200000e-08  3.28804373e-02 
 1.63400000e-08  3.32685958e-02 
 1.63600000e-08  3.36514940e-02 
 1.63800000e-08  3.40290718e-02 
 1.64000000e-08  3.44012699e-02 
 1.64200000e-08  3.47680299e-02 
 1.64400000e-08  3.51292941e-02 
 1.64600000e-08  3.54850060e-02 
 1.64800000e-08  3.58351098e-02 
 1.65000000e-08  3.61795505e-02 
 1.65200000e-08  3.65182741e-02 
 1.65400000e-08  3.68512275e-02 
 1.65600000e-08  3.71783586e-02 
 1.65800000e-08  3.74996162e-02 
 1.66000000e-08  3.78149498e-02 
 1.66200000e-08  3.81243101e-02 
 1.66400000e-08  3.84276486e-02 
 1.66600000e-08  3.87249180e-02 
 1.66800000e-08  3.90160716e-02 
 1.67000000e-08  3.93010638e-02 
 1.67200000e-08  3.95798502e-02 
 1.67400000e-08  3.98523871e-02 
 1.67600000e-08  4.01186318e-02 
 1.67800000e-08  4.03785428e-02 
 1.68000000e-08  4.06320794e-02 
 1.68200000e-08  4.08792020e-02 
 1.68400000e-08  4.11198720e-02 
 1.68600000e-08  4.13540517e-02 
 1.68800000e-08  4.15817047e-02 
 1.69000000e-08  4.18027952e-02 
 1.69200000e-08  4.20172889e-02 
 1.69400000e-08  4.22251522e-02 
 1.69600000e-08  4.24263527e-02 
 1.69800000e-08  4.26208590e-02 
 1.70000000e-08  4.28086407e-02 
 1.70200000e-08  4.29896685e-02 
 1.70400000e-08  4.31639141e-02 
 1.70600000e-08  4.33313505e-02 
 1.70800000e-08  4.34919514e-02 
 1.71000000e-08  4.36456919e-02 
 1.71200000e-08  4.37925480e-02 
 1.71400000e-08  4.39324967e-02 
 1.71600000e-08  4.40655162e-02 
 1.71800000e-08  4.41915859e-02 
 1.72000000e-08  4.43106861e-02 
 1.72200000e-08  4.44227981e-02 
 1.72400000e-08  4.45279046e-02 
 1.72600000e-08  4.46259891e-02 
 1.72800000e-08  4.47170364e-02 
 1.73000000e-08  4.48010323e-02 
 1.73200000e-08  4.48779637e-02 
 1.73400000e-08  4.49478186e-02 
 1.73600000e-08  4.50105862e-02 
 1.73800000e-08  4.50662566e-02 
 1.74000000e-08  4.51148211e-02 
 1.74200000e-08  4.51562724e-02 
 1.74400000e-08  4.51906037e-02 
 1.74600000e-08  4.52178099e-02 
 1.74800000e-08  4.52378867e-02 
 1.75000000e-08  4.52508309e-02 
 1.75200000e-08  4.52566406e-02 
 1.75400000e-08  4.52553148e-02 
 1.75600000e-08  4.52468537e-02 
 1.75800000e-08  4.52312587e-02 
 1.76000000e-08  4.52085321e-02 
 1.76200000e-08  4.51786776e-02 
 1.76400000e-08  4.51416997e-02 
 1.76600000e-08  4.50976042e-02 
 1.76800000e-08  4.50463981e-02 
 1.77000000e-08  4.49880891e-02 
 1.77200000e-08  4.49226865e-02 
 1.77400000e-08  4.48502004e-02 
 1.77600000e-08  4.47706422e-02 
 1.77800000e-08  4.46840241e-02 
 1.78000000e-08  4.45903597e-02 
 1.78200000e-08  4.44896636e-02 
 1.78400000e-08  4.43819514e-02 
 1.78600000e-08  4.42672400e-02 
 1.78800000e-08  4.41455472e-02 
 1.79000000e-08  4.40168920e-02 
 1.79200000e-08  4.38812945e-02 
 1.79400000e-08  4.37387756e-02 
 1.79600000e-08  4.35893578e-02 
 1.79800000e-08  4.34330643e-02 
 1.80000000e-08  4.32699194e-02 
 1.80200000e-08  4.30999486e-02 
 1.80400000e-08  4.29231784e-02 
 1.80600000e-08  4.27396363e-02 
 1.80800000e-08  4.25493511e-02 
 1.81000000e-08  4.23523524e-02 
 1.81200000e-08  4.21486709e-02 
 1.81400000e-08  4.19383384e-02 
 1.81600000e-08  4.17213878e-02 
 1.81800000e-08  4.14978530e-02 
 1.82000000e-08  4.12677687e-02 
 1.82200000e-08  4.10311711e-02 
 1.82400000e-08  4.07880970e-02 
 1.82600000e-08  4.05385844e-02 
 1.82800000e-08  4.02826723e-02 
 1.83000000e-08  4.00204008e-02 
 1.83200000e-08  3.97518107e-02 
 1.83400000e-08  3.94769442e-02 
 1.83600000e-08  3.91958441e-02 
 1.83800000e-08  3.89085546e-02 
 1.84000000e-08  3.86151204e-02 
 1.84200000e-08  3.83155876e-02 
 1.84400000e-08  3.80100030e-02 
 1.84600000e-08  3.76984144e-02 
 1.84800000e-08  3.73808707e-02 
 1.85000000e-08  3.70574216e-02 
 1.85200000e-08  3.67281178e-02 
 1.85400000e-08  3.63930108e-02 
 1.85600000e-08  3.60521532e-02 
 1.85800000e-08  3.57055985e-02 
 1.86000000e-08  3.53534008e-02 
 1.86200000e-08  3.49956156e-02 
 1.86400000e-08  3.46322989e-02 
 1.86600000e-08  3.42635078e-02 
 1.86800000e-08  3.38893000e-02 
 1.87000000e-08  3.35097344e-02 
 1.87200000e-08  3.31248706e-02 
 1.87400000e-08  3.27347690e-02 
 1.87600000e-08  3.23394908e-02 
 1.87800000e-08  3.19390983e-02 
 1.88000000e-08  3.15336543e-02 
 1.88200000e-08  3.11232225e-02 
 1.88400000e-08  3.07078675e-02 
 1.88600000e-08  3.02876547e-02 
 1.88800000e-08  2.98626501e-02 
 1.89000000e-08  2.94329206e-02 
 1.89200000e-08  2.89985339e-02 
 1.89400000e-08  2.85595583e-02 
 1.89600000e-08  2.81160629e-02 
 1.89800000e-08  2.76681176e-02 
 1.90000000e-08  2.72157930e-02 
 1.90200000e-08  2.67591604e-02 
 1.90400000e-08  2.62982916e-02 
 1.90600000e-08  2.58332595e-02 
 1.90800000e-08  2.53641371e-02 
 1.91000000e-08  2.48909987e-02 
 1.91200000e-08  2.44139188e-02 
 1.91400000e-08  2.39329726e-02 
 1.91600000e-08  2.34482362e-02 
 1.91800000e-08  2.29597859e-02 
 1.92000000e-08  2.24676989e-02 
 1.92200000e-08  2.19720529e-02 
 1.92400000e-08  2.14729263e-02 
 1.92600000e-08  2.09703977e-02 
 1.92800000e-08  2.04645468e-02 
 1.93000000e-08  1.99554533e-02 
 1.93200000e-08  1.94431978e-02 
 1.93400000e-08  1.89278612e-02 
 1.93600000e-08  1.84095250e-02 
 1.93800000e-08  1.78882712e-02 
 1.94000000e-08  1.73641823e-02 
 1.94200000e-08  1.68373412e-02 
 1.94400000e-08  1.63078312e-02 
 1.94600000e-08  1.57757361e-02 
 1.94800000e-08  1.52411402e-02 
 1.95000000e-08  1.47041280e-02 
 1.95200000e-08  1.41647846e-02 
 1.95400000e-08  1.36231955e-02 
 1.95600000e-08  1.30794463e-02 
 1.95800000e-08  1.25336232e-02 
 1.96000000e-08  1.19858127e-02 
 1.96200000e-08  1.14361015e-02 
 1.96400000e-08  1.08845768e-02 
 1.96600000e-08  1.03313260e-02 
 1.96800000e-08  9.77643670e-03 
 1.97000000e-08  9.21999691e-03 
 1.97200000e-08  8.66209481e-03 
 1.97400000e-08  8.10281887e-03 
 1.97600000e-08  7.54225774e-03 
 1.97800000e-08  6.98050032e-03 
 1.98000000e-08  6.41763567e-03 
 1.98200000e-08  5.85375307e-03 
 1.98400000e-08  5.28894193e-03 
 1.98600000e-08  4.72329184e-03 
 1.98800000e-08  4.15689252e-03 
 1.99000000e-08  3.58983381e-03 
 1.99200000e-08  3.02220565e-03 
 1.99400000e-08  2.45409810e-03 
 1.99600000e-08  1.88560127e-03 
 1.99800000e-08  1.31680534e-03 
 2.00000000e-08  7.47800563e-04 
 2.00200000e-08  1.78677196e-04 
 2.00400000e-08 -3.90474469e-04 
 2.00600000e-08 -9.59564140e-04 
 2.00800000e-08 -1.52850153e-03 
 2.01000000e-08 -2.09719639e-03 
 2.01200000e-08 -2.66555849e-03 
 2.01400000e-08 -3.23349768e-03 
 2.01600000e-08 -3.80092386e-03 
 2.01800000e-08 -4.36774701e-03 
 2.02000000e-08 -4.93387724e-03 
 2.02200000e-08 -5.49922474e-03 
 2.02400000e-08 -6.06369985e-03 
 2.02600000e-08 -6.62721304e-03 
 2.02800000e-08 -7.18967495e-03 
 2.03000000e-08 -7.75099639e-03 
 2.03200000e-08 -8.31108834e-03 
 2.03400000e-08 -8.86986201e-03 
 2.03600000e-08 -9.42722881e-03 
 2.03800000e-08 -9.98310039e-03 
 2.04000000e-08 -1.05373886e-02 
 2.04200000e-08 -1.10900057e-02 
 2.04400000e-08 -1.16408640e-02 
 2.04600000e-08 -1.21898762e-02 
 2.04800000e-08 -1.27369554e-02 
 2.05000000e-08 -1.32820149e-02 
 2.05200000e-08 -1.38249683e-02 
 2.05400000e-08 -1.43657297e-02 
 2.05600000e-08 -1.49042135e-02 
 2.05800000e-08 -1.54403343e-02 
 2.06000000e-08 -1.59740073e-02 
 2.06200000e-08 -1.65051480e-02 
 2.06400000e-08 -1.70336724e-02 
 2.06600000e-08 -1.75594968e-02 
 2.06800000e-08 -1.80825380e-02 
 2.07000000e-08 -1.86027133e-02 
 2.07200000e-08 -1.91199405e-02 
 2.07400000e-08 -1.96341376e-02 
 2.07600000e-08 -2.01452235e-02 
 2.07800000e-08 -2.06531174e-02 
 2.08000000e-08 -2.11577389e-02 
 2.08200000e-08 -2.16590083e-02 
 2.08400000e-08 -2.21568465e-02 
 2.08600000e-08 -2.26511748e-02 
 2.08800000e-08 -2.31419152e-02 
 2.09000000e-08 -2.36289901e-02 
 2.09200000e-08 -2.41123226e-02 
 2.09400000e-08 -2.45918366e-02 
 2.09600000e-08 -2.50674562e-02 
 2.09800000e-08 -2.55391066e-02 
 2.10000000e-08 -2.60067132e-02 
 2.10200000e-08 -2.64702024e-02 
 2.10400000e-08 -2.69295011e-02 
 2.10600000e-08 -2.73845369e-02 
 2.10800000e-08 -2.78352381e-02 
 2.11000000e-08 -2.82815336e-02 
 2.11200000e-08 -2.87233532e-02 
 2.11400000e-08 -2.91606273e-02 
 2.11600000e-08 -2.95932871e-02 
 2.11800000e-08 -3.00212645e-02 
 2.12000000e-08 -3.04444920e-02 
 2.12200000e-08 -3.08629032e-02 
 2.12400000e-08 -3.12764321e-02 
 2.12600000e-08 -3.16850139e-02 
 2.12800000e-08 -3.20885841e-02 
 2.13000000e-08 -3.24870795e-02 
 2.13200000e-08 -3.28804373e-02 
 2.13400000e-08 -3.32685958e-02 
 2.13600000e-08 -3.36514940e-02 
 2.13800000e-08 -3.40290718e-02 
 2.14000000e-08 -3.44012699e-02 
 2.14200000e-08 -3.47680299e-02 
 2.14400000e-08 -3.51292941e-02 
 2.14600000e-08 -3.54850060e-02 
 2.14800000e-08 -3.58351098e-02 
 2.15000000e-08 -3.61795505e-02 
 2.15200000e-08 -3.65182741e-02 
 2.15400000e-08 -3.68512275e-02 
 2.15600000e-08 -3.71783586e-02 
 2.15800000e-08 -3.74996162e-02 
 2.16000000e-08 -3.78149498e-02 
 2.16200000e-08 -3.81243101e-02 
 2.16400000e-08 -3.84276486e-02 
 2.16600000e-08 -3.87249180e-02 
 2.16800000e-08 -3.90160716e-02 
 2.17000000e-08 -3.93010638e-02 
 2.17200000e-08 -3.95798502e-02 
 2.17400000e-08 -3.98523871e-02 
 2.17600000e-08 -4.01186318e-02 
 2.17800000e-08 -4.03785428e-02 
 2.18000000e-08 -4.06320794e-02 
 2.18200000e-08 -4.08792020e-02 
 2.18400000e-08 -4.11198720e-02 
 2.18600000e-08 -4.13540517e-02 
 2.18800000e-08 -4.15817047e-02 
 2.19000000e-08 -4.18027952e-02 
 2.19200000e-08 -4.20172889e-02 
 2.19400000e-08 -4.22251522e-02 
 2.19600000e-08 -4.24263527e-02 
 2.19800000e-08 -4.26208590e-02 
 2.20000000e-08 -4.28086407e-02 
 2.20200000e-08 -4.29896685e-02 
 2.20400000e-08 -4.31639141e-02 
 2.20600000e-08 -4.33313505e-02 
 2.20800000e-08 -4.34919514e-02 
 2.21000000e-08 -4.36456919e-02 
 2.21200000e-08 -4.37925480e-02 
 2.21400000e-08 -4.39324967e-02 
 2.21600000e-08 -4.40655162e-02 
 2.21800000e-08 -4.41915859e-02 
 2.22000000e-08 -4.43106861e-02 
 2.22200000e-08 -4.44227981e-02 
 2.22400000e-08 -4.45279046e-02 
 2.22600000e-08 -4.46259891e-02 
 2.22800000e-08 -4.47170364e-02 
 2.23000000e-08 -4.48010323e-02 
 2.23200000e-08 -4.48779637e-02 
 2.23400000e-08 -4.49478186e-02 
 2.23600000e-08 -4.50105862e-02 
 2.23800000e-08 -4.50662566e-02 
 2.24000000e-08 -4.51148211e-02 
 2.24200000e-08 -4.51562724e-02 
 2.24400000e-08 -4.51906037e-02 
 2.24600000e-08 -4.52178099e-02 
 2.24800000e-08 -4.52378867e-02 
 2.25000000e-08 -4.52508309e-02 
 2.25200000e-08 -4.52566406e-02 
 2.25400000e-08 -4.52553148e-02 
 2.25600000e-08 -4.52468537e-02 
 2.25800000e-08 -4.52312587e-02 
 2.26000000e-08 -4.52085321e-02 
 2.26200000e-08 -4.51786776e-02 
 2.26400000e-08 -4.51416997e-02 
 2.26600000e-08 -4.50976042e-02 
 2.26800000e-08 -4.50463981e-02 
 2.27000000e-08 -4.49880891e-02 
 2.27200000e-08 -4.49226865e-02 
 2.27400000e-08 -4.48502004e-02 
 2.27600000e-08 -4.47706422e-02 
 2.27800000e-08 -4.46840241e-02 
 2.28000000e-08 -4.45903597e-02 
 2.28200000e-08 -4.44896636e-02 
 2.28400000e-08 -4.43819514e-02 
 2.28600000e-08 -4.42672400e-02 
 2.28800000e-08 -4.41455472e-02 
 2.29000000e-08 -4.40168920e-02 
 2.29200000e-08 -4.38812945e-02 
 2.29400000e-08 -4.37387756e-02 
 2.29600000e-08 -4.35893578e-02 
 2.29800000e-08 -4.34330643e-02 
 2.30000000e-08 -4.32699194e-02 
 2.30200000e-08 -4.30999486e-02 
 2.30400000e-08 -4.29231784e-02 
 2.30600000e-08 -4.27396363e-02 
 2.30800000e-08 -4.25493511e-02 
 2.31000000e-08 -4.23523524e-02 
 2.31200000e-08 -4.21486709e-02 
 2.31400000e-08 -4.19383384e-02 
 2.31600000e-08 -4.17213878e-02 
 2.31800000e-08 -4.14978530e-02 
 2.32000000e-08 -4.12677687e-02 
 2.32200000e-08 -4.10311711e-02 
 2.32400000e-08 -4.07880970e-02 
 2.32600000e-08 -4.05385844e-02 
 2.32800000e-08 -4.02826723e-02 
 2.33000000e-08 -4.00204008e-02 
 2.33200000e-08 -3.97518107e-02 
 2.33400000e-08 -3.94769442e-02 
 2.33600000e-08 -3.91958441e-02 
 2.33800000e-08 -3.89085546e-02 
 2.34000000e-08 -3.86151204e-02 
 2.34200000e-08 -3.83155876e-02 
 2.34400000e-08 -3.80100030e-02 
 2.34600000e-08 -3.76984144e-02 
 2.34800000e-08 -3.73808707e-02 
 2.35000000e-08 -3.70574216e-02 
 2.35200000e-08 -3.67281178e-02 
 2.35400000e-08 -3.63930108e-02 
 2.35600000e-08 -3.60521532e-02 
 2.35800000e-08 -3.57055985e-02 
 2.36000000e-08 -3.53534008e-02 
 2.36200000e-08 -3.49956156e-02 
 2.36400000e-08 -3.46322989e-02 
 2.36600000e-08 -3.42635078e-02 
 2.36800000e-08 -3.38893000e-02 
 2.37000000e-08 -3.35097344e-02 
 2.37200000e-08 -3.31248706e-02 
 2.37400000e-08 -3.27347690e-02 
 2.37600000e-08 -3.23394908e-02 
 2.37800000e-08 -3.19390983e-02 
 2.38000000e-08 -3.15336543e-02 
 2.38200000e-08 -3.11232225e-02 
 2.38400000e-08 -3.07078675e-02 
 2.38600000e-08 -3.02876547e-02 
 2.38800000e-08 -2.98626501e-02 
 2.39000000e-08 -2.94329206e-02 
 2.39200000e-08 -2.89985339e-02 
 2.39400000e-08 -2.85595583e-02 
 2.39600000e-08 -2.81160629e-02 
 2.39800000e-08 -2.76681176e-02 
 2.40000000e-08 -2.72157930e-02 
 2.40200000e-08 -2.67591604e-02 
 2.40400000e-08 -2.62982916e-02 
 2.40600000e-08 -2.58332595e-02 
 2.40800000e-08 -2.53641371e-02 
 2.41000000e-08 -2.48909987e-02 
 2.41200000e-08 -2.44139188e-02 
 2.41400000e-08 -2.39329726e-02 
 2.41600000e-08 -2.34482362e-02 
 2.41800000e-08 -2.29597859e-02 
 2.42000000e-08 -2.24676989e-02 
 2.42200000e-08 -2.19720529e-02 
 2.42400000e-08 -2.14729263e-02 
 2.42600000e-08 -2.09703977e-02 
 2.42800000e-08 -2.04645468e-02 
 2.43000000e-08 -1.99554533e-02 
 2.43200000e-08 -1.94431978e-02 
 2.43400000e-08 -1.89278612e-02 
 2.43600000e-08 -1.84095250e-02 
 2.43800000e-08 -1.78882712e-02 
 2.44000000e-08 -1.73641823e-02 
 2.44200000e-08 -1.68373412e-02 
 2.44400000e-08 -1.63078312e-02 
 2.44600000e-08 -1.57757361e-02 
 2.44800000e-08 -1.52411402e-02 
 2.45000000e-08 -1.47041280e-02 
 2.45200000e-08 -1.41647846e-02 
 2.45400000e-08 -1.36231955e-02 
 2.45600000e-08 -1.30794463e-02 
 2.45800000e-08 -1.25336232e-02 
 2.46000000e-08 -1.19858127e-02 
 2.46200000e-08 -1.14361015e-02 
 2.46400000e-08 -1.08845768e-02 
 2.46600000e-08 -1.03313260e-02 
 2.46800000e-08 -9.77643670e-03 
 2.47000000e-08 -9.21999690e-03 
 2.47200000e-08 -8.66209481e-03 
 2.47400000e-08 -8.10281887e-03 
 2.47600000e-08 -7.54225774e-03 
 2.47800000e-08 -6.98050032e-03 
 2.48000000e-08 -6.41763567e-03 
 2.48200000e-08 -5.85375307e-03 
 2.48400000e-08 -5.28894193e-03 
 2.48600000e-08 -4.72329184e-03 
 2.48800000e-08 -4.15689252e-03 
 2.49000000e-08 -3.58983381e-03 
 2.49200000e-08 -3.02220565e-03 
 2.49400000e-08 -2.45409810e-03 
 2.49600000e-08 -1.88560127e-03 
 2.49800000e-08 -1.31680534e-03 
 2.50000000e-08 -7.47800563e-04 
 2.50200000e-08 -1.78677196e-04 
 2.50400000e-08  3.90474469e-04 
 2.50600000e-08  9.59564140e-04 
 2.50800000e-08  1.52850153e-03 
 2.51000000e-08  2.09719639e-03 
 2.51200000e-08  2.66555849e-03 
 2.51400000e-08  3.23349768e-03 
 2.51600000e-08  3.80092386e-03 
 2.51800000e-08  4.36774701e-03 
 2.52000000e-08  4.93387724e-03 
 2.52200000e-08  5.49922474e-03 
 2.52400000e-08  6.06369985e-03 
 2.52600000e-08  6.62721304e-03 
 2.52800000e-08  7.18967495e-03 
 2.53000000e-08  7.75099639e-03 
 2.53200000e-08  8.31108834e-03 
 2.53400000e-08  8.86986201e-03 
 2.53600000e-08  9.42722881e-03 
 2.53800000e-08  9.98310039e-03 
 2.54000000e-08  1.05373886e-02 
 2.54200000e-08  1.10900057e-02 
 2.54400000e-08  1.16408640e-02 
 2.54600000e-08  1.21898762e-02 
 2.54800000e-08  1.27369554e-02 
 2.55000000e-08  1.32820149e-02 
 2.55200000e-08  1.38249683e-02 
 2.55400000e-08  1.43657297e-02 
 2.55600000e-08  1.49042135e-02 
 2.55800000e-08  1.54403343e-02 
 2.56000000e-08  1.59740073e-02 
 2.56200000e-08  1.65051480e-02 
 2.56400000e-08  1.70336724e-02 
 2.56600000e-08  1.75594968e-02 
 2.56800000e-08  1.80825380e-02 
 2.57000000e-08  1.86027133e-02 
 2.57200000e-08  1.91199405e-02 
 2.57400000e-08  1.96341376e-02 
 2.57600000e-08  2.01452235e-02 
 2.57800000e-08  2.06531174e-02 
 2.58000000e-08  2.11577389e-02 
 2.58200000e-08  2.16590083e-02 
 2.58400000e-08  2.21568465e-02 
 2.58600000e-08  2.26511748e-02 
 2.58800000e-08  2.31419152e-02 
 2.59000000e-08  2.36289901e-02 
 2.59200000e-08  2.41123226e-02 
 2.59400000e-08  2.45918366e-02 
 2.59600000e-08  2.50674562e-02 
 2.59800000e-08  2.55391066e-02 
 2.60000000e-08  2.60067132e-02 
 2.60200000e-08  2.64702024e-02 
 2.60400000e-08  2.69295011e-02 
 2.60600000e-08  2.73845369e-02 
 2.60800000e-08  2.78352381e-02 
 2.61000000e-08  2.82815336e-02 
 2.61200000e-08  2.87233532e-02 
 2.61400000e-08  2.91606273e-02 
 2.61600000e-08  2.95932871e-02 
 2.61800000e-08  3.00212645e-02 
 2.62000000e-08  3.04444920e-02 
 2.62200000e-08  3.08629032e-02 
 2.62400000e-08  3.12764321e-02 
 2.62600000e-08  3.16850139e-02 
 2.62800000e-08  3.20885841e-02 
 2.63000000e-08  3.24870795e-02 
 2.63200000e-08  3.28804373e-02 
 2.63400000e-08  3.32685958e-02 
 2.63600000e-08  3.36514940e-02 
 2.63800000e-08  3.40290718e-02 
 2.64000000e-08  3.44012699e-02 
 2.64200000e-08  3.47680299e-02 
 2.64400000e-08  3.51292941e-02 
 2.64600000e-08  3.54850060e-02 
 2.64800000e-08  3.58351098e-02 
 2.65000000e-08  3.61795505e-02 
 2.65200000e-08  3.65182741e-02 
 2.65400000e-08  3.68512275e-02 
 2.65600000e-08  3.71783586e-02 
 2.65800000e-08  3.74996162e-02 
 2.66000000e-08  3.78149498e-02 
 2.66200000e-08  3.81243101e-02 
 2.66400000e-08  3.84276486e-02 
 2.66600000e-08  3.87249180e-02 
 2.66800000e-08  3.90160716e-02 
 2.67000000e-08  3.93010638e-02 
 2.67200000e-08  3.95798502e-02 
 2.67400000e-08  3.98523871e-02 
 2.67600000e-08  4.01186318e-02 
 2.67800000e-08  4.03785428e-02 
 2.68000000e-08  4.06320794e-02 
 2.68200000e-08  4.08792020e-02 
 2.68400000e-08  4.11198720e-02 
 2.68600000e-08  4.13540517e-02 
 2.68800000e-08  4.15817047e-02 
 2.69000000e-08  4.18027952e-02 
 2.69200000e-08  4.20172889e-02 
 2.69400000e-08  4.22251522e-02 
 2.69600000e-08  4.24263527e-02 
 2.69800000e-08  4.26208590e-02 
 2.70000000e-08  4.28086407e-02 
 2.70200000e-08  4.29896685e-02 
 2.70400000e-08  4.31639141e-02 
 2.70600000e-08  4.33313505e-02 
 2.70800000e-08  4.34919514e-02 
 2.71000000e-08  4.36456919e-02 
 2.71200000e-08  4.37925480e-02 
 2.71400000e-08  4.39324967e-02 
 2.71600000e-08  4.40655162e-02 
 2.71800000e-08  4.41915859e-02 
 2.72000000e-08  4.43106861e-02 
 2.72200000e-08  4.44227981e-02 
 2.72400000e-08  4.45279046e-02 
 2.72600000e-08  4.46259891e-02 
 2.72800000e-08  4.47170364e-02 
 2.73000000e-08  4.48010323e-02 
 2.73200000e-08  4.48779637e-02 
 2.73400000e-08  4.49478186e-02 
 2.73600000e-08  4.50105862e-02 
 2.73800000e-08  4.50662566e-02 
 2.74000000e-08  4.51148211e-02 
 2.74200000e-08  4.51562724e-02 
 2.74400000e-08  4.51906037e-02 
 2.74600000e-08  4.52178099e-02 
 2.74800000e-08  4.52378867e-02 
 2.75000000e-08  4.52508309e-02 
 2.75200000e-08  4.52566406e-02 
 2.75400000e-08  4.52553148e-02 
 2.75600000e-08  4.52468537e-02 
 2.75800000e-08  4.52312587e-02 
 2.76000000e-08  4.52085321e-02 
 2.76200000e-08  4.51786776e-02 
 2.76400000e-08  4.51416997e-02 
 2.76600000e-08  4.50976042e-02 
 2.76800000e-08  4.50463981e-02 
 2.77000000e-08  4.49880891e-02 
 2.77200000e-08  4.49226865e-02 
 2.77400000e-08  4.48502004e-02 
 2.77600000e-08  4.47706422e-02 
 2.77800000e-08  4.46840241e-02 
 2.78000000e-08  4.45903597e-02 
 2.78200000e-08  4.44896636e-02 
 2.78400000e-08  4.43819514e-02 
 2.78600000e-08  4.42672400e-02 
 2.78800000e-08  4.41455472e-02 
 2.79000000e-08  4.40168920e-02 
 2.79200000e-08  4.38812945e-02 
 2.79400000e-08  4.37387756e-02 
 2.79600000e-08  4.35893578e-02 
 2.79800000e-08  4.34330643e-02 
 2.80000000e-08  4.32699194e-02 
 2.80200000e-08  4.30999486e-02 
 2.80400000e-08  4.29231784e-02 
 2.80600000e-08  4.27396363e-02 
 2.80800000e-08  4.25493511e-02 
 2.81000000e-08  4.23523524e-02 
 2.81200000e-08  4.21486709e-02 
 2.81400000e-08  4.19383384e-02 
 2.81600000e-08  4.17213878e-02 
 2.81800000e-08  4.14978530e-02 
 2.82000000e-08  4.12677687e-02 
 2.82200000e-08  4.10311711e-02 
 2.82400000e-08  4.07880970e-02 
 2.82600000e-08  4.05385844e-02 
 2.82800000e-08  4.02826723e-02 
 2.83000000e-08  4.00204008e-02 
 2.83200000e-08  3.97518107e-02 
 2.83400000e-08  3.94769442e-02 
 2.83600000e-08  3.91958441e-02 
 2.83800000e-08  3.89085546e-02 
 2.84000000e-08  3.86151204e-02 
 2.84200000e-08  3.83155876e-02 
 2.84400000e-08  3.80100030e-02 
 2.84600000e-08  3.76984144e-02 
 2.84800000e-08  3.73808707e-02 
 2.85000000e-08  3.70574216e-02 
 2.85200000e-08  3.67281178e-02 
 2.85400000e-08  3.63930108e-02 
 2.85600000e-08  3.60521532e-02 
 2.85800000e-08  3.57055985e-02 
 2.86000000e-08  3.53534008e-02 
 2.86200000e-08  3.49956156e-02 
 2.86400000e-08  3.46322989e-02 
 2.86600000e-08  3.42635078e-02 
 2.86800000e-08  3.38893000e-02 
 2.87000000e-08  3.35097344e-02 
 2.87200000e-08  3.31248706e-02 
 2.87400000e-08  3.27347690e-02 
 2.87600000e-08  3.23394908e-02 
 2.87800000e-08  3.19390983e-02 
 2.88000000e-08  3.15336543e-02 
 2.88200000e-08  3.11232225e-02 
 2.88400000e-08  3.07078675e-02 
 2.88600000e-08  3.02876547e-02 
 2.88800000e-08  2.98626501e-02 
 2.89000000e-08  2.94329206e-02 
 2.89200000e-08  2.89985339e-02 
 2.89400000e-08  2.85595583e-02 
 2.89600000e-08  2.81160629e-02 
 2.89800000e-08  2.76681176e-02 
 2.90000000e-08  2.72157930e-02 
 2.90200000e-08  2.67591604e-02 
 2.90400000e-08  2.62982916e-02 
 2.90600000e-08  2.58332595e-02 
 2.90800000e-08  2.53641371e-02 
 2.91000000e-08  2.48909987e-02 
 2.91200000e-08  2.44139188e-02 
 2.91400000e-08  2.39329726e-02 
 2.91600000e-08  2.34482362e-02 
 2.91800000e-08  2.29597859e-02 
 2.92000000e-08  2.24676989e-02 
 2.92200000e-08  2.19720529e-02 
 2.92400000e-08  2.14729263e-02 
 2.92600000e-08  2.09703977e-02 
 2.92800000e-08  2.04645468e-02 
 2.93000000e-08  1.99554533e-02 
 2.93200000e-08  1.94431978e-02 
 2.93400000e-08  1.89278612e-02 
 2.93600000e-08  1.84095250e-02 
 2.93800000e-08  1.78882712e-02 
 2.94000000e-08  1.73641823e-02 
 2.94200000e-08  1.68373412e-02 
 2.94400000e-08  1.63078312e-02 
 2.94600000e-08  1.57757361e-02 
 2.94800000e-08  1.52411402e-02 
 2.95000000e-08  1.47041280e-02 
 2.95200000e-08  1.41647846e-02 
 2.95400000e-08  1.36231955e-02 
 2.95600000e-08  1.30794463e-02 
 2.95800000e-08  1.25336232e-02 
 2.96000000e-08  1.19858127e-02 
 2.96200000e-08  1.14361015e-02 
 2.96400000e-08  1.08845768e-02 
 2.96600000e-08  1.03313260e-02 
 2.96800000e-08  9.77643670e-03 
 2.97000000e-08  9.21999690e-03 
 2.97200000e-08  8.66209481e-03 
 2.97400000e-08  8.10281887e-03 
 2.97600000e-08  7.54225774e-03 
 2.97800000e-08  6.98050032e-03 
 2.98000000e-08  6.41763567e-03 
 2.98200000e-08  5.85375307e-03 
 2.98400000e-08  5.28894193e-03 
 2.98600000e-08  4.72329184e-03 
 2.98800000e-08  4.15689252e-03 
 2.99000000e-08  3.58983381e-03 
 2.99200000e-08  3.02220565e-03 
 2.99400000e-08  2.45409810e-03 
 2.99600000e-08  1.88560127e-03 
 2.99800000e-08  1.31680534e-03 
 3.00000000e-08  7.47800564e-04 
 3.00200000e-08  1.78677196e-04 
 3.00400000e-08 -3.90474469e-04 
 3.00600000e-08 -9.59564140e-04 
 3.00800000e-08 -1.52850153e-03 
 3.01000000e-08 -2.09719639e-03 
 3.01200000e-08 -2.66555849e-03 
 3.01400000e-08 -3.23349768e-03 
 3.01600000e-08 -3.80092386e-03 
 3.01800000e-08 -4.36774701e-03 
 3.02000000e-08 -4.93387724e-03 
 3.02200000e-08 -5.49922474e-03 
 3.02400000e-08 -6.06369985e-03 
 3.02600000e-08 -6.62721304e-03 
 3.02800000e-08 -7.18967495e-03 
 3.03000000e-08 -7.75099639e-03 
 3.03200000e-08 -8.31108834e-03 
 3.03400000e-08 -8.86986201e-03 
 3.03600000e-08 -9.42722881e-03 
 3.03800000e-08 -9.98310039e-03 
 3.04000000e-08 -1.05373886e-02 
 3.04200000e-08 -1.10900057e-02 
 3.04400000e-08 -1.16408640e-02 
 3.04600000e-08 -1.21898762e-02 
 3.04800000e-08 -1.27369554e-02 
 3.05000000e-08 -1.32820149e-02 
 3.05200000e-08 -1.38249683e-02 
 3.05400000e-08 -1.43657297e-02 
 3.05600000e-08 -1.49042135e-02 
 3.05800000e-08 -1.54403343e-02 
 3.06000000e-08 -1.59740073e-02 
 3.06200000e-08 -1.65051480e-02 
 3.06400000e-08 -1.70336724e-02 
 3.06600000e-08 -1.75594968e-02 
 3.06800000e-08 -1.80825380e-02 
 3.07000000e-08 -1.86027133e-02 
 3.07200000e-08 -1.91199405e-02 
 3.07400000e-08 -1.96341376e-02 
 3.07600000e-08 -2.01452235e-02 
 3.07800000e-08 -2.06531174e-02 
 3.08000000e-08 -2.11577389e-02 
 3.08200000e-08 -2.16590083e-02 
 3.08400000e-08 -2.21568465e-02 
 3.08600000e-08 -2.26511748e-02 
 3.08800000e-08 -2.31419152e-02 
 3.09000000e-08 -2.36289901e-02 
 3.09200000e-08 -2.41123226e-02 
 3.09400000e-08 -2.45918366e-02 
 3.09600000e-08 -2.50674562e-02 
 3.09800000e-08 -2.55391066e-02 
 3.10000000e-08 -2.60067132e-02 
 3.10200000e-08 -2.64702024e-02 
 3.10400000e-08 -2.69295011e-02 
 3.10600000e-08 -2.73845369e-02 
 3.10800000e-08 -2.78352381e-02 
 3.11000000e-08 -2.82815336e-02 
 3.11200000e-08 -2.87233532e-02 
 3.11400000e-08 -2.91606273e-02 
 3.11600000e-08 -2.95932871e-02 
 3.11800000e-08 -3.00212645e-02 
 3.12000000e-08 -3.04444920e-02 
 3.12200000e-08 -3.08629032e-02 
 3.12400000e-08 -3.12764321e-02 
 3.12600000e-08 -3.16850139e-02 
 3.12800000e-08 -3.20885841e-02 
 3.13000000e-08 -3.24870795e-02 
 3.13200000e-08 -3.28804373e-02 
 3.13400000e-08 -3.32685958e-02 
 3.13600000e-08 -3.36514940e-02 
 3.13800000e-08 -3.40290718e-02 
 3.14000000e-08 -3.44012699e-02 
 3.14200000e-08 -3.47680299e-02 
 3.14400000e-08 -3.51292941e-02 
 3.14600000e-08 -3.54850060e-02 
 3.14800000e-08 -3.58351098e-02 
 3.15000000e-08 -3.61795505e-02 
 3.15200000e-08 -3.65182741e-02 
 3.15400000e-08 -3.68512275e-02 
 3.15600000e-08 -3.71783586e-02 
 3.15800000e-08 -3.74996162e-02 
 3.16000000e-08 -3.78149498e-02 
 3.16200000e-08 -3.81243101e-02 
 3.16400000e-08 -3.84276486e-02 
 3.16600000e-08 -3.87249180e-02 
 3.16800000e-08 -3.90160716e-02 
 3.17000000e-08 -3.93010638e-02 
 3.17200000e-08 -3.95798502e-02 
 3.17400000e-08 -3.98523871e-02 
 3.17600000e-08 -4.01186318e-02 
 3.17800000e-08 -4.03785428e-02 
 3.18000000e-08 -4.06320794e-02 
 3.18200000e-08 -4.08792020e-02 
 3.18400000e-08 -4.11198720e-02 
 3.18600000e-08 -4.13540517e-02 
 3.18800000e-08 -4.15817047e-02 
 3.19000000e-08 -4.18027952e-02 
 3.19200000e-08 -4.20172889e-02 
 3.19400000e-08 -4.22251522e-02 
 3.19600000e-08 -4.24263527e-02 
 3.19800000e-08 -4.26208590e-02 
 3.20000000e-08 -4.28086407e-02 
 3.20200000e-08 -4.29896685e-02 
 3.20400000e-08 -4.31639141e-02 
 3.20600000e-08 -4.33313505e-02 
 3.20800000e-08 -4.34919514e-02 
 3.21000000e-08 -4.36456919e-02 
 3.21200000e-08 -4.37925480e-02 
 3.21400000e-08 -4.39324967e-02 
 3.21600000e-08 -4.40655162e-02 
 3.21800000e-08 -4.41915859e-02 
 3.22000000e-08 -4.43106861e-02 
 3.22200000e-08 -4.44227981e-02 
 3.22400000e-08 -4.45279046e-02 
 3.22600000e-08 -4.46259891e-02 
 3.22800000e-08 -4.47170364e-02 
 3.23000000e-08 -4.48010323e-02 
 3.23200000e-08 -4.48779637e-02 
 3.23400000e-08 -4.49478186e-02 
 3.23600000e-08 -4.50105862e-02 
 3.23800000e-08 -4.50662566e-02 
 3.24000000e-08 -4.51148211e-02 
 3.24200000e-08 -4.51562724e-02 
 3.24400000e-08 -4.51906037e-02 
 3.24600000e-08 -4.52178099e-02 
 3.24800000e-08 -4.52378867e-02 
 3.25000000e-08 -4.52508309e-02 
 3.25200000e-08 -4.52566406e-02 
 3.25400000e-08 -4.52553148e-02 
 3.25600000e-08 -4.52468537e-02 
 3.25800000e-08 -4.52312587e-02 
 3.26000000e-08 -4.52085321e-02 
 3.26200000e-08 -4.51786776e-02 
 3.26400000e-08 -4.51416997e-02 
 3.26600000e-08 -4.50976042e-02 
 3.26800000e-08 -4.50463981e-02 
 3.27000000e-08 -4.49880891e-02 
 3.27200000e-08 -4.49226865e-02 
 3.27400000e-08 -4.48502004e-02 
 3.27600000e-08 -4.47706422e-02 
 3.27800000e-08 -4.46840241e-02 
 3.28000000e-08 -4.45903597e-02 
 3.28200000e-08 -4.44896636e-02 
 3.28400000e-08 -4.43819514e-02 
 3.28600000e-08 -4.42672400e-02 
 3.28800000e-08 -4.41455472e-02 
 3.29000000e-08 -4.40168920e-02 
 3.29200000e-08 -4.38812945e-02 
 3.29400000e-08 -4.37387756e-02 
 3.29600000e-08 -4.35893578e-02 
 3.29800000e-08 -4.34330643e-02 
 3.30000000e-08 -4.32699194e-02 
 3.30200000e-08 -4.30999486e-02 
 3.30400000e-08 -4.29231784e-02 
 3.30600000e-08 -4.27396363e-02 
 3.30800000e-08 -4.25493511e-02 
 3.31000000e-08 -4.23523524e-02 
 3.31200000e-08 -4.21486709e-02 
 3.31400000e-08 -4.19383384e-02 
 3.31600000e-08 -4.17213878e-02 
 3.31800000e-08 -4.14978530e-02 
 3.32000000e-08 -4.12677687e-02 
 3.32200000e-08 -4.10311711e-02 
 3.32400000e-08 -4.07880970e-02 
 3.32600000e-08 -4.05385844e-02 
 3.32800000e-08 -4.02826723e-02 
 3.33000000e-08 -4.00204008e-02 
 3.33200000e-08 -3.97518107e-02 
 3.33400000e-08 -3.94769442e-02 
 3.33600000e-08 -3.91958441e-02 
 3.33800000e-08 -3.89085546e-02 
 3.34000000e-08 -3.86151204e-02 
 3.34200000e-08 -3.83155876e-02 
 3.34400000e-08 -3.80100030e-02 
 3.34600000e-08 -3.76984144e-02 
 3.34800000e-08 -3.73808707e-02 
 3.35000000e-08 -3.70574216e-02 
 3.35200000e-08 -3.67281178e-02 
 3.35400000e-08 -3.63930108e-02 
 3.35600000e-08 -3.60521532e-02 
 3.35800000e-08 -3.57055985e-02 
 3.36000000e-08 -3.53534008e-02 
 3.36200000e-08 -3.49956156e-02 
 3.36400000e-08 -3.46322989e-02 
 3.36600000e-08 -3.42635078e-02 
 3.36800000e-08 -3.38893000e-02 
 3.37000000e-08 -3.35097344e-02 
 3.37200000e-08 -3.31248706e-02 
 3.37400000e-08 -3.27347690e-02 
 3.37600000e-08 -3.23394908e-02 
 3.37800000e-08 -3.19390983e-02 
 3.38000000e-08 -3.15336543e-02 
 3.38200000e-08 -3.11232225e-02 
 3.38400000e-08 -3.07078675e-02 
 3.38600000e-08 -3.02876547e-02 
 3.38800000e-08 -2.98626501e-02 
 3.39000000e-08 -2.94329206e-02 
 3.39200000e-08 -2.89985339e-02 
 3.39400000e-08 -2.85595583e-02 
 3.39600000e-08 -2.81160629e-02 
 3.39800000e-08 -2.76681176e-02 
 3.40000000e-08 -2.72157930e-02 
 3.40200000e-08 -2.67591604e-02 
 3.40400000e-08 -2.62982916e-02 
 3.40600000e-08 -2.58332595e-02 
 3.40800000e-08 -2.53641371e-02 
 3.41000000e-08 -2.48909987e-02 
 3.41200000e-08 -2.44139188e-02 
 3.41400000e-08 -2.39329726e-02 
 3.41600000e-08 -2.34482362e-02 
 3.41800000e-08 -2.29597859e-02 
 3.42000000e-08 -2.24676989e-02 
 3.42200000e-08 -2.19720529e-02 
 3.42400000e-08 -2.14729263e-02 
 3.42600000e-08 -2.09703977e-02 
 3.42800000e-08 -2.04645468e-02 
 3.43000000e-08 -1.99554533e-02 
 3.43200000e-08 -1.94431978e-02 
 3.43400000e-08 -1.89278612e-02 
 3.43600000e-08 -1.84095250e-02 
 3.43800000e-08 -1.78882712e-02 
 3.44000000e-08 -1.73641823e-02 
 3.44200000e-08 -1.68373412e-02 
 3.44400000e-08 -1.63078312e-02 
 3.44600000e-08 -1.57757361e-02 
 3.44800000e-08 -1.52411402e-02 
 3.45000000e-08 -1.47041280e-02 
 3.45200000e-08 -1.41647846e-02 
 3.45400000e-08 -1.36231955e-02 
 3.45600000e-08 -1.30794463e-02 
 3.45800000e-08 -1.25336232e-02 
 3.46000000e-08 -1.19858127e-02 
 3.46200000e-08 -1.14361015e-02 
 3.46400000e-08 -1.08845768e-02 
 3.46600000e-08 -1.03313260e-02 
 3.46800000e-08 -9.77643670e-03 
 3.47000000e-08 -9.21999690e-03 
 3.47200000e-08 -8.66209481e-03 
 3.47400000e-08 -8.10281887e-03 
 3.47600000e-08 -7.54225774e-03 
 3.47800000e-08 -6.98050032e-03 
 3.48000000e-08 -6.41763567e-03 
 3.48200000e-08 -5.85375307e-03 
 3.48400000e-08 -5.28894193e-03 
 3.48600000e-08 -4.72329184e-03 
 3.48800000e-08 -4.15689252e-03 
 3.49000000e-08 -3.58983381e-03 
 3.49200000e-08 -3.02220565e-03 
 3.49400000e-08 -2.45409810e-03 
 3.49600000e-08 -1.88560127e-03 
 3.49800000e-08 -1.31680534e-03 
 3.50000000e-08 -7.47800563e-04 
 3.50200000e-08 -1.78677196e-04 
 3.50400000e-08  3.90474469e-04 
 3.50600000e-08  9.59564140e-04 
 3.50800000e-08  1.52850153e-03 
 3.51000000e-08  2.09719639e-03 
 3.51200000e-08  2.66555849e-03 
 3.51400000e-08  3.23349768e-03 
 3.51600000e-08  3.80092386e-03 
 3.51800000e-08  4.36774701e-03 
 3.52000000e-08  4.93387724e-03 
 3.52200000e-08  5.49922474e-03 
 3.52400000e-08  6.06369985e-03 
 3.52600000e-08  6.62721304e-03 
 3.52800000e-08  7.18967495e-03 
 3.53000000e-08  7.75099639e-03 
 3.53200000e-08  8.31108834e-03 
 3.53400000e-08  8.86986201e-03 
 3.53600000e-08  9.42722881e-03 
 3.53800000e-08  9.98310039e-03 
 3.54000000e-08  1.05373886e-02 
 3.54200000e-08  1.10900057e-02 
 3.54400000e-08  1.16408640e-02 
 3.54600000e-08  1.21898762e-02 
 3.54800000e-08  1.27369554e-02 
 3.55000000e-08  1.32820149e-02 
 3.55200000e-08  1.38249683e-02 
 3.55400000e-08  1.43657297e-02 
 3.55600000e-08  1.49042135e-02 
 3.55800000e-08  1.54403343e-02 
 3.56000000e-08  1.59740073e-02 
 3.56200000e-08  1.65051480e-02 
 3.56400000e-08  1.70336724e-02 
 3.56600000e-08  1.75594968e-02 
 3.56800000e-08  1.80825380e-02 
 3.57000000e-08  1.86027133e-02 
 3.57200000e-08  1.91199405e-02 
 3.57400000e-08  1.96341376e-02 
 3.57600000e-08  2.01452235e-02 
 3.57800000e-08  2.06531174e-02 
 3.58000000e-08  2.11577389e-02 
 3.58200000e-08  2.16590083e-02 
 3.58400000e-08  2.21568465e-02 
 3.58600000e-08  2.26511748e-02 
 3.58800000e-08  2.31419152e-02 
 3.59000000e-08  2.36289901e-02 
 3.59200000e-08  2.41123226e-02 
 3.59400000e-08  2.45918366e-02 
 3.59600000e-08  2.50674562e-02 
 3.59800000e-08  2.55391066e-02 
 3.60000000e-08  2.60067132e-02 
 3.60200000e-08  2.64702024e-02 
 3.60400000e-08  2.69295011e-02 
 3.60600000e-08  2.73845369e-02 
 3.60800000e-08  2.78352381e-02 
 3.61000000e-08  2.82815336e-02 
 3.61200000e-08  2.87233532e-02 
 3.61400000e-08  2.91606273e-02 
 3.61600000e-08  2.95932871e-02 
 3.61800000e-08  3.00212645e-02 
 3.62000000e-08  3.04444920e-02 
 3.62200000e-08  3.08629032e-02 
 3.62400000e-08  3.12764321e-02 
 3.62600000e-08  3.16850139e-02 
 3.62800000e-08  3.20885841e-02 
 3.63000000e-08  3.24870795e-02 
 3.63200000e-08  3.28804373e-02 
 3.63400000e-08  3.32685958e-02 
 3.63600000e-08  3.36514940e-02 
 3.63800000e-08  3.40290718e-02 
 3.64000000e-08  3.44012699e-02 
 3.64200000e-08  3.47680299e-02 
 3.64400000e-08  3.51292941e-02 
 3.64600000e-08  3.54850060e-02 
 3.64800000e-08  3.58351098e-02 
 3.65000000e-08  3.61795505e-02 
 3.65200000e-08  3.65182741e-02 
 3.65400000e-08  3.68512275e-02 
 3.65600000e-08  3.71783586e-02 
 3.65800000e-08  3.74996162e-02 
 3.66000000e-08  3.78149498e-02 
 3.66200000e-08  3.81243101e-02 
 3.66400000e-08  3.84276486e-02 
 3.66600000e-08  3.87249180e-02 
 3.66800000e-08  3.90160716e-02 
 3.67000000e-08  3.93010638e-02 
 3.67200000e-08  3.95798502e-02 
 3.67400000e-08  3.98523871e-02 
 3.67600000e-08  4.01186318e-02 
 3.67800000e-08  4.03785428e-02 
 3.68000000e-08  4.06320794e-02 
 3.68200000e-08  4.08792020e-02 
 3.68400000e-08  4.11198720e-02 
 3.68600000e-08  4.13540517e-02 
 3.68800000e-08  4.15817047e-02 
 3.69000000e-08  4.18027952e-02 
 3.69200000e-08  4.20172889e-02 
 3.69400000e-08  4.22251522e-02 
 3.69600000e-08  4.24263527e-02 
 3.69800000e-08  4.26208590e-02 
 3.70000000e-08  4.28086407e-02 
 3.70200000e-08  4.29896685e-02 
 3.70400000e-08  4.31639141e-02 
 3.70600000e-08  4.33313505e-02 
 3.70800000e-08  4.34919514e-02 
 3.71000000e-08  4.36456919e-02 
 3.71200000e-08  4.37925480e-02 
 3.71400000e-08  4.39324967e-02 
 3.71600000e-08  4.40655162e-02 
 3.71800000e-08  4.41915859e-02 
 3.72000000e-08  4.43106861e-02 
 3.72200000e-08  4.44227981e-02 
 3.72400000e-08  4.45279046e-02 
 3.72600000e-08  4.46259891e-02 
 3.72800000e-08  4.47170364e-02 
 3.73000000e-08  4.48010323e-02 
 3.73200000e-08  4.48779637e-02 
 3.73400000e-08  4.49478186e-02 
 3.73600000e-08  4.50105862e-02 
 3.73800000e-08  4.50662566e-02 
 3.74000000e-08  4.51148211e-02 
 3.74200000e-08  4.51562724e-02 
 3.74400000e-08  4.51906037e-02 
 3.74600000e-08  4.52178099e-02 
 3.74800000e-08  4.52378867e-02 
 3.75000000e-08  4.52508309e-02 
 3.75200000e-08  4.52566406e-02 
 3.75400000e-08  4.52553148e-02 
 3.75600000e-08  4.52468537e-02 
 3.75800000e-08  4.52312587e-02 
 3.76000000e-08  4.52085321e-02 
 3.76200000e-08  4.51786776e-02 
 3.76400000e-08  4.51416997e-02 
 3.76600000e-08  4.50976042e-02 
 3.76800000e-08  4.50463981e-02 
 3.77000000e-08  4.49880891e-02 
 3.77200000e-08  4.49226865e-02 
 3.77400000e-08  4.48502004e-02 
 3.77600000e-08  4.47706422e-02 
 3.77800000e-08  4.46840241e-02 
 3.78000000e-08  4.45903597e-02 
 3.78200000e-08  4.44896636e-02 
 3.78400000e-08  4.43819514e-02 
 3.78600000e-08  4.42672400e-02 
 3.78800000e-08  4.41455472e-02 
 3.79000000e-08  4.40168920e-02 
 3.79200000e-08  4.38812945e-02 
 3.79400000e-08  4.37387756e-02 
 3.79600000e-08  4.35893578e-02 
 3.79800000e-08  4.34330643e-02 
 3.80000000e-08  4.32699194e-02 
 3.80200000e-08  4.30999486e-02 
 3.80400000e-08  4.29231784e-02 
 3.80600000e-08  4.27396363e-02 
 3.80800000e-08  4.25493511e-02 
 3.81000000e-08  4.23523524e-02 
 3.81200000e-08  4.21486709e-02 
 3.81400000e-08  4.19383384e-02 
 3.81600000e-08  4.17213878e-02 
 3.81800000e-08  4.14978530e-02 
 3.82000000e-08  4.12677687e-02 
 3.82200000e-08  4.10311711e-02 
 3.82400000e-08  4.07880970e-02 
 3.82600000e-08  4.05385844e-02 
 3.82800000e-08  4.02826723e-02 
 3.83000000e-08  4.00204008e-02 
 3.83200000e-08  3.97518107e-02 
 3.83400000e-08  3.94769442e-02 
 3.83600000e-08  3.91958441e-02 
 3.83800000e-08  3.89085546e-02 
 3.84000000e-08  3.86151204e-02 
 3.84200000e-08  3.83155876e-02 
 3.84400000e-08  3.80100030e-02 
 3.84600000e-08  3.76984144e-02 
 3.84800000e-08  3.73808707e-02 
 3.85000000e-08  3.70574216e-02 
 3.85200000e-08  3.67281178e-02 
 3.85400000e-08  3.63930108e-02 
 3.85600000e-08  3.60521532e-02 
 3.85800000e-08  3.57055985e-02 
 3.86000000e-08  3.53534008e-02 
 3.86200000e-08  3.49956156e-02 
 3.86400000e-08  3.46322989e-02 
 3.86600000e-08  3.42635078e-02 
 3.86800000e-08  3.38893000e-02 
 3.87000000e-08  3.35097344e-02 
 3.87200000e-08  3.31248706e-02 
 3.87400000e-08  3.27347690e-02 
 3.87600000e-08  3.23394908e-02 
 3.87800000e-08  3.19390983e-02 
 3.88000000e-08  3.15336543e-02 
 3.88200000e-08  3.11232225e-02 
 3.88400000e-08  3.07078675e-02 
 3.88600000e-08  3.02876547e-02 
 3.88800000e-08  2.98626501e-02 
 3.89000000e-08  2.94329206e-02 
 3.89200000e-08  2.89985339e-02 
 3.89400000e-08  2.85595583e-02 
 3.89600000e-08  2.81160629e-02 
 3.89800000e-08  2.76681176e-02 
 3.90000000e-08  2.72157930e-02 
 3.90200000e-08  2.67591604e-02 
 3.90400000e-08  2.62982916e-02 
 3.90600000e-08  2.58332595e-02 
 3.90800000e-08  2.53641371e-02 
 3.91000000e-08  2.48909987e-02 
 3.91200000e-08  2.44139188e-02 
 3.91400000e-08  2.39329726e-02 
 3.91600000e-08  2.34482362e-02 
 3.91800000e-08  2.29597859e-02 
 3.92000000e-08  2.24676989e-02 
 3.92200000e-08  2.19720529e-02 
 3.92400000e-08  2.14729263e-02 
 3.92600000e-08  2.09703977e-02 
 3.92800000e-08  2.04645468e-02 
 3.93000000e-08  1.99554533e-02 
 3.93200000e-08  1.94431978e-02 
 3.93400000e-08  1.89278612e-02 
 3.93600000e-08  1.84095250e-02 
 3.93800000e-08  1.78882712e-02 
 3.94000000e-08  1.73641823e-02 
 3.94200000e-08  1.68373412e-02 
 3.94400000e-08  1.63078312e-02 
 3.94600000e-08  1.57757361e-02 
 3.94800000e-08  1.52411402e-02 
 3.95000000e-08  1.47041280e-02 
 3.95200000e-08  1.41647846e-02 
 3.95400000e-08  1.36231955e-02 
 3.95600000e-08  1.30794463e-02 
 3.95800000e-08  1.25336232e-02 
 3.96000000e-08  1.19858127e-02 
 3.96200000e-08  1.14361015e-02 
 3.96400000e-08  1.08845768e-02 
 3.96600000e-08  1.03313260e-02 
 3.96800000e-08  9.77643670e-03 
 3.97000000e-08  9.21999691e-03 
 3.97200000e-08  8.66209481e-03 
 3.97400000e-08  8.10281887e-03 
 3.97600000e-08  7.54225774e-03 
 3.97800000e-08  6.98050032e-03 
 3.98000000e-08  6.41763567e-03 
 3.98200000e-08  5.85375307e-03 
 3.98400000e-08  5.28894193e-03 
 3.98600000e-08  4.72329184e-03 
 3.98800000e-08  4.15689252e-03 
 3.99000000e-08  3.58983381e-03 
 3.99200000e-08  3.02220565e-03 
 3.99400000e-08  2.45409810e-03 
 3.99600000e-08  1.88560127e-03 
 3.99800000e-08  1.31680534e-03 
 4.00000000e-08  7.47800563e-04 
 4.00200000e-08  1.78677196e-04 
 4.00400000e-08 -3.90474469e-04 
 4.00600000e-08 -9.59564139e-04 
 4.00800000e-08 -1.52850153e-03 
 4.01000000e-08 -2.09719639e-03 
 4.01200000e-08 -2.66555849e-03 
 4.01400000e-08 -3.23349768e-03 
 4.01600000e-08 -3.80092386e-03 
 4.01800000e-08 -4.36774701e-03 
 4.02000000e-08 -4.93387724e-03 
 4.02200000e-08 -5.49922474e-03 
 4.02400000e-08 -6.06369985e-03 
 4.02600000e-08 -6.62721304e-03 
 4.02800000e-08 -7.18967495e-03 
 4.03000000e-08 -7.75099639e-03 
 4.03200000e-08 -8.31108834e-03 
 4.03400000e-08 -8.86986201e-03 
 4.03600000e-08 -9.42722881e-03 
 4.03800000e-08 -9.98310039e-03 
 4.04000000e-08 -1.05373886e-02 
 4.04200000e-08 -1.10900057e-02 
 4.04400000e-08 -1.16408640e-02 
 4.04600000e-08 -1.21898762e-02 
 4.04800000e-08 -1.27369554e-02 
 4.05000000e-08 -1.32820149e-02 
 4.05200000e-08 -1.38249683e-02 
 4.05400000e-08 -1.43657297e-02 
 4.05600000e-08 -1.49042135e-02 
 4.05800000e-08 -1.54403343e-02 
 4.06000000e-08 -1.59740073e-02 
 4.06200000e-08 -1.65051480e-02 
 4.06400000e-08 -1.70336724e-02 
 4.06600000e-08 -1.75594968e-02 
 4.06800000e-08 -1.80825380e-02 
 4.07000000e-08 -1.86027133e-02 
 4.07200000e-08 -1.91199405e-02 
 4.07400000e-08 -1.96341376e-02 
 4.07600000e-08 -2.01452235e-02 
 4.07800000e-08 -2.06531174e-02 
 4.08000000e-08 -2.11577389e-02 
 4.08200000e-08 -2.16590083e-02 
 4.08400000e-08 -2.21568465e-02 
 4.08600000e-08 -2.26511748e-02 
 4.08800000e-08 -2.31419152e-02 
 4.09000000e-08 -2.36289901e-02 
 4.09200000e-08 -2.41123226e-02 
 4.09400000e-08 -2.45918366e-02 
 4.09600000e-08 -2.50674562e-02 
 4.09800000e-08 -2.55391066e-02 
 4.10000000e-08 -2.60067132e-02 
 4.10200000e-08 -2.64702024e-02 
 4.10400000e-08 -2.69295011e-02 
 4.10600000e-08 -2.73845369e-02 
 4.10800000e-08 -2.78352381e-02 
 4.11000000e-08 -2.82815336e-02 
 4.11200000e-08 -2.87233532e-02 
 4.11400000e-08 -2.91606273e-02 
 4.11600000e-08 -2.95932871e-02 
 4.11800000e-08 -3.00212645e-02 
 4.12000000e-08 -3.04444920e-02 
 4.12200000e-08 -3.08629032e-02 
 4.12400000e-08 -3.12764321e-02 
 4.12600000e-08 -3.16850139e-02 
 4.12800000e-08 -3.20885841e-02 
 4.13000000e-08 -3.24870795e-02 
 4.13200000e-08 -3.28804373e-02 
 4.13400000e-08 -3.32685958e-02 
 4.13600000e-08 -3.36514940e-02 
 4.13800000e-08 -3.40290718e-02 
 4.14000000e-08 -3.44012699e-02 
 4.14200000e-08 -3.47680299e-02 
 4.14400000e-08 -3.51292941e-02 
 4.14600000e-08 -3.54850060e-02 
 4.14800000e-08 -3.58351098e-02 
 4.15000000e-08 -3.61795505e-02 
 4.15200000e-08 -3.65182741e-02 
 4.15400000e-08 -3.68512275e-02 
 4.15600000e-08 -3.71783586e-02 
 4.15800000e-08 -3.74996162e-02 
 4.16000000e-08 -3.78149498e-02 
 4.16200000e-08 -3.81243101e-02 
 4.16400000e-08 -3.84276486e-02 
 4.16600000e-08 -3.87249180e-02 
 4.16800000e-08 -3.90160716e-02 
 4.17000000e-08 -3.93010638e-02 
 4.17200000e-08 -3.95798502e-02 
 4.17400000e-08 -3.98523871e-02 
 4.17600000e-08 -4.01186318e-02 
 4.17800000e-08 -4.03785428e-02 
 4.18000000e-08 -4.06320794e-02 
 4.18200000e-08 -4.08792020e-02 
 4.18400000e-08 -4.11198720e-02 
 4.18600000e-08 -4.13540517e-02 
 4.18800000e-08 -4.15817047e-02 
 4.19000000e-08 -4.18027952e-02 
 4.19200000e-08 -4.20172889e-02 
 4.19400000e-08 -4.22251522e-02 
 4.19600000e-08 -4.24263527e-02 
 4.19800000e-08 -4.26208590e-02 
 4.20000000e-08 -4.28086407e-02 
 4.20200000e-08 -4.29896685e-02 
 4.20400000e-08 -4.31639141e-02 
 4.20600000e-08 -4.33313505e-02 
 4.20800000e-08 -4.34919514e-02 
 4.21000000e-08 -4.36456919e-02 
 4.21200000e-08 -4.37925480e-02 
 4.21400000e-08 -4.39324967e-02 
 4.21600000e-08 -4.40655162e-02 
 4.21800000e-08 -4.41915859e-02 
 4.22000000e-08 -4.43106861e-02 
 4.22200000e-08 -4.44227981e-02 
 4.22400000e-08 -4.45279046e-02 
 4.22600000e-08 -4.46259891e-02 
 4.22800000e-08 -4.47170364e-02 
 4.23000000e-08 -4.48010323e-02 
 4.23200000e-08 -4.48779637e-02 
 4.23400000e-08 -4.49478186e-02 
 4.23600000e-08 -4.50105862e-02 
 4.23800000e-08 -4.50662566e-02 
 4.24000000e-08 -4.51148211e-02 
 4.24200000e-08 -4.51562724e-02 
 4.24400000e-08 -4.51906037e-02 
 4.24600000e-08 -4.52178099e-02 
 4.24800000e-08 -4.52378867e-02 
 4.25000000e-08 -4.52508309e-02 
 4.25200000e-08 -4.52566406e-02 
 4.25400000e-08 -4.52553148e-02 
 4.25600000e-08 -4.52468537e-02 
 4.25800000e-08 -4.52312587e-02 
 4.26000000e-08 -4.52085321e-02 
 4.26200000e-08 -4.51786776e-02 
 4.26400000e-08 -4.51416997e-02 
 4.26600000e-08 -4.50976042e-02 
 4.26800000e-08 -4.50463981e-02 
 4.27000000e-08 -4.49880891e-02 
 4.27200000e-08 -4.49226865e-02 
 4.27400000e-08 -4.48502004e-02 
 4.27600000e-08 -4.47706422e-02 
 4.27800000e-08 -4.46840241e-02 
 4.28000000e-08 -4.45903597e-02 
 4.28200000e-08 -4.44896636e-02 
 4.28400000e-08 -4.43819514e-02 
 4.28600000e-08 -4.42672400e-02 
 4.28800000e-08 -4.41455472e-02 
 4.29000000e-08 -4.40168920e-02 
 4.29200000e-08 -4.38812945e-02 
 4.29400000e-08 -4.37387756e-02 
 4.29600000e-08 -4.35893578e-02 
 4.29800000e-08 -4.34330643e-02 
 4.30000000e-08 -4.32699194e-02 
 4.30200000e-08 -4.30999486e-02 
 4.30400000e-08 -4.29231784e-02 
 4.30600000e-08 -4.27396363e-02 
 4.30800000e-08 -4.25493511e-02 
 4.31000000e-08 -4.23523524e-02 
 4.31200000e-08 -4.21486709e-02 
 4.31400000e-08 -4.19383384e-02 
 4.31600000e-08 -4.17213878e-02 
 4.31800000e-08 -4.14978530e-02 
 4.32000000e-08 -4.12677687e-02 
 4.32200000e-08 -4.10311711e-02 
 4.32400000e-08 -4.07880970e-02 
 4.32600000e-08 -4.05385844e-02 
 4.32800000e-08 -4.02826723e-02 
 4.33000000e-08 -4.00204008e-02 
 4.33200000e-08 -3.97518107e-02 
 4.33400000e-08 -3.94769442e-02 
 4.33600000e-08 -3.91958441e-02 
 4.33800000e-08 -3.89085546e-02 
 4.34000000e-08 -3.86151204e-02 
 4.34200000e-08 -3.83155876e-02 
 4.34400000e-08 -3.80100030e-02 
 4.34600000e-08 -3.76984144e-02 
 4.34800000e-08 -3.73808707e-02 
 4.35000000e-08 -3.70574216e-02 
 4.35200000e-08 -3.67281178e-02 
 4.35400000e-08 -3.63930108e-02 
 4.35600000e-08 -3.60521532e-02 
 4.35800000e-08 -3.57055985e-02 
 4.36000000e-08 -3.53534008e-02 
 4.36200000e-08 -3.49956156e-02 
 4.36400000e-08 -3.46322989e-02 
 4.36600000e-08 -3.42635078e-02 
 4.36800000e-08 -3.38893000e-02 
 4.37000000e-08 -3.35097344e-02 
 4.37200000e-08 -3.31248706e-02 
 4.37400000e-08 -3.27347690e-02 
 4.37600000e-08 -3.23394908e-02 
 4.37800000e-08 -3.19390983e-02 
 4.38000000e-08 -3.15336543e-02 
 4.38200000e-08 -3.11232225e-02 
 4.38400000e-08 -3.07078675e-02 
 4.38600000e-08 -3.02876547e-02 
 4.38800000e-08 -2.98626501e-02 
 4.39000000e-08 -2.94329206e-02 
 4.39200000e-08 -2.89985339e-02 
 4.39400000e-08 -2.85595583e-02 
 4.39600000e-08 -2.81160629e-02 
 4.39800000e-08 -2.76681176e-02 
 4.40000000e-08 -2.72157930e-02 
 4.40200000e-08 -2.67591604e-02 
 4.40400000e-08 -2.62982916e-02 
 4.40600000e-08 -2.58332595e-02 
 4.40800000e-08 -2.53641371e-02 
 4.41000000e-08 -2.48909987e-02 
 4.41200000e-08 -2.44139188e-02 
 4.41400000e-08 -2.39329726e-02 
 4.41600000e-08 -2.34482362e-02 
 4.41800000e-08 -2.29597859e-02 
 4.42000000e-08 -2.24676989e-02 
 4.42200000e-08 -2.19720529e-02 
 4.42400000e-08 -2.14729263e-02 
 4.42600000e-08 -2.09703977e-02 
 4.42800000e-08 -2.04645468e-02 
 4.43000000e-08 -1.99554533e-02 
 4.43200000e-08 -1.94431978e-02 
 4.43400000e-08 -1.89278612e-02 
 4.43600000e-08 -1.84095250e-02 
 4.43800000e-08 -1.78882712e-02 
 4.44000000e-08 -1.73641823e-02 
 4.44200000e-08 -1.68373412e-02 
 4.44400000e-08 -1.63078312e-02 
 4.44600000e-08 -1.57757361e-02 
 4.44800000e-08 -1.52411402e-02 
 4.45000000e-08 -1.47041280e-02 
 4.45200000e-08 -1.41647846e-02 
 4.45400000e-08 -1.36231955e-02 
 4.45600000e-08 -1.30794463e-02 
 4.45800000e-08 -1.25336232e-02 
 4.46000000e-08 -1.19858127e-02 
 4.46200000e-08 -1.14361015e-02 
 4.46400000e-08 -1.08845768e-02 
 4.46600000e-08 -1.03313260e-02 
 4.46800000e-08 -9.77643670e-03 
 4.47000000e-08 -9.21999691e-03 
 4.47200000e-08 -8.66209481e-03 
 4.47400000e-08 -8.10281887e-03 
 4.47600000e-08 -7.54225774e-03 
 4.47800000e-08 -6.98050032e-03 
 4.48000000e-08 -6.41763567e-03 
 4.48200000e-08 -5.85375307e-03 
 4.48400000e-08 -5.28894193e-03 
 4.48600000e-08 -4.72329184e-03 
 4.48800000e-08 -4.15689252e-03 
 4.49000000e-08 -3.58983381e-03 
 4.49200000e-08 -3.02220565e-03 
 4.49400000e-08 -2.45409810e-03 
 4.49600000e-08 -1.88560127e-03 
 4.49800000e-08 -1.31680534e-03 
 4.50000000e-08 -7.47800563e-04 
 4.50200000e-08 -1.78677196e-04 
 4.50400000e-08  3.90474469e-04 
 4.50600000e-08  9.59564141e-04 
 4.50800000e-08  1.52850153e-03 
 4.51000000e-08  2.09719639e-03 
 4.51200000e-08  2.66555849e-03 
 4.51400000e-08  3.23349768e-03 
 4.51600000e-08  3.80092386e-03 
 4.51800000e-08  4.36774701e-03 
 4.52000000e-08  4.93387724e-03 
 4.52200000e-08  5.49922474e-03 
 4.52400000e-08  6.06369985e-03 
 4.52600000e-08  6.62721304e-03 
 4.52800000e-08  7.18967495e-03 
 4.53000000e-08  7.75099639e-03 
 4.53200000e-08  8.31108834e-03 
 4.53400000e-08  8.86986201e-03 
 4.53600000e-08  9.42722881e-03 
 4.53800000e-08  9.98310039e-03 
 4.54000000e-08  1.05373886e-02 
 4.54200000e-08  1.10900057e-02 
 4.54400000e-08  1.16408640e-02 
 4.54600000e-08  1.21898762e-02 
 4.54800000e-08  1.27369554e-02 
 4.55000000e-08  1.32820149e-02 
 4.55200000e-08  1.38249683e-02 
 4.55400000e-08  1.43657297e-02 
 4.55600000e-08  1.49042135e-02 
 4.55800000e-08  1.54403343e-02 
 4.56000000e-08  1.59740073e-02 
 4.56200000e-08  1.65051480e-02 
 4.56400000e-08  1.70336724e-02 
 4.56600000e-08  1.75594968e-02 
 4.56800000e-08  1.80825380e-02 
 4.57000000e-08  1.86027133e-02 
 4.57200000e-08  1.91199405e-02 
 4.57400000e-08  1.96341376e-02 
 4.57600000e-08  2.01452235e-02 
 4.57800000e-08  2.06531174e-02 
 4.58000000e-08  2.11577389e-02 
 4.58200000e-08  2.16590083e-02 
 4.58400000e-08  2.21568465e-02 
 4.58600000e-08  2.26511748e-02 
 4.58800000e-08  2.31419152e-02 
 4.59000000e-08  2.36289901e-02 
 4.59200000e-08  2.41123226e-02 
 4.59400000e-08  2.45918366e-02 
 4.59600000e-08  2.50674562e-02 
 4.59800000e-08  2.55391066e-02 
 4.60000000e-08  2.60067132e-02 
 4.60200000e-08  2.64702024e-02 
 4.60400000e-08  2.69295011e-02 
 4.60600000e-08  2.73845369e-02 
 4.60800000e-08  2.78352381e-02 
 4.61000000e-08  2.82815336e-02 
 4.61200000e-08  2.87233532e-02 
 4.61400000e-08  2.91606273e-02 
 4.61600000e-08  2.95932871e-02 
 4.61800000e-08  3.00212645e-02 
 4.62000000e-08  3.04444920e-02 
 4.62200000e-08  3.08629032e-02 
 4.62400000e-08  3.12764321e-02 
 4.62600000e-08  3.16850139e-02 
 4.62800000e-08  3.20885841e-02 
 4.63000000e-08  3.24870795e-02 
 4.63200000e-08  3.28804373e-02 
 4.63400000e-08  3.32685958e-02 
 4.63600000e-08  3.36514940e-02 
 4.63800000e-08  3.40290718e-02 
 4.64000000e-08  3.44012699e-02 
 4.64200000e-08  3.47680299e-02 
 4.64400000e-08  3.51292941e-02 
 4.64600000e-08  3.54850060e-02 
 4.64800000e-08  3.58351098e-02 
 4.65000000e-08  3.61795505e-02 
 4.65200000e-08  3.65182741e-02 
 4.65400000e-08  3.68512275e-02 
 4.65600000e-08  3.71783586e-02 
 4.65800000e-08  3.74996162e-02 
 4.66000000e-08  3.78149498e-02 
 4.66200000e-08  3.81243101e-02 
 4.66400000e-08  3.84276486e-02 
 4.66600000e-08  3.87249180e-02 
 4.66800000e-08  3.90160716e-02 
 4.67000000e-08  3.93010638e-02 
 4.67200000e-08  3.95798502e-02 
 4.67400000e-08  3.98523871e-02 
 4.67600000e-08  4.01186318e-02 
 4.67800000e-08  4.03785428e-02 
 4.68000000e-08  4.06320794e-02 
 4.68200000e-08  4.08792020e-02 
 4.68400000e-08  4.11198720e-02 
 4.68600000e-08  4.13540517e-02 
 4.68800000e-08  4.15817047e-02 
 4.69000000e-08  4.18027952e-02 
 4.69200000e-08  4.20172889e-02 
 4.69400000e-08  4.22251522e-02 
 4.69600000e-08  4.24263527e-02 
 4.69800000e-08  4.26208590e-02 
 4.70000000e-08  4.28086407e-02 
 4.70200000e-08  4.29896685e-02 
 4.70400000e-08  4.31639141e-02 
 4.70600000e-08  4.33313505e-02 
 4.70800000e-08  4.34919514e-02 
 4.71000000e-08  4.36456919e-02 
 4.71200000e-08  4.37925480e-02 
 4.71400000e-08  4.39324967e-02 
 4.71600000e-08  4.40655162e-02 
 4.71800000e-08  4.41915859e-02 
 4.72000000e-08  4.43106861e-02 
 4.72200000e-08  4.44227981e-02 
 4.72400000e-08  4.45279046e-02 
 4.72600000e-08  4.46259891e-02 
 4.72800000e-08  4.47170364e-02 
 4.73000000e-08  4.48010323e-02 
 4.73200000e-08  4.48779637e-02 
 4.73400000e-08  4.49478186e-02 
 4.73600000e-08  4.50105862e-02 
 4.73800000e-08  4.50662566e-02 
 4.74000000e-08  4.51148211e-02 
 4.74200000e-08  4.51562724e-02 
 4.74400000e-08  4.51906037e-02 
 4.74600000e-08  4.52178099e-02 
 4.74800000e-08  4.52378867e-02 
 4.75000000e-08  4.52508309e-02 
 4.75200000e-08  4.52566406e-02 
 4.75400000e-08  4.52553148e-02 
 4.75600000e-08  4.52468537e-02 
 4.75800000e-08  4.52312587e-02 
 4.76000000e-08  4.52085321e-02 
 4.76200000e-08  4.51786776e-02 
 4.76400000e-08  4.51416997e-02 
 4.76600000e-08  4.50976042e-02 
 4.76800000e-08  4.50463981e-02 
 4.77000000e-08  4.49880891e-02 
 4.77200000e-08  4.49226865e-02 
 4.77400000e-08  4.48502004e-02 
 4.77600000e-08  4.47706422e-02 
 4.77800000e-08  4.46840241e-02 
 4.78000000e-08  4.45903597e-02 
 4.78200000e-08  4.44896636e-02 
 4.78400000e-08  4.43819514e-02 
 4.78600000e-08  4.42672400e-02 
 4.78800000e-08  4.41455472e-02 
 4.79000000e-08  4.40168920e-02 
 4.79200000e-08  4.38812945e-02 
 4.79400000e-08  4.37387756e-02 
 4.79600000e-08  4.35893578e-02 
 4.79800000e-08  4.34330643e-02 
 4.80000000e-08  4.32699194e-02 
 4.80200000e-08  4.30999486e-02 
 4.80400000e-08  4.29231784e-02 
 4.80600000e-08  4.27396363e-02 
 4.80800000e-08  4.25493511e-02 
 4.81000000e-08  4.23523524e-02 
 4.81200000e-08  4.21486709e-02 
 4.81400000e-08  4.19383384e-02 
 4.81600000e-08  4.17213878e-02 
 4.81800000e-08  4.14978530e-02 
 4.82000000e-08  4.12677687e-02 
 4.82200000e-08  4.10311711e-02 
 4.82400000e-08  4.07880970e-02 
 4.82600000e-08  4.05385844e-02 
 4.82800000e-08  4.02826723e-02 
 4.83000000e-08  4.00204008e-02 
 4.83200000e-08  3.97518107e-02 
 4.83400000e-08  3.94769442e-02 
 4.83600000e-08  3.91958441e-02 
 4.83800000e-08  3.89085546e-02 
 4.84000000e-08  3.86151204e-02 
 4.84200000e-08  3.83155876e-02 
 4.84400000e-08  3.80100030e-02 
 4.84600000e-08  3.76984144e-02 
 4.84800000e-08  3.73808707e-02 
 4.85000000e-08  3.70574216e-02 
 4.85200000e-08  3.67281178e-02 
 4.85400000e-08  3.63930108e-02 
 4.85600000e-08  3.60521532e-02 
 4.85800000e-08  3.57055985e-02 
 4.86000000e-08  3.53534008e-02 
 4.86200000e-08  3.49956156e-02 
 4.86400000e-08  3.46322989e-02 
 4.86600000e-08  3.42635078e-02 
 4.86800000e-08  3.38893000e-02 
 4.87000000e-08  3.35097344e-02 
 4.87200000e-08  3.31248706e-02 
 4.87400000e-08  3.27347690e-02 
 4.87600000e-08  3.23394908e-02 
 4.87800000e-08  3.19390983e-02 
 4.88000000e-08  3.15336543e-02 
 4.88200000e-08  3.11232225e-02 
 4.88400000e-08  3.07078675e-02 
 4.88600000e-08  3.02876547e-02 
 4.88800000e-08  2.98626501e-02 
 4.89000000e-08  2.94329206e-02 
 4.89200000e-08  2.89985339e-02 
 4.89400000e-08  2.85595583e-02 
 4.89600000e-08  2.81160629e-02 
 4.89800000e-08  2.76681176e-02 
 4.90000000e-08  2.72157930e-02 
 4.90200000e-08  2.67591604e-02 
 4.90400000e-08  2.62982916e-02 
 4.90600000e-08  2.58332595e-02 
 4.90800000e-08  2.53641371e-02 
 4.91000000e-08  2.48909987e-02 
 4.91200000e-08  2.44139188e-02 
 4.91400000e-08  2.39329726e-02 
 4.91600000e-08  2.34482362e-02 
 4.91800000e-08  2.29597859e-02 
 4.92000000e-08  2.24676989e-02 
 4.92200000e-08  2.19720529e-02 
 4.92400000e-08  2.14729263e-02 
 4.92600000e-08  2.09703977e-02 
 4.92800000e-08  2.04645468e-02 
 4.93000000e-08  1.99554533e-02 
 4.93200000e-08  1.94431978e-02 
 4.93400000e-08  1.89278612e-02 
 4.93600000e-08  1.84095250e-02 
 4.93800000e-08  1.78882712e-02 
 4.94000000e-08  1.73641823e-02 
 4.94200000e-08  1.68373412e-02 
 4.94400000e-08  1.63078312e-02 
 4.94600000e-08  1.57757361e-02 
 4.94800000e-08  1.52411402e-02 
 4.95000000e-08  1.47041280e-02 
 4.95200000e-08  1.41647846e-02 
 4.95400000e-08  1.36231955e-02 
 4.95600000e-08  1.30794463e-02 
 4.95800000e-08  1.25336232e-02 
 4.96000000e-08  1.19858127e-02 
 4.96200000e-08  1.14361015e-02 
 4.96400000e-08  1.08845768e-02 
 4.96600000e-08  1.03313260e-02 
 4.96800000e-08  9.77643670e-03 
 4.97000000e-08  9.21999691e-03 
 4.97200000e-08  8.66209481e-03 
 4.97400000e-08  8.10281887e-03 
 4.97600000e-08  7.54225774e-03 
 4.97800000e-08  6.98050032e-03 
 4.98000000e-08  6.41763567e-03 
 4.98200000e-08  5.85375307e-03 
 4.98400000e-08  5.28894193e-03 
 4.98600000e-08  4.72329184e-03 
 4.98800000e-08  4.15689252e-03 
 4.99000000e-08  3.58983381e-03 
 4.99200000e-08  3.02220565e-03 
 4.99400000e-08  2.45409810e-03 
 4.99600000e-08  1.88560127e-03 
 4.99800000e-08  1.31680534e-03 
 5.00000000e-08  7.47800564e-04 
 5.00200000e-08  1.78677196e-04 
 5.00400000e-08 -3.90474469e-04 
 5.00600000e-08 -9.59564140e-04 
 5.00800000e-08 -1.52850153e-03 
 5.01000000e-08 -2.09719639e-03 
 5.01200000e-08 -2.66555849e-03 
 5.01400000e-08 -3.23349768e-03 
 5.01600000e-08 -3.80092386e-03 
 5.01800000e-08 -4.36774701e-03 
 5.02000000e-08 -4.93387724e-03 
 5.02200000e-08 -5.49922474e-03 
 5.02400000e-08 -6.06369985e-03 
 5.02600000e-08 -6.62721304e-03 
 5.02800000e-08 -7.18967495e-03 
 5.03000000e-08 -7.75099639e-03 
 5.03200000e-08 -8.31108834e-03 
 5.03400000e-08 -8.86986201e-03 
 5.03600000e-08 -9.42722881e-03 
 5.03800000e-08 -9.98310039e-03 
 5.04000000e-08 -1.05373886e-02 
 5.04200000e-08 -1.10900057e-02 
 5.04400000e-08 -1.16408640e-02 
 5.04600000e-08 -1.21898762e-02 
 5.04800000e-08 -1.27369554e-02 
 5.05000000e-08 -1.32820149e-02 
 5.05200000e-08 -1.38249683e-02 
 5.05400000e-08 -1.43657297e-02 
 5.05600000e-08 -1.49042135e-02 
 5.05800000e-08 -1.54403343e-02 
 5.06000000e-08 -1.59740073e-02 
 5.06200000e-08 -1.65051480e-02 
 5.06400000e-08 -1.70336724e-02 
 5.06600000e-08 -1.75594968e-02 
 5.06800000e-08 -1.80825380e-02 
 5.07000000e-08 -1.86027133e-02 
 5.07200000e-08 -1.91199405e-02 
 5.07400000e-08 -1.96341376e-02 
 5.07600000e-08 -2.01452235e-02 
 5.07800000e-08 -2.06531174e-02 
 5.08000000e-08 -2.11577389e-02 
 5.08200000e-08 -2.16590083e-02 
 5.08400000e-08 -2.21568465e-02 
 5.08600000e-08 -2.26511748e-02 
 5.08800000e-08 -2.31419152e-02 
 5.09000000e-08 -2.36289901e-02 
 5.09200000e-08 -2.41123226e-02 
 5.09400000e-08 -2.45918366e-02 
 5.09600000e-08 -2.50674562e-02 
 5.09800000e-08 -2.55391066e-02 
 5.10000000e-08 -2.60067132e-02 
 5.10200000e-08 -2.64702024e-02 
 5.10400000e-08 -2.69295011e-02 
 5.10600000e-08 -2.73845369e-02 
 5.10800000e-08 -2.78352381e-02 
 5.11000000e-08 -2.82815336e-02 
 5.11200000e-08 -2.87233532e-02 
 5.11400000e-08 -2.91606273e-02 
 5.11600000e-08 -2.95932871e-02 
 5.11800000e-08 -3.00212645e-02 
 5.12000000e-08 -3.04444920e-02 
 5.12200000e-08 -3.08629032e-02 
 5.12400000e-08 -3.12764321e-02 
 5.12600000e-08 -3.16850139e-02 
 5.12800000e-08 -3.20885841e-02 
 5.13000000e-08 -3.24870795e-02 
 5.13200000e-08 -3.28804373e-02 
 5.13400000e-08 -3.32685958e-02 
 5.13600000e-08 -3.36514940e-02 
 5.13800000e-08 -3.40290718e-02 
 5.14000000e-08 -3.44012699e-02 
 5.14200000e-08 -3.47680299e-02 
 5.14400000e-08 -3.51292941e-02 
 5.14600000e-08 -3.54850060e-02 
 5.14800000e-08 -3.58351098e-02 
 5.15000000e-08 -3.61795505e-02 
 5.15200000e-08 -3.65182741e-02 
 5.15400000e-08 -3.68512275e-02 
 5.15600000e-08 -3.71783586e-02 
 5.15800000e-08 -3.74996162e-02 
 5.16000000e-08 -3.78149498e-02 
 5.16200000e-08 -3.81243101e-02 
 5.16400000e-08 -3.84276486e-02 
 5.16600000e-08 -3.87249180e-02 
 5.16800000e-08 -3.90160716e-02 
 5.17000000e-08 -3.93010638e-02 
 5.17200000e-08 -3.95798502e-02 
 5.17400000e-08 -3.98523871e-02 
 5.17600000e-08 -4.01186318e-02 
 5.17800000e-08 -4.03785428e-02 
 5.18000000e-08 -4.06320794e-02 
 5.18200000e-08 -4.08792020e-02 
 5.18400000e-08 -4.11198720e-02 
 5.18600000e-08 -4.13540517e-02 
 5.18800000e-08 -4.15817047e-02 
 5.19000000e-08 -4.18027952e-02 
 5.19200000e-08 -4.20172889e-02 
 5.19400000e-08 -4.22251522e-02 
 5.19600000e-08 -4.24263527e-02 
 5.19800000e-08 -4.26208590e-02 
 5.20000000e-08 -4.28086407e-02 
 5.20200000e-08 -4.29896685e-02 
 5.20400000e-08 -4.31639141e-02 
 5.20600000e-08 -4.33313505e-02 
 5.20800000e-08 -4.34919514e-02 
 5.21000000e-08 -4.36456919e-02 
 5.21200000e-08 -4.37925480e-02 
 5.21400000e-08 -4.39324967e-02 
 5.21600000e-08 -4.40655162e-02 
 5.21800000e-08 -4.41915859e-02 
 5.22000000e-08 -4.43106861e-02 
 5.22200000e-08 -4.44227981e-02 
 5.22400000e-08 -4.45279046e-02 
 5.22600000e-08 -4.46259891e-02 
 5.22800000e-08 -4.47170364e-02 
 5.23000000e-08 -4.48010323e-02 
 5.23200000e-08 -4.48779637e-02 
 5.23400000e-08 -4.49478186e-02 
 5.23600000e-08 -4.50105862e-02 
 5.23800000e-08 -4.50662566e-02 
 5.24000000e-08 -4.51148211e-02 
 5.24200000e-08 -4.51562724e-02 
 5.24400000e-08 -4.51906037e-02 
 5.24600000e-08 -4.52178099e-02 
 5.24800000e-08 -4.52378867e-02 
 5.25000000e-08 -4.52508309e-02 
 5.25200000e-08 -4.52566406e-02 
 5.25400000e-08 -4.52553148e-02 
 5.25600000e-08 -4.52468537e-02 
 5.25800000e-08 -4.52312587e-02 
 5.26000000e-08 -4.52085321e-02 
 5.26200000e-08 -4.51786776e-02 
 5.26400000e-08 -4.51416997e-02 
 5.26600000e-08 -4.50976042e-02 
 5.26800000e-08 -4.50463981e-02 
 5.27000000e-08 -4.49880891e-02 
 5.27200000e-08 -4.49226865e-02 
 5.27400000e-08 -4.48502004e-02 
 5.27600000e-08 -4.47706422e-02 
 5.27800000e-08 -4.46840241e-02 
 5.28000000e-08 -4.45903597e-02 
 5.28200000e-08 -4.44896636e-02 
 5.28400000e-08 -4.43819514e-02 
 5.28600000e-08 -4.42672400e-02 
 5.28800000e-08 -4.41455472e-02 
 5.29000000e-08 -4.40168920e-02 
 5.29200000e-08 -4.38812945e-02 
 5.29400000e-08 -4.37387756e-02 
 5.29600000e-08 -4.35893578e-02 
 5.29800000e-08 -4.34330643e-02 
 5.30000000e-08 -4.32699194e-02 
 5.30200000e-08 -4.30999486e-02 
 5.30400000e-08 -4.29231784e-02 
 5.30600000e-08 -4.27396363e-02 
 5.30800000e-08 -4.25493511e-02 
 5.31000000e-08 -4.23523524e-02 
 5.31200000e-08 -4.21486709e-02 
 5.31400000e-08 -4.19383384e-02 
 5.31600000e-08 -4.17213878e-02 
 5.31800000e-08 -4.14978530e-02 
 5.32000000e-08 -4.12677687e-02 
 5.32200000e-08 -4.10311711e-02 
 5.32400000e-08 -4.07880970e-02 
 5.32600000e-08 -4.05385844e-02 
 5.32800000e-08 -4.02826723e-02 
 5.33000000e-08 -4.00204008e-02 
 5.33200000e-08 -3.97518107e-02 
 5.33400000e-08 -3.94769442e-02 
 5.33600000e-08 -3.91958441e-02 
 5.33800000e-08 -3.89085546e-02 
 5.34000000e-08 -3.86151204e-02 
 5.34200000e-08 -3.83155876e-02 
 5.34400000e-08 -3.80100030e-02 
 5.34600000e-08 -3.76984144e-02 
 5.34800000e-08 -3.73808707e-02 
 5.35000000e-08 -3.70574216e-02 
 5.35200000e-08 -3.67281178e-02 
 5.35400000e-08 -3.63930108e-02 
 5.35600000e-08 -3.60521532e-02 
 5.35800000e-08 -3.57055985e-02 
 5.36000000e-08 -3.53534008e-02 
 5.36200000e-08 -3.49956156e-02 
 5.36400000e-08 -3.46322989e-02 
 5.36600000e-08 -3.42635078e-02 
 5.36800000e-08 -3.38893000e-02 
 5.37000000e-08 -3.35097344e-02 
 5.37200000e-08 -3.31248706e-02 
 5.37400000e-08 -3.27347690e-02 
 5.37600000e-08 -3.23394908e-02 
 5.37800000e-08 -3.19390983e-02 
 5.38000000e-08 -3.15336543e-02 
 5.38200000e-08 -3.11232225e-02 
 5.38400000e-08 -3.07078675e-02 
 5.38600000e-08 -3.02876547e-02 
 5.38800000e-08 -2.98626501e-02 
 5.39000000e-08 -2.94329206e-02 
 5.39200000e-08 -2.89985339e-02 
 5.39400000e-08 -2.85595583e-02 
 5.39600000e-08 -2.81160629e-02 
 5.39800000e-08 -2.76681176e-02 
 5.40000000e-08 -2.72157930e-02 
 5.40200000e-08 -2.67591604e-02 
 5.40400000e-08 -2.62982916e-02 
 5.40600000e-08 -2.58332595e-02 
 5.40800000e-08 -2.53641371e-02 
 5.41000000e-08 -2.48909987e-02 
 5.41200000e-08 -2.44139188e-02 
 5.41400000e-08 -2.39329726e-02 
 5.41600000e-08 -2.34482362e-02 
 5.41800000e-08 -2.29597859e-02 
 5.42000000e-08 -2.24676989e-02 
 5.42200000e-08 -2.19720529e-02 
 5.42400000e-08 -2.14729263e-02 
 5.42600000e-08 -2.09703977e-02 
 5.42800000e-08 -2.04645468e-02 
 5.43000000e-08 -1.99554533e-02 
 5.43200000e-08 -1.94431978e-02 
 5.43400000e-08 -1.89278612e-02 
 5.43600000e-08 -1.84095250e-02 
 5.43800000e-08 -1.78882712e-02 
 5.44000000e-08 -1.73641823e-02 
 5.44200000e-08 -1.68373412e-02 
 5.44400000e-08 -1.63078312e-02 
 5.44600000e-08 -1.57757361e-02 
 5.44800000e-08 -1.52411402e-02 
 5.45000000e-08 -1.47041280e-02 
 5.45200000e-08 -1.41647846e-02 
 5.45400000e-08 -1.36231955e-02 
 5.45600000e-08 -1.30794463e-02 
 5.45800000e-08 -1.25336232e-02 
 5.46000000e-08 -1.19858127e-02 
 5.46200000e-08 -1.14361015e-02 
 5.46400000e-08 -1.08845768e-02 
 5.46600000e-08 -1.03313260e-02 
 5.46800000e-08 -9.77643670e-03 
 5.47000000e-08 -9.21999690e-03 
 5.47200000e-08 -8.66209481e-03 
 5.47400000e-08 -8.10281887e-03 
 5.47600000e-08 -7.54225774e-03 
 5.47800000e-08 -6.98050032e-03 
 5.48000000e-08 -6.41763567e-03 
 5.48200000e-08 -5.85375307e-03 
 5.48400000e-08 -5.28894193e-03 
 5.48600000e-08 -4.72329184e-03 
 5.48800000e-08 -4.15689252e-03 
 5.49000000e-08 -3.58983381e-03 
 5.49200000e-08 -3.02220565e-03 
 5.49400000e-08 -2.45409810e-03 
 5.49600000e-08 -1.88560127e-03 
 5.49800000e-08 -1.31680534e-03 
 5.50000000e-08 -7.47800563e-04 
 5.50200000e-08 -1.78677197e-04 
 5.50400000e-08  3.90474469e-04 
 5.50600000e-08  9.59564140e-04 
 5.50800000e-08  1.52850153e-03 
 5.51000000e-08  2.09719639e-03 
 5.51200000e-08  2.66555849e-03 
 5.51400000e-08  3.23349768e-03 
 5.51600000e-08  3.80092386e-03 
 5.51800000e-08  4.36774701e-03 
 5.52000000e-08  4.93387724e-03 
 5.52200000e-08  5.49922474e-03 
 5.52400000e-08  6.06369985e-03 
 5.52600000e-08  6.62721304e-03 
 5.52800000e-08  7.18967495e-03 
 5.53000000e-08  7.75099639e-03 
 5.53200000e-08  8.31108834e-03 
 5.53400000e-08  8.86986201e-03 
 5.53600000e-08  9.42722881e-03 
 5.53800000e-08  9.98310039e-03 
 5.54000000e-08  1.05373886e-02 
 5.54200000e-08  1.10900057e-02 
 5.54400000e-08  1.16408640e-02 
 5.54600000e-08  1.21898762e-02 
 5.54800000e-08  1.27369554e-02 
 5.55000000e-08  1.32820149e-02 
 5.55200000e-08  1.38249683e-02 
 5.55400000e-08  1.43657297e-02 
 5.55600000e-08  1.49042135e-02 
 5.55800000e-08  1.54403343e-02 
 5.56000000e-08  1.59740073e-02 
 5.56200000e-08  1.65051480e-02 
 5.56400000e-08  1.70336724e-02 
 5.56600000e-08  1.75594968e-02 
 5.56800000e-08  1.80825380e-02 
 5.57000000e-08  1.86027133e-02 
 5.57200000e-08  1.91199405e-02 
 5.57400000e-08  1.96341376e-02 
 5.57600000e-08  2.01452235e-02 
 5.57800000e-08  2.06531174e-02 
 5.58000000e-08  2.11577389e-02 
 5.58200000e-08  2.16590083e-02 
 5.58400000e-08  2.21568465e-02 
 5.58600000e-08  2.26511748e-02 
 5.58800000e-08  2.31419152e-02 
 5.59000000e-08  2.36289901e-02 
 5.59200000e-08  2.41123226e-02 
 5.59400000e-08  2.45918366e-02 
 5.59600000e-08  2.50674562e-02 
 5.59800000e-08  2.55391066e-02 
 5.60000000e-08  2.60067132e-02 
 5.60200000e-08  2.64702024e-02 
 5.60400000e-08  2.69295011e-02 
 5.60600000e-08  2.73845369e-02 
 5.60800000e-08  2.78352381e-02 
 5.61000000e-08  2.82815336e-02 
 5.61200000e-08  2.87233532e-02 
 5.61400000e-08  2.91606273e-02 
 5.61600000e-08  2.95932871e-02 
 5.61800000e-08  3.00212645e-02 
 5.62000000e-08  3.04444920e-02 
 5.62200000e-08  3.08629032e-02 
 5.62400000e-08  3.12764321e-02 
 5.62600000e-08  3.16850139e-02 
 5.62800000e-08  3.20885841e-02 
 5.63000000e-08  3.24870795e-02 
 5.63200000e-08  3.28804373e-02 
 5.63400000e-08  3.32685958e-02 
 5.63600000e-08  3.36514940e-02 
 5.63800000e-08  3.40290718e-02 
 5.64000000e-08  3.44012699e-02 
 5.64200000e-08  3.47680299e-02 
 5.64400000e-08  3.51292941e-02 
 5.64600000e-08  3.54850060e-02 
 5.64800000e-08  3.58351098e-02 
 5.65000000e-08  3.61795505e-02 
 5.65200000e-08  3.65182741e-02 
 5.65400000e-08  3.68512275e-02 
 5.65600000e-08  3.71783586e-02 
 5.65800000e-08  3.74996162e-02 
 5.66000000e-08  3.78149498e-02 
 5.66200000e-08  3.81243101e-02 
 5.66400000e-08  3.84276486e-02 
 5.66600000e-08  3.87249180e-02 
 5.66800000e-08  3.90160716e-02 
 5.67000000e-08  3.93010638e-02 
 5.67200000e-08  3.95798502e-02 
 5.67400000e-08  3.98523871e-02 
 5.67600000e-08  4.01186318e-02 
 5.67800000e-08  4.03785428e-02 
 5.68000000e-08  4.06320794e-02 
 5.68200000e-08  4.08792020e-02 
 5.68400000e-08  4.11198720e-02 
 5.68600000e-08  4.13540517e-02 
 5.68800000e-08  4.15817047e-02 
 5.69000000e-08  4.18027952e-02 
 5.69200000e-08  4.20172889e-02 
 5.69400000e-08  4.22251522e-02 
 5.69600000e-08  4.24263527e-02 
 5.69800000e-08  4.26208590e-02 
 5.70000000e-08  4.28086407e-02 
 5.70200000e-08  4.29896685e-02 
 5.70400000e-08  4.31639141e-02 
 5.70600000e-08  4.33313505e-02 
 5.70800000e-08  4.34919514e-02 
 5.71000000e-08  4.36456919e-02 
 5.71200000e-08  4.37925480e-02 
 5.71400000e-08  4.39324967e-02 
 5.71600000e-08  4.40655162e-02 
 5.71800000e-08  4.41915859e-02 
 5.72000000e-08  4.43106861e-02 
 5.72200000e-08  4.44227981e-02 
 5.72400000e-08  4.45279046e-02 
 5.72600000e-08  4.46259891e-02 
 5.72800000e-08  4.47170364e-02 
 5.73000000e-08  4.48010323e-02 
 5.73200000e-08  4.48779637e-02 
 5.73400000e-08  4.49478186e-02 
 5.73600000e-08  4.50105862e-02 
 5.73800000e-08  4.50662566e-02 
 5.74000000e-08  4.51148211e-02 
 5.74200000e-08  4.51562724e-02 
 5.74400000e-08  4.51906037e-02 
 5.74600000e-08  4.52178099e-02 
 5.74800000e-08  4.52378867e-02 
 5.75000000e-08  4.52508309e-02 
 5.75200000e-08  4.52566406e-02 
 5.75400000e-08  4.52553148e-02 
 5.75600000e-08  4.52468537e-02 
 5.75800000e-08  4.52312587e-02 
 5.76000000e-08  4.52085321e-02 
 5.76200000e-08  4.51786776e-02 
 5.76400000e-08  4.51416997e-02 
 5.76600000e-08  4.50976042e-02 
 5.76800000e-08  4.50463981e-02 
 5.77000000e-08  4.49880891e-02 
 5.77200000e-08  4.49226865e-02 
 5.77400000e-08  4.48502004e-02 
 5.77600000e-08  4.47706422e-02 
 5.77800000e-08  4.46840241e-02 
 5.78000000e-08  4.45903597e-02 
 5.78200000e-08  4.44896636e-02 
 5.78400000e-08  4.43819514e-02 
 5.78600000e-08  4.42672400e-02 
 5.78800000e-08  4.41455472e-02 
 5.79000000e-08  4.40168920e-02 
 5.79200000e-08  4.38812945e-02 
 5.79400000e-08  4.37387756e-02 
 5.79600000e-08  4.35893578e-02 
 5.79800000e-08  4.34330643e-02 
 5.80000000e-08  4.32699194e-02 
 5.80200000e-08  4.30999486e-02 
 5.80400000e-08  4.29231784e-02 
 5.80600000e-08  4.27396363e-02 
 5.80800000e-08  4.25493511e-02 
 5.81000000e-08  4.23523524e-02 
 5.81200000e-08  4.21486709e-02 
 5.81400000e-08  4.19383384e-02 
 5.81600000e-08  4.17213878e-02 
 5.81800000e-08  4.14978530e-02 
 5.82000000e-08  4.12677687e-02 
 5.82200000e-08  4.10311711e-02 
 5.82400000e-08  4.07880970e-02 
 5.82600000e-08  4.05385844e-02 
 5.82800000e-08  4.02826723e-02 
 5.83000000e-08  4.00204008e-02 
 5.83200000e-08  3.97518107e-02 
 5.83400000e-08  3.94769442e-02 
 5.83600000e-08  3.91958441e-02 
 5.83800000e-08  3.89085546e-02 
 5.84000000e-08  3.86151204e-02 
 5.84200000e-08  3.83155876e-02 
 5.84400000e-08  3.80100030e-02 
 5.84600000e-08  3.76984144e-02 
 5.84800000e-08  3.73808707e-02 
 5.85000000e-08  3.70574216e-02 
 5.85200000e-08  3.67281178e-02 
 5.85400000e-08  3.63930108e-02 
 5.85600000e-08  3.60521532e-02 
 5.85800000e-08  3.57055985e-02 
 5.86000000e-08  3.53534008e-02 
 5.86200000e-08  3.49956156e-02 
 5.86400000e-08  3.46322989e-02 
 5.86600000e-08  3.42635078e-02 
 5.86800000e-08  3.38893000e-02 
 5.87000000e-08  3.35097344e-02 
 5.87200000e-08  3.31248706e-02 
 5.87400000e-08  3.27347690e-02 
 5.87600000e-08  3.23394908e-02 
 5.87800000e-08  3.19390983e-02 
 5.88000000e-08  3.15336543e-02 
 5.88200000e-08  3.11232225e-02 
 5.88400000e-08  3.07078675e-02 
 5.88600000e-08  3.02876547e-02 
 5.88800000e-08  2.98626501e-02 
 5.89000000e-08  2.94329206e-02 
 5.89200000e-08  2.89985339e-02 
 5.89400000e-08  2.85595583e-02 
 5.89600000e-08  2.81160629e-02 
 5.89800000e-08  2.76681176e-02 
 5.90000000e-08  2.72157930e-02 
 5.90200000e-08  2.67591604e-02 
 5.90400000e-08  2.62982916e-02 
 5.90600000e-08  2.58332595e-02 
 5.90800000e-08  2.53641371e-02 
 5.91000000e-08  2.48909987e-02 
 5.91200000e-08  2.44139188e-02 
 5.91400000e-08  2.39329726e-02 
 5.91600000e-08  2.34482362e-02 
 5.91800000e-08  2.29597859e-02 
 5.92000000e-08  2.24676989e-02 
 5.92200000e-08  2.19720529e-02 
 5.92400000e-08  2.14729263e-02 
 5.92600000e-08  2.09703977e-02 
 5.92800000e-08  2.04645468e-02 
 5.93000000e-08  1.99554533e-02 
 5.93200000e-08  1.94431978e-02 
 5.93400000e-08  1.89278612e-02 
 5.93600000e-08  1.84095250e-02 
 5.93800000e-08  1.78882712e-02 
 5.94000000e-08  1.73641823e-02 
 5.94200000e-08  1.68373412e-02 
 5.94400000e-08  1.63078312e-02 
 5.94600000e-08  1.57757361e-02 
 5.94800000e-08  1.52411402e-02 
 5.95000000e-08  1.47041280e-02 
 5.95200000e-08  1.41647846e-02 
 5.95400000e-08  1.36231955e-02 
 5.95600000e-08  1.30794463e-02 
 5.95800000e-08  1.25336232e-02 
 5.96000000e-08  1.19858127e-02 
 5.96200000e-08  1.14361015e-02 
 5.96400000e-08  1.08845768e-02 
 5.96600000e-08  1.03313260e-02 
 5.96800000e-08  9.77643670e-03 
 5.97000000e-08  9.21999690e-03 
 5.97200000e-08  8.66209481e-03 
 5.97400000e-08  8.10281887e-03 
 5.97600000e-08  7.54225774e-03 
 5.97800000e-08  6.98050032e-03 
 5.98000000e-08  6.41763567e-03 
 5.98200000e-08  5.85375307e-03 
 5.98400000e-08  5.28894193e-03 
 5.98600000e-08  4.72329184e-03 
 5.98800000e-08  4.15689252e-03 
 5.99000000e-08  3.58983381e-03 
 5.99200000e-08  3.02220565e-03 
 5.99400000e-08  2.45409810e-03 
 5.99600000e-08  1.88560127e-03 
 5.99800000e-08  1.31680534e-03 
 6.00000000e-08  7.47811350e-04 
