 0.00000000e+00 -3.46944695e-18 
 2.00000000e-11  1.38071860e-04 
 4.00000000e-11  1.30388863e-04 
 6.00000000e-11  1.19524738e-04 
 8.00000000e-11  1.07397828e-04 
 1.00000000e-10  9.41757672e-05 
 1.20000000e-10  7.99965095e-05 
 1.40000000e-10  6.49712652e-05 
 1.60000000e-10  4.92112752e-05 
 1.80000000e-10  3.28022143e-05 
 2.00000000e-10  1.58298656e-05 
 2.20000000e-10 -1.63825171e-06 
 2.40000000e-10 -1.95363719e-05 
 2.60000000e-10 -3.78108667e-05 
 2.80000000e-10 -5.64113167e-05 
 3.00000000e-10 -7.52948740e-05 
 3.20000000e-10 -9.44228186e-05 
 3.40000000e-10 -1.13760701e-04 
 3.60000000e-10 -1.33278702e-04 
 3.80000000e-10 -1.52948928e-04 
 4.00000000e-10 -1.72748318e-04 
 4.20000000e-10 -1.92654104e-04 
 4.40000000e-10 -2.12648351e-04 
 4.60000000e-10 -2.32712306e-04 
 4.80000000e-10 -2.52831913e-04 
 5.00000000e-10 -2.72991571e-04 
 5.20000000e-10 -2.93180150e-04 
 5.40000000e-10 -3.13384531e-04 
 5.60000000e-10 -3.33595790e-04 
 5.80000000e-10 -3.53802764e-04 
 6.00000000e-10 -3.73998184e-04 
 6.20000000e-10 -3.94172437e-04 
 6.40000000e-10 -4.14319492e-04 
 6.60000000e-10 -4.34430969e-04 
 6.80000000e-10 -4.54501758e-04 
 7.00000000e-10 -4.74524460e-04 
 7.20000000e-10 -4.94494652e-04 
 7.40000000e-10 -5.14405723e-04 
 7.60000000e-10 -5.34253752e-04 
 7.80000000e-10 -5.54032764e-04 
 8.00000000e-10 -5.73739211e-04 
 8.20000000e-10 -5.93367629e-04 
 8.40000000e-10 -6.12914742e-04 
 8.60000000e-10 -6.32375507e-04 
 8.80000000e-10 -6.51746844e-04 
 9.00000000e-10 -6.71024055e-04 
 9.20000000e-10 -6.90204203e-04 
 9.40000000e-10 -7.09282877e-04 
 9.60000000e-10 -7.28257239e-04 
 9.80000000e-10 -7.47123124e-04 
 1.00000000e-09 -7.65877764e-04 
 1.02000000e-09 -7.84517199e-04 
 1.04000000e-09 -8.03038715e-04 
 1.06000000e-09 -8.21438526e-04 
 1.08000000e-09 -8.39713959e-04 
 1.10000000e-09 -8.57861380e-04 
 1.12000000e-09 -8.75878147e-04 
 1.14000000e-09 -8.93760760e-04 
 1.16000000e-09 -9.11506602e-04 
 1.18000000e-09 -9.29112293e-04 
 1.20000000e-09 -9.46575239e-04 
 1.22000000e-09 -9.63892169e-04 
 1.24000000e-09 -9.81060510e-04 
 1.26000000e-09 -9.98077090e-04 
 1.28000000e-09 -1.01493936e-03 
 1.30000000e-09 -1.03164424e-03 
 1.32000000e-09 -1.04818920e-03 
 1.34000000e-09 -1.06457126e-03 
 1.36000000e-09 -1.08078790e-03 
 1.38000000e-09 -1.09683623e-03 
 1.40000000e-09 -1.11271378e-03 
 1.42000000e-09 -1.12841770e-03 
 1.44000000e-09 -1.14394557e-03 
 1.46000000e-09 -1.15929463e-03 
 1.48000000e-09 -1.17446248e-03 
 1.50000000e-09 -1.18944645e-03 
 1.52000000e-09 -1.20424416e-03 
 1.54000000e-09 -1.21885302e-03 
 1.56000000e-09 -1.23327071e-03 
 1.58000000e-09 -1.24749470e-03 
 1.60000000e-09 -1.26152271e-03 
 1.62000000e-09 -1.27535229e-03 
 1.64000000e-09 -1.28898122e-03 
 1.66000000e-09 -1.30240711e-03 
 1.68000000e-09 -1.31562780e-03 
 1.70000000e-09 -1.32864097e-03 
 1.72000000e-09 -1.34144451e-03 
 1.74000000e-09 -1.35403619e-03 
 1.76000000e-09 -1.36641395e-03 
 1.78000000e-09 -1.37857565e-03 
 1.80000000e-09 -1.39051927e-03 
 1.82000000e-09 -1.40224274e-03 
 1.84000000e-09 -1.41374414e-03 
 1.86000000e-09 -1.42502146e-03 
 1.88000000e-09 -1.43607284e-03 
 1.90000000e-09 -1.44689635e-03 
 1.92000000e-09 -1.45749021e-03 
 1.94000000e-09 -1.46785257e-03 
 1.96000000e-09 -1.47798171e-03 
 1.98000000e-09 -1.48787588e-03 
 2.00000000e-09 -1.49753341e-03 
 2.02000000e-09 -1.50695265e-03 
 2.04000000e-09 -1.51613202e-03 
 2.06000000e-09 -1.52506992e-03 
 2.08000000e-09 -1.53376486e-03 
 2.10000000e-09 -1.54221535e-03 
 2.12000000e-09 -1.55041996e-03 
 2.14000000e-09 -1.55837728e-03 
 2.16000000e-09 -1.56608597e-03 
 2.18000000e-09 -1.57354471e-03 
 2.20000000e-09 -1.58075225e-03 
 2.22000000e-09 -1.58770735e-03 
 2.24000000e-09 -1.59440885e-03 
 2.26000000e-09 -1.60085559e-03 
 2.28000000e-09 -1.60704650e-03 
 2.30000000e-09 -1.61298053e-03 
 2.32000000e-09 -1.61865668e-03 
 2.34000000e-09 -1.62407399e-03 
 2.36000000e-09 -1.62923156e-03 
 2.38000000e-09 -1.63412851e-03 
 2.40000000e-09 -1.63876404e-03 
 2.42000000e-09 -1.64313736e-03 
 2.44000000e-09 -1.64724776e-03 
 2.46000000e-09 -1.65109456e-03 
 2.48000000e-09 -1.65467712e-03 
 2.50000000e-09 -1.65799486e-03 
 2.52000000e-09 -1.66104724e-03 
 2.54000000e-09 -1.66383376e-03 
 2.56000000e-09 -1.66635399e-03 
 2.58000000e-09 -1.66860753e-03 
 2.60000000e-09 -1.67059402e-03 
 2.62000000e-09 -1.67231316e-03 
 2.64000000e-09 -1.67376470e-03 
 2.66000000e-09 -1.67494842e-03 
 2.68000000e-09 -1.67586418e-03 
 2.70000000e-09 -1.67651185e-03 
 2.72000000e-09 -1.67689136e-03 
 2.74000000e-09 -1.67700270e-03 
 2.76000000e-09 -1.67684590e-03 
 2.78000000e-09 -1.67642103e-03 
 2.80000000e-09 -1.67572822e-03 
 2.82000000e-09 -1.67476762e-03 
 2.84000000e-09 -1.67353947e-03 
 2.86000000e-09 -1.67204401e-03 
 2.88000000e-09 -1.67028156e-03 
 2.90000000e-09 -1.66825248e-03 
 2.92000000e-09 -1.66595717e-03 
 2.94000000e-09 -1.66339607e-03 
 2.96000000e-09 -1.66056967e-03 
 2.98000000e-09 -1.65747853e-03 
 3.00000000e-09 -1.65412322e-03 
 3.02000000e-09 -1.65050436e-03 
 3.04000000e-09 -1.64662265e-03 
 3.06000000e-09 -1.64247879e-03 
 3.08000000e-09 -1.63807355e-03 
 3.10000000e-09 -1.63340774e-03 
 3.12000000e-09 -1.62848220e-03 
 3.14000000e-09 -1.62329784e-03 
 3.16000000e-09 -1.61785560e-03 
 3.18000000e-09 -1.61215644e-03 
 3.20000000e-09 -1.60620141e-03 
 3.22000000e-09 -1.59999156e-03 
 3.24000000e-09 -1.59352800e-03 
 3.26000000e-09 -1.58681189e-03 
 3.28000000e-09 -1.57984441e-03 
 3.30000000e-09 -1.57262680e-03 
 3.32000000e-09 -1.56516032e-03 
 3.34000000e-09 -1.55744629e-03 
 3.36000000e-09 -1.54948606e-03 
 3.38000000e-09 -1.54128103e-03 
 3.40000000e-09 -1.53283261e-03 
 3.42000000e-09 -1.52414229e-03 
 3.44000000e-09 -1.51521156e-03 
 3.46000000e-09 -1.50604197e-03 
 3.48000000e-09 -1.49663510e-03 
 3.50000000e-09 -1.48699257e-03 
 3.52000000e-09 -1.47711602e-03 
 3.54000000e-09 -1.46700716e-03 
 3.56000000e-09 -1.45666770e-03 
 3.58000000e-09 -1.44609940e-03 
 3.60000000e-09 -1.43530406e-03 
 3.62000000e-09 -1.42428351e-03 
 3.64000000e-09 -1.41303960e-03 
 3.66000000e-09 -1.40157424e-03 
 3.68000000e-09 -1.38988934e-03 
 3.70000000e-09 -1.37798686e-03 
 3.72000000e-09 -1.36586881e-03 
 3.74000000e-09 -1.35353719e-03 
 3.76000000e-09 -1.34099406e-03 
 3.78000000e-09 -1.32824151e-03 
 3.80000000e-09 -1.31528164e-03 
 3.82000000e-09 -1.30211659e-03 
 3.84000000e-09 -1.28874855e-03 
 3.86000000e-09 -1.27517970e-03 
 3.88000000e-09 -1.26141227e-03 
 3.90000000e-09 -1.24744852e-03 
 3.92000000e-09 -1.23329072e-03 
 3.94000000e-09 -1.21894118e-03 
 3.96000000e-09 -1.20440224e-03 
 3.98000000e-09 -1.18967626e-03 
 4.00000000e-09 -1.17476562e-03 
 4.02000000e-09 -1.15967272e-03 
 4.04000000e-09 -1.14440000e-03 
 4.06000000e-09 -1.12894991e-03 
 4.08000000e-09 -1.11332494e-03 
 4.10000000e-09 -1.09752759e-03 
 4.12000000e-09 -1.08156037e-03 
 4.14000000e-09 -1.06542585e-03 
 4.16000000e-09 -1.04912658e-03 
 4.18000000e-09 -1.03266515e-03 
 4.20000000e-09 -1.01604418e-03 
 4.22000000e-09 -9.99266293e-04 
 4.24000000e-09 -9.82334138e-04 
 4.26000000e-09 -9.65250385e-04 
 4.28000000e-09 -9.48017722e-04 
 4.30000000e-09 -9.30638856e-04 
 4.32000000e-09 -9.13116512e-04 
 4.34000000e-09 -8.95453431e-04 
 4.36000000e-09 -8.77652373e-04 
 4.38000000e-09 -8.59716116e-04 
 4.40000000e-09 -8.41647452e-04 
 4.42000000e-09 -8.23449191e-04 
 4.44000000e-09 -8.05124157e-04 
 4.46000000e-09 -7.86675193e-04 
 4.48000000e-09 -7.68105153e-04 
 4.50000000e-09 -7.49416908e-04 
 4.52000000e-09 -7.30613343e-04 
 4.54000000e-09 -7.11697356e-04 
 4.56000000e-09 -6.92671860e-04 
 4.58000000e-09 -6.73539780e-04 
 4.60000000e-09 -6.54304055e-04 
 4.62000000e-09 -6.34967636e-04 
 4.64000000e-09 -6.15533486e-04 
 4.66000000e-09 -5.96004580e-04 
 4.68000000e-09 -5.76383905e-04 
 4.70000000e-09 -5.56674459e-04 
 4.72000000e-09 -5.36879250e-04 
 4.74000000e-09 -5.17001298e-04 
 4.76000000e-09 -4.97043632e-04 
 4.78000000e-09 -4.77009292e-04 
 4.80000000e-09 -4.56901327e-04 
 4.82000000e-09 -4.36722794e-04 
 4.84000000e-09 -4.16476761e-04 
 4.86000000e-09 -3.96166304e-04 
 4.88000000e-09 -3.75794506e-04 
 4.90000000e-09 -3.55364460e-04 
 4.92000000e-09 -3.34879265e-04 
 4.94000000e-09 -3.14342028e-04 
 4.96000000e-09 -2.93755864e-04 
 4.98000000e-09 -2.73123893e-04 
 5.00000000e-09 -2.52449242e-04 
 5.02000000e-09 -2.31735044e-04 
 5.04000000e-09 -2.10984440e-04 
 5.06000000e-09 -1.90200572e-04 
 5.08000000e-09 -1.69386592e-04 
 5.10000000e-09 -1.48545653e-04 
 5.12000000e-09 -1.27680915e-04 
 5.14000000e-09 -1.06795542e-04 
 5.16000000e-09 -8.58926996e-05 
 5.18000000e-09 -6.49755602e-05 
 5.20000000e-09 -4.40472976e-05 
 5.22000000e-09 -2.31110889e-05 
 5.24000000e-09 -2.17011404e-06 
 5.26000000e-09  1.87724450e-05 
 5.28000000e-09  3.97134039e-05 
 5.30000000e-09  6.06495771e-05 
 5.32000000e-09  8.15777774e-05 
 5.34000000e-09  1.02494817e-04 
 5.36000000e-09  1.23397506e-04 
 5.38000000e-09  1.44282657e-04 
 5.40000000e-09  1.65147080e-04 
 5.42000000e-09  1.85987587e-04 
 5.44000000e-09  2.06800990e-04 
 5.46000000e-09  2.27584102e-04 
 5.48000000e-09  2.48333737e-04 
 5.50000000e-09  2.69046713e-04 
 5.52000000e-09  2.89719849e-04 
 5.54000000e-09  3.10349964e-04 
 5.56000000e-09  3.30933885e-04 
 5.58000000e-09  3.51468438e-04 
 5.60000000e-09  3.71950455e-04 
 5.62000000e-09  3.92376771e-04 
 5.64000000e-09  4.12744226e-04 
 5.66000000e-09  4.33049666e-04 
 5.68000000e-09  4.53289941e-04 
 5.70000000e-09  4.73461907e-04 
 5.72000000e-09  4.93562425e-04 
 5.74000000e-09  5.13588366e-04 
 5.76000000e-09  5.33536605e-04 
 5.78000000e-09  5.53404025e-04 
 5.80000000e-09  5.73187517e-04 
 5.82000000e-09  5.92883982e-04 
 5.84000000e-09  6.12490327e-04 
 5.86000000e-09  6.32003472e-04 
 5.88000000e-09  6.51420342e-04 
 5.90000000e-09  6.70737876e-04 
 5.92000000e-09  6.89953023e-04 
 5.94000000e-09  7.09062742e-04 
 5.96000000e-09  7.28064004e-04 
 5.98000000e-09  7.46953793e-04 
 6.00000000e-09  7.65729104e-04 
 6.02000000e-09  7.84386947e-04 
 6.04000000e-09  8.02924346e-04 
 6.06000000e-09  8.21338336e-04 
 6.08000000e-09  8.39625970e-04 
 6.10000000e-09  8.57784314e-04 
 6.12000000e-09  8.75810452e-04 
 6.14000000e-09  8.93701481e-04 
 6.16000000e-09  9.11454519e-04 
 6.18000000e-09  9.29066697e-04 
 6.20000000e-09  9.46535167e-04 
 6.22000000e-09  9.63857097e-04 
 6.24000000e-09  9.81029677e-04 
 6.26000000e-09  9.98050114e-04 
 6.28000000e-09  1.01491564e-03 
 6.30000000e-09  1.03162349e-03 
 6.32000000e-09  1.04817095e-03 
 6.34000000e-09  1.06455530e-03 
 6.36000000e-09  1.08077386e-03 
 6.38000000e-09  1.09682396e-03 
 6.40000000e-09  1.11270297e-03 
 6.42000000e-09  1.12840826e-03 
 6.44000000e-09  1.14393725e-03 
 6.46000000e-09  1.15928737e-03 
 6.48000000e-09  1.17445608e-03 
 6.50000000e-09  1.18944086e-03 
 6.52000000e-09  1.20423923e-03 
 6.54000000e-09  1.21884872e-03 
 6.56000000e-09  1.23326691e-03 
 6.58000000e-09  1.24749139e-03 
 6.60000000e-09  1.26151979e-03 
 6.62000000e-09  1.27534975e-03 
 6.64000000e-09  1.28897897e-03 
 6.66000000e-09  1.30240516e-03 
 6.68000000e-09  1.31562606e-03 
 6.70000000e-09  1.32863946e-03 
 6.72000000e-09  1.34144317e-03 
 6.74000000e-09  1.35403503e-03 
 6.76000000e-09  1.36641293e-03 
 6.78000000e-09  1.37857476e-03 
 6.80000000e-09  1.39051847e-03 
 6.82000000e-09  1.40224206e-03 
 6.84000000e-09  1.41374353e-03 
 6.86000000e-09  1.42502093e-03 
 6.88000000e-09  1.43607236e-03 
 6.90000000e-09  1.44689595e-03 
 6.92000000e-09  1.45748984e-03 
 6.94000000e-09  1.46785226e-03 
 6.96000000e-09  1.47798143e-03 
 6.98000000e-09  1.48787563e-03 
 7.00000000e-09  1.49753319e-03 
 7.02000000e-09  1.50695246e-03 
 7.04000000e-09  1.51613185e-03 
 7.06000000e-09  1.52506977e-03 
 7.08000000e-09  1.53376473e-03 
 7.10000000e-09  1.54221524e-03 
 7.12000000e-09  1.55041985e-03 
 7.14000000e-09  1.55837719e-03 
 7.16000000e-09  1.56608589e-03 
 7.18000000e-09  1.57354464e-03 
 7.20000000e-09  1.58075219e-03 
 7.22000000e-09  1.58770730e-03 
 7.24000000e-09  1.59440880e-03 
 7.26000000e-09  1.60085555e-03 
 7.28000000e-09  1.60704646e-03 
 7.30000000e-09  1.61298050e-03 
 7.32000000e-09  1.61865665e-03 
 7.34000000e-09  1.62407396e-03 
 7.36000000e-09  1.62923153e-03 
 7.38000000e-09  1.63412849e-03 
 7.40000000e-09  1.63876402e-03 
 7.42000000e-09  1.64313735e-03 
 7.44000000e-09  1.64724775e-03 
 7.46000000e-09  1.65109455e-03 
 7.48000000e-09  1.65467711e-03 
 7.50000000e-09  1.65799485e-03 
 7.52000000e-09  1.66104723e-03 
 7.54000000e-09  1.66383375e-03 
 7.56000000e-09  1.66635398e-03 
 7.58000000e-09  1.66860752e-03 
 7.60000000e-09  1.67059401e-03 
 7.62000000e-09  1.67231315e-03 
 7.64000000e-09  1.67376469e-03 
 7.66000000e-09  1.67494842e-03 
 7.68000000e-09  1.67586417e-03 
 7.70000000e-09  1.67651184e-03 
 7.72000000e-09  1.67689136e-03 
 7.74000000e-09  1.67700270e-03 
 7.76000000e-09  1.67684590e-03 
 7.78000000e-09  1.67642103e-03 
 7.80000000e-09  1.67572821e-03 
 7.82000000e-09  1.67476762e-03 
 7.84000000e-09  1.67353946e-03 
 7.86000000e-09  1.67204401e-03 
 7.88000000e-09  1.67028156e-03 
 7.90000000e-09  1.66825248e-03 
 7.92000000e-09  1.66595716e-03 
 7.94000000e-09  1.66339606e-03 
 7.96000000e-09  1.66056967e-03 
 7.98000000e-09  1.65747853e-03 
 8.00000000e-09  1.65412321e-03 
 8.02000000e-09  1.65050436e-03 
 8.04000000e-09  1.64662265e-03 
 8.06000000e-09  1.64247879e-03 
 8.08000000e-09  1.63807355e-03 
 8.10000000e-09  1.63340773e-03 
 8.12000000e-09  1.62848220e-03 
 8.14000000e-09  1.62329784e-03 
 8.16000000e-09  1.61785559e-03 
 8.18000000e-09  1.61215644e-03 
 8.20000000e-09  1.60620141e-03 
 8.22000000e-09  1.59999156e-03 
 8.24000000e-09  1.59352800e-03 
 8.26000000e-09  1.58681189e-03 
 8.28000000e-09  1.57984441e-03 
 8.30000000e-09  1.57262680e-03 
 8.32000000e-09  1.56516032e-03 
 8.34000000e-09  1.55744629e-03 
 8.36000000e-09  1.54948606e-03 
 8.38000000e-09  1.54128103e-03 
 8.40000000e-09  1.53283261e-03 
 8.42000000e-09  1.52414229e-03 
 8.44000000e-09  1.51521156e-03 
 8.46000000e-09  1.50604197e-03 
 8.48000000e-09  1.49663510e-03 
 8.50000000e-09  1.48699256e-03 
 8.52000000e-09  1.47711602e-03 
 8.54000000e-09  1.46700716e-03 
 8.56000000e-09  1.45666770e-03 
 8.58000000e-09  1.44609940e-03 
 8.60000000e-09  1.43530406e-03 
 8.62000000e-09  1.42428351e-03 
 8.64000000e-09  1.41303960e-03 
 8.66000000e-09  1.40157424e-03 
 8.68000000e-09  1.38988934e-03 
 8.70000000e-09  1.37798686e-03 
 8.72000000e-09  1.36586881e-03 
 8.74000000e-09  1.35353719e-03 
 8.76000000e-09  1.34099406e-03 
 8.78000000e-09  1.32824151e-03 
 8.80000000e-09  1.31528164e-03 
 8.82000000e-09  1.30211659e-03 
 8.84000000e-09  1.28874855e-03 
 8.86000000e-09  1.27517970e-03 
 8.88000000e-09  1.26141227e-03 
 8.90000000e-09  1.24744851e-03 
 8.92000000e-09  1.23329072e-03 
 8.94000000e-09  1.21894118e-03 
 8.96000000e-09  1.20440224e-03 
 8.98000000e-09  1.18967626e-03 
 9.00000000e-09  1.17476561e-03 
 9.02000000e-09  1.15967272e-03 
 9.04000000e-09  1.14440000e-03 
 9.06000000e-09  1.12894991e-03 
 9.08000000e-09  1.11332494e-03 
 9.10000000e-09  1.09752759e-03 
 9.12000000e-09  1.08156037e-03 
 9.14000000e-09  1.06542585e-03 
 9.16000000e-09  1.04912658e-03 
 9.18000000e-09  1.03266515e-03 
 9.20000000e-09  1.01604418e-03 
 9.22000000e-09  9.99266292e-04 
 9.24000000e-09  9.82334137e-04 
 9.26000000e-09  9.65250384e-04 
 9.28000000e-09  9.48017722e-04 
 9.30000000e-09  9.30638856e-04 
 9.32000000e-09  9.13116511e-04 
 9.34000000e-09  8.95453430e-04 
 9.36000000e-09  8.77652373e-04 
 9.38000000e-09  8.59716115e-04 
 9.40000000e-09  8.41647451e-04 
 9.42000000e-09  8.23449190e-04 
 9.44000000e-09  8.05124157e-04 
 9.46000000e-09  7.86675193e-04 
 9.48000000e-09  7.68105153e-04 
 9.50000000e-09  7.49416908e-04 
 9.52000000e-09  7.30613342e-04 
 9.54000000e-09  7.11697356e-04 
 9.56000000e-09  6.92671859e-04 
 9.58000000e-09  6.73539780e-04 
 9.60000000e-09  6.54304055e-04 
 9.62000000e-09  6.34967635e-04 
 9.64000000e-09  6.15533485e-04 
 9.66000000e-09  5.96004579e-04 
 9.68000000e-09  5.76383905e-04 
 9.70000000e-09  5.56674458e-04 
 9.72000000e-09  5.36879250e-04 
 9.74000000e-09  5.17001298e-04 
 9.76000000e-09  4.97043632e-04 
 9.78000000e-09  4.77009292e-04 
 9.80000000e-09  4.56901327e-04 
 9.82000000e-09  4.36722794e-04 
 9.84000000e-09  4.16476761e-04 
 9.86000000e-09  3.96166304e-04 
 9.88000000e-09  3.75794506e-04 
 9.90000000e-09  3.55364460e-04 
 9.92000000e-09  3.34879265e-04 
 9.94000000e-09  3.14342028e-04 
 9.96000000e-09  2.93755864e-04 
 9.98000000e-09  2.73123893e-04 
 1.00000000e-08  2.52449242e-04 
 1.00200000e-08  2.31735044e-04 
 1.00400000e-08  2.10984439e-04 
 1.00600000e-08  1.90200572e-04 
 1.00800000e-08  1.69386592e-04 
 1.01000000e-08  1.48545653e-04 
 1.01200000e-08  1.27680915e-04 
 1.01400000e-08  1.06795541e-04 
 1.01600000e-08  8.58926995e-05 
 1.01800000e-08  6.49755601e-05 
 1.02000000e-08  4.40472975e-05 
 1.02200000e-08  2.31110889e-05 
 1.02400000e-08  2.17011399e-06 
 1.02600000e-08 -1.87724450e-05 
 1.02800000e-08 -3.97134040e-05 
 1.03000000e-08 -6.06495771e-05 
 1.03200000e-08 -8.15777774e-05 
 1.03400000e-08 -1.02494817e-04 
 1.03600000e-08 -1.23397506e-04 
 1.03800000e-08 -1.44282657e-04 
 1.04000000e-08 -1.65147080e-04 
 1.04200000e-08 -1.85987587e-04 
 1.04400000e-08 -2.06800990e-04 
 1.04600000e-08 -2.27584102e-04 
 1.04800000e-08 -2.48333737e-04 
 1.05000000e-08 -2.69046713e-04 
 1.05200000e-08 -2.89719849e-04 
 1.05400000e-08 -3.10349964e-04 
 1.05600000e-08 -3.30933885e-04 
 1.05800000e-08 -3.51468438e-04 
 1.06000000e-08 -3.71950455e-04 
 1.06200000e-08 -3.92376771e-04 
 1.06400000e-08 -4.12744226e-04 
 1.06600000e-08 -4.33049666e-04 
 1.06800000e-08 -4.53289941e-04 
 1.07000000e-08 -4.73461907e-04 
 1.07200000e-08 -4.93562425e-04 
 1.07400000e-08 -5.13588366e-04 
 1.07600000e-08 -5.33536605e-04 
 1.07800000e-08 -5.53404024e-04 
 1.08000000e-08 -5.73187517e-04 
 1.08200000e-08 -5.92883982e-04 
 1.08400000e-08 -6.12490327e-04 
 1.08600000e-08 -6.32003472e-04 
 1.08800000e-08 -6.51420342e-04 
 1.09000000e-08 -6.70737876e-04 
 1.09200000e-08 -6.89953023e-04 
 1.09400000e-08 -7.09062742e-04 
 1.09600000e-08 -7.28064004e-04 
 1.09800000e-08 -7.46953792e-04 
 1.10000000e-08 -7.65729104e-04 
 1.10200000e-08 -7.84386947e-04 
 1.10400000e-08 -8.02924346e-04 
 1.10600000e-08 -8.21338336e-04 
 1.10800000e-08 -8.39625970e-04 
 1.11000000e-08 -8.57784314e-04 
 1.11200000e-08 -8.75810452e-04 
 1.11400000e-08 -8.93701481e-04 
 1.11600000e-08 -9.11454519e-04 
 1.11800000e-08 -9.29066697e-04 
 1.12000000e-08 -9.46535167e-04 
 1.12200000e-08 -9.63857097e-04 
 1.12400000e-08 -9.81029677e-04 
 1.12600000e-08 -9.98050114e-04 
 1.12800000e-08 -1.01491564e-03 
 1.13000000e-08 -1.03162349e-03 
 1.13200000e-08 -1.04817095e-03 
 1.13400000e-08 -1.06455530e-03 
 1.13600000e-08 -1.08077386e-03 
 1.13800000e-08 -1.09682396e-03 
 1.14000000e-08 -1.11270297e-03 
 1.14200000e-08 -1.12840826e-03 
 1.14400000e-08 -1.14393725e-03 
 1.14600000e-08 -1.15928737e-03 
 1.14800000e-08 -1.17445608e-03 
 1.15000000e-08 -1.18944086e-03 
 1.15200000e-08 -1.20423923e-03 
 1.15400000e-08 -1.21884872e-03 
 1.15600000e-08 -1.23326691e-03 
 1.15800000e-08 -1.24749139e-03 
 1.16000000e-08 -1.26151979e-03 
 1.16200000e-08 -1.27534975e-03 
 1.16400000e-08 -1.28897897e-03 
 1.16600000e-08 -1.30240516e-03 
 1.16800000e-08 -1.31562606e-03 
 1.17000000e-08 -1.32863946e-03 
 1.17200000e-08 -1.34144317e-03 
 1.17400000e-08 -1.35403503e-03 
 1.17600000e-08 -1.36641293e-03 
 1.17800000e-08 -1.37857476e-03 
 1.18000000e-08 -1.39051847e-03 
 1.18200000e-08 -1.40224206e-03 
 1.18400000e-08 -1.41374353e-03 
 1.18600000e-08 -1.42502093e-03 
 1.18800000e-08 -1.43607236e-03 
 1.19000000e-08 -1.44689595e-03 
 1.19200000e-08 -1.45748984e-03 
 1.19400000e-08 -1.46785226e-03 
 1.19600000e-08 -1.47798143e-03 
 1.19800000e-08 -1.48787563e-03 
 1.20000000e-08 -1.49753319e-03 
 1.20200000e-08 -1.50695246e-03 
 1.20400000e-08 -1.51613185e-03 
 1.20600000e-08 -1.52506977e-03 
 1.20800000e-08 -1.53376473e-03 
 1.21000000e-08 -1.54221524e-03 
 1.21200000e-08 -1.55041985e-03 
 1.21400000e-08 -1.55837719e-03 
 1.21600000e-08 -1.56608589e-03 
 1.21800000e-08 -1.57354464e-03 
 1.22000000e-08 -1.58075219e-03 
 1.22200000e-08 -1.58770730e-03 
 1.22400000e-08 -1.59440880e-03 
 1.22600000e-08 -1.60085555e-03 
 1.22800000e-08 -1.60704646e-03 
 1.23000000e-08 -1.61298050e-03 
 1.23200000e-08 -1.61865665e-03 
 1.23400000e-08 -1.62407396e-03 
 1.23600000e-08 -1.62923153e-03 
 1.23800000e-08 -1.63412849e-03 
 1.24000000e-08 -1.63876402e-03 
 1.24200000e-08 -1.64313735e-03 
 1.24400000e-08 -1.64724775e-03 
 1.24600000e-08 -1.65109455e-03 
 1.24800000e-08 -1.65467711e-03 
 1.25000000e-08 -1.65799485e-03 
 1.25200000e-08 -1.66104723e-03 
 1.25400000e-08 -1.66383375e-03 
 1.25600000e-08 -1.66635398e-03 
 1.25800000e-08 -1.66860752e-03 
 1.26000000e-08 -1.67059401e-03 
 1.26200000e-08 -1.67231315e-03 
 1.26400000e-08 -1.67376469e-03 
 1.26600000e-08 -1.67494842e-03 
 1.26800000e-08 -1.67586417e-03 
 1.27000000e-08 -1.67651184e-03 
 1.27200000e-08 -1.67689136e-03 
 1.27400000e-08 -1.67700270e-03 
 1.27600000e-08 -1.67684590e-03 
 1.27800000e-08 -1.67642103e-03 
 1.28000000e-08 -1.67572821e-03 
 1.28200000e-08 -1.67476762e-03 
 1.28400000e-08 -1.67353946e-03 
 1.28600000e-08 -1.67204401e-03 
 1.28800000e-08 -1.67028156e-03 
 1.29000000e-08 -1.66825248e-03 
 1.29200000e-08 -1.66595716e-03 
 1.29400000e-08 -1.66339606e-03 
 1.29600000e-08 -1.66056967e-03 
 1.29800000e-08 -1.65747853e-03 
 1.30000000e-08 -1.65412321e-03 
 1.30200000e-08 -1.65050436e-03 
 1.30400000e-08 -1.64662265e-03 
 1.30600000e-08 -1.64247879e-03 
 1.30800000e-08 -1.63807355e-03 
 1.31000000e-08 -1.63340773e-03 
 1.31200000e-08 -1.62848220e-03 
 1.31400000e-08 -1.62329784e-03 
 1.31600000e-08 -1.61785559e-03 
 1.31800000e-08 -1.61215644e-03 
 1.32000000e-08 -1.60620141e-03 
 1.32200000e-08 -1.59999156e-03 
 1.32400000e-08 -1.59352800e-03 
 1.32600000e-08 -1.58681189e-03 
 1.32800000e-08 -1.57984441e-03 
 1.33000000e-08 -1.57262680e-03 
 1.33200000e-08 -1.56516032e-03 
 1.33400000e-08 -1.55744629e-03 
 1.33600000e-08 -1.54948606e-03 
 1.33800000e-08 -1.54128103e-03 
 1.34000000e-08 -1.53283261e-03 
 1.34200000e-08 -1.52414229e-03 
 1.34400000e-08 -1.51521156e-03 
 1.34600000e-08 -1.50604197e-03 
 1.34800000e-08 -1.49663510e-03 
 1.35000000e-08 -1.48699256e-03 
 1.35200000e-08 -1.47711602e-03 
 1.35400000e-08 -1.46700716e-03 
 1.35600000e-08 -1.45666770e-03 
 1.35800000e-08 -1.44609940e-03 
 1.36000000e-08 -1.43530406e-03 
 1.36200000e-08 -1.42428351e-03 
 1.36400000e-08 -1.41303960e-03 
 1.36600000e-08 -1.40157424e-03 
 1.36800000e-08 -1.38988934e-03 
 1.37000000e-08 -1.37798686e-03 
 1.37200000e-08 -1.36586881e-03 
 1.37400000e-08 -1.35353719e-03 
 1.37600000e-08 -1.34099406e-03 
 1.37800000e-08 -1.32824151e-03 
 1.38000000e-08 -1.31528164e-03 
 1.38200000e-08 -1.30211659e-03 
 1.38400000e-08 -1.28874855e-03 
 1.38600000e-08 -1.27517970e-03 
 1.38800000e-08 -1.26141227e-03 
 1.39000000e-08 -1.24744851e-03 
 1.39200000e-08 -1.23329072e-03 
 1.39400000e-08 -1.21894118e-03 
 1.39600000e-08 -1.20440224e-03 
 1.39800000e-08 -1.18967626e-03 
 1.40000000e-08 -1.17476561e-03 
 1.40200000e-08 -1.15967272e-03 
 1.40400000e-08 -1.14440000e-03 
 1.40600000e-08 -1.12894991e-03 
 1.40800000e-08 -1.11332494e-03 
 1.41000000e-08 -1.09752759e-03 
 1.41200000e-08 -1.08156037e-03 
 1.41400000e-08 -1.06542585e-03 
 1.41600000e-08 -1.04912658e-03 
 1.41800000e-08 -1.03266515e-03 
 1.42000000e-08 -1.01604418e-03 
 1.42200000e-08 -9.99266292e-04 
 1.42400000e-08 -9.82334137e-04 
 1.42600000e-08 -9.65250384e-04 
 1.42800000e-08 -9.48017722e-04 
 1.43000000e-08 -9.30638856e-04 
 1.43200000e-08 -9.13116511e-04 
 1.43400000e-08 -8.95453430e-04 
 1.43600000e-08 -8.77652373e-04 
 1.43800000e-08 -8.59716115e-04 
 1.44000000e-08 -8.41647451e-04 
 1.44200000e-08 -8.23449190e-04 
 1.44400000e-08 -8.05124157e-04 
 1.44600000e-08 -7.86675193e-04 
 1.44800000e-08 -7.68105153e-04 
 1.45000000e-08 -7.49416908e-04 
 1.45200000e-08 -7.30613342e-04 
 1.45400000e-08 -7.11697356e-04 
 1.45600000e-08 -6.92671859e-04 
 1.45800000e-08 -6.73539780e-04 
 1.46000000e-08 -6.54304055e-04 
 1.46200000e-08 -6.34967635e-04 
 1.46400000e-08 -6.15533485e-04 
 1.46600000e-08 -5.96004579e-04 
 1.46800000e-08 -5.76383905e-04 
 1.47000000e-08 -5.56674458e-04 
 1.47200000e-08 -5.36879250e-04 
 1.47400000e-08 -5.17001298e-04 
 1.47600000e-08 -4.97043632e-04 
 1.47800000e-08 -4.77009292e-04 
 1.48000000e-08 -4.56901327e-04 
 1.48200000e-08 -4.36722794e-04 
 1.48400000e-08 -4.16476761e-04 
 1.48600000e-08 -3.96166304e-04 
 1.48800000e-08 -3.75794506e-04 
 1.49000000e-08 -3.55364460e-04 
 1.49200000e-08 -3.34879265e-04 
 1.49400000e-08 -3.14342028e-04 
 1.49600000e-08 -2.93755864e-04 
 1.49800000e-08 -2.73123893e-04 
 1.50000000e-08 -2.52449242e-04 
 1.50200000e-08 -2.31735044e-04 
 1.50400000e-08 -2.10984439e-04 
 1.50600000e-08 -1.90200572e-04 
 1.50800000e-08 -1.69386592e-04 
 1.51000000e-08 -1.48545653e-04 
 1.51200000e-08 -1.27680915e-04 
 1.51400000e-08 -1.06795541e-04 
 1.51600000e-08 -8.58926995e-05 
 1.51800000e-08 -6.49755601e-05 
 1.52000000e-08 -4.40472975e-05 
 1.52200000e-08 -2.31110889e-05 
 1.52400000e-08 -2.17011399e-06 
 1.52600000e-08  1.87724450e-05 
 1.52800000e-08  3.97134040e-05 
 1.53000000e-08  6.06495771e-05 
 1.53200000e-08  8.15777774e-05 
 1.53400000e-08  1.02494817e-04 
 1.53600000e-08  1.23397506e-04 
 1.53800000e-08  1.44282657e-04 
 1.54000000e-08  1.65147080e-04 
 1.54200000e-08  1.85987587e-04 
 1.54400000e-08  2.06800990e-04 
 1.54600000e-08  2.27584102e-04 
 1.54800000e-08  2.48333737e-04 
 1.55000000e-08  2.69046713e-04 
 1.55200000e-08  2.89719849e-04 
 1.55400000e-08  3.10349964e-04 
 1.55600000e-08  3.30933885e-04 
 1.55800000e-08  3.51468438e-04 
 1.56000000e-08  3.71950455e-04 
 1.56200000e-08  3.92376771e-04 
 1.56400000e-08  4.12744226e-04 
 1.56600000e-08  4.33049666e-04 
 1.56800000e-08  4.53289941e-04 
 1.57000000e-08  4.73461907e-04 
 1.57200000e-08  4.93562425e-04 
 1.57400000e-08  5.13588366e-04 
 1.57600000e-08  5.33536605e-04 
 1.57800000e-08  5.53404024e-04 
 1.58000000e-08  5.73187517e-04 
 1.58200000e-08  5.92883982e-04 
 1.58400000e-08  6.12490327e-04 
 1.58600000e-08  6.32003472e-04 
 1.58800000e-08  6.51420342e-04 
 1.59000000e-08  6.70737876e-04 
 1.59200000e-08  6.89953023e-04 
 1.59400000e-08  7.09062742e-04 
 1.59600000e-08  7.28064004e-04 
 1.59800000e-08  7.46953792e-04 
 1.60000000e-08  7.65729104e-04 
 1.60200000e-08  7.84386947e-04 
 1.60400000e-08  8.02924346e-04 
 1.60600000e-08  8.21338336e-04 
 1.60800000e-08  8.39625970e-04 
 1.61000000e-08  8.57784314e-04 
 1.61200000e-08  8.75810452e-04 
 1.61400000e-08  8.93701481e-04 
 1.61600000e-08  9.11454519e-04 
 1.61800000e-08  9.29066697e-04 
 1.62000000e-08  9.46535167e-04 
 1.62200000e-08  9.63857097e-04 
 1.62400000e-08  9.81029677e-04 
 1.62600000e-08  9.98050114e-04 
 1.62800000e-08  1.01491564e-03 
 1.63000000e-08  1.03162349e-03 
 1.63200000e-08  1.04817095e-03 
 1.63400000e-08  1.06455530e-03 
 1.63600000e-08  1.08077386e-03 
 1.63800000e-08  1.09682396e-03 
 1.64000000e-08  1.11270297e-03 
 1.64200000e-08  1.12840826e-03 
 1.64400000e-08  1.14393725e-03 
 1.64600000e-08  1.15928737e-03 
 1.64800000e-08  1.17445608e-03 
 1.65000000e-08  1.18944086e-03 
 1.65200000e-08  1.20423923e-03 
 1.65400000e-08  1.21884872e-03 
 1.65600000e-08  1.23326691e-03 
 1.65800000e-08  1.24749139e-03 
 1.66000000e-08  1.26151979e-03 
 1.66200000e-08  1.27534975e-03 
 1.66400000e-08  1.28897897e-03 
 1.66600000e-08  1.30240516e-03 
 1.66800000e-08  1.31562606e-03 
 1.67000000e-08  1.32863946e-03 
 1.67200000e-08  1.34144317e-03 
 1.67400000e-08  1.35403503e-03 
 1.67600000e-08  1.36641293e-03 
 1.67800000e-08  1.37857476e-03 
 1.68000000e-08  1.39051847e-03 
 1.68200000e-08  1.40224206e-03 
 1.68400000e-08  1.41374353e-03 
 1.68600000e-08  1.42502093e-03 
 1.68800000e-08  1.43607236e-03 
 1.69000000e-08  1.44689595e-03 
 1.69200000e-08  1.45748984e-03 
 1.69400000e-08  1.46785226e-03 
 1.69600000e-08  1.47798143e-03 
 1.69800000e-08  1.48787563e-03 
 1.70000000e-08  1.49753319e-03 
 1.70200000e-08  1.50695246e-03 
 1.70400000e-08  1.51613185e-03 
 1.70600000e-08  1.52506977e-03 
 1.70800000e-08  1.53376473e-03 
 1.71000000e-08  1.54221524e-03 
 1.71200000e-08  1.55041985e-03 
 1.71400000e-08  1.55837719e-03 
 1.71600000e-08  1.56608589e-03 
 1.71800000e-08  1.57354464e-03 
 1.72000000e-08  1.58075219e-03 
 1.72200000e-08  1.58770730e-03 
 1.72400000e-08  1.59440880e-03 
 1.72600000e-08  1.60085555e-03 
 1.72800000e-08  1.60704646e-03 
 1.73000000e-08  1.61298050e-03 
 1.73200000e-08  1.61865665e-03 
 1.73400000e-08  1.62407396e-03 
 1.73600000e-08  1.62923153e-03 
 1.73800000e-08  1.63412849e-03 
 1.74000000e-08  1.63876402e-03 
 1.74200000e-08  1.64313735e-03 
 1.74400000e-08  1.64724775e-03 
 1.74600000e-08  1.65109455e-03 
 1.74800000e-08  1.65467711e-03 
 1.75000000e-08  1.65799485e-03 
 1.75200000e-08  1.66104723e-03 
 1.75400000e-08  1.66383375e-03 
 1.75600000e-08  1.66635398e-03 
 1.75800000e-08  1.66860752e-03 
 1.76000000e-08  1.67059401e-03 
 1.76200000e-08  1.67231315e-03 
 1.76400000e-08  1.67376469e-03 
 1.76600000e-08  1.67494842e-03 
 1.76800000e-08  1.67586417e-03 
 1.77000000e-08  1.67651184e-03 
 1.77200000e-08  1.67689136e-03 
 1.77400000e-08  1.67700270e-03 
 1.77600000e-08  1.67684590e-03 
 1.77800000e-08  1.67642103e-03 
 1.78000000e-08  1.67572821e-03 
 1.78200000e-08  1.67476762e-03 
 1.78400000e-08  1.67353946e-03 
 1.78600000e-08  1.67204401e-03 
 1.78800000e-08  1.67028156e-03 
 1.79000000e-08  1.66825248e-03 
 1.79200000e-08  1.66595716e-03 
 1.79400000e-08  1.66339606e-03 
 1.79600000e-08  1.66056967e-03 
 1.79800000e-08  1.65747853e-03 
 1.80000000e-08  1.65412321e-03 
 1.80200000e-08  1.65050436e-03 
 1.80400000e-08  1.64662265e-03 
 1.80600000e-08  1.64247879e-03 
 1.80800000e-08  1.63807355e-03 
 1.81000000e-08  1.63340773e-03 
 1.81200000e-08  1.62848220e-03 
 1.81400000e-08  1.62329784e-03 
 1.81600000e-08  1.61785559e-03 
 1.81800000e-08  1.61215644e-03 
 1.82000000e-08  1.60620141e-03 
 1.82200000e-08  1.59999156e-03 
 1.82400000e-08  1.59352800e-03 
 1.82600000e-08  1.58681189e-03 
 1.82800000e-08  1.57984441e-03 
 1.83000000e-08  1.57262680e-03 
 1.83200000e-08  1.56516032e-03 
 1.83400000e-08  1.55744629e-03 
 1.83600000e-08  1.54948606e-03 
 1.83800000e-08  1.54128103e-03 
 1.84000000e-08  1.53283261e-03 
 1.84200000e-08  1.52414229e-03 
 1.84400000e-08  1.51521156e-03 
 1.84600000e-08  1.50604197e-03 
 1.84800000e-08  1.49663510e-03 
 1.85000000e-08  1.48699256e-03 
 1.85200000e-08  1.47711602e-03 
 1.85400000e-08  1.46700716e-03 
 1.85600000e-08  1.45666770e-03 
 1.85800000e-08  1.44609940e-03 
 1.86000000e-08  1.43530406e-03 
 1.86200000e-08  1.42428351e-03 
 1.86400000e-08  1.41303960e-03 
 1.86600000e-08  1.40157424e-03 
 1.86800000e-08  1.38988934e-03 
 1.87000000e-08  1.37798686e-03 
 1.87200000e-08  1.36586881e-03 
 1.87400000e-08  1.35353719e-03 
 1.87600000e-08  1.34099406e-03 
 1.87800000e-08  1.32824151e-03 
 1.88000000e-08  1.31528164e-03 
 1.88200000e-08  1.30211659e-03 
 1.88400000e-08  1.28874855e-03 
 1.88600000e-08  1.27517970e-03 
 1.88800000e-08  1.26141227e-03 
 1.89000000e-08  1.24744851e-03 
 1.89200000e-08  1.23329072e-03 
 1.89400000e-08  1.21894118e-03 
 1.89600000e-08  1.20440224e-03 
 1.89800000e-08  1.18967626e-03 
 1.90000000e-08  1.17476561e-03 
 1.90200000e-08  1.15967272e-03 
 1.90400000e-08  1.14440000e-03 
 1.90600000e-08  1.12894991e-03 
 1.90800000e-08  1.11332494e-03 
 1.91000000e-08  1.09752759e-03 
 1.91200000e-08  1.08156037e-03 
 1.91400000e-08  1.06542585e-03 
 1.91600000e-08  1.04912658e-03 
 1.91800000e-08  1.03266515e-03 
 1.92000000e-08  1.01604418e-03 
 1.92200000e-08  9.99266292e-04 
 1.92400000e-08  9.82334137e-04 
 1.92600000e-08  9.65250384e-04 
 1.92800000e-08  9.48017722e-04 
 1.93000000e-08  9.30638856e-04 
 1.93200000e-08  9.13116511e-04 
 1.93400000e-08  8.95453430e-04 
 1.93600000e-08  8.77652373e-04 
 1.93800000e-08  8.59716115e-04 
 1.94000000e-08  8.41647451e-04 
 1.94200000e-08  8.23449190e-04 
 1.94400000e-08  8.05124157e-04 
 1.94600000e-08  7.86675193e-04 
 1.94800000e-08  7.68105153e-04 
 1.95000000e-08  7.49416908e-04 
 1.95200000e-08  7.30613342e-04 
 1.95400000e-08  7.11697356e-04 
 1.95600000e-08  6.92671859e-04 
 1.95800000e-08  6.73539780e-04 
 1.96000000e-08  6.54304055e-04 
 1.96200000e-08  6.34967635e-04 
 1.96400000e-08  6.15533485e-04 
 1.96600000e-08  5.96004579e-04 
 1.96800000e-08  5.76383905e-04 
 1.97000000e-08  5.56674458e-04 
 1.97200000e-08  5.36879250e-04 
 1.97400000e-08  5.17001298e-04 
 1.97600000e-08  4.97043632e-04 
 1.97800000e-08  4.77009292e-04 
 1.98000000e-08  4.56901327e-04 
 1.98200000e-08  4.36722794e-04 
 1.98400000e-08  4.16476761e-04 
 1.98600000e-08  3.96166304e-04 
 1.98800000e-08  3.75794506e-04 
 1.99000000e-08  3.55364460e-04 
 1.99200000e-08  3.34879265e-04 
 1.99400000e-08  3.14342028e-04 
 1.99600000e-08  2.93755864e-04 
 1.99800000e-08  2.73123893e-04 
 2.00000000e-08  2.52449242e-04 
 2.00200000e-08  2.31735044e-04 
 2.00400000e-08  2.10984439e-04 
 2.00600000e-08  1.90200572e-04 
 2.00800000e-08  1.69386592e-04 
 2.01000000e-08  1.48545653e-04 
 2.01200000e-08  1.27680915e-04 
 2.01400000e-08  1.06795541e-04 
 2.01600000e-08  8.58926995e-05 
 2.01800000e-08  6.49755601e-05 
 2.02000000e-08  4.40472975e-05 
 2.02200000e-08  2.31110889e-05 
 2.02400000e-08  2.17011399e-06 
 2.02600000e-08 -1.87724450e-05 
 2.02800000e-08 -3.97134040e-05 
 2.03000000e-08 -6.06495772e-05 
 2.03200000e-08 -8.15777774e-05 
 2.03400000e-08 -1.02494817e-04 
 2.03600000e-08 -1.23397506e-04 
 2.03800000e-08 -1.44282657e-04 
 2.04000000e-08 -1.65147080e-04 
 2.04200000e-08 -1.85987587e-04 
 2.04400000e-08 -2.06800990e-04 
 2.04600000e-08 -2.27584102e-04 
 2.04800000e-08 -2.48333737e-04 
 2.05000000e-08 -2.69046713e-04 
 2.05200000e-08 -2.89719849e-04 
 2.05400000e-08 -3.10349964e-04 
 2.05600000e-08 -3.30933885e-04 
 2.05800000e-08 -3.51468438e-04 
 2.06000000e-08 -3.71950455e-04 
 2.06200000e-08 -3.92376771e-04 
 2.06400000e-08 -4.12744226e-04 
 2.06600000e-08 -4.33049666e-04 
 2.06800000e-08 -4.53289941e-04 
 2.07000000e-08 -4.73461907e-04 
 2.07200000e-08 -4.93562425e-04 
 2.07400000e-08 -5.13588366e-04 
 2.07600000e-08 -5.33536605e-04 
 2.07800000e-08 -5.53404024e-04 
 2.08000000e-08 -5.73187517e-04 
 2.08200000e-08 -5.92883982e-04 
 2.08400000e-08 -6.12490327e-04 
 2.08600000e-08 -6.32003472e-04 
 2.08800000e-08 -6.51420342e-04 
 2.09000000e-08 -6.70737876e-04 
 2.09200000e-08 -6.89953023e-04 
 2.09400000e-08 -7.09062742e-04 
 2.09600000e-08 -7.28064004e-04 
 2.09800000e-08 -7.46953792e-04 
 2.10000000e-08 -7.65729104e-04 
 2.10200000e-08 -7.84386947e-04 
 2.10400000e-08 -8.02924346e-04 
 2.10600000e-08 -8.21338336e-04 
 2.10800000e-08 -8.39625970e-04 
 2.11000000e-08 -8.57784314e-04 
 2.11200000e-08 -8.75810452e-04 
 2.11400000e-08 -8.93701481e-04 
 2.11600000e-08 -9.11454519e-04 
 2.11800000e-08 -9.29066697e-04 
 2.12000000e-08 -9.46535167e-04 
 2.12200000e-08 -9.63857097e-04 
 2.12400000e-08 -9.81029677e-04 
 2.12600000e-08 -9.98050114e-04 
 2.12800000e-08 -1.01491564e-03 
 2.13000000e-08 -1.03162349e-03 
 2.13200000e-08 -1.04817095e-03 
 2.13400000e-08 -1.06455530e-03 
 2.13600000e-08 -1.08077386e-03 
 2.13800000e-08 -1.09682396e-03 
 2.14000000e-08 -1.11270297e-03 
 2.14200000e-08 -1.12840826e-03 
 2.14400000e-08 -1.14393725e-03 
 2.14600000e-08 -1.15928737e-03 
 2.14800000e-08 -1.17445608e-03 
 2.15000000e-08 -1.18944086e-03 
 2.15200000e-08 -1.20423923e-03 
 2.15400000e-08 -1.21884872e-03 
 2.15600000e-08 -1.23326691e-03 
 2.15800000e-08 -1.24749139e-03 
 2.16000000e-08 -1.26151979e-03 
 2.16200000e-08 -1.27534975e-03 
 2.16400000e-08 -1.28897897e-03 
 2.16600000e-08 -1.30240516e-03 
 2.16800000e-08 -1.31562606e-03 
 2.17000000e-08 -1.32863946e-03 
 2.17200000e-08 -1.34144317e-03 
 2.17400000e-08 -1.35403503e-03 
 2.17600000e-08 -1.36641293e-03 
 2.17800000e-08 -1.37857476e-03 
 2.18000000e-08 -1.39051847e-03 
 2.18200000e-08 -1.40224206e-03 
 2.18400000e-08 -1.41374353e-03 
 2.18600000e-08 -1.42502093e-03 
 2.18800000e-08 -1.43607236e-03 
 2.19000000e-08 -1.44689595e-03 
 2.19200000e-08 -1.45748984e-03 
 2.19400000e-08 -1.46785226e-03 
 2.19600000e-08 -1.47798143e-03 
 2.19800000e-08 -1.48787563e-03 
 2.20000000e-08 -1.49753319e-03 
 2.20200000e-08 -1.50695246e-03 
 2.20400000e-08 -1.51613185e-03 
 2.20600000e-08 -1.52506977e-03 
 2.20800000e-08 -1.53376473e-03 
 2.21000000e-08 -1.54221524e-03 
 2.21200000e-08 -1.55041985e-03 
 2.21400000e-08 -1.55837719e-03 
 2.21600000e-08 -1.56608589e-03 
 2.21800000e-08 -1.57354464e-03 
 2.22000000e-08 -1.58075219e-03 
 2.22200000e-08 -1.58770730e-03 
 2.22400000e-08 -1.59440880e-03 
 2.22600000e-08 -1.60085555e-03 
 2.22800000e-08 -1.60704646e-03 
 2.23000000e-08 -1.61298050e-03 
 2.23200000e-08 -1.61865665e-03 
 2.23400000e-08 -1.62407396e-03 
 2.23600000e-08 -1.62923153e-03 
 2.23800000e-08 -1.63412849e-03 
 2.24000000e-08 -1.63876402e-03 
 2.24200000e-08 -1.64313735e-03 
 2.24400000e-08 -1.64724775e-03 
 2.24600000e-08 -1.65109455e-03 
 2.24800000e-08 -1.65467711e-03 
 2.25000000e-08 -1.65799485e-03 
 2.25200000e-08 -1.66104723e-03 
 2.25400000e-08 -1.66383375e-03 
 2.25600000e-08 -1.66635398e-03 
 2.25800000e-08 -1.66860752e-03 
 2.26000000e-08 -1.67059401e-03 
 2.26200000e-08 -1.67231315e-03 
 2.26400000e-08 -1.67376469e-03 
 2.26600000e-08 -1.67494842e-03 
 2.26800000e-08 -1.67586417e-03 
 2.27000000e-08 -1.67651184e-03 
 2.27200000e-08 -1.67689136e-03 
 2.27400000e-08 -1.67700270e-03 
 2.27600000e-08 -1.67684590e-03 
 2.27800000e-08 -1.67642103e-03 
 2.28000000e-08 -1.67572821e-03 
 2.28200000e-08 -1.67476762e-03 
 2.28400000e-08 -1.67353946e-03 
 2.28600000e-08 -1.67204401e-03 
 2.28800000e-08 -1.67028156e-03 
 2.29000000e-08 -1.66825248e-03 
 2.29200000e-08 -1.66595716e-03 
 2.29400000e-08 -1.66339606e-03 
 2.29600000e-08 -1.66056967e-03 
 2.29800000e-08 -1.65747853e-03 
 2.30000000e-08 -1.65412321e-03 
 2.30200000e-08 -1.65050436e-03 
 2.30400000e-08 -1.64662265e-03 
 2.30600000e-08 -1.64247879e-03 
 2.30800000e-08 -1.63807355e-03 
 2.31000000e-08 -1.63340773e-03 
 2.31200000e-08 -1.62848220e-03 
 2.31400000e-08 -1.62329784e-03 
 2.31600000e-08 -1.61785559e-03 
 2.31800000e-08 -1.61215644e-03 
 2.32000000e-08 -1.60620141e-03 
 2.32200000e-08 -1.59999156e-03 
 2.32400000e-08 -1.59352800e-03 
 2.32600000e-08 -1.58681189e-03 
 2.32800000e-08 -1.57984441e-03 
 2.33000000e-08 -1.57262680e-03 
 2.33200000e-08 -1.56516032e-03 
 2.33400000e-08 -1.55744629e-03 
 2.33600000e-08 -1.54948606e-03 
 2.33800000e-08 -1.54128103e-03 
 2.34000000e-08 -1.53283261e-03 
 2.34200000e-08 -1.52414229e-03 
 2.34400000e-08 -1.51521156e-03 
 2.34600000e-08 -1.50604197e-03 
 2.34800000e-08 -1.49663510e-03 
 2.35000000e-08 -1.48699256e-03 
 2.35200000e-08 -1.47711602e-03 
 2.35400000e-08 -1.46700716e-03 
 2.35600000e-08 -1.45666770e-03 
 2.35800000e-08 -1.44609940e-03 
 2.36000000e-08 -1.43530406e-03 
 2.36200000e-08 -1.42428351e-03 
 2.36400000e-08 -1.41303960e-03 
 2.36600000e-08 -1.40157424e-03 
 2.36800000e-08 -1.38988934e-03 
 2.37000000e-08 -1.37798686e-03 
 2.37200000e-08 -1.36586881e-03 
 2.37400000e-08 -1.35353719e-03 
 2.37600000e-08 -1.34099406e-03 
 2.37800000e-08 -1.32824151e-03 
 2.38000000e-08 -1.31528164e-03 
 2.38200000e-08 -1.30211659e-03 
 2.38400000e-08 -1.28874855e-03 
 2.38600000e-08 -1.27517970e-03 
 2.38800000e-08 -1.26141227e-03 
 2.39000000e-08 -1.24744851e-03 
 2.39200000e-08 -1.23329072e-03 
 2.39400000e-08 -1.21894118e-03 
 2.39600000e-08 -1.20440224e-03 
 2.39800000e-08 -1.18967626e-03 
 2.40000000e-08 -1.17476561e-03 
 2.40200000e-08 -1.15967272e-03 
 2.40400000e-08 -1.14440000e-03 
 2.40600000e-08 -1.12894991e-03 
 2.40800000e-08 -1.11332494e-03 
 2.41000000e-08 -1.09752759e-03 
 2.41200000e-08 -1.08156037e-03 
 2.41400000e-08 -1.06542585e-03 
 2.41600000e-08 -1.04912658e-03 
 2.41800000e-08 -1.03266515e-03 
 2.42000000e-08 -1.01604418e-03 
 2.42200000e-08 -9.99266292e-04 
 2.42400000e-08 -9.82334137e-04 
 2.42600000e-08 -9.65250384e-04 
 2.42800000e-08 -9.48017722e-04 
 2.43000000e-08 -9.30638856e-04 
 2.43200000e-08 -9.13116511e-04 
 2.43400000e-08 -8.95453430e-04 
 2.43600000e-08 -8.77652373e-04 
 2.43800000e-08 -8.59716115e-04 
 2.44000000e-08 -8.41647451e-04 
 2.44200000e-08 -8.23449190e-04 
 2.44400000e-08 -8.05124157e-04 
 2.44600000e-08 -7.86675193e-04 
 2.44800000e-08 -7.68105153e-04 
 2.45000000e-08 -7.49416908e-04 
 2.45200000e-08 -7.30613342e-04 
 2.45400000e-08 -7.11697356e-04 
 2.45600000e-08 -6.92671859e-04 
 2.45800000e-08 -6.73539780e-04 
 2.46000000e-08 -6.54304055e-04 
 2.46200000e-08 -6.34967635e-04 
 2.46400000e-08 -6.15533485e-04 
 2.46600000e-08 -5.96004579e-04 
 2.46800000e-08 -5.76383905e-04 
 2.47000000e-08 -5.56674458e-04 
 2.47200000e-08 -5.36879250e-04 
 2.47400000e-08 -5.17001298e-04 
 2.47600000e-08 -4.97043632e-04 
 2.47800000e-08 -4.77009292e-04 
 2.48000000e-08 -4.56901327e-04 
 2.48200000e-08 -4.36722794e-04 
 2.48400000e-08 -4.16476761e-04 
 2.48600000e-08 -3.96166304e-04 
 2.48800000e-08 -3.75794506e-04 
 2.49000000e-08 -3.55364460e-04 
 2.49200000e-08 -3.34879265e-04 
 2.49400000e-08 -3.14342028e-04 
 2.49600000e-08 -2.93755864e-04 
 2.49800000e-08 -2.73123893e-04 
 2.50000000e-08 -2.52449242e-04 
 2.50200000e-08 -2.31735044e-04 
 2.50400000e-08 -2.10984439e-04 
 2.50600000e-08 -1.90200572e-04 
 2.50800000e-08 -1.69386592e-04 
 2.51000000e-08 -1.48545653e-04 
 2.51200000e-08 -1.27680915e-04 
 2.51400000e-08 -1.06795541e-04 
 2.51600000e-08 -8.58926995e-05 
 2.51800000e-08 -6.49755601e-05 
 2.52000000e-08 -4.40472975e-05 
 2.52200000e-08 -2.31110889e-05 
 2.52400000e-08 -2.17011399e-06 
 2.52600000e-08  1.87724450e-05 
 2.52800000e-08  3.97134040e-05 
 2.53000000e-08  6.06495771e-05 
 2.53200000e-08  8.15777774e-05 
 2.53400000e-08  1.02494817e-04 
 2.53600000e-08  1.23397506e-04 
 2.53800000e-08  1.44282657e-04 
 2.54000000e-08  1.65147080e-04 
 2.54200000e-08  1.85987587e-04 
 2.54400000e-08  2.06800990e-04 
 2.54600000e-08  2.27584102e-04 
 2.54800000e-08  2.48333737e-04 
 2.55000000e-08  2.69046713e-04 
 2.55200000e-08  2.89719849e-04 
 2.55400000e-08  3.10349964e-04 
 2.55600000e-08  3.30933885e-04 
 2.55800000e-08  3.51468438e-04 
 2.56000000e-08  3.71950455e-04 
 2.56200000e-08  3.92376771e-04 
 2.56400000e-08  4.12744226e-04 
 2.56600000e-08  4.33049666e-04 
 2.56800000e-08  4.53289941e-04 
 2.57000000e-08  4.73461907e-04 
 2.57200000e-08  4.93562425e-04 
 2.57400000e-08  5.13588366e-04 
 2.57600000e-08  5.33536605e-04 
 2.57800000e-08  5.53404024e-04 
 2.58000000e-08  5.73187517e-04 
 2.58200000e-08  5.92883982e-04 
 2.58400000e-08  6.12490327e-04 
 2.58600000e-08  6.32003472e-04 
 2.58800000e-08  6.51420342e-04 
 2.59000000e-08  6.70737876e-04 
 2.59200000e-08  6.89953023e-04 
 2.59400000e-08  7.09062742e-04 
 2.59600000e-08  7.28064004e-04 
 2.59800000e-08  7.46953792e-04 
 2.60000000e-08  7.65729104e-04 
 2.60200000e-08  7.84386947e-04 
 2.60400000e-08  8.02924346e-04 
 2.60600000e-08  8.21338336e-04 
 2.60800000e-08  8.39625970e-04 
 2.61000000e-08  8.57784314e-04 
 2.61200000e-08  8.75810452e-04 
 2.61400000e-08  8.93701481e-04 
 2.61600000e-08  9.11454519e-04 
 2.61800000e-08  9.29066697e-04 
 2.62000000e-08  9.46535167e-04 
 2.62200000e-08  9.63857097e-04 
 2.62400000e-08  9.81029677e-04 
 2.62600000e-08  9.98050114e-04 
 2.62800000e-08  1.01491564e-03 
 2.63000000e-08  1.03162349e-03 
 2.63200000e-08  1.04817095e-03 
 2.63400000e-08  1.06455530e-03 
 2.63600000e-08  1.08077386e-03 
 2.63800000e-08  1.09682396e-03 
 2.64000000e-08  1.11270297e-03 
 2.64200000e-08  1.12840826e-03 
 2.64400000e-08  1.14393725e-03 
 2.64600000e-08  1.15928737e-03 
 2.64800000e-08  1.17445608e-03 
 2.65000000e-08  1.18944086e-03 
 2.65200000e-08  1.20423923e-03 
 2.65400000e-08  1.21884872e-03 
 2.65600000e-08  1.23326691e-03 
 2.65800000e-08  1.24749139e-03 
 2.66000000e-08  1.26151979e-03 
 2.66200000e-08  1.27534975e-03 
 2.66400000e-08  1.28897897e-03 
 2.66600000e-08  1.30240516e-03 
 2.66800000e-08  1.31562606e-03 
 2.67000000e-08  1.32863946e-03 
 2.67200000e-08  1.34144317e-03 
 2.67400000e-08  1.35403503e-03 
 2.67600000e-08  1.36641293e-03 
 2.67800000e-08  1.37857476e-03 
 2.68000000e-08  1.39051847e-03 
 2.68200000e-08  1.40224206e-03 
 2.68400000e-08  1.41374353e-03 
 2.68600000e-08  1.42502093e-03 
 2.68800000e-08  1.43607236e-03 
 2.69000000e-08  1.44689595e-03 
 2.69200000e-08  1.45748984e-03 
 2.69400000e-08  1.46785226e-03 
 2.69600000e-08  1.47798143e-03 
 2.69800000e-08  1.48787563e-03 
 2.70000000e-08  1.49753319e-03 
 2.70200000e-08  1.50695246e-03 
 2.70400000e-08  1.51613185e-03 
 2.70600000e-08  1.52506977e-03 
 2.70800000e-08  1.53376473e-03 
 2.71000000e-08  1.54221524e-03 
 2.71200000e-08  1.55041985e-03 
 2.71400000e-08  1.55837719e-03 
 2.71600000e-08  1.56608589e-03 
 2.71800000e-08  1.57354464e-03 
 2.72000000e-08  1.58075219e-03 
 2.72200000e-08  1.58770730e-03 
 2.72400000e-08  1.59440880e-03 
 2.72600000e-08  1.60085555e-03 
 2.72800000e-08  1.60704646e-03 
 2.73000000e-08  1.61298050e-03 
 2.73200000e-08  1.61865665e-03 
 2.73400000e-08  1.62407396e-03 
 2.73600000e-08  1.62923153e-03 
 2.73800000e-08  1.63412849e-03 
 2.74000000e-08  1.63876402e-03 
 2.74200000e-08  1.64313735e-03 
 2.74400000e-08  1.64724775e-03 
 2.74600000e-08  1.65109455e-03 
 2.74800000e-08  1.65467711e-03 
 2.75000000e-08  1.65799485e-03 
 2.75200000e-08  1.66104723e-03 
 2.75400000e-08  1.66383375e-03 
 2.75600000e-08  1.66635398e-03 
 2.75800000e-08  1.66860752e-03 
 2.76000000e-08  1.67059401e-03 
 2.76200000e-08  1.67231315e-03 
 2.76400000e-08  1.67376469e-03 
 2.76600000e-08  1.67494842e-03 
 2.76800000e-08  1.67586417e-03 
 2.77000000e-08  1.67651184e-03 
 2.77200000e-08  1.67689136e-03 
 2.77400000e-08  1.67700270e-03 
 2.77600000e-08  1.67684590e-03 
 2.77800000e-08  1.67642103e-03 
 2.78000000e-08  1.67572821e-03 
 2.78200000e-08  1.67476762e-03 
 2.78400000e-08  1.67353946e-03 
 2.78600000e-08  1.67204401e-03 
 2.78800000e-08  1.67028156e-03 
 2.79000000e-08  1.66825248e-03 
 2.79200000e-08  1.66595716e-03 
 2.79400000e-08  1.66339606e-03 
 2.79600000e-08  1.66056967e-03 
 2.79800000e-08  1.65747853e-03 
 2.80000000e-08  1.65412321e-03 
 2.80200000e-08  1.65050436e-03 
 2.80400000e-08  1.64662265e-03 
 2.80600000e-08  1.64247879e-03 
 2.80800000e-08  1.63807355e-03 
 2.81000000e-08  1.63340773e-03 
 2.81200000e-08  1.62848220e-03 
 2.81400000e-08  1.62329784e-03 
 2.81600000e-08  1.61785559e-03 
 2.81800000e-08  1.61215644e-03 
 2.82000000e-08  1.60620141e-03 
 2.82200000e-08  1.59999156e-03 
 2.82400000e-08  1.59352800e-03 
 2.82600000e-08  1.58681189e-03 
 2.82800000e-08  1.57984441e-03 
 2.83000000e-08  1.57262680e-03 
 2.83200000e-08  1.56516032e-03 
 2.83400000e-08  1.55744629e-03 
 2.83600000e-08  1.54948606e-03 
 2.83800000e-08  1.54128103e-03 
 2.84000000e-08  1.53283261e-03 
 2.84200000e-08  1.52414229e-03 
 2.84400000e-08  1.51521156e-03 
 2.84600000e-08  1.50604197e-03 
 2.84800000e-08  1.49663510e-03 
 2.85000000e-08  1.48699256e-03 
 2.85200000e-08  1.47711602e-03 
 2.85400000e-08  1.46700716e-03 
 2.85600000e-08  1.45666770e-03 
 2.85800000e-08  1.44609940e-03 
 2.86000000e-08  1.43530406e-03 
 2.86200000e-08  1.42428351e-03 
 2.86400000e-08  1.41303960e-03 
 2.86600000e-08  1.40157424e-03 
 2.86800000e-08  1.38988934e-03 
 2.87000000e-08  1.37798686e-03 
 2.87200000e-08  1.36586881e-03 
 2.87400000e-08  1.35353719e-03 
 2.87600000e-08  1.34099406e-03 
 2.87800000e-08  1.32824151e-03 
 2.88000000e-08  1.31528164e-03 
 2.88200000e-08  1.30211659e-03 
 2.88400000e-08  1.28874855e-03 
 2.88600000e-08  1.27517970e-03 
 2.88800000e-08  1.26141227e-03 
 2.89000000e-08  1.24744851e-03 
 2.89200000e-08  1.23329072e-03 
 2.89400000e-08  1.21894118e-03 
 2.89600000e-08  1.20440224e-03 
 2.89800000e-08  1.18967626e-03 
 2.90000000e-08  1.17476561e-03 
 2.90200000e-08  1.15967272e-03 
 2.90400000e-08  1.14440000e-03 
 2.90600000e-08  1.12894991e-03 
 2.90800000e-08  1.11332494e-03 
 2.91000000e-08  1.09752759e-03 
 2.91200000e-08  1.08156037e-03 
 2.91400000e-08  1.06542585e-03 
 2.91600000e-08  1.04912658e-03 
 2.91800000e-08  1.03266515e-03 
 2.92000000e-08  1.01604418e-03 
 2.92200000e-08  9.99266292e-04 
 2.92400000e-08  9.82334137e-04 
 2.92600000e-08  9.65250384e-04 
 2.92800000e-08  9.48017722e-04 
 2.93000000e-08  9.30638856e-04 
 2.93200000e-08  9.13116511e-04 
 2.93400000e-08  8.95453430e-04 
 2.93600000e-08  8.77652373e-04 
 2.93800000e-08  8.59716115e-04 
 2.94000000e-08  8.41647451e-04 
 2.94200000e-08  8.23449190e-04 
 2.94400000e-08  8.05124157e-04 
 2.94600000e-08  7.86675193e-04 
 2.94800000e-08  7.68105153e-04 
 2.95000000e-08  7.49416908e-04 
 2.95200000e-08  7.30613342e-04 
 2.95400000e-08  7.11697356e-04 
 2.95600000e-08  6.92671859e-04 
 2.95800000e-08  6.73539780e-04 
 2.96000000e-08  6.54304055e-04 
 2.96200000e-08  6.34967635e-04 
 2.96400000e-08  6.15533485e-04 
 2.96600000e-08  5.96004579e-04 
 2.96800000e-08  5.76383905e-04 
 2.97000000e-08  5.56674458e-04 
 2.97200000e-08  5.36879250e-04 
 2.97400000e-08  5.17001298e-04 
 2.97600000e-08  4.97043632e-04 
 2.97800000e-08  4.77009292e-04 
 2.98000000e-08  4.56901327e-04 
 2.98200000e-08  4.36722794e-04 
 2.98400000e-08  4.16476761e-04 
 2.98600000e-08  3.96166304e-04 
 2.98800000e-08  3.75794506e-04 
 2.99000000e-08  3.55364460e-04 
 2.99200000e-08  3.34879265e-04 
 2.99400000e-08  3.14342028e-04 
 2.99600000e-08  2.93755864e-04 
 2.99800000e-08  2.73123893e-04 
 3.00000000e-08  2.52449242e-04 
 3.00200000e-08  2.31735044e-04 
 3.00400000e-08  2.10984439e-04 
 3.00600000e-08  1.90200572e-04 
 3.00800000e-08  1.69386592e-04 
 3.01000000e-08  1.48545653e-04 
 3.01200000e-08  1.27680915e-04 
 3.01400000e-08  1.06795541e-04 
 3.01600000e-08  8.58926995e-05 
 3.01800000e-08  6.49755601e-05 
 3.02000000e-08  4.40472975e-05 
 3.02200000e-08  2.31110889e-05 
 3.02400000e-08  2.17011398e-06 
 3.02600000e-08 -1.87724450e-05 
 3.02800000e-08 -3.97134040e-05 
 3.03000000e-08 -6.06495771e-05 
 3.03200000e-08 -8.15777774e-05 
 3.03400000e-08 -1.02494817e-04 
 3.03600000e-08 -1.23397506e-04 
 3.03800000e-08 -1.44282657e-04 
 3.04000000e-08 -1.65147080e-04 
 3.04200000e-08 -1.85987587e-04 
 3.04400000e-08 -2.06800990e-04 
 3.04600000e-08 -2.27584102e-04 
 3.04800000e-08 -2.48333737e-04 
 3.05000000e-08 -2.69046713e-04 
 3.05200000e-08 -2.89719849e-04 
 3.05400000e-08 -3.10349964e-04 
 3.05600000e-08 -3.30933885e-04 
 3.05800000e-08 -3.51468438e-04 
 3.06000000e-08 -3.71950455e-04 
 3.06200000e-08 -3.92376771e-04 
 3.06400000e-08 -4.12744226e-04 
 3.06600000e-08 -4.33049666e-04 
 3.06800000e-08 -4.53289941e-04 
 3.07000000e-08 -4.73461907e-04 
 3.07200000e-08 -4.93562425e-04 
 3.07400000e-08 -5.13588366e-04 
 3.07600000e-08 -5.33536605e-04 
 3.07800000e-08 -5.53404024e-04 
 3.08000000e-08 -5.73187517e-04 
 3.08200000e-08 -5.92883982e-04 
 3.08400000e-08 -6.12490327e-04 
 3.08600000e-08 -6.32003472e-04 
 3.08800000e-08 -6.51420342e-04 
 3.09000000e-08 -6.70737876e-04 
 3.09200000e-08 -6.89953023e-04 
 3.09400000e-08 -7.09062742e-04 
 3.09600000e-08 -7.28064004e-04 
 3.09800000e-08 -7.46953792e-04 
 3.10000000e-08 -7.65729104e-04 
 3.10200000e-08 -7.84386947e-04 
 3.10400000e-08 -8.02924346e-04 
 3.10600000e-08 -8.21338336e-04 
 3.10800000e-08 -8.39625970e-04 
 3.11000000e-08 -8.57784314e-04 
 3.11200000e-08 -8.75810452e-04 
 3.11400000e-08 -8.93701481e-04 
 3.11600000e-08 -9.11454519e-04 
 3.11800000e-08 -9.29066697e-04 
 3.12000000e-08 -9.46535167e-04 
 3.12200000e-08 -9.63857097e-04 
 3.12400000e-08 -9.81029677e-04 
 3.12600000e-08 -9.98050114e-04 
 3.12800000e-08 -1.01491564e-03 
 3.13000000e-08 -1.03162349e-03 
 3.13200000e-08 -1.04817095e-03 
 3.13400000e-08 -1.06455530e-03 
 3.13600000e-08 -1.08077386e-03 
 3.13800000e-08 -1.09682396e-03 
 3.14000000e-08 -1.11270297e-03 
 3.14200000e-08 -1.12840826e-03 
 3.14400000e-08 -1.14393725e-03 
 3.14600000e-08 -1.15928737e-03 
 3.14800000e-08 -1.17445608e-03 
 3.15000000e-08 -1.18944086e-03 
 3.15200000e-08 -1.20423923e-03 
 3.15400000e-08 -1.21884872e-03 
 3.15600000e-08 -1.23326691e-03 
 3.15800000e-08 -1.24749139e-03 
 3.16000000e-08 -1.26151979e-03 
 3.16200000e-08 -1.27534975e-03 
 3.16400000e-08 -1.28897897e-03 
 3.16600000e-08 -1.30240516e-03 
 3.16800000e-08 -1.31562606e-03 
 3.17000000e-08 -1.32863946e-03 
 3.17200000e-08 -1.34144317e-03 
 3.17400000e-08 -1.35403503e-03 
 3.17600000e-08 -1.36641293e-03 
 3.17800000e-08 -1.37857476e-03 
 3.18000000e-08 -1.39051847e-03 
 3.18200000e-08 -1.40224206e-03 
 3.18400000e-08 -1.41374353e-03 
 3.18600000e-08 -1.42502093e-03 
 3.18800000e-08 -1.43607236e-03 
 3.19000000e-08 -1.44689595e-03 
 3.19200000e-08 -1.45748984e-03 
 3.19400000e-08 -1.46785226e-03 
 3.19600000e-08 -1.47798143e-03 
 3.19800000e-08 -1.48787563e-03 
 3.20000000e-08 -1.49753319e-03 
 3.20200000e-08 -1.50695246e-03 
 3.20400000e-08 -1.51613185e-03 
 3.20600000e-08 -1.52506977e-03 
 3.20800000e-08 -1.53376473e-03 
 3.21000000e-08 -1.54221524e-03 
 3.21200000e-08 -1.55041985e-03 
 3.21400000e-08 -1.55837719e-03 
 3.21600000e-08 -1.56608589e-03 
 3.21800000e-08 -1.57354464e-03 
 3.22000000e-08 -1.58075219e-03 
 3.22200000e-08 -1.58770730e-03 
 3.22400000e-08 -1.59440880e-03 
 3.22600000e-08 -1.60085555e-03 
 3.22800000e-08 -1.60704646e-03 
 3.23000000e-08 -1.61298050e-03 
 3.23200000e-08 -1.61865665e-03 
 3.23400000e-08 -1.62407396e-03 
 3.23600000e-08 -1.62923153e-03 
 3.23800000e-08 -1.63412849e-03 
 3.24000000e-08 -1.63876402e-03 
 3.24200000e-08 -1.64313735e-03 
 3.24400000e-08 -1.64724775e-03 
 3.24600000e-08 -1.65109455e-03 
 3.24800000e-08 -1.65467711e-03 
 3.25000000e-08 -1.65799485e-03 
 3.25200000e-08 -1.66104723e-03 
 3.25400000e-08 -1.66383375e-03 
 3.25600000e-08 -1.66635398e-03 
 3.25800000e-08 -1.66860752e-03 
 3.26000000e-08 -1.67059401e-03 
 3.26200000e-08 -1.67231315e-03 
 3.26400000e-08 -1.67376469e-03 
 3.26600000e-08 -1.67494842e-03 
 3.26800000e-08 -1.67586417e-03 
 3.27000000e-08 -1.67651184e-03 
 3.27200000e-08 -1.67689136e-03 
 3.27400000e-08 -1.67700270e-03 
 3.27600000e-08 -1.67684590e-03 
 3.27800000e-08 -1.67642103e-03 
 3.28000000e-08 -1.67572821e-03 
 3.28200000e-08 -1.67476762e-03 
 3.28400000e-08 -1.67353946e-03 
 3.28600000e-08 -1.67204401e-03 
 3.28800000e-08 -1.67028156e-03 
 3.29000000e-08 -1.66825248e-03 
 3.29200000e-08 -1.66595716e-03 
 3.29400000e-08 -1.66339606e-03 
 3.29600000e-08 -1.66056967e-03 
 3.29800000e-08 -1.65747853e-03 
 3.30000000e-08 -1.65412321e-03 
 3.30200000e-08 -1.65050436e-03 
 3.30400000e-08 -1.64662265e-03 
 3.30600000e-08 -1.64247879e-03 
 3.30800000e-08 -1.63807355e-03 
 3.31000000e-08 -1.63340773e-03 
 3.31200000e-08 -1.62848220e-03 
 3.31400000e-08 -1.62329784e-03 
 3.31600000e-08 -1.61785559e-03 
 3.31800000e-08 -1.61215644e-03 
 3.32000000e-08 -1.60620141e-03 
 3.32200000e-08 -1.59999156e-03 
 3.32400000e-08 -1.59352800e-03 
 3.32600000e-08 -1.58681189e-03 
 3.32800000e-08 -1.57984441e-03 
 3.33000000e-08 -1.57262680e-03 
 3.33200000e-08 -1.56516032e-03 
 3.33400000e-08 -1.55744629e-03 
 3.33600000e-08 -1.54948606e-03 
 3.33800000e-08 -1.54128103e-03 
 3.34000000e-08 -1.53283261e-03 
 3.34200000e-08 -1.52414229e-03 
 3.34400000e-08 -1.51521156e-03 
 3.34600000e-08 -1.50604197e-03 
 3.34800000e-08 -1.49663510e-03 
 3.35000000e-08 -1.48699256e-03 
 3.35200000e-08 -1.47711602e-03 
 3.35400000e-08 -1.46700716e-03 
 3.35600000e-08 -1.45666770e-03 
 3.35800000e-08 -1.44609940e-03 
 3.36000000e-08 -1.43530406e-03 
 3.36200000e-08 -1.42428351e-03 
 3.36400000e-08 -1.41303960e-03 
 3.36600000e-08 -1.40157424e-03 
 3.36800000e-08 -1.38988934e-03 
 3.37000000e-08 -1.37798686e-03 
 3.37200000e-08 -1.36586881e-03 
 3.37400000e-08 -1.35353719e-03 
 3.37600000e-08 -1.34099406e-03 
 3.37800000e-08 -1.32824151e-03 
 3.38000000e-08 -1.31528164e-03 
 3.38200000e-08 -1.30211659e-03 
 3.38400000e-08 -1.28874855e-03 
 3.38600000e-08 -1.27517970e-03 
 3.38800000e-08 -1.26141227e-03 
 3.39000000e-08 -1.24744851e-03 
 3.39200000e-08 -1.23329072e-03 
 3.39400000e-08 -1.21894118e-03 
 3.39600000e-08 -1.20440224e-03 
 3.39800000e-08 -1.18967626e-03 
 3.40000000e-08 -1.17476561e-03 
 3.40200000e-08 -1.15967272e-03 
 3.40400000e-08 -1.14440000e-03 
 3.40600000e-08 -1.12894991e-03 
 3.40800000e-08 -1.11332494e-03 
 3.41000000e-08 -1.09752759e-03 
 3.41200000e-08 -1.08156037e-03 
 3.41400000e-08 -1.06542585e-03 
 3.41600000e-08 -1.04912658e-03 
 3.41800000e-08 -1.03266515e-03 
 3.42000000e-08 -1.01604418e-03 
 3.42200000e-08 -9.99266292e-04 
 3.42400000e-08 -9.82334137e-04 
 3.42600000e-08 -9.65250384e-04 
 3.42800000e-08 -9.48017722e-04 
 3.43000000e-08 -9.30638856e-04 
 3.43200000e-08 -9.13116511e-04 
 3.43400000e-08 -8.95453430e-04 
 3.43600000e-08 -8.77652373e-04 
 3.43800000e-08 -8.59716115e-04 
 3.44000000e-08 -8.41647451e-04 
 3.44200000e-08 -8.23449190e-04 
 3.44400000e-08 -8.05124157e-04 
 3.44600000e-08 -7.86675193e-04 
 3.44800000e-08 -7.68105153e-04 
 3.45000000e-08 -7.49416908e-04 
 3.45200000e-08 -7.30613342e-04 
 3.45400000e-08 -7.11697356e-04 
 3.45600000e-08 -6.92671859e-04 
 3.45800000e-08 -6.73539780e-04 
 3.46000000e-08 -6.54304055e-04 
 3.46200000e-08 -6.34967635e-04 
 3.46400000e-08 -6.15533485e-04 
 3.46600000e-08 -5.96004579e-04 
 3.46800000e-08 -5.76383905e-04 
 3.47000000e-08 -5.56674458e-04 
 3.47200000e-08 -5.36879250e-04 
 3.47400000e-08 -5.17001298e-04 
 3.47600000e-08 -4.97043632e-04 
 3.47800000e-08 -4.77009292e-04 
 3.48000000e-08 -4.56901327e-04 
 3.48200000e-08 -4.36722794e-04 
 3.48400000e-08 -4.16476761e-04 
 3.48600000e-08 -3.96166304e-04 
 3.48800000e-08 -3.75794506e-04 
 3.49000000e-08 -3.55364460e-04 
 3.49200000e-08 -3.34879265e-04 
 3.49400000e-08 -3.14342028e-04 
 3.49600000e-08 -2.93755864e-04 
 3.49800000e-08 -2.73123893e-04 
 3.50000000e-08 -2.52449242e-04 
 3.50200000e-08 -2.31735044e-04 
 3.50400000e-08 -2.10984439e-04 
 3.50600000e-08 -1.90200572e-04 
 3.50800000e-08 -1.69386592e-04 
 3.51000000e-08 -1.48545653e-04 
 3.51200000e-08 -1.27680915e-04 
 3.51400000e-08 -1.06795541e-04 
 3.51600000e-08 -8.58926995e-05 
 3.51800000e-08 -6.49755601e-05 
 3.52000000e-08 -4.40472975e-05 
 3.52200000e-08 -2.31110889e-05 
 3.52400000e-08 -2.17011398e-06 
 3.52600000e-08  1.87724450e-05 
 3.52800000e-08  3.97134040e-05 
 3.53000000e-08  6.06495772e-05 
 3.53200000e-08  8.15777774e-05 
 3.53400000e-08  1.02494817e-04 
 3.53600000e-08  1.23397506e-04 
 3.53800000e-08  1.44282657e-04 
 3.54000000e-08  1.65147080e-04 
 3.54200000e-08  1.85987587e-04 
 3.54400000e-08  2.06800990e-04 
 3.54600000e-08  2.27584102e-04 
 3.54800000e-08  2.48333737e-04 
 3.55000000e-08  2.69046713e-04 
 3.55200000e-08  2.89719849e-04 
 3.55400000e-08  3.10349964e-04 
 3.55600000e-08  3.30933885e-04 
 3.55800000e-08  3.51468438e-04 
 3.56000000e-08  3.71950455e-04 
 3.56200000e-08  3.92376771e-04 
 3.56400000e-08  4.12744226e-04 
 3.56600000e-08  4.33049666e-04 
 3.56800000e-08  4.53289941e-04 
 3.57000000e-08  4.73461907e-04 
 3.57200000e-08  4.93562425e-04 
 3.57400000e-08  5.13588366e-04 
 3.57600000e-08  5.33536605e-04 
 3.57800000e-08  5.53404024e-04 
 3.58000000e-08  5.73187517e-04 
 3.58200000e-08  5.92883982e-04 
 3.58400000e-08  6.12490327e-04 
 3.58600000e-08  6.32003472e-04 
 3.58800000e-08  6.51420342e-04 
 3.59000000e-08  6.70737876e-04 
 3.59200000e-08  6.89953023e-04 
 3.59400000e-08  7.09062742e-04 
 3.59600000e-08  7.28064004e-04 
 3.59800000e-08  7.46953792e-04 
 3.60000000e-08  7.65729104e-04 
 3.60200000e-08  7.84386947e-04 
 3.60400000e-08  8.02924346e-04 
 3.60600000e-08  8.21338336e-04 
 3.60800000e-08  8.39625970e-04 
 3.61000000e-08  8.57784314e-04 
 3.61200000e-08  8.75810452e-04 
 3.61400000e-08  8.93701481e-04 
 3.61600000e-08  9.11454519e-04 
 3.61800000e-08  9.29066697e-04 
 3.62000000e-08  9.46535167e-04 
 3.62200000e-08  9.63857097e-04 
 3.62400000e-08  9.81029677e-04 
 3.62600000e-08  9.98050114e-04 
 3.62800000e-08  1.01491564e-03 
 3.63000000e-08  1.03162349e-03 
 3.63200000e-08  1.04817095e-03 
 3.63400000e-08  1.06455530e-03 
 3.63600000e-08  1.08077386e-03 
 3.63800000e-08  1.09682396e-03 
 3.64000000e-08  1.11270297e-03 
 3.64200000e-08  1.12840826e-03 
 3.64400000e-08  1.14393725e-03 
 3.64600000e-08  1.15928737e-03 
 3.64800000e-08  1.17445608e-03 
 3.65000000e-08  1.18944086e-03 
 3.65200000e-08  1.20423923e-03 
 3.65400000e-08  1.21884872e-03 
 3.65600000e-08  1.23326691e-03 
 3.65800000e-08  1.24749139e-03 
 3.66000000e-08  1.26151979e-03 
 3.66200000e-08  1.27534975e-03 
 3.66400000e-08  1.28897897e-03 
 3.66600000e-08  1.30240516e-03 
 3.66800000e-08  1.31562606e-03 
 3.67000000e-08  1.32863946e-03 
 3.67200000e-08  1.34144317e-03 
 3.67400000e-08  1.35403503e-03 
 3.67600000e-08  1.36641293e-03 
 3.67800000e-08  1.37857476e-03 
 3.68000000e-08  1.39051847e-03 
 3.68200000e-08  1.40224206e-03 
 3.68400000e-08  1.41374353e-03 
 3.68600000e-08  1.42502093e-03 
 3.68800000e-08  1.43607236e-03 
 3.69000000e-08  1.44689595e-03 
 3.69200000e-08  1.45748984e-03 
 3.69400000e-08  1.46785226e-03 
 3.69600000e-08  1.47798143e-03 
 3.69800000e-08  1.48787563e-03 
 3.70000000e-08  1.49753319e-03 
 3.70200000e-08  1.50695246e-03 
 3.70400000e-08  1.51613185e-03 
 3.70600000e-08  1.52506977e-03 
 3.70800000e-08  1.53376473e-03 
 3.71000000e-08  1.54221524e-03 
 3.71200000e-08  1.55041985e-03 
 3.71400000e-08  1.55837719e-03 
 3.71600000e-08  1.56608589e-03 
 3.71800000e-08  1.57354464e-03 
 3.72000000e-08  1.58075219e-03 
 3.72200000e-08  1.58770730e-03 
 3.72400000e-08  1.59440880e-03 
 3.72600000e-08  1.60085555e-03 
 3.72800000e-08  1.60704646e-03 
 3.73000000e-08  1.61298050e-03 
 3.73200000e-08  1.61865665e-03 
 3.73400000e-08  1.62407396e-03 
 3.73600000e-08  1.62923153e-03 
 3.73800000e-08  1.63412849e-03 
 3.74000000e-08  1.63876402e-03 
 3.74200000e-08  1.64313735e-03 
 3.74400000e-08  1.64724775e-03 
 3.74600000e-08  1.65109455e-03 
 3.74800000e-08  1.65467711e-03 
 3.75000000e-08  1.65799485e-03 
 3.75200000e-08  1.66104723e-03 
 3.75400000e-08  1.66383375e-03 
 3.75600000e-08  1.66635398e-03 
 3.75800000e-08  1.66860752e-03 
 3.76000000e-08  1.67059401e-03 
 3.76200000e-08  1.67231315e-03 
 3.76400000e-08  1.67376469e-03 
 3.76600000e-08  1.67494842e-03 
 3.76800000e-08  1.67586417e-03 
 3.77000000e-08  1.67651184e-03 
 3.77200000e-08  1.67689136e-03 
 3.77400000e-08  1.67700270e-03 
 3.77600000e-08  1.67684590e-03 
 3.77800000e-08  1.67642103e-03 
 3.78000000e-08  1.67572821e-03 
 3.78200000e-08  1.67476762e-03 
 3.78400000e-08  1.67353946e-03 
 3.78600000e-08  1.67204401e-03 
 3.78800000e-08  1.67028156e-03 
 3.79000000e-08  1.66825248e-03 
 3.79200000e-08  1.66595716e-03 
 3.79400000e-08  1.66339606e-03 
 3.79600000e-08  1.66056967e-03 
 3.79800000e-08  1.65747853e-03 
 3.80000000e-08  1.65412321e-03 
 3.80200000e-08  1.65050436e-03 
 3.80400000e-08  1.64662265e-03 
 3.80600000e-08  1.64247879e-03 
 3.80800000e-08  1.63807355e-03 
 3.81000000e-08  1.63340773e-03 
 3.81200000e-08  1.62848220e-03 
 3.81400000e-08  1.62329784e-03 
 3.81600000e-08  1.61785559e-03 
 3.81800000e-08  1.61215644e-03 
 3.82000000e-08  1.60620141e-03 
 3.82200000e-08  1.59999156e-03 
 3.82400000e-08  1.59352800e-03 
 3.82600000e-08  1.58681189e-03 
 3.82800000e-08  1.57984441e-03 
 3.83000000e-08  1.57262680e-03 
 3.83200000e-08  1.56516032e-03 
 3.83400000e-08  1.55744629e-03 
 3.83600000e-08  1.54948606e-03 
 3.83800000e-08  1.54128103e-03 
 3.84000000e-08  1.53283261e-03 
 3.84200000e-08  1.52414229e-03 
 3.84400000e-08  1.51521156e-03 
 3.84600000e-08  1.50604197e-03 
 3.84800000e-08  1.49663510e-03 
 3.85000000e-08  1.48699256e-03 
 3.85200000e-08  1.47711602e-03 
 3.85400000e-08  1.46700716e-03 
 3.85600000e-08  1.45666770e-03 
 3.85800000e-08  1.44609940e-03 
 3.86000000e-08  1.43530406e-03 
 3.86200000e-08  1.42428351e-03 
 3.86400000e-08  1.41303960e-03 
 3.86600000e-08  1.40157424e-03 
 3.86800000e-08  1.38988934e-03 
 3.87000000e-08  1.37798686e-03 
 3.87200000e-08  1.36586881e-03 
 3.87400000e-08  1.35353719e-03 
 3.87600000e-08  1.34099406e-03 
 3.87800000e-08  1.32824151e-03 
 3.88000000e-08  1.31528164e-03 
 3.88200000e-08  1.30211659e-03 
 3.88400000e-08  1.28874855e-03 
 3.88600000e-08  1.27517970e-03 
 3.88800000e-08  1.26141227e-03 
 3.89000000e-08  1.24744851e-03 
 3.89200000e-08  1.23329072e-03 
 3.89400000e-08  1.21894118e-03 
 3.89600000e-08  1.20440224e-03 
 3.89800000e-08  1.18967626e-03 
 3.90000000e-08  1.17476561e-03 
 3.90200000e-08  1.15967272e-03 
 3.90400000e-08  1.14440000e-03 
 3.90600000e-08  1.12894991e-03 
 3.90800000e-08  1.11332494e-03 
 3.91000000e-08  1.09752759e-03 
 3.91200000e-08  1.08156037e-03 
 3.91400000e-08  1.06542585e-03 
 3.91600000e-08  1.04912658e-03 
 3.91800000e-08  1.03266515e-03 
 3.92000000e-08  1.01604418e-03 
 3.92200000e-08  9.99266292e-04 
 3.92400000e-08  9.82334137e-04 
 3.92600000e-08  9.65250384e-04 
 3.92800000e-08  9.48017722e-04 
 3.93000000e-08  9.30638856e-04 
 3.93200000e-08  9.13116511e-04 
 3.93400000e-08  8.95453430e-04 
 3.93600000e-08  8.77652373e-04 
 3.93800000e-08  8.59716115e-04 
 3.94000000e-08  8.41647451e-04 
 3.94200000e-08  8.23449190e-04 
 3.94400000e-08  8.05124157e-04 
 3.94600000e-08  7.86675193e-04 
 3.94800000e-08  7.68105153e-04 
 3.95000000e-08  7.49416908e-04 
 3.95200000e-08  7.30613342e-04 
 3.95400000e-08  7.11697356e-04 
 3.95600000e-08  6.92671859e-04 
 3.95800000e-08  6.73539780e-04 
 3.96000000e-08  6.54304055e-04 
 3.96200000e-08  6.34967635e-04 
 3.96400000e-08  6.15533485e-04 
 3.96600000e-08  5.96004579e-04 
 3.96800000e-08  5.76383905e-04 
 3.97000000e-08  5.56674458e-04 
 3.97200000e-08  5.36879250e-04 
 3.97400000e-08  5.17001298e-04 
 3.97600000e-08  4.97043632e-04 
 3.97800000e-08  4.77009292e-04 
 3.98000000e-08  4.56901327e-04 
 3.98200000e-08  4.36722794e-04 
 3.98400000e-08  4.16476761e-04 
 3.98600000e-08  3.96166304e-04 
 3.98800000e-08  3.75794506e-04 
 3.99000000e-08  3.55364460e-04 
 3.99200000e-08  3.34879265e-04 
 3.99400000e-08  3.14342028e-04 
 3.99600000e-08  2.93755864e-04 
 3.99800000e-08  2.73123893e-04 
 4.00000000e-08  2.52449242e-04 
 4.00200000e-08  2.31735044e-04 
 4.00400000e-08  2.10984439e-04 
 4.00600000e-08  1.90200572e-04 
 4.00800000e-08  1.69386592e-04 
 4.01000000e-08  1.48545653e-04 
 4.01200000e-08  1.27680915e-04 
 4.01400000e-08  1.06795541e-04 
 4.01600000e-08  8.58926995e-05 
 4.01800000e-08  6.49755601e-05 
 4.02000000e-08  4.40472975e-05 
 4.02200000e-08  2.31110889e-05 
 4.02400000e-08  2.17011399e-06 
 4.02600000e-08 -1.87724450e-05 
 4.02800000e-08 -3.97134040e-05 
 4.03000000e-08 -6.06495771e-05 
 4.03200000e-08 -8.15777774e-05 
 4.03400000e-08 -1.02494817e-04 
 4.03600000e-08 -1.23397506e-04 
 4.03800000e-08 -1.44282657e-04 
 4.04000000e-08 -1.65147080e-04 
 4.04200000e-08 -1.85987587e-04 
 4.04400000e-08 -2.06800990e-04 
 4.04600000e-08 -2.27584102e-04 
 4.04800000e-08 -2.48333737e-04 
 4.05000000e-08 -2.69046713e-04 
 4.05200000e-08 -2.89719849e-04 
 4.05400000e-08 -3.10349964e-04 
 4.05600000e-08 -3.30933885e-04 
 4.05800000e-08 -3.51468438e-04 
 4.06000000e-08 -3.71950455e-04 
 4.06200000e-08 -3.92376771e-04 
 4.06400000e-08 -4.12744226e-04 
 4.06600000e-08 -4.33049666e-04 
 4.06800000e-08 -4.53289941e-04 
 4.07000000e-08 -4.73461907e-04 
 4.07200000e-08 -4.93562425e-04 
 4.07400000e-08 -5.13588366e-04 
 4.07600000e-08 -5.33536605e-04 
 4.07800000e-08 -5.53404024e-04 
 4.08000000e-08 -5.73187517e-04 
 4.08200000e-08 -5.92883982e-04 
 4.08400000e-08 -6.12490327e-04 
 4.08600000e-08 -6.32003472e-04 
 4.08800000e-08 -6.51420342e-04 
 4.09000000e-08 -6.70737876e-04 
 4.09200000e-08 -6.89953023e-04 
 4.09400000e-08 -7.09062742e-04 
 4.09600000e-08 -7.28064004e-04 
 4.09800000e-08 -7.46953792e-04 
 4.10000000e-08 -7.65729104e-04 
 4.10200000e-08 -7.84386947e-04 
 4.10400000e-08 -8.02924346e-04 
 4.10600000e-08 -8.21338336e-04 
 4.10800000e-08 -8.39625970e-04 
 4.11000000e-08 -8.57784314e-04 
 4.11200000e-08 -8.75810452e-04 
 4.11400000e-08 -8.93701481e-04 
 4.11600000e-08 -9.11454519e-04 
 4.11800000e-08 -9.29066697e-04 
 4.12000000e-08 -9.46535167e-04 
 4.12200000e-08 -9.63857097e-04 
 4.12400000e-08 -9.81029677e-04 
 4.12600000e-08 -9.98050114e-04 
 4.12800000e-08 -1.01491564e-03 
 4.13000000e-08 -1.03162349e-03 
 4.13200000e-08 -1.04817095e-03 
 4.13400000e-08 -1.06455530e-03 
 4.13600000e-08 -1.08077386e-03 
 4.13800000e-08 -1.09682396e-03 
 4.14000000e-08 -1.11270297e-03 
 4.14200000e-08 -1.12840826e-03 
 4.14400000e-08 -1.14393725e-03 
 4.14600000e-08 -1.15928737e-03 
 4.14800000e-08 -1.17445608e-03 
 4.15000000e-08 -1.18944086e-03 
 4.15200000e-08 -1.20423923e-03 
 4.15400000e-08 -1.21884872e-03 
 4.15600000e-08 -1.23326691e-03 
 4.15800000e-08 -1.24749139e-03 
 4.16000000e-08 -1.26151979e-03 
 4.16200000e-08 -1.27534975e-03 
 4.16400000e-08 -1.28897897e-03 
 4.16600000e-08 -1.30240516e-03 
 4.16800000e-08 -1.31562606e-03 
 4.17000000e-08 -1.32863946e-03 
 4.17200000e-08 -1.34144317e-03 
 4.17400000e-08 -1.35403503e-03 
 4.17600000e-08 -1.36641293e-03 
 4.17800000e-08 -1.37857476e-03 
 4.18000000e-08 -1.39051847e-03 
 4.18200000e-08 -1.40224206e-03 
 4.18400000e-08 -1.41374353e-03 
 4.18600000e-08 -1.42502093e-03 
 4.18800000e-08 -1.43607236e-03 
 4.19000000e-08 -1.44689595e-03 
 4.19200000e-08 -1.45748984e-03 
 4.19400000e-08 -1.46785226e-03 
 4.19600000e-08 -1.47798143e-03 
 4.19800000e-08 -1.48787563e-03 
 4.20000000e-08 -1.49753319e-03 
 4.20200000e-08 -1.50695246e-03 
 4.20400000e-08 -1.51613185e-03 
 4.20600000e-08 -1.52506977e-03 
 4.20800000e-08 -1.53376473e-03 
 4.21000000e-08 -1.54221524e-03 
 4.21200000e-08 -1.55041985e-03 
 4.21400000e-08 -1.55837719e-03 
 4.21600000e-08 -1.56608589e-03 
 4.21800000e-08 -1.57354464e-03 
 4.22000000e-08 -1.58075219e-03 
 4.22200000e-08 -1.58770730e-03 
 4.22400000e-08 -1.59440880e-03 
 4.22600000e-08 -1.60085555e-03 
 4.22800000e-08 -1.60704646e-03 
 4.23000000e-08 -1.61298050e-03 
 4.23200000e-08 -1.61865665e-03 
 4.23400000e-08 -1.62407396e-03 
 4.23600000e-08 -1.62923153e-03 
 4.23800000e-08 -1.63412849e-03 
 4.24000000e-08 -1.63876402e-03 
 4.24200000e-08 -1.64313735e-03 
 4.24400000e-08 -1.64724775e-03 
 4.24600000e-08 -1.65109455e-03 
 4.24800000e-08 -1.65467711e-03 
 4.25000000e-08 -1.65799485e-03 
 4.25200000e-08 -1.66104723e-03 
 4.25400000e-08 -1.66383375e-03 
 4.25600000e-08 -1.66635398e-03 
 4.25800000e-08 -1.66860752e-03 
 4.26000000e-08 -1.67059401e-03 
 4.26200000e-08 -1.67231315e-03 
 4.26400000e-08 -1.67376469e-03 
 4.26600000e-08 -1.67494842e-03 
 4.26800000e-08 -1.67586417e-03 
 4.27000000e-08 -1.67651184e-03 
 4.27200000e-08 -1.67689136e-03 
 4.27400000e-08 -1.67700270e-03 
 4.27600000e-08 -1.67684590e-03 
 4.27800000e-08 -1.67642103e-03 
 4.28000000e-08 -1.67572821e-03 
 4.28200000e-08 -1.67476762e-03 
 4.28400000e-08 -1.67353946e-03 
 4.28600000e-08 -1.67204401e-03 
 4.28800000e-08 -1.67028156e-03 
 4.29000000e-08 -1.66825248e-03 
 4.29200000e-08 -1.66595716e-03 
 4.29400000e-08 -1.66339606e-03 
 4.29600000e-08 -1.66056967e-03 
 4.29800000e-08 -1.65747853e-03 
 4.30000000e-08 -1.65412321e-03 
 4.30200000e-08 -1.65050436e-03 
 4.30400000e-08 -1.64662265e-03 
 4.30600000e-08 -1.64247879e-03 
 4.30800000e-08 -1.63807355e-03 
 4.31000000e-08 -1.63340773e-03 
 4.31200000e-08 -1.62848220e-03 
 4.31400000e-08 -1.62329784e-03 
 4.31600000e-08 -1.61785559e-03 
 4.31800000e-08 -1.61215644e-03 
 4.32000000e-08 -1.60620141e-03 
 4.32200000e-08 -1.59999156e-03 
 4.32400000e-08 -1.59352800e-03 
 4.32600000e-08 -1.58681189e-03 
 4.32800000e-08 -1.57984441e-03 
 4.33000000e-08 -1.57262680e-03 
 4.33200000e-08 -1.56516032e-03 
 4.33400000e-08 -1.55744629e-03 
 4.33600000e-08 -1.54948606e-03 
 4.33800000e-08 -1.54128103e-03 
 4.34000000e-08 -1.53283261e-03 
 4.34200000e-08 -1.52414229e-03 
 4.34400000e-08 -1.51521156e-03 
 4.34600000e-08 -1.50604197e-03 
 4.34800000e-08 -1.49663510e-03 
 4.35000000e-08 -1.48699256e-03 
 4.35200000e-08 -1.47711602e-03 
 4.35400000e-08 -1.46700716e-03 
 4.35600000e-08 -1.45666770e-03 
 4.35800000e-08 -1.44609940e-03 
 4.36000000e-08 -1.43530406e-03 
 4.36200000e-08 -1.42428351e-03 
 4.36400000e-08 -1.41303960e-03 
 4.36600000e-08 -1.40157424e-03 
 4.36800000e-08 -1.38988934e-03 
 4.37000000e-08 -1.37798686e-03 
 4.37200000e-08 -1.36586881e-03 
 4.37400000e-08 -1.35353719e-03 
 4.37600000e-08 -1.34099406e-03 
 4.37800000e-08 -1.32824151e-03 
 4.38000000e-08 -1.31528164e-03 
 4.38200000e-08 -1.30211659e-03 
 4.38400000e-08 -1.28874855e-03 
 4.38600000e-08 -1.27517970e-03 
 4.38800000e-08 -1.26141227e-03 
 4.39000000e-08 -1.24744851e-03 
 4.39200000e-08 -1.23329072e-03 
 4.39400000e-08 -1.21894118e-03 
 4.39600000e-08 -1.20440224e-03 
 4.39800000e-08 -1.18967626e-03 
 4.40000000e-08 -1.17476561e-03 
 4.40200000e-08 -1.15967272e-03 
 4.40400000e-08 -1.14440000e-03 
 4.40600000e-08 -1.12894991e-03 
 4.40800000e-08 -1.11332494e-03 
 4.41000000e-08 -1.09752759e-03 
 4.41200000e-08 -1.08156037e-03 
 4.41400000e-08 -1.06542585e-03 
 4.41600000e-08 -1.04912658e-03 
 4.41800000e-08 -1.03266515e-03 
 4.42000000e-08 -1.01604418e-03 
 4.42200000e-08 -9.99266292e-04 
 4.42400000e-08 -9.82334137e-04 
 4.42600000e-08 -9.65250384e-04 
 4.42800000e-08 -9.48017722e-04 
 4.43000000e-08 -9.30638856e-04 
 4.43200000e-08 -9.13116511e-04 
 4.43400000e-08 -8.95453430e-04 
 4.43600000e-08 -8.77652373e-04 
 4.43800000e-08 -8.59716115e-04 
 4.44000000e-08 -8.41647451e-04 
 4.44200000e-08 -8.23449190e-04 
 4.44400000e-08 -8.05124157e-04 
 4.44600000e-08 -7.86675193e-04 
 4.44800000e-08 -7.68105153e-04 
 4.45000000e-08 -7.49416908e-04 
 4.45200000e-08 -7.30613342e-04 
 4.45400000e-08 -7.11697356e-04 
 4.45600000e-08 -6.92671859e-04 
 4.45800000e-08 -6.73539780e-04 
 4.46000000e-08 -6.54304055e-04 
 4.46200000e-08 -6.34967635e-04 
 4.46400000e-08 -6.15533485e-04 
 4.46600000e-08 -5.96004579e-04 
 4.46800000e-08 -5.76383905e-04 
 4.47000000e-08 -5.56674458e-04 
 4.47200000e-08 -5.36879250e-04 
 4.47400000e-08 -5.17001298e-04 
 4.47600000e-08 -4.97043632e-04 
 4.47800000e-08 -4.77009292e-04 
 4.48000000e-08 -4.56901327e-04 
 4.48200000e-08 -4.36722794e-04 
 4.48400000e-08 -4.16476761e-04 
 4.48600000e-08 -3.96166304e-04 
 4.48800000e-08 -3.75794506e-04 
 4.49000000e-08 -3.55364460e-04 
 4.49200000e-08 -3.34879265e-04 
 4.49400000e-08 -3.14342028e-04 
 4.49600000e-08 -2.93755864e-04 
 4.49800000e-08 -2.73123893e-04 
 4.50000000e-08 -2.52449242e-04 
 4.50200000e-08 -2.31735044e-04 
 4.50400000e-08 -2.10984439e-04 
 4.50600000e-08 -1.90200572e-04 
 4.50800000e-08 -1.69386592e-04 
 4.51000000e-08 -1.48545653e-04 
 4.51200000e-08 -1.27680915e-04 
 4.51400000e-08 -1.06795541e-04 
 4.51600000e-08 -8.58926995e-05 
 4.51800000e-08 -6.49755601e-05 
 4.52000000e-08 -4.40472975e-05 
 4.52200000e-08 -2.31110889e-05 
 4.52400000e-08 -2.17011398e-06 
 4.52600000e-08  1.87724450e-05 
 4.52800000e-08  3.97134040e-05 
 4.53000000e-08  6.06495771e-05 
 4.53200000e-08  8.15777774e-05 
 4.53400000e-08  1.02494817e-04 
 4.53600000e-08  1.23397506e-04 
 4.53800000e-08  1.44282657e-04 
 4.54000000e-08  1.65147080e-04 
 4.54200000e-08  1.85987587e-04 
 4.54400000e-08  2.06800990e-04 
 4.54600000e-08  2.27584102e-04 
 4.54800000e-08  2.48333737e-04 
 4.55000000e-08  2.69046713e-04 
 4.55200000e-08  2.89719849e-04 
 4.55400000e-08  3.10349964e-04 
 4.55600000e-08  3.30933885e-04 
 4.55800000e-08  3.51468438e-04 
 4.56000000e-08  3.71950455e-04 
 4.56200000e-08  3.92376771e-04 
 4.56400000e-08  4.12744226e-04 
 4.56600000e-08  4.33049666e-04 
 4.56800000e-08  4.53289941e-04 
 4.57000000e-08  4.73461907e-04 
 4.57200000e-08  4.93562425e-04 
 4.57400000e-08  5.13588366e-04 
 4.57600000e-08  5.33536605e-04 
 4.57800000e-08  5.53404024e-04 
 4.58000000e-08  5.73187517e-04 
 4.58200000e-08  5.92883982e-04 
 4.58400000e-08  6.12490327e-04 
 4.58600000e-08  6.32003472e-04 
 4.58800000e-08  6.51420342e-04 
 4.59000000e-08  6.70737876e-04 
 4.59200000e-08  6.89953023e-04 
 4.59400000e-08  7.09062742e-04 
 4.59600000e-08  7.28064004e-04 
 4.59800000e-08  7.46953792e-04 
 4.60000000e-08  7.65729104e-04 
 4.60200000e-08  7.84386947e-04 
 4.60400000e-08  8.02924346e-04 
 4.60600000e-08  8.21338336e-04 
 4.60800000e-08  8.39625970e-04 
 4.61000000e-08  8.57784314e-04 
 4.61200000e-08  8.75810452e-04 
 4.61400000e-08  8.93701481e-04 
 4.61600000e-08  9.11454519e-04 
 4.61800000e-08  9.29066697e-04 
 4.62000000e-08  9.46535167e-04 
 4.62200000e-08  9.63857097e-04 
 4.62400000e-08  9.81029677e-04 
 4.62600000e-08  9.98050114e-04 
 4.62800000e-08  1.01491564e-03 
 4.63000000e-08  1.03162349e-03 
 4.63200000e-08  1.04817095e-03 
 4.63400000e-08  1.06455530e-03 
 4.63600000e-08  1.08077386e-03 
 4.63800000e-08  1.09682396e-03 
 4.64000000e-08  1.11270297e-03 
 4.64200000e-08  1.12840826e-03 
 4.64400000e-08  1.14393725e-03 
 4.64600000e-08  1.15928737e-03 
 4.64800000e-08  1.17445608e-03 
 4.65000000e-08  1.18944086e-03 
 4.65200000e-08  1.20423923e-03 
 4.65400000e-08  1.21884872e-03 
 4.65600000e-08  1.23326691e-03 
 4.65800000e-08  1.24749139e-03 
 4.66000000e-08  1.26151979e-03 
 4.66200000e-08  1.27534975e-03 
 4.66400000e-08  1.28897897e-03 
 4.66600000e-08  1.30240516e-03 
 4.66800000e-08  1.31562606e-03 
 4.67000000e-08  1.32863946e-03 
 4.67200000e-08  1.34144317e-03 
 4.67400000e-08  1.35403503e-03 
 4.67600000e-08  1.36641293e-03 
 4.67800000e-08  1.37857476e-03 
 4.68000000e-08  1.39051847e-03 
 4.68200000e-08  1.40224206e-03 
 4.68400000e-08  1.41374353e-03 
 4.68600000e-08  1.42502093e-03 
 4.68800000e-08  1.43607236e-03 
 4.69000000e-08  1.44689595e-03 
 4.69200000e-08  1.45748984e-03 
 4.69400000e-08  1.46785226e-03 
 4.69600000e-08  1.47798143e-03 
 4.69800000e-08  1.48787563e-03 
 4.70000000e-08  1.49753319e-03 
 4.70200000e-08  1.50695246e-03 
 4.70400000e-08  1.51613185e-03 
 4.70600000e-08  1.52506977e-03 
 4.70800000e-08  1.53376473e-03 
 4.71000000e-08  1.54221524e-03 
 4.71200000e-08  1.55041985e-03 
 4.71400000e-08  1.55837719e-03 
 4.71600000e-08  1.56608589e-03 
 4.71800000e-08  1.57354464e-03 
 4.72000000e-08  1.58075219e-03 
 4.72200000e-08  1.58770730e-03 
 4.72400000e-08  1.59440880e-03 
 4.72600000e-08  1.60085555e-03 
 4.72800000e-08  1.60704646e-03 
 4.73000000e-08  1.61298050e-03 
 4.73200000e-08  1.61865665e-03 
 4.73400000e-08  1.62407396e-03 
 4.73600000e-08  1.62923153e-03 
 4.73800000e-08  1.63412849e-03 
 4.74000000e-08  1.63876402e-03 
 4.74200000e-08  1.64313735e-03 
 4.74400000e-08  1.64724775e-03 
 4.74600000e-08  1.65109455e-03 
 4.74800000e-08  1.65467711e-03 
 4.75000000e-08  1.65799485e-03 
 4.75200000e-08  1.66104723e-03 
 4.75400000e-08  1.66383375e-03 
 4.75600000e-08  1.66635398e-03 
 4.75800000e-08  1.66860752e-03 
 4.76000000e-08  1.67059401e-03 
 4.76200000e-08  1.67231315e-03 
 4.76400000e-08  1.67376469e-03 
 4.76600000e-08  1.67494842e-03 
 4.76800000e-08  1.67586417e-03 
 4.77000000e-08  1.67651184e-03 
 4.77200000e-08  1.67689136e-03 
 4.77400000e-08  1.67700270e-03 
 4.77600000e-08  1.67684590e-03 
 4.77800000e-08  1.67642103e-03 
 4.78000000e-08  1.67572821e-03 
 4.78200000e-08  1.67476762e-03 
 4.78400000e-08  1.67353946e-03 
 4.78600000e-08  1.67204401e-03 
 4.78800000e-08  1.67028156e-03 
 4.79000000e-08  1.66825248e-03 
 4.79200000e-08  1.66595716e-03 
 4.79400000e-08  1.66339606e-03 
 4.79600000e-08  1.66056967e-03 
 4.79800000e-08  1.65747853e-03 
 4.80000000e-08  1.65412321e-03 
 4.80200000e-08  1.65050436e-03 
 4.80400000e-08  1.64662265e-03 
 4.80600000e-08  1.64247879e-03 
 4.80800000e-08  1.63807355e-03 
 4.81000000e-08  1.63340773e-03 
 4.81200000e-08  1.62848220e-03 
 4.81400000e-08  1.62329784e-03 
 4.81600000e-08  1.61785559e-03 
 4.81800000e-08  1.61215644e-03 
 4.82000000e-08  1.60620141e-03 
 4.82200000e-08  1.59999156e-03 
 4.82400000e-08  1.59352800e-03 
 4.82600000e-08  1.58681189e-03 
 4.82800000e-08  1.57984441e-03 
 4.83000000e-08  1.57262680e-03 
 4.83200000e-08  1.56516032e-03 
 4.83400000e-08  1.55744629e-03 
 4.83600000e-08  1.54948606e-03 
 4.83800000e-08  1.54128103e-03 
 4.84000000e-08  1.53283261e-03 
 4.84200000e-08  1.52414229e-03 
 4.84400000e-08  1.51521156e-03 
 4.84600000e-08  1.50604197e-03 
 4.84800000e-08  1.49663510e-03 
 4.85000000e-08  1.48699256e-03 
 4.85200000e-08  1.47711602e-03 
 4.85400000e-08  1.46700716e-03 
 4.85600000e-08  1.45666770e-03 
 4.85800000e-08  1.44609940e-03 
 4.86000000e-08  1.43530406e-03 
 4.86200000e-08  1.42428351e-03 
 4.86400000e-08  1.41303960e-03 
 4.86600000e-08  1.40157424e-03 
 4.86800000e-08  1.38988934e-03 
 4.87000000e-08  1.37798686e-03 
 4.87200000e-08  1.36586881e-03 
 4.87400000e-08  1.35353719e-03 
 4.87600000e-08  1.34099406e-03 
 4.87800000e-08  1.32824151e-03 
 4.88000000e-08  1.31528164e-03 
 4.88200000e-08  1.30211659e-03 
 4.88400000e-08  1.28874855e-03 
 4.88600000e-08  1.27517970e-03 
 4.88800000e-08  1.26141227e-03 
 4.89000000e-08  1.24744851e-03 
 4.89200000e-08  1.23329072e-03 
 4.89400000e-08  1.21894118e-03 
 4.89600000e-08  1.20440224e-03 
 4.89800000e-08  1.18967626e-03 
 4.90000000e-08  1.17476561e-03 
 4.90200000e-08  1.15967272e-03 
 4.90400000e-08  1.14440000e-03 
 4.90600000e-08  1.12894991e-03 
 4.90800000e-08  1.11332494e-03 
 4.91000000e-08  1.09752759e-03 
 4.91200000e-08  1.08156037e-03 
 4.91400000e-08  1.06542585e-03 
 4.91600000e-08  1.04912658e-03 
 4.91800000e-08  1.03266515e-03 
 4.92000000e-08  1.01604418e-03 
 4.92200000e-08  9.99266292e-04 
 4.92400000e-08  9.82334137e-04 
 4.92600000e-08  9.65250384e-04 
 4.92800000e-08  9.48017722e-04 
 4.93000000e-08  9.30638856e-04 
 4.93200000e-08  9.13116511e-04 
 4.93400000e-08  8.95453430e-04 
 4.93600000e-08  8.77652373e-04 
 4.93800000e-08  8.59716115e-04 
 4.94000000e-08  8.41647451e-04 
 4.94200000e-08  8.23449190e-04 
 4.94400000e-08  8.05124157e-04 
 4.94600000e-08  7.86675193e-04 
 4.94800000e-08  7.68105153e-04 
 4.95000000e-08  7.49416908e-04 
 4.95200000e-08  7.30613342e-04 
 4.95400000e-08  7.11697356e-04 
 4.95600000e-08  6.92671859e-04 
 4.95800000e-08  6.73539780e-04 
 4.96000000e-08  6.54304055e-04 
 4.96200000e-08  6.34967635e-04 
 4.96400000e-08  6.15533485e-04 
 4.96600000e-08  5.96004579e-04 
 4.96800000e-08  5.76383905e-04 
 4.97000000e-08  5.56674458e-04 
 4.97200000e-08  5.36879250e-04 
 4.97400000e-08  5.17001298e-04 
 4.97600000e-08  4.97043632e-04 
 4.97800000e-08  4.77009292e-04 
 4.98000000e-08  4.56901327e-04 
 4.98200000e-08  4.36722794e-04 
 4.98400000e-08  4.16476761e-04 
 4.98600000e-08  3.96166304e-04 
 4.98800000e-08  3.75794506e-04 
 4.99000000e-08  3.55364460e-04 
 4.99200000e-08  3.34879265e-04 
 4.99400000e-08  3.14342028e-04 
 4.99600000e-08  2.93755864e-04 
 4.99800000e-08  2.73123893e-04 
 5.00000000e-08  2.52449242e-04 
 5.00200000e-08  2.31735044e-04 
 5.00400000e-08  2.10984439e-04 
 5.00600000e-08  1.90200572e-04 
 5.00800000e-08  1.69386592e-04 
 5.01000000e-08  1.48545653e-04 
 5.01200000e-08  1.27680915e-04 
 5.01400000e-08  1.06795541e-04 
 5.01600000e-08  8.58926995e-05 
 5.01800000e-08  6.49755601e-05 
 5.02000000e-08  4.40472975e-05 
 5.02200000e-08  2.31110889e-05 
 5.02400000e-08  2.17011398e-06 
 5.02600000e-08 -1.87724450e-05 
 5.02800000e-08 -3.97134040e-05 
 5.03000000e-08 -6.06495772e-05 
 5.03200000e-08 -8.15777774e-05 
 5.03400000e-08 -1.02494817e-04 
 5.03600000e-08 -1.23397506e-04 
 5.03800000e-08 -1.44282657e-04 
 5.04000000e-08 -1.65147080e-04 
 5.04200000e-08 -1.85987587e-04 
 5.04400000e-08 -2.06800990e-04 
 5.04600000e-08 -2.27584102e-04 
 5.04800000e-08 -2.48333737e-04 
 5.05000000e-08 -2.69046713e-04 
 5.05200000e-08 -2.89719849e-04 
 5.05400000e-08 -3.10349964e-04 
 5.05600000e-08 -3.30933885e-04 
 5.05800000e-08 -3.51468438e-04 
 5.06000000e-08 -3.71950455e-04 
 5.06200000e-08 -3.92376771e-04 
 5.06400000e-08 -4.12744226e-04 
 5.06600000e-08 -4.33049666e-04 
 5.06800000e-08 -4.53289941e-04 
 5.07000000e-08 -4.73461907e-04 
 5.07200000e-08 -4.93562425e-04 
 5.07400000e-08 -5.13588366e-04 
 5.07600000e-08 -5.33536605e-04 
 5.07800000e-08 -5.53404024e-04 
 5.08000000e-08 -5.73187517e-04 
 5.08200000e-08 -5.92883982e-04 
 5.08400000e-08 -6.12490327e-04 
 5.08600000e-08 -6.32003472e-04 
 5.08800000e-08 -6.51420342e-04 
 5.09000000e-08 -6.70737876e-04 
 5.09200000e-08 -6.89953023e-04 
 5.09400000e-08 -7.09062742e-04 
 5.09600000e-08 -7.28064004e-04 
 5.09800000e-08 -7.46953792e-04 
 5.10000000e-08 -7.65729104e-04 
 5.10200000e-08 -7.84386947e-04 
 5.10400000e-08 -8.02924346e-04 
 5.10600000e-08 -8.21338336e-04 
 5.10800000e-08 -8.39625970e-04 
 5.11000000e-08 -8.57784314e-04 
 5.11200000e-08 -8.75810452e-04 
 5.11400000e-08 -8.93701481e-04 
 5.11600000e-08 -9.11454519e-04 
 5.11800000e-08 -9.29066697e-04 
 5.12000000e-08 -9.46535167e-04 
 5.12200000e-08 -9.63857097e-04 
 5.12400000e-08 -9.81029677e-04 
 5.12600000e-08 -9.98050114e-04 
 5.12800000e-08 -1.01491564e-03 
 5.13000000e-08 -1.03162349e-03 
 5.13200000e-08 -1.04817095e-03 
 5.13400000e-08 -1.06455530e-03 
 5.13600000e-08 -1.08077386e-03 
 5.13800000e-08 -1.09682396e-03 
 5.14000000e-08 -1.11270297e-03 
 5.14200000e-08 -1.12840826e-03 
 5.14400000e-08 -1.14393725e-03 
 5.14600000e-08 -1.15928737e-03 
 5.14800000e-08 -1.17445608e-03 
 5.15000000e-08 -1.18944086e-03 
 5.15200000e-08 -1.20423923e-03 
 5.15400000e-08 -1.21884872e-03 
 5.15600000e-08 -1.23326691e-03 
 5.15800000e-08 -1.24749139e-03 
 5.16000000e-08 -1.26151979e-03 
 5.16200000e-08 -1.27534975e-03 
 5.16400000e-08 -1.28897897e-03 
 5.16600000e-08 -1.30240516e-03 
 5.16800000e-08 -1.31562606e-03 
 5.17000000e-08 -1.32863946e-03 
 5.17200000e-08 -1.34144317e-03 
 5.17400000e-08 -1.35403503e-03 
 5.17600000e-08 -1.36641293e-03 
 5.17800000e-08 -1.37857476e-03 
 5.18000000e-08 -1.39051847e-03 
 5.18200000e-08 -1.40224206e-03 
 5.18400000e-08 -1.41374353e-03 
 5.18600000e-08 -1.42502093e-03 
 5.18800000e-08 -1.43607236e-03 
 5.19000000e-08 -1.44689595e-03 
 5.19200000e-08 -1.45748984e-03 
 5.19400000e-08 -1.46785226e-03 
 5.19600000e-08 -1.47798143e-03 
 5.19800000e-08 -1.48787563e-03 
 5.20000000e-08 -1.49753319e-03 
 5.20200000e-08 -1.50695246e-03 
 5.20400000e-08 -1.51613185e-03 
 5.20600000e-08 -1.52506977e-03 
 5.20800000e-08 -1.53376473e-03 
 5.21000000e-08 -1.54221524e-03 
 5.21200000e-08 -1.55041985e-03 
 5.21400000e-08 -1.55837719e-03 
 5.21600000e-08 -1.56608589e-03 
 5.21800000e-08 -1.57354464e-03 
 5.22000000e-08 -1.58075219e-03 
 5.22200000e-08 -1.58770730e-03 
 5.22400000e-08 -1.59440880e-03 
 5.22600000e-08 -1.60085555e-03 
 5.22800000e-08 -1.60704646e-03 
 5.23000000e-08 -1.61298050e-03 
 5.23200000e-08 -1.61865665e-03 
 5.23400000e-08 -1.62407396e-03 
 5.23600000e-08 -1.62923153e-03 
 5.23800000e-08 -1.63412849e-03 
 5.24000000e-08 -1.63876402e-03 
 5.24200000e-08 -1.64313735e-03 
 5.24400000e-08 -1.64724775e-03 
 5.24600000e-08 -1.65109455e-03 
 5.24800000e-08 -1.65467711e-03 
 5.25000000e-08 -1.65799485e-03 
 5.25200000e-08 -1.66104723e-03 
 5.25400000e-08 -1.66383375e-03 
 5.25600000e-08 -1.66635398e-03 
 5.25800000e-08 -1.66860752e-03 
 5.26000000e-08 -1.67059401e-03 
 5.26200000e-08 -1.67231315e-03 
 5.26400000e-08 -1.67376469e-03 
 5.26600000e-08 -1.67494842e-03 
 5.26800000e-08 -1.67586417e-03 
 5.27000000e-08 -1.67651184e-03 
 5.27200000e-08 -1.67689136e-03 
 5.27400000e-08 -1.67700270e-03 
 5.27600000e-08 -1.67684590e-03 
 5.27800000e-08 -1.67642103e-03 
 5.28000000e-08 -1.67572821e-03 
 5.28200000e-08 -1.67476762e-03 
 5.28400000e-08 -1.67353946e-03 
 5.28600000e-08 -1.67204401e-03 
 5.28800000e-08 -1.67028156e-03 
 5.29000000e-08 -1.66825248e-03 
 5.29200000e-08 -1.66595716e-03 
 5.29400000e-08 -1.66339606e-03 
 5.29600000e-08 -1.66056967e-03 
 5.29800000e-08 -1.65747853e-03 
 5.30000000e-08 -1.65412321e-03 
 5.30200000e-08 -1.65050436e-03 
 5.30400000e-08 -1.64662265e-03 
 5.30600000e-08 -1.64247879e-03 
 5.30800000e-08 -1.63807355e-03 
 5.31000000e-08 -1.63340773e-03 
 5.31200000e-08 -1.62848220e-03 
 5.31400000e-08 -1.62329784e-03 
 5.31600000e-08 -1.61785559e-03 
 5.31800000e-08 -1.61215644e-03 
 5.32000000e-08 -1.60620141e-03 
 5.32200000e-08 -1.59999156e-03 
 5.32400000e-08 -1.59352800e-03 
 5.32600000e-08 -1.58681189e-03 
 5.32800000e-08 -1.57984441e-03 
 5.33000000e-08 -1.57262680e-03 
 5.33200000e-08 -1.56516032e-03 
 5.33400000e-08 -1.55744629e-03 
 5.33600000e-08 -1.54948606e-03 
 5.33800000e-08 -1.54128103e-03 
 5.34000000e-08 -1.53283261e-03 
 5.34200000e-08 -1.52414229e-03 
 5.34400000e-08 -1.51521156e-03 
 5.34600000e-08 -1.50604197e-03 
 5.34800000e-08 -1.49663510e-03 
 5.35000000e-08 -1.48699256e-03 
 5.35200000e-08 -1.47711602e-03 
 5.35400000e-08 -1.46700716e-03 
 5.35600000e-08 -1.45666770e-03 
 5.35800000e-08 -1.44609940e-03 
 5.36000000e-08 -1.43530406e-03 
 5.36200000e-08 -1.42428351e-03 
 5.36400000e-08 -1.41303960e-03 
 5.36600000e-08 -1.40157424e-03 
 5.36800000e-08 -1.38988934e-03 
 5.37000000e-08 -1.37798686e-03 
 5.37200000e-08 -1.36586881e-03 
 5.37400000e-08 -1.35353719e-03 
 5.37600000e-08 -1.34099406e-03 
 5.37800000e-08 -1.32824151e-03 
 5.38000000e-08 -1.31528164e-03 
 5.38200000e-08 -1.30211659e-03 
 5.38400000e-08 -1.28874855e-03 
 5.38600000e-08 -1.27517970e-03 
 5.38800000e-08 -1.26141227e-03 
 5.39000000e-08 -1.24744851e-03 
 5.39200000e-08 -1.23329072e-03 
 5.39400000e-08 -1.21894118e-03 
 5.39600000e-08 -1.20440224e-03 
 5.39800000e-08 -1.18967626e-03 
 5.40000000e-08 -1.17476561e-03 
 5.40200000e-08 -1.15967272e-03 
 5.40400000e-08 -1.14440000e-03 
 5.40600000e-08 -1.12894991e-03 
 5.40800000e-08 -1.11332494e-03 
 5.41000000e-08 -1.09752759e-03 
 5.41200000e-08 -1.08156037e-03 
 5.41400000e-08 -1.06542585e-03 
 5.41600000e-08 -1.04912658e-03 
 5.41800000e-08 -1.03266515e-03 
 5.42000000e-08 -1.01604418e-03 
 5.42200000e-08 -9.99266292e-04 
 5.42400000e-08 -9.82334137e-04 
 5.42600000e-08 -9.65250384e-04 
 5.42800000e-08 -9.48017722e-04 
 5.43000000e-08 -9.30638856e-04 
 5.43200000e-08 -9.13116511e-04 
 5.43400000e-08 -8.95453430e-04 
 5.43600000e-08 -8.77652373e-04 
 5.43800000e-08 -8.59716115e-04 
 5.44000000e-08 -8.41647451e-04 
 5.44200000e-08 -8.23449190e-04 
 5.44400000e-08 -8.05124157e-04 
 5.44600000e-08 -7.86675193e-04 
 5.44800000e-08 -7.68105153e-04 
 5.45000000e-08 -7.49416908e-04 
 5.45200000e-08 -7.30613342e-04 
 5.45400000e-08 -7.11697356e-04 
 5.45600000e-08 -6.92671859e-04 
 5.45800000e-08 -6.73539780e-04 
 5.46000000e-08 -6.54304055e-04 
 5.46200000e-08 -6.34967635e-04 
 5.46400000e-08 -6.15533485e-04 
 5.46600000e-08 -5.96004579e-04 
 5.46800000e-08 -5.76383905e-04 
 5.47000000e-08 -5.56674458e-04 
 5.47200000e-08 -5.36879250e-04 
 5.47400000e-08 -5.17001298e-04 
 5.47600000e-08 -4.97043632e-04 
 5.47800000e-08 -4.77009292e-04 
 5.48000000e-08 -4.56901327e-04 
 5.48200000e-08 -4.36722794e-04 
 5.48400000e-08 -4.16476761e-04 
 5.48600000e-08 -3.96166304e-04 
 5.48800000e-08 -3.75794506e-04 
 5.49000000e-08 -3.55364460e-04 
 5.49200000e-08 -3.34879265e-04 
 5.49400000e-08 -3.14342028e-04 
 5.49600000e-08 -2.93755864e-04 
 5.49800000e-08 -2.73123893e-04 
 5.50000000e-08 -2.52449242e-04 
 5.50200000e-08 -2.31735044e-04 
 5.50400000e-08 -2.10984439e-04 
 5.50600000e-08 -1.90200572e-04 
 5.50800000e-08 -1.69386592e-04 
 5.51000000e-08 -1.48545653e-04 
 5.51200000e-08 -1.27680915e-04 
 5.51400000e-08 -1.06795541e-04 
 5.51600000e-08 -8.58926995e-05 
 5.51800000e-08 -6.49755601e-05 
 5.52000000e-08 -4.40472975e-05 
 5.52200000e-08 -2.31110889e-05 
 5.52400000e-08 -2.17011399e-06 
 5.52600000e-08  1.87724450e-05 
 5.52800000e-08  3.97134040e-05 
 5.53000000e-08  6.06495772e-05 
 5.53200000e-08  8.15777774e-05 
 5.53400000e-08  1.02494817e-04 
 5.53600000e-08  1.23397506e-04 
 5.53800000e-08  1.44282657e-04 
 5.54000000e-08  1.65147080e-04 
 5.54200000e-08  1.85987587e-04 
 5.54400000e-08  2.06800990e-04 
 5.54600000e-08  2.27584102e-04 
 5.54800000e-08  2.48333737e-04 
 5.55000000e-08  2.69046713e-04 
 5.55200000e-08  2.89719849e-04 
 5.55400000e-08  3.10349964e-04 
 5.55600000e-08  3.30933885e-04 
 5.55800000e-08  3.51468438e-04 
 5.56000000e-08  3.71950455e-04 
 5.56200000e-08  3.92376771e-04 
 5.56400000e-08  4.12744226e-04 
 5.56600000e-08  4.33049666e-04 
 5.56800000e-08  4.53289941e-04 
 5.57000000e-08  4.73461907e-04 
 5.57200000e-08  4.93562425e-04 
 5.57400000e-08  5.13588366e-04 
 5.57600000e-08  5.33536605e-04 
 5.57800000e-08  5.53404024e-04 
 5.58000000e-08  5.73187517e-04 
 5.58200000e-08  5.92883982e-04 
 5.58400000e-08  6.12490327e-04 
 5.58600000e-08  6.32003472e-04 
 5.58800000e-08  6.51420342e-04 
 5.59000000e-08  6.70737876e-04 
 5.59200000e-08  6.89953023e-04 
 5.59400000e-08  7.09062742e-04 
 5.59600000e-08  7.28064004e-04 
 5.59800000e-08  7.46953792e-04 
 5.60000000e-08  7.65729104e-04 
 5.60200000e-08  7.84386947e-04 
 5.60400000e-08  8.02924346e-04 
 5.60600000e-08  8.21338336e-04 
 5.60800000e-08  8.39625970e-04 
 5.61000000e-08  8.57784314e-04 
 5.61200000e-08  8.75810452e-04 
 5.61400000e-08  8.93701481e-04 
 5.61600000e-08  9.11454519e-04 
 5.61800000e-08  9.29066697e-04 
 5.62000000e-08  9.46535167e-04 
 5.62200000e-08  9.63857097e-04 
 5.62400000e-08  9.81029677e-04 
 5.62600000e-08  9.98050114e-04 
 5.62800000e-08  1.01491564e-03 
 5.63000000e-08  1.03162349e-03 
 5.63200000e-08  1.04817095e-03 
 5.63400000e-08  1.06455530e-03 
 5.63600000e-08  1.08077386e-03 
 5.63800000e-08  1.09682396e-03 
 5.64000000e-08  1.11270297e-03 
 5.64200000e-08  1.12840826e-03 
 5.64400000e-08  1.14393725e-03 
 5.64600000e-08  1.15928737e-03 
 5.64800000e-08  1.17445608e-03 
 5.65000000e-08  1.18944086e-03 
 5.65200000e-08  1.20423923e-03 
 5.65400000e-08  1.21884872e-03 
 5.65600000e-08  1.23326691e-03 
 5.65800000e-08  1.24749139e-03 
 5.66000000e-08  1.26151979e-03 
 5.66200000e-08  1.27534975e-03 
 5.66400000e-08  1.28897897e-03 
 5.66600000e-08  1.30240516e-03 
 5.66800000e-08  1.31562606e-03 
 5.67000000e-08  1.32863946e-03 
 5.67200000e-08  1.34144317e-03 
 5.67400000e-08  1.35403503e-03 
 5.67600000e-08  1.36641293e-03 
 5.67800000e-08  1.37857476e-03 
 5.68000000e-08  1.39051847e-03 
 5.68200000e-08  1.40224206e-03 
 5.68400000e-08  1.41374353e-03 
 5.68600000e-08  1.42502093e-03 
 5.68800000e-08  1.43607236e-03 
 5.69000000e-08  1.44689595e-03 
 5.69200000e-08  1.45748984e-03 
 5.69400000e-08  1.46785226e-03 
 5.69600000e-08  1.47798143e-03 
 5.69800000e-08  1.48787563e-03 
 5.70000000e-08  1.49753319e-03 
 5.70200000e-08  1.50695246e-03 
 5.70400000e-08  1.51613185e-03 
 5.70600000e-08  1.52506977e-03 
 5.70800000e-08  1.53376473e-03 
 5.71000000e-08  1.54221524e-03 
 5.71200000e-08  1.55041985e-03 
 5.71400000e-08  1.55837719e-03 
 5.71600000e-08  1.56608589e-03 
 5.71800000e-08  1.57354464e-03 
 5.72000000e-08  1.58075219e-03 
 5.72200000e-08  1.58770730e-03 
 5.72400000e-08  1.59440880e-03 
 5.72600000e-08  1.60085555e-03 
 5.72800000e-08  1.60704646e-03 
 5.73000000e-08  1.61298050e-03 
 5.73200000e-08  1.61865665e-03 
 5.73400000e-08  1.62407396e-03 
 5.73600000e-08  1.62923153e-03 
 5.73800000e-08  1.63412849e-03 
 5.74000000e-08  1.63876402e-03 
 5.74200000e-08  1.64313735e-03 
 5.74400000e-08  1.64724775e-03 
 5.74600000e-08  1.65109455e-03 
 5.74800000e-08  1.65467711e-03 
 5.75000000e-08  1.65799485e-03 
 5.75200000e-08  1.66104723e-03 
 5.75400000e-08  1.66383375e-03 
 5.75600000e-08  1.66635398e-03 
 5.75800000e-08  1.66860752e-03 
 5.76000000e-08  1.67059401e-03 
 5.76200000e-08  1.67231315e-03 
 5.76400000e-08  1.67376469e-03 
 5.76600000e-08  1.67494842e-03 
 5.76800000e-08  1.67586417e-03 
 5.77000000e-08  1.67651184e-03 
 5.77200000e-08  1.67689136e-03 
 5.77400000e-08  1.67700270e-03 
 5.77600000e-08  1.67684590e-03 
 5.77800000e-08  1.67642103e-03 
 5.78000000e-08  1.67572821e-03 
 5.78200000e-08  1.67476762e-03 
 5.78400000e-08  1.67353946e-03 
 5.78600000e-08  1.67204401e-03 
 5.78800000e-08  1.67028156e-03 
 5.79000000e-08  1.66825248e-03 
 5.79200000e-08  1.66595716e-03 
 5.79400000e-08  1.66339606e-03 
 5.79600000e-08  1.66056967e-03 
 5.79800000e-08  1.65747853e-03 
 5.80000000e-08  1.65412321e-03 
 5.80200000e-08  1.65050436e-03 
 5.80400000e-08  1.64662265e-03 
 5.80600000e-08  1.64247879e-03 
 5.80800000e-08  1.63807355e-03 
 5.81000000e-08  1.63340773e-03 
 5.81200000e-08  1.62848220e-03 
 5.81400000e-08  1.62329784e-03 
 5.81600000e-08  1.61785559e-03 
 5.81800000e-08  1.61215644e-03 
 5.82000000e-08  1.60620141e-03 
 5.82200000e-08  1.59999156e-03 
 5.82400000e-08  1.59352800e-03 
 5.82600000e-08  1.58681189e-03 
 5.82800000e-08  1.57984441e-03 
 5.83000000e-08  1.57262680e-03 
 5.83200000e-08  1.56516032e-03 
 5.83400000e-08  1.55744629e-03 
 5.83600000e-08  1.54948606e-03 
 5.83800000e-08  1.54128103e-03 
 5.84000000e-08  1.53283261e-03 
 5.84200000e-08  1.52414229e-03 
 5.84400000e-08  1.51521156e-03 
 5.84600000e-08  1.50604197e-03 
 5.84800000e-08  1.49663510e-03 
 5.85000000e-08  1.48699256e-03 
 5.85200000e-08  1.47711602e-03 
 5.85400000e-08  1.46700716e-03 
 5.85600000e-08  1.45666770e-03 
 5.85800000e-08  1.44609940e-03 
 5.86000000e-08  1.43530406e-03 
 5.86200000e-08  1.42428351e-03 
 5.86400000e-08  1.41303960e-03 
 5.86600000e-08  1.40157424e-03 
 5.86800000e-08  1.38988934e-03 
 5.87000000e-08  1.37798686e-03 
 5.87200000e-08  1.36586881e-03 
 5.87400000e-08  1.35353719e-03 
 5.87600000e-08  1.34099406e-03 
 5.87800000e-08  1.32824151e-03 
 5.88000000e-08  1.31528164e-03 
 5.88200000e-08  1.30211659e-03 
 5.88400000e-08  1.28874855e-03 
 5.88600000e-08  1.27517970e-03 
 5.88800000e-08  1.26141227e-03 
 5.89000000e-08  1.24744851e-03 
 5.89200000e-08  1.23329072e-03 
 5.89400000e-08  1.21894118e-03 
 5.89600000e-08  1.20440224e-03 
 5.89800000e-08  1.18967626e-03 
 5.90000000e-08  1.17476561e-03 
 5.90200000e-08  1.15967272e-03 
 5.90400000e-08  1.14440000e-03 
 5.90600000e-08  1.12894991e-03 
 5.90800000e-08  1.11332494e-03 
 5.91000000e-08  1.09752759e-03 
 5.91200000e-08  1.08156037e-03 
 5.91400000e-08  1.06542585e-03 
 5.91600000e-08  1.04912658e-03 
 5.91800000e-08  1.03266515e-03 
 5.92000000e-08  1.01604418e-03 
 5.92200000e-08  9.99266292e-04 
 5.92400000e-08  9.82334137e-04 
 5.92600000e-08  9.65250384e-04 
 5.92800000e-08  9.48017722e-04 
 5.93000000e-08  9.30638856e-04 
 5.93200000e-08  9.13116511e-04 
 5.93400000e-08  8.95453430e-04 
 5.93600000e-08  8.77652373e-04 
 5.93800000e-08  8.59716115e-04 
 5.94000000e-08  8.41647451e-04 
 5.94200000e-08  8.23449190e-04 
 5.94400000e-08  8.05124157e-04 
 5.94600000e-08  7.86675193e-04 
 5.94800000e-08  7.68105153e-04 
 5.95000000e-08  7.49416908e-04 
 5.95200000e-08  7.30613342e-04 
 5.95400000e-08  7.11697356e-04 
 5.95600000e-08  6.92671859e-04 
 5.95800000e-08  6.73539780e-04 
 5.96000000e-08  6.54304055e-04 
 5.96200000e-08  6.34967635e-04 
 5.96400000e-08  6.15533485e-04 
 5.96600000e-08  5.96004579e-04 
 5.96800000e-08  5.76383905e-04 
 5.97000000e-08  5.56674458e-04 
 5.97200000e-08  5.36879250e-04 
 5.97400000e-08  5.17001298e-04 
 5.97600000e-08  4.97043632e-04 
 5.97800000e-08  4.77009292e-04 
 5.98000000e-08  4.56901327e-04 
 5.98200000e-08  4.36722794e-04 
 5.98400000e-08  4.16476761e-04 
 5.98600000e-08  3.96166304e-04 
 5.98800000e-08  3.75794506e-04 
 5.99000000e-08  3.55364460e-04 
 5.99200000e-08  3.34879265e-04 
 5.99400000e-08  3.14342028e-04 
 5.99600000e-08  2.93755864e-04 
 5.99800000e-08  2.73123893e-04 
 6.00000000e-08  2.52452016e-04 
