 0.00000000e+00  0.00000000e+00 
 2.00000000e-11  1.39289515e-03 
 4.00000000e-11  1.67786046e-03 
 6.00000000e-11  1.18809064e-03 
 8.00000000e-11  7.89338162e-05 
 1.00000000e-10 -1.48290802e-03 
 1.20000000e-10 -3.37179107e-03 
 1.40000000e-10 -5.49323650e-03 
 1.60000000e-10 -7.77615207e-03 
 1.80000000e-10 -1.01671857e-02 
 2.00000000e-10 -1.26263049e-02 
 2.20000000e-10 -1.51235775e-02 
 2.40000000e-10 -1.76366542e-02 
 2.60000000e-10 -2.01489359e-02 
 2.80000000e-10 -2.26481363e-02 
 3.00000000e-10 -2.51252412e-02 
 3.20000000e-10 -2.75736846e-02 
 3.40000000e-10 -2.99887598e-02 
 3.60000000e-10 -3.23671447e-02 
 3.80000000e-10 -3.47065710e-02 
 4.00000000e-10 -3.70055483e-02 
 4.20000000e-10 -3.92631797e-02 
 4.40000000e-10 -4.14790003e-02 
 4.60000000e-10 -4.36528761e-02 
 4.80000000e-10 -4.57849076e-02 
 5.00000000e-10 -4.78753762e-02 
 5.20000000e-10 -4.99246848e-02 
 5.40000000e-10 -5.19333321e-02 
 5.60000000e-10 -5.39018741e-02 
 5.80000000e-10 -5.58309134e-02 
 6.00000000e-10 -5.77210741e-02 
 6.20000000e-10 -5.95729990e-02 
 6.40000000e-10 -6.13873321e-02 
 6.60000000e-10 -6.31647202e-02 
 6.80000000e-10 -6.49058004e-02 
 7.00000000e-10 -6.66112040e-02 
 7.20000000e-10 -6.82815465e-02 
 7.40000000e-10 -6.99174329e-02 
 7.60000000e-10 -7.15194495e-02 
 7.80000000e-10 -7.30881702e-02 
 8.00000000e-10 -7.46241486e-02 
 8.20000000e-10 -7.61279250e-02 
 8.40000000e-10 -7.76000193e-02 
 8.60000000e-10 -7.90409378e-02 
 8.80000000e-10 -8.04511672e-02 
 9.00000000e-10 -8.18311803e-02 
 9.20000000e-10 -8.31814312e-02 
 9.40000000e-10 -8.45023607e-02 
 9.60000000e-10 -8.57943919e-02 
 9.80000000e-10 -8.70579350e-02 
 1.00000000e-09 -8.82933833e-02 
 1.02000000e-09 -8.95011182e-02 
 1.04000000e-09 -9.06815051e-02 
 1.06000000e-09 -9.18348982e-02 
 1.08000000e-09 -9.29616366e-02 
 1.10000000e-09 -9.40620490e-02 
 1.12000000e-09 -9.51364500e-02 
 1.14000000e-09 -9.61851441e-02 
 1.16000000e-09 -9.72084230e-02 
 1.18000000e-09 -9.82065691e-02 
 1.20000000e-09 -9.91798523e-02 
 1.22000000e-09 -1.00128534e-01 
 1.24000000e-09 -1.01052865e-01 
 1.26000000e-09 -1.01953086e-01 
 1.28000000e-09 -1.02829430e-01 
 1.30000000e-09 -1.03682119e-01 
 1.32000000e-09 -1.04511369e-01 
 1.34000000e-09 -1.05317385e-01 
 1.36000000e-09 -1.06100366e-01 
 1.38000000e-09 -1.06860503e-01 
 1.40000000e-09 -1.07597979e-01 
 1.42000000e-09 -1.08312970e-01 
 1.44000000e-09 -1.09005645e-01 
 1.46000000e-09 -1.09676167e-01 
 1.48000000e-09 -1.10324691e-01 
 1.50000000e-09 -1.10951368e-01 
 1.52000000e-09 -1.11556341e-01 
 1.54000000e-09 -1.12139749e-01 
 1.56000000e-09 -1.12701723e-01 
 1.58000000e-09 -1.13242392e-01 
 1.60000000e-09 -1.13761876e-01 
 1.62000000e-09 -1.14260293e-01 
 1.64000000e-09 -1.14737754e-01 
 1.66000000e-09 -1.15194368e-01 
 1.68000000e-09 -1.15630237e-01 
 1.70000000e-09 -1.16045459e-01 
 1.72000000e-09 -1.16440128e-01 
 1.74000000e-09 -1.16814336e-01 
 1.76000000e-09 -1.17168169e-01 
 1.78000000e-09 -1.17501709e-01 
 1.80000000e-09 -1.17815036e-01 
 1.82000000e-09 -1.18108225e-01 
 1.84000000e-09 -1.18381348e-01 
 1.86000000e-09 -1.18634476e-01 
 1.88000000e-09 -1.18867673e-01 
 1.90000000e-09 -1.19081003e-01 
 1.92000000e-09 -1.19274527e-01 
 1.94000000e-09 -1.19448301e-01 
 1.96000000e-09 -1.19602382e-01 
 1.98000000e-09 -1.19736822e-01 
 2.00000000e-09 -1.19851671e-01 
 2.02000000e-09 -1.19946978e-01 
 2.04000000e-09 -1.20022787e-01 
 2.06000000e-09 -1.20079144e-01 
 2.08000000e-09 -1.20116091e-01 
 2.10000000e-09 -1.20133667e-01 
 2.12000000e-09 -1.20131911e-01 
 2.14000000e-09 -1.20110861e-01 
 2.16000000e-09 -1.20070553e-01 
 2.18000000e-09 -1.20011020e-01 
 2.20000000e-09 -1.19932296e-01 
 2.22000000e-09 -1.19834413e-01 
 2.24000000e-09 -1.19717402e-01 
 2.26000000e-09 -1.19581294e-01 
 2.28000000e-09 -1.19426117e-01 
 2.30000000e-09 -1.19251902e-01 
 2.32000000e-09 -1.19058675e-01 
 2.34000000e-09 -1.18846466e-01 
 2.36000000e-09 -1.18615301e-01 
 2.38000000e-09 -1.18365208e-01 
 2.40000000e-09 -1.18096215e-01 
 2.42000000e-09 -1.17808348e-01 
 2.44000000e-09 -1.17501636e-01 
 2.46000000e-09 -1.17176107e-01 
 2.48000000e-09 -1.16831789e-01 
 2.50000000e-09 -1.16468710e-01 
 2.52000000e-09 -1.16086900e-01 
 2.54000000e-09 -1.15686390e-01 
 2.56000000e-09 -1.15267211e-01 
 2.58000000e-09 -1.14829394e-01 
 2.60000000e-09 -1.14372974e-01 
 2.62000000e-09 -1.13897985e-01 
 2.64000000e-09 -1.13404463e-01 
 2.66000000e-09 -1.12892446e-01 
 2.68000000e-09 -1.12361973e-01 
 2.70000000e-09 -1.11813085e-01 
 2.72000000e-09 -1.11245825e-01 
 2.74000000e-09 -1.10660237e-01 
 2.76000000e-09 -1.10056370e-01 
 2.78000000e-09 -1.09434272e-01 
 2.80000000e-09 -1.08793994e-01 
 2.82000000e-09 -1.08135592e-01 
 2.84000000e-09 -1.07459123e-01 
 2.86000000e-09 -1.06764644e-01 
 2.88000000e-09 -1.06052220e-01 
 2.90000000e-09 -1.05321916e-01 
 2.92000000e-09 -1.04573800e-01 
 2.94000000e-09 -1.03807944e-01 
 2.96000000e-09 -1.03024423e-01 
 2.98000000e-09 -1.02223315e-01 
 3.00000000e-09 -1.01404703e-01 
 3.02000000e-09 -1.00568672e-01 
 3.04000000e-09 -9.97153115e-02 
 3.06000000e-09 -9.88447146e-02 
 3.08000000e-09 -9.79569784e-02 
 3.10000000e-09 -9.70522040e-02 
 3.12000000e-09 -9.61304966e-02 
 3.14000000e-09 -9.51919654e-02 
 3.16000000e-09 -9.42367241e-02 
 3.18000000e-09 -9.32648904e-02 
 3.20000000e-09 -9.22765866e-02 
 3.22000000e-09 -9.12719394e-02 
 3.24000000e-09 -9.02510800e-02 
 3.26000000e-09 -8.92141441e-02 
 3.28000000e-09 -8.81612721e-02 
 3.30000000e-09 -8.70926089e-02 
 3.32000000e-09 -8.60083042e-02 
 3.34000000e-09 -8.49085124e-02 
 3.36000000e-09 -8.37933926e-02 
 3.38000000e-09 -8.26631088e-02 
 3.40000000e-09 -8.15178295e-02 
 3.42000000e-09 -8.03577283e-02 
 3.44000000e-09 -7.91829833e-02 
 3.46000000e-09 -7.79937778e-02 
 3.48000000e-09 -7.67902995e-02 
 3.50000000e-09 -7.55727410e-02 
 3.52000000e-09 -7.43412997e-02 
 3.54000000e-09 -7.30961777e-02 
 3.56000000e-09 -7.18375818e-02 
 3.58000000e-09 -7.05657235e-02 
 3.60000000e-09 -6.92808189e-02 
 3.62000000e-09 -6.79830887e-02 
 3.64000000e-09 -6.66727579e-02 
 3.66000000e-09 -6.53500564e-02 
 3.68000000e-09 -6.40152180e-02 
 3.70000000e-09 -6.26684812e-02 
 3.72000000e-09 -6.13100886e-02 
 3.74000000e-09 -5.99402870e-02 
 3.76000000e-09 -5.85593272e-02 
 3.78000000e-09 -5.71674641e-02 
 3.80000000e-09 -5.57649565e-02 
 3.82000000e-09 -5.43520669e-02 
 3.84000000e-09 -5.29290616e-02 
 3.86000000e-09 -5.14962103e-02 
 3.88000000e-09 -5.00537866e-02 
 3.90000000e-09 -4.86020669e-02 
 3.92000000e-09 -4.71413312e-02 
 3.94000000e-09 -4.56718625e-02 
 3.96000000e-09 -4.41939469e-02 
 3.98000000e-09 -4.27078731e-02 
 4.00000000e-09 -4.12139329e-02 
 4.02000000e-09 -3.97124203e-02 
 4.04000000e-09 -3.82036320e-02 
 4.06000000e-09 -3.66878669e-02 
 4.08000000e-09 -3.51654262e-02 
 4.10000000e-09 -3.36366131e-02 
 4.12000000e-09 -3.21017324e-02 
 4.14000000e-09 -3.05610912e-02 
 4.16000000e-09 -2.90149976e-02 
 4.18000000e-09 -2.74637616e-02 
 4.20000000e-09 -2.59076941e-02 
 4.22000000e-09 -2.43471076e-02 
 4.24000000e-09 -2.27823152e-02 
 4.26000000e-09 -2.12136311e-02 
 4.28000000e-09 -1.96413701e-02 
 4.30000000e-09 -1.80658475e-02 
 4.32000000e-09 -1.64873792e-02 
 4.34000000e-09 -1.49062811e-02 
 4.36000000e-09 -1.33228695e-02 
 4.38000000e-09 -1.17374605e-02 
 4.40000000e-09 -1.01503699e-02 
 4.42000000e-09 -8.56191363e-03 
 4.44000000e-09 -6.97240670e-03 
 4.46000000e-09 -5.38216376e-03 
 4.48000000e-09 -3.79149871e-03 
 4.50000000e-09 -2.20072455e-03 
 4.52000000e-09 -6.10153342e-04 
 4.54000000e-09  9.79904019e-04 
 4.56000000e-09  2.56913786e-03 
 4.58000000e-09  4.15723989e-03 
 4.60000000e-09  5.74390330e-03 
 4.62000000e-09  7.32882292e-03 
 4.64000000e-09  8.91169526e-03 
 4.66000000e-09  1.04922187e-02 
 4.68000000e-09  1.20700936e-02 
 4.70000000e-09  1.36450224e-02 
 4.72000000e-09  1.52167096e-02 
 4.74000000e-09  1.67848619e-02 
 4.76000000e-09  1.83491887e-02 
 4.78000000e-09  1.99094015e-02 
 4.80000000e-09  2.14652145e-02 
 4.82000000e-09  2.30163446e-02 
 4.84000000e-09  2.45625112e-02 
 4.86000000e-09  2.61034368e-02 
 4.88000000e-09  2.76388465e-02 
 4.90000000e-09  2.91684685e-02 
 4.92000000e-09  3.06920339e-02 
 4.94000000e-09  3.22092772e-02 
 4.96000000e-09  3.37199357e-02 
 4.98000000e-09  3.52237500e-02 
 5.00000000e-09  3.67204641e-02 
 5.02000000e-09  3.82098253e-02 
 5.04000000e-09  3.96915841e-02 
 5.06000000e-09  4.11654946e-02 
 5.08000000e-09  4.26313143e-02 
 5.10000000e-09  4.40888043e-02 
 5.12000000e-09  4.55377291e-02 
 5.14000000e-09  4.69778568e-02 
 5.16000000e-09  4.84089592e-02 
 5.18000000e-09  4.98308116e-02 
 5.20000000e-09  5.12431932e-02 
 5.22000000e-09  5.26458865e-02 
 5.24000000e-09  5.40386781e-02 
 5.26000000e-09  5.54213581e-02 
 5.28000000e-09  5.67937203e-02 
 5.30000000e-09  5.81555622e-02 
 5.32000000e-09  5.95066853e-02 
 5.34000000e-09  6.08468945e-02 
 5.36000000e-09  6.21759987e-02 
 5.38000000e-09  6.34938103e-02 
 5.40000000e-09  6.48001458e-02 
 5.42000000e-09  6.60948249e-02 
 5.44000000e-09  6.73776715e-02 
 5.46000000e-09  6.86485130e-02 
 5.48000000e-09  6.99071804e-02 
 5.50000000e-09  7.11535085e-02 
 5.52000000e-09  7.23873357e-02 
 5.54000000e-09  7.36085039e-02 
 5.56000000e-09  7.48168589e-02 
 5.58000000e-09  7.60122497e-02 
 5.60000000e-09  7.71945291e-02 
 5.62000000e-09  7.83635534e-02 
 5.64000000e-09  7.95191821e-02 
 5.66000000e-09  8.06612785e-02 
 5.68000000e-09  8.17897091e-02 
 5.70000000e-09  8.29043437e-02 
 5.72000000e-09  8.40050556e-02 
 5.74000000e-09  8.50917212e-02 
 5.76000000e-09  8.61642203e-02 
 5.78000000e-09  8.72224357e-02 
 5.80000000e-09  8.82662535e-02 
 5.82000000e-09  8.92955629e-02 
 5.84000000e-09  9.03102558e-02 
 5.86000000e-09  9.13102275e-02 
 5.88000000e-09  9.22953761e-02 
 5.90000000e-09  9.32656025e-02 
 5.92000000e-09  9.42208104e-02 
 5.94000000e-09  9.51609065e-02 
 5.96000000e-09  9.60857999e-02 
 5.98000000e-09  9.69954025e-02 
 6.00000000e-09  9.78896288e-02 
 6.02000000e-09  9.87683959e-02 
 6.04000000e-09  9.96316232e-02 
 6.06000000e-09  1.00479233e-01 
 6.08000000e-09  1.01311149e-01 
 6.10000000e-09  1.02127297e-01 
 6.12000000e-09  1.02927608e-01 
 6.14000000e-09  1.03712011e-01 
 6.16000000e-09  1.04480440e-01 
 6.18000000e-09  1.05232830e-01 
 6.20000000e-09  1.05969118e-01 
 6.22000000e-09  1.06689242e-01 
 6.24000000e-09  1.07393145e-01 
 6.26000000e-09  1.08080768e-01 
 6.28000000e-09  1.08752056e-01 
 6.30000000e-09  1.09406955e-01 
 6.32000000e-09  1.10045413e-01 
 6.34000000e-09  1.10667378e-01 
 6.36000000e-09  1.11272803e-01 
 6.38000000e-09  1.11861638e-01 
 6.40000000e-09  1.12433838e-01 
 6.42000000e-09  1.12989358e-01 
 6.44000000e-09  1.13528153e-01 
 6.46000000e-09  1.14050182e-01 
 6.48000000e-09  1.14555403e-01 
 6.50000000e-09  1.15043775e-01 
 6.52000000e-09  1.15515260e-01 
 6.54000000e-09  1.15969819e-01 
 6.56000000e-09  1.16407416e-01 
 6.58000000e-09  1.16828013e-01 
 6.60000000e-09  1.17231576e-01 
 6.62000000e-09  1.17618071e-01 
 6.64000000e-09  1.17987463e-01 
 6.66000000e-09  1.18339720e-01 
 6.68000000e-09  1.18674809e-01 
 6.70000000e-09  1.18992700e-01 
 6.72000000e-09  1.19293361e-01 
 6.74000000e-09  1.19576762e-01 
 6.76000000e-09  1.19842875e-01 
 6.78000000e-09  1.20091669e-01 
 6.80000000e-09  1.20323117e-01 
 6.82000000e-09  1.20537191e-01 
 6.84000000e-09  1.20733864e-01 
 6.86000000e-09  1.20913109e-01 
 6.88000000e-09  1.21074901e-01 
 6.90000000e-09  1.21219212e-01 
 6.92000000e-09  1.21346019e-01 
 6.94000000e-09  1.21455296e-01 
 6.96000000e-09  1.21547020e-01 
 6.98000000e-09  1.21621167e-01 
 7.00000000e-09  1.21677713e-01 
 7.02000000e-09  1.21716637e-01 
 7.04000000e-09  1.21737915e-01 
 7.06000000e-09  1.21741527e-01 
 7.08000000e-09  1.21727451e-01 
 7.10000000e-09  1.21695667e-01 
 7.12000000e-09  1.21646155e-01 
 7.14000000e-09  1.21578896e-01 
 7.16000000e-09  1.21493872e-01 
 7.18000000e-09  1.21391064e-01 
 7.20000000e-09  1.21270456e-01 
 7.22000000e-09  1.21132031e-01 
 7.24000000e-09  1.20975773e-01 
 7.26000000e-09  1.20801668e-01 
 7.28000000e-09  1.20609703e-01 
 7.30000000e-09  1.20399863e-01 
 7.32000000e-09  1.20172139e-01 
 7.34000000e-09  1.19926518e-01 
 7.36000000e-09  1.19662991e-01 
 7.38000000e-09  1.19381550e-01 
 7.40000000e-09  1.19082187e-01 
 7.42000000e-09  1.18764897e-01 
 7.44000000e-09  1.18429676e-01 
 7.46000000e-09  1.18076519e-01 
 7.48000000e-09  1.17705427e-01 
 7.50000000e-09  1.17316399e-01 
 7.52000000e-09  1.16909436e-01 
 7.54000000e-09  1.16484543e-01 
 7.56000000e-09  1.16041726e-01 
 7.58000000e-09  1.15580991e-01 
 7.60000000e-09  1.15102348e-01 
 7.62000000e-09  1.14605810e-01 
 7.64000000e-09  1.14091389e-01 
 7.66000000e-09  1.13559103e-01 
 7.68000000e-09  1.13008969e-01 
 7.70000000e-09  1.12441010e-01 
 7.72000000e-09  1.11855248e-01 
 7.74000000e-09  1.11251711e-01 
 7.76000000e-09  1.10630428e-01 
 7.78000000e-09  1.09991430e-01 
 7.80000000e-09  1.09334754e-01 
 7.82000000e-09  1.08660437e-01 
 7.84000000e-09  1.07968521e-01 
 7.86000000e-09  1.07259051e-01 
 7.88000000e-09  1.06532075e-01 
 7.90000000e-09  1.05787644e-01 
 7.92000000e-09  1.05025814e-01 
 7.94000000e-09  1.04246644e-01 
 7.96000000e-09  1.03450197e-01 
 7.98000000e-09  1.02636538e-01 
 8.00000000e-09  1.01805739e-01 
 8.02000000e-09  1.00957874e-01 
 8.04000000e-09  1.00093021e-01 
 8.06000000e-09  9.92112635e-02 
 8.08000000e-09  9.83126885e-02 
 8.10000000e-09  9.73973872e-02 
 8.12000000e-09  9.64654554e-02 
 8.14000000e-09  9.55169934e-02 
 8.16000000e-09  9.45521061e-02 
 8.18000000e-09  9.35709029e-02 
 8.20000000e-09  9.25734978e-02 
 8.22000000e-09  9.15600097e-02 
 8.24000000e-09  9.05305621e-02 
 8.26000000e-09  8.94852834e-02 
 8.28000000e-09  8.84243069e-02 
 8.30000000e-09  8.73477705e-02 
 8.32000000e-09  8.62558174e-02 
 8.34000000e-09  8.51485955e-02 
 8.36000000e-09  8.40262575e-02 
 8.38000000e-09  8.28889615e-02 
 8.40000000e-09  8.17368702e-02 
 8.42000000e-09  8.05701513e-02 
 8.44000000e-09  7.93889778e-02 
 8.46000000e-09  7.81935273e-02 
 8.48000000e-09  7.69839825e-02 
 8.50000000e-09  7.57605311e-02 
 8.52000000e-09  7.45233656e-02 
 8.54000000e-09  7.32726834e-02 
 8.56000000e-09  7.20086867e-02 
 8.58000000e-09  7.07315827e-02 
 8.60000000e-09  6.94415831e-02 
 8.62000000e-09  6.81389044e-02 
 8.64000000e-09  6.68237678e-02 
 8.66000000e-09  6.54963990e-02 
 8.68000000e-09  6.41570284e-02 
 8.70000000e-09  6.28058904e-02 
 8.72000000e-09  6.14432242e-02 
 8.74000000e-09  6.00692731e-02 
 8.76000000e-09  5.86842845e-02 
 8.78000000e-09  5.72885101e-02 
 8.80000000e-09  5.58822053e-02 
 8.82000000e-09  5.44656297e-02 
 8.84000000e-09  5.30390464e-02 
 8.86000000e-09  5.16027224e-02 
 8.88000000e-09  5.01569281e-02 
 8.90000000e-09  4.87019374e-02 
 8.92000000e-09  4.72380275e-02 
 8.94000000e-09  4.57654787e-02 
 8.96000000e-09  4.42845746e-02 
 8.98000000e-09  4.27956014e-02 
 9.00000000e-09  4.12988483e-02 
 9.02000000e-09  3.97946071e-02 
 9.04000000e-09  3.82831723e-02 
 9.06000000e-09  3.67648403e-02 
 9.08000000e-09  3.52399103e-02 
 9.10000000e-09  3.37086831e-02 
 9.12000000e-09  3.21714618e-02 
 9.14000000e-09  3.06285511e-02 
 9.16000000e-09  2.90802574e-02 
 9.18000000e-09  2.75268885e-02 
 9.20000000e-09  2.59687538e-02 
 9.22000000e-09  2.44061636e-02 
 9.24000000e-09  2.28394295e-02 
 9.26000000e-09  2.12688637e-02 
 9.28000000e-09  1.96947794e-02 
 9.30000000e-09  1.81174904e-02 
 9.32000000e-09  1.65373108e-02 
 9.34000000e-09  1.49545551e-02 
 9.36000000e-09  1.33695379e-02 
 9.38000000e-09  1.17825738e-02 
 9.40000000e-09  1.01939774e-02 
 9.42000000e-09  8.60406294e-03 
 9.44000000e-09  7.01314416e-03 
 9.46000000e-09  5.42153436e-03 
 9.48000000e-09  3.82954610e-03 
 9.50000000e-09  2.23749115e-03 
 9.52000000e-09  6.45680278e-04 
 9.54000000e-09 -9.45576804e-04 
 9.56000000e-09 -2.53597161e-03 
 9.58000000e-09 -4.12519701e-03 
 9.60000000e-09 -5.71294730e-03 
 9.62000000e-09 -7.29891841e-03 
 9.64000000e-09 -8.88280792e-03 
 9.66000000e-09 -1.04643153e-02 
 9.68000000e-09 -1.20431418e-02 
 9.70000000e-09 -1.36189908e-02 
 9.72000000e-09 -1.51915679e-02 
 9.74000000e-09 -1.67605808e-02 
 9.76000000e-09 -1.83257396e-02 
 9.78000000e-09 -1.98867567e-02 
 9.80000000e-09 -2.14433473e-02 
 9.82000000e-09 -2.29952290e-02 
 9.84000000e-09 -2.45421222e-02 
 9.86000000e-09 -2.60837499e-02 
 9.88000000e-09 -2.76198381e-02 
 9.90000000e-09 -2.91501158e-02 
 9.92000000e-09 -3.06743149e-02 
 9.94000000e-09 -3.21921704e-02 
 9.96000000e-09 -3.37034203e-02 
 9.98000000e-09 -3.52078060e-02 
 1.00000000e-08 -3.67050721e-02 
 1.00200000e-08 -3.81949664e-02 
 1.00400000e-08 -3.96772401e-02 
 1.00600000e-08 -4.11516480e-02 
 1.00800000e-08 -4.26179480e-02 
 1.01000000e-08 -4.40759019e-02 
 1.01200000e-08 -4.55252745e-02 
 1.01400000e-08 -4.69658347e-02 
 1.01600000e-08 -4.83973547e-02 
 1.01800000e-08 -4.98196103e-02 
 1.02000000e-08 -5.12323811e-02 
 1.02200000e-08 -5.26354503e-02 
 1.02400000e-08 -5.40286046e-02 
 1.02600000e-08 -5.54116348e-02 
 1.02800000e-08 -5.67843349e-02 
 1.03000000e-08 -5.81465031e-02 
 1.03200000e-08 -5.94979410e-02 
 1.03400000e-08 -6.08384541e-02 
 1.03600000e-08 -6.21678516e-02 
 1.03800000e-08 -6.34859463e-02 
 1.04000000e-08 -6.47925549e-02 
 1.04200000e-08 -6.60874976e-02 
 1.04400000e-08 -6.73705986e-02 
 1.04600000e-08 -6.86416855e-02 
 1.04800000e-08 -6.99005897e-02 
 1.05000000e-08 -7.11471463e-02 
 1.05200000e-08 -7.23811939e-02 
 1.05400000e-08 -7.36025749e-02 
 1.05600000e-08 -7.48111351e-02 
 1.05800000e-08 -7.60067239e-02 
 1.06000000e-08 -7.71891944e-02 
 1.06200000e-08 -7.83584030e-02 
 1.06400000e-08 -7.95142095e-02 
 1.06600000e-08 -8.06564775e-02 
 1.06800000e-08 -8.17850736e-02 
 1.07000000e-08 -8.28998679e-02 
 1.07200000e-08 -8.40007338e-02 
 1.07400000e-08 -8.50875480e-02 
 1.07600000e-08 -8.61601905e-02 
 1.07800000e-08 -8.72185442e-02 
 1.08000000e-08 -8.82624955e-02 
 1.08200000e-08 -8.92919335e-02 
 1.08400000e-08 -9.03067506e-02 
 1.08600000e-08 -9.13068421e-02 
 1.08800000e-08 -9.22921063e-02 
 1.09000000e-08 -9.32624442e-02 
 1.09200000e-08 -9.42177597e-02 
 1.09400000e-08 -9.51579595e-02 
 1.09600000e-08 -9.60829530e-02 
 1.09800000e-08 -9.69926523e-02 
 1.10000000e-08 -9.78869718e-02 
 1.10200000e-08 -9.87658288e-02 
 1.10400000e-08 -9.96291429e-02 
 1.10600000e-08 -1.00476836e-01 
 1.10800000e-08 -1.01308833e-01 
 1.11000000e-08 -1.02125059e-01 
 1.11200000e-08 -1.02925445e-01 
 1.11400000e-08 -1.03709921e-01 
 1.11600000e-08 -1.04478420e-01 
 1.11800000e-08 -1.05230877e-01 
 1.12000000e-08 -1.05967230e-01 
 1.12200000e-08 -1.06687418e-01 
 1.12400000e-08 -1.07391381e-01 
 1.12600000e-08 -1.08079063e-01 
 1.12800000e-08 -1.08750408e-01 
 1.13000000e-08 -1.09405361e-01 
 1.13200000e-08 -1.10043872e-01 
 1.13400000e-08 -1.10665888e-01 
 1.13600000e-08 -1.11271362e-01 
 1.13800000e-08 -1.11860245e-01 
 1.14000000e-08 -1.12432491e-01 
 1.14200000e-08 -1.12988054e-01 
 1.14400000e-08 -1.13526892e-01 
 1.14600000e-08 -1.14048962e-01 
 1.14800000e-08 -1.14554223e-01 
 1.15000000e-08 -1.15042634e-01 
 1.15200000e-08 -1.15514156e-01 
 1.15400000e-08 -1.15968751e-01 
 1.15600000e-08 -1.16406382e-01 
 1.15800000e-08 -1.16827013e-01 
 1.16000000e-08 -1.17230608e-01 
 1.16200000e-08 -1.17617134e-01 
 1.16400000e-08 -1.17986556e-01 
 1.16600000e-08 -1.18338842e-01 
 1.16800000e-08 -1.18673960e-01 
 1.17000000e-08 -1.18991877e-01 
 1.17200000e-08 -1.19292565e-01 
 1.17400000e-08 -1.19575992e-01 
 1.17600000e-08 -1.19842128e-01 
 1.17800000e-08 -1.20090947e-01 
 1.18000000e-08 -1.20322418e-01 
 1.18200000e-08 -1.20536514e-01 
 1.18400000e-08 -1.20733208e-01 
 1.18600000e-08 -1.20912474e-01 
 1.18800000e-08 -1.21074286e-01 
 1.19000000e-08 -1.21218616e-01 
 1.19200000e-08 -1.21345442e-01 
 1.19400000e-08 -1.21454738e-01 
 1.19600000e-08 -1.21546479e-01 
 1.19800000e-08 -1.21620642e-01 
 1.20000000e-08 -1.21677205e-01 
 1.20200000e-08 -1.21716144e-01 
 1.20400000e-08 -1.21737438e-01 
 1.20600000e-08 -1.21741065e-01 
 1.20800000e-08 -1.21727003e-01 
 1.21000000e-08 -1.21695233e-01 
 1.21200000e-08 -1.21645735e-01 
 1.21400000e-08 -1.21578489e-01 
 1.21600000e-08 -1.21493477e-01 
 1.21800000e-08 -1.21390681e-01 
 1.22000000e-08 -1.21270085e-01 
 1.22200000e-08 -1.21131671e-01 
 1.22400000e-08 -1.20975424e-01 
 1.22600000e-08 -1.20801330e-01 
 1.22800000e-08 -1.20609375e-01 
 1.23000000e-08 -1.20399546e-01 
 1.23200000e-08 -1.20171831e-01 
 1.23400000e-08 -1.19926219e-01 
 1.23600000e-08 -1.19662701e-01 
 1.23800000e-08 -1.19381269e-01 
 1.24000000e-08 -1.19081915e-01 
 1.24200000e-08 -1.18764634e-01 
 1.24400000e-08 -1.18429420e-01 
 1.24600000e-08 -1.18076272e-01 
 1.24800000e-08 -1.17705187e-01 
 1.25000000e-08 -1.17316166e-01 
 1.25200000e-08 -1.16909210e-01 
 1.25400000e-08 -1.16484324e-01 
 1.25600000e-08 -1.16041513e-01 
 1.25800000e-08 -1.15580785e-01 
 1.26000000e-08 -1.15102149e-01 
 1.26200000e-08 -1.14605616e-01 
 1.26400000e-08 -1.14091201e-01 
 1.26600000e-08 -1.13558921e-01 
 1.26800000e-08 -1.13008793e-01 
 1.27000000e-08 -1.12440839e-01 
 1.27200000e-08 -1.11855082e-01 
 1.27400000e-08 -1.11251550e-01 
 1.27600000e-08 -1.10630272e-01 
 1.27800000e-08 -1.09991279e-01 
 1.28000000e-08 -1.09334607e-01 
 1.28200000e-08 -1.08660295e-01 
 1.28400000e-08 -1.07968383e-01 
 1.28600000e-08 -1.07258917e-01 
 1.28800000e-08 -1.06531945e-01 
 1.29000000e-08 -1.05787518e-01 
 1.29200000e-08 -1.05025692e-01 
 1.29400000e-08 -1.04246526e-01 
 1.29600000e-08 -1.03450082e-01 
 1.29800000e-08 -1.02636427e-01 
 1.30000000e-08 -1.01805631e-01 
 1.30200000e-08 -1.00957769e-01 
 1.30400000e-08 -1.00092920e-01 
 1.30600000e-08 -9.92111653e-02 
 1.30800000e-08 -9.83125932e-02 
 1.31000000e-08 -9.73972948e-02 
 1.31200000e-08 -9.64653659e-02 
 1.31400000e-08 -9.55169067e-02 
 1.31600000e-08 -9.45520220e-02 
 1.31800000e-08 -9.35708214e-02 
 1.32000000e-08 -9.25734188e-02 
 1.32200000e-08 -9.15599332e-02 
 1.32400000e-08 -9.05304879e-02 
 1.32600000e-08 -8.94852116e-02 
 1.32800000e-08 -8.84242373e-02 
 1.33000000e-08 -8.73477031e-02 
 1.33200000e-08 -8.62557521e-02 
 1.33400000e-08 -8.51485321e-02 
 1.33600000e-08 -8.40261962e-02 
 1.33800000e-08 -8.28889021e-02 
 1.34000000e-08 -8.17368126e-02 
 1.34200000e-08 -8.05700956e-02 
 1.34400000e-08 -7.93889238e-02 
 1.34600000e-08 -7.81934750e-02 
 1.34800000e-08 -7.69839319e-02 
 1.35000000e-08 -7.57604821e-02 
 1.35200000e-08 -7.45233181e-02 
 1.35400000e-08 -7.32726374e-02 
 1.35600000e-08 -7.20086422e-02 
 1.35800000e-08 -7.07315396e-02 
 1.36000000e-08 -6.94415414e-02 
 1.36200000e-08 -6.81388640e-02 
 1.36400000e-08 -6.68237287e-02 
 1.36600000e-08 -6.54963612e-02 
 1.36800000e-08 -6.41569918e-02 
 1.37000000e-08 -6.28058550e-02 
 1.37200000e-08 -6.14431900e-02 
 1.37400000e-08 -6.00692399e-02 
 1.37600000e-08 -5.86842525e-02 
 1.37800000e-08 -5.72884791e-02 
 1.38000000e-08 -5.58821753e-02 
 1.38200000e-08 -5.44656007e-02 
 1.38400000e-08 -5.30390184e-02 
 1.38600000e-08 -5.16026953e-02 
 1.38800000e-08 -5.01569019e-02 
 1.39000000e-08 -4.87019120e-02 
 1.39200000e-08 -4.72380029e-02 
 1.39400000e-08 -4.57654550e-02 
 1.39600000e-08 -4.42845516e-02 
 1.39800000e-08 -4.27955792e-02 
 1.40000000e-08 -4.12988269e-02 
 1.40200000e-08 -3.97945864e-02 
 1.40400000e-08 -3.82831522e-02 
 1.40600000e-08 -3.67648210e-02 
 1.40800000e-08 -3.52398916e-02 
 1.41000000e-08 -3.37086651e-02 
 1.41200000e-08 -3.21714444e-02 
 1.41400000e-08 -3.06285342e-02 
 1.41600000e-08 -2.90802411e-02 
 1.41800000e-08 -2.75268728e-02 
 1.42000000e-08 -2.59687386e-02 
 1.42200000e-08 -2.44061490e-02 
 1.42400000e-08 -2.28394153e-02 
 1.42600000e-08 -2.12688500e-02 
 1.42800000e-08 -1.96947662e-02 
 1.43000000e-08 -1.81174777e-02 
 1.43200000e-08 -1.65372985e-02 
 1.43400000e-08 -1.49545432e-02 
 1.43600000e-08 -1.33695264e-02 
 1.43800000e-08 -1.17825628e-02 
 1.44000000e-08 -1.01939668e-02 
 1.44200000e-08 -8.60405264e-03 
 1.44400000e-08 -7.01313421e-03 
 1.44600000e-08 -5.42152476e-03 
 1.44800000e-08 -3.82953684e-03 
 1.45000000e-08 -2.23748221e-03 
 1.45200000e-08 -6.45671653e-04 
 1.45400000e-08  9.45585125e-04 
 1.45600000e-08  2.53597964e-03 
 1.45800000e-08  4.12520475e-03 
 1.46000000e-08  5.71295477e-03 
 1.46200000e-08  7.29892561e-03 
 1.46400000e-08  8.88281487e-03 
 1.46600000e-08  1.04643220e-02 
 1.46800000e-08  1.20431482e-02 
 1.47000000e-08  1.36189970e-02 
 1.47200000e-08  1.51915739e-02 
 1.47400000e-08  1.67605866e-02 
 1.47600000e-08  1.83257452e-02 
 1.47800000e-08  1.98867621e-02 
 1.48000000e-08  2.14433525e-02 
 1.48200000e-08  2.29952341e-02 
 1.48400000e-08  2.45421270e-02 
 1.48600000e-08  2.60837545e-02 
 1.48800000e-08  2.76198426e-02 
 1.49000000e-08  2.91501202e-02 
 1.49200000e-08  3.06743191e-02 
 1.49400000e-08  3.21921744e-02 
 1.49600000e-08  3.37034242e-02 
 1.49800000e-08  3.52078097e-02 
 1.50000000e-08  3.67050757e-02 
 1.50200000e-08  3.81949698e-02 
 1.50400000e-08  3.96772435e-02 
 1.50600000e-08  4.11516512e-02 
 1.50800000e-08  4.26179512e-02 
 1.51000000e-08  4.40759049e-02 
 1.51200000e-08  4.55252774e-02 
 1.51400000e-08  4.69658375e-02 
 1.51600000e-08  4.83973574e-02 
 1.51800000e-08  4.98196129e-02 
 1.52000000e-08  5.12323836e-02 
 1.52200000e-08  5.26354527e-02 
 1.52400000e-08  5.40286070e-02 
 1.52600000e-08  5.54116370e-02 
 1.52800000e-08  5.67843371e-02 
 1.53000000e-08  5.81465052e-02 
 1.53200000e-08  5.94979430e-02 
 1.53400000e-08  6.08384561e-02 
 1.53600000e-08  6.21678535e-02 
 1.53800000e-08  6.34859481e-02 
 1.54000000e-08  6.47925566e-02 
 1.54200000e-08  6.60874993e-02 
 1.54400000e-08  6.73706002e-02 
 1.54600000e-08  6.86416870e-02 
 1.54800000e-08  6.99005912e-02 
 1.55000000e-08  7.11471477e-02 
 1.55200000e-08  7.23811953e-02 
 1.55400000e-08  7.36025762e-02 
 1.55600000e-08  7.48111364e-02 
 1.55800000e-08  7.60067252e-02 
 1.56000000e-08  7.71891956e-02 
 1.56200000e-08  7.83584041e-02 
 1.56400000e-08  7.95142107e-02 
 1.56600000e-08  8.06564786e-02 
 1.56800000e-08  8.17850746e-02 
 1.57000000e-08  8.28998689e-02 
 1.57200000e-08  8.40007348e-02 
 1.57400000e-08  8.50875490e-02 
 1.57600000e-08  8.61601914e-02 
 1.57800000e-08  8.72185451e-02 
 1.58000000e-08  8.82624963e-02 
 1.58200000e-08  8.92919343e-02 
 1.58400000e-08  9.03067514e-02 
 1.58600000e-08  9.13068429e-02 
 1.58800000e-08  9.22921070e-02 
 1.59000000e-08  9.32624449e-02 
 1.59200000e-08  9.42177604e-02 
 1.59400000e-08  9.51579602e-02 
 1.59600000e-08  9.60829537e-02 
 1.59800000e-08  9.69926529e-02 
 1.60000000e-08  9.78869724e-02 
 1.60200000e-08  9.87658294e-02 
 1.60400000e-08  9.96291434e-02 
 1.60600000e-08  1.00476837e-01 
 1.60800000e-08  1.01308833e-01 
 1.61000000e-08  1.02125060e-01 
 1.61200000e-08  1.02925446e-01 
 1.61400000e-08  1.03709922e-01 
 1.61600000e-08  1.04478421e-01 
 1.61800000e-08  1.05230878e-01 
 1.62000000e-08  1.05967231e-01 
 1.62200000e-08  1.06687419e-01 
 1.62400000e-08  1.07391382e-01 
 1.62600000e-08  1.08079064e-01 
 1.62800000e-08  1.08750408e-01 
 1.63000000e-08  1.09405362e-01 
 1.63200000e-08  1.10043872e-01 
 1.63400000e-08  1.10665889e-01 
 1.63600000e-08  1.11271362e-01 
 1.63800000e-08  1.11860245e-01 
 1.64000000e-08  1.12432491e-01 
 1.64200000e-08  1.12988055e-01 
 1.64400000e-08  1.13526893e-01 
 1.64600000e-08  1.14048963e-01 
 1.64800000e-08  1.14554223e-01 
 1.65000000e-08  1.15042634e-01 
 1.65200000e-08  1.15514156e-01 
 1.65400000e-08  1.15968751e-01 
 1.65600000e-08  1.16406382e-01 
 1.65800000e-08  1.16827013e-01 
 1.66000000e-08  1.17230608e-01 
 1.66200000e-08  1.17617134e-01 
 1.66400000e-08  1.17986556e-01 
 1.66600000e-08  1.18338842e-01 
 1.66800000e-08  1.18673960e-01 
 1.67000000e-08  1.18991878e-01 
 1.67200000e-08  1.19292565e-01 
 1.67400000e-08  1.19575992e-01 
 1.67600000e-08  1.19842129e-01 
 1.67800000e-08  1.20090947e-01 
 1.68000000e-08  1.20322418e-01 
 1.68200000e-08  1.20536514e-01 
 1.68400000e-08  1.20733209e-01 
 1.68600000e-08  1.20912474e-01 
 1.68800000e-08  1.21074286e-01 
 1.69000000e-08  1.21218617e-01 
 1.69200000e-08  1.21345442e-01 
 1.69400000e-08  1.21454738e-01 
 1.69600000e-08  1.21546479e-01 
 1.69800000e-08  1.21620643e-01 
 1.70000000e-08  1.21677205e-01 
 1.70200000e-08  1.21716145e-01 
 1.70400000e-08  1.21737438e-01 
 1.70600000e-08  1.21741065e-01 
 1.70800000e-08  1.21727003e-01 
 1.71000000e-08  1.21695233e-01 
 1.71200000e-08  1.21645735e-01 
 1.71400000e-08  1.21578489e-01 
 1.71600000e-08  1.21493477e-01 
 1.71800000e-08  1.21390681e-01 
 1.72000000e-08  1.21270085e-01 
 1.72200000e-08  1.21131671e-01 
 1.72400000e-08  1.20975424e-01 
 1.72600000e-08  1.20801330e-01 
 1.72800000e-08  1.20609375e-01 
 1.73000000e-08  1.20399546e-01 
 1.73200000e-08  1.20171831e-01 
 1.73400000e-08  1.19926219e-01 
 1.73600000e-08  1.19662702e-01 
 1.73800000e-08  1.19381269e-01 
 1.74000000e-08  1.19081915e-01 
 1.74200000e-08  1.18764634e-01 
 1.74400000e-08  1.18429420e-01 
 1.74600000e-08  1.18076272e-01 
 1.74800000e-08  1.17705187e-01 
 1.75000000e-08  1.17316166e-01 
 1.75200000e-08  1.16909210e-01 
 1.75400000e-08  1.16484324e-01 
 1.75600000e-08  1.16041513e-01 
 1.75800000e-08  1.15580785e-01 
 1.76000000e-08  1.15102149e-01 
 1.76200000e-08  1.14605616e-01 
 1.76400000e-08  1.14091201e-01 
 1.76600000e-08  1.13558921e-01 
 1.76800000e-08  1.13008793e-01 
 1.77000000e-08  1.12440839e-01 
 1.77200000e-08  1.11855082e-01 
 1.77400000e-08  1.11251550e-01 
 1.77600000e-08  1.10630272e-01 
 1.77800000e-08  1.09991279e-01 
 1.78000000e-08  1.09334607e-01 
 1.78200000e-08  1.08660295e-01 
 1.78400000e-08  1.07968383e-01 
 1.78600000e-08  1.07258917e-01 
 1.78800000e-08  1.06531945e-01 
 1.79000000e-08  1.05787518e-01 
 1.79200000e-08  1.05025692e-01 
 1.79400000e-08  1.04246526e-01 
 1.79600000e-08  1.03450082e-01 
 1.79800000e-08  1.02636427e-01 
 1.80000000e-08  1.01805631e-01 
 1.80200000e-08  1.00957769e-01 
 1.80400000e-08  1.00092920e-01 
 1.80600000e-08  9.92111653e-02 
 1.80800000e-08  9.83125933e-02 
 1.81000000e-08  9.73972949e-02 
 1.81200000e-08  9.64653659e-02 
 1.81400000e-08  9.55169067e-02 
 1.81600000e-08  9.45520221e-02 
 1.81800000e-08  9.35708214e-02 
 1.82000000e-08  9.25734188e-02 
 1.82200000e-08  9.15599332e-02 
 1.82400000e-08  9.05304880e-02 
 1.82600000e-08  8.94852116e-02 
 1.82800000e-08  8.84242373e-02 
 1.83000000e-08  8.73477031e-02 
 1.83200000e-08  8.62557521e-02 
 1.83400000e-08  8.51485322e-02 
 1.83600000e-08  8.40261962e-02 
 1.83800000e-08  8.28889021e-02 
 1.84000000e-08  8.17368126e-02 
 1.84200000e-08  8.05700956e-02 
 1.84400000e-08  7.93889238e-02 
 1.84600000e-08  7.81934750e-02 
 1.84800000e-08  7.69839319e-02 
 1.85000000e-08  7.57604821e-02 
 1.85200000e-08  7.45233181e-02 
 1.85400000e-08  7.32726374e-02 
 1.85600000e-08  7.20086422e-02 
 1.85800000e-08  7.07315396e-02 
 1.86000000e-08  6.94415414e-02 
 1.86200000e-08  6.81388640e-02 
 1.86400000e-08  6.68237288e-02 
 1.86600000e-08  6.54963613e-02 
 1.86800000e-08  6.41569918e-02 
 1.87000000e-08  6.28058550e-02 
 1.87200000e-08  6.14431900e-02 
 1.87400000e-08  6.00692400e-02 
 1.87600000e-08  5.86842525e-02 
 1.87800000e-08  5.72884791e-02 
 1.88000000e-08  5.58821753e-02 
 1.88200000e-08  5.44656007e-02 
 1.88400000e-08  5.30390184e-02 
 1.88600000e-08  5.16026953e-02 
 1.88800000e-08  5.01569019e-02 
 1.89000000e-08  4.87019120e-02 
 1.89200000e-08  4.72380030e-02 
 1.89400000e-08  4.57654550e-02 
 1.89600000e-08  4.42845516e-02 
 1.89800000e-08  4.27955792e-02 
 1.90000000e-08  4.12988269e-02 
 1.90200000e-08  3.97945864e-02 
 1.90400000e-08  3.82831523e-02 
 1.90600000e-08  3.67648210e-02 
 1.90800000e-08  3.52398916e-02 
 1.91000000e-08  3.37086651e-02 
 1.91200000e-08  3.21714444e-02 
 1.91400000e-08  3.06285343e-02 
 1.91600000e-08  2.90802411e-02 
 1.91800000e-08  2.75268728e-02 
 1.92000000e-08  2.59687386e-02 
 1.92200000e-08  2.44061490e-02 
 1.92400000e-08  2.28394153e-02 
 1.92600000e-08  2.12688500e-02 
 1.92800000e-08  1.96947662e-02 
 1.93000000e-08  1.81174777e-02 
 1.93200000e-08  1.65372985e-02 
 1.93400000e-08  1.49545432e-02 
 1.93600000e-08  1.33695264e-02 
 1.93800000e-08  1.17825628e-02 
 1.94000000e-08  1.01939668e-02 
 1.94200000e-08  8.60405264e-03 
 1.94400000e-08  7.01313422e-03 
 1.94600000e-08  5.42152476e-03 
 1.94800000e-08  3.82953684e-03 
 1.95000000e-08  2.23748221e-03 
 1.95200000e-08  6.45671659e-04 
 1.95400000e-08 -9.45585119e-04 
 1.95600000e-08 -2.53597964e-03 
 1.95800000e-08 -4.12520475e-03 
 1.96000000e-08 -5.71295477e-03 
 1.96200000e-08 -7.29892561e-03 
 1.96400000e-08 -8.88281487e-03 
 1.96600000e-08 -1.04643220e-02 
 1.96800000e-08 -1.20431482e-02 
 1.97000000e-08 -1.36189970e-02 
 1.97200000e-08 -1.51915739e-02 
 1.97400000e-08 -1.67605866e-02 
 1.97600000e-08 -1.83257451e-02 
 1.97800000e-08 -1.98867621e-02 
 1.98000000e-08 -2.14433525e-02 
 1.98200000e-08 -2.29952340e-02 
 1.98400000e-08 -2.45421270e-02 
 1.98600000e-08 -2.60837545e-02 
 1.98800000e-08 -2.76198426e-02 
 1.99000000e-08 -2.91501202e-02 
 1.99200000e-08 -3.06743191e-02 
 1.99400000e-08 -3.21921744e-02 
 1.99600000e-08 -3.37034242e-02 
 1.99800000e-08 -3.52078097e-02 
 2.00000000e-08 -3.67050757e-02 
 2.00200000e-08 -3.81949698e-02 
 2.00400000e-08 -3.96772435e-02 
 2.00600000e-08 -4.11516512e-02 
 2.00800000e-08 -4.26179512e-02 
 2.01000000e-08 -4.40759049e-02 
 2.01200000e-08 -4.55252774e-02 
 2.01400000e-08 -4.69658375e-02 
 2.01600000e-08 -4.83973574e-02 
 2.01800000e-08 -4.98196129e-02 
 2.02000000e-08 -5.12323836e-02 
 2.02200000e-08 -5.26354527e-02 
 2.02400000e-08 -5.40286070e-02 
 2.02600000e-08 -5.54116370e-02 
 2.02800000e-08 -5.67843371e-02 
 2.03000000e-08 -5.81465052e-02 
 2.03200000e-08 -5.94979430e-02 
 2.03400000e-08 -6.08384561e-02 
 2.03600000e-08 -6.21678535e-02 
 2.03800000e-08 -6.34859481e-02 
 2.04000000e-08 -6.47925566e-02 
 2.04200000e-08 -6.60874993e-02 
 2.04400000e-08 -6.73706002e-02 
 2.04600000e-08 -6.86416870e-02 
 2.04800000e-08 -6.99005912e-02 
 2.05000000e-08 -7.11471477e-02 
 2.05200000e-08 -7.23811953e-02 
 2.05400000e-08 -7.36025762e-02 
 2.05600000e-08 -7.48111364e-02 
 2.05800000e-08 -7.60067252e-02 
 2.06000000e-08 -7.71891956e-02 
 2.06200000e-08 -7.83584041e-02 
 2.06400000e-08 -7.95142107e-02 
 2.06600000e-08 -8.06564786e-02 
 2.06800000e-08 -8.17850746e-02 
 2.07000000e-08 -8.28998689e-02 
 2.07200000e-08 -8.40007348e-02 
 2.07400000e-08 -8.50875490e-02 
 2.07600000e-08 -8.61601914e-02 
 2.07800000e-08 -8.72185451e-02 
 2.08000000e-08 -8.82624963e-02 
 2.08200000e-08 -8.92919343e-02 
 2.08400000e-08 -9.03067514e-02 
 2.08600000e-08 -9.13068429e-02 
 2.08800000e-08 -9.22921070e-02 
 2.09000000e-08 -9.32624449e-02 
 2.09200000e-08 -9.42177604e-02 
 2.09400000e-08 -9.51579602e-02 
 2.09600000e-08 -9.60829537e-02 
 2.09800000e-08 -9.69926529e-02 
 2.10000000e-08 -9.78869724e-02 
 2.10200000e-08 -9.87658294e-02 
 2.10400000e-08 -9.96291434e-02 
 2.10600000e-08 -1.00476837e-01 
 2.10800000e-08 -1.01308833e-01 
 2.11000000e-08 -1.02125060e-01 
 2.11200000e-08 -1.02925446e-01 
 2.11400000e-08 -1.03709922e-01 
 2.11600000e-08 -1.04478421e-01 
 2.11800000e-08 -1.05230878e-01 
 2.12000000e-08 -1.05967231e-01 
 2.12200000e-08 -1.06687419e-01 
 2.12400000e-08 -1.07391382e-01 
 2.12600000e-08 -1.08079064e-01 
 2.12800000e-08 -1.08750408e-01 
 2.13000000e-08 -1.09405362e-01 
 2.13200000e-08 -1.10043872e-01 
 2.13400000e-08 -1.10665889e-01 
 2.13600000e-08 -1.11271362e-01 
 2.13800000e-08 -1.11860245e-01 
 2.14000000e-08 -1.12432491e-01 
 2.14200000e-08 -1.12988055e-01 
 2.14400000e-08 -1.13526893e-01 
 2.14600000e-08 -1.14048963e-01 
 2.14800000e-08 -1.14554223e-01 
 2.15000000e-08 -1.15042634e-01 
 2.15200000e-08 -1.15514156e-01 
 2.15400000e-08 -1.15968751e-01 
 2.15600000e-08 -1.16406382e-01 
 2.15800000e-08 -1.16827013e-01 
 2.16000000e-08 -1.17230608e-01 
 2.16200000e-08 -1.17617134e-01 
 2.16400000e-08 -1.17986556e-01 
 2.16600000e-08 -1.18338842e-01 
 2.16800000e-08 -1.18673960e-01 
 2.17000000e-08 -1.18991878e-01 
 2.17200000e-08 -1.19292565e-01 
 2.17400000e-08 -1.19575992e-01 
 2.17600000e-08 -1.19842129e-01 
 2.17800000e-08 -1.20090947e-01 
 2.18000000e-08 -1.20322418e-01 
 2.18200000e-08 -1.20536514e-01 
 2.18400000e-08 -1.20733209e-01 
 2.18600000e-08 -1.20912474e-01 
 2.18800000e-08 -1.21074286e-01 
 2.19000000e-08 -1.21218617e-01 
 2.19200000e-08 -1.21345442e-01 
 2.19400000e-08 -1.21454738e-01 
 2.19600000e-08 -1.21546479e-01 
 2.19800000e-08 -1.21620643e-01 
 2.20000000e-08 -1.21677205e-01 
 2.20200000e-08 -1.21716145e-01 
 2.20400000e-08 -1.21737438e-01 
 2.20600000e-08 -1.21741065e-01 
 2.20800000e-08 -1.21727003e-01 
 2.21000000e-08 -1.21695233e-01 
 2.21200000e-08 -1.21645735e-01 
 2.21400000e-08 -1.21578489e-01 
 2.21600000e-08 -1.21493477e-01 
 2.21800000e-08 -1.21390681e-01 
 2.22000000e-08 -1.21270085e-01 
 2.22200000e-08 -1.21131671e-01 
 2.22400000e-08 -1.20975424e-01 
 2.22600000e-08 -1.20801330e-01 
 2.22800000e-08 -1.20609375e-01 
 2.23000000e-08 -1.20399546e-01 
 2.23200000e-08 -1.20171831e-01 
 2.23400000e-08 -1.19926219e-01 
 2.23600000e-08 -1.19662702e-01 
 2.23800000e-08 -1.19381269e-01 
 2.24000000e-08 -1.19081915e-01 
 2.24200000e-08 -1.18764634e-01 
 2.24400000e-08 -1.18429420e-01 
 2.24600000e-08 -1.18076272e-01 
 2.24800000e-08 -1.17705187e-01 
 2.25000000e-08 -1.17316166e-01 
 2.25200000e-08 -1.16909210e-01 
 2.25400000e-08 -1.16484324e-01 
 2.25600000e-08 -1.16041513e-01 
 2.25800000e-08 -1.15580785e-01 
 2.26000000e-08 -1.15102149e-01 
 2.26200000e-08 -1.14605616e-01 
 2.26400000e-08 -1.14091201e-01 
 2.26600000e-08 -1.13558921e-01 
 2.26800000e-08 -1.13008793e-01 
 2.27000000e-08 -1.12440839e-01 
 2.27200000e-08 -1.11855082e-01 
 2.27400000e-08 -1.11251550e-01 
 2.27600000e-08 -1.10630272e-01 
 2.27800000e-08 -1.09991279e-01 
 2.28000000e-08 -1.09334607e-01 
 2.28200000e-08 -1.08660295e-01 
 2.28400000e-08 -1.07968383e-01 
 2.28600000e-08 -1.07258917e-01 
 2.28800000e-08 -1.06531945e-01 
 2.29000000e-08 -1.05787518e-01 
 2.29200000e-08 -1.05025692e-01 
 2.29400000e-08 -1.04246526e-01 
 2.29600000e-08 -1.03450082e-01 
 2.29800000e-08 -1.02636427e-01 
 2.30000000e-08 -1.01805631e-01 
 2.30200000e-08 -1.00957769e-01 
 2.30400000e-08 -1.00092920e-01 
 2.30600000e-08 -9.92111653e-02 
 2.30800000e-08 -9.83125933e-02 
 2.31000000e-08 -9.73972949e-02 
 2.31200000e-08 -9.64653659e-02 
 2.31400000e-08 -9.55169067e-02 
 2.31600000e-08 -9.45520221e-02 
 2.31800000e-08 -9.35708214e-02 
 2.32000000e-08 -9.25734188e-02 
 2.32200000e-08 -9.15599332e-02 
 2.32400000e-08 -9.05304880e-02 
 2.32600000e-08 -8.94852116e-02 
 2.32800000e-08 -8.84242373e-02 
 2.33000000e-08 -8.73477031e-02 
 2.33200000e-08 -8.62557521e-02 
 2.33400000e-08 -8.51485322e-02 
 2.33600000e-08 -8.40261962e-02 
 2.33800000e-08 -8.28889021e-02 
 2.34000000e-08 -8.17368126e-02 
 2.34200000e-08 -8.05700956e-02 
 2.34400000e-08 -7.93889238e-02 
 2.34600000e-08 -7.81934750e-02 
 2.34800000e-08 -7.69839319e-02 
 2.35000000e-08 -7.57604821e-02 
 2.35200000e-08 -7.45233181e-02 
 2.35400000e-08 -7.32726374e-02 
 2.35600000e-08 -7.20086422e-02 
 2.35800000e-08 -7.07315396e-02 
 2.36000000e-08 -6.94415414e-02 
 2.36200000e-08 -6.81388640e-02 
 2.36400000e-08 -6.68237288e-02 
 2.36600000e-08 -6.54963613e-02 
 2.36800000e-08 -6.41569918e-02 
 2.37000000e-08 -6.28058550e-02 
 2.37200000e-08 -6.14431900e-02 
 2.37400000e-08 -6.00692400e-02 
 2.37600000e-08 -5.86842525e-02 
 2.37800000e-08 -5.72884791e-02 
 2.38000000e-08 -5.58821753e-02 
 2.38200000e-08 -5.44656007e-02 
 2.38400000e-08 -5.30390184e-02 
 2.38600000e-08 -5.16026953e-02 
 2.38800000e-08 -5.01569019e-02 
 2.39000000e-08 -4.87019120e-02 
 2.39200000e-08 -4.72380030e-02 
 2.39400000e-08 -4.57654550e-02 
 2.39600000e-08 -4.42845516e-02 
 2.39800000e-08 -4.27955792e-02 
 2.40000000e-08 -4.12988269e-02 
 2.40200000e-08 -3.97945864e-02 
 2.40400000e-08 -3.82831523e-02 
 2.40600000e-08 -3.67648210e-02 
 2.40800000e-08 -3.52398916e-02 
 2.41000000e-08 -3.37086651e-02 
 2.41200000e-08 -3.21714444e-02 
 2.41400000e-08 -3.06285342e-02 
 2.41600000e-08 -2.90802411e-02 
 2.41800000e-08 -2.75268728e-02 
 2.42000000e-08 -2.59687386e-02 
 2.42200000e-08 -2.44061490e-02 
 2.42400000e-08 -2.28394153e-02 
 2.42600000e-08 -2.12688500e-02 
 2.42800000e-08 -1.96947662e-02 
 2.43000000e-08 -1.81174777e-02 
 2.43200000e-08 -1.65372985e-02 
 2.43400000e-08 -1.49545432e-02 
 2.43600000e-08 -1.33695264e-02 
 2.43800000e-08 -1.17825628e-02 
 2.44000000e-08 -1.01939668e-02 
 2.44200000e-08 -8.60405264e-03 
 2.44400000e-08 -7.01313422e-03 
 2.44600000e-08 -5.42152476e-03 
 2.44800000e-08 -3.82953684e-03 
 2.45000000e-08 -2.23748221e-03 
 2.45200000e-08 -6.45671659e-04 
 2.45400000e-08  9.45585119e-04 
 2.45600000e-08  2.53597964e-03 
 2.45800000e-08  4.12520475e-03 
 2.46000000e-08  5.71295477e-03 
 2.46200000e-08  7.29892561e-03 
 2.46400000e-08  8.88281487e-03 
 2.46600000e-08  1.04643220e-02 
 2.46800000e-08  1.20431482e-02 
 2.47000000e-08  1.36189970e-02 
 2.47200000e-08  1.51915739e-02 
 2.47400000e-08  1.67605866e-02 
 2.47600000e-08  1.83257451e-02 
 2.47800000e-08  1.98867621e-02 
 2.48000000e-08  2.14433525e-02 
 2.48200000e-08  2.29952340e-02 
 2.48400000e-08  2.45421270e-02 
 2.48600000e-08  2.60837545e-02 
 2.48800000e-08  2.76198426e-02 
 2.49000000e-08  2.91501202e-02 
 2.49200000e-08  3.06743191e-02 
 2.49400000e-08  3.21921744e-02 
 2.49600000e-08  3.37034242e-02 
 2.49800000e-08  3.52078097e-02 
 2.50000000e-08  3.67050757e-02 
 2.50200000e-08  3.81949698e-02 
 2.50400000e-08  3.96772435e-02 
 2.50600000e-08  4.11516512e-02 
 2.50800000e-08  4.26179512e-02 
 2.51000000e-08  4.40759049e-02 
 2.51200000e-08  4.55252774e-02 
 2.51400000e-08  4.69658375e-02 
 2.51600000e-08  4.83973574e-02 
 2.51800000e-08  4.98196129e-02 
 2.52000000e-08  5.12323836e-02 
 2.52200000e-08  5.26354527e-02 
 2.52400000e-08  5.40286070e-02 
 2.52600000e-08  5.54116370e-02 
 2.52800000e-08  5.67843371e-02 
 2.53000000e-08  5.81465052e-02 
 2.53200000e-08  5.94979430e-02 
 2.53400000e-08  6.08384561e-02 
 2.53600000e-08  6.21678535e-02 
 2.53800000e-08  6.34859481e-02 
 2.54000000e-08  6.47925566e-02 
 2.54200000e-08  6.60874993e-02 
 2.54400000e-08  6.73706002e-02 
 2.54600000e-08  6.86416870e-02 
 2.54800000e-08  6.99005912e-02 
 2.55000000e-08  7.11471477e-02 
 2.55200000e-08  7.23811953e-02 
 2.55400000e-08  7.36025762e-02 
 2.55600000e-08  7.48111364e-02 
 2.55800000e-08  7.60067252e-02 
 2.56000000e-08  7.71891956e-02 
 2.56200000e-08  7.83584041e-02 
 2.56400000e-08  7.95142107e-02 
 2.56600000e-08  8.06564786e-02 
 2.56800000e-08  8.17850746e-02 
 2.57000000e-08  8.28998689e-02 
 2.57200000e-08  8.40007348e-02 
 2.57400000e-08  8.50875490e-02 
 2.57600000e-08  8.61601914e-02 
 2.57800000e-08  8.72185451e-02 
 2.58000000e-08  8.82624963e-02 
 2.58200000e-08  8.92919343e-02 
 2.58400000e-08  9.03067514e-02 
 2.58600000e-08  9.13068429e-02 
 2.58800000e-08  9.22921070e-02 
 2.59000000e-08  9.32624449e-02 
 2.59200000e-08  9.42177604e-02 
 2.59400000e-08  9.51579602e-02 
 2.59600000e-08  9.60829537e-02 
 2.59800000e-08  9.69926529e-02 
 2.60000000e-08  9.78869724e-02 
 2.60200000e-08  9.87658294e-02 
 2.60400000e-08  9.96291434e-02 
 2.60600000e-08  1.00476837e-01 
 2.60800000e-08  1.01308833e-01 
 2.61000000e-08  1.02125060e-01 
 2.61200000e-08  1.02925446e-01 
 2.61400000e-08  1.03709922e-01 
 2.61600000e-08  1.04478421e-01 
 2.61800000e-08  1.05230878e-01 
 2.62000000e-08  1.05967231e-01 
 2.62200000e-08  1.06687419e-01 
 2.62400000e-08  1.07391382e-01 
 2.62600000e-08  1.08079064e-01 
 2.62800000e-08  1.08750408e-01 
 2.63000000e-08  1.09405362e-01 
 2.63200000e-08  1.10043872e-01 
 2.63400000e-08  1.10665889e-01 
 2.63600000e-08  1.11271362e-01 
 2.63800000e-08  1.11860245e-01 
 2.64000000e-08  1.12432491e-01 
 2.64200000e-08  1.12988055e-01 
 2.64400000e-08  1.13526893e-01 
 2.64600000e-08  1.14048963e-01 
 2.64800000e-08  1.14554223e-01 
 2.65000000e-08  1.15042634e-01 
 2.65200000e-08  1.15514156e-01 
 2.65400000e-08  1.15968751e-01 
 2.65600000e-08  1.16406382e-01 
 2.65800000e-08  1.16827013e-01 
 2.66000000e-08  1.17230608e-01 
 2.66200000e-08  1.17617134e-01 
 2.66400000e-08  1.17986556e-01 
 2.66600000e-08  1.18338842e-01 
 2.66800000e-08  1.18673960e-01 
 2.67000000e-08  1.18991878e-01 
 2.67200000e-08  1.19292565e-01 
 2.67400000e-08  1.19575992e-01 
 2.67600000e-08  1.19842129e-01 
 2.67800000e-08  1.20090947e-01 
 2.68000000e-08  1.20322418e-01 
 2.68200000e-08  1.20536514e-01 
 2.68400000e-08  1.20733209e-01 
 2.68600000e-08  1.20912474e-01 
 2.68800000e-08  1.21074286e-01 
 2.69000000e-08  1.21218617e-01 
 2.69200000e-08  1.21345442e-01 
 2.69400000e-08  1.21454738e-01 
 2.69600000e-08  1.21546479e-01 
 2.69800000e-08  1.21620643e-01 
 2.70000000e-08  1.21677205e-01 
 2.70200000e-08  1.21716145e-01 
 2.70400000e-08  1.21737438e-01 
 2.70600000e-08  1.21741065e-01 
 2.70800000e-08  1.21727003e-01 
 2.71000000e-08  1.21695233e-01 
 2.71200000e-08  1.21645735e-01 
 2.71400000e-08  1.21578489e-01 
 2.71600000e-08  1.21493477e-01 
 2.71800000e-08  1.21390681e-01 
 2.72000000e-08  1.21270085e-01 
 2.72200000e-08  1.21131671e-01 
 2.72400000e-08  1.20975424e-01 
 2.72600000e-08  1.20801330e-01 
 2.72800000e-08  1.20609375e-01 
 2.73000000e-08  1.20399546e-01 
 2.73200000e-08  1.20171831e-01 
 2.73400000e-08  1.19926219e-01 
 2.73600000e-08  1.19662702e-01 
 2.73800000e-08  1.19381269e-01 
 2.74000000e-08  1.19081915e-01 
 2.74200000e-08  1.18764634e-01 
 2.74400000e-08  1.18429420e-01 
 2.74600000e-08  1.18076272e-01 
 2.74800000e-08  1.17705187e-01 
 2.75000000e-08  1.17316166e-01 
 2.75200000e-08  1.16909210e-01 
 2.75400000e-08  1.16484324e-01 
 2.75600000e-08  1.16041513e-01 
 2.75800000e-08  1.15580785e-01 
 2.76000000e-08  1.15102149e-01 
 2.76200000e-08  1.14605616e-01 
 2.76400000e-08  1.14091201e-01 
 2.76600000e-08  1.13558921e-01 
 2.76800000e-08  1.13008793e-01 
 2.77000000e-08  1.12440839e-01 
 2.77200000e-08  1.11855082e-01 
 2.77400000e-08  1.11251550e-01 
 2.77600000e-08  1.10630272e-01 
 2.77800000e-08  1.09991279e-01 
 2.78000000e-08  1.09334607e-01 
 2.78200000e-08  1.08660295e-01 
 2.78400000e-08  1.07968383e-01 
 2.78600000e-08  1.07258917e-01 
 2.78800000e-08  1.06531945e-01 
 2.79000000e-08  1.05787518e-01 
 2.79200000e-08  1.05025692e-01 
 2.79400000e-08  1.04246526e-01 
 2.79600000e-08  1.03450082e-01 
 2.79800000e-08  1.02636427e-01 
 2.80000000e-08  1.01805631e-01 
 2.80200000e-08  1.00957769e-01 
 2.80400000e-08  1.00092920e-01 
 2.80600000e-08  9.92111653e-02 
 2.80800000e-08  9.83125933e-02 
 2.81000000e-08  9.73972949e-02 
 2.81200000e-08  9.64653659e-02 
 2.81400000e-08  9.55169067e-02 
 2.81600000e-08  9.45520221e-02 
 2.81800000e-08  9.35708214e-02 
 2.82000000e-08  9.25734188e-02 
 2.82200000e-08  9.15599332e-02 
 2.82400000e-08  9.05304880e-02 
 2.82600000e-08  8.94852116e-02 
 2.82800000e-08  8.84242373e-02 
 2.83000000e-08  8.73477031e-02 
 2.83200000e-08  8.62557521e-02 
 2.83400000e-08  8.51485322e-02 
 2.83600000e-08  8.40261962e-02 
 2.83800000e-08  8.28889021e-02 
 2.84000000e-08  8.17368126e-02 
 2.84200000e-08  8.05700956e-02 
 2.84400000e-08  7.93889238e-02 
 2.84600000e-08  7.81934750e-02 
 2.84800000e-08  7.69839319e-02 
 2.85000000e-08  7.57604821e-02 
 2.85200000e-08  7.45233181e-02 
 2.85400000e-08  7.32726374e-02 
 2.85600000e-08  7.20086422e-02 
 2.85800000e-08  7.07315396e-02 
 2.86000000e-08  6.94415414e-02 
 2.86200000e-08  6.81388640e-02 
 2.86400000e-08  6.68237288e-02 
 2.86600000e-08  6.54963613e-02 
 2.86800000e-08  6.41569918e-02 
 2.87000000e-08  6.28058550e-02 
 2.87200000e-08  6.14431900e-02 
 2.87400000e-08  6.00692400e-02 
 2.87600000e-08  5.86842525e-02 
 2.87800000e-08  5.72884791e-02 
 2.88000000e-08  5.58821753e-02 
 2.88200000e-08  5.44656007e-02 
 2.88400000e-08  5.30390184e-02 
 2.88600000e-08  5.16026953e-02 
 2.88800000e-08  5.01569019e-02 
 2.89000000e-08  4.87019120e-02 
 2.89200000e-08  4.72380030e-02 
 2.89400000e-08  4.57654550e-02 
 2.89600000e-08  4.42845516e-02 
 2.89800000e-08  4.27955792e-02 
 2.90000000e-08  4.12988269e-02 
 2.90200000e-08  3.97945864e-02 
 2.90400000e-08  3.82831523e-02 
 2.90600000e-08  3.67648210e-02 
 2.90800000e-08  3.52398916e-02 
 2.91000000e-08  3.37086651e-02 
 2.91200000e-08  3.21714444e-02 
 2.91400000e-08  3.06285342e-02 
 2.91600000e-08  2.90802411e-02 
 2.91800000e-08  2.75268728e-02 
 2.92000000e-08  2.59687386e-02 
 2.92200000e-08  2.44061490e-02 
 2.92400000e-08  2.28394153e-02 
 2.92600000e-08  2.12688500e-02 
 2.92800000e-08  1.96947662e-02 
 2.93000000e-08  1.81174777e-02 
 2.93200000e-08  1.65372985e-02 
 2.93400000e-08  1.49545432e-02 
 2.93600000e-08  1.33695264e-02 
 2.93800000e-08  1.17825628e-02 
 2.94000000e-08  1.01939668e-02 
 2.94200000e-08  8.60405264e-03 
 2.94400000e-08  7.01313422e-03 
 2.94600000e-08  5.42152476e-03 
 2.94800000e-08  3.82953684e-03 
 2.95000000e-08  2.23748221e-03 
 2.95200000e-08  6.45671658e-04 
 2.95400000e-08 -9.45585119e-04 
 2.95600000e-08 -2.53597964e-03 
 2.95800000e-08 -4.12520475e-03 
 2.96000000e-08 -5.71295477e-03 
 2.96200000e-08 -7.29892561e-03 
 2.96400000e-08 -8.88281487e-03 
 2.96600000e-08 -1.04643220e-02 
 2.96800000e-08 -1.20431482e-02 
 2.97000000e-08 -1.36189970e-02 
 2.97200000e-08 -1.51915739e-02 
 2.97400000e-08 -1.67605866e-02 
 2.97600000e-08 -1.83257451e-02 
 2.97800000e-08 -1.98867621e-02 
 2.98000000e-08 -2.14433525e-02 
 2.98200000e-08 -2.29952340e-02 
 2.98400000e-08 -2.45421270e-02 
 2.98600000e-08 -2.60837545e-02 
 2.98800000e-08 -2.76198426e-02 
 2.99000000e-08 -2.91501202e-02 
 2.99200000e-08 -3.06743191e-02 
 2.99400000e-08 -3.21921744e-02 
 2.99600000e-08 -3.37034242e-02 
 2.99800000e-08 -3.52078097e-02 
 3.00000000e-08 -3.67050757e-02 
 3.00200000e-08 -3.81949698e-02 
 3.00400000e-08 -3.96772435e-02 
 3.00600000e-08 -4.11516512e-02 
 3.00800000e-08 -4.26179512e-02 
 3.01000000e-08 -4.40759049e-02 
 3.01200000e-08 -4.55252774e-02 
 3.01400000e-08 -4.69658375e-02 
 3.01600000e-08 -4.83973574e-02 
 3.01800000e-08 -4.98196129e-02 
 3.02000000e-08 -5.12323836e-02 
 3.02200000e-08 -5.26354527e-02 
 3.02400000e-08 -5.40286070e-02 
 3.02600000e-08 -5.54116370e-02 
 3.02800000e-08 -5.67843371e-02 
 3.03000000e-08 -5.81465052e-02 
 3.03200000e-08 -5.94979430e-02 
 3.03400000e-08 -6.08384561e-02 
 3.03600000e-08 -6.21678535e-02 
 3.03800000e-08 -6.34859481e-02 
 3.04000000e-08 -6.47925566e-02 
 3.04200000e-08 -6.60874993e-02 
 3.04400000e-08 -6.73706002e-02 
 3.04600000e-08 -6.86416870e-02 
 3.04800000e-08 -6.99005912e-02 
 3.05000000e-08 -7.11471477e-02 
 3.05200000e-08 -7.23811953e-02 
 3.05400000e-08 -7.36025762e-02 
 3.05600000e-08 -7.48111364e-02 
 3.05800000e-08 -7.60067252e-02 
 3.06000000e-08 -7.71891956e-02 
 3.06200000e-08 -7.83584041e-02 
 3.06400000e-08 -7.95142107e-02 
 3.06600000e-08 -8.06564786e-02 
 3.06800000e-08 -8.17850746e-02 
 3.07000000e-08 -8.28998689e-02 
 3.07200000e-08 -8.40007348e-02 
 3.07400000e-08 -8.50875490e-02 
 3.07600000e-08 -8.61601914e-02 
 3.07800000e-08 -8.72185451e-02 
 3.08000000e-08 -8.82624963e-02 
 3.08200000e-08 -8.92919343e-02 
 3.08400000e-08 -9.03067514e-02 
 3.08600000e-08 -9.13068429e-02 
 3.08800000e-08 -9.22921070e-02 
 3.09000000e-08 -9.32624449e-02 
 3.09200000e-08 -9.42177604e-02 
 3.09400000e-08 -9.51579602e-02 
 3.09600000e-08 -9.60829537e-02 
 3.09800000e-08 -9.69926529e-02 
 3.10000000e-08 -9.78869724e-02 
 3.10200000e-08 -9.87658294e-02 
 3.10400000e-08 -9.96291434e-02 
 3.10600000e-08 -1.00476837e-01 
 3.10800000e-08 -1.01308833e-01 
 3.11000000e-08 -1.02125060e-01 
 3.11200000e-08 -1.02925446e-01 
 3.11400000e-08 -1.03709922e-01 
 3.11600000e-08 -1.04478421e-01 
 3.11800000e-08 -1.05230878e-01 
 3.12000000e-08 -1.05967231e-01 
 3.12200000e-08 -1.06687419e-01 
 3.12400000e-08 -1.07391382e-01 
 3.12600000e-08 -1.08079064e-01 
 3.12800000e-08 -1.08750408e-01 
 3.13000000e-08 -1.09405362e-01 
 3.13200000e-08 -1.10043872e-01 
 3.13400000e-08 -1.10665889e-01 
 3.13600000e-08 -1.11271362e-01 
 3.13800000e-08 -1.11860245e-01 
 3.14000000e-08 -1.12432491e-01 
 3.14200000e-08 -1.12988055e-01 
 3.14400000e-08 -1.13526893e-01 
 3.14600000e-08 -1.14048963e-01 
 3.14800000e-08 -1.14554223e-01 
 3.15000000e-08 -1.15042634e-01 
 3.15200000e-08 -1.15514156e-01 
 3.15400000e-08 -1.15968751e-01 
 3.15600000e-08 -1.16406382e-01 
 3.15800000e-08 -1.16827013e-01 
 3.16000000e-08 -1.17230608e-01 
 3.16200000e-08 -1.17617134e-01 
 3.16400000e-08 -1.17986556e-01 
 3.16600000e-08 -1.18338842e-01 
 3.16800000e-08 -1.18673960e-01 
 3.17000000e-08 -1.18991878e-01 
 3.17200000e-08 -1.19292565e-01 
 3.17400000e-08 -1.19575992e-01 
 3.17600000e-08 -1.19842129e-01 
 3.17800000e-08 -1.20090947e-01 
 3.18000000e-08 -1.20322418e-01 
 3.18200000e-08 -1.20536514e-01 
 3.18400000e-08 -1.20733209e-01 
 3.18600000e-08 -1.20912474e-01 
 3.18800000e-08 -1.21074286e-01 
 3.19000000e-08 -1.21218617e-01 
 3.19200000e-08 -1.21345442e-01 
 3.19400000e-08 -1.21454738e-01 
 3.19600000e-08 -1.21546479e-01 
 3.19800000e-08 -1.21620643e-01 
 3.20000000e-08 -1.21677205e-01 
 3.20200000e-08 -1.21716145e-01 
 3.20400000e-08 -1.21737438e-01 
 3.20600000e-08 -1.21741065e-01 
 3.20800000e-08 -1.21727003e-01 
 3.21000000e-08 -1.21695233e-01 
 3.21200000e-08 -1.21645735e-01 
 3.21400000e-08 -1.21578489e-01 
 3.21600000e-08 -1.21493477e-01 
 3.21800000e-08 -1.21390681e-01 
 3.22000000e-08 -1.21270085e-01 
 3.22200000e-08 -1.21131671e-01 
 3.22400000e-08 -1.20975424e-01 
 3.22600000e-08 -1.20801330e-01 
 3.22800000e-08 -1.20609375e-01 
 3.23000000e-08 -1.20399546e-01 
 3.23200000e-08 -1.20171831e-01 
 3.23400000e-08 -1.19926219e-01 
 3.23600000e-08 -1.19662702e-01 
 3.23800000e-08 -1.19381269e-01 
 3.24000000e-08 -1.19081915e-01 
 3.24200000e-08 -1.18764634e-01 
 3.24400000e-08 -1.18429420e-01 
 3.24600000e-08 -1.18076272e-01 
 3.24800000e-08 -1.17705187e-01 
 3.25000000e-08 -1.17316166e-01 
 3.25200000e-08 -1.16909210e-01 
 3.25400000e-08 -1.16484324e-01 
 3.25600000e-08 -1.16041513e-01 
 3.25800000e-08 -1.15580785e-01 
 3.26000000e-08 -1.15102149e-01 
 3.26200000e-08 -1.14605616e-01 
 3.26400000e-08 -1.14091201e-01 
 3.26600000e-08 -1.13558921e-01 
 3.26800000e-08 -1.13008793e-01 
 3.27000000e-08 -1.12440839e-01 
 3.27200000e-08 -1.11855082e-01 
 3.27400000e-08 -1.11251550e-01 
 3.27600000e-08 -1.10630272e-01 
 3.27800000e-08 -1.09991279e-01 
 3.28000000e-08 -1.09334607e-01 
 3.28200000e-08 -1.08660295e-01 
 3.28400000e-08 -1.07968383e-01 
 3.28600000e-08 -1.07258917e-01 
 3.28800000e-08 -1.06531945e-01 
 3.29000000e-08 -1.05787518e-01 
 3.29200000e-08 -1.05025692e-01 
 3.29400000e-08 -1.04246526e-01 
 3.29600000e-08 -1.03450082e-01 
 3.29800000e-08 -1.02636427e-01 
 3.30000000e-08 -1.01805631e-01 
 3.30200000e-08 -1.00957769e-01 
 3.30400000e-08 -1.00092920e-01 
 3.30600000e-08 -9.92111653e-02 
 3.30800000e-08 -9.83125933e-02 
 3.31000000e-08 -9.73972949e-02 
 3.31200000e-08 -9.64653659e-02 
 3.31400000e-08 -9.55169067e-02 
 3.31600000e-08 -9.45520221e-02 
 3.31800000e-08 -9.35708214e-02 
 3.32000000e-08 -9.25734188e-02 
 3.32200000e-08 -9.15599332e-02 
 3.32400000e-08 -9.05304880e-02 
 3.32600000e-08 -8.94852116e-02 
 3.32800000e-08 -8.84242373e-02 
 3.33000000e-08 -8.73477031e-02 
 3.33200000e-08 -8.62557521e-02 
 3.33400000e-08 -8.51485322e-02 
 3.33600000e-08 -8.40261962e-02 
 3.33800000e-08 -8.28889021e-02 
 3.34000000e-08 -8.17368126e-02 
 3.34200000e-08 -8.05700956e-02 
 3.34400000e-08 -7.93889238e-02 
 3.34600000e-08 -7.81934750e-02 
 3.34800000e-08 -7.69839319e-02 
 3.35000000e-08 -7.57604821e-02 
 3.35200000e-08 -7.45233181e-02 
 3.35400000e-08 -7.32726374e-02 
 3.35600000e-08 -7.20086422e-02 
 3.35800000e-08 -7.07315396e-02 
 3.36000000e-08 -6.94415414e-02 
 3.36200000e-08 -6.81388640e-02 
 3.36400000e-08 -6.68237288e-02 
 3.36600000e-08 -6.54963613e-02 
 3.36800000e-08 -6.41569918e-02 
 3.37000000e-08 -6.28058550e-02 
 3.37200000e-08 -6.14431900e-02 
 3.37400000e-08 -6.00692400e-02 
 3.37600000e-08 -5.86842525e-02 
 3.37800000e-08 -5.72884791e-02 
 3.38000000e-08 -5.58821753e-02 
 3.38200000e-08 -5.44656007e-02 
 3.38400000e-08 -5.30390184e-02 
 3.38600000e-08 -5.16026953e-02 
 3.38800000e-08 -5.01569019e-02 
 3.39000000e-08 -4.87019120e-02 
 3.39200000e-08 -4.72380030e-02 
 3.39400000e-08 -4.57654550e-02 
 3.39600000e-08 -4.42845516e-02 
 3.39800000e-08 -4.27955792e-02 
 3.40000000e-08 -4.12988269e-02 
 3.40200000e-08 -3.97945864e-02 
 3.40400000e-08 -3.82831523e-02 
 3.40600000e-08 -3.67648210e-02 
 3.40800000e-08 -3.52398916e-02 
 3.41000000e-08 -3.37086651e-02 
 3.41200000e-08 -3.21714444e-02 
 3.41400000e-08 -3.06285342e-02 
 3.41600000e-08 -2.90802411e-02 
 3.41800000e-08 -2.75268728e-02 
 3.42000000e-08 -2.59687386e-02 
 3.42200000e-08 -2.44061490e-02 
 3.42400000e-08 -2.28394153e-02 
 3.42600000e-08 -2.12688500e-02 
 3.42800000e-08 -1.96947662e-02 
 3.43000000e-08 -1.81174777e-02 
 3.43200000e-08 -1.65372985e-02 
 3.43400000e-08 -1.49545432e-02 
 3.43600000e-08 -1.33695264e-02 
 3.43800000e-08 -1.17825628e-02 
 3.44000000e-08 -1.01939668e-02 
 3.44200000e-08 -8.60405264e-03 
 3.44400000e-08 -7.01313422e-03 
 3.44600000e-08 -5.42152476e-03 
 3.44800000e-08 -3.82953684e-03 
 3.45000000e-08 -2.23748221e-03 
 3.45200000e-08 -6.45671659e-04 
 3.45400000e-08  9.45585119e-04 
 3.45600000e-08  2.53597964e-03 
 3.45800000e-08  4.12520475e-03 
 3.46000000e-08  5.71295477e-03 
 3.46200000e-08  7.29892561e-03 
 3.46400000e-08  8.88281487e-03 
 3.46600000e-08  1.04643220e-02 
 3.46800000e-08  1.20431482e-02 
 3.47000000e-08  1.36189970e-02 
 3.47200000e-08  1.51915739e-02 
 3.47400000e-08  1.67605866e-02 
 3.47600000e-08  1.83257451e-02 
 3.47800000e-08  1.98867621e-02 
 3.48000000e-08  2.14433525e-02 
 3.48200000e-08  2.29952340e-02 
 3.48400000e-08  2.45421270e-02 
 3.48600000e-08  2.60837545e-02 
 3.48800000e-08  2.76198426e-02 
 3.49000000e-08  2.91501202e-02 
 3.49200000e-08  3.06743191e-02 
 3.49400000e-08  3.21921744e-02 
 3.49600000e-08  3.37034242e-02 
 3.49800000e-08  3.52078097e-02 
 3.50000000e-08  3.67050757e-02 
 3.50200000e-08  3.81949698e-02 
 3.50400000e-08  3.96772435e-02 
 3.50600000e-08  4.11516512e-02 
 3.50800000e-08  4.26179512e-02 
 3.51000000e-08  4.40759049e-02 
 3.51200000e-08  4.55252774e-02 
 3.51400000e-08  4.69658375e-02 
 3.51600000e-08  4.83973574e-02 
 3.51800000e-08  4.98196129e-02 
 3.52000000e-08  5.12323836e-02 
 3.52200000e-08  5.26354527e-02 
 3.52400000e-08  5.40286070e-02 
 3.52600000e-08  5.54116370e-02 
 3.52800000e-08  5.67843371e-02 
 3.53000000e-08  5.81465052e-02 
 3.53200000e-08  5.94979430e-02 
 3.53400000e-08  6.08384561e-02 
 3.53600000e-08  6.21678535e-02 
 3.53800000e-08  6.34859481e-02 
 3.54000000e-08  6.47925566e-02 
 3.54200000e-08  6.60874993e-02 
 3.54400000e-08  6.73706002e-02 
 3.54600000e-08  6.86416870e-02 
 3.54800000e-08  6.99005912e-02 
 3.55000000e-08  7.11471477e-02 
 3.55200000e-08  7.23811953e-02 
 3.55400000e-08  7.36025762e-02 
 3.55600000e-08  7.48111364e-02 
 3.55800000e-08  7.60067252e-02 
 3.56000000e-08  7.71891956e-02 
 3.56200000e-08  7.83584041e-02 
 3.56400000e-08  7.95142107e-02 
 3.56600000e-08  8.06564786e-02 
 3.56800000e-08  8.17850746e-02 
 3.57000000e-08  8.28998689e-02 
 3.57200000e-08  8.40007348e-02 
 3.57400000e-08  8.50875490e-02 
 3.57600000e-08  8.61601914e-02 
 3.57800000e-08  8.72185451e-02 
 3.58000000e-08  8.82624963e-02 
 3.58200000e-08  8.92919343e-02 
 3.58400000e-08  9.03067514e-02 
 3.58600000e-08  9.13068429e-02 
 3.58800000e-08  9.22921070e-02 
 3.59000000e-08  9.32624449e-02 
 3.59200000e-08  9.42177604e-02 
 3.59400000e-08  9.51579602e-02 
 3.59600000e-08  9.60829537e-02 
 3.59800000e-08  9.69926529e-02 
 3.60000000e-08  9.78869724e-02 
 3.60200000e-08  9.87658294e-02 
 3.60400000e-08  9.96291434e-02 
 3.60600000e-08  1.00476837e-01 
 3.60800000e-08  1.01308833e-01 
 3.61000000e-08  1.02125060e-01 
 3.61200000e-08  1.02925446e-01 
 3.61400000e-08  1.03709922e-01 
 3.61600000e-08  1.04478421e-01 
 3.61800000e-08  1.05230878e-01 
 3.62000000e-08  1.05967231e-01 
 3.62200000e-08  1.06687419e-01 
 3.62400000e-08  1.07391382e-01 
 3.62600000e-08  1.08079064e-01 
 3.62800000e-08  1.08750408e-01 
 3.63000000e-08  1.09405362e-01 
 3.63200000e-08  1.10043872e-01 
 3.63400000e-08  1.10665889e-01 
 3.63600000e-08  1.11271362e-01 
 3.63800000e-08  1.11860245e-01 
 3.64000000e-08  1.12432491e-01 
 3.64200000e-08  1.12988055e-01 
 3.64400000e-08  1.13526893e-01 
 3.64600000e-08  1.14048963e-01 
 3.64800000e-08  1.14554223e-01 
 3.65000000e-08  1.15042634e-01 
 3.65200000e-08  1.15514156e-01 
 3.65400000e-08  1.15968751e-01 
 3.65600000e-08  1.16406382e-01 
 3.65800000e-08  1.16827013e-01 
 3.66000000e-08  1.17230608e-01 
 3.66200000e-08  1.17617134e-01 
 3.66400000e-08  1.17986556e-01 
 3.66600000e-08  1.18338842e-01 
 3.66800000e-08  1.18673960e-01 
 3.67000000e-08  1.18991878e-01 
 3.67200000e-08  1.19292565e-01 
 3.67400000e-08  1.19575992e-01 
 3.67600000e-08  1.19842129e-01 
 3.67800000e-08  1.20090947e-01 
 3.68000000e-08  1.20322418e-01 
 3.68200000e-08  1.20536514e-01 
 3.68400000e-08  1.20733209e-01 
 3.68600000e-08  1.20912474e-01 
 3.68800000e-08  1.21074286e-01 
 3.69000000e-08  1.21218617e-01 
 3.69200000e-08  1.21345442e-01 
 3.69400000e-08  1.21454738e-01 
 3.69600000e-08  1.21546479e-01 
 3.69800000e-08  1.21620643e-01 
 3.70000000e-08  1.21677205e-01 
 3.70200000e-08  1.21716145e-01 
 3.70400000e-08  1.21737438e-01 
 3.70600000e-08  1.21741065e-01 
 3.70800000e-08  1.21727003e-01 
 3.71000000e-08  1.21695233e-01 
 3.71200000e-08  1.21645735e-01 
 3.71400000e-08  1.21578489e-01 
 3.71600000e-08  1.21493477e-01 
 3.71800000e-08  1.21390681e-01 
 3.72000000e-08  1.21270085e-01 
 3.72200000e-08  1.21131671e-01 
 3.72400000e-08  1.20975424e-01 
 3.72600000e-08  1.20801330e-01 
 3.72800000e-08  1.20609375e-01 
 3.73000000e-08  1.20399546e-01 
 3.73200000e-08  1.20171831e-01 
 3.73400000e-08  1.19926219e-01 
 3.73600000e-08  1.19662702e-01 
 3.73800000e-08  1.19381269e-01 
 3.74000000e-08  1.19081915e-01 
 3.74200000e-08  1.18764634e-01 
 3.74400000e-08  1.18429420e-01 
 3.74600000e-08  1.18076272e-01 
 3.74800000e-08  1.17705187e-01 
 3.75000000e-08  1.17316166e-01 
 3.75200000e-08  1.16909210e-01 
 3.75400000e-08  1.16484324e-01 
 3.75600000e-08  1.16041513e-01 
 3.75800000e-08  1.15580785e-01 
 3.76000000e-08  1.15102149e-01 
 3.76200000e-08  1.14605616e-01 
 3.76400000e-08  1.14091201e-01 
 3.76600000e-08  1.13558921e-01 
 3.76800000e-08  1.13008793e-01 
 3.77000000e-08  1.12440839e-01 
 3.77200000e-08  1.11855082e-01 
 3.77400000e-08  1.11251550e-01 
 3.77600000e-08  1.10630272e-01 
 3.77800000e-08  1.09991279e-01 
 3.78000000e-08  1.09334607e-01 
 3.78200000e-08  1.08660295e-01 
 3.78400000e-08  1.07968383e-01 
 3.78600000e-08  1.07258917e-01 
 3.78800000e-08  1.06531945e-01 
 3.79000000e-08  1.05787518e-01 
 3.79200000e-08  1.05025692e-01 
 3.79400000e-08  1.04246526e-01 
 3.79600000e-08  1.03450082e-01 
 3.79800000e-08  1.02636427e-01 
 3.80000000e-08  1.01805631e-01 
 3.80200000e-08  1.00957769e-01 
 3.80400000e-08  1.00092920e-01 
 3.80600000e-08  9.92111653e-02 
 3.80800000e-08  9.83125933e-02 
 3.81000000e-08  9.73972949e-02 
 3.81200000e-08  9.64653659e-02 
 3.81400000e-08  9.55169067e-02 
 3.81600000e-08  9.45520221e-02 
 3.81800000e-08  9.35708214e-02 
 3.82000000e-08  9.25734188e-02 
 3.82200000e-08  9.15599332e-02 
 3.82400000e-08  9.05304880e-02 
 3.82600000e-08  8.94852116e-02 
 3.82800000e-08  8.84242373e-02 
 3.83000000e-08  8.73477031e-02 
 3.83200000e-08  8.62557521e-02 
 3.83400000e-08  8.51485322e-02 
 3.83600000e-08  8.40261962e-02 
 3.83800000e-08  8.28889021e-02 
 3.84000000e-08  8.17368126e-02 
 3.84200000e-08  8.05700956e-02 
 3.84400000e-08  7.93889238e-02 
 3.84600000e-08  7.81934750e-02 
 3.84800000e-08  7.69839319e-02 
 3.85000000e-08  7.57604821e-02 
 3.85200000e-08  7.45233181e-02 
 3.85400000e-08  7.32726374e-02 
 3.85600000e-08  7.20086422e-02 
 3.85800000e-08  7.07315396e-02 
 3.86000000e-08  6.94415414e-02 
 3.86200000e-08  6.81388640e-02 
 3.86400000e-08  6.68237288e-02 
 3.86600000e-08  6.54963613e-02 
 3.86800000e-08  6.41569918e-02 
 3.87000000e-08  6.28058550e-02 
 3.87200000e-08  6.14431900e-02 
 3.87400000e-08  6.00692400e-02 
 3.87600000e-08  5.86842525e-02 
 3.87800000e-08  5.72884791e-02 
 3.88000000e-08  5.58821753e-02 
 3.88200000e-08  5.44656007e-02 
 3.88400000e-08  5.30390184e-02 
 3.88600000e-08  5.16026953e-02 
 3.88800000e-08  5.01569019e-02 
 3.89000000e-08  4.87019120e-02 
 3.89200000e-08  4.72380030e-02 
 3.89400000e-08  4.57654550e-02 
 3.89600000e-08  4.42845516e-02 
 3.89800000e-08  4.27955792e-02 
 3.90000000e-08  4.12988269e-02 
 3.90200000e-08  3.97945864e-02 
 3.90400000e-08  3.82831523e-02 
 3.90600000e-08  3.67648210e-02 
 3.90800000e-08  3.52398916e-02 
 3.91000000e-08  3.37086651e-02 
 3.91200000e-08  3.21714444e-02 
 3.91400000e-08  3.06285342e-02 
 3.91600000e-08  2.90802411e-02 
 3.91800000e-08  2.75268728e-02 
 3.92000000e-08  2.59687386e-02 
 3.92200000e-08  2.44061490e-02 
 3.92400000e-08  2.28394153e-02 
 3.92600000e-08  2.12688500e-02 
 3.92800000e-08  1.96947662e-02 
 3.93000000e-08  1.81174777e-02 
 3.93200000e-08  1.65372985e-02 
 3.93400000e-08  1.49545432e-02 
 3.93600000e-08  1.33695264e-02 
 3.93800000e-08  1.17825628e-02 
 3.94000000e-08  1.01939668e-02 
 3.94200000e-08  8.60405264e-03 
 3.94400000e-08  7.01313422e-03 
 3.94600000e-08  5.42152476e-03 
 3.94800000e-08  3.82953684e-03 
 3.95000000e-08  2.23748221e-03 
 3.95200000e-08  6.45671659e-04 
 3.95400000e-08 -9.45585120e-04 
 3.95600000e-08 -2.53597964e-03 
 3.95800000e-08 -4.12520475e-03 
 3.96000000e-08 -5.71295477e-03 
 3.96200000e-08 -7.29892561e-03 
 3.96400000e-08 -8.88281487e-03 
 3.96600000e-08 -1.04643220e-02 
 3.96800000e-08 -1.20431482e-02 
 3.97000000e-08 -1.36189970e-02 
 3.97200000e-08 -1.51915739e-02 
 3.97400000e-08 -1.67605866e-02 
 3.97600000e-08 -1.83257451e-02 
 3.97800000e-08 -1.98867621e-02 
 3.98000000e-08 -2.14433525e-02 
 3.98200000e-08 -2.29952340e-02 
 3.98400000e-08 -2.45421270e-02 
 3.98600000e-08 -2.60837545e-02 
 3.98800000e-08 -2.76198426e-02 
 3.99000000e-08 -2.91501202e-02 
 3.99200000e-08 -3.06743191e-02 
 3.99400000e-08 -3.21921744e-02 
 3.99600000e-08 -3.37034242e-02 
 3.99800000e-08 -3.52078097e-02 
 4.00000000e-08 -3.67050757e-02 
 4.00200000e-08 -3.81949698e-02 
 4.00400000e-08 -3.96772435e-02 
 4.00600000e-08 -4.11516512e-02 
 4.00800000e-08 -4.26179512e-02 
 4.01000000e-08 -4.40759049e-02 
 4.01200000e-08 -4.55252774e-02 
 4.01400000e-08 -4.69658375e-02 
 4.01600000e-08 -4.83973574e-02 
 4.01800000e-08 -4.98196129e-02 
 4.02000000e-08 -5.12323836e-02 
 4.02200000e-08 -5.26354527e-02 
 4.02400000e-08 -5.40286070e-02 
 4.02600000e-08 -5.54116370e-02 
 4.02800000e-08 -5.67843371e-02 
 4.03000000e-08 -5.81465052e-02 
 4.03200000e-08 -5.94979430e-02 
 4.03400000e-08 -6.08384561e-02 
 4.03600000e-08 -6.21678535e-02 
 4.03800000e-08 -6.34859481e-02 
 4.04000000e-08 -6.47925566e-02 
 4.04200000e-08 -6.60874993e-02 
 4.04400000e-08 -6.73706002e-02 
 4.04600000e-08 -6.86416870e-02 
 4.04800000e-08 -6.99005912e-02 
 4.05000000e-08 -7.11471477e-02 
 4.05200000e-08 -7.23811953e-02 
 4.05400000e-08 -7.36025762e-02 
 4.05600000e-08 -7.48111364e-02 
 4.05800000e-08 -7.60067252e-02 
 4.06000000e-08 -7.71891956e-02 
 4.06200000e-08 -7.83584041e-02 
 4.06400000e-08 -7.95142107e-02 
 4.06600000e-08 -8.06564786e-02 
 4.06800000e-08 -8.17850746e-02 
 4.07000000e-08 -8.28998689e-02 
 4.07200000e-08 -8.40007348e-02 
 4.07400000e-08 -8.50875490e-02 
 4.07600000e-08 -8.61601914e-02 
 4.07800000e-08 -8.72185451e-02 
 4.08000000e-08 -8.82624963e-02 
 4.08200000e-08 -8.92919343e-02 
 4.08400000e-08 -9.03067514e-02 
 4.08600000e-08 -9.13068429e-02 
 4.08800000e-08 -9.22921070e-02 
 4.09000000e-08 -9.32624449e-02 
 4.09200000e-08 -9.42177604e-02 
 4.09400000e-08 -9.51579602e-02 
 4.09600000e-08 -9.60829537e-02 
 4.09800000e-08 -9.69926529e-02 
 4.10000000e-08 -9.78869724e-02 
 4.10200000e-08 -9.87658294e-02 
 4.10400000e-08 -9.96291434e-02 
 4.10600000e-08 -1.00476837e-01 
 4.10800000e-08 -1.01308833e-01 
 4.11000000e-08 -1.02125060e-01 
 4.11200000e-08 -1.02925446e-01 
 4.11400000e-08 -1.03709922e-01 
 4.11600000e-08 -1.04478421e-01 
 4.11800000e-08 -1.05230878e-01 
 4.12000000e-08 -1.05967231e-01 
 4.12200000e-08 -1.06687419e-01 
 4.12400000e-08 -1.07391382e-01 
 4.12600000e-08 -1.08079064e-01 
 4.12800000e-08 -1.08750408e-01 
 4.13000000e-08 -1.09405362e-01 
 4.13200000e-08 -1.10043872e-01 
 4.13400000e-08 -1.10665889e-01 
 4.13600000e-08 -1.11271362e-01 
 4.13800000e-08 -1.11860245e-01 
 4.14000000e-08 -1.12432491e-01 
 4.14200000e-08 -1.12988055e-01 
 4.14400000e-08 -1.13526893e-01 
 4.14600000e-08 -1.14048963e-01 
 4.14800000e-08 -1.14554223e-01 
 4.15000000e-08 -1.15042634e-01 
 4.15200000e-08 -1.15514156e-01 
 4.15400000e-08 -1.15968751e-01 
 4.15600000e-08 -1.16406382e-01 
 4.15800000e-08 -1.16827013e-01 
 4.16000000e-08 -1.17230608e-01 
 4.16200000e-08 -1.17617134e-01 
 4.16400000e-08 -1.17986556e-01 
 4.16600000e-08 -1.18338842e-01 
 4.16800000e-08 -1.18673960e-01 
 4.17000000e-08 -1.18991878e-01 
 4.17200000e-08 -1.19292565e-01 
 4.17400000e-08 -1.19575992e-01 
 4.17600000e-08 -1.19842129e-01 
 4.17800000e-08 -1.20090947e-01 
 4.18000000e-08 -1.20322418e-01 
 4.18200000e-08 -1.20536514e-01 
 4.18400000e-08 -1.20733209e-01 
 4.18600000e-08 -1.20912474e-01 
 4.18800000e-08 -1.21074286e-01 
 4.19000000e-08 -1.21218617e-01 
 4.19200000e-08 -1.21345442e-01 
 4.19400000e-08 -1.21454738e-01 
 4.19600000e-08 -1.21546479e-01 
 4.19800000e-08 -1.21620643e-01 
 4.20000000e-08 -1.21677205e-01 
 4.20200000e-08 -1.21716145e-01 
 4.20400000e-08 -1.21737438e-01 
 4.20600000e-08 -1.21741065e-01 
 4.20800000e-08 -1.21727003e-01 
 4.21000000e-08 -1.21695233e-01 
 4.21200000e-08 -1.21645735e-01 
 4.21400000e-08 -1.21578489e-01 
 4.21600000e-08 -1.21493477e-01 
 4.21800000e-08 -1.21390681e-01 
 4.22000000e-08 -1.21270085e-01 
 4.22200000e-08 -1.21131671e-01 
 4.22400000e-08 -1.20975424e-01 
 4.22600000e-08 -1.20801330e-01 
 4.22800000e-08 -1.20609375e-01 
 4.23000000e-08 -1.20399546e-01 
 4.23200000e-08 -1.20171831e-01 
 4.23400000e-08 -1.19926219e-01 
 4.23600000e-08 -1.19662702e-01 
 4.23800000e-08 -1.19381269e-01 
 4.24000000e-08 -1.19081915e-01 
 4.24200000e-08 -1.18764634e-01 
 4.24400000e-08 -1.18429420e-01 
 4.24600000e-08 -1.18076272e-01 
 4.24800000e-08 -1.17705187e-01 
 4.25000000e-08 -1.17316166e-01 
 4.25200000e-08 -1.16909210e-01 
 4.25400000e-08 -1.16484324e-01 
 4.25600000e-08 -1.16041513e-01 
 4.25800000e-08 -1.15580785e-01 
 4.26000000e-08 -1.15102149e-01 
 4.26200000e-08 -1.14605616e-01 
 4.26400000e-08 -1.14091201e-01 
 4.26600000e-08 -1.13558921e-01 
 4.26800000e-08 -1.13008793e-01 
 4.27000000e-08 -1.12440839e-01 
 4.27200000e-08 -1.11855082e-01 
 4.27400000e-08 -1.11251550e-01 
 4.27600000e-08 -1.10630272e-01 
 4.27800000e-08 -1.09991279e-01 
 4.28000000e-08 -1.09334607e-01 
 4.28200000e-08 -1.08660295e-01 
 4.28400000e-08 -1.07968383e-01 
 4.28600000e-08 -1.07258917e-01 
 4.28800000e-08 -1.06531945e-01 
 4.29000000e-08 -1.05787518e-01 
 4.29200000e-08 -1.05025692e-01 
 4.29400000e-08 -1.04246526e-01 
 4.29600000e-08 -1.03450082e-01 
 4.29800000e-08 -1.02636427e-01 
 4.30000000e-08 -1.01805631e-01 
 4.30200000e-08 -1.00957769e-01 
 4.30400000e-08 -1.00092920e-01 
 4.30600000e-08 -9.92111653e-02 
 4.30800000e-08 -9.83125933e-02 
 4.31000000e-08 -9.73972949e-02 
 4.31200000e-08 -9.64653659e-02 
 4.31400000e-08 -9.55169067e-02 
 4.31600000e-08 -9.45520221e-02 
 4.31800000e-08 -9.35708214e-02 
 4.32000000e-08 -9.25734188e-02 
 4.32200000e-08 -9.15599332e-02 
 4.32400000e-08 -9.05304880e-02 
 4.32600000e-08 -8.94852116e-02 
 4.32800000e-08 -8.84242373e-02 
 4.33000000e-08 -8.73477031e-02 
 4.33200000e-08 -8.62557521e-02 
 4.33400000e-08 -8.51485322e-02 
 4.33600000e-08 -8.40261962e-02 
 4.33800000e-08 -8.28889021e-02 
 4.34000000e-08 -8.17368126e-02 
 4.34200000e-08 -8.05700956e-02 
 4.34400000e-08 -7.93889238e-02 
 4.34600000e-08 -7.81934750e-02 
 4.34800000e-08 -7.69839319e-02 
 4.35000000e-08 -7.57604821e-02 
 4.35200000e-08 -7.45233181e-02 
 4.35400000e-08 -7.32726374e-02 
 4.35600000e-08 -7.20086422e-02 
 4.35800000e-08 -7.07315396e-02 
 4.36000000e-08 -6.94415414e-02 
 4.36200000e-08 -6.81388640e-02 
 4.36400000e-08 -6.68237288e-02 
 4.36600000e-08 -6.54963613e-02 
 4.36800000e-08 -6.41569918e-02 
 4.37000000e-08 -6.28058550e-02 
 4.37200000e-08 -6.14431900e-02 
 4.37400000e-08 -6.00692400e-02 
 4.37600000e-08 -5.86842525e-02 
 4.37800000e-08 -5.72884791e-02 
 4.38000000e-08 -5.58821753e-02 
 4.38200000e-08 -5.44656007e-02 
 4.38400000e-08 -5.30390184e-02 
 4.38600000e-08 -5.16026953e-02 
 4.38800000e-08 -5.01569019e-02 
 4.39000000e-08 -4.87019120e-02 
 4.39200000e-08 -4.72380030e-02 
 4.39400000e-08 -4.57654550e-02 
 4.39600000e-08 -4.42845516e-02 
 4.39800000e-08 -4.27955792e-02 
 4.40000000e-08 -4.12988269e-02 
 4.40200000e-08 -3.97945864e-02 
 4.40400000e-08 -3.82831523e-02 
 4.40600000e-08 -3.67648210e-02 
 4.40800000e-08 -3.52398916e-02 
 4.41000000e-08 -3.37086651e-02 
 4.41200000e-08 -3.21714444e-02 
 4.41400000e-08 -3.06285342e-02 
 4.41600000e-08 -2.90802411e-02 
 4.41800000e-08 -2.75268728e-02 
 4.42000000e-08 -2.59687386e-02 
 4.42200000e-08 -2.44061490e-02 
 4.42400000e-08 -2.28394153e-02 
 4.42600000e-08 -2.12688500e-02 
 4.42800000e-08 -1.96947662e-02 
 4.43000000e-08 -1.81174777e-02 
 4.43200000e-08 -1.65372985e-02 
 4.43400000e-08 -1.49545432e-02 
 4.43600000e-08 -1.33695264e-02 
 4.43800000e-08 -1.17825628e-02 
 4.44000000e-08 -1.01939668e-02 
 4.44200000e-08 -8.60405264e-03 
 4.44400000e-08 -7.01313422e-03 
 4.44600000e-08 -5.42152476e-03 
 4.44800000e-08 -3.82953684e-03 
 4.45000000e-08 -2.23748221e-03 
 4.45200000e-08 -6.45671659e-04 
 4.45400000e-08  9.45585119e-04 
 4.45600000e-08  2.53597963e-03 
 4.45800000e-08  4.12520475e-03 
 4.46000000e-08  5.71295477e-03 
 4.46200000e-08  7.29892561e-03 
 4.46400000e-08  8.88281487e-03 
 4.46600000e-08  1.04643220e-02 
 4.46800000e-08  1.20431482e-02 
 4.47000000e-08  1.36189970e-02 
 4.47200000e-08  1.51915739e-02 
 4.47400000e-08  1.67605866e-02 
 4.47600000e-08  1.83257451e-02 
 4.47800000e-08  1.98867621e-02 
 4.48000000e-08  2.14433525e-02 
 4.48200000e-08  2.29952340e-02 
 4.48400000e-08  2.45421270e-02 
 4.48600000e-08  2.60837545e-02 
 4.48800000e-08  2.76198426e-02 
 4.49000000e-08  2.91501202e-02 
 4.49200000e-08  3.06743191e-02 
 4.49400000e-08  3.21921744e-02 
 4.49600000e-08  3.37034242e-02 
 4.49800000e-08  3.52078097e-02 
 4.50000000e-08  3.67050757e-02 
 4.50200000e-08  3.81949698e-02 
 4.50400000e-08  3.96772435e-02 
 4.50600000e-08  4.11516512e-02 
 4.50800000e-08  4.26179512e-02 
 4.51000000e-08  4.40759049e-02 
 4.51200000e-08  4.55252774e-02 
 4.51400000e-08  4.69658375e-02 
 4.51600000e-08  4.83973574e-02 
 4.51800000e-08  4.98196129e-02 
 4.52000000e-08  5.12323836e-02 
 4.52200000e-08  5.26354527e-02 
 4.52400000e-08  5.40286070e-02 
 4.52600000e-08  5.54116370e-02 
 4.52800000e-08  5.67843371e-02 
 4.53000000e-08  5.81465052e-02 
 4.53200000e-08  5.94979430e-02 
 4.53400000e-08  6.08384561e-02 
 4.53600000e-08  6.21678535e-02 
 4.53800000e-08  6.34859481e-02 
 4.54000000e-08  6.47925566e-02 
 4.54200000e-08  6.60874993e-02 
 4.54400000e-08  6.73706002e-02 
 4.54600000e-08  6.86416870e-02 
 4.54800000e-08  6.99005912e-02 
 4.55000000e-08  7.11471477e-02 
 4.55200000e-08  7.23811953e-02 
 4.55400000e-08  7.36025762e-02 
 4.55600000e-08  7.48111364e-02 
 4.55800000e-08  7.60067252e-02 
 4.56000000e-08  7.71891956e-02 
 4.56200000e-08  7.83584041e-02 
 4.56400000e-08  7.95142107e-02 
 4.56600000e-08  8.06564786e-02 
 4.56800000e-08  8.17850746e-02 
 4.57000000e-08  8.28998689e-02 
 4.57200000e-08  8.40007348e-02 
 4.57400000e-08  8.50875490e-02 
 4.57600000e-08  8.61601914e-02 
 4.57800000e-08  8.72185451e-02 
 4.58000000e-08  8.82624963e-02 
 4.58200000e-08  8.92919343e-02 
 4.58400000e-08  9.03067514e-02 
 4.58600000e-08  9.13068429e-02 
 4.58800000e-08  9.22921070e-02 
 4.59000000e-08  9.32624449e-02 
 4.59200000e-08  9.42177604e-02 
 4.59400000e-08  9.51579602e-02 
 4.59600000e-08  9.60829537e-02 
 4.59800000e-08  9.69926529e-02 
 4.60000000e-08  9.78869724e-02 
 4.60200000e-08  9.87658294e-02 
 4.60400000e-08  9.96291434e-02 
 4.60600000e-08  1.00476837e-01 
 4.60800000e-08  1.01308833e-01 
 4.61000000e-08  1.02125060e-01 
 4.61200000e-08  1.02925446e-01 
 4.61400000e-08  1.03709922e-01 
 4.61600000e-08  1.04478421e-01 
 4.61800000e-08  1.05230878e-01 
 4.62000000e-08  1.05967231e-01 
 4.62200000e-08  1.06687419e-01 
 4.62400000e-08  1.07391382e-01 
 4.62600000e-08  1.08079064e-01 
 4.62800000e-08  1.08750408e-01 
 4.63000000e-08  1.09405362e-01 
 4.63200000e-08  1.10043872e-01 
 4.63400000e-08  1.10665889e-01 
 4.63600000e-08  1.11271362e-01 
 4.63800000e-08  1.11860245e-01 
 4.64000000e-08  1.12432491e-01 
 4.64200000e-08  1.12988055e-01 
 4.64400000e-08  1.13526893e-01 
 4.64600000e-08  1.14048963e-01 
 4.64800000e-08  1.14554223e-01 
 4.65000000e-08  1.15042634e-01 
 4.65200000e-08  1.15514156e-01 
 4.65400000e-08  1.15968751e-01 
 4.65600000e-08  1.16406382e-01 
 4.65800000e-08  1.16827013e-01 
 4.66000000e-08  1.17230608e-01 
 4.66200000e-08  1.17617134e-01 
 4.66400000e-08  1.17986556e-01 
 4.66600000e-08  1.18338842e-01 
 4.66800000e-08  1.18673960e-01 
 4.67000000e-08  1.18991878e-01 
 4.67200000e-08  1.19292565e-01 
 4.67400000e-08  1.19575992e-01 
 4.67600000e-08  1.19842129e-01 
 4.67800000e-08  1.20090947e-01 
 4.68000000e-08  1.20322418e-01 
 4.68200000e-08  1.20536514e-01 
 4.68400000e-08  1.20733209e-01 
 4.68600000e-08  1.20912474e-01 
 4.68800000e-08  1.21074286e-01 
 4.69000000e-08  1.21218617e-01 
 4.69200000e-08  1.21345442e-01 
 4.69400000e-08  1.21454738e-01 
 4.69600000e-08  1.21546479e-01 
 4.69800000e-08  1.21620643e-01 
 4.70000000e-08  1.21677205e-01 
 4.70200000e-08  1.21716145e-01 
 4.70400000e-08  1.21737438e-01 
 4.70600000e-08  1.21741065e-01 
 4.70800000e-08  1.21727003e-01 
 4.71000000e-08  1.21695233e-01 
 4.71200000e-08  1.21645735e-01 
 4.71400000e-08  1.21578489e-01 
 4.71600000e-08  1.21493477e-01 
 4.71800000e-08  1.21390681e-01 
 4.72000000e-08  1.21270085e-01 
 4.72200000e-08  1.21131671e-01 
 4.72400000e-08  1.20975424e-01 
 4.72600000e-08  1.20801330e-01 
 4.72800000e-08  1.20609375e-01 
 4.73000000e-08  1.20399546e-01 
 4.73200000e-08  1.20171831e-01 
 4.73400000e-08  1.19926219e-01 
 4.73600000e-08  1.19662702e-01 
 4.73800000e-08  1.19381269e-01 
 4.74000000e-08  1.19081915e-01 
 4.74200000e-08  1.18764634e-01 
 4.74400000e-08  1.18429420e-01 
 4.74600000e-08  1.18076272e-01 
 4.74800000e-08  1.17705187e-01 
 4.75000000e-08  1.17316166e-01 
 4.75200000e-08  1.16909210e-01 
 4.75400000e-08  1.16484324e-01 
 4.75600000e-08  1.16041513e-01 
 4.75800000e-08  1.15580785e-01 
 4.76000000e-08  1.15102149e-01 
 4.76200000e-08  1.14605616e-01 
 4.76400000e-08  1.14091201e-01 
 4.76600000e-08  1.13558921e-01 
 4.76800000e-08  1.13008793e-01 
 4.77000000e-08  1.12440839e-01 
 4.77200000e-08  1.11855082e-01 
 4.77400000e-08  1.11251550e-01 
 4.77600000e-08  1.10630272e-01 
 4.77800000e-08  1.09991279e-01 
 4.78000000e-08  1.09334607e-01 
 4.78200000e-08  1.08660295e-01 
 4.78400000e-08  1.07968383e-01 
 4.78600000e-08  1.07258917e-01 
 4.78800000e-08  1.06531945e-01 
 4.79000000e-08  1.05787518e-01 
 4.79200000e-08  1.05025692e-01 
 4.79400000e-08  1.04246526e-01 
 4.79600000e-08  1.03450082e-01 
 4.79800000e-08  1.02636427e-01 
 4.80000000e-08  1.01805631e-01 
 4.80200000e-08  1.00957769e-01 
 4.80400000e-08  1.00092920e-01 
 4.80600000e-08  9.92111653e-02 
 4.80800000e-08  9.83125933e-02 
 4.81000000e-08  9.73972949e-02 
 4.81200000e-08  9.64653659e-02 
 4.81400000e-08  9.55169067e-02 
 4.81600000e-08  9.45520221e-02 
 4.81800000e-08  9.35708214e-02 
 4.82000000e-08  9.25734188e-02 
 4.82200000e-08  9.15599332e-02 
 4.82400000e-08  9.05304880e-02 
 4.82600000e-08  8.94852116e-02 
 4.82800000e-08  8.84242373e-02 
 4.83000000e-08  8.73477031e-02 
 4.83200000e-08  8.62557521e-02 
 4.83400000e-08  8.51485322e-02 
 4.83600000e-08  8.40261962e-02 
 4.83800000e-08  8.28889021e-02 
 4.84000000e-08  8.17368126e-02 
 4.84200000e-08  8.05700956e-02 
 4.84400000e-08  7.93889238e-02 
 4.84600000e-08  7.81934750e-02 
 4.84800000e-08  7.69839319e-02 
 4.85000000e-08  7.57604821e-02 
 4.85200000e-08  7.45233181e-02 
 4.85400000e-08  7.32726374e-02 
 4.85600000e-08  7.20086422e-02 
 4.85800000e-08  7.07315396e-02 
 4.86000000e-08  6.94415414e-02 
 4.86200000e-08  6.81388640e-02 
 4.86400000e-08  6.68237288e-02 
 4.86600000e-08  6.54963613e-02 
 4.86800000e-08  6.41569918e-02 
 4.87000000e-08  6.28058550e-02 
 4.87200000e-08  6.14431900e-02 
 4.87400000e-08  6.00692400e-02 
 4.87600000e-08  5.86842525e-02 
 4.87800000e-08  5.72884791e-02 
 4.88000000e-08  5.58821753e-02 
 4.88200000e-08  5.44656007e-02 
 4.88400000e-08  5.30390184e-02 
 4.88600000e-08  5.16026953e-02 
 4.88800000e-08  5.01569019e-02 
 4.89000000e-08  4.87019120e-02 
 4.89200000e-08  4.72380030e-02 
 4.89400000e-08  4.57654550e-02 
 4.89600000e-08  4.42845516e-02 
 4.89800000e-08  4.27955792e-02 
 4.90000000e-08  4.12988269e-02 
 4.90200000e-08  3.97945864e-02 
 4.90400000e-08  3.82831523e-02 
 4.90600000e-08  3.67648210e-02 
 4.90800000e-08  3.52398916e-02 
 4.91000000e-08  3.37086651e-02 
 4.91200000e-08  3.21714444e-02 
 4.91400000e-08  3.06285342e-02 
 4.91600000e-08  2.90802411e-02 
 4.91800000e-08  2.75268728e-02 
 4.92000000e-08  2.59687386e-02 
 4.92200000e-08  2.44061490e-02 
 4.92400000e-08  2.28394153e-02 
 4.92600000e-08  2.12688500e-02 
 4.92800000e-08  1.96947662e-02 
 4.93000000e-08  1.81174777e-02 
 4.93200000e-08  1.65372985e-02 
 4.93400000e-08  1.49545432e-02 
 4.93600000e-08  1.33695264e-02 
 4.93800000e-08  1.17825628e-02 
 4.94000000e-08  1.01939668e-02 
 4.94200000e-08  8.60405264e-03 
 4.94400000e-08  7.01313422e-03 
 4.94600000e-08  5.42152476e-03 
 4.94800000e-08  3.82953684e-03 
 4.95000000e-08  2.23748221e-03 
 4.95200000e-08  6.45671659e-04 
 4.95400000e-08 -9.45585120e-04 
 4.95600000e-08 -2.53597964e-03 
 4.95800000e-08 -4.12520475e-03 
 4.96000000e-08 -5.71295477e-03 
 4.96200000e-08 -7.29892561e-03 
 4.96400000e-08 -8.88281487e-03 
 4.96600000e-08 -1.04643220e-02 
 4.96800000e-08 -1.20431482e-02 
 4.97000000e-08 -1.36189970e-02 
 4.97200000e-08 -1.51915739e-02 
 4.97400000e-08 -1.67605866e-02 
 4.97600000e-08 -1.83257451e-02 
 4.97800000e-08 -1.98867621e-02 
 4.98000000e-08 -2.14433525e-02 
 4.98200000e-08 -2.29952340e-02 
 4.98400000e-08 -2.45421270e-02 
 4.98600000e-08 -2.60837545e-02 
 4.98800000e-08 -2.76198426e-02 
 4.99000000e-08 -2.91501202e-02 
 4.99200000e-08 -3.06743191e-02 
 4.99400000e-08 -3.21921744e-02 
 4.99600000e-08 -3.37034242e-02 
 4.99800000e-08 -3.52078097e-02 
 5.00000000e-08 -3.67050757e-02 
 5.00200000e-08 -3.81949698e-02 
 5.00400000e-08 -3.96772435e-02 
 5.00600000e-08 -4.11516512e-02 
 5.00800000e-08 -4.26179512e-02 
 5.01000000e-08 -4.40759049e-02 
 5.01200000e-08 -4.55252774e-02 
 5.01400000e-08 -4.69658375e-02 
 5.01600000e-08 -4.83973574e-02 
 5.01800000e-08 -4.98196129e-02 
 5.02000000e-08 -5.12323836e-02 
 5.02200000e-08 -5.26354527e-02 
 5.02400000e-08 -5.40286070e-02 
 5.02600000e-08 -5.54116370e-02 
 5.02800000e-08 -5.67843371e-02 
 5.03000000e-08 -5.81465052e-02 
 5.03200000e-08 -5.94979430e-02 
 5.03400000e-08 -6.08384561e-02 
 5.03600000e-08 -6.21678535e-02 
 5.03800000e-08 -6.34859481e-02 
 5.04000000e-08 -6.47925566e-02 
 5.04200000e-08 -6.60874993e-02 
 5.04400000e-08 -6.73706002e-02 
 5.04600000e-08 -6.86416870e-02 
 5.04800000e-08 -6.99005912e-02 
 5.05000000e-08 -7.11471477e-02 
 5.05200000e-08 -7.23811953e-02 
 5.05400000e-08 -7.36025762e-02 
 5.05600000e-08 -7.48111364e-02 
 5.05800000e-08 -7.60067252e-02 
 5.06000000e-08 -7.71891956e-02 
 5.06200000e-08 -7.83584041e-02 
 5.06400000e-08 -7.95142107e-02 
 5.06600000e-08 -8.06564786e-02 
 5.06800000e-08 -8.17850746e-02 
 5.07000000e-08 -8.28998689e-02 
 5.07200000e-08 -8.40007348e-02 
 5.07400000e-08 -8.50875490e-02 
 5.07600000e-08 -8.61601914e-02 
 5.07800000e-08 -8.72185451e-02 
 5.08000000e-08 -8.82624963e-02 
 5.08200000e-08 -8.92919343e-02 
 5.08400000e-08 -9.03067514e-02 
 5.08600000e-08 -9.13068429e-02 
 5.08800000e-08 -9.22921070e-02 
 5.09000000e-08 -9.32624449e-02 
 5.09200000e-08 -9.42177604e-02 
 5.09400000e-08 -9.51579602e-02 
 5.09600000e-08 -9.60829537e-02 
 5.09800000e-08 -9.69926529e-02 
 5.10000000e-08 -9.78869724e-02 
 5.10200000e-08 -9.87658294e-02 
 5.10400000e-08 -9.96291434e-02 
 5.10600000e-08 -1.00476837e-01 
 5.10800000e-08 -1.01308833e-01 
 5.11000000e-08 -1.02125060e-01 
 5.11200000e-08 -1.02925446e-01 
 5.11400000e-08 -1.03709922e-01 
 5.11600000e-08 -1.04478421e-01 
 5.11800000e-08 -1.05230878e-01 
 5.12000000e-08 -1.05967231e-01 
 5.12200000e-08 -1.06687419e-01 
 5.12400000e-08 -1.07391382e-01 
 5.12600000e-08 -1.08079064e-01 
 5.12800000e-08 -1.08750408e-01 
 5.13000000e-08 -1.09405362e-01 
 5.13200000e-08 -1.10043872e-01 
 5.13400000e-08 -1.10665889e-01 
 5.13600000e-08 -1.11271362e-01 
 5.13800000e-08 -1.11860245e-01 
 5.14000000e-08 -1.12432491e-01 
 5.14200000e-08 -1.12988055e-01 
 5.14400000e-08 -1.13526893e-01 
 5.14600000e-08 -1.14048963e-01 
 5.14800000e-08 -1.14554223e-01 
 5.15000000e-08 -1.15042634e-01 
 5.15200000e-08 -1.15514156e-01 
 5.15400000e-08 -1.15968751e-01 
 5.15600000e-08 -1.16406382e-01 
 5.15800000e-08 -1.16827013e-01 
 5.16000000e-08 -1.17230608e-01 
 5.16200000e-08 -1.17617134e-01 
 5.16400000e-08 -1.17986556e-01 
 5.16600000e-08 -1.18338842e-01 
 5.16800000e-08 -1.18673960e-01 
 5.17000000e-08 -1.18991878e-01 
 5.17200000e-08 -1.19292565e-01 
 5.17400000e-08 -1.19575992e-01 
 5.17600000e-08 -1.19842129e-01 
 5.17800000e-08 -1.20090947e-01 
 5.18000000e-08 -1.20322418e-01 
 5.18200000e-08 -1.20536514e-01 
 5.18400000e-08 -1.20733209e-01 
 5.18600000e-08 -1.20912474e-01 
 5.18800000e-08 -1.21074286e-01 
 5.19000000e-08 -1.21218617e-01 
 5.19200000e-08 -1.21345442e-01 
 5.19400000e-08 -1.21454738e-01 
 5.19600000e-08 -1.21546479e-01 
 5.19800000e-08 -1.21620643e-01 
 5.20000000e-08 -1.21677205e-01 
 5.20200000e-08 -1.21716145e-01 
 5.20400000e-08 -1.21737438e-01 
 5.20600000e-08 -1.21741065e-01 
 5.20800000e-08 -1.21727003e-01 
 5.21000000e-08 -1.21695233e-01 
 5.21200000e-08 -1.21645735e-01 
 5.21400000e-08 -1.21578489e-01 
 5.21600000e-08 -1.21493477e-01 
 5.21800000e-08 -1.21390681e-01 
 5.22000000e-08 -1.21270085e-01 
 5.22200000e-08 -1.21131671e-01 
 5.22400000e-08 -1.20975424e-01 
 5.22600000e-08 -1.20801330e-01 
 5.22800000e-08 -1.20609375e-01 
 5.23000000e-08 -1.20399546e-01 
 5.23200000e-08 -1.20171831e-01 
 5.23400000e-08 -1.19926219e-01 
 5.23600000e-08 -1.19662702e-01 
 5.23800000e-08 -1.19381269e-01 
 5.24000000e-08 -1.19081915e-01 
 5.24200000e-08 -1.18764634e-01 
 5.24400000e-08 -1.18429420e-01 
 5.24600000e-08 -1.18076272e-01 
 5.24800000e-08 -1.17705187e-01 
 5.25000000e-08 -1.17316166e-01 
 5.25200000e-08 -1.16909210e-01 
 5.25400000e-08 -1.16484324e-01 
 5.25600000e-08 -1.16041513e-01 
 5.25800000e-08 -1.15580785e-01 
 5.26000000e-08 -1.15102149e-01 
 5.26200000e-08 -1.14605616e-01 
 5.26400000e-08 -1.14091201e-01 
 5.26600000e-08 -1.13558921e-01 
 5.26800000e-08 -1.13008793e-01 
 5.27000000e-08 -1.12440839e-01 
 5.27200000e-08 -1.11855082e-01 
 5.27400000e-08 -1.11251550e-01 
 5.27600000e-08 -1.10630272e-01 
 5.27800000e-08 -1.09991279e-01 
 5.28000000e-08 -1.09334607e-01 
 5.28200000e-08 -1.08660295e-01 
 5.28400000e-08 -1.07968383e-01 
 5.28600000e-08 -1.07258917e-01 
 5.28800000e-08 -1.06531945e-01 
 5.29000000e-08 -1.05787518e-01 
 5.29200000e-08 -1.05025692e-01 
 5.29400000e-08 -1.04246526e-01 
 5.29600000e-08 -1.03450082e-01 
 5.29800000e-08 -1.02636427e-01 
 5.30000000e-08 -1.01805631e-01 
 5.30200000e-08 -1.00957769e-01 
 5.30400000e-08 -1.00092920e-01 
 5.30600000e-08 -9.92111653e-02 
 5.30800000e-08 -9.83125933e-02 
 5.31000000e-08 -9.73972949e-02 
 5.31200000e-08 -9.64653659e-02 
 5.31400000e-08 -9.55169067e-02 
 5.31600000e-08 -9.45520221e-02 
 5.31800000e-08 -9.35708214e-02 
 5.32000000e-08 -9.25734188e-02 
 5.32200000e-08 -9.15599332e-02 
 5.32400000e-08 -9.05304880e-02 
 5.32600000e-08 -8.94852116e-02 
 5.32800000e-08 -8.84242373e-02 
 5.33000000e-08 -8.73477031e-02 
 5.33200000e-08 -8.62557521e-02 
 5.33400000e-08 -8.51485322e-02 
 5.33600000e-08 -8.40261962e-02 
 5.33800000e-08 -8.28889021e-02 
 5.34000000e-08 -8.17368126e-02 
 5.34200000e-08 -8.05700956e-02 
 5.34400000e-08 -7.93889238e-02 
 5.34600000e-08 -7.81934750e-02 
 5.34800000e-08 -7.69839319e-02 
 5.35000000e-08 -7.57604821e-02 
 5.35200000e-08 -7.45233181e-02 
 5.35400000e-08 -7.32726374e-02 
 5.35600000e-08 -7.20086422e-02 
 5.35800000e-08 -7.07315396e-02 
 5.36000000e-08 -6.94415414e-02 
 5.36200000e-08 -6.81388640e-02 
 5.36400000e-08 -6.68237288e-02 
 5.36600000e-08 -6.54963613e-02 
 5.36800000e-08 -6.41569918e-02 
 5.37000000e-08 -6.28058550e-02 
 5.37200000e-08 -6.14431900e-02 
 5.37400000e-08 -6.00692400e-02 
 5.37600000e-08 -5.86842525e-02 
 5.37800000e-08 -5.72884791e-02 
 5.38000000e-08 -5.58821753e-02 
 5.38200000e-08 -5.44656007e-02 
 5.38400000e-08 -5.30390184e-02 
 5.38600000e-08 -5.16026953e-02 
 5.38800000e-08 -5.01569019e-02 
 5.39000000e-08 -4.87019120e-02 
 5.39200000e-08 -4.72380030e-02 
 5.39400000e-08 -4.57654550e-02 
 5.39600000e-08 -4.42845516e-02 
 5.39800000e-08 -4.27955792e-02 
 5.40000000e-08 -4.12988269e-02 
 5.40200000e-08 -3.97945864e-02 
 5.40400000e-08 -3.82831523e-02 
 5.40600000e-08 -3.67648210e-02 
 5.40800000e-08 -3.52398916e-02 
 5.41000000e-08 -3.37086651e-02 
 5.41200000e-08 -3.21714444e-02 
 5.41400000e-08 -3.06285342e-02 
 5.41600000e-08 -2.90802411e-02 
 5.41800000e-08 -2.75268728e-02 
 5.42000000e-08 -2.59687386e-02 
 5.42200000e-08 -2.44061490e-02 
 5.42400000e-08 -2.28394153e-02 
 5.42600000e-08 -2.12688500e-02 
 5.42800000e-08 -1.96947662e-02 
 5.43000000e-08 -1.81174777e-02 
 5.43200000e-08 -1.65372985e-02 
 5.43400000e-08 -1.49545432e-02 
 5.43600000e-08 -1.33695264e-02 
 5.43800000e-08 -1.17825628e-02 
 5.44000000e-08 -1.01939668e-02 
 5.44200000e-08 -8.60405264e-03 
 5.44400000e-08 -7.01313422e-03 
 5.44600000e-08 -5.42152476e-03 
 5.44800000e-08 -3.82953684e-03 
 5.45000000e-08 -2.23748221e-03 
 5.45200000e-08 -6.45671659e-04 
 5.45400000e-08  9.45585119e-04 
 5.45600000e-08  2.53597964e-03 
 5.45800000e-08  4.12520475e-03 
 5.46000000e-08  5.71295477e-03 
 5.46200000e-08  7.29892561e-03 
 5.46400000e-08  8.88281487e-03 
 5.46600000e-08  1.04643220e-02 
 5.46800000e-08  1.20431482e-02 
 5.47000000e-08  1.36189970e-02 
 5.47200000e-08  1.51915739e-02 
 5.47400000e-08  1.67605866e-02 
 5.47600000e-08  1.83257451e-02 
 5.47800000e-08  1.98867621e-02 
 5.48000000e-08  2.14433525e-02 
 5.48200000e-08  2.29952340e-02 
 5.48400000e-08  2.45421270e-02 
 5.48600000e-08  2.60837545e-02 
 5.48800000e-08  2.76198426e-02 
 5.49000000e-08  2.91501202e-02 
 5.49200000e-08  3.06743191e-02 
 5.49400000e-08  3.21921744e-02 
 5.49600000e-08  3.37034242e-02 
 5.49800000e-08  3.52078097e-02 
 5.50000000e-08  3.67050757e-02 
 5.50200000e-08  3.81949698e-02 
 5.50400000e-08  3.96772435e-02 
 5.50600000e-08  4.11516512e-02 
 5.50800000e-08  4.26179512e-02 
 5.51000000e-08  4.40759049e-02 
 5.51200000e-08  4.55252774e-02 
 5.51400000e-08  4.69658375e-02 
 5.51600000e-08  4.83973574e-02 
 5.51800000e-08  4.98196129e-02 
 5.52000000e-08  5.12323836e-02 
 5.52200000e-08  5.26354527e-02 
 5.52400000e-08  5.40286070e-02 
 5.52600000e-08  5.54116370e-02 
 5.52800000e-08  5.67843371e-02 
 5.53000000e-08  5.81465052e-02 
 5.53200000e-08  5.94979430e-02 
 5.53400000e-08  6.08384561e-02 
 5.53600000e-08  6.21678535e-02 
 5.53800000e-08  6.34859481e-02 
 5.54000000e-08  6.47925566e-02 
 5.54200000e-08  6.60874993e-02 
 5.54400000e-08  6.73706002e-02 
 5.54600000e-08  6.86416870e-02 
 5.54800000e-08  6.99005912e-02 
 5.55000000e-08  7.11471477e-02 
 5.55200000e-08  7.23811953e-02 
 5.55400000e-08  7.36025762e-02 
 5.55600000e-08  7.48111364e-02 
 5.55800000e-08  7.60067252e-02 
 5.56000000e-08  7.71891956e-02 
 5.56200000e-08  7.83584041e-02 
 5.56400000e-08  7.95142107e-02 
 5.56600000e-08  8.06564786e-02 
 5.56800000e-08  8.17850746e-02 
 5.57000000e-08  8.28998689e-02 
 5.57200000e-08  8.40007348e-02 
 5.57400000e-08  8.50875490e-02 
 5.57600000e-08  8.61601914e-02 
 5.57800000e-08  8.72185451e-02 
 5.58000000e-08  8.82624963e-02 
 5.58200000e-08  8.92919343e-02 
 5.58400000e-08  9.03067514e-02 
 5.58600000e-08  9.13068429e-02 
 5.58800000e-08  9.22921070e-02 
 5.59000000e-08  9.32624449e-02 
 5.59200000e-08  9.42177604e-02 
 5.59400000e-08  9.51579602e-02 
 5.59600000e-08  9.60829537e-02 
 5.59800000e-08  9.69926529e-02 
 5.60000000e-08  9.78869724e-02 
 5.60200000e-08  9.87658294e-02 
 5.60400000e-08  9.96291434e-02 
 5.60600000e-08  1.00476837e-01 
 5.60800000e-08  1.01308833e-01 
 5.61000000e-08  1.02125060e-01 
 5.61200000e-08  1.02925446e-01 
 5.61400000e-08  1.03709922e-01 
 5.61600000e-08  1.04478421e-01 
 5.61800000e-08  1.05230878e-01 
 5.62000000e-08  1.05967231e-01 
 5.62200000e-08  1.06687419e-01 
 5.62400000e-08  1.07391382e-01 
 5.62600000e-08  1.08079064e-01 
 5.62800000e-08  1.08750408e-01 
 5.63000000e-08  1.09405362e-01 
 5.63200000e-08  1.10043872e-01 
 5.63400000e-08  1.10665889e-01 
 5.63600000e-08  1.11271362e-01 
 5.63800000e-08  1.11860245e-01 
 5.64000000e-08  1.12432491e-01 
 5.64200000e-08  1.12988055e-01 
 5.64400000e-08  1.13526893e-01 
 5.64600000e-08  1.14048963e-01 
 5.64800000e-08  1.14554223e-01 
 5.65000000e-08  1.15042634e-01 
 5.65200000e-08  1.15514156e-01 
 5.65400000e-08  1.15968751e-01 
 5.65600000e-08  1.16406382e-01 
 5.65800000e-08  1.16827013e-01 
 5.66000000e-08  1.17230608e-01 
 5.66200000e-08  1.17617134e-01 
 5.66400000e-08  1.17986556e-01 
 5.66600000e-08  1.18338842e-01 
 5.66800000e-08  1.18673960e-01 
 5.67000000e-08  1.18991878e-01 
 5.67200000e-08  1.19292565e-01 
 5.67400000e-08  1.19575992e-01 
 5.67600000e-08  1.19842129e-01 
 5.67800000e-08  1.20090947e-01 
 5.68000000e-08  1.20322418e-01 
 5.68200000e-08  1.20536514e-01 
 5.68400000e-08  1.20733209e-01 
 5.68600000e-08  1.20912474e-01 
 5.68800000e-08  1.21074286e-01 
 5.69000000e-08  1.21218617e-01 
 5.69200000e-08  1.21345442e-01 
 5.69400000e-08  1.21454738e-01 
 5.69600000e-08  1.21546479e-01 
 5.69800000e-08  1.21620643e-01 
 5.70000000e-08  1.21677205e-01 
 5.70200000e-08  1.21716145e-01 
 5.70400000e-08  1.21737438e-01 
 5.70600000e-08  1.21741065e-01 
 5.70800000e-08  1.21727003e-01 
 5.71000000e-08  1.21695233e-01 
 5.71200000e-08  1.21645735e-01 
 5.71400000e-08  1.21578489e-01 
 5.71600000e-08  1.21493477e-01 
 5.71800000e-08  1.21390681e-01 
 5.72000000e-08  1.21270085e-01 
 5.72200000e-08  1.21131671e-01 
 5.72400000e-08  1.20975424e-01 
 5.72600000e-08  1.20801330e-01 
 5.72800000e-08  1.20609375e-01 
 5.73000000e-08  1.20399546e-01 
 5.73200000e-08  1.20171831e-01 
 5.73400000e-08  1.19926219e-01 
 5.73600000e-08  1.19662702e-01 
 5.73800000e-08  1.19381269e-01 
 5.74000000e-08  1.19081915e-01 
 5.74200000e-08  1.18764634e-01 
 5.74400000e-08  1.18429420e-01 
 5.74600000e-08  1.18076272e-01 
 5.74800000e-08  1.17705187e-01 
 5.75000000e-08  1.17316166e-01 
 5.75200000e-08  1.16909210e-01 
 5.75400000e-08  1.16484324e-01 
 5.75600000e-08  1.16041513e-01 
 5.75800000e-08  1.15580785e-01 
 5.76000000e-08  1.15102149e-01 
 5.76200000e-08  1.14605616e-01 
 5.76400000e-08  1.14091201e-01 
 5.76600000e-08  1.13558921e-01 
 5.76800000e-08  1.13008793e-01 
 5.77000000e-08  1.12440839e-01 
 5.77200000e-08  1.11855082e-01 
 5.77400000e-08  1.11251550e-01 
 5.77600000e-08  1.10630272e-01 
 5.77800000e-08  1.09991279e-01 
 5.78000000e-08  1.09334607e-01 
 5.78200000e-08  1.08660295e-01 
 5.78400000e-08  1.07968383e-01 
 5.78600000e-08  1.07258917e-01 
 5.78800000e-08  1.06531945e-01 
 5.79000000e-08  1.05787518e-01 
 5.79200000e-08  1.05025692e-01 
 5.79400000e-08  1.04246526e-01 
 5.79600000e-08  1.03450082e-01 
 5.79800000e-08  1.02636427e-01 
 5.80000000e-08  1.01805631e-01 
 5.80200000e-08  1.00957769e-01 
 5.80400000e-08  1.00092920e-01 
 5.80600000e-08  9.92111653e-02 
 5.80800000e-08  9.83125933e-02 
 5.81000000e-08  9.73972949e-02 
 5.81200000e-08  9.64653659e-02 
 5.81400000e-08  9.55169067e-02 
 5.81600000e-08  9.45520221e-02 
 5.81800000e-08  9.35708214e-02 
 5.82000000e-08  9.25734188e-02 
 5.82200000e-08  9.15599332e-02 
 5.82400000e-08  9.05304880e-02 
 5.82600000e-08  8.94852116e-02 
 5.82800000e-08  8.84242373e-02 
 5.83000000e-08  8.73477031e-02 
 5.83200000e-08  8.62557521e-02 
 5.83400000e-08  8.51485322e-02 
 5.83600000e-08  8.40261962e-02 
 5.83800000e-08  8.28889021e-02 
 5.84000000e-08  8.17368126e-02 
 5.84200000e-08  8.05700956e-02 
 5.84400000e-08  7.93889238e-02 
 5.84600000e-08  7.81934750e-02 
 5.84800000e-08  7.69839319e-02 
 5.85000000e-08  7.57604821e-02 
 5.85200000e-08  7.45233181e-02 
 5.85400000e-08  7.32726374e-02 
 5.85600000e-08  7.20086422e-02 
 5.85800000e-08  7.07315396e-02 
 5.86000000e-08  6.94415414e-02 
 5.86200000e-08  6.81388640e-02 
 5.86400000e-08  6.68237288e-02 
 5.86600000e-08  6.54963613e-02 
 5.86800000e-08  6.41569918e-02 
 5.87000000e-08  6.28058550e-02 
 5.87200000e-08  6.14431900e-02 
 5.87400000e-08  6.00692400e-02 
 5.87600000e-08  5.86842525e-02 
 5.87800000e-08  5.72884791e-02 
 5.88000000e-08  5.58821753e-02 
 5.88200000e-08  5.44656007e-02 
 5.88400000e-08  5.30390184e-02 
 5.88600000e-08  5.16026953e-02 
 5.88800000e-08  5.01569019e-02 
 5.89000000e-08  4.87019120e-02 
 5.89200000e-08  4.72380030e-02 
 5.89400000e-08  4.57654550e-02 
 5.89600000e-08  4.42845516e-02 
 5.89800000e-08  4.27955792e-02 
 5.90000000e-08  4.12988269e-02 
 5.90200000e-08  3.97945864e-02 
 5.90400000e-08  3.82831523e-02 
 5.90600000e-08  3.67648210e-02 
 5.90800000e-08  3.52398916e-02 
 5.91000000e-08  3.37086651e-02 
 5.91200000e-08  3.21714444e-02 
 5.91400000e-08  3.06285342e-02 
 5.91600000e-08  2.90802411e-02 
 5.91800000e-08  2.75268728e-02 
 5.92000000e-08  2.59687386e-02 
 5.92200000e-08  2.44061490e-02 
 5.92400000e-08  2.28394153e-02 
 5.92600000e-08  2.12688500e-02 
 5.92800000e-08  1.96947662e-02 
 5.93000000e-08  1.81174777e-02 
 5.93200000e-08  1.65372985e-02 
 5.93400000e-08  1.49545432e-02 
 5.93600000e-08  1.33695264e-02 
 5.93800000e-08  1.17825628e-02 
 5.94000000e-08  1.01939668e-02 
 5.94200000e-08  8.60405264e-03 
 5.94400000e-08  7.01313422e-03 
 5.94600000e-08  5.42152476e-03 
 5.94800000e-08  3.82953684e-03 
 5.95000000e-08  2.23748221e-03 
 5.95200000e-08  6.45671659e-04 
 5.95400000e-08 -9.45585119e-04 
 5.95600000e-08 -2.53597963e-03 
 5.95800000e-08 -4.12520475e-03 
 5.96000000e-08 -5.71295477e-03 
 5.96200000e-08 -7.29892561e-03 
 5.96400000e-08 -8.88281486e-03 
 5.96600000e-08 -1.04643220e-02 
 5.96800000e-08 -1.20431482e-02 
 5.97000000e-08 -1.36189970e-02 
 5.97200000e-08 -1.51915739e-02 
 5.97400000e-08 -1.67605866e-02 
 5.97600000e-08 -1.83257451e-02 
 5.97800000e-08 -1.98867621e-02 
 5.98000000e-08 -2.14433525e-02 
 5.98200000e-08 -2.29952341e-02 
 5.98400000e-08 -2.45421270e-02 
 5.98600000e-08 -2.60837545e-02 
 5.98800000e-08 -2.76198426e-02 
 5.99000000e-08 -2.91501202e-02 
 5.99200000e-08 -3.06743191e-02 
 5.99400000e-08 -3.21921744e-02 
 5.99600000e-08 -3.37034242e-02 
 5.99800000e-08 -3.52078097e-02 
 6.00000000e-08 -3.67058299e-02 
