 0.00000000e+00  0.00000000e+00 
 2.00000000e-11  9.66832756e-04 
 4.00000000e-11  1.37732316e-03 
 6.00000000e-11  1.35080260e-03 
 8.00000000e-11  9.32667697e-04 
 1.00000000e-10  1.86812507e-04 
 1.20000000e-10 -8.33390562e-04 
 1.40000000e-10 -2.08329541e-03 
 1.60000000e-10 -3.52566826e-03 
 1.80000000e-10 -5.12944552e-03 
 2.00000000e-10 -6.86878478e-03 
 2.20000000e-10 -8.72217080e-03 
 2.40000000e-10 -1.06717191e-02 
 2.60000000e-10 -1.27025719e-02 
 2.80000000e-10 -1.48023889e-02 
 3.00000000e-10 -1.69609314e-02 
 3.20000000e-10 -1.91696903e-02 
 3.40000000e-10 -2.14216057e-02 
 3.60000000e-10 -2.37107945e-02 
 3.80000000e-10 -2.60323648e-02 
 4.00000000e-10 -2.83822139e-02 
 4.20000000e-10 -3.07569093e-02 
 4.40000000e-10 -3.31535545e-02 
 4.60000000e-10 -3.55696859e-02 
 4.80000000e-10 -3.80031458e-02 
 5.00000000e-10 -4.04520770e-02 
 5.20000000e-10 -4.29148285e-02 
 5.40000000e-10 -4.53899270e-02 
 5.60000000e-10 -4.78760066e-02 
 5.80000000e-10 -5.03718026e-02 
 6.00000000e-10 -5.28760952e-02 
 6.20000000e-10 -5.53877133e-02 
 6.40000000e-10 -5.79054888e-02 
 6.60000000e-10 -6.04282679e-02 
 6.80000000e-10 -6.29548726e-02 
 7.00000000e-10 -6.54841173e-02 
 7.20000000e-10 -6.80147772e-02 
 7.40000000e-10 -7.05456079e-02 
 7.60000000e-10 -7.30753192e-02 
 7.80000000e-10 -7.56025973e-02 
 8.00000000e-10 -7.81260823e-02 
 8.20000000e-10 -8.06443927e-02 
 8.40000000e-10 -8.31561061e-02 
 8.60000000e-10 -8.56597846e-02 
 8.80000000e-10 -8.81539586e-02 
 9.00000000e-10 -9.06371520e-02 
 9.20000000e-10 -9.31078685e-02 
 9.40000000e-10 -9.55646168e-02 
 9.60000000e-10 -9.80058980e-02 
 9.80000000e-10 -1.00430231e-01 
 1.00000000e-09 -1.02836138e-01 
 1.02000000e-09 -1.05222175e-01 
 1.04000000e-09 -1.07586912e-01 
 1.06000000e-09 -1.09928962e-01 
 1.08000000e-09 -1.12246967e-01 
 1.10000000e-09 -1.14539619e-01 
 1.12000000e-09 -1.16805650e-01 
 1.14000000e-09 -1.19043852e-01 
 1.16000000e-09 -1.21253060e-01 
 1.18000000e-09 -1.23432176e-01 
 1.20000000e-09 -1.25580156e-01 
 1.22000000e-09 -1.27696020e-01 
 1.24000000e-09 -1.29778847e-01 
 1.26000000e-09 -1.31827784e-01 
 1.28000000e-09 -1.33842034e-01 
 1.30000000e-09 -1.35820873e-01 
 1.32000000e-09 -1.37763629e-01 
 1.34000000e-09 -1.39669700e-01 
 1.36000000e-09 -1.41538539e-01 
 1.38000000e-09 -1.43369662e-01 
 1.40000000e-09 -1.45162636e-01 
 1.42000000e-09 -1.46917091e-01 
 1.44000000e-09 -1.48632702e-01 
 1.46000000e-09 -1.50309201e-01 
 1.48000000e-09 -1.51946362e-01 
 1.50000000e-09 -1.53544010e-01 
 1.52000000e-09 -1.55102008e-01 
 1.54000000e-09 -1.56620266e-01 
 1.56000000e-09 -1.58098726e-01 
 1.58000000e-09 -1.59537369e-01 
 1.60000000e-09 -1.60936206e-01 
 1.62000000e-09 -1.62295284e-01 
 1.64000000e-09 -1.63614671e-01 
 1.66000000e-09 -1.64894470e-01 
 1.68000000e-09 -1.66134798e-01 
 1.70000000e-09 -1.67335803e-01 
 1.72000000e-09 -1.68497646e-01 
 1.74000000e-09 -1.69620510e-01 
 1.76000000e-09 -1.70704592e-01 
 1.78000000e-09 -1.71750105e-01 
 1.80000000e-09 -1.72757273e-01 
 1.82000000e-09 -1.73726333e-01 
 1.84000000e-09 -1.74657531e-01 
 1.86000000e-09 -1.75551124e-01 
 1.88000000e-09 -1.76407372e-01 
 1.90000000e-09 -1.77226546e-01 
 1.92000000e-09 -1.78008920e-01 
 1.94000000e-09 -1.78754773e-01 
 1.96000000e-09 -1.79464386e-01 
 1.98000000e-09 -1.80138047e-01 
 2.00000000e-09 -1.80776042e-01 
 2.02000000e-09 -1.81378661e-01 
 2.04000000e-09 -1.81946192e-01 
 2.06000000e-09 -1.82478928e-01 
 2.08000000e-09 -1.82977158e-01 
 2.10000000e-09 -1.83441172e-01 
 2.12000000e-09 -1.83871259e-01 
 2.14000000e-09 -1.84267708e-01 
 2.16000000e-09 -1.84630806e-01 
 2.18000000e-09 -1.84960837e-01 
 2.20000000e-09 -1.85258092e-01 
 2.22000000e-09 -1.85522849e-01 
 2.24000000e-09 -1.85755375e-01 
 2.26000000e-09 -1.85955956e-01 
 2.28000000e-09 -1.86124868e-01 
 2.30000000e-09 -1.86262385e-01 
 2.32000000e-09 -1.86368777e-01 
 2.34000000e-09 -1.86444314e-01 
 2.36000000e-09 -1.86489261e-01 
 2.38000000e-09 -1.86503884e-01 
 2.40000000e-09 -1.86488444e-01 
 2.42000000e-09 -1.86443202e-01 
 2.44000000e-09 -1.86368414e-01 
 2.46000000e-09 -1.86264338e-01 
 2.48000000e-09 -1.86131227e-01 
 2.50000000e-09 -1.85969334e-01 
 2.52000000e-09 -1.85778910e-01 
 2.54000000e-09 -1.85560203e-01 
 2.56000000e-09 -1.85313460e-01 
 2.58000000e-09 -1.85038929e-01 
 2.60000000e-09 -1.84736854e-01 
 2.62000000e-09 -1.84407479e-01 
 2.64000000e-09 -1.84051046e-01 
 2.66000000e-09 -1.83667798e-01 
 2.68000000e-09 -1.83257974e-01 
 2.70000000e-09 -1.82821816e-01 
 2.72000000e-09 -1.82359562e-01 
 2.74000000e-09 -1.81871452e-01 
 2.76000000e-09 -1.81357724e-01 
 2.78000000e-09 -1.80818617e-01 
 2.80000000e-09 -1.80254368e-01 
 2.82000000e-09 -1.79665217e-01 
 2.84000000e-09 -1.79051401e-01 
 2.86000000e-09 -1.78413159e-01 
 2.88000000e-09 -1.77750728e-01 
 2.90000000e-09 -1.77064348e-01 
 2.92000000e-09 -1.76354267e-01 
 2.94000000e-09 -1.75620717e-01 
 2.96000000e-09 -1.74863928e-01 
 2.98000000e-09 -1.74084145e-01 
 3.00000000e-09 -1.73281614e-01 
 3.02000000e-09 -1.72456577e-01 
 3.04000000e-09 -1.71609278e-01 
 3.06000000e-09 -1.70739959e-01 
 3.08000000e-09 -1.69848867e-01 
 3.10000000e-09 -1.68936246e-01 
 3.12000000e-09 -1.68002343e-01 
 3.14000000e-09 -1.67047406e-01 
 3.16000000e-09 -1.66071684e-01 
 3.18000000e-09 -1.65075427e-01 
 3.20000000e-09 -1.64058885e-01 
 3.22000000e-09 -1.63022311e-01 
 3.24000000e-09 -1.61965958e-01 
 3.26000000e-09 -1.60890081e-01 
 3.28000000e-09 -1.59794933e-01 
 3.30000000e-09 -1.58680773e-01 
 3.32000000e-09 -1.57547856e-01 
 3.34000000e-09 -1.56396442e-01 
 3.36000000e-09 -1.55226790e-01 
 3.38000000e-09 -1.54039160e-01 
 3.40000000e-09 -1.52833813e-01 
 3.42000000e-09 -1.51611010e-01 
 3.44000000e-09 -1.50371015e-01 
 3.46000000e-09 -1.49114091e-01 
 3.48000000e-09 -1.47840500e-01 
 3.50000000e-09 -1.46550506e-01 
 3.52000000e-09 -1.45244375e-01 
 3.54000000e-09 -1.43922370e-01 
 3.56000000e-09 -1.42584755e-01 
 3.58000000e-09 -1.41231796e-01 
 3.60000000e-09 -1.39863755e-01 
 3.62000000e-09 -1.38480897e-01 
 3.64000000e-09 -1.37083484e-01 
 3.66000000e-09 -1.35671778e-01 
 3.68000000e-09 -1.34246040e-01 
 3.70000000e-09 -1.32806531e-01 
 3.72000000e-09 -1.31353509e-01 
 3.74000000e-09 -1.29887231e-01 
 3.76000000e-09 -1.28407952e-01 
 3.78000000e-09 -1.26915924e-01 
 3.80000000e-09 -1.25411399e-01 
 3.82000000e-09 -1.23894625e-01 
 3.84000000e-09 -1.22365847e-01 
 3.86000000e-09 -1.20825306e-01 
 3.88000000e-09 -1.19273243e-01 
 3.90000000e-09 -1.17709891e-01 
 3.92000000e-09 -1.16135483e-01 
 3.94000000e-09 -1.14550245e-01 
 3.96000000e-09 -1.12954399e-01 
 3.98000000e-09 -1.11348163e-01 
 4.00000000e-09 -1.09731750e-01 
 4.02000000e-09 -1.08105366e-01 
 4.04000000e-09 -1.06469214e-01 
 4.06000000e-09 -1.04823487e-01 
 4.08000000e-09 -1.03168375e-01 
 4.10000000e-09 -1.01504061e-01 
 4.12000000e-09 -9.98307187e-02 
 4.14000000e-09 -9.81485171e-02 
 4.16000000e-09 -9.64576164e-02 
 4.18000000e-09 -9.47581692e-02 
 4.20000000e-09 -9.30503200e-02 
 4.22000000e-09 -9.13342048e-02 
 4.24000000e-09 -8.96099509e-02 
 4.26000000e-09 -8.78776769e-02 
 4.28000000e-09 -8.61374918e-02 
 4.30000000e-09 -8.43894956e-02 
 4.32000000e-09 -8.26337782e-02 
 4.34000000e-09 -8.08704199e-02 
 4.36000000e-09 -7.90994907e-02 
 4.38000000e-09 -7.73210507e-02 
 4.40000000e-09 -7.55351491e-02 
 4.42000000e-09 -7.37418247e-02 
 4.44000000e-09 -7.19411056e-02 
 4.46000000e-09 -7.01330090e-02 
 4.48000000e-09 -6.83175411e-02 
 4.50000000e-09 -6.64946971e-02 
 4.52000000e-09 -6.46644610e-02 
 4.54000000e-09 -6.28268058e-02 
 4.56000000e-09 -6.09816932e-02 
 4.58000000e-09 -5.91290676e-02 
 4.60000000e-09 -5.72688664e-02 
 4.62000000e-09 -5.54010244e-02 
 4.64000000e-09 -5.35254611e-02 
 4.66000000e-09 -5.16420830e-02 
 4.68000000e-09 -4.97507852e-02 
 4.70000000e-09 -4.78514528e-02 
 4.72000000e-09 -4.59439598e-02 
 4.74000000e-09 -4.40281703e-02 
 4.76000000e-09 -4.21039381e-02 
 4.78000000e-09 -4.01711074e-02 
 4.80000000e-09 -3.82295125e-02 
 4.82000000e-09 -3.62789787e-02 
 4.84000000e-09 -3.43193224e-02 
 4.86000000e-09 -3.23503513e-02 
 4.88000000e-09 -3.03718654e-02 
 4.90000000e-09 -2.83836568e-02 
 4.92000000e-09 -2.63855104e-02 
 4.94000000e-09 -2.43772051e-02 
 4.96000000e-09 -2.23585134e-02 
 4.98000000e-09 -2.03292029e-02 
 5.00000000e-09 -1.82890367e-02 
 5.02000000e-09 -1.62377743e-02 
 5.04000000e-09 -1.41751724e-02 
 5.06000000e-09 -1.21009863e-02 
 5.08000000e-09 -1.00149705e-02 
 5.10000000e-09 -7.91688010e-03 
 5.12000000e-09 -5.80647221e-03 
 5.14000000e-09 -3.68350726e-03 
 5.16000000e-09 -1.54775057e-03 
 5.18000000e-09  6.01025890e-04 
 5.20000000e-09  2.76304178e-03 
 5.22000000e-09  4.93850625e-03 
 5.24000000e-09  7.12761592e-03 
 5.26000000e-09  9.33055247e-03 
 5.28000000e-09  1.15474802e-02 
 5.30000000e-09  1.37785434e-02 
 5.32000000e-09  1.60238635e-02 
 5.34000000e-09  1.82835360e-02 
 5.36000000e-09  2.05576275e-02 
 5.38000000e-09  2.28461721e-02 
 5.40000000e-09  2.51491682e-02 
 5.42000000e-09  2.74665751e-02 
 5.44000000e-09  2.97983087e-02 
 5.46000000e-09  3.21442385e-02 
 5.48000000e-09  3.45041835e-02 
 5.50000000e-09  3.68779084e-02 
 5.52000000e-09  3.92651201e-02 
 5.54000000e-09  4.16654845e-02 
 5.56000000e-09  4.40785880e-02 
 5.58000000e-09  4.65039194e-02 
 5.60000000e-09  4.89409119e-02 
 5.62000000e-09  5.13889349e-02 
 5.64000000e-09  5.38472818e-02 
 5.66000000e-09  5.63151692e-02 
 5.68000000e-09  5.87917354e-02 
 5.70000000e-09  6.12760400e-02 
 5.72000000e-09  6.37670647e-02 
 5.74000000e-09  6.62637137e-02 
 5.76000000e-09  6.87648161e-02 
 5.78000000e-09  7.12691279e-02 
 5.80000000e-09  7.37753357e-02 
 5.82000000e-09  7.62820604e-02 
 5.84000000e-09  7.87878627e-02 
 5.86000000e-09  8.12912478e-02 
 5.88000000e-09  8.37906724e-02 
 5.90000000e-09  8.62845509e-02 
 5.92000000e-09  8.87712629e-02 
 5.94000000e-09  9.12491608e-02 
 5.96000000e-09  9.37165780e-02 
 5.98000000e-09  9.61718367e-02 
 6.00000000e-09  9.86132564e-02 
 6.02000000e-09  1.01039162e-01 
 6.04000000e-09  1.03447892e-01 
 6.06000000e-09  1.05837807e-01 
 6.08000000e-09  1.08207294e-01 
 6.10000000e-09  1.10554779e-01 
 6.12000000e-09  1.12878729e-01 
 6.14000000e-09  1.15177659e-01 
 6.16000000e-09  1.17450138e-01 
 6.18000000e-09  1.19694794e-01 
 6.20000000e-09  1.21910318e-01 
 6.22000000e-09  1.24095467e-01 
 6.24000000e-09  1.26249066e-01 
 6.26000000e-09  1.28370010e-01 
 6.28000000e-09  1.30457268e-01 
 6.30000000e-09  1.32509882e-01 
 6.32000000e-09  1.34526966e-01 
 6.34000000e-09  1.36507707e-01 
 6.36000000e-09  1.38451365e-01 
 6.38000000e-09  1.40357269e-01 
 6.40000000e-09  1.42224821e-01 
 6.42000000e-09  1.44053488e-01 
 6.44000000e-09  1.45842800e-01 
 6.46000000e-09  1.47592355e-01 
 6.48000000e-09  1.49301806e-01 
 6.50000000e-09  1.50970867e-01 
 6.52000000e-09  1.52599304e-01 
 6.54000000e-09  1.54186936e-01 
 6.56000000e-09  1.55733630e-01 
 6.58000000e-09  1.57239299e-01 
 6.60000000e-09  1.58703897e-01 
 6.62000000e-09  1.60127418e-01 
 6.64000000e-09  1.61509895e-01 
 6.66000000e-09  1.62851392e-01 
 6.68000000e-09  1.64152005e-01 
 6.70000000e-09  1.65411858e-01 
 6.72000000e-09  1.66631103e-01 
 6.74000000e-09  1.67809913e-01 
 6.76000000e-09  1.68948484e-01 
 6.78000000e-09  1.70047031e-01 
 6.80000000e-09  1.71105784e-01 
 6.82000000e-09  1.72124990e-01 
 6.84000000e-09  1.73104911e-01 
 6.86000000e-09  1.74045817e-01 
 6.88000000e-09  1.74947990e-01 
 6.90000000e-09  1.75811722e-01 
 6.92000000e-09  1.76637311e-01 
 6.94000000e-09  1.77425060e-01 
 6.96000000e-09  1.78175278e-01 
 6.98000000e-09  1.78888281e-01 
 7.00000000e-09  1.79564382e-01 
 7.02000000e-09  1.80203903e-01 
 7.04000000e-09  1.80807162e-01 
 7.06000000e-09  1.81374481e-01 
 7.08000000e-09  1.81906181e-01 
 7.10000000e-09  1.82402584e-01 
 7.12000000e-09  1.82864009e-01 
 7.14000000e-09  1.83290776e-01 
 7.16000000e-09  1.83683201e-01 
 7.18000000e-09  1.84041602e-01 
 7.20000000e-09  1.84366291e-01 
 7.22000000e-09  1.84657587e-01 
 7.24000000e-09  1.84915793e-01 
 7.26000000e-09  1.85141207e-01 
 7.28000000e-09  1.85334135e-01 
 7.30000000e-09  1.85494882e-01 
 7.32000000e-09  1.85623746e-01 
 7.34000000e-09  1.85721021e-01 
 7.36000000e-09  1.85786999e-01 
 7.38000000e-09  1.85821969e-01 
 7.40000000e-09  1.85826218e-01 
 7.42000000e-09  1.85800028e-01 
 7.44000000e-09  1.85743680e-01 
 7.46000000e-09  1.85657452e-01 
 7.48000000e-09  1.85541620e-01 
 7.50000000e-09  1.85396456e-01 
 7.52000000e-09  1.85222231e-01 
 7.54000000e-09  1.85019213e-01 
 7.56000000e-09  1.84787668e-01 
 7.58000000e-09  1.84527861e-01 
 7.60000000e-09  1.84240052e-01 
 7.62000000e-09  1.83924503e-01 
 7.64000000e-09  1.83581473e-01 
 7.66000000e-09  1.83211217e-01 
 7.68000000e-09  1.82813993e-01 
 7.70000000e-09  1.82390054e-01 
 7.72000000e-09  1.81939654e-01 
 7.74000000e-09  1.81463044e-01 
 7.76000000e-09  1.80960477e-01 
 7.78000000e-09  1.80432203e-01 
 7.80000000e-09  1.79878472e-01 
 7.82000000e-09  1.79299533e-01 
 7.84000000e-09  1.78695636e-01 
 7.86000000e-09  1.78067028e-01 
 7.88000000e-09  1.77413959e-01 
 7.90000000e-09  1.76736676e-01 
 7.92000000e-09  1.76035437e-01 
 7.94000000e-09  1.75310485e-01 
 7.96000000e-09  1.74562055e-01 
 7.98000000e-09  1.73790402e-01 
 8.00000000e-09  1.72995781e-01 
 8.02000000e-09  1.72178439e-01 
 8.04000000e-09  1.71338629e-01 
 8.06000000e-09  1.70476599e-01 
 8.08000000e-09  1.69592603e-01 
 8.10000000e-09  1.68686892e-01 
 8.12000000e-09  1.67759719e-01 
 8.14000000e-09  1.66811337e-01 
 8.16000000e-09  1.65842002e-01 
 8.18000000e-09  1.64851968e-01 
 8.20000000e-09  1.63841492e-01 
 8.22000000e-09  1.62810830e-01 
 8.24000000e-09  1.61760241e-01 
 8.26000000e-09  1.60689984e-01 
 8.28000000e-09  1.59600318e-01 
 8.30000000e-09  1.58491504e-01 
 8.32000000e-09  1.57363804e-01 
 8.34000000e-09  1.56217479e-01 
 8.36000000e-09  1.55052793e-01 
 8.38000000e-09  1.53870010e-01 
 8.40000000e-09  1.52669395e-01 
 8.42000000e-09  1.51451212e-01 
 8.44000000e-09  1.50215727e-01 
 8.46000000e-09  1.48963206e-01 
 8.48000000e-09  1.47693916e-01 
 8.50000000e-09  1.46408124e-01 
 8.52000000e-09  1.45106097e-01 
 8.54000000e-09  1.43788102e-01 
 8.56000000e-09  1.42454405e-01 
 8.58000000e-09  1.41105273e-01 
 8.60000000e-09  1.39740973e-01 
 8.62000000e-09  1.38361771e-01 
 8.64000000e-09  1.36967932e-01 
 8.66000000e-09  1.35559719e-01 
 8.68000000e-09  1.34137397e-01 
 8.70000000e-09  1.32701226e-01 
 8.72000000e-09  1.31251468e-01 
 8.74000000e-09  1.29788382e-01 
 8.76000000e-09  1.28312223e-01 
 8.78000000e-09  1.26823248e-01 
 8.80000000e-09  1.25321707e-01 
 8.82000000e-09  1.23807851e-01 
 8.84000000e-09  1.22281927e-01 
 8.86000000e-09  1.20744179e-01 
 8.88000000e-09  1.19194846e-01 
 8.90000000e-09  1.17634165e-01 
 8.92000000e-09  1.16062368e-01 
 8.94000000e-09  1.14479684e-01 
 8.96000000e-09  1.12886337e-01 
 8.98000000e-09  1.11282546e-01 
 9.00000000e-09  1.09668523e-01 
 9.02000000e-09  1.08044477e-01 
 9.04000000e-09  1.06410611e-01 
 9.06000000e-09  1.04767121e-01 
 9.08000000e-09  1.03114197e-01 
 9.10000000e-09  1.01452022e-01 
 9.12000000e-09  9.97807727e-02 
 9.14000000e-09  9.81006175e-02 
 9.16000000e-09  9.64117181e-02 
 9.18000000e-09  9.47142281e-02 
 9.20000000e-09  9.30082927e-02 
 9.22000000e-09  9.12940489e-02 
 9.24000000e-09  8.95716251e-02 
 9.26000000e-09  8.78411404e-02 
 9.28000000e-09  8.61027048e-02 
 9.30000000e-09  8.43564191e-02 
 9.32000000e-09  8.26023741e-02 
 9.34000000e-09  8.08406507e-02 
 9.36000000e-09  7.90713200e-02 
 9.38000000e-09  7.72944425e-02 
 9.40000000e-09  7.55100684e-02 
 9.42000000e-09  7.37182373e-02 
 9.44000000e-09  7.19189779e-02 
 9.46000000e-09  7.01123081e-02 
 9.48000000e-09  6.82982350e-02 
 9.50000000e-09  6.64767543e-02 
 9.52000000e-09  6.46478509e-02 
 9.54000000e-09  6.28114984e-02 
 9.56000000e-09  6.09676592e-02 
 9.58000000e-09  5.91162785e-02 
 9.60000000e-09  5.72572943e-02 
 9.62000000e-09  5.53906420e-02 
 9.64000000e-09  5.35162420e-02 
 9.66000000e-09  5.16340011e-02 
 9.68000000e-09  4.97438155e-02 
 9.70000000e-09  4.78455706e-02 
 9.72000000e-09  4.59391413e-02 
 9.74000000e-09  4.40243922e-02 
 9.76000000e-09  4.21011777e-02 
 9.78000000e-09  4.01693426e-02 
 9.80000000e-09  3.82287219e-02 
 9.82000000e-09  3.62791415e-02 
 9.84000000e-09  3.43204183e-02 
 9.86000000e-09  3.23523607e-02 
 9.88000000e-09  3.03747691e-02 
 9.90000000e-09  2.83874362e-02 
 9.92000000e-09  2.63901476e-02 
 9.94000000e-09  2.43826825e-02 
 9.96000000e-09  2.23648139e-02 
 9.98000000e-09  2.03363101e-02 
 1.00000000e-08  1.82969344e-02 
 1.00200000e-08  1.62464469e-02 
 1.00400000e-08  1.41846047e-02 
 1.00600000e-08  1.21111634e-02 
 1.00800000e-08  1.00258779e-02 
 1.01000000e-08  7.92850371e-03 
 1.01200000e-08  5.81879814e-03 
 1.01400000e-08  3.69652191e-03 
 1.01600000e-08  1.56144060e-03 
 1.01800000e-08 -5.86673665e-04 
 1.02000000e-08 -2.74804034e-03 
 1.02200000e-08 -4.92286850e-03 
 1.02400000e-08 -7.11135467e-03 
 1.02600000e-08 -9.31368052e-03 
 1.02800000e-08 -1.15300104e-02 
 1.03000000e-08 -1.37604886e-02 
 1.03200000e-08 -1.60052367e-02 
 1.03400000e-08 -1.82643504e-02 
 1.03600000e-08 -2.05378965e-02 
 1.03800000e-08 -2.28259094e-02 
 1.04000000e-08 -2.51283879e-02 
 1.04200000e-08 -2.74452915e-02 
 1.04400000e-08 -2.97765368e-02 
 1.04600000e-08 -3.21219938e-02 
 1.04800000e-08 -3.44814819e-02 
 1.05000000e-08 -3.68547664e-02 
 1.05200000e-08 -3.92415550e-02 
 1.05400000e-08 -4.16415142e-02 
 1.05600000e-08 -4.40542312e-02 
 1.05800000e-08 -4.64791956e-02 
 1.06000000e-08 -4.89158413e-02 
 1.06200000e-08 -5.13635384e-02 
 1.06400000e-08 -5.38215813e-02 
 1.06600000e-08 -5.62891874e-02 
 1.06800000e-08 -5.87654955e-02 
 1.07000000e-08 -6.12495664e-02 
 1.07200000e-08 -6.37403821e-02 
 1.07400000e-08 -6.62368479e-02 
 1.07600000e-08 -6.87377931e-02 
 1.07800000e-08 -7.12419745e-02 
 1.08000000e-08 -7.37480791e-02 
 1.08200000e-08 -7.62547282e-02 
 1.08400000e-08 -7.87604826e-02 
 1.08600000e-08 -8.12638479e-02 
 1.08800000e-08 -8.37632807e-02 
 1.09000000e-08 -8.62571952e-02 
 1.09200000e-08 -8.87439711e-02 
 1.09400000e-08 -9.12219602e-02 
 1.09600000e-08 -9.36894956e-02 
 1.09800000e-08 -9.61448989e-02 
 1.10000000e-08 -9.85864889e-02 
 1.10200000e-08 -1.01012590e-01 
 1.10400000e-08 -1.03421539e-01 
 1.10600000e-08 -1.05811696e-01 
 1.10800000e-08 -1.08181447e-01 
 1.11000000e-08 -1.10529217e-01 
 1.11200000e-08 -1.12853471e-01 
 1.11400000e-08 -1.15152723e-01 
 1.11600000e-08 -1.17425541e-01 
 1.11800000e-08 -1.19670553e-01 
 1.12000000e-08 -1.21886446e-01 
 1.12200000e-08 -1.24071977e-01 
 1.12400000e-08 -1.26225968e-01 
 1.12600000e-08 -1.28347316e-01 
 1.12800000e-08 -1.30434987e-01 
 1.13000000e-08 -1.32488020e-01 
 1.13200000e-08 -1.34505529e-01 
 1.13400000e-08 -1.36486700e-01 
 1.13600000e-08 -1.38430792e-01 
 1.13800000e-08 -1.40337134e-01 
 1.14000000e-08 -1.42205124e-01 
 1.14200000e-08 -1.44034229e-01 
 1.14400000e-08 -1.45823979e-01 
 1.14600000e-08 -1.47573971e-01 
 1.14800000e-08 -1.49283857e-01 
 1.15000000e-08 -1.50953349e-01 
 1.15200000e-08 -1.52582214e-01 
 1.15400000e-08 -1.54170271e-01 
 1.15600000e-08 -1.55717384e-01 
 1.15800000e-08 -1.57223466e-01 
 1.16000000e-08 -1.58688472e-01 
 1.16200000e-08 -1.60112395e-01 
 1.16400000e-08 -1.61495267e-01 
 1.16600000e-08 -1.62837152e-01 
 1.16800000e-08 -1.64138146e-01 
 1.17000000e-08 -1.65398373e-01 
 1.17200000e-08 -1.66617984e-01 
 1.17400000e-08 -1.67797153e-01 
 1.17600000e-08 -1.68936074e-01 
 1.17800000e-08 -1.70034963e-01 
 1.18000000e-08 -1.71094051e-01 
 1.18200000e-08 -1.72113584e-01 
 1.18400000e-08 -1.73093823e-01 
 1.18600000e-08 -1.74035040e-01 
 1.18800000e-08 -1.74937517e-01 
 1.19000000e-08 -1.75801544e-01 
 1.19200000e-08 -1.76627419e-01 
 1.19400000e-08 -1.77415447e-01 
 1.19600000e-08 -1.78165938e-01 
 1.19800000e-08 -1.78879205e-01 
 1.20000000e-08 -1.79555564e-01 
 1.20200000e-08 -1.80195334e-01 
 1.20400000e-08 -1.80798836e-01 
 1.20600000e-08 -1.81366391e-01 
 1.20800000e-08 -1.81898321e-01 
 1.21000000e-08 -1.82394945e-01 
 1.21200000e-08 -1.82856586e-01 
 1.21400000e-08 -1.83283563e-01 
 1.21600000e-08 -1.83676192e-01 
 1.21800000e-08 -1.84034790e-01 
 1.22000000e-08 -1.84359671e-01 
 1.22200000e-08 -1.84651152e-01 
 1.22400000e-08 -1.84909539e-01 
 1.22600000e-08 -1.85135128e-01 
 1.22800000e-08 -1.85328226e-01 
 1.23000000e-08 -1.85489138e-01 
 1.23200000e-08 -1.85618162e-01 
 1.23400000e-08 -1.85715591e-01 
 1.23600000e-08 -1.85781720e-01 
 1.23800000e-08 -1.85816836e-01 
 1.24000000e-08 -1.85821226e-01 
 1.24200000e-08 -1.85795173e-01 
 1.24400000e-08 -1.85738959e-01 
 1.24600000e-08 -1.85652861e-01 
 1.24800000e-08 -1.85537154e-01 
 1.25000000e-08 -1.85392112e-01 
 1.25200000e-08 -1.85218005e-01 
 1.25400000e-08 -1.85015102e-01 
 1.25600000e-08 -1.84783669e-01 
 1.25800000e-08 -1.84523969e-01 
 1.26000000e-08 -1.84236266e-01 
 1.26200000e-08 -1.83920819e-01 
 1.26400000e-08 -1.83577887e-01 
 1.26600000e-08 -1.83207728e-01 
 1.26800000e-08 -1.82810597e-01 
 1.27000000e-08 -1.82386749e-01 
 1.27200000e-08 -1.81936437e-01 
 1.27400000e-08 -1.81459914e-01 
 1.27600000e-08 -1.80957430e-01 
 1.27800000e-08 -1.80429237e-01 
 1.28000000e-08 -1.79875585e-01 
 1.28200000e-08 -1.79296722e-01 
 1.28400000e-08 -1.78692899e-01 
 1.28600000e-08 -1.78064364e-01 
 1.28800000e-08 -1.77411365e-01 
 1.29000000e-08 -1.76734151e-01 
 1.29200000e-08 -1.76032979e-01 
 1.29400000e-08 -1.75308091e-01 
 1.29600000e-08 -1.74559725e-01 
 1.29800000e-08 -1.73788134e-01 
 1.30000000e-08 -1.72993572e-01 
 1.30200000e-08 -1.72176289e-01 
 1.30400000e-08 -1.71336535e-01 
 1.30600000e-08 -1.70474562e-01 
 1.30800000e-08 -1.69590619e-01 
 1.31000000e-08 -1.68684961e-01 
 1.31200000e-08 -1.67757839e-01 
 1.31400000e-08 -1.66809507e-01 
 1.31600000e-08 -1.65840220e-01 
 1.31800000e-08 -1.64850234e-01 
 1.32000000e-08 -1.63839804e-01 
 1.32200000e-08 -1.62809187e-01 
 1.32400000e-08 -1.61758642e-01 
 1.32600000e-08 -1.60688428e-01 
 1.32800000e-08 -1.59598804e-01 
 1.33000000e-08 -1.58490031e-01 
 1.33200000e-08 -1.57362370e-01 
 1.33400000e-08 -1.56216084e-01 
 1.33600000e-08 -1.55051437e-01 
 1.33800000e-08 -1.53868691e-01 
 1.34000000e-08 -1.52668111e-01 
 1.34200000e-08 -1.51449963e-01 
 1.34400000e-08 -1.50214513e-01 
 1.34600000e-08 -1.48962026e-01 
 1.34800000e-08 -1.47692769e-01 
 1.35000000e-08 -1.46407009e-01 
 1.35200000e-08 -1.45105013e-01 
 1.35400000e-08 -1.43787048e-01 
 1.35600000e-08 -1.42453381e-01 
 1.35800000e-08 -1.41104279e-01 
 1.36000000e-08 -1.39740007e-01 
 1.36200000e-08 -1.38360833e-01 
 1.36400000e-08 -1.36967021e-01 
 1.36600000e-08 -1.35558835e-01 
 1.36800000e-08 -1.34136538e-01 
 1.37000000e-08 -1.32700393e-01 
 1.37200000e-08 -1.31250660e-01 
 1.37400000e-08 -1.29787598e-01 
 1.37600000e-08 -1.28311463e-01 
 1.37800000e-08 -1.26822511e-01 
 1.38000000e-08 -1.25320993e-01 
 1.38200000e-08 -1.23807159e-01 
 1.38400000e-08 -1.22281257e-01 
 1.38600000e-08 -1.20743529e-01 
 1.38800000e-08 -1.19194217e-01 
 1.39000000e-08 -1.17633556e-01 
 1.39200000e-08 -1.16061779e-01 
 1.39400000e-08 -1.14479115e-01 
 1.39600000e-08 -1.12885787e-01 
 1.39800000e-08 -1.11282014e-01 
 1.40000000e-08 -1.09668009e-01 
 1.40200000e-08 -1.08043981e-01 
 1.40400000e-08 -1.06410132e-01 
 1.40600000e-08 -1.04766659e-01 
 1.40800000e-08 -1.03113751e-01 
 1.41000000e-08 -1.01451593e-01 
 1.41200000e-08 -9.97803588e-02 
 1.41400000e-08 -9.81002189e-02 
 1.41600000e-08 -9.64113346e-02 
 1.41800000e-08 -9.47138592e-02 
 1.42000000e-08 -9.30079382e-02 
 1.42200000e-08 -9.12937085e-02 
 1.42400000e-08 -8.95712984e-02 
 1.42600000e-08 -8.78408271e-02 
 1.42800000e-08 -8.61024047e-02 
 1.43000000e-08 -8.43561318e-02 
 1.43200000e-08 -8.26020993e-02 
 1.43400000e-08 -8.08403882e-02 
 1.43600000e-08 -7.90710694e-02 
 1.43800000e-08 -7.72942036e-02 
 1.44000000e-08 -7.55098410e-02 
 1.44200000e-08 -7.37180210e-02 
 1.44400000e-08 -7.19187725e-02 
 1.44600000e-08 -7.01121134e-02 
 1.44800000e-08 -6.82980506e-02 
 1.45000000e-08 -6.64765801e-02 
 1.45200000e-08 -6.46476867e-02 
 1.45400000e-08 -6.28113439e-02 
 1.45600000e-08 -6.09675142e-02 
 1.45800000e-08 -5.91161427e-02 
 1.46000000e-08 -5.72571676e-02 
 1.46200000e-08 -5.53905241e-02 
 1.46400000e-08 -5.35161328e-02 
 1.46600000e-08 -5.16339004e-02 
 1.46800000e-08 -4.97437230e-02 
 1.47000000e-08 -4.78454862e-02 
 1.47200000e-08 -4.59390648e-02 
 1.47400000e-08 -4.40243233e-02 
 1.47600000e-08 -4.21011164e-02 
 1.47800000e-08 -4.01692887e-02 
 1.48000000e-08 -3.82286752e-02 
 1.48200000e-08 -3.62791018e-02 
 1.48400000e-08 -3.43203855e-02 
 1.48600000e-08 -3.23523347e-02 
 1.48800000e-08 -3.03747497e-02 
 1.49000000e-08 -2.83874233e-02 
 1.49200000e-08 -2.63901410e-02 
 1.49400000e-08 -2.43826821e-02 
 1.49600000e-08 -2.23648196e-02 
 1.49800000e-08 -2.03363217e-02 
 1.50000000e-08 -1.82969519e-02 
 1.50200000e-08 -1.62464701e-02 
 1.50400000e-08 -1.41846335e-02 
 1.50600000e-08 -1.21111977e-02 
 1.50800000e-08 -1.00259175e-02 
 1.51000000e-08 -7.92854858e-03 
 1.51200000e-08 -5.81884816e-03 
 1.51400000e-08 -3.69657699e-03 
 1.51600000e-08 -1.56150064e-03 
 1.51800000e-08  5.86608770e-04 
 1.52000000e-08  2.74797069e-03 
 1.52200000e-08  4.92279418e-03 
 1.52400000e-08  7.11127578e-03 
 1.52600000e-08  9.31359715e-03 
 1.52800000e-08  1.15299226e-02 
 1.53000000e-08  1.37603966e-02 
 1.53200000e-08  1.60051405e-02 
 1.53400000e-08  1.82642501e-02 
 1.53600000e-08  2.05377921e-02 
 1.53800000e-08  2.28258011e-02 
 1.54000000e-08  2.51282758e-02 
 1.54200000e-08  2.74451757e-02 
 1.54400000e-08  2.97764175e-02 
 1.54600000e-08  3.21218709e-02 
 1.54800000e-08  3.44813556e-02 
 1.55000000e-08  3.68546368e-02 
 1.55200000e-08  3.92414222e-02 
 1.55400000e-08  4.16413784e-02 
 1.55600000e-08  4.40540926e-02 
 1.55800000e-08  4.64790541e-02 
 1.56000000e-08  4.89156971e-02 
 1.56200000e-08  5.13633918e-02 
 1.56400000e-08  5.38214323e-02 
 1.56600000e-08  5.62890362e-02 
 1.56800000e-08  5.87653423e-02 
 1.57000000e-08  6.12494112e-02 
 1.57200000e-08  6.37402252e-02 
 1.57400000e-08  6.62366894e-02 
 1.57600000e-08  6.87376332e-02 
 1.57800000e-08  7.12418134e-02 
 1.58000000e-08  7.37479169e-02 
 1.58200000e-08  7.62545651e-02 
 1.58400000e-08  7.87603189e-02 
 1.58600000e-08  8.12636837e-02 
 1.58800000e-08  8.37631161e-02 
 1.59000000e-08  8.62570306e-02 
 1.59200000e-08  8.87438064e-02 
 1.59400000e-08  9.12217958e-02 
 1.59600000e-08  9.36893316e-02 
 1.59800000e-08  9.61447355e-02 
 1.60000000e-08  9.85863262e-02 
 1.60200000e-08  1.01012428e-01 
 1.60400000e-08  1.03421378e-01 
 1.60600000e-08  1.05811536e-01 
 1.60800000e-08  1.08181289e-01 
 1.61000000e-08  1.10529060e-01 
 1.61200000e-08  1.12853316e-01 
 1.61400000e-08  1.15152570e-01 
 1.61600000e-08  1.17425390e-01 
 1.61800000e-08  1.19670404e-01 
 1.62000000e-08  1.21886299e-01 
 1.62200000e-08  1.24071832e-01 
 1.62400000e-08  1.26225826e-01 
 1.62600000e-08  1.28347176e-01 
 1.62800000e-08  1.30434849e-01 
 1.63000000e-08  1.32487884e-01 
 1.63200000e-08  1.34505396e-01 
 1.63400000e-08  1.36486570e-01 
 1.63600000e-08  1.38430664e-01 
 1.63800000e-08  1.40337008e-01 
 1.64000000e-08  1.42205001e-01 
 1.64200000e-08  1.44034108e-01 
 1.64400000e-08  1.45823862e-01 
 1.64600000e-08  1.47573856e-01 
 1.64800000e-08  1.49283744e-01 
 1.65000000e-08  1.50953240e-01 
 1.65200000e-08  1.52582107e-01 
 1.65400000e-08  1.54170166e-01 
 1.65600000e-08  1.55717282e-01 
 1.65800000e-08  1.57223367e-01 
 1.66000000e-08  1.58688375e-01 
 1.66200000e-08  1.60112301e-01 
 1.66400000e-08  1.61495175e-01 
 1.66600000e-08  1.62837062e-01 
 1.66800000e-08  1.64138059e-01 
 1.67000000e-08  1.65398288e-01 
 1.67200000e-08  1.66617901e-01 
 1.67400000e-08  1.67797072e-01 
 1.67600000e-08  1.68935996e-01 
 1.67800000e-08  1.70034887e-01 
 1.68000000e-08  1.71093977e-01 
 1.68200000e-08  1.72113512e-01 
 1.68400000e-08  1.73093753e-01 
 1.68600000e-08  1.74034972e-01 
 1.68800000e-08  1.74937450e-01 
 1.69000000e-08  1.75801479e-01 
 1.69200000e-08  1.76627356e-01 
 1.69400000e-08  1.77415386e-01 
 1.69600000e-08  1.78165879e-01 
 1.69800000e-08  1.78879147e-01 
 1.70000000e-08  1.79555508e-01 
 1.70200000e-08  1.80195280e-01 
 1.70400000e-08  1.80798783e-01 
 1.70600000e-08  1.81366340e-01 
 1.70800000e-08  1.81898270e-01 
 1.71000000e-08  1.82394897e-01 
 1.71200000e-08  1.82856539e-01 
 1.71400000e-08  1.83283517e-01 
 1.71600000e-08  1.83676147e-01 
 1.71800000e-08  1.84034747e-01 
 1.72000000e-08  1.84359628e-01 
 1.72200000e-08  1.84651111e-01 
 1.72400000e-08  1.84909499e-01 
 1.72600000e-08  1.85135089e-01 
 1.72800000e-08  1.85328188e-01 
 1.73000000e-08  1.85489101e-01 
 1.73200000e-08  1.85618126e-01 
 1.73400000e-08  1.85715557e-01 
 1.73600000e-08  1.85781686e-01 
 1.73800000e-08  1.85816803e-01 
 1.74000000e-08  1.85821194e-01 
 1.74200000e-08  1.85795142e-01 
 1.74400000e-08  1.85738929e-01 
 1.74600000e-08  1.85652831e-01 
 1.74800000e-08  1.85537125e-01 
 1.75000000e-08  1.85392084e-01 
 1.75200000e-08  1.85217978e-01 
 1.75400000e-08  1.85015076e-01 
 1.75600000e-08  1.84783643e-01 
 1.75800000e-08  1.84523944e-01 
 1.76000000e-08  1.84236241e-01 
 1.76200000e-08  1.83920795e-01 
 1.76400000e-08  1.83577864e-01 
 1.76600000e-08  1.83207705e-01 
 1.76800000e-08  1.82810575e-01 
 1.77000000e-08  1.82386728e-01 
 1.77200000e-08  1.81936416e-01 
 1.77400000e-08  1.81459893e-01 
 1.77600000e-08  1.80957410e-01 
 1.77800000e-08  1.80429218e-01 
 1.78000000e-08  1.79875566e-01 
 1.78200000e-08  1.79296704e-01 
 1.78400000e-08  1.78692882e-01 
 1.78600000e-08  1.78064347e-01 
 1.78800000e-08  1.77411348e-01 
 1.79000000e-08  1.76734135e-01 
 1.79200000e-08  1.76032963e-01 
 1.79400000e-08  1.75308076e-01 
 1.79600000e-08  1.74559710e-01 
 1.79800000e-08  1.73788119e-01 
 1.80000000e-08  1.72993558e-01 
 1.80200000e-08  1.72176275e-01 
 1.80400000e-08  1.71336522e-01 
 1.80600000e-08  1.70474548e-01 
 1.80800000e-08  1.69590606e-01 
 1.81000000e-08  1.68684948e-01 
 1.81200000e-08  1.67757827e-01 
 1.81400000e-08  1.66809495e-01 
 1.81600000e-08  1.65840209e-01 
 1.81800000e-08  1.64850223e-01 
 1.82000000e-08  1.63839793e-01 
 1.82200000e-08  1.62809177e-01 
 1.82400000e-08  1.61758632e-01 
 1.82600000e-08  1.60688418e-01 
 1.82800000e-08  1.59598794e-01 
 1.83000000e-08  1.58490021e-01 
 1.83200000e-08  1.57362361e-01 
 1.83400000e-08  1.56216075e-01 
 1.83600000e-08  1.55051428e-01 
 1.83800000e-08  1.53868682e-01 
 1.84000000e-08  1.52668103e-01 
 1.84200000e-08  1.51449955e-01 
 1.84400000e-08  1.50214505e-01 
 1.84600000e-08  1.48962018e-01 
 1.84800000e-08  1.47692761e-01 
 1.85000000e-08  1.46407002e-01 
 1.85200000e-08  1.45105006e-01 
 1.85400000e-08  1.43787041e-01 
 1.85600000e-08  1.42453374e-01 
 1.85800000e-08  1.41104272e-01 
 1.86000000e-08  1.39740001e-01 
 1.86200000e-08  1.38360827e-01 
 1.86400000e-08  1.36967015e-01 
 1.86600000e-08  1.35558829e-01 
 1.86800000e-08  1.34136533e-01 
 1.87000000e-08  1.32700388e-01 
 1.87200000e-08  1.31250655e-01 
 1.87400000e-08  1.29787593e-01 
 1.87600000e-08  1.28311458e-01 
 1.87800000e-08  1.26822506e-01 
 1.88000000e-08  1.25320988e-01 
 1.88200000e-08  1.23807155e-01 
 1.88400000e-08  1.22281252e-01 
 1.88600000e-08  1.20743525e-01 
 1.88800000e-08  1.19194213e-01 
 1.89000000e-08  1.17633552e-01 
 1.89200000e-08  1.16061775e-01 
 1.89400000e-08  1.14479111e-01 
 1.89600000e-08  1.12885783e-01 
 1.89800000e-08  1.11282010e-01 
 1.90000000e-08  1.09668006e-01 
 1.90200000e-08  1.08043978e-01 
 1.90400000e-08  1.06410129e-01 
 1.90600000e-08  1.04766656e-01 
 1.90800000e-08  1.03113749e-01 
 1.91000000e-08  1.01451590e-01 
 1.91200000e-08  9.97803561e-02 
 1.91400000e-08  9.81002164e-02 
 1.91600000e-08  9.64113321e-02 
 1.91800000e-08  9.47138569e-02 
 1.92000000e-08  9.30079360e-02 
 1.92200000e-08  9.12937064e-02 
 1.92400000e-08  8.95712963e-02 
 1.92600000e-08  8.78408251e-02 
 1.92800000e-08  8.61024028e-02 
 1.93000000e-08  8.43561300e-02 
 1.93200000e-08  8.26020975e-02 
 1.93400000e-08  8.08403865e-02 
 1.93600000e-08  7.90710678e-02 
 1.93800000e-08  7.72942021e-02 
 1.94000000e-08  7.55098395e-02 
 1.94200000e-08  7.37180196e-02 
 1.94400000e-08  7.19187712e-02 
 1.94600000e-08  7.01121121e-02 
 1.94800000e-08  6.82980495e-02 
 1.95000000e-08  6.64765790e-02 
 1.95200000e-08  6.46476856e-02 
 1.95400000e-08  6.28113429e-02 
 1.95600000e-08  6.09675133e-02 
 1.95800000e-08  5.91161419e-02 
 1.96000000e-08  5.72571668e-02 
 1.96200000e-08  5.53905234e-02 
 1.96400000e-08  5.35161321e-02 
 1.96600000e-08  5.16338998e-02 
 1.96800000e-08  4.97437225e-02 
 1.97000000e-08  4.78454857e-02 
 1.97200000e-08  4.59390643e-02 
 1.97400000e-08  4.40243229e-02 
 1.97600000e-08  4.21011161e-02 
 1.97800000e-08  4.01692884e-02 
 1.98000000e-08  3.82286749e-02 
 1.98200000e-08  3.62791016e-02 
 1.98400000e-08  3.43203854e-02 
 1.98600000e-08  3.23523346e-02 
 1.98800000e-08  3.03747496e-02 
 1.99000000e-08  2.83874233e-02 
 1.99200000e-08  2.63901411e-02 
 1.99400000e-08  2.43826821e-02 
 1.99600000e-08  2.23648198e-02 
 1.99800000e-08  2.03363219e-02 
 2.00000000e-08  1.82969521e-02 
 2.00200000e-08  1.62464703e-02 
 2.00400000e-08  1.41846337e-02 
 2.00600000e-08  1.21111980e-02 
 2.00800000e-08  1.00259179e-02 
 2.01000000e-08  7.92854894e-03 
 2.01200000e-08  5.81884856e-03 
 2.01400000e-08  3.69657742e-03 
 2.01600000e-08  1.56150110e-03 
 2.01800000e-08 -5.86608274e-04 
 2.02000000e-08 -2.74797016e-03 
 2.02200000e-08 -4.92279362e-03 
 2.02400000e-08 -7.11127519e-03 
 2.02600000e-08 -9.31359653e-03 
 2.02800000e-08 -1.15299220e-02 
 2.03000000e-08 -1.37603959e-02 
 2.03200000e-08 -1.60051398e-02 
 2.03400000e-08 -1.82642493e-02 
 2.03600000e-08 -2.05377913e-02 
 2.03800000e-08 -2.28258003e-02 
 2.04000000e-08 -2.51282750e-02 
 2.04200000e-08 -2.74451749e-02 
 2.04400000e-08 -2.97764166e-02 
 2.04600000e-08 -3.21218700e-02 
 2.04800000e-08 -3.44813547e-02 
 2.05000000e-08 -3.68546359e-02 
 2.05200000e-08 -3.92414213e-02 
 2.05400000e-08 -4.16413775e-02 
 2.05600000e-08 -4.40540916e-02 
 2.05800000e-08 -4.64790531e-02 
 2.06000000e-08 -4.89156961e-02 
 2.06200000e-08 -5.13633907e-02 
 2.06400000e-08 -5.38214313e-02 
 2.06600000e-08 -5.62890351e-02 
 2.06800000e-08 -5.87653412e-02 
 2.07000000e-08 -6.12494101e-02 
 2.07200000e-08 -6.37402241e-02 
 2.07400000e-08 -6.62366883e-02 
 2.07600000e-08 -6.87376321e-02 
 2.07800000e-08 -7.12418123e-02 
 2.08000000e-08 -7.37479157e-02 
 2.08200000e-08 -7.62545640e-02 
 2.08400000e-08 -7.87603177e-02 
 2.08600000e-08 -8.12636825e-02 
 2.08800000e-08 -8.37631150e-02 
 2.09000000e-08 -8.62570294e-02 
 2.09200000e-08 -8.87438053e-02 
 2.09400000e-08 -9.12217947e-02 
 2.09600000e-08 -9.36893305e-02 
 2.09800000e-08 -9.61447343e-02 
 2.10000000e-08 -9.85863251e-02 
 2.10200000e-08 -1.01012427e-01 
 2.10400000e-08 -1.03421377e-01 
 2.10600000e-08 -1.05811535e-01 
 2.10800000e-08 -1.08181288e-01 
 2.11000000e-08 -1.10529059e-01 
 2.11200000e-08 -1.12853315e-01 
 2.11400000e-08 -1.15152569e-01 
 2.11600000e-08 -1.17425389e-01 
 2.11800000e-08 -1.19670403e-01 
 2.12000000e-08 -1.21886298e-01 
 2.12200000e-08 -1.24071831e-01 
 2.12400000e-08 -1.26225825e-01 
 2.12600000e-08 -1.28347175e-01 
 2.12800000e-08 -1.30434848e-01 
 2.13000000e-08 -1.32487883e-01 
 2.13200000e-08 -1.34505395e-01 
 2.13400000e-08 -1.36486569e-01 
 2.13600000e-08 -1.38430663e-01 
 2.13800000e-08 -1.40337007e-01 
 2.14000000e-08 -1.42205000e-01 
 2.14200000e-08 -1.44034108e-01 
 2.14400000e-08 -1.45823861e-01 
 2.14600000e-08 -1.47573855e-01 
 2.14800000e-08 -1.49283744e-01 
 2.15000000e-08 -1.50953239e-01 
 2.15200000e-08 -1.52582107e-01 
 2.15400000e-08 -1.54170165e-01 
 2.15600000e-08 -1.55717281e-01 
 2.15800000e-08 -1.57223366e-01 
 2.16000000e-08 -1.58688374e-01 
 2.16200000e-08 -1.60112300e-01 
 2.16400000e-08 -1.61495174e-01 
 2.16600000e-08 -1.62837062e-01 
 2.16800000e-08 -1.64138058e-01 
 2.17000000e-08 -1.65398288e-01 
 2.17200000e-08 -1.66617901e-01 
 2.17400000e-08 -1.67797072e-01 
 2.17600000e-08 -1.68935995e-01 
 2.17800000e-08 -1.70034886e-01 
 2.18000000e-08 -1.71093976e-01 
 2.18200000e-08 -1.72113512e-01 
 2.18400000e-08 -1.73093753e-01 
 2.18600000e-08 -1.74034971e-01 
 2.18800000e-08 -1.74937450e-01 
 2.19000000e-08 -1.75801479e-01 
 2.19200000e-08 -1.76627356e-01 
 2.19400000e-08 -1.77415386e-01 
 2.19600000e-08 -1.78165878e-01 
 2.19800000e-08 -1.78879147e-01 
 2.20000000e-08 -1.79555507e-01 
 2.20200000e-08 -1.80195279e-01 
 2.20400000e-08 -1.80798783e-01 
 2.20600000e-08 -1.81366339e-01 
 2.20800000e-08 -1.81898270e-01 
 2.21000000e-08 -1.82394896e-01 
 2.21200000e-08 -1.82856539e-01 
 2.21400000e-08 -1.83283516e-01 
 2.21600000e-08 -1.83676147e-01 
 2.21800000e-08 -1.84034746e-01 
 2.22000000e-08 -1.84359628e-01 
 2.22200000e-08 -1.84651111e-01 
 2.22400000e-08 -1.84909499e-01 
 2.22600000e-08 -1.85135088e-01 
 2.22800000e-08 -1.85328188e-01 
 2.23000000e-08 -1.85489101e-01 
 2.23200000e-08 -1.85618125e-01 
 2.23400000e-08 -1.85715556e-01 
 2.23600000e-08 -1.85781686e-01 
 2.23800000e-08 -1.85816803e-01 
 2.24000000e-08 -1.85821194e-01 
 2.24200000e-08 -1.85795142e-01 
 2.24400000e-08 -1.85738928e-01 
 2.24600000e-08 -1.85652831e-01 
 2.24800000e-08 -1.85537125e-01 
 2.25000000e-08 -1.85392084e-01 
 2.25200000e-08 -1.85217978e-01 
 2.25400000e-08 -1.85015075e-01 
 2.25600000e-08 -1.84783643e-01 
 2.25800000e-08 -1.84523944e-01 
 2.26000000e-08 -1.84236241e-01 
 2.26200000e-08 -1.83920795e-01 
 2.26400000e-08 -1.83577864e-01 
 2.26600000e-08 -1.83207705e-01 
 2.26800000e-08 -1.82810575e-01 
 2.27000000e-08 -1.82386728e-01 
 2.27200000e-08 -1.81936416e-01 
 2.27400000e-08 -1.81459893e-01 
 2.27600000e-08 -1.80957410e-01 
 2.27800000e-08 -1.80429218e-01 
 2.28000000e-08 -1.79875566e-01 
 2.28200000e-08 -1.79296704e-01 
 2.28400000e-08 -1.78692882e-01 
 2.28600000e-08 -1.78064347e-01 
 2.28800000e-08 -1.77411348e-01 
 2.29000000e-08 -1.76734135e-01 
 2.29200000e-08 -1.76032963e-01 
 2.29400000e-08 -1.75308076e-01 
 2.29600000e-08 -1.74559710e-01 
 2.29800000e-08 -1.73788119e-01 
 2.30000000e-08 -1.72993558e-01 
 2.30200000e-08 -1.72176275e-01 
 2.30400000e-08 -1.71336522e-01 
 2.30600000e-08 -1.70474548e-01 
 2.30800000e-08 -1.69590606e-01 
 2.31000000e-08 -1.68684948e-01 
 2.31200000e-08 -1.67757827e-01 
 2.31400000e-08 -1.66809495e-01 
 2.31600000e-08 -1.65840209e-01 
 2.31800000e-08 -1.64850223e-01 
 2.32000000e-08 -1.63839793e-01 
 2.32200000e-08 -1.62809177e-01 
 2.32400000e-08 -1.61758632e-01 
 2.32600000e-08 -1.60688418e-01 
 2.32800000e-08 -1.59598794e-01 
 2.33000000e-08 -1.58490021e-01 
 2.33200000e-08 -1.57362361e-01 
 2.33400000e-08 -1.56216075e-01 
 2.33600000e-08 -1.55051428e-01 
 2.33800000e-08 -1.53868682e-01 
 2.34000000e-08 -1.52668103e-01 
 2.34200000e-08 -1.51449955e-01 
 2.34400000e-08 -1.50214505e-01 
 2.34600000e-08 -1.48962018e-01 
 2.34800000e-08 -1.47692761e-01 
 2.35000000e-08 -1.46407002e-01 
 2.35200000e-08 -1.45105006e-01 
 2.35400000e-08 -1.43787041e-01 
 2.35600000e-08 -1.42453374e-01 
 2.35800000e-08 -1.41104272e-01 
 2.36000000e-08 -1.39740001e-01 
 2.36200000e-08 -1.38360827e-01 
 2.36400000e-08 -1.36967015e-01 
 2.36600000e-08 -1.35558829e-01 
 2.36800000e-08 -1.34136533e-01 
 2.37000000e-08 -1.32700388e-01 
 2.37200000e-08 -1.31250655e-01 
 2.37400000e-08 -1.29787593e-01 
 2.37600000e-08 -1.28311458e-01 
 2.37800000e-08 -1.26822506e-01 
 2.38000000e-08 -1.25320988e-01 
 2.38200000e-08 -1.23807155e-01 
 2.38400000e-08 -1.22281252e-01 
 2.38600000e-08 -1.20743525e-01 
 2.38800000e-08 -1.19194213e-01 
 2.39000000e-08 -1.17633552e-01 
 2.39200000e-08 -1.16061775e-01 
 2.39400000e-08 -1.14479111e-01 
 2.39600000e-08 -1.12885783e-01 
 2.39800000e-08 -1.11282010e-01 
 2.40000000e-08 -1.09668006e-01 
 2.40200000e-08 -1.08043978e-01 
 2.40400000e-08 -1.06410129e-01 
 2.40600000e-08 -1.04766656e-01 
 2.40800000e-08 -1.03113749e-01 
 2.41000000e-08 -1.01451590e-01 
 2.41200000e-08 -9.97803561e-02 
 2.41400000e-08 -9.81002164e-02 
 2.41600000e-08 -9.64113321e-02 
 2.41800000e-08 -9.47138569e-02 
 2.42000000e-08 -9.30079360e-02 
 2.42200000e-08 -9.12937064e-02 
 2.42400000e-08 -8.95712963e-02 
 2.42600000e-08 -8.78408251e-02 
 2.42800000e-08 -8.61024028e-02 
 2.43000000e-08 -8.43561300e-02 
 2.43200000e-08 -8.26020975e-02 
 2.43400000e-08 -8.08403865e-02 
 2.43600000e-08 -7.90710678e-02 
 2.43800000e-08 -7.72942021e-02 
 2.44000000e-08 -7.55098395e-02 
 2.44200000e-08 -7.37180196e-02 
 2.44400000e-08 -7.19187712e-02 
 2.44600000e-08 -7.01121121e-02 
 2.44800000e-08 -6.82980495e-02 
 2.45000000e-08 -6.64765790e-02 
 2.45200000e-08 -6.46476856e-02 
 2.45400000e-08 -6.28113429e-02 
 2.45600000e-08 -6.09675133e-02 
 2.45800000e-08 -5.91161419e-02 
 2.46000000e-08 -5.72571668e-02 
 2.46200000e-08 -5.53905234e-02 
 2.46400000e-08 -5.35161321e-02 
 2.46600000e-08 -5.16338998e-02 
 2.46800000e-08 -4.97437225e-02 
 2.47000000e-08 -4.78454857e-02 
 2.47200000e-08 -4.59390643e-02 
 2.47400000e-08 -4.40243229e-02 
 2.47600000e-08 -4.21011161e-02 
 2.47800000e-08 -4.01692884e-02 
 2.48000000e-08 -3.82286749e-02 
 2.48200000e-08 -3.62791016e-02 
 2.48400000e-08 -3.43203854e-02 
 2.48600000e-08 -3.23523346e-02 
 2.48800000e-08 -3.03747496e-02 
 2.49000000e-08 -2.83874233e-02 
 2.49200000e-08 -2.63901411e-02 
 2.49400000e-08 -2.43826821e-02 
 2.49600000e-08 -2.23648198e-02 
 2.49800000e-08 -2.03363219e-02 
 2.50000000e-08 -1.82969521e-02 
 2.50200000e-08 -1.62464703e-02 
 2.50400000e-08 -1.41846337e-02 
 2.50600000e-08 -1.21111980e-02 
 2.50800000e-08 -1.00259179e-02 
 2.51000000e-08 -7.92854894e-03 
 2.51200000e-08 -5.81884856e-03 
 2.51400000e-08 -3.69657743e-03 
 2.51600000e-08 -1.56150110e-03 
 2.51800000e-08  5.86608270e-04 
 2.52000000e-08  2.74797015e-03 
 2.52200000e-08  4.92279362e-03 
 2.52400000e-08  7.11127519e-03 
 2.52600000e-08  9.31359653e-03 
 2.52800000e-08  1.15299220e-02 
 2.53000000e-08  1.37603959e-02 
 2.53200000e-08  1.60051398e-02 
 2.53400000e-08  1.82642493e-02 
 2.53600000e-08  2.05377913e-02 
 2.53800000e-08  2.28258003e-02 
 2.54000000e-08  2.51282750e-02 
 2.54200000e-08  2.74451749e-02 
 2.54400000e-08  2.97764166e-02 
 2.54600000e-08  3.21218700e-02 
 2.54800000e-08  3.44813547e-02 
 2.55000000e-08  3.68546359e-02 
 2.55200000e-08  3.92414213e-02 
 2.55400000e-08  4.16413774e-02 
 2.55600000e-08  4.40540916e-02 
 2.55800000e-08  4.64790531e-02 
 2.56000000e-08  4.89156961e-02 
 2.56200000e-08  5.13633907e-02 
 2.56400000e-08  5.38214313e-02 
 2.56600000e-08  5.62890351e-02 
 2.56800000e-08  5.87653412e-02 
 2.57000000e-08  6.12494101e-02 
 2.57200000e-08  6.37402241e-02 
 2.57400000e-08  6.62366882e-02 
 2.57600000e-08  6.87376321e-02 
 2.57800000e-08  7.12418123e-02 
 2.58000000e-08  7.37479157e-02 
 2.58200000e-08  7.62545640e-02 
 2.58400000e-08  7.87603177e-02 
 2.58600000e-08  8.12636825e-02 
 2.58800000e-08  8.37631150e-02 
 2.59000000e-08  8.62570294e-02 
 2.59200000e-08  8.87438053e-02 
 2.59400000e-08  9.12217947e-02 
 2.59600000e-08  9.36893305e-02 
 2.59800000e-08  9.61447343e-02 
 2.60000000e-08  9.85863251e-02 
 2.60200000e-08  1.01012427e-01 
 2.60400000e-08  1.03421377e-01 
 2.60600000e-08  1.05811535e-01 
 2.60800000e-08  1.08181288e-01 
 2.61000000e-08  1.10529059e-01 
 2.61200000e-08  1.12853315e-01 
 2.61400000e-08  1.15152569e-01 
 2.61600000e-08  1.17425389e-01 
 2.61800000e-08  1.19670403e-01 
 2.62000000e-08  1.21886298e-01 
 2.62200000e-08  1.24071831e-01 
 2.62400000e-08  1.26225825e-01 
 2.62600000e-08  1.28347175e-01 
 2.62800000e-08  1.30434848e-01 
 2.63000000e-08  1.32487883e-01 
 2.63200000e-08  1.34505395e-01 
 2.63400000e-08  1.36486569e-01 
 2.63600000e-08  1.38430663e-01 
 2.63800000e-08  1.40337007e-01 
 2.64000000e-08  1.42205000e-01 
 2.64200000e-08  1.44034108e-01 
 2.64400000e-08  1.45823861e-01 
 2.64600000e-08  1.47573855e-01 
 2.64800000e-08  1.49283744e-01 
 2.65000000e-08  1.50953239e-01 
 2.65200000e-08  1.52582107e-01 
 2.65400000e-08  1.54170165e-01 
 2.65600000e-08  1.55717281e-01 
 2.65800000e-08  1.57223366e-01 
 2.66000000e-08  1.58688374e-01 
 2.66200000e-08  1.60112300e-01 
 2.66400000e-08  1.61495174e-01 
 2.66600000e-08  1.62837062e-01 
 2.66800000e-08  1.64138058e-01 
 2.67000000e-08  1.65398288e-01 
 2.67200000e-08  1.66617901e-01 
 2.67400000e-08  1.67797072e-01 
 2.67600000e-08  1.68935995e-01 
 2.67800000e-08  1.70034886e-01 
 2.68000000e-08  1.71093976e-01 
 2.68200000e-08  1.72113512e-01 
 2.68400000e-08  1.73093753e-01 
 2.68600000e-08  1.74034971e-01 
 2.68800000e-08  1.74937450e-01 
 2.69000000e-08  1.75801479e-01 
 2.69200000e-08  1.76627356e-01 
 2.69400000e-08  1.77415386e-01 
 2.69600000e-08  1.78165878e-01 
 2.69800000e-08  1.78879147e-01 
 2.70000000e-08  1.79555507e-01 
 2.70200000e-08  1.80195279e-01 
 2.70400000e-08  1.80798783e-01 
 2.70600000e-08  1.81366339e-01 
 2.70800000e-08  1.81898270e-01 
 2.71000000e-08  1.82394896e-01 
 2.71200000e-08  1.82856539e-01 
 2.71400000e-08  1.83283516e-01 
 2.71600000e-08  1.83676147e-01 
 2.71800000e-08  1.84034746e-01 
 2.72000000e-08  1.84359628e-01 
 2.72200000e-08  1.84651111e-01 
 2.72400000e-08  1.84909499e-01 
 2.72600000e-08  1.85135088e-01 
 2.72800000e-08  1.85328188e-01 
 2.73000000e-08  1.85489101e-01 
 2.73200000e-08  1.85618125e-01 
 2.73400000e-08  1.85715556e-01 
 2.73600000e-08  1.85781686e-01 
 2.73800000e-08  1.85816803e-01 
 2.74000000e-08  1.85821194e-01 
 2.74200000e-08  1.85795142e-01 
 2.74400000e-08  1.85738928e-01 
 2.74600000e-08  1.85652831e-01 
 2.74800000e-08  1.85537125e-01 
 2.75000000e-08  1.85392084e-01 
 2.75200000e-08  1.85217978e-01 
 2.75400000e-08  1.85015075e-01 
 2.75600000e-08  1.84783643e-01 
 2.75800000e-08  1.84523944e-01 
 2.76000000e-08  1.84236241e-01 
 2.76200000e-08  1.83920795e-01 
 2.76400000e-08  1.83577864e-01 
 2.76600000e-08  1.83207705e-01 
 2.76800000e-08  1.82810575e-01 
 2.77000000e-08  1.82386728e-01 
 2.77200000e-08  1.81936416e-01 
 2.77400000e-08  1.81459893e-01 
 2.77600000e-08  1.80957410e-01 
 2.77800000e-08  1.80429218e-01 
 2.78000000e-08  1.79875566e-01 
 2.78200000e-08  1.79296704e-01 
 2.78400000e-08  1.78692882e-01 
 2.78600000e-08  1.78064347e-01 
 2.78800000e-08  1.77411348e-01 
 2.79000000e-08  1.76734135e-01 
 2.79200000e-08  1.76032963e-01 
 2.79400000e-08  1.75308076e-01 
 2.79600000e-08  1.74559710e-01 
 2.79800000e-08  1.73788119e-01 
 2.80000000e-08  1.72993558e-01 
 2.80200000e-08  1.72176275e-01 
 2.80400000e-08  1.71336522e-01 
 2.80600000e-08  1.70474548e-01 
 2.80800000e-08  1.69590606e-01 
 2.81000000e-08  1.68684948e-01 
 2.81200000e-08  1.67757827e-01 
 2.81400000e-08  1.66809495e-01 
 2.81600000e-08  1.65840209e-01 
 2.81800000e-08  1.64850223e-01 
 2.82000000e-08  1.63839793e-01 
 2.82200000e-08  1.62809177e-01 
 2.82400000e-08  1.61758632e-01 
 2.82600000e-08  1.60688418e-01 
 2.82800000e-08  1.59598794e-01 
 2.83000000e-08  1.58490021e-01 
 2.83200000e-08  1.57362361e-01 
 2.83400000e-08  1.56216075e-01 
 2.83600000e-08  1.55051428e-01 
 2.83800000e-08  1.53868682e-01 
 2.84000000e-08  1.52668103e-01 
 2.84200000e-08  1.51449955e-01 
 2.84400000e-08  1.50214505e-01 
 2.84600000e-08  1.48962018e-01 
 2.84800000e-08  1.47692761e-01 
 2.85000000e-08  1.46407002e-01 
 2.85200000e-08  1.45105006e-01 
 2.85400000e-08  1.43787041e-01 
 2.85600000e-08  1.42453374e-01 
 2.85800000e-08  1.41104272e-01 
 2.86000000e-08  1.39740001e-01 
 2.86200000e-08  1.38360827e-01 
 2.86400000e-08  1.36967015e-01 
 2.86600000e-08  1.35558829e-01 
 2.86800000e-08  1.34136533e-01 
 2.87000000e-08  1.32700388e-01 
 2.87200000e-08  1.31250655e-01 
 2.87400000e-08  1.29787593e-01 
 2.87600000e-08  1.28311458e-01 
 2.87800000e-08  1.26822506e-01 
 2.88000000e-08  1.25320988e-01 
 2.88200000e-08  1.23807155e-01 
 2.88400000e-08  1.22281252e-01 
 2.88600000e-08  1.20743525e-01 
 2.88800000e-08  1.19194213e-01 
 2.89000000e-08  1.17633552e-01 
 2.89200000e-08  1.16061775e-01 
 2.89400000e-08  1.14479111e-01 
 2.89600000e-08  1.12885783e-01 
 2.89800000e-08  1.11282010e-01 
 2.90000000e-08  1.09668006e-01 
 2.90200000e-08  1.08043978e-01 
 2.90400000e-08  1.06410129e-01 
 2.90600000e-08  1.04766656e-01 
 2.90800000e-08  1.03113749e-01 
 2.91000000e-08  1.01451590e-01 
 2.91200000e-08  9.97803561e-02 
 2.91400000e-08  9.81002164e-02 
 2.91600000e-08  9.64113321e-02 
 2.91800000e-08  9.47138569e-02 
 2.92000000e-08  9.30079360e-02 
 2.92200000e-08  9.12937064e-02 
 2.92400000e-08  8.95712963e-02 
 2.92600000e-08  8.78408251e-02 
 2.92800000e-08  8.61024028e-02 
 2.93000000e-08  8.43561300e-02 
 2.93200000e-08  8.26020975e-02 
 2.93400000e-08  8.08403865e-02 
 2.93600000e-08  7.90710678e-02 
 2.93800000e-08  7.72942021e-02 
 2.94000000e-08  7.55098395e-02 
 2.94200000e-08  7.37180196e-02 
 2.94400000e-08  7.19187712e-02 
 2.94600000e-08  7.01121121e-02 
 2.94800000e-08  6.82980495e-02 
 2.95000000e-08  6.64765790e-02 
 2.95200000e-08  6.46476856e-02 
 2.95400000e-08  6.28113429e-02 
 2.95600000e-08  6.09675133e-02 
 2.95800000e-08  5.91161419e-02 
 2.96000000e-08  5.72571668e-02 
 2.96200000e-08  5.53905234e-02 
 2.96400000e-08  5.35161321e-02 
 2.96600000e-08  5.16338998e-02 
 2.96800000e-08  4.97437225e-02 
 2.97000000e-08  4.78454857e-02 
 2.97200000e-08  4.59390643e-02 
 2.97400000e-08  4.40243229e-02 
 2.97600000e-08  4.21011161e-02 
 2.97800000e-08  4.01692884e-02 
 2.98000000e-08  3.82286749e-02 
 2.98200000e-08  3.62791016e-02 
 2.98400000e-08  3.43203854e-02 
 2.98600000e-08  3.23523346e-02 
 2.98800000e-08  3.03747496e-02 
 2.99000000e-08  2.83874233e-02 
 2.99200000e-08  2.63901411e-02 
 2.99400000e-08  2.43826821e-02 
 2.99600000e-08  2.23648198e-02 
 2.99800000e-08  2.03363219e-02 
 3.00000000e-08  1.82969521e-02 
 3.00200000e-08  1.62464703e-02 
 3.00400000e-08  1.41846337e-02 
 3.00600000e-08  1.21111980e-02 
 3.00800000e-08  1.00259179e-02 
 3.01000000e-08  7.92854894e-03 
 3.01200000e-08  5.81884856e-03 
 3.01400000e-08  3.69657743e-03 
 3.01600000e-08  1.56150110e-03 
 3.01800000e-08 -5.86608270e-04 
 3.02000000e-08 -2.74797015e-03 
 3.02200000e-08 -4.92279362e-03 
 3.02400000e-08 -7.11127519e-03 
 3.02600000e-08 -9.31359653e-03 
 3.02800000e-08 -1.15299220e-02 
 3.03000000e-08 -1.37603959e-02 
 3.03200000e-08 -1.60051398e-02 
 3.03400000e-08 -1.82642493e-02 
 3.03600000e-08 -2.05377913e-02 
 3.03800000e-08 -2.28258003e-02 
 3.04000000e-08 -2.51282750e-02 
 3.04200000e-08 -2.74451749e-02 
 3.04400000e-08 -2.97764166e-02 
 3.04600000e-08 -3.21218700e-02 
 3.04800000e-08 -3.44813547e-02 
 3.05000000e-08 -3.68546359e-02 
 3.05200000e-08 -3.92414213e-02 
 3.05400000e-08 -4.16413774e-02 
 3.05600000e-08 -4.40540916e-02 
 3.05800000e-08 -4.64790531e-02 
 3.06000000e-08 -4.89156961e-02 
 3.06200000e-08 -5.13633907e-02 
 3.06400000e-08 -5.38214313e-02 
 3.06600000e-08 -5.62890351e-02 
 3.06800000e-08 -5.87653412e-02 
 3.07000000e-08 -6.12494101e-02 
 3.07200000e-08 -6.37402241e-02 
 3.07400000e-08 -6.62366882e-02 
 3.07600000e-08 -6.87376321e-02 
 3.07800000e-08 -7.12418123e-02 
 3.08000000e-08 -7.37479157e-02 
 3.08200000e-08 -7.62545640e-02 
 3.08400000e-08 -7.87603177e-02 
 3.08600000e-08 -8.12636825e-02 
 3.08800000e-08 -8.37631150e-02 
 3.09000000e-08 -8.62570294e-02 
 3.09200000e-08 -8.87438053e-02 
 3.09400000e-08 -9.12217947e-02 
 3.09600000e-08 -9.36893305e-02 
 3.09800000e-08 -9.61447343e-02 
 3.10000000e-08 -9.85863251e-02 
 3.10200000e-08 -1.01012427e-01 
 3.10400000e-08 -1.03421377e-01 
 3.10600000e-08 -1.05811535e-01 
 3.10800000e-08 -1.08181288e-01 
 3.11000000e-08 -1.10529059e-01 
 3.11200000e-08 -1.12853315e-01 
 3.11400000e-08 -1.15152569e-01 
 3.11600000e-08 -1.17425389e-01 
 3.11800000e-08 -1.19670403e-01 
 3.12000000e-08 -1.21886298e-01 
 3.12200000e-08 -1.24071831e-01 
 3.12400000e-08 -1.26225825e-01 
 3.12600000e-08 -1.28347175e-01 
 3.12800000e-08 -1.30434848e-01 
 3.13000000e-08 -1.32487883e-01 
 3.13200000e-08 -1.34505395e-01 
 3.13400000e-08 -1.36486569e-01 
 3.13600000e-08 -1.38430663e-01 
 3.13800000e-08 -1.40337007e-01 
 3.14000000e-08 -1.42205000e-01 
 3.14200000e-08 -1.44034108e-01 
 3.14400000e-08 -1.45823861e-01 
 3.14600000e-08 -1.47573855e-01 
 3.14800000e-08 -1.49283744e-01 
 3.15000000e-08 -1.50953239e-01 
 3.15200000e-08 -1.52582107e-01 
 3.15400000e-08 -1.54170165e-01 
 3.15600000e-08 -1.55717281e-01 
 3.15800000e-08 -1.57223366e-01 
 3.16000000e-08 -1.58688374e-01 
 3.16200000e-08 -1.60112300e-01 
 3.16400000e-08 -1.61495174e-01 
 3.16600000e-08 -1.62837062e-01 
 3.16800000e-08 -1.64138058e-01 
 3.17000000e-08 -1.65398288e-01 
 3.17200000e-08 -1.66617901e-01 
 3.17400000e-08 -1.67797072e-01 
 3.17600000e-08 -1.68935995e-01 
 3.17800000e-08 -1.70034886e-01 
 3.18000000e-08 -1.71093976e-01 
 3.18200000e-08 -1.72113512e-01 
 3.18400000e-08 -1.73093753e-01 
 3.18600000e-08 -1.74034971e-01 
 3.18800000e-08 -1.74937450e-01 
 3.19000000e-08 -1.75801479e-01 
 3.19200000e-08 -1.76627356e-01 
 3.19400000e-08 -1.77415386e-01 
 3.19600000e-08 -1.78165878e-01 
 3.19800000e-08 -1.78879147e-01 
 3.20000000e-08 -1.79555507e-01 
 3.20200000e-08 -1.80195279e-01 
 3.20400000e-08 -1.80798783e-01 
 3.20600000e-08 -1.81366339e-01 
 3.20800000e-08 -1.81898270e-01 
 3.21000000e-08 -1.82394896e-01 
 3.21200000e-08 -1.82856539e-01 
 3.21400000e-08 -1.83283516e-01 
 3.21600000e-08 -1.83676147e-01 
 3.21800000e-08 -1.84034746e-01 
 3.22000000e-08 -1.84359628e-01 
 3.22200000e-08 -1.84651111e-01 
 3.22400000e-08 -1.84909499e-01 
 3.22600000e-08 -1.85135088e-01 
 3.22800000e-08 -1.85328188e-01 
 3.23000000e-08 -1.85489101e-01 
 3.23200000e-08 -1.85618125e-01 
 3.23400000e-08 -1.85715556e-01 
 3.23600000e-08 -1.85781686e-01 
 3.23800000e-08 -1.85816803e-01 
 3.24000000e-08 -1.85821194e-01 
 3.24200000e-08 -1.85795142e-01 
 3.24400000e-08 -1.85738928e-01 
 3.24600000e-08 -1.85652831e-01 
 3.24800000e-08 -1.85537125e-01 
 3.25000000e-08 -1.85392084e-01 
 3.25200000e-08 -1.85217978e-01 
 3.25400000e-08 -1.85015075e-01 
 3.25600000e-08 -1.84783643e-01 
 3.25800000e-08 -1.84523944e-01 
 3.26000000e-08 -1.84236241e-01 
 3.26200000e-08 -1.83920795e-01 
 3.26400000e-08 -1.83577864e-01 
 3.26600000e-08 -1.83207705e-01 
 3.26800000e-08 -1.82810575e-01 
 3.27000000e-08 -1.82386728e-01 
 3.27200000e-08 -1.81936416e-01 
 3.27400000e-08 -1.81459893e-01 
 3.27600000e-08 -1.80957410e-01 
 3.27800000e-08 -1.80429218e-01 
 3.28000000e-08 -1.79875566e-01 
 3.28200000e-08 -1.79296704e-01 
 3.28400000e-08 -1.78692882e-01 
 3.28600000e-08 -1.78064347e-01 
 3.28800000e-08 -1.77411348e-01 
 3.29000000e-08 -1.76734135e-01 
 3.29200000e-08 -1.76032963e-01 
 3.29400000e-08 -1.75308076e-01 
 3.29600000e-08 -1.74559710e-01 
 3.29800000e-08 -1.73788119e-01 
 3.30000000e-08 -1.72993558e-01 
 3.30200000e-08 -1.72176275e-01 
 3.30400000e-08 -1.71336522e-01 
 3.30600000e-08 -1.70474548e-01 
 3.30800000e-08 -1.69590606e-01 
 3.31000000e-08 -1.68684948e-01 
 3.31200000e-08 -1.67757827e-01 
 3.31400000e-08 -1.66809495e-01 
 3.31600000e-08 -1.65840209e-01 
 3.31800000e-08 -1.64850223e-01 
 3.32000000e-08 -1.63839793e-01 
 3.32200000e-08 -1.62809177e-01 
 3.32400000e-08 -1.61758632e-01 
 3.32600000e-08 -1.60688418e-01 
 3.32800000e-08 -1.59598794e-01 
 3.33000000e-08 -1.58490021e-01 
 3.33200000e-08 -1.57362361e-01 
 3.33400000e-08 -1.56216075e-01 
 3.33600000e-08 -1.55051428e-01 
 3.33800000e-08 -1.53868682e-01 
 3.34000000e-08 -1.52668103e-01 
 3.34200000e-08 -1.51449955e-01 
 3.34400000e-08 -1.50214505e-01 
 3.34600000e-08 -1.48962018e-01 
 3.34800000e-08 -1.47692761e-01 
 3.35000000e-08 -1.46407002e-01 
 3.35200000e-08 -1.45105006e-01 
 3.35400000e-08 -1.43787041e-01 
 3.35600000e-08 -1.42453374e-01 
 3.35800000e-08 -1.41104272e-01 
 3.36000000e-08 -1.39740001e-01 
 3.36200000e-08 -1.38360827e-01 
 3.36400000e-08 -1.36967015e-01 
 3.36600000e-08 -1.35558829e-01 
 3.36800000e-08 -1.34136533e-01 
 3.37000000e-08 -1.32700388e-01 
 3.37200000e-08 -1.31250655e-01 
 3.37400000e-08 -1.29787593e-01 
 3.37600000e-08 -1.28311458e-01 
 3.37800000e-08 -1.26822506e-01 
 3.38000000e-08 -1.25320988e-01 
 3.38200000e-08 -1.23807155e-01 
 3.38400000e-08 -1.22281252e-01 
 3.38600000e-08 -1.20743525e-01 
 3.38800000e-08 -1.19194213e-01 
 3.39000000e-08 -1.17633552e-01 
 3.39200000e-08 -1.16061775e-01 
 3.39400000e-08 -1.14479111e-01 
 3.39600000e-08 -1.12885783e-01 
 3.39800000e-08 -1.11282010e-01 
 3.40000000e-08 -1.09668006e-01 
 3.40200000e-08 -1.08043978e-01 
 3.40400000e-08 -1.06410129e-01 
 3.40600000e-08 -1.04766656e-01 
 3.40800000e-08 -1.03113749e-01 
 3.41000000e-08 -1.01451590e-01 
 3.41200000e-08 -9.97803561e-02 
 3.41400000e-08 -9.81002164e-02 
 3.41600000e-08 -9.64113321e-02 
 3.41800000e-08 -9.47138569e-02 
 3.42000000e-08 -9.30079360e-02 
 3.42200000e-08 -9.12937064e-02 
 3.42400000e-08 -8.95712963e-02 
 3.42600000e-08 -8.78408251e-02 
 3.42800000e-08 -8.61024028e-02 
 3.43000000e-08 -8.43561300e-02 
 3.43200000e-08 -8.26020975e-02 
 3.43400000e-08 -8.08403865e-02 
 3.43600000e-08 -7.90710678e-02 
 3.43800000e-08 -7.72942021e-02 
 3.44000000e-08 -7.55098395e-02 
 3.44200000e-08 -7.37180196e-02 
 3.44400000e-08 -7.19187712e-02 
 3.44600000e-08 -7.01121121e-02 
 3.44800000e-08 -6.82980495e-02 
 3.45000000e-08 -6.64765790e-02 
 3.45200000e-08 -6.46476856e-02 
 3.45400000e-08 -6.28113429e-02 
 3.45600000e-08 -6.09675133e-02 
 3.45800000e-08 -5.91161419e-02 
 3.46000000e-08 -5.72571668e-02 
 3.46200000e-08 -5.53905234e-02 
 3.46400000e-08 -5.35161321e-02 
 3.46600000e-08 -5.16338998e-02 
 3.46800000e-08 -4.97437225e-02 
 3.47000000e-08 -4.78454857e-02 
 3.47200000e-08 -4.59390643e-02 
 3.47400000e-08 -4.40243229e-02 
 3.47600000e-08 -4.21011161e-02 
 3.47800000e-08 -4.01692884e-02 
 3.48000000e-08 -3.82286749e-02 
 3.48200000e-08 -3.62791016e-02 
 3.48400000e-08 -3.43203854e-02 
 3.48600000e-08 -3.23523346e-02 
 3.48800000e-08 -3.03747496e-02 
 3.49000000e-08 -2.83874233e-02 
 3.49200000e-08 -2.63901411e-02 
 3.49400000e-08 -2.43826821e-02 
 3.49600000e-08 -2.23648198e-02 
 3.49800000e-08 -2.03363219e-02 
 3.50000000e-08 -1.82969521e-02 
 3.50200000e-08 -1.62464703e-02 
 3.50400000e-08 -1.41846337e-02 
 3.50600000e-08 -1.21111980e-02 
 3.50800000e-08 -1.00259179e-02 
 3.51000000e-08 -7.92854894e-03 
 3.51200000e-08 -5.81884856e-03 
 3.51400000e-08 -3.69657743e-03 
 3.51600000e-08 -1.56150110e-03 
 3.51800000e-08  5.86608270e-04 
 3.52000000e-08  2.74797015e-03 
 3.52200000e-08  4.92279362e-03 
 3.52400000e-08  7.11127519e-03 
 3.52600000e-08  9.31359653e-03 
 3.52800000e-08  1.15299220e-02 
 3.53000000e-08  1.37603959e-02 
 3.53200000e-08  1.60051398e-02 
 3.53400000e-08  1.82642493e-02 
 3.53600000e-08  2.05377913e-02 
 3.53800000e-08  2.28258003e-02 
 3.54000000e-08  2.51282750e-02 
 3.54200000e-08  2.74451749e-02 
 3.54400000e-08  2.97764166e-02 
 3.54600000e-08  3.21218700e-02 
 3.54800000e-08  3.44813547e-02 
 3.55000000e-08  3.68546359e-02 
 3.55200000e-08  3.92414213e-02 
 3.55400000e-08  4.16413774e-02 
 3.55600000e-08  4.40540916e-02 
 3.55800000e-08  4.64790531e-02 
 3.56000000e-08  4.89156961e-02 
 3.56200000e-08  5.13633907e-02 
 3.56400000e-08  5.38214313e-02 
 3.56600000e-08  5.62890351e-02 
 3.56800000e-08  5.87653412e-02 
 3.57000000e-08  6.12494101e-02 
 3.57200000e-08  6.37402241e-02 
 3.57400000e-08  6.62366882e-02 
 3.57600000e-08  6.87376321e-02 
 3.57800000e-08  7.12418123e-02 
 3.58000000e-08  7.37479157e-02 
 3.58200000e-08  7.62545640e-02 
 3.58400000e-08  7.87603177e-02 
 3.58600000e-08  8.12636825e-02 
 3.58800000e-08  8.37631150e-02 
 3.59000000e-08  8.62570294e-02 
 3.59200000e-08  8.87438053e-02 
 3.59400000e-08  9.12217947e-02 
 3.59600000e-08  9.36893305e-02 
 3.59800000e-08  9.61447343e-02 
 3.60000000e-08  9.85863251e-02 
 3.60200000e-08  1.01012427e-01 
 3.60400000e-08  1.03421377e-01 
 3.60600000e-08  1.05811535e-01 
 3.60800000e-08  1.08181288e-01 
 3.61000000e-08  1.10529059e-01 
 3.61200000e-08  1.12853315e-01 
 3.61400000e-08  1.15152569e-01 
 3.61600000e-08  1.17425389e-01 
 3.61800000e-08  1.19670403e-01 
 3.62000000e-08  1.21886298e-01 
 3.62200000e-08  1.24071831e-01 
 3.62400000e-08  1.26225825e-01 
 3.62600000e-08  1.28347175e-01 
 3.62800000e-08  1.30434848e-01 
 3.63000000e-08  1.32487883e-01 
 3.63200000e-08  1.34505395e-01 
 3.63400000e-08  1.36486569e-01 
 3.63600000e-08  1.38430663e-01 
 3.63800000e-08  1.40337007e-01 
 3.64000000e-08  1.42205000e-01 
 3.64200000e-08  1.44034108e-01 
 3.64400000e-08  1.45823861e-01 
 3.64600000e-08  1.47573855e-01 
 3.64800000e-08  1.49283744e-01 
 3.65000000e-08  1.50953239e-01 
 3.65200000e-08  1.52582107e-01 
 3.65400000e-08  1.54170165e-01 
 3.65600000e-08  1.55717281e-01 
 3.65800000e-08  1.57223366e-01 
 3.66000000e-08  1.58688374e-01 
 3.66200000e-08  1.60112300e-01 
 3.66400000e-08  1.61495174e-01 
 3.66600000e-08  1.62837062e-01 
 3.66800000e-08  1.64138058e-01 
 3.67000000e-08  1.65398288e-01 
 3.67200000e-08  1.66617901e-01 
 3.67400000e-08  1.67797072e-01 
 3.67600000e-08  1.68935995e-01 
 3.67800000e-08  1.70034886e-01 
 3.68000000e-08  1.71093976e-01 
 3.68200000e-08  1.72113512e-01 
 3.68400000e-08  1.73093753e-01 
 3.68600000e-08  1.74034971e-01 
 3.68800000e-08  1.74937450e-01 
 3.69000000e-08  1.75801479e-01 
 3.69200000e-08  1.76627356e-01 
 3.69400000e-08  1.77415386e-01 
 3.69600000e-08  1.78165878e-01 
 3.69800000e-08  1.78879147e-01 
 3.70000000e-08  1.79555507e-01 
 3.70200000e-08  1.80195279e-01 
 3.70400000e-08  1.80798783e-01 
 3.70600000e-08  1.81366339e-01 
 3.70800000e-08  1.81898270e-01 
 3.71000000e-08  1.82394896e-01 
 3.71200000e-08  1.82856539e-01 
 3.71400000e-08  1.83283516e-01 
 3.71600000e-08  1.83676147e-01 
 3.71800000e-08  1.84034746e-01 
 3.72000000e-08  1.84359628e-01 
 3.72200000e-08  1.84651111e-01 
 3.72400000e-08  1.84909499e-01 
 3.72600000e-08  1.85135088e-01 
 3.72800000e-08  1.85328188e-01 
 3.73000000e-08  1.85489101e-01 
 3.73200000e-08  1.85618125e-01 
 3.73400000e-08  1.85715556e-01 
 3.73600000e-08  1.85781686e-01 
 3.73800000e-08  1.85816803e-01 
 3.74000000e-08  1.85821194e-01 
 3.74200000e-08  1.85795142e-01 
 3.74400000e-08  1.85738928e-01 
 3.74600000e-08  1.85652831e-01 
 3.74800000e-08  1.85537125e-01 
 3.75000000e-08  1.85392084e-01 
 3.75200000e-08  1.85217978e-01 
 3.75400000e-08  1.85015075e-01 
 3.75600000e-08  1.84783643e-01 
 3.75800000e-08  1.84523944e-01 
 3.76000000e-08  1.84236241e-01 
 3.76200000e-08  1.83920795e-01 
 3.76400000e-08  1.83577864e-01 
 3.76600000e-08  1.83207705e-01 
 3.76800000e-08  1.82810575e-01 
 3.77000000e-08  1.82386728e-01 
 3.77200000e-08  1.81936416e-01 
 3.77400000e-08  1.81459893e-01 
 3.77600000e-08  1.80957410e-01 
 3.77800000e-08  1.80429218e-01 
 3.78000000e-08  1.79875566e-01 
 3.78200000e-08  1.79296704e-01 
 3.78400000e-08  1.78692882e-01 
 3.78600000e-08  1.78064347e-01 
 3.78800000e-08  1.77411348e-01 
 3.79000000e-08  1.76734135e-01 
 3.79200000e-08  1.76032963e-01 
 3.79400000e-08  1.75308076e-01 
 3.79600000e-08  1.74559710e-01 
 3.79800000e-08  1.73788119e-01 
 3.80000000e-08  1.72993558e-01 
 3.80200000e-08  1.72176275e-01 
 3.80400000e-08  1.71336522e-01 
 3.80600000e-08  1.70474548e-01 
 3.80800000e-08  1.69590606e-01 
 3.81000000e-08  1.68684948e-01 
 3.81200000e-08  1.67757827e-01 
 3.81400000e-08  1.66809495e-01 
 3.81600000e-08  1.65840209e-01 
 3.81800000e-08  1.64850223e-01 
 3.82000000e-08  1.63839793e-01 
 3.82200000e-08  1.62809177e-01 
 3.82400000e-08  1.61758632e-01 
 3.82600000e-08  1.60688418e-01 
 3.82800000e-08  1.59598794e-01 
 3.83000000e-08  1.58490021e-01 
 3.83200000e-08  1.57362361e-01 
 3.83400000e-08  1.56216075e-01 
 3.83600000e-08  1.55051428e-01 
 3.83800000e-08  1.53868682e-01 
 3.84000000e-08  1.52668103e-01 
 3.84200000e-08  1.51449955e-01 
 3.84400000e-08  1.50214505e-01 
 3.84600000e-08  1.48962018e-01 
 3.84800000e-08  1.47692761e-01 
 3.85000000e-08  1.46407002e-01 
 3.85200000e-08  1.45105006e-01 
 3.85400000e-08  1.43787041e-01 
 3.85600000e-08  1.42453374e-01 
 3.85800000e-08  1.41104272e-01 
 3.86000000e-08  1.39740001e-01 
 3.86200000e-08  1.38360827e-01 
 3.86400000e-08  1.36967015e-01 
 3.86600000e-08  1.35558829e-01 
 3.86800000e-08  1.34136533e-01 
 3.87000000e-08  1.32700388e-01 
 3.87200000e-08  1.31250655e-01 
 3.87400000e-08  1.29787593e-01 
 3.87600000e-08  1.28311458e-01 
 3.87800000e-08  1.26822506e-01 
 3.88000000e-08  1.25320988e-01 
 3.88200000e-08  1.23807155e-01 
 3.88400000e-08  1.22281252e-01 
 3.88600000e-08  1.20743525e-01 
 3.88800000e-08  1.19194213e-01 
 3.89000000e-08  1.17633552e-01 
 3.89200000e-08  1.16061775e-01 
 3.89400000e-08  1.14479111e-01 
 3.89600000e-08  1.12885783e-01 
 3.89800000e-08  1.11282010e-01 
 3.90000000e-08  1.09668006e-01 
 3.90200000e-08  1.08043978e-01 
 3.90400000e-08  1.06410129e-01 
 3.90600000e-08  1.04766656e-01 
 3.90800000e-08  1.03113749e-01 
 3.91000000e-08  1.01451590e-01 
 3.91200000e-08  9.97803561e-02 
 3.91400000e-08  9.81002164e-02 
 3.91600000e-08  9.64113321e-02 
 3.91800000e-08  9.47138569e-02 
 3.92000000e-08  9.30079360e-02 
 3.92200000e-08  9.12937064e-02 
 3.92400000e-08  8.95712963e-02 
 3.92600000e-08  8.78408251e-02 
 3.92800000e-08  8.61024028e-02 
 3.93000000e-08  8.43561300e-02 
 3.93200000e-08  8.26020975e-02 
 3.93400000e-08  8.08403865e-02 
 3.93600000e-08  7.90710678e-02 
 3.93800000e-08  7.72942021e-02 
 3.94000000e-08  7.55098395e-02 
 3.94200000e-08  7.37180196e-02 
 3.94400000e-08  7.19187712e-02 
 3.94600000e-08  7.01121121e-02 
 3.94800000e-08  6.82980495e-02 
 3.95000000e-08  6.64765790e-02 
 3.95200000e-08  6.46476856e-02 
 3.95400000e-08  6.28113429e-02 
 3.95600000e-08  6.09675133e-02 
 3.95800000e-08  5.91161419e-02 
 3.96000000e-08  5.72571668e-02 
 3.96200000e-08  5.53905234e-02 
 3.96400000e-08  5.35161321e-02 
 3.96600000e-08  5.16338998e-02 
 3.96800000e-08  4.97437225e-02 
 3.97000000e-08  4.78454857e-02 
 3.97200000e-08  4.59390643e-02 
 3.97400000e-08  4.40243229e-02 
 3.97600000e-08  4.21011161e-02 
 3.97800000e-08  4.01692884e-02 
 3.98000000e-08  3.82286749e-02 
 3.98200000e-08  3.62791016e-02 
 3.98400000e-08  3.43203854e-02 
 3.98600000e-08  3.23523346e-02 
 3.98800000e-08  3.03747496e-02 
 3.99000000e-08  2.83874233e-02 
 3.99200000e-08  2.63901411e-02 
 3.99400000e-08  2.43826821e-02 
 3.99600000e-08  2.23648198e-02 
 3.99800000e-08  2.03363219e-02 
 4.00000000e-08  1.82969521e-02 
 4.00200000e-08  1.62464703e-02 
 4.00400000e-08  1.41846337e-02 
 4.00600000e-08  1.21111980e-02 
 4.00800000e-08  1.00259179e-02 
 4.01000000e-08  7.92854894e-03 
 4.01200000e-08  5.81884856e-03 
 4.01400000e-08  3.69657743e-03 
 4.01600000e-08  1.56150110e-03 
 4.01800000e-08 -5.86608270e-04 
 4.02000000e-08 -2.74797015e-03 
 4.02200000e-08 -4.92279362e-03 
 4.02400000e-08 -7.11127519e-03 
 4.02600000e-08 -9.31359653e-03 
 4.02800000e-08 -1.15299220e-02 
 4.03000000e-08 -1.37603959e-02 
 4.03200000e-08 -1.60051398e-02 
 4.03400000e-08 -1.82642493e-02 
 4.03600000e-08 -2.05377913e-02 
 4.03800000e-08 -2.28258003e-02 
 4.04000000e-08 -2.51282750e-02 
 4.04200000e-08 -2.74451749e-02 
 4.04400000e-08 -2.97764166e-02 
 4.04600000e-08 -3.21218700e-02 
 4.04800000e-08 -3.44813547e-02 
 4.05000000e-08 -3.68546359e-02 
 4.05200000e-08 -3.92414213e-02 
 4.05400000e-08 -4.16413774e-02 
 4.05600000e-08 -4.40540916e-02 
 4.05800000e-08 -4.64790531e-02 
 4.06000000e-08 -4.89156961e-02 
 4.06200000e-08 -5.13633907e-02 
 4.06400000e-08 -5.38214313e-02 
 4.06600000e-08 -5.62890351e-02 
 4.06800000e-08 -5.87653412e-02 
 4.07000000e-08 -6.12494101e-02 
 4.07200000e-08 -6.37402241e-02 
 4.07400000e-08 -6.62366882e-02 
 4.07600000e-08 -6.87376321e-02 
 4.07800000e-08 -7.12418123e-02 
 4.08000000e-08 -7.37479157e-02 
 4.08200000e-08 -7.62545640e-02 
 4.08400000e-08 -7.87603177e-02 
 4.08600000e-08 -8.12636825e-02 
 4.08800000e-08 -8.37631150e-02 
 4.09000000e-08 -8.62570294e-02 
 4.09200000e-08 -8.87438053e-02 
 4.09400000e-08 -9.12217947e-02 
 4.09600000e-08 -9.36893305e-02 
 4.09800000e-08 -9.61447343e-02 
 4.10000000e-08 -9.85863251e-02 
 4.10200000e-08 -1.01012427e-01 
 4.10400000e-08 -1.03421377e-01 
 4.10600000e-08 -1.05811535e-01 
 4.10800000e-08 -1.08181288e-01 
 4.11000000e-08 -1.10529059e-01 
 4.11200000e-08 -1.12853315e-01 
 4.11400000e-08 -1.15152569e-01 
 4.11600000e-08 -1.17425389e-01 
 4.11800000e-08 -1.19670403e-01 
 4.12000000e-08 -1.21886298e-01 
 4.12200000e-08 -1.24071831e-01 
 4.12400000e-08 -1.26225825e-01 
 4.12600000e-08 -1.28347175e-01 
 4.12800000e-08 -1.30434848e-01 
 4.13000000e-08 -1.32487883e-01 
 4.13200000e-08 -1.34505395e-01 
 4.13400000e-08 -1.36486569e-01 
 4.13600000e-08 -1.38430663e-01 
 4.13800000e-08 -1.40337007e-01 
 4.14000000e-08 -1.42205000e-01 
 4.14200000e-08 -1.44034108e-01 
 4.14400000e-08 -1.45823861e-01 
 4.14600000e-08 -1.47573855e-01 
 4.14800000e-08 -1.49283744e-01 
 4.15000000e-08 -1.50953239e-01 
 4.15200000e-08 -1.52582107e-01 
 4.15400000e-08 -1.54170165e-01 
 4.15600000e-08 -1.55717281e-01 
 4.15800000e-08 -1.57223366e-01 
 4.16000000e-08 -1.58688374e-01 
 4.16200000e-08 -1.60112300e-01 
 4.16400000e-08 -1.61495174e-01 
 4.16600000e-08 -1.62837062e-01 
 4.16800000e-08 -1.64138058e-01 
 4.17000000e-08 -1.65398288e-01 
 4.17200000e-08 -1.66617901e-01 
 4.17400000e-08 -1.67797072e-01 
 4.17600000e-08 -1.68935995e-01 
 4.17800000e-08 -1.70034886e-01 
 4.18000000e-08 -1.71093976e-01 
 4.18200000e-08 -1.72113512e-01 
 4.18400000e-08 -1.73093753e-01 
 4.18600000e-08 -1.74034971e-01 
 4.18800000e-08 -1.74937450e-01 
 4.19000000e-08 -1.75801479e-01 
 4.19200000e-08 -1.76627356e-01 
 4.19400000e-08 -1.77415386e-01 
 4.19600000e-08 -1.78165878e-01 
 4.19800000e-08 -1.78879147e-01 
 4.20000000e-08 -1.79555507e-01 
 4.20200000e-08 -1.80195279e-01 
 4.20400000e-08 -1.80798783e-01 
 4.20600000e-08 -1.81366339e-01 
 4.20800000e-08 -1.81898270e-01 
 4.21000000e-08 -1.82394896e-01 
 4.21200000e-08 -1.82856539e-01 
 4.21400000e-08 -1.83283516e-01 
 4.21600000e-08 -1.83676147e-01 
 4.21800000e-08 -1.84034746e-01 
 4.22000000e-08 -1.84359628e-01 
 4.22200000e-08 -1.84651111e-01 
 4.22400000e-08 -1.84909499e-01 
 4.22600000e-08 -1.85135088e-01 
 4.22800000e-08 -1.85328188e-01 
 4.23000000e-08 -1.85489101e-01 
 4.23200000e-08 -1.85618125e-01 
 4.23400000e-08 -1.85715556e-01 
 4.23600000e-08 -1.85781686e-01 
 4.23800000e-08 -1.85816803e-01 
 4.24000000e-08 -1.85821194e-01 
 4.24200000e-08 -1.85795142e-01 
 4.24400000e-08 -1.85738928e-01 
 4.24600000e-08 -1.85652831e-01 
 4.24800000e-08 -1.85537125e-01 
 4.25000000e-08 -1.85392084e-01 
 4.25200000e-08 -1.85217978e-01 
 4.25400000e-08 -1.85015075e-01 
 4.25600000e-08 -1.84783643e-01 
 4.25800000e-08 -1.84523944e-01 
 4.26000000e-08 -1.84236241e-01 
 4.26200000e-08 -1.83920795e-01 
 4.26400000e-08 -1.83577864e-01 
 4.26600000e-08 -1.83207705e-01 
 4.26800000e-08 -1.82810575e-01 
 4.27000000e-08 -1.82386728e-01 
 4.27200000e-08 -1.81936416e-01 
 4.27400000e-08 -1.81459893e-01 
 4.27600000e-08 -1.80957410e-01 
 4.27800000e-08 -1.80429218e-01 
 4.28000000e-08 -1.79875566e-01 
 4.28200000e-08 -1.79296704e-01 
 4.28400000e-08 -1.78692882e-01 
 4.28600000e-08 -1.78064347e-01 
 4.28800000e-08 -1.77411348e-01 
 4.29000000e-08 -1.76734135e-01 
 4.29200000e-08 -1.76032963e-01 
 4.29400000e-08 -1.75308076e-01 
 4.29600000e-08 -1.74559710e-01 
 4.29800000e-08 -1.73788119e-01 
 4.30000000e-08 -1.72993558e-01 
 4.30200000e-08 -1.72176275e-01 
 4.30400000e-08 -1.71336522e-01 
 4.30600000e-08 -1.70474548e-01 
 4.30800000e-08 -1.69590606e-01 
 4.31000000e-08 -1.68684948e-01 
 4.31200000e-08 -1.67757827e-01 
 4.31400000e-08 -1.66809495e-01 
 4.31600000e-08 -1.65840209e-01 
 4.31800000e-08 -1.64850223e-01 
 4.32000000e-08 -1.63839793e-01 
 4.32200000e-08 -1.62809177e-01 
 4.32400000e-08 -1.61758632e-01 
 4.32600000e-08 -1.60688418e-01 
 4.32800000e-08 -1.59598794e-01 
 4.33000000e-08 -1.58490021e-01 
 4.33200000e-08 -1.57362361e-01 
 4.33400000e-08 -1.56216075e-01 
 4.33600000e-08 -1.55051428e-01 
 4.33800000e-08 -1.53868682e-01 
 4.34000000e-08 -1.52668103e-01 
 4.34200000e-08 -1.51449955e-01 
 4.34400000e-08 -1.50214505e-01 
 4.34600000e-08 -1.48962018e-01 
 4.34800000e-08 -1.47692761e-01 
 4.35000000e-08 -1.46407002e-01 
 4.35200000e-08 -1.45105006e-01 
 4.35400000e-08 -1.43787041e-01 
 4.35600000e-08 -1.42453374e-01 
 4.35800000e-08 -1.41104272e-01 
 4.36000000e-08 -1.39740001e-01 
 4.36200000e-08 -1.38360827e-01 
 4.36400000e-08 -1.36967015e-01 
 4.36600000e-08 -1.35558829e-01 
 4.36800000e-08 -1.34136533e-01 
 4.37000000e-08 -1.32700388e-01 
 4.37200000e-08 -1.31250655e-01 
 4.37400000e-08 -1.29787593e-01 
 4.37600000e-08 -1.28311458e-01 
 4.37800000e-08 -1.26822506e-01 
 4.38000000e-08 -1.25320988e-01 
 4.38200000e-08 -1.23807155e-01 
 4.38400000e-08 -1.22281252e-01 
 4.38600000e-08 -1.20743525e-01 
 4.38800000e-08 -1.19194213e-01 
 4.39000000e-08 -1.17633552e-01 
 4.39200000e-08 -1.16061775e-01 
 4.39400000e-08 -1.14479111e-01 
 4.39600000e-08 -1.12885783e-01 
 4.39800000e-08 -1.11282010e-01 
 4.40000000e-08 -1.09668006e-01 
 4.40200000e-08 -1.08043978e-01 
 4.40400000e-08 -1.06410129e-01 
 4.40600000e-08 -1.04766656e-01 
 4.40800000e-08 -1.03113749e-01 
 4.41000000e-08 -1.01451590e-01 
 4.41200000e-08 -9.97803561e-02 
 4.41400000e-08 -9.81002164e-02 
 4.41600000e-08 -9.64113321e-02 
 4.41800000e-08 -9.47138569e-02 
 4.42000000e-08 -9.30079360e-02 
 4.42200000e-08 -9.12937064e-02 
 4.42400000e-08 -8.95712963e-02 
 4.42600000e-08 -8.78408251e-02 
 4.42800000e-08 -8.61024028e-02 
 4.43000000e-08 -8.43561300e-02 
 4.43200000e-08 -8.26020975e-02 
 4.43400000e-08 -8.08403865e-02 
 4.43600000e-08 -7.90710678e-02 
 4.43800000e-08 -7.72942021e-02 
 4.44000000e-08 -7.55098395e-02 
 4.44200000e-08 -7.37180196e-02 
 4.44400000e-08 -7.19187712e-02 
 4.44600000e-08 -7.01121121e-02 
 4.44800000e-08 -6.82980495e-02 
 4.45000000e-08 -6.64765790e-02 
 4.45200000e-08 -6.46476856e-02 
 4.45400000e-08 -6.28113429e-02 
 4.45600000e-08 -6.09675133e-02 
 4.45800000e-08 -5.91161419e-02 
 4.46000000e-08 -5.72571668e-02 
 4.46200000e-08 -5.53905234e-02 
 4.46400000e-08 -5.35161321e-02 
 4.46600000e-08 -5.16338998e-02 
 4.46800000e-08 -4.97437225e-02 
 4.47000000e-08 -4.78454857e-02 
 4.47200000e-08 -4.59390643e-02 
 4.47400000e-08 -4.40243229e-02 
 4.47600000e-08 -4.21011161e-02 
 4.47800000e-08 -4.01692884e-02 
 4.48000000e-08 -3.82286749e-02 
 4.48200000e-08 -3.62791016e-02 
 4.48400000e-08 -3.43203854e-02 
 4.48600000e-08 -3.23523346e-02 
 4.48800000e-08 -3.03747496e-02 
 4.49000000e-08 -2.83874233e-02 
 4.49200000e-08 -2.63901411e-02 
 4.49400000e-08 -2.43826821e-02 
 4.49600000e-08 -2.23648198e-02 
 4.49800000e-08 -2.03363219e-02 
 4.50000000e-08 -1.82969521e-02 
 4.50200000e-08 -1.62464703e-02 
 4.50400000e-08 -1.41846337e-02 
 4.50600000e-08 -1.21111980e-02 
 4.50800000e-08 -1.00259179e-02 
 4.51000000e-08 -7.92854894e-03 
 4.51200000e-08 -5.81884856e-03 
 4.51400000e-08 -3.69657743e-03 
 4.51600000e-08 -1.56150110e-03 
 4.51800000e-08  5.86608271e-04 
 4.52000000e-08  2.74797015e-03 
 4.52200000e-08  4.92279362e-03 
 4.52400000e-08  7.11127519e-03 
 4.52600000e-08  9.31359653e-03 
 4.52800000e-08  1.15299220e-02 
 4.53000000e-08  1.37603959e-02 
 4.53200000e-08  1.60051398e-02 
 4.53400000e-08  1.82642493e-02 
 4.53600000e-08  2.05377913e-02 
 4.53800000e-08  2.28258003e-02 
 4.54000000e-08  2.51282750e-02 
 4.54200000e-08  2.74451749e-02 
 4.54400000e-08  2.97764166e-02 
 4.54600000e-08  3.21218700e-02 
 4.54800000e-08  3.44813547e-02 
 4.55000000e-08  3.68546359e-02 
 4.55200000e-08  3.92414213e-02 
 4.55400000e-08  4.16413774e-02 
 4.55600000e-08  4.40540916e-02 
 4.55800000e-08  4.64790531e-02 
 4.56000000e-08  4.89156961e-02 
 4.56200000e-08  5.13633907e-02 
 4.56400000e-08  5.38214313e-02 
 4.56600000e-08  5.62890351e-02 
 4.56800000e-08  5.87653412e-02 
 4.57000000e-08  6.12494101e-02 
 4.57200000e-08  6.37402241e-02 
 4.57400000e-08  6.62366882e-02 
 4.57600000e-08  6.87376321e-02 
 4.57800000e-08  7.12418123e-02 
 4.58000000e-08  7.37479157e-02 
 4.58200000e-08  7.62545640e-02 
 4.58400000e-08  7.87603177e-02 
 4.58600000e-08  8.12636825e-02 
 4.58800000e-08  8.37631150e-02 
 4.59000000e-08  8.62570294e-02 
 4.59200000e-08  8.87438053e-02 
 4.59400000e-08  9.12217947e-02 
 4.59600000e-08  9.36893305e-02 
 4.59800000e-08  9.61447343e-02 
 4.60000000e-08  9.85863251e-02 
 4.60200000e-08  1.01012427e-01 
 4.60400000e-08  1.03421377e-01 
 4.60600000e-08  1.05811535e-01 
 4.60800000e-08  1.08181288e-01 
 4.61000000e-08  1.10529059e-01 
 4.61200000e-08  1.12853315e-01 
 4.61400000e-08  1.15152569e-01 
 4.61600000e-08  1.17425389e-01 
 4.61800000e-08  1.19670403e-01 
 4.62000000e-08  1.21886298e-01 
 4.62200000e-08  1.24071831e-01 
 4.62400000e-08  1.26225825e-01 
 4.62600000e-08  1.28347175e-01 
 4.62800000e-08  1.30434848e-01 
 4.63000000e-08  1.32487883e-01 
 4.63200000e-08  1.34505395e-01 
 4.63400000e-08  1.36486569e-01 
 4.63600000e-08  1.38430663e-01 
 4.63800000e-08  1.40337007e-01 
 4.64000000e-08  1.42205000e-01 
 4.64200000e-08  1.44034108e-01 
 4.64400000e-08  1.45823861e-01 
 4.64600000e-08  1.47573855e-01 
 4.64800000e-08  1.49283744e-01 
 4.65000000e-08  1.50953239e-01 
 4.65200000e-08  1.52582107e-01 
 4.65400000e-08  1.54170165e-01 
 4.65600000e-08  1.55717281e-01 
 4.65800000e-08  1.57223366e-01 
 4.66000000e-08  1.58688374e-01 
 4.66200000e-08  1.60112300e-01 
 4.66400000e-08  1.61495174e-01 
 4.66600000e-08  1.62837062e-01 
 4.66800000e-08  1.64138058e-01 
 4.67000000e-08  1.65398288e-01 
 4.67200000e-08  1.66617901e-01 
 4.67400000e-08  1.67797072e-01 
 4.67600000e-08  1.68935995e-01 
 4.67800000e-08  1.70034886e-01 
 4.68000000e-08  1.71093976e-01 
 4.68200000e-08  1.72113512e-01 
 4.68400000e-08  1.73093753e-01 
 4.68600000e-08  1.74034971e-01 
 4.68800000e-08  1.74937450e-01 
 4.69000000e-08  1.75801479e-01 
 4.69200000e-08  1.76627356e-01 
 4.69400000e-08  1.77415386e-01 
 4.69600000e-08  1.78165878e-01 
 4.69800000e-08  1.78879147e-01 
 4.70000000e-08  1.79555507e-01 
 4.70200000e-08  1.80195279e-01 
 4.70400000e-08  1.80798783e-01 
 4.70600000e-08  1.81366339e-01 
 4.70800000e-08  1.81898270e-01 
 4.71000000e-08  1.82394896e-01 
 4.71200000e-08  1.82856539e-01 
 4.71400000e-08  1.83283516e-01 
 4.71600000e-08  1.83676147e-01 
 4.71800000e-08  1.84034746e-01 
 4.72000000e-08  1.84359628e-01 
 4.72200000e-08  1.84651111e-01 
 4.72400000e-08  1.84909499e-01 
 4.72600000e-08  1.85135088e-01 
 4.72800000e-08  1.85328188e-01 
 4.73000000e-08  1.85489101e-01 
 4.73200000e-08  1.85618125e-01 
 4.73400000e-08  1.85715556e-01 
 4.73600000e-08  1.85781686e-01 
 4.73800000e-08  1.85816803e-01 
 4.74000000e-08  1.85821194e-01 
 4.74200000e-08  1.85795142e-01 
 4.74400000e-08  1.85738928e-01 
 4.74600000e-08  1.85652831e-01 
 4.74800000e-08  1.85537125e-01 
 4.75000000e-08  1.85392084e-01 
 4.75200000e-08  1.85217978e-01 
 4.75400000e-08  1.85015075e-01 
 4.75600000e-08  1.84783643e-01 
 4.75800000e-08  1.84523944e-01 
 4.76000000e-08  1.84236241e-01 
 4.76200000e-08  1.83920795e-01 
 4.76400000e-08  1.83577864e-01 
 4.76600000e-08  1.83207705e-01 
 4.76800000e-08  1.82810575e-01 
 4.77000000e-08  1.82386728e-01 
 4.77200000e-08  1.81936416e-01 
 4.77400000e-08  1.81459893e-01 
 4.77600000e-08  1.80957410e-01 
 4.77800000e-08  1.80429218e-01 
 4.78000000e-08  1.79875566e-01 
 4.78200000e-08  1.79296704e-01 
 4.78400000e-08  1.78692882e-01 
 4.78600000e-08  1.78064347e-01 
 4.78800000e-08  1.77411348e-01 
 4.79000000e-08  1.76734135e-01 
 4.79200000e-08  1.76032963e-01 
 4.79400000e-08  1.75308076e-01 
 4.79600000e-08  1.74559710e-01 
 4.79800000e-08  1.73788119e-01 
 4.80000000e-08  1.72993558e-01 
 4.80200000e-08  1.72176275e-01 
 4.80400000e-08  1.71336522e-01 
 4.80600000e-08  1.70474548e-01 
 4.80800000e-08  1.69590606e-01 
 4.81000000e-08  1.68684948e-01 
 4.81200000e-08  1.67757827e-01 
 4.81400000e-08  1.66809495e-01 
 4.81600000e-08  1.65840209e-01 
 4.81800000e-08  1.64850223e-01 
 4.82000000e-08  1.63839793e-01 
 4.82200000e-08  1.62809177e-01 
 4.82400000e-08  1.61758632e-01 
 4.82600000e-08  1.60688418e-01 
 4.82800000e-08  1.59598794e-01 
 4.83000000e-08  1.58490021e-01 
 4.83200000e-08  1.57362361e-01 
 4.83400000e-08  1.56216075e-01 
 4.83600000e-08  1.55051428e-01 
 4.83800000e-08  1.53868682e-01 
 4.84000000e-08  1.52668103e-01 
 4.84200000e-08  1.51449955e-01 
 4.84400000e-08  1.50214505e-01 
 4.84600000e-08  1.48962018e-01 
 4.84800000e-08  1.47692761e-01 
 4.85000000e-08  1.46407002e-01 
 4.85200000e-08  1.45105006e-01 
 4.85400000e-08  1.43787041e-01 
 4.85600000e-08  1.42453374e-01 
 4.85800000e-08  1.41104272e-01 
 4.86000000e-08  1.39740001e-01 
 4.86200000e-08  1.38360827e-01 
 4.86400000e-08  1.36967015e-01 
 4.86600000e-08  1.35558829e-01 
 4.86800000e-08  1.34136533e-01 
 4.87000000e-08  1.32700388e-01 
 4.87200000e-08  1.31250655e-01 
 4.87400000e-08  1.29787593e-01 
 4.87600000e-08  1.28311458e-01 
 4.87800000e-08  1.26822506e-01 
 4.88000000e-08  1.25320988e-01 
 4.88200000e-08  1.23807155e-01 
 4.88400000e-08  1.22281252e-01 
 4.88600000e-08  1.20743525e-01 
 4.88800000e-08  1.19194213e-01 
 4.89000000e-08  1.17633552e-01 
 4.89200000e-08  1.16061775e-01 
 4.89400000e-08  1.14479111e-01 
 4.89600000e-08  1.12885783e-01 
 4.89800000e-08  1.11282010e-01 
 4.90000000e-08  1.09668006e-01 
 4.90200000e-08  1.08043978e-01 
 4.90400000e-08  1.06410129e-01 
 4.90600000e-08  1.04766656e-01 
 4.90800000e-08  1.03113749e-01 
 4.91000000e-08  1.01451590e-01 
 4.91200000e-08  9.97803561e-02 
 4.91400000e-08  9.81002164e-02 
 4.91600000e-08  9.64113321e-02 
 4.91800000e-08  9.47138569e-02 
 4.92000000e-08  9.30079360e-02 
 4.92200000e-08  9.12937064e-02 
 4.92400000e-08  8.95712963e-02 
 4.92600000e-08  8.78408251e-02 
 4.92800000e-08  8.61024028e-02 
 4.93000000e-08  8.43561300e-02 
 4.93200000e-08  8.26020975e-02 
 4.93400000e-08  8.08403865e-02 
 4.93600000e-08  7.90710678e-02 
 4.93800000e-08  7.72942021e-02 
 4.94000000e-08  7.55098395e-02 
 4.94200000e-08  7.37180196e-02 
 4.94400000e-08  7.19187712e-02 
 4.94600000e-08  7.01121121e-02 
 4.94800000e-08  6.82980495e-02 
 4.95000000e-08  6.64765790e-02 
 4.95200000e-08  6.46476856e-02 
 4.95400000e-08  6.28113429e-02 
 4.95600000e-08  6.09675133e-02 
 4.95800000e-08  5.91161419e-02 
 4.96000000e-08  5.72571668e-02 
 4.96200000e-08  5.53905234e-02 
 4.96400000e-08  5.35161321e-02 
 4.96600000e-08  5.16338998e-02 
 4.96800000e-08  4.97437225e-02 
 4.97000000e-08  4.78454857e-02 
 4.97200000e-08  4.59390643e-02 
 4.97400000e-08  4.40243229e-02 
 4.97600000e-08  4.21011161e-02 
 4.97800000e-08  4.01692884e-02 
 4.98000000e-08  3.82286749e-02 
 4.98200000e-08  3.62791016e-02 
 4.98400000e-08  3.43203854e-02 
 4.98600000e-08  3.23523346e-02 
 4.98800000e-08  3.03747496e-02 
 4.99000000e-08  2.83874233e-02 
 4.99200000e-08  2.63901411e-02 
 4.99400000e-08  2.43826821e-02 
 4.99600000e-08  2.23648198e-02 
 4.99800000e-08  2.03363219e-02 
 5.00000000e-08  1.82969521e-02 
 5.00200000e-08  1.62464703e-02 
 5.00400000e-08  1.41846337e-02 
 5.00600000e-08  1.21111980e-02 
 5.00800000e-08  1.00259179e-02 
 5.01000000e-08  7.92854894e-03 
 5.01200000e-08  5.81884856e-03 
 5.01400000e-08  3.69657743e-03 
 5.01600000e-08  1.56150110e-03 
 5.01800000e-08 -5.86608270e-04 
 5.02000000e-08 -2.74797015e-03 
 5.02200000e-08 -4.92279362e-03 
 5.02400000e-08 -7.11127519e-03 
 5.02600000e-08 -9.31359653e-03 
 5.02800000e-08 -1.15299220e-02 
 5.03000000e-08 -1.37603959e-02 
 5.03200000e-08 -1.60051398e-02 
 5.03400000e-08 -1.82642493e-02 
 5.03600000e-08 -2.05377913e-02 
 5.03800000e-08 -2.28258003e-02 
 5.04000000e-08 -2.51282750e-02 
 5.04200000e-08 -2.74451749e-02 
 5.04400000e-08 -2.97764166e-02 
 5.04600000e-08 -3.21218700e-02 
 5.04800000e-08 -3.44813547e-02 
 5.05000000e-08 -3.68546359e-02 
 5.05200000e-08 -3.92414213e-02 
 5.05400000e-08 -4.16413774e-02 
 5.05600000e-08 -4.40540916e-02 
 5.05800000e-08 -4.64790531e-02 
 5.06000000e-08 -4.89156961e-02 
 5.06200000e-08 -5.13633907e-02 
 5.06400000e-08 -5.38214313e-02 
 5.06600000e-08 -5.62890351e-02 
 5.06800000e-08 -5.87653412e-02 
 5.07000000e-08 -6.12494101e-02 
 5.07200000e-08 -6.37402241e-02 
 5.07400000e-08 -6.62366882e-02 
 5.07600000e-08 -6.87376321e-02 
 5.07800000e-08 -7.12418123e-02 
 5.08000000e-08 -7.37479157e-02 
 5.08200000e-08 -7.62545640e-02 
 5.08400000e-08 -7.87603177e-02 
 5.08600000e-08 -8.12636825e-02 
 5.08800000e-08 -8.37631150e-02 
 5.09000000e-08 -8.62570294e-02 
 5.09200000e-08 -8.87438053e-02 
 5.09400000e-08 -9.12217947e-02 
 5.09600000e-08 -9.36893305e-02 
 5.09800000e-08 -9.61447343e-02 
 5.10000000e-08 -9.85863251e-02 
 5.10200000e-08 -1.01012427e-01 
 5.10400000e-08 -1.03421377e-01 
 5.10600000e-08 -1.05811535e-01 
 5.10800000e-08 -1.08181288e-01 
 5.11000000e-08 -1.10529059e-01 
 5.11200000e-08 -1.12853315e-01 
 5.11400000e-08 -1.15152569e-01 
 5.11600000e-08 -1.17425389e-01 
 5.11800000e-08 -1.19670403e-01 
 5.12000000e-08 -1.21886298e-01 
 5.12200000e-08 -1.24071831e-01 
 5.12400000e-08 -1.26225825e-01 
 5.12600000e-08 -1.28347175e-01 
 5.12800000e-08 -1.30434848e-01 
 5.13000000e-08 -1.32487883e-01 
 5.13200000e-08 -1.34505395e-01 
 5.13400000e-08 -1.36486569e-01 
 5.13600000e-08 -1.38430663e-01 
 5.13800000e-08 -1.40337007e-01 
 5.14000000e-08 -1.42205000e-01 
 5.14200000e-08 -1.44034108e-01 
 5.14400000e-08 -1.45823861e-01 
 5.14600000e-08 -1.47573855e-01 
 5.14800000e-08 -1.49283744e-01 
 5.15000000e-08 -1.50953239e-01 
 5.15200000e-08 -1.52582107e-01 
 5.15400000e-08 -1.54170165e-01 
 5.15600000e-08 -1.55717281e-01 
 5.15800000e-08 -1.57223366e-01 
 5.16000000e-08 -1.58688374e-01 
 5.16200000e-08 -1.60112300e-01 
 5.16400000e-08 -1.61495174e-01 
 5.16600000e-08 -1.62837062e-01 
 5.16800000e-08 -1.64138058e-01 
 5.17000000e-08 -1.65398288e-01 
 5.17200000e-08 -1.66617901e-01 
 5.17400000e-08 -1.67797072e-01 
 5.17600000e-08 -1.68935995e-01 
 5.17800000e-08 -1.70034886e-01 
 5.18000000e-08 -1.71093976e-01 
 5.18200000e-08 -1.72113512e-01 
 5.18400000e-08 -1.73093753e-01 
 5.18600000e-08 -1.74034971e-01 
 5.18800000e-08 -1.74937450e-01 
 5.19000000e-08 -1.75801479e-01 
 5.19200000e-08 -1.76627356e-01 
 5.19400000e-08 -1.77415386e-01 
 5.19600000e-08 -1.78165878e-01 
 5.19800000e-08 -1.78879147e-01 
 5.20000000e-08 -1.79555507e-01 
 5.20200000e-08 -1.80195279e-01 
 5.20400000e-08 -1.80798783e-01 
 5.20600000e-08 -1.81366339e-01 
 5.20800000e-08 -1.81898270e-01 
 5.21000000e-08 -1.82394896e-01 
 5.21200000e-08 -1.82856539e-01 
 5.21400000e-08 -1.83283516e-01 
 5.21600000e-08 -1.83676147e-01 
 5.21800000e-08 -1.84034746e-01 
 5.22000000e-08 -1.84359628e-01 
 5.22200000e-08 -1.84651111e-01 
 5.22400000e-08 -1.84909499e-01 
 5.22600000e-08 -1.85135088e-01 
 5.22800000e-08 -1.85328188e-01 
 5.23000000e-08 -1.85489101e-01 
 5.23200000e-08 -1.85618125e-01 
 5.23400000e-08 -1.85715556e-01 
 5.23600000e-08 -1.85781686e-01 
 5.23800000e-08 -1.85816803e-01 
 5.24000000e-08 -1.85821194e-01 
 5.24200000e-08 -1.85795142e-01 
 5.24400000e-08 -1.85738928e-01 
 5.24600000e-08 -1.85652831e-01 
 5.24800000e-08 -1.85537125e-01 
 5.25000000e-08 -1.85392084e-01 
 5.25200000e-08 -1.85217978e-01 
 5.25400000e-08 -1.85015075e-01 
 5.25600000e-08 -1.84783643e-01 
 5.25800000e-08 -1.84523944e-01 
 5.26000000e-08 -1.84236241e-01 
 5.26200000e-08 -1.83920795e-01 
 5.26400000e-08 -1.83577864e-01 
 5.26600000e-08 -1.83207705e-01 
 5.26800000e-08 -1.82810575e-01 
 5.27000000e-08 -1.82386728e-01 
 5.27200000e-08 -1.81936416e-01 
 5.27400000e-08 -1.81459893e-01 
 5.27600000e-08 -1.80957410e-01 
 5.27800000e-08 -1.80429218e-01 
 5.28000000e-08 -1.79875566e-01 
 5.28200000e-08 -1.79296704e-01 
 5.28400000e-08 -1.78692882e-01 
 5.28600000e-08 -1.78064347e-01 
 5.28800000e-08 -1.77411348e-01 
 5.29000000e-08 -1.76734135e-01 
 5.29200000e-08 -1.76032963e-01 
 5.29400000e-08 -1.75308076e-01 
 5.29600000e-08 -1.74559710e-01 
 5.29800000e-08 -1.73788119e-01 
 5.30000000e-08 -1.72993558e-01 
 5.30200000e-08 -1.72176275e-01 
 5.30400000e-08 -1.71336522e-01 
 5.30600000e-08 -1.70474548e-01 
 5.30800000e-08 -1.69590606e-01 
 5.31000000e-08 -1.68684948e-01 
 5.31200000e-08 -1.67757827e-01 
 5.31400000e-08 -1.66809495e-01 
 5.31600000e-08 -1.65840209e-01 
 5.31800000e-08 -1.64850223e-01 
 5.32000000e-08 -1.63839793e-01 
 5.32200000e-08 -1.62809177e-01 
 5.32400000e-08 -1.61758632e-01 
 5.32600000e-08 -1.60688418e-01 
 5.32800000e-08 -1.59598794e-01 
 5.33000000e-08 -1.58490021e-01 
 5.33200000e-08 -1.57362361e-01 
 5.33400000e-08 -1.56216075e-01 
 5.33600000e-08 -1.55051428e-01 
 5.33800000e-08 -1.53868682e-01 
 5.34000000e-08 -1.52668103e-01 
 5.34200000e-08 -1.51449955e-01 
 5.34400000e-08 -1.50214505e-01 
 5.34600000e-08 -1.48962018e-01 
 5.34800000e-08 -1.47692761e-01 
 5.35000000e-08 -1.46407002e-01 
 5.35200000e-08 -1.45105006e-01 
 5.35400000e-08 -1.43787041e-01 
 5.35600000e-08 -1.42453374e-01 
 5.35800000e-08 -1.41104272e-01 
 5.36000000e-08 -1.39740001e-01 
 5.36200000e-08 -1.38360827e-01 
 5.36400000e-08 -1.36967015e-01 
 5.36600000e-08 -1.35558829e-01 
 5.36800000e-08 -1.34136533e-01 
 5.37000000e-08 -1.32700388e-01 
 5.37200000e-08 -1.31250655e-01 
 5.37400000e-08 -1.29787593e-01 
 5.37600000e-08 -1.28311458e-01 
 5.37800000e-08 -1.26822506e-01 
 5.38000000e-08 -1.25320988e-01 
 5.38200000e-08 -1.23807155e-01 
 5.38400000e-08 -1.22281252e-01 
 5.38600000e-08 -1.20743525e-01 
 5.38800000e-08 -1.19194213e-01 
 5.39000000e-08 -1.17633552e-01 
 5.39200000e-08 -1.16061775e-01 
 5.39400000e-08 -1.14479111e-01 
 5.39600000e-08 -1.12885783e-01 
 5.39800000e-08 -1.11282010e-01 
 5.40000000e-08 -1.09668006e-01 
 5.40200000e-08 -1.08043978e-01 
 5.40400000e-08 -1.06410129e-01 
 5.40600000e-08 -1.04766656e-01 
 5.40800000e-08 -1.03113749e-01 
 5.41000000e-08 -1.01451590e-01 
 5.41200000e-08 -9.97803561e-02 
 5.41400000e-08 -9.81002164e-02 
 5.41600000e-08 -9.64113321e-02 
 5.41800000e-08 -9.47138569e-02 
 5.42000000e-08 -9.30079360e-02 
 5.42200000e-08 -9.12937064e-02 
 5.42400000e-08 -8.95712963e-02 
 5.42600000e-08 -8.78408251e-02 
 5.42800000e-08 -8.61024028e-02 
 5.43000000e-08 -8.43561300e-02 
 5.43200000e-08 -8.26020975e-02 
 5.43400000e-08 -8.08403865e-02 
 5.43600000e-08 -7.90710678e-02 
 5.43800000e-08 -7.72942021e-02 
 5.44000000e-08 -7.55098395e-02 
 5.44200000e-08 -7.37180196e-02 
 5.44400000e-08 -7.19187712e-02 
 5.44600000e-08 -7.01121121e-02 
 5.44800000e-08 -6.82980495e-02 
 5.45000000e-08 -6.64765790e-02 
 5.45200000e-08 -6.46476856e-02 
 5.45400000e-08 -6.28113429e-02 
 5.45600000e-08 -6.09675133e-02 
 5.45800000e-08 -5.91161419e-02 
 5.46000000e-08 -5.72571668e-02 
 5.46200000e-08 -5.53905234e-02 
 5.46400000e-08 -5.35161321e-02 
 5.46600000e-08 -5.16338998e-02 
 5.46800000e-08 -4.97437225e-02 
 5.47000000e-08 -4.78454857e-02 
 5.47200000e-08 -4.59390643e-02 
 5.47400000e-08 -4.40243229e-02 
 5.47600000e-08 -4.21011161e-02 
 5.47800000e-08 -4.01692884e-02 
 5.48000000e-08 -3.82286749e-02 
 5.48200000e-08 -3.62791016e-02 
 5.48400000e-08 -3.43203854e-02 
 5.48600000e-08 -3.23523346e-02 
 5.48800000e-08 -3.03747496e-02 
 5.49000000e-08 -2.83874233e-02 
 5.49200000e-08 -2.63901411e-02 
 5.49400000e-08 -2.43826821e-02 
 5.49600000e-08 -2.23648198e-02 
 5.49800000e-08 -2.03363219e-02 
 5.50000000e-08 -1.82969521e-02 
 5.50200000e-08 -1.62464703e-02 
 5.50400000e-08 -1.41846337e-02 
 5.50600000e-08 -1.21111980e-02 
 5.50800000e-08 -1.00259179e-02 
 5.51000000e-08 -7.92854894e-03 
 5.51200000e-08 -5.81884856e-03 
 5.51400000e-08 -3.69657743e-03 
 5.51600000e-08 -1.56150110e-03 
 5.51800000e-08  5.86608270e-04 
 5.52000000e-08  2.74797015e-03 
 5.52200000e-08  4.92279362e-03 
 5.52400000e-08  7.11127519e-03 
 5.52600000e-08  9.31359653e-03 
 5.52800000e-08  1.15299220e-02 
 5.53000000e-08  1.37603959e-02 
 5.53200000e-08  1.60051398e-02 
 5.53400000e-08  1.82642493e-02 
 5.53600000e-08  2.05377913e-02 
 5.53800000e-08  2.28258003e-02 
 5.54000000e-08  2.51282750e-02 
 5.54200000e-08  2.74451749e-02 
 5.54400000e-08  2.97764166e-02 
 5.54600000e-08  3.21218700e-02 
 5.54800000e-08  3.44813547e-02 
 5.55000000e-08  3.68546359e-02 
 5.55200000e-08  3.92414213e-02 
 5.55400000e-08  4.16413774e-02 
 5.55600000e-08  4.40540916e-02 
 5.55800000e-08  4.64790531e-02 
 5.56000000e-08  4.89156961e-02 
 5.56200000e-08  5.13633907e-02 
 5.56400000e-08  5.38214313e-02 
 5.56600000e-08  5.62890351e-02 
 5.56800000e-08  5.87653412e-02 
 5.57000000e-08  6.12494101e-02 
 5.57200000e-08  6.37402241e-02 
 5.57400000e-08  6.62366882e-02 
 5.57600000e-08  6.87376321e-02 
 5.57800000e-08  7.12418123e-02 
 5.58000000e-08  7.37479157e-02 
 5.58200000e-08  7.62545640e-02 
 5.58400000e-08  7.87603177e-02 
 5.58600000e-08  8.12636825e-02 
 5.58800000e-08  8.37631150e-02 
 5.59000000e-08  8.62570294e-02 
 5.59200000e-08  8.87438053e-02 
 5.59400000e-08  9.12217947e-02 
 5.59600000e-08  9.36893305e-02 
 5.59800000e-08  9.61447343e-02 
 5.60000000e-08  9.85863251e-02 
 5.60200000e-08  1.01012427e-01 
 5.60400000e-08  1.03421377e-01 
 5.60600000e-08  1.05811535e-01 
 5.60800000e-08  1.08181288e-01 
 5.61000000e-08  1.10529059e-01 
 5.61200000e-08  1.12853315e-01 
 5.61400000e-08  1.15152569e-01 
 5.61600000e-08  1.17425389e-01 
 5.61800000e-08  1.19670403e-01 
 5.62000000e-08  1.21886298e-01 
 5.62200000e-08  1.24071831e-01 
 5.62400000e-08  1.26225825e-01 
 5.62600000e-08  1.28347175e-01 
 5.62800000e-08  1.30434848e-01 
 5.63000000e-08  1.32487883e-01 
 5.63200000e-08  1.34505395e-01 
 5.63400000e-08  1.36486569e-01 
 5.63600000e-08  1.38430663e-01 
 5.63800000e-08  1.40337007e-01 
 5.64000000e-08  1.42205000e-01 
 5.64200000e-08  1.44034108e-01 
 5.64400000e-08  1.45823861e-01 
 5.64600000e-08  1.47573855e-01 
 5.64800000e-08  1.49283744e-01 
 5.65000000e-08  1.50953239e-01 
 5.65200000e-08  1.52582107e-01 
 5.65400000e-08  1.54170165e-01 
 5.65600000e-08  1.55717281e-01 
 5.65800000e-08  1.57223366e-01 
 5.66000000e-08  1.58688374e-01 
 5.66200000e-08  1.60112300e-01 
 5.66400000e-08  1.61495174e-01 
 5.66600000e-08  1.62837062e-01 
 5.66800000e-08  1.64138058e-01 
 5.67000000e-08  1.65398288e-01 
 5.67200000e-08  1.66617901e-01 
 5.67400000e-08  1.67797072e-01 
 5.67600000e-08  1.68935995e-01 
 5.67800000e-08  1.70034886e-01 
 5.68000000e-08  1.71093976e-01 
 5.68200000e-08  1.72113512e-01 
 5.68400000e-08  1.73093753e-01 
 5.68600000e-08  1.74034971e-01 
 5.68800000e-08  1.74937450e-01 
 5.69000000e-08  1.75801479e-01 
 5.69200000e-08  1.76627356e-01 
 5.69400000e-08  1.77415386e-01 
 5.69600000e-08  1.78165878e-01 
 5.69800000e-08  1.78879147e-01 
 5.70000000e-08  1.79555507e-01 
 5.70200000e-08  1.80195279e-01 
 5.70400000e-08  1.80798783e-01 
 5.70600000e-08  1.81366339e-01 
 5.70800000e-08  1.81898270e-01 
 5.71000000e-08  1.82394896e-01 
 5.71200000e-08  1.82856539e-01 
 5.71400000e-08  1.83283516e-01 
 5.71600000e-08  1.83676147e-01 
 5.71800000e-08  1.84034746e-01 
 5.72000000e-08  1.84359628e-01 
 5.72200000e-08  1.84651111e-01 
 5.72400000e-08  1.84909499e-01 
 5.72600000e-08  1.85135088e-01 
 5.72800000e-08  1.85328188e-01 
 5.73000000e-08  1.85489101e-01 
 5.73200000e-08  1.85618125e-01 
 5.73400000e-08  1.85715556e-01 
 5.73600000e-08  1.85781686e-01 
 5.73800000e-08  1.85816803e-01 
 5.74000000e-08  1.85821194e-01 
 5.74200000e-08  1.85795142e-01 
 5.74400000e-08  1.85738928e-01 
 5.74600000e-08  1.85652831e-01 
 5.74800000e-08  1.85537125e-01 
 5.75000000e-08  1.85392084e-01 
 5.75200000e-08  1.85217978e-01 
 5.75400000e-08  1.85015075e-01 
 5.75600000e-08  1.84783643e-01 
 5.75800000e-08  1.84523944e-01 
 5.76000000e-08  1.84236241e-01 
 5.76200000e-08  1.83920795e-01 
 5.76400000e-08  1.83577864e-01 
 5.76600000e-08  1.83207705e-01 
 5.76800000e-08  1.82810575e-01 
 5.77000000e-08  1.82386728e-01 
 5.77200000e-08  1.81936416e-01 
 5.77400000e-08  1.81459893e-01 
 5.77600000e-08  1.80957410e-01 
 5.77800000e-08  1.80429218e-01 
 5.78000000e-08  1.79875566e-01 
 5.78200000e-08  1.79296704e-01 
 5.78400000e-08  1.78692882e-01 
 5.78600000e-08  1.78064347e-01 
 5.78800000e-08  1.77411348e-01 
 5.79000000e-08  1.76734135e-01 
 5.79200000e-08  1.76032963e-01 
 5.79400000e-08  1.75308076e-01 
 5.79600000e-08  1.74559710e-01 
 5.79800000e-08  1.73788119e-01 
 5.80000000e-08  1.72993558e-01 
 5.80200000e-08  1.72176275e-01 
 5.80400000e-08  1.71336522e-01 
 5.80600000e-08  1.70474548e-01 
 5.80800000e-08  1.69590606e-01 
 5.81000000e-08  1.68684948e-01 
 5.81200000e-08  1.67757827e-01 
 5.81400000e-08  1.66809495e-01 
 5.81600000e-08  1.65840209e-01 
 5.81800000e-08  1.64850223e-01 
 5.82000000e-08  1.63839793e-01 
 5.82200000e-08  1.62809177e-01 
 5.82400000e-08  1.61758632e-01 
 5.82600000e-08  1.60688418e-01 
 5.82800000e-08  1.59598794e-01 
 5.83000000e-08  1.58490021e-01 
 5.83200000e-08  1.57362361e-01 
 5.83400000e-08  1.56216075e-01 
 5.83600000e-08  1.55051428e-01 
 5.83800000e-08  1.53868682e-01 
 5.84000000e-08  1.52668103e-01 
 5.84200000e-08  1.51449955e-01 
 5.84400000e-08  1.50214505e-01 
 5.84600000e-08  1.48962018e-01 
 5.84800000e-08  1.47692761e-01 
 5.85000000e-08  1.46407002e-01 
 5.85200000e-08  1.45105006e-01 
 5.85400000e-08  1.43787041e-01 
 5.85600000e-08  1.42453374e-01 
 5.85800000e-08  1.41104272e-01 
 5.86000000e-08  1.39740001e-01 
 5.86200000e-08  1.38360827e-01 
 5.86400000e-08  1.36967015e-01 
 5.86600000e-08  1.35558829e-01 
 5.86800000e-08  1.34136533e-01 
 5.87000000e-08  1.32700388e-01 
 5.87200000e-08  1.31250655e-01 
 5.87400000e-08  1.29787593e-01 
 5.87600000e-08  1.28311458e-01 
 5.87800000e-08  1.26822506e-01 
 5.88000000e-08  1.25320988e-01 
 5.88200000e-08  1.23807155e-01 
 5.88400000e-08  1.22281252e-01 
 5.88600000e-08  1.20743525e-01 
 5.88800000e-08  1.19194213e-01 
 5.89000000e-08  1.17633552e-01 
 5.89200000e-08  1.16061775e-01 
 5.89400000e-08  1.14479111e-01 
 5.89600000e-08  1.12885783e-01 
 5.89800000e-08  1.11282010e-01 
 5.90000000e-08  1.09668006e-01 
 5.90200000e-08  1.08043978e-01 
 5.90400000e-08  1.06410129e-01 
 5.90600000e-08  1.04766656e-01 
 5.90800000e-08  1.03113749e-01 
 5.91000000e-08  1.01451590e-01 
 5.91200000e-08  9.97803561e-02 
 5.91400000e-08  9.81002164e-02 
 5.91600000e-08  9.64113321e-02 
 5.91800000e-08  9.47138569e-02 
 5.92000000e-08  9.30079360e-02 
 5.92200000e-08  9.12937064e-02 
 5.92400000e-08  8.95712963e-02 
 5.92600000e-08  8.78408251e-02 
 5.92800000e-08  8.61024028e-02 
 5.93000000e-08  8.43561300e-02 
 5.93200000e-08  8.26020975e-02 
 5.93400000e-08  8.08403865e-02 
 5.93600000e-08  7.90710678e-02 
 5.93800000e-08  7.72942021e-02 
 5.94000000e-08  7.55098395e-02 
 5.94200000e-08  7.37180196e-02 
 5.94400000e-08  7.19187712e-02 
 5.94600000e-08  7.01121121e-02 
 5.94800000e-08  6.82980495e-02 
 5.95000000e-08  6.64765790e-02 
 5.95200000e-08  6.46476856e-02 
 5.95400000e-08  6.28113429e-02 
 5.95600000e-08  6.09675133e-02 
 5.95800000e-08  5.91161419e-02 
 5.96000000e-08  5.72571668e-02 
 5.96200000e-08  5.53905234e-02 
 5.96400000e-08  5.35161321e-02 
 5.96600000e-08  5.16338998e-02 
 5.96800000e-08  4.97437225e-02 
 5.97000000e-08  4.78454857e-02 
 5.97200000e-08  4.59390643e-02 
 5.97400000e-08  4.40243229e-02 
 5.97600000e-08  4.21011161e-02 
 5.97800000e-08  4.01692884e-02 
 5.98000000e-08  3.82286749e-02 
 5.98200000e-08  3.62791016e-02 
 5.98400000e-08  3.43203854e-02 
 5.98600000e-08  3.23523346e-02 
 5.98800000e-08  3.03747496e-02 
 5.99000000e-08  2.83874233e-02 
 5.99200000e-08  2.63901411e-02 
 5.99400000e-08  2.43826821e-02 
 5.99600000e-08  2.23648198e-02 
 5.99800000e-08  2.03363219e-02 
 6.00000000e-08  1.82980572e-02 
