 1.00000000e+06 -1.49432076e+00  4.62336064e-04 
 1.05932636e+06 -1.49432074e+00  4.89764779e-04 
 1.12217233e+06 -1.49432073e+00  5.18820739e-04 
 1.18874673e+06 -1.49432071e+00  5.49600483e-04 
 1.25927075e+06 -1.49432069e+00  5.82206277e-04 
 1.33397869e+06 -1.49432067e+00  6.16746454e-04 
 1.41311879e+06 -1.49432064e+00  6.53335774e-04 
 1.49695398e+06 -1.49432061e+00  6.92095804e-04 
 1.58576281e+06 -1.49432058e+00  7.33155326e-04 
 1.67984034e+06 -1.49432054e+00  7.76650759e-04 
 1.77949915e+06 -1.49432050e+00  8.22726617e-04 
 1.88507036e+06 -1.49432046e+00  8.71535987e-04 
 1.99690471e+06 -1.49432041e+00  9.23241040e-04 
 2.11537380e+06 -1.49432035e+00  9.78013563e-04 
 2.24087122e+06 -1.49432028e+00  1.03603554e-03 
 2.37381395e+06 -1.49432021e+00  1.09749975e-03 
 2.51464369e+06 -1.49432013e+00  1.16261041e-03 
 2.66382834e+06 -1.49432004e+00  1.23158384e-03 
 2.82186357e+06 -1.49431994e+00  1.30464921e-03 
 2.98927446e+06 -1.49431982e+00  1.38204928e-03 
 3.16661723e+06 -1.49431969e+00  1.46404122e-03 
 3.35448110e+06 -1.49431955e+00  1.55089743e-03 
 3.55349024e+06 -1.49431939e+00  1.64290651e-03 
 3.76430588e+06 -1.49431921e+00  1.74037414e-03 
 3.98762844e+06 -1.49431900e+00  1.84362417e-03 
 4.22419991e+06 -1.49431877e+00  1.95299964e-03 
 4.47480631e+06 -1.49431851e+00  2.06886395e-03 
 4.74028027e+06 -1.49431823e+00  2.19160206e-03 
 5.02150383e+06 -1.49431790e+00  2.32162177e-03 
 5.31941137e+06 -1.49431754e+00  2.45935506e-03 
 5.63499267e+06 -1.49431713e+00  2.60525955e-03 
 5.96929627e+06 -1.49431667e+00  2.75982000e-03 
 6.32343288e+06 -1.49431616e+00  2.92354995e-03 
 6.69857912e+06 -1.49431558e+00  3.09699337e-03 
 7.09598142e+06 -1.49431494e+00  3.28072653e-03 
 7.51696016e+06 -1.49431421e+00  3.47535987e-03 
 7.96291403e+06 -1.49431339e+00  3.68154007e-03 
 8.43532472e+06 -1.49431248e+00  3.89995213e-03 
 8.93576181e+06 -1.49431145e+00  4.13132174e-03 
 9.46588802e+06 -1.49431030e+00  4.37641759e-03 
 1.00274647e+07 -1.49430901e+00  4.63605400e-03 
 1.06223576e+07 -1.49430756e+00  4.91109361e-03 
 1.12525434e+07 -1.49430593e+00  5.20245020e-03 
 1.19201159e+07 -1.49430411e+00  5.51109178e-03 
 1.26272929e+07 -1.49430206e+00  5.83804378e-03 
 1.33764242e+07 -1.49429976e+00  6.18439246e-03 
 1.41699988e+07 -1.49429718e+00  6.55128853e-03 
 1.50106532e+07 -1.49429429e+00  6.93995093e-03 
 1.59011806e+07 -1.49429104e+00  7.35167094e-03 
 1.68445397e+07 -1.49428739e+00  7.78781641e-03 
 1.78438649e+07 -1.49428330e+00  8.24983636e-03 
 1.89024764e+07 -1.49427871e+00  8.73926573e-03 
 2.00238915e+07 -1.49427355e+00  9.25773052e-03 
 2.12118361e+07 -1.49426777e+00  9.80695318e-03 
 2.24702570e+07 -1.49426128e+00  1.03887583e-02 
 2.38033356e+07 -1.49425400e+00  1.10050787e-02 
 2.52155008e+07 -1.49424583e+00  1.16579619e-02 
 2.67114446e+07 -1.49423666e+00  1.23495767e-02 
 2.82961373e+07 -1.49422637e+00  1.30822207e-02 
 2.99748441e+07 -1.49421482e+00  1.38583276e-02 
 3.17531424e+07 -1.49420186e+00  1.46804755e-02 
 3.36369407e+07 -1.49418731e+00  1.55513953e-02 
 3.56324979e+07 -1.49417098e+00  1.64739799e-02 
 3.77464443e+07 -1.49415266e+00  1.74512936e-02 
 3.99858033e+07 -1.49413210e+00  1.84865825e-02 
 4.23580154e+07 -1.49410903e+00  1.95832850e-02 
 4.48709622e+07 -1.49408313e+00  2.07450433e-02 
 4.75329930e+07 -1.49405407e+00  2.19757153e-02 
 5.03529523e+07 -1.49402145e+00  2.32793878e-02 
 5.33402096e+07 -1.49398483e+00  2.46603892e-02 
 5.65046900e+07 -1.49394374e+00  2.61233048e-02 
 5.98569075e+07 -1.49389761e+00  2.76729910e-02 
 6.34079998e+07 -1.49384584e+00  2.93145916e-02 
 6.71697655e+07 -1.49378773e+00  3.10535550e-02 
 7.11547031e+07 -1.49372250e+00  3.28956516e-02 
 7.53760525e+07 -1.49364927e+00  3.48469931e-02 
 7.98478392e+07 -1.49356707e+00  3.69140522e-02 
 8.45849207e+07 -1.49347479e+00  3.91036835e-02 
 8.96030360e+07 -1.49337118e+00  4.14231461e-02 
 9.49188578e+07 -1.49325485e+00  4.38801269e-02 
 1.00550048e+08 -1.49312424e+00  4.64827650e-02 
 1.06515316e+08 -1.49297757e+00  4.92396781e-02 
 1.12834482e+08 -1.49281287e+00  5.21599892e-02 
 1.19528541e+08 -1.49262789e+00  5.52533555e-02 
 1.26619734e+08 -1.49242012e+00  5.85299980e-02 
 1.34131621e+08 -1.49218674e+00  6.20007328e-02 
 1.42089162e+08 -1.49192456e+00  6.56770033e-02 
 1.50518795e+08 -1.49162999e+00  6.95709134e-02 
 1.59448526e+08 -1.49129897e+00  7.36952618e-02 
 1.68908027e+08 -1.49092696e+00  7.80635771e-02 
 1.78928725e+08 -1.49050880e+00  8.26901527e-02 
 1.89543915e+08 -1.49003870e+00  8.75900820e-02 
 2.00788865e+08 -1.48951012e+00  9.27792926e-02 
 2.12700937e+08 -1.48891565e+00  9.82745787e-02 
 2.25319709e+08 -1.48824696e+00  1.04093631e-01 
 2.38687107e+08 -1.48749463e+00  1.10255063e-01 
 2.52847543e+08 -1.48664800e+00  1.16778429e-01 
 2.67848067e+08 -1.48569505e+00  1.23684239e-01 
 2.83738518e+08 -1.48462219e+00  1.30993956e-01 
 3.00571690e+08 -1.48341406e+00  1.38729985e-01 
 3.18403514e+08 -1.48205332e+00  1.46915639e-01 
 3.37293235e+08 -1.48052040e+00  1.55575088e-01 
 3.57303614e+08 -1.47879321e+00  1.64733270e-01 
 3.78501137e+08 -1.47684687e+00  1.74415774e-01 
 4.00956231e+08 -1.47465335e+00  1.84648678e-01 
 4.24743504e+08 -1.47218117e+00  1.95458332e-01 
 4.49941989e+08 -1.46939501e+00  2.06871080e-01 
 4.76635408e+08 -1.46625538e+00  2.18912920e-01 
 5.04912451e+08 -1.46271818e+00  2.31609068e-01 
 5.34867068e+08 -1.45873440e+00  2.44983447e-01 
 5.66598783e+08 -1.45424973e+00  2.59058066e-01 
 6.00213026e+08 -1.44920429e+00  2.73852296e-01 
 6.35821479e+08 -1.44353237e+00  2.89382034e-01 
 6.73542451e+08 -1.43716227e+00  3.05658751e-01 
 7.13501272e+08 -1.43001624e+00  3.22688425e-01 
 7.55830704e+08 -1.42201057e+00  3.40470362e-01 
 8.00671387e+08 -1.41305583e+00  3.58995927e-01 
 8.48172305e+08 -1.40305730e+00  3.78247178e-01 
 8.98491278e+08 -1.39191568e+00  3.98195445e-01 
 9.51795494e+08 -1.37952796e+00  4.18799879e-01 
 1.00826205e+09 -1.36578872e+00  4.40005999e-01 
 1.06807857e+09 -1.35059162e+00  4.61744296e-01 
 1.13144378e+09 -1.33383132e+00  4.83928953e-01 
 1.19856822e+09 -1.31540571e+00  5.06456743e-01 
 1.26967491e+09 -1.29521858e+00  5.29206198e-01 
 1.34500010e+09 -1.27318256e+00  5.52037142e-01 
 1.42479405e+09 -1.24922246e+00  5.74790695e-01 
 1.50932190e+09 -1.22327880e+00  5.97289857e-01 
 1.59886447e+09 -1.19531155e+00  6.19340786e-01 
 1.69371927e+09 -1.16530391e+00  6.40734859e-01 
 1.79420147e+09 -1.13326588e+00  6.61251598e-01 
 1.90064491e+09 -1.09923756e+00  6.80662488e-01 
 2.01340325e+09 -1.06329181e+00  6.98735659e-01 
 2.13285113e+09 -1.02553610e+00  7.15241363e-01 
 2.25938542e+09 -9.86113267e-01  7.29958070e-01 
 2.39342653e+09 -9.45201086e-01  7.42678946e-01 
 2.53541981e+09 -9.03010337e-01  7.53218424e-01 
 2.68583703e+09 -8.59781473e-01  7.61418491e-01 
 2.84517796e+09 -8.15779855e-01  7.67154342e-01 
 3.01397201e+09 -7.71289726e-01  7.70339007e-01 
 3.19277999e+09 -7.26607197e-01  7.70926657e-01 
 3.38219600e+09 -6.82032592e-01  7.68914330e-01 
 3.58284937e+09 -6.37862558e-01  7.64341968e-01 
 3.79540678e+09 -5.94382395e-01  7.57290755e-01 
 4.02057444e+09 -5.51859003e-01  7.47879871e-01 
 4.25910048e+09 -5.10534812e-01  7.36261900e-01 
 4.51177740e+09 -4.70622975e-01  7.22617207e-01 
 4.77944472e+09 -4.32303968e-01  7.07147650e-01 
 5.06299177e+09 -3.95723671e-01  6.90070007e-01 
 5.36336063e+09 -3.60992868e-01  6.71609478e-01 
 5.68154929e+09 -3.28188028e-01  6.51993572e-01 
 6.01861492e+09 -2.97353166e-01  6.31446623e-01 
 6.37567742e+09 -2.68502547e-01  6.10185108e-01 
 6.75392314e+09 -2.41623988e-01  5.88413850e-01 
 7.15460881e+09 -2.16682498e-01  5.66323142e-01 
 7.57906569e+09 -1.93624071e-01  5.44086744e-01 
 8.02870406e+09 -1.72379416e-01  5.21860693e-01 
 8.50501783e+09 -1.52867513e-01  4.99782817e-01 
 9.00958956e+09 -1.34998871e-01  4.77972831e-01 
 9.54409570e+09 -1.18678443e-01  4.56532903e-01 
 1.01103121e+10 -1.03808143e-01  4.35548575e-01 
 1.07101201e+10 -9.02889833e-02  4.15089918e-01 
 1.13455126e+10 -7.80228181e-02  3.95212856e-01 
 1.20186005e+10 -6.69137407e-02  3.75960555e-01 
 1.27316203e+10 -5.68691551e-02  3.57364844e-01 
 1.34869410e+10 -4.78005663e-02  3.39447591e-01 
 1.42870721e+10 -3.96241288e-02  3.22222034e-01 
 1.51346720e+10 -3.22609910e-02  3.05694012e-01 
 1.60325570e+10 -2.56374733e-02  2.89863107e-01 
 1.69837102e+10 -1.96851128e-02  2.74723670e-01 
 1.79912919e+10 -1.43406032e-02  2.60265751e-01 
 1.90586497e+10 -9.54565601e-03  2.46475908e-01 
 2.01893300e+10 -5.24680324e-03  2.33337929e-01 
 2.13870894e+10 -1.39516019e-03  2.20833449e-01 
 2.26559075e+10  2.05383792e-03  2.08942484e-01 
 2.40000000e+10  5.14071386e-03  1.97643889e-01 
