 1.00000000e+06 -2.97707266e-01 -1.26377625e-04 
 1.05932636e+06 -2.97707399e-01 -1.33874660e-04 
 1.12217233e+06 -2.97707549e-01 -1.41816374e-04 
 1.18874673e+06 -2.97707718e-01 -1.50229131e-04 
 1.25927075e+06 -2.97707907e-01 -1.59140856e-04 
 1.33397869e+06 -2.97708119e-01 -1.68581126e-04 
 1.41311879e+06 -2.97708357e-01 -1.78581268e-04 
 1.49695398e+06 -2.97708624e-01 -1.89174463e-04 
 1.58576281e+06 -2.97708924e-01 -2.00395852e-04 
 1.67984034e+06 -2.97709260e-01 -2.12282656e-04 
 1.77949915e+06 -2.97709637e-01 -2.24874292e-04 
 1.88507036e+06 -2.97710061e-01 -2.38212507e-04 
 1.99690471e+06 -2.97710536e-01 -2.52341508e-04 
 2.11537380e+06 -2.97711069e-01 -2.67308112e-04 
 2.24087122e+06 -2.97711667e-01 -2.83161895e-04 
 2.37381395e+06 -2.97712339e-01 -2.99955351e-04 
 2.51464369e+06 -2.97713092e-01 -3.17744061e-04 
 2.66382834e+06 -2.97713938e-01 -3.36586875e-04 
 2.82186357e+06 -2.97714887e-01 -3.56546096e-04 
 2.98927446e+06 -2.97715952e-01 -3.77687678e-04 
 3.16661723e+06 -2.97717146e-01 -4.00081437e-04 
 3.35448110e+06 -2.97718487e-01 -4.23801270e-04 
 3.55349024e+06 -2.97719992e-01 -4.48925380e-04 
 3.76430588e+06 -2.97721680e-01 -4.75536525e-04 
 3.98762844e+06 -2.97723574e-01 -5.03722269e-04 
 4.22419991e+06 -2.97725700e-01 -5.33575243e-04 
 4.47480631e+06 -2.97728085e-01 -5.65193430e-04 
 4.74028027e+06 -2.97730762e-01 -5.98680448e-04 
 5.02150383e+06 -2.97733766e-01 -6.34145854e-04 
 5.31941137e+06 -2.97737136e-01 -6.71705460e-04 
 5.63499267e+06 -2.97740918e-01 -7.11481650e-04 
 5.96929627e+06 -2.97745161e-01 -7.53603722e-04 
 6.32343288e+06 -2.97749923e-01 -7.98208227e-04 
 6.69857912e+06 -2.97755265e-01 -8.45439326e-04 
 7.09598142e+06 -2.97761260e-01 -8.95449143e-04 
 7.51696016e+06 -2.97767986e-01 -9.48398131e-04 
 7.96291403e+06 -2.97775533e-01 -1.00445543e-03 
 8.43532472e+06 -2.97784001e-01 -1.06379924e-03 
 8.93576181e+06 -2.97793501e-01 -1.12661715e-03 
 9.46588802e+06 -2.97804160e-01 -1.19310649e-03 
 1.00274647e+07 -2.97816118e-01 -1.26347467e-03 
 1.06223576e+07 -2.97829535e-01 -1.33793941e-03 
 1.12525434e+07 -2.97844586e-01 -1.41672904e-03 
 1.19201159e+07 -2.97861470e-01 -1.50008266e-03 
 1.26272929e+07 -2.97880410e-01 -1.58825030e-03 
 1.33764242e+07 -2.97901657e-01 -1.68149289e-03 
 1.41699988e+07 -2.97925488e-01 -1.78008224e-03 
 1.50106532e+07 -2.97952217e-01 -1.88430080e-03 
 1.59011806e+07 -2.97982195e-01 -1.99444126e-03 
 1.68445397e+07 -2.98015814e-01 -2.11080595e-03 
 1.78438649e+07 -2.98053513e-01 -2.23370599e-03 
 1.89024764e+07 -2.98095785e-01 -2.36346010e-03 
 2.00238915e+07 -2.98143179e-01 -2.50039304e-03 
 2.12118361e+07 -2.98196310e-01 -2.64483363e-03 
 2.24702570e+07 -2.98255866e-01 -2.79711212e-03 
 2.38033356e+07 -2.98322613e-01 -2.95755704e-03 
 2.52155008e+07 -2.98397409e-01 -3.12649113e-03 
 2.67114446e+07 -2.98481211e-01 -3.30422644e-03 
 2.82961373e+07 -2.98575084e-01 -3.49105827e-03 
 2.99748441e+07 -2.98680215e-01 -3.68725781e-03 
 3.17531424e+07 -2.98797928e-01 -3.89306326e-03 
 3.36369407e+07 -2.98929691e-01 -4.10866910e-03 
 3.56324979e+07 -2.99077137e-01 -4.33421328e-03 
 3.77464443e+07 -2.99242076e-01 -4.56976192e-03 
 3.99858033e+07 -2.99426514e-01 -4.81529116e-03 
 4.23580154e+07 -2.99632668e-01 -5.07066562e-03 
 4.48709622e+07 -2.99862984e-01 -5.33561314e-03 
 4.75329930e+07 -3.00120156e-01 -5.60969505e-03 
 5.03529523e+07 -3.00407145e-01 -5.89227149e-03 
 5.33402096e+07 -3.00727193e-01 -6.18246116e-03 
 5.65046900e+07 -3.01083841e-01 -6.47909465e-03 
 5.98569075e+07 -3.01480942e-01 -6.78066085e-03 
 6.34079998e+07 -3.01922673e-01 -7.08524571e-03 
 6.71697655e+07 -3.02413537e-01 -7.39046265e-03 
 7.11547031e+07 -3.02958364e-01 -7.69337415e-03 
 7.53760525e+07 -3.03562303e-01 -7.99040425e-03 
 7.98478392e+07 -3.04230799e-01 -8.27724172e-03 
 8.45849207e+07 -3.04969562e-01 -8.54873426e-03 
 8.96030360e+07 -3.05784517e-01 -8.79877455e-03 
 9.49188578e+07 -3.06681733e-01 -9.02017939e-03 
 1.00550048e+08 -3.07667329e-01 -9.20456435e-03 
 1.06515316e+08 -3.08747355e-01 -9.34221695e-03 
 1.12834482e+08 -3.09927642e-01 -9.42197279e-03 
 1.19528541e+08 -3.11213611e-01 -9.43110028e-03 
 1.26619734e+08 -3.12610059e-01 -9.35520091e-03 
 1.34131621e+08 -3.14120893e-01 -9.17813356e-03 
 1.42089162e+08 -3.15748840e-01 -8.88197242e-03 
 1.50518795e+08 -3.17495108e-01 -8.44700930e-03 
 1.59448526e+08 -3.19359034e-01 -7.85181139e-03 
 1.68908027e+08 -3.21337696e-01 -7.07334551e-03 
 1.78928725e+08 -3.23425530e-01 -6.08717871e-03 
 1.89543915e+08 -3.25613947e-01 -4.86776253e-03 
 2.00788865e+08 -3.27890977e-01 -3.38880525e-03 
 2.12700937e+08 -3.30240966e-01 -1.62373102e-03 
 2.25319709e+08 -3.32644332e-01  4.53780335e-04 
 2.38687107e+08 -3.35077424e-01  2.86918589e-03 
 2.52847543e+08 -3.37512482e-01  5.64642375e-03 
 2.67848067e+08 -3.39917723e-01  8.80723358e-03 
 2.83738518e+08 -3.42257551e-01  1.23704822e-02 
 3.00571690e+08 -3.44492896e-01  1.63515244e-02 
 3.18403514e+08 -3.46581669e-01  2.07616291e-02 
 3.37293235e+08 -3.48479310e-01  2.56074930e-02 
 3.57303614e+08 -3.50139399e-01  3.08908625e-02 
 3.78501137e+08 -3.51514320e-01  3.66082689e-02 
 4.00956231e+08 -3.52555916e-01  4.27508783e-02 
 4.24743504e+08 -3.53216142e-01  4.93044420e-02 
 4.49941989e+08 -3.53447666e-01  5.62493305e-02 
 4.76635408e+08 -3.53204431e-01  6.35606261e-02 
 5.04912451e+08 -3.52442156e-01  7.12082489e-02 
 5.34867068e+08 -3.51118803e-01  7.91570931e-02 
 5.66598783e+08 -3.49195010e-01  8.73671564e-02 
 6.00213026e+08 -3.46634528e-01  9.57936546e-02 
 6.35821479e+08 -3.43404680e-01  1.04387122e-01 
 6.73542451e+08 -3.39476872e-01  1.13093514e-01 
 7.13501272e+08 -3.34827165e-01  1.21854332e-01 
 7.55830704e+08 -3.29436943e-01  1.30606804e-01 
 8.00671387e+08 -3.23293648e-01  1.39284171e-01 
 8.48172305e+08 -3.16391591e-01  1.47816103e-01 
 8.98491278e+08 -3.08732801e-01  1.56129306e-01 
 9.51795494e+08 -3.00327867e-01  1.64148337e-01 
 1.00826205e+09 -2.91196713e-01  1.71796660e-01 
 1.06807857e+09 -2.81369235e-01  1.78997954e-01 
 1.13144378e+09 -2.70885738e-01  1.85677632e-01 
 1.19856822e+09 -2.59797071e-01  1.91764566e-01 
 1.26967491e+09 -2.48164424e-01  1.97192921e-01 
 1.34500010e+09 -2.36058719e-01  2.01904034e-01 
 1.42479405e+09 -2.23559579e-01  2.05848220e-01 
 1.50932190e+09 -2.10753880e-01  2.08986406e-01 
 1.59886447e+09 -1.97733933e-01  2.11291459e-01 
 1.69371927e+09 -1.84595366e-01  2.12749141e-01 
 1.79420147e+09 -1.71434810e-01  2.13358589e-01 
 1.90064491e+09 -1.58347516e-01  2.13132296e-01 
 2.01340325e+09 -1.45425030e-01  2.12095579e-01 
 2.13285113e+09 -1.32753047e-01  2.10285571e-01 
 2.25938542e+09 -1.20409568e-01  2.07749809e-01 
 2.39342653e+09 -1.08463431e-01  2.04544497e-01 
 2.53541981e+09 -9.69732660e-02  2.00732576e-01 
 2.68583703e+09 -8.59869105e-02  1.96381697e-01 
 2.84517796e+09 -7.55412472e-02  1.91562217e-01 
 3.01397201e+09 -6.56624406e-02  1.86345308e-01 
 3.19277999e+09 -5.63665048e-02  1.80801261e-01 
 3.38219600e+09 -4.76601318e-02  1.74998026e-01 
 3.58284937e+09 -3.95417042e-02  1.69000034e-01 
 3.79540678e+09 -3.20024181e-02  1.62867291e-01 
 4.02057444e+09 -2.50274506e-02  1.56654747e-01 
 4.25910048e+09 -1.85971144e-02  1.50411914e-01 
 4.51177740e+09 -1.26879586e-02  1.44182701e-01 
 4.77944472e+09 -7.27378007e-03  1.38005432e-01 
 5.06299177e+09 -2.32652919e-03  1.31913011e-01 
 5.36336063e+09  2.18290380e-03  1.25933190e-01 
 5.68154929e+09  6.28402273e-03  1.20088925e-01 
 6.01861492e+09  1.00061768e-02  1.14398773e-01 
 6.37567742e+09  1.33781219e-02  1.08877317e-01 
 6.75392314e+09  1.64276804e-02  1.03535601e-01 
 7.15460881e+09  1.91814900e-02  9.83815490e-02 
 7.57906569e+09  2.16648257e-02  9.34203786e-02 
 8.02870406e+09  2.39014874e-02  8.86549760e-02 
 8.50501783e+09  2.59137372e-02  8.40862489e-02 
 9.00958956e+09  2.77222803e-02  7.97134448e-02 
 9.54409570e+09  2.93462777e-02  7.55344361e-02 
 1.01103121e+10  3.08033837e-02  7.15459728e-02 
 1.07101201e+10  3.21098027e-02  6.77439051e-02 
 1.13455126e+10  3.32803577e-02  6.41233755e-02 
 1.20186005e+10  3.43285686e-02  6.06789857e-02 
 1.27316203e+10  3.52667339e-02  5.74049383e-02 
 1.34869410e+10  3.61060154e-02  5.42951575e-02 
 1.42870721e+10  3.68565228e-02  5.13433905e-02 
 1.51346720e+10  3.75273961e-02  4.85432915e-02 
 1.60325570e+10  3.81268853e-02  4.58884917e-02 
 1.69837102e+10  3.86624267e-02  4.33726565e-02 
 1.79912919e+10  3.91407147e-02  4.09895310e-02 
 1.90586497e+10  3.95677687e-02  3.87329769e-02 
 2.01893300e+10  3.99489963e-02  3.65970013e-02 
 2.13870894e+10  4.02892508e-02  3.45757786e-02 
 2.26559075e+10  4.05928848e-02  3.26636668e-02 
 2.40000000e+10  4.08637991e-02  3.08552191e-02 
