 1.00000000e+06 -2.13497131e-01  7.50901899e-05 
 1.05932636e+06 -2.13497130e-01  7.95450173e-05 
 1.12217233e+06 -2.13497128e-01  8.42641334e-05 
 1.18874673e+06 -2.13497126e-01  8.92632174e-05 
 1.25927075e+06 -2.13497124e-01  9.45588789e-05 
 1.33397869e+06 -2.13497122e-01  1.00168713e-04 
 1.41311879e+06 -2.13497119e-01  1.06111357e-04 
 1.49695398e+06 -2.13497116e-01  1.12406557e-04 
 1.58576281e+06 -2.13497113e-01  1.19075229e-04 
 1.67984034e+06 -2.13497110e-01  1.26139528e-04 
 1.77949915e+06 -2.13497105e-01  1.33622927e-04 
 1.88507036e+06 -2.13497101e-01  1.41550288e-04 
 1.99690471e+06 -2.13497096e-01  1.49947950e-04 
 2.11537380e+06 -2.13497090e-01  1.58843815e-04 
 2.24087122e+06 -2.13497083e-01  1.68267439e-04 
 2.37381395e+06 -2.13497076e-01  1.78250133e-04 
 2.51464369e+06 -2.13497068e-01  1.88825063e-04 
 2.66382834e+06 -2.13497059e-01  2.00027365e-04 
 2.82186357e+06 -2.13497049e-01  2.11894258e-04 
 2.98927446e+06 -2.13497037e-01  2.24465171e-04 
 3.16661723e+06 -2.13497024e-01  2.37781869e-04 
 3.35448110e+06 -2.13497010e-01  2.51888599e-04 
 3.55349024e+06 -2.13496993e-01  2.66832229e-04 
 3.76430588e+06 -2.13496975e-01  2.82662409e-04 
 3.98762844e+06 -2.13496954e-01  2.99431735e-04 
 4.22419991e+06 -2.13496931e-01  3.17195924e-04 
 4.47480631e+06 -2.13496906e-01  3.36013996e-04 
 4.74028027e+06 -2.13496877e-01  3.55948475e-04 
 5.02150383e+06 -2.13496844e-01  3.77065592e-04 
 5.31941137e+06 -2.13496808e-01  3.99435509e-04 
 5.63499267e+06 -2.13496767e-01  4.23132550e-04 
 5.96929627e+06 -2.13496721e-01  4.48235447e-04 
 6.32343288e+06 -2.13496669e-01  4.74827604e-04 
 6.69857912e+06 -2.13496611e-01  5.02997374e-04 
 7.09598142e+06 -2.13496546e-01  5.32838350e-04 
 7.51696016e+06 -2.13496473e-01  5.64449676e-04 
 7.96291403e+06 -2.13496391e-01  5.97936382e-04 
 8.43532472e+06 -2.13496300e-01  6.33409725e-04 
 8.93576181e+06 -2.13496197e-01  6.70987563e-04 
 9.46588802e+06 -2.13496081e-01  7.10794747e-04 
 1.00274647e+07 -2.13495951e-01  7.52963535e-04 
 1.06223576e+07 -2.13495806e-01  7.97634029e-04 
 1.12525434e+07 -2.13495642e-01  8.44954643e-04 
 1.19201159e+07 -2.13495459e-01  8.95082597e-04 
 1.26272929e+07 -2.13495253e-01  9.48184436e-04 
 1.33764242e+07 -2.13495022e-01  1.00443658e-03 
 1.41699988e+07 -2.13494763e-01  1.06402593e-03 
 1.50106532e+07 -2.13494472e-01  1.12715046e-03 
 1.59011806e+07 -2.13494146e-01  1.19401989e-03 
 1.68445397e+07 -2.13493780e-01  1.26485638e-03 
 1.78438649e+07 -2.13493369e-01  1.33989528e-03 
 1.89024764e+07 -2.13492908e-01  1.41938587e-03 
 2.00238915e+07 -2.13492391e-01  1.50359226e-03 
 2.12118361e+07 -2.13491810e-01  1.59279419e-03 
 2.24702570e+07 -2.13491159e-01  1.68728802e-03 
 2.38033356e+07 -2.13490428e-01  1.78738765e-03 
 2.52155008e+07 -2.13489607e-01  1.89342564e-03 
 2.67114446e+07 -2.13488686e-01  2.00575425e-03 
 2.82961373e+07 -2.13487653e-01  2.12474663e-03 
 2.99748441e+07 -2.13486494e-01  2.25079807e-03 
 3.17531424e+07 -2.13485193e-01  2.38432731e-03 
 3.36369407e+07 -2.13483733e-01  2.52577789e-03 
 3.56324979e+07 -2.13482094e-01  2.67561967e-03 
 3.77464443e+07 -2.13480256e-01  2.83435038e-03 
 3.99858033e+07 -2.13478192e-01  3.00249723e-03 
 4.23580154e+07 -2.13475877e-01  3.18061871e-03 
 4.48709622e+07 -2.13473278e-01  3.36930640e-03 
 4.75329930e+07 -2.13470362e-01  3.56918695e-03 
 5.03529523e+07 -2.13467090e-01  3.78092415e-03 
 5.33402096e+07 -2.13463418e-01  4.00522112e-03 
 5.65046900e+07 -2.13459297e-01  4.24282264e-03 
 5.98569075e+07 -2.13454673e-01  4.49451761e-03 
 6.34079998e+07 -2.13449483e-01  4.76114165e-03 
 6.71697655e+07 -2.13443659e-01  5.04357986e-03 
 7.11547031e+07 -2.13437123e-01  5.34276974e-03 
 7.53760525e+07 -2.13429788e-01  5.65970429e-03 
 7.98478392e+07 -2.13421557e-01  5.99543525e-03 
 8.45849207e+07 -2.13412319e-01  6.35107656e-03 
 8.96030360e+07 -2.13401952e-01  6.72780803e-03 
 9.49188578e+07 -2.13390317e-01  7.12687921e-03 
 1.00550048e+08 -2.13377260e-01  7.54961344e-03 
 1.06515316e+08 -2.13362605e-01  7.99741219e-03 
 1.12834482e+08 -2.13346159e-01  8.47175962e-03 
 1.19528541e+08 -2.13327700e-01  8.97422740e-03 
 1.26619734e+08 -2.13306982e-01  9.50647978e-03 
 1.34131621e+08 -2.13283730e-01  1.00702790e-02 
 1.42089162e+08 -2.13257632e-01  1.06674907e-02 
 1.50518795e+08 -2.13228338e-01  1.13000905e-02 
 1.59448526e+08 -2.13195458e-01  1.19701694e-02 
 1.68908027e+08 -2.13158550e-01  1.26799412e-02 
 1.78928725e+08 -2.13117120e-01  1.34317488e-02 
 1.89543915e+08 -2.13070612e-01  1.42280719e-02 
 2.00788865e+08 -2.13018402e-01  1.50715345e-02 
 2.12700937e+08 -2.12959788e-01  1.59649125e-02 
 2.25319709e+08 -2.12893981e-01  1.69111427e-02 
 2.38687107e+08 -2.12820094e-01  1.79133310e-02 
 2.52847543e+08 -2.12737131e-01  1.89747612e-02 
 2.67848067e+08 -2.12643968e-01  2.00989046e-02 
 2.83738518e+08 -2.12539346e-01  2.12894293e-02 
 3.00571690e+08 -2.12421844e-01  2.25502098e-02 
 3.18403514e+08 -2.12289865e-01  2.38853369e-02 
 3.37293235e+08 -2.12141610e-01  2.52991272e-02 
 3.57303614e+08 -2.11975053e-01  2.67961327e-02 
 3.78501137e+08 -2.11787913e-01  2.83811503e-02 
 4.00956231e+08 -2.11577619e-01  3.00592299e-02 
 4.24743504e+08 -2.11341273e-01  3.18356820e-02 
 4.49941989e+08 -2.11075608e-01  3.37160841e-02 
 4.76635408e+08 -2.10776939e-01  3.57062845e-02 
 5.04912451e+08 -2.10441110e-01  3.78124040e-02 
 5.34867068e+08 -2.10063430e-01  4.00408337e-02 
 5.66598783e+08 -2.09638607e-01  4.23982276e-02 
 6.00213026e+08 -2.09160669e-01  4.48914901e-02 
 6.35821479e+08 -2.08622875e-01  4.75277543e-02 
 6.73542451e+08 -2.08017620e-01  5.03143508e-02 
 7.13501272e+08 -2.07336329e-01  5.32587633e-02 
 7.55830704e+08 -2.06569335e-01  5.63685685e-02 
 8.00671387e+08 -2.05705754e-01  5.96513552e-02 
 8.48172305e+08 -2.04733345e-01  6.31146195e-02 
 8.98491278e+08 -2.03638365e-01  6.67656298e-02 
 9.51795494e+08 -2.02405421e-01  7.06112567e-02 
 1.00826205e+09 -2.01017315e-01  7.46577600e-02 
 1.06807857e+09 -1.99454904e-01  7.89105282e-02 
 1.13144378e+09 -1.97696971e-01  8.33737613e-02 
 1.19856822e+09 -1.95720124e-01  8.80500945e-02 
 1.26967491e+09 -1.93498743e-01  9.29401552e-02 
 1.34500010e+09 -1.91004977e-01  9.80420550e-02 
 1.42479405e+09 -1.88208841e-01  1.03350816e-01 
 1.50932190e+09 -1.85078407e-01  1.08857745e-01 
 1.59886447e+09 -1.81580143e-01  1.14549764e-01 
 1.69371927e+09 -1.77679400e-01  1.20408726e-01 
 1.79420147e+09 -1.73341100e-01  1.26410759e-01 
 1.90064491e+09 -1.68530608e-01  1.32525661e-01 
 2.01340325e+09 -1.63214830e-01  1.38716435e-01 
 2.13285113e+09 -1.57363493e-01  1.44938992e-01 
 2.25938542e+09 -1.50950609e-01  1.51142120e-01 
 2.39342653e+09 -1.43956047e-01  1.57267768e-01 
 2.53541981e+09 -1.36367160e-01  1.63251701e-01 
 2.68583703e+09 -1.28180353e-01  1.69024569e-01 
 2.84517796e+09 -1.19402486e-01  1.74513392e-01 
 3.01397201e+09 -1.10051996e-01  1.79643445e-01 
 3.19277999e+09 -1.00159607e-01  1.84340466e-01 
 3.38219600e+09 -8.97685370e-02  1.88533090e-01 
 3.58284937e+09 -7.89341310e-02  1.92155381e-01 
 3.79540678e+09 -6.77228864e-02  1.95149285e-01 
 4.02057444e+09 -5.62108998e-02  1.97466861e-01 
 4.25910048e+09 -4.44818034e-02  1.99072117e-01 
 4.51177740e+09 -3.26243093e-02  1.99942328e-01 
 4.77944472e+09 -2.07295144e-02  2.00068762e-01 
 5.06299177e+09 -8.88813593e-03  1.99456746e-01 
 5.36336063e+09  2.81215300e-03  1.98125126e-01 
 5.68154929e+09  1.42891313e-02  1.96105151e-01 
 6.01861492e+09  2.54680593e-02  1.93438904e-01 
 6.37567742e+09  3.62832438e-02  1.90177397e-01 
 6.75392314e+09  4.66790977e-02  1.86378483e-01 
 7.15460881e+09  5.66106948e-02  1.82104699e-01 
 7.57906569e+09  6.60438524e-02  1.77421184e-01 
 8.02870406e+09  7.49548066e-02  1.72393756e-01 
 8.50501783e+09  8.33295556e-02  1.67087218e-01 
 9.00958956e+09  9.11629584e-02  1.61563957e-01 
 9.54409570e+09  9.84576721e-02  1.55882823e-01 
 1.01103121e+10  1.05223006e-01  1.50098308e-01 
 1.07101201e+10  1.11473759e-01  1.44260005e-01 
 1.13455126e+10  1.17229088e-01  1.38412300e-01 
 1.20186005e+10  1.22511457e-01  1.32594279e-01 
 1.27316203e+10  1.27345682e-01  1.26839795e-01 
 1.34869410e+10  1.31758087e-01  1.21177676e-01 
 1.42870721e+10  1.35775793e-01  1.15632012e-01 
 1.51346720e+10  1.39426114e-01  1.10222523e-01 
 1.60325570e+10  1.42736073e-01  1.04964945e-01 
 1.69837102e+10  1.45732020e-01  9.98714464e-02 
 1.79912919e+10  1.48439342e-01  9.49510392e-02 
 1.90586497e+10  1.50882252e-01  9.02099736e-02 
 2.01893300e+10  1.53083649e-01  8.56521157e-02 
 2.13870894e+10  1.55065030e-01  8.12792965e-02 
 2.26559075e+10  1.56846446e-01  7.70916303e-02 
 2.40000000e+10  1.58446503e-01  7.30878018e-02 
