 0.00000000e+00  0.00000000e+00 
 2.00000000e-11  2.43717945e-05 
 4.00000000e-11 -1.09219885e-04 
 6.00000000e-11 -3.71832578e-04 
 8.00000000e-11 -7.51516682e-04 
 1.00000000e-10 -1.23046658e-03 
 1.20000000e-10 -1.79345760e-03 
 1.40000000e-10 -2.42747594e-03 
 1.60000000e-10 -3.12138818e-03 
 1.80000000e-10 -3.86567367e-03 
 2.00000000e-10 -4.65218164e-03 
 2.20000000e-10 -5.47393805e-03 
 2.40000000e-10 -6.32496675e-03 
 2.60000000e-10 -7.20015047e-03 
 2.80000000e-10 -8.09509865e-03 
 3.00000000e-10 -9.00604800e-03 
 3.20000000e-10 -9.92976426e-03 
 3.40000000e-10 -1.08634716e-02 
 3.60000000e-10 -1.18047793e-02 
 3.80000000e-10 -1.27516317e-02 
 4.00000000e-10 -1.37022536e-02 
 4.20000000e-10 -1.46551152e-02 
 4.40000000e-10 -1.56088903e-02 
 4.60000000e-10 -1.65624329e-02 
 4.80000000e-10 -1.75147452e-02 
 5.00000000e-10 -1.84649615e-02 
 5.20000000e-10 -1.94123238e-02 
 5.40000000e-10 -2.03561717e-02 
 5.60000000e-10 -2.12959226e-02 
 5.80000000e-10 -2.22310666e-02 
 6.00000000e-10 -2.31611498e-02 
 6.20000000e-10 -2.40857725e-02 
 6.40000000e-10 -2.50045754e-02 
 6.60000000e-10 -2.59172399e-02 
 6.80000000e-10 -2.68234767e-02 
 7.00000000e-10 -2.77230271e-02 
 7.20000000e-10 -2.86156534e-02 
 7.40000000e-10 -2.95011413e-02 
 7.60000000e-10 -3.03792918e-02 
 7.80000000e-10 -3.12499239e-02 
 8.00000000e-10 -3.21128674e-02 
 8.20000000e-10 -3.29679663e-02 
 8.40000000e-10 -3.38150725e-02 
 8.60000000e-10 -3.46540492e-02 
 8.80000000e-10 -3.54847649e-02 
 9.00000000e-10 -3.63070978e-02 
 9.20000000e-10 -3.71209295e-02 
 9.40000000e-10 -3.79261498e-02 
 9.60000000e-10 -3.87226508e-02 
 9.80000000e-10 -3.95103316e-02 
 1.00000000e-09 -4.02890930e-02 
 1.02000000e-09 -4.10588416e-02 
 1.04000000e-09 -4.18194853e-02 
 1.06000000e-09 -4.25709372e-02 
 1.08000000e-09 -4.33131112e-02 
 1.10000000e-09 -4.40459260e-02 
 1.12000000e-09 -4.47693007e-02 
 1.14000000e-09 -4.54831590e-02 
 1.16000000e-09 -4.61874247e-02 
 1.18000000e-09 -4.68820258e-02 
 1.20000000e-09 -4.75668905e-02 
 1.22000000e-09 -4.82419510e-02 
 1.24000000e-09 -4.89071392e-02 
 1.26000000e-09 -4.95623912e-02 
 1.28000000e-09 -5.02076427e-02 
 1.30000000e-09 -5.08428333e-02 
 1.32000000e-09 -5.14679023e-02 
 1.34000000e-09 -5.20827926e-02 
 1.36000000e-09 -5.26874470e-02 
 1.38000000e-09 -5.32818118e-02 
 1.40000000e-09 -5.38658329e-02 
 1.42000000e-09 -5.44394598e-02 
 1.44000000e-09 -5.50026416e-02 
 1.46000000e-09 -5.55553308e-02 
 1.48000000e-09 -5.60974796e-02 
 1.50000000e-09 -5.66290436e-02 
 1.52000000e-09 -5.71499779e-02 
 1.54000000e-09 -5.76602410e-02 
 1.56000000e-09 -5.81597909e-02 
 1.58000000e-09 -5.86485890e-02 
 1.60000000e-09 -5.91265961e-02 
 1.62000000e-09 -5.95937763e-02 
 1.64000000e-09 -6.00500934e-02 
 1.66000000e-09 -6.04955139e-02 
 1.68000000e-09 -6.09300043e-02 
 1.70000000e-09 -6.13535341e-02 
 1.72000000e-09 -6.17660721e-02 
 1.74000000e-09 -6.21675903e-02 
 1.76000000e-09 -6.25580603e-02 
 1.78000000e-09 -6.29374564e-02 
 1.80000000e-09 -6.33057529e-02 
 1.82000000e-09 -6.36629265e-02 
 1.84000000e-09 -6.40089537e-02 
 1.86000000e-09 -6.43438137e-02 
 1.88000000e-09 -6.46674855e-02 
 1.90000000e-09 -6.49799506e-02 
 1.92000000e-09 -6.52811902e-02 
 1.94000000e-09 -6.55711881e-02 
 1.96000000e-09 -6.58499277e-02 
 1.98000000e-09 -6.61173951e-02 
 2.00000000e-09 -6.63735759e-02 
 2.02000000e-09 -6.66184584e-02 
 2.04000000e-09 -6.68520303e-02 
 2.06000000e-09 -6.70742819e-02 
 2.08000000e-09 -6.72852033e-02 
 2.10000000e-09 -6.74847867e-02 
 2.12000000e-09 -6.76730242e-02 
 2.14000000e-09 -6.78499102e-02 
 2.16000000e-09 -6.80154389e-02 
 2.18000000e-09 -6.81696065e-02 
 2.20000000e-09 -6.83124092e-02 
 2.22000000e-09 -6.84438455e-02 
 2.24000000e-09 -6.85639133e-02 
 2.26000000e-09 -6.86726131e-02 
 2.28000000e-09 -6.87699449e-02 
 2.30000000e-09 -6.88559111e-02 
 2.32000000e-09 -6.89305136e-02 
 2.34000000e-09 -6.89937567e-02 
 2.36000000e-09 -6.90456445e-02 
 2.38000000e-09 -6.90861830e-02 
 2.40000000e-09 -6.91153782e-02 
 2.42000000e-09 -6.91332383e-02 
 2.44000000e-09 -6.91397711e-02 
 2.46000000e-09 -6.91349868e-02 
 2.48000000e-09 -6.91188952e-02 
 2.50000000e-09 -6.90915083e-02 
 2.52000000e-09 -6.90528381e-02 
 2.54000000e-09 -6.90028985e-02 
 2.56000000e-09 -6.89417035e-02 
 2.58000000e-09 -6.88692691e-02 
 2.60000000e-09 -6.87856112e-02 
 2.62000000e-09 -6.86907480e-02 
 2.64000000e-09 -6.85846974e-02 
 2.66000000e-09 -6.84674796e-02 
 2.68000000e-09 -6.83391149e-02 
 2.70000000e-09 -6.81996254e-02 
 2.72000000e-09 -6.80490335e-02 
 2.74000000e-09 -6.78873638e-02 
 2.76000000e-09 -6.77146407e-02 
 2.78000000e-09 -6.75308910e-02 
 2.80000000e-09 -6.73361416e-02 
 2.82000000e-09 -6.71304213e-02 
 2.84000000e-09 -6.69137594e-02 
 2.86000000e-09 -6.66861873e-02 
 2.88000000e-09 -6.64477366e-02 
 2.90000000e-09 -6.61984409e-02 
 2.92000000e-09 -6.59383344e-02 
 2.94000000e-09 -6.56674533e-02 
 2.96000000e-09 -6.53858343e-02 
 2.98000000e-09 -6.50935160e-02 
 3.00000000e-09 -6.47905377e-02 
 3.02000000e-09 -6.44769408e-02 
 3.04000000e-09 -6.41527673e-02 
 3.06000000e-09 -6.38180612e-02 
 3.08000000e-09 -6.34728671e-02 
 3.10000000e-09 -6.31172319e-02 
 3.12000000e-09 -6.27512032e-02 
 3.14000000e-09 -6.23748305e-02 
 3.16000000e-09 -6.19881643e-02 
 3.18000000e-09 -6.15912572e-02 
 3.20000000e-09 -6.11841624e-02 
 3.22000000e-09 -6.07669357e-02 
 3.24000000e-09 -6.03396333e-02 
 3.26000000e-09 -5.99023139e-02 
 3.28000000e-09 -5.94550369e-02 
 3.30000000e-09 -5.89978642e-02 
 3.32000000e-09 -5.85308582e-02 
 3.34000000e-09 -5.80540840e-02 
 3.36000000e-09 -5.75676073e-02 
 3.38000000e-09 -5.70714963e-02 
 3.40000000e-09 -5.65658201e-02 
 3.42000000e-09 -5.60506501e-02 
 3.44000000e-09 -5.55260588e-02 
 3.46000000e-09 -5.49921209e-02 
 3.48000000e-09 -5.44489121e-02 
 3.50000000e-09 -5.38965107e-02 
 3.52000000e-09 -5.33349957e-02 
 3.54000000e-09 -5.27644488e-02 
 3.56000000e-09 -5.21849525e-02 
 3.58000000e-09 -5.15965917e-02 
 3.60000000e-09 -5.09994526e-02 
 3.62000000e-09 -5.03936236e-02 
 3.64000000e-09 -4.97791942e-02 
 3.66000000e-09 -4.91562562e-02 
 3.68000000e-09 -4.85249027e-02 
 3.70000000e-09 -4.78852291e-02 
 3.72000000e-09 -4.72373318e-02 
 3.74000000e-09 -4.65813097e-02 
 3.76000000e-09 -4.59172627e-02 
 3.78000000e-09 -4.52452930e-02 
 3.80000000e-09 -4.45655042e-02 
 3.82000000e-09 -4.38780019e-02 
 3.84000000e-09 -4.31828930e-02 
 3.86000000e-09 -4.24802866e-02 
 3.88000000e-09 -4.17702930e-02 
 3.90000000e-09 -4.10530245e-02 
 3.92000000e-09 -4.03285950e-02 
 3.94000000e-09 -3.95971201e-02 
 3.96000000e-09 -3.88587167e-02 
 3.98000000e-09 -3.81135040e-02 
 4.00000000e-09 -3.73616020e-02 
 4.02000000e-09 -3.66031332e-02 
 4.04000000e-09 -3.58382207e-02 
 4.06000000e-09 -3.50669899e-02 
 4.08000000e-09 -3.42895674e-02 
 4.10000000e-09 -3.35060815e-02 
 4.12000000e-09 -3.27166616e-02 
 4.14000000e-09 -3.19214392e-02 
 4.16000000e-09 -3.11205466e-02 
 4.18000000e-09 -3.03141179e-02 
 4.20000000e-09 -2.95022884e-02 
 4.22000000e-09 -2.86851950e-02 
 4.24000000e-09 -2.78629755e-02 
 4.26000000e-09 -2.70357696e-02 
 4.28000000e-09 -2.62037176e-02 
 4.30000000e-09 -2.53669616e-02 
 4.32000000e-09 -2.45256444e-02 
 4.34000000e-09 -2.36799106e-02 
 4.36000000e-09 -2.28299052e-02 
 4.38000000e-09 -2.19757750e-02 
 4.40000000e-09 -2.11176672e-02 
 4.42000000e-09 -2.02557307e-02 
 4.44000000e-09 -1.93901147e-02 
 4.46000000e-09 -1.85209699e-02 
 4.48000000e-09 -1.76484476e-02 
 4.50000000e-09 -1.67727002e-02 
 4.52000000e-09 -1.58938806e-02 
 4.54000000e-09 -1.50121429e-02 
 4.56000000e-09 -1.41276415e-02 
 4.58000000e-09 -1.32405319e-02 
 4.60000000e-09 -1.23509700e-02 
 4.62000000e-09 -1.14591125e-02 
 4.64000000e-09 -1.05651164e-02 
 4.66000000e-09 -9.66913965e-03 
 4.68000000e-09 -8.77134024e-03 
 4.70000000e-09 -7.87187698e-03 
 4.72000000e-09 -6.97090874e-03 
 4.74000000e-09 -6.06859507e-03 
 4.76000000e-09 -5.16509549e-03 
 4.78000000e-09 -4.26057012e-03 
 4.80000000e-09 -3.35517894e-03 
 4.82000000e-09 -2.44908247e-03 
 4.84000000e-09 -1.54244096e-03 
 4.86000000e-09 -6.35415124e-04 
 4.88000000e-09  2.71834662e-04 
 4.90000000e-09  1.17914770e-03 
 4.92000000e-09  2.08636367e-03 
 4.94000000e-09  2.99332206e-03 
 4.96000000e-09  3.89986282e-03 
 4.98000000e-09  4.80582579e-03 
 5.00000000e-09  5.71105136e-03 
 5.02000000e-09  6.61537992e-03 
 5.04000000e-09  7.51865248e-03 
 5.06000000e-09  8.42071016e-03 
 5.08000000e-09  9.32139477e-03 
 5.10000000e-09  1.02205483e-02 
 5.12000000e-09  1.11180136e-02 
 5.14000000e-09  1.20136338e-02 
 5.16000000e-09  1.29072527e-02 
 5.18000000e-09  1.37987147e-02 
 5.20000000e-09  1.46878652e-02 
 5.22000000e-09  1.55745498e-02 
 5.24000000e-09  1.64586153e-02 
 5.26000000e-09  1.73399090e-02 
 5.28000000e-09  1.82182794e-02 
 5.30000000e-09  1.90935756e-02 
 5.32000000e-09  1.99656477e-02 
 5.34000000e-09  2.08343467e-02 
 5.36000000e-09  2.16995247e-02 
 5.38000000e-09  2.25610349e-02 
 5.40000000e-09  2.34187313e-02 
 5.42000000e-09  2.42724693e-02 
 5.44000000e-09  2.51221054e-02 
 5.46000000e-09  2.59674969e-02 
 5.48000000e-09  2.68085029e-02 
 5.50000000e-09  2.76449831e-02 
 5.52000000e-09  2.84767991e-02 
 5.54000000e-09  2.93038133e-02 
 5.56000000e-09  3.01258897e-02 
 5.58000000e-09  3.09428934e-02 
 5.60000000e-09  3.17546912e-02 
 5.62000000e-09  3.25611510e-02 
 5.64000000e-09  3.33621424e-02 
 5.66000000e-09  3.41575361e-02 
 5.68000000e-09  3.49472047e-02 
 5.70000000e-09  3.57310220e-02 
 5.72000000e-09  3.65088634e-02 
 5.74000000e-09  3.72806057e-02 
 5.76000000e-09  3.80461276e-02 
 5.78000000e-09  3.88053090e-02 
 5.80000000e-09  3.95580317e-02 
 5.82000000e-09  4.03041788e-02 
 5.84000000e-09  4.10436352e-02 
 5.86000000e-09  4.17762875e-02 
 5.88000000e-09  4.25020237e-02 
 5.90000000e-09  4.32207336e-02 
 5.92000000e-09  4.39323088e-02 
 5.94000000e-09  4.46366424e-02 
 5.96000000e-09  4.53336292e-02 
 5.98000000e-09  4.60231656e-02 
 6.00000000e-09  4.67051500e-02 
 6.02000000e-09  4.73794823e-02 
 6.04000000e-09  4.80460640e-02 
 6.06000000e-09  4.87047985e-02 
 6.08000000e-09  4.93555910e-02 
 6.10000000e-09  4.99983480e-02 
 6.12000000e-09  5.06329781e-02 
 6.14000000e-09  5.12593916e-02 
 6.16000000e-09  5.18775002e-02 
 6.18000000e-09  5.24872177e-02 
 6.20000000e-09  5.30884594e-02 
 6.22000000e-09  5.36811423e-02 
 6.24000000e-09  5.42651852e-02 
 6.26000000e-09  5.48405084e-02 
 6.28000000e-09  5.54070342e-02 
 6.30000000e-09  5.59646862e-02 
 6.32000000e-09  5.65133902e-02 
 6.34000000e-09  5.70530730e-02 
 6.36000000e-09  5.75836636e-02 
 6.38000000e-09  5.81050924e-02 
 6.40000000e-09  5.86172916e-02 
 6.42000000e-09  5.91201949e-02 
 6.44000000e-09  5.96137375e-02 
 6.46000000e-09  6.00978565e-02 
 6.48000000e-09  6.05724903e-02 
 6.50000000e-09  6.10375792e-02 
 6.52000000e-09  6.14930648e-02 
 6.54000000e-09  6.19388903e-02 
 6.56000000e-09  6.23750006e-02 
 6.58000000e-09  6.28013419e-02 
 6.60000000e-09  6.32178621e-02 
 6.62000000e-09  6.36245105e-02 
 6.64000000e-09  6.40212380e-02 
 6.66000000e-09  6.44079966e-02 
 6.68000000e-09  6.47847404e-02 
 6.70000000e-09  6.51514243e-02 
 6.72000000e-09  6.55080050e-02 
 6.74000000e-09  6.58544405e-02 
 6.76000000e-09  6.61906902e-02 
 6.78000000e-09  6.65167148e-02 
 6.80000000e-09  6.68324765e-02 
 6.82000000e-09  6.71379388e-02 
 6.84000000e-09  6.74330665e-02 
 6.86000000e-09  6.77178256e-02 
 6.88000000e-09  6.79921838e-02 
 6.90000000e-09  6.82561096e-02 
 6.92000000e-09  6.85095732e-02 
 6.94000000e-09  6.87525457e-02 
 6.96000000e-09  6.89849997e-02 
 6.98000000e-09  6.92069090e-02 
 7.00000000e-09  6.94182485e-02 
 7.02000000e-09  6.96189944e-02 
 7.04000000e-09  6.98091242e-02 
 7.06000000e-09  6.99886164e-02 
 7.08000000e-09  7.01574508e-02 
 7.10000000e-09  7.03156083e-02 
 7.12000000e-09  7.04630711e-02 
 7.14000000e-09  7.05998223e-02 
 7.16000000e-09  7.07258464e-02 
 7.18000000e-09  7.08411289e-02 
 7.20000000e-09  7.09456566e-02 
 7.22000000e-09  7.10394171e-02 
 7.24000000e-09  7.11223993e-02 
 7.26000000e-09  7.11945934e-02 
 7.28000000e-09  7.12559904e-02 
 7.30000000e-09  7.13065825e-02 
 7.32000000e-09  7.13463632e-02 
 7.34000000e-09  7.13753268e-02 
 7.36000000e-09  7.13934688e-02 
 7.38000000e-09  7.14007860e-02 
 7.40000000e-09  7.13972760e-02 
 7.42000000e-09  7.13829377e-02 
 7.44000000e-09  7.13577710e-02 
 7.46000000e-09  7.13217770e-02 
 7.48000000e-09  7.12749577e-02 
 7.50000000e-09  7.12173166e-02 
 7.52000000e-09  7.11488579e-02 
 7.54000000e-09  7.10695872e-02 
 7.56000000e-09  7.09795111e-02 
 7.58000000e-09  7.08786373e-02 
 7.60000000e-09  7.07669747e-02 
 7.62000000e-09  7.06445335e-02 
 7.64000000e-09  7.05113249e-02 
 7.66000000e-09  7.03673611e-02 
 7.68000000e-09  7.02126559e-02 
 7.70000000e-09  7.00472239e-02 
 7.72000000e-09  6.98710811e-02 
 7.74000000e-09  6.96842446e-02 
 7.76000000e-09  6.94867330e-02 
 7.78000000e-09  6.92785658e-02 
 7.80000000e-09  6.90597638e-02 
 7.82000000e-09  6.88303493e-02 
 7.84000000e-09  6.85903458e-02 
 7.86000000e-09  6.83397778e-02 
 7.88000000e-09  6.80786715e-02 
 7.90000000e-09  6.78070542e-02 
 7.92000000e-09  6.75249547e-02 
 7.94000000e-09  6.72324029e-02 
 7.96000000e-09  6.69294305e-02 
 7.98000000e-09  6.66160701e-02 
 8.00000000e-09  6.62923560e-02 
 8.02000000e-09  6.59583239e-02 
 8.04000000e-09  6.56140108e-02 
 8.06000000e-09  6.52594554e-02 
 8.08000000e-09  6.48946977e-02 
 8.10000000e-09  6.45197792e-02 
 8.12000000e-09  6.41347429e-02 
 8.14000000e-09  6.37396333e-02 
 8.16000000e-09  6.33344967e-02 
 8.18000000e-09  6.29193806e-02 
 8.20000000e-09  6.24943343e-02 
 8.22000000e-09  6.20594085e-02 
 8.24000000e-09  6.16146558e-02 
 8.26000000e-09  6.11601301e-02 
 8.28000000e-09  6.06958872e-02 
 8.30000000e-09  6.02219843e-02 
 8.32000000e-09  5.97384804e-02 
 8.34000000e-09  5.92454363e-02 
 8.36000000e-09  5.87429142e-02 
 8.38000000e-09  5.82309783e-02 
 8.40000000e-09  5.77096942e-02 
 8.42000000e-09  5.71791296e-02 
 8.44000000e-09  5.66393536e-02 
 8.46000000e-09  5.60904372e-02 
 8.48000000e-09  5.55324531e-02 
 8.50000000e-09  5.49654759e-02 
 8.52000000e-09  5.43895818e-02 
 8.54000000e-09  5.38048488e-02 
 8.56000000e-09  5.32113567e-02 
 8.58000000e-09  5.26091872e-02 
 8.60000000e-09  5.19984237e-02 
 8.62000000e-09  5.13791513e-02 
 8.64000000e-09  5.07514570e-02 
 8.66000000e-09  5.01154296e-02 
 8.68000000e-09  4.94711597e-02 
 8.70000000e-09  4.88187397e-02 
 8.72000000e-09  4.81582637e-02 
 8.74000000e-09  4.74898277e-02 
 8.76000000e-09  4.68135294e-02 
 8.78000000e-09  4.61294683e-02 
 8.80000000e-09  4.54377459e-02 
 8.82000000e-09  4.47384650e-02 
 8.84000000e-09  4.40317307e-02 
 8.86000000e-09  4.33176493e-02 
 8.88000000e-09  4.25963293e-02 
 8.90000000e-09  4.18678807e-02 
 8.92000000e-09  4.11324153e-02 
 8.94000000e-09  4.03900465e-02 
 8.96000000e-09  3.96408895e-02 
 8.98000000e-09  3.88850610e-02 
 9.00000000e-09  3.81226796e-02 
 9.02000000e-09  3.73538653e-02 
 9.04000000e-09  3.65787399e-02 
 9.06000000e-09  3.57974267e-02 
 9.08000000e-09  3.50100505e-02 
 9.10000000e-09  3.42167378e-02 
 9.12000000e-09  3.34176165e-02 
 9.14000000e-09  3.26128161e-02 
 9.16000000e-09  3.18024675e-02 
 9.18000000e-09  3.09867030e-02 
 9.20000000e-09  3.01656565e-02 
 9.22000000e-09  2.93394631e-02 
 9.24000000e-09  2.85082593e-02 
 9.26000000e-09  2.76721831e-02 
 9.28000000e-09  2.68313735e-02 
 9.30000000e-09  2.59859710e-02 
 9.32000000e-09  2.51361173e-02 
 9.34000000e-09  2.42819551e-02 
 9.36000000e-09  2.34236286e-02 
 9.38000000e-09  2.25612828e-02 
 9.40000000e-09  2.16950639e-02 
 9.42000000e-09  2.08251191e-02 
 9.44000000e-09  1.99515969e-02 
 9.46000000e-09  1.90746464e-02 
 9.48000000e-09  1.81944177e-02 
 9.50000000e-09  1.73110620e-02 
 9.52000000e-09  1.64247311e-02 
 9.54000000e-09  1.55355778e-02 
 9.56000000e-09  1.46437555e-02 
 9.58000000e-09  1.37494185e-02 
 9.60000000e-09  1.28527217e-02 
 9.62000000e-09  1.19538205e-02 
 9.64000000e-09  1.10528711e-02 
 9.66000000e-09  1.01500301e-02 
 9.68000000e-09  9.24545469e-03 
 9.70000000e-09  8.33930249e-03 
 9.72000000e-09  7.43173151e-03 
 9.74000000e-09  6.52290014e-03 
 9.76000000e-09  5.61296710e-03 
 9.78000000e-09  4.70209136e-03 
 9.80000000e-09  3.79043215e-03 
 9.82000000e-09  2.87814883e-03 
 9.84000000e-09  1.96540095e-03 
 9.86000000e-09  1.05234810e-03 
 9.88000000e-09  1.39149947e-04 
 9.90000000e-09 -7.74033878e-04 
 9.92000000e-09 -1.68704377e-03 
 9.94000000e-09 -2.59972024e-03 
 9.96000000e-09 -3.51190393e-03 
 9.98000000e-09 -4.42343570e-03 
 1.00000000e-08 -5.33415660e-03 
 1.00200000e-08 -6.24390801e-03 
 1.00400000e-08 -7.15253160e-03 
 1.00600000e-08 -8.05986944e-03 
 1.00800000e-08 -8.96576400e-03 
 1.01000000e-08 -9.87005823e-03 
 1.01200000e-08 -1.07725955e-02 
 1.01400000e-08 -1.16732200e-02 
 1.01600000e-08 -1.25717761e-02 
 1.01800000e-08 -1.34681091e-02 
 1.02000000e-08 -1.43620648e-02 
 1.02200000e-08 -1.52534900e-02 
 1.02400000e-08 -1.61422320e-02 
 1.02600000e-08 -1.70281389e-02 
 1.02800000e-08 -1.79110598e-02 
 1.03000000e-08 -1.87908446e-02 
 1.03200000e-08 -1.96673440e-02 
 1.03400000e-08 -2.05404098e-02 
 1.03600000e-08 -2.14098948e-02 
 1.03800000e-08 -2.22756528e-02 
 1.04000000e-08 -2.31375386e-02 
 1.04200000e-08 -2.39954081e-02 
 1.04400000e-08 -2.48491184e-02 
 1.04600000e-08 -2.56985279e-02 
 1.04800000e-08 -2.65434958e-02 
 1.05000000e-08 -2.73838829e-02 
 1.05200000e-08 -2.82195511e-02 
 1.05400000e-08 -2.90503635e-02 
 1.05600000e-08 -2.98761849e-02 
 1.05800000e-08 -3.06968809e-02 
 1.06000000e-08 -3.15123189e-02 
 1.06200000e-08 -3.23223676e-02 
 1.06400000e-08 -3.31268968e-02 
 1.06600000e-08 -3.39257783e-02 
 1.06800000e-08 -3.47188849e-02 
 1.07000000e-08 -3.55060912e-02 
 1.07200000e-08 -3.62872731e-02 
 1.07400000e-08 -3.70623081e-02 
 1.07600000e-08 -3.78310753e-02 
 1.07800000e-08 -3.85934553e-02 
 1.08000000e-08 -3.93493303e-02 
 1.08200000e-08 -4.00985841e-02 
 1.08400000e-08 -4.08411022e-02 
 1.08600000e-08 -4.15767716e-02 
 1.08800000e-08 -4.23054810e-02 
 1.09000000e-08 -4.30271208e-02 
 1.09200000e-08 -4.37415829e-02 
 1.09400000e-08 -4.44487610e-02 
 1.09600000e-08 -4.51485505e-02 
 1.09800000e-08 -4.58408485e-02 
 1.10000000e-08 -4.65255535e-02 
 1.10200000e-08 -4.72025662e-02 
 1.10400000e-08 -4.78717886e-02 
 1.10600000e-08 -4.85331246e-02 
 1.10800000e-08 -4.91864797e-02 
 1.11000000e-08 -4.98317612e-02 
 1.11200000e-08 -5.04688780e-02 
 1.11400000e-08 -5.10977410e-02 
 1.11600000e-08 -5.17182623e-02 
 1.11800000e-08 -5.23303563e-02 
 1.12000000e-08 -5.29339386e-02 
 1.12200000e-08 -5.35289267e-02 
 1.12400000e-08 -5.41152400e-02 
 1.12600000e-08 -5.46927993e-02 
 1.12800000e-08 -5.52615271e-02 
 1.13000000e-08 -5.58213478e-02 
 1.13200000e-08 -5.63721873e-02 
 1.13400000e-08 -5.69139731e-02 
 1.13600000e-08 -5.74466346e-02 
 1.13800000e-08 -5.79701026e-02 
 1.14000000e-08 -5.84843097e-02 
 1.14200000e-08 -5.89891900e-02 
 1.14400000e-08 -5.94846794e-02 
 1.14600000e-08 -5.99707151e-02 
 1.14800000e-08 -6.04472361e-02 
 1.15000000e-08 -6.09141830e-02 
 1.15200000e-08 -6.13714979e-02 
 1.15400000e-08 -6.18191245e-02 
 1.15600000e-08 -6.22570078e-02 
 1.15800000e-08 -6.26850948e-02 
 1.16000000e-08 -6.31033335e-02 
 1.16200000e-08 -6.35116736e-02 
 1.16400000e-08 -6.39100665e-02 
 1.16600000e-08 -6.42984647e-02 
 1.16800000e-08 -6.46768223e-02 
 1.17000000e-08 -6.50450950e-02 
 1.17200000e-08 -6.54032396e-02 
 1.17400000e-08 -6.57512146e-02 
 1.17600000e-08 -6.60889797e-02 
 1.17800000e-08 -6.64164960e-02 
 1.18000000e-08 -6.67337260e-02 
 1.18200000e-08 -6.70406336e-02 
 1.18400000e-08 -6.73371839e-02 
 1.18600000e-08 -6.76233434e-02 
 1.18800000e-08 -6.78990800e-02 
 1.19000000e-08 -6.81643625e-02 
 1.19200000e-08 -6.84191615e-02 
 1.19400000e-08 -6.86634485e-02 
 1.19600000e-08 -6.88971964e-02 
 1.19800000e-08 -6.91203791e-02 
 1.20000000e-08 -6.93329722e-02 
 1.20200000e-08 -6.95349519e-02 
 1.20400000e-08 -6.97262962e-02 
 1.20600000e-08 -6.99069838e-02 
 1.20800000e-08 -7.00769948e-02 
 1.21000000e-08 -7.02363105e-02 
 1.21200000e-08 -7.03849133e-02 
 1.21400000e-08 -7.05227866e-02 
 1.21600000e-08 -7.06499153e-02 
 1.21800000e-08 -7.07662851e-02 
 1.22000000e-08 -7.08718830e-02 
 1.22200000e-08 -7.09666970e-02 
 1.22400000e-08 -7.10507164e-02 
 1.22600000e-08 -7.11239313e-02 
 1.22800000e-08 -7.11863332e-02 
 1.23000000e-08 -7.12379147e-02 
 1.23200000e-08 -7.12786692e-02 
 1.23400000e-08 -7.13085915e-02 
 1.23600000e-08 -7.13276774e-02 
 1.23800000e-08 -7.13359238e-02 
 1.24000000e-08 -7.13333286e-02 
 1.24200000e-08 -7.13198910e-02 
 1.24400000e-08 -7.12956110e-02 
 1.24600000e-08 -7.12604901e-02 
 1.24800000e-08 -7.12145305e-02 
 1.25000000e-08 -7.11577358e-02 
 1.25200000e-08 -7.10901105e-02 
 1.25400000e-08 -7.10116604e-02 
 1.25600000e-08 -7.09223923e-02 
 1.25800000e-08 -7.08223143e-02 
 1.26000000e-08 -7.07114354e-02 
 1.26200000e-08 -7.05897659e-02 
 1.26400000e-08 -7.04573173e-02 
 1.26600000e-08 -7.03141020e-02 
 1.26800000e-08 -7.01601339e-02 
 1.27000000e-08 -6.99954280e-02 
 1.27200000e-08 -6.98200003e-02 
 1.27400000e-08 -6.96338683e-02 
 1.27600000e-08 -6.94370505e-02 
 1.27800000e-08 -6.92295667e-02 
 1.28000000e-08 -6.90114381e-02 
 1.28200000e-08 -6.87826869e-02 
 1.28400000e-08 -6.85433368e-02 
 1.28600000e-08 -6.82934126e-02 
 1.28800000e-08 -6.80329406e-02 
 1.29000000e-08 -6.77619483e-02 
 1.29200000e-08 -6.74804646e-02 
 1.29400000e-08 -6.71885196e-02 
 1.29600000e-08 -6.68861451e-02 
 1.29800000e-08 -6.65733739e-02 
 1.30000000e-08 -6.62502405e-02 
 1.30200000e-08 -6.59167807e-02 
 1.30400000e-08 -6.55730317e-02 
 1.30600000e-08 -6.52190322e-02 
 1.30800000e-08 -6.48548224e-02 
 1.31000000e-08 -6.44804440e-02 
 1.31200000e-08 -6.40959401e-02 
 1.31400000e-08 -6.37013554e-02 
 1.31600000e-08 -6.32967362e-02 
 1.31800000e-08 -6.28821302e-02 
 1.32000000e-08 -6.24575868e-02 
 1.32200000e-08 -6.20231569e-02 
 1.32400000e-08 -6.15788931e-02 
 1.32600000e-08 -6.11248495e-02 
 1.32800000e-08 -6.06610819e-02 
 1.33000000e-08 -6.01876477e-02 
 1.33200000e-08 -5.97046062e-02 
 1.33400000e-08 -5.92120179e-02 
 1.33600000e-08 -5.87099455e-02 
 1.33800000e-08 -5.81984530e-02 
 1.34000000e-08 -5.76776064e-02 
 1.34200000e-08 -5.71474732e-02 
 1.34400000e-08 -5.66081228e-02 
 1.34600000e-08 -5.60596262e-02 
 1.34800000e-08 -5.55020563e-02 
 1.35000000e-08 -5.49354876e-02 
 1.35200000e-08 -5.43599965e-02 
 1.35400000e-08 -5.37756611e-02 
 1.35600000e-08 -5.31825614e-02 
 1.35800000e-08 -5.25807790e-02 
 1.36000000e-08 -5.19703974e-02 
 1.36200000e-08 -5.13515018e-02 
 1.36400000e-08 -5.07241794e-02 
 1.36600000e-08 -5.00885190e-02 
 1.36800000e-08 -4.94446113e-02 
 1.37000000e-08 -4.87925486e-02 
 1.37200000e-08 -4.81324253e-02 
 1.37400000e-08 -4.74643374e-02 
 1.37600000e-08 -4.67883826e-02 
 1.37800000e-08 -4.61046606e-02 
 1.38000000e-08 -4.54132728e-02 
 1.38200000e-08 -4.47143222e-02 
 1.38400000e-08 -4.40079139e-02 
 1.38600000e-08 -4.32941543e-02 
 1.38800000e-08 -4.25731519e-02 
 1.39000000e-08 -4.18450169e-02 
 1.39200000e-08 -4.11098610e-02 
 1.39400000e-08 -4.03677977e-02 
 1.39600000e-08 -3.96189422e-02 
 1.39800000e-08 -3.88634115e-02 
 1.40000000e-08 -3.81013240e-02 
 1.40200000e-08 -3.73327999e-02 
 1.40400000e-08 -3.65579610e-02 
 1.40600000e-08 -3.57769306e-02 
 1.40800000e-08 -3.49898336e-02 
 1.41000000e-08 -3.41967965e-02 
 1.41200000e-08 -3.33979473e-02 
 1.41400000e-08 -3.25934156e-02 
 1.41600000e-08 -3.17833322e-02 
 1.41800000e-08 -3.09678296e-02 
 1.42000000e-08 -3.01470417e-02 
 1.42200000e-08 -2.93211035e-02 
 1.42400000e-08 -2.84901518e-02 
 1.42600000e-08 -2.76543244e-02 
 1.42800000e-08 -2.68137605e-02 
 1.43000000e-08 -2.59686006e-02 
 1.43200000e-08 -2.51189864e-02 
 1.43400000e-08 -2.42650607e-02 
 1.43600000e-08 -2.34069676e-02 
 1.43800000e-08 -2.25448523e-02 
 1.44000000e-08 -2.16788609e-02 
 1.44200000e-08 -2.08091409e-02 
 1.44400000e-08 -1.99358405e-02 
 1.44600000e-08 -1.90591090e-02 
 1.44800000e-08 -1.81790965e-02 
 1.45000000e-08 -1.72959543e-02 
 1.45200000e-08 -1.64098341e-02 
 1.45400000e-08 -1.55208889e-02 
 1.45600000e-08 -1.46292721e-02 
 1.45800000e-08 -1.37351379e-02 
 1.46000000e-08 -1.28386412e-02 
 1.46200000e-08 -1.19399377e-02 
 1.46400000e-08 -1.10391834e-02 
 1.46600000e-08 -1.01365350e-02 
 1.46800000e-08 -9.23214971e-03 
 1.47000000e-08 -8.32618519e-03 
 1.47200000e-08 -7.41879949e-03 
 1.47400000e-08 -6.51015101e-03 
 1.47600000e-08 -5.60039850e-03 
 1.47800000e-08 -4.68970096e-03 
 1.48000000e-08 -3.77821764e-03 
 1.48200000e-08 -2.86610793e-03 
 1.48400000e-08 -1.95353140e-03 
 1.48600000e-08 -1.04064768e-03 
 1.48800000e-08 -1.27616450e-04 
 1.49000000e-08  7.85402627e-04 
 1.49200000e-08  1.69824993e-03 
 1.49400000e-08  2.61076594e-03 
 1.49600000e-08  3.52279128e-03 
 1.49800000e-08  4.43416677e-03 
 1.50000000e-08  5.34473346e-03 
 1.50200000e-08  6.25433268e-03 
 1.50400000e-08  7.16280611e-03 
 1.50600000e-08  8.06999578e-03 
 1.50800000e-08  8.97574413e-03 
 1.51000000e-08  9.87989409e-03 
 1.51200000e-08  1.07822891e-02 
 1.51400000e-08  1.16827731e-02 
 1.51600000e-08  1.25811906e-02 
 1.51800000e-08  1.34773869e-02 
 1.52000000e-08  1.43712078e-02 
 1.52200000e-08  1.52625000e-02 
 1.52400000e-08  1.61511107e-02 
 1.52600000e-08  1.70368882e-02 
 1.52800000e-08  1.79196814e-02 
 1.53000000e-08  1.87993402e-02 
 1.53200000e-08  1.96757153e-02 
 1.53400000e-08  2.05486586e-02 
 1.53600000e-08  2.14180227e-02 
 1.53800000e-08  2.22836615e-02 
 1.54000000e-08  2.31454297e-02 
 1.54200000e-08  2.40031833e-02 
 1.54400000e-08  2.48567793e-02 
 1.54600000e-08  2.57060759e-02 
 1.54800000e-08  2.65509327e-02 
 1.55000000e-08  2.73912101e-02 
 1.55200000e-08  2.82267702e-02 
 1.55400000e-08  2.90574761e-02 
 1.55600000e-08  2.98831923e-02 
 1.55800000e-08  3.07037848e-02 
 1.56000000e-08  3.15191206e-02 
 1.56200000e-08  3.23290685e-02 
 1.56400000e-08  3.31334985e-02 
 1.56600000e-08  3.39322821e-02 
 1.56800000e-08  3.47252923e-02 
 1.57000000e-08  3.55124034e-02 
 1.57200000e-08  3.62934915e-02 
 1.57400000e-08  3.70684341e-02 
 1.57600000e-08  3.78371102e-02 
 1.57800000e-08  3.85994005e-02 
 1.58000000e-08  3.93551870e-02 
 1.58200000e-08  4.01043537e-02 
 1.58400000e-08  4.08467859e-02 
 1.58600000e-08  4.15823706e-02 
 1.58800000e-08  4.23109966e-02 
 1.59000000e-08  4.30325541e-02 
 1.59200000e-08  4.37469352e-02 
 1.59400000e-08  4.44540335e-02 
 1.59600000e-08  4.51537443e-02 
 1.59800000e-08  4.58459648e-02 
 1.60000000e-08  4.65305935e-02 
 1.60200000e-08  4.72075309e-02 
 1.60400000e-08  4.78766792e-02 
 1.60600000e-08  4.85379422e-02 
 1.60800000e-08  4.91912254e-02 
 1.61000000e-08  4.98364360e-02 
 1.61200000e-08  5.04734831e-02 
 1.61400000e-08  5.11022773e-02 
 1.61600000e-08  5.17227309e-02 
 1.61800000e-08  5.23347582e-02 
 1.62000000e-08  5.29382748e-02 
 1.62200000e-08  5.35331983e-02 
 1.62400000e-08  5.41194478e-02 
 1.62600000e-08  5.46969444e-02 
 1.62800000e-08  5.52656104e-02 
 1.63000000e-08  5.58253702e-02 
 1.63200000e-08  5.63761498e-02 
 1.63400000e-08  5.69178766e-02 
 1.63600000e-08  5.74504800e-02 
 1.63800000e-08  5.79738908e-02 
 1.64000000e-08  5.84880415e-02 
 1.64200000e-08  5.89928663e-02 
 1.64400000e-08  5.94883010e-02 
 1.64600000e-08  5.99742829e-02 
 1.64800000e-08  6.04507510e-02 
 1.65000000e-08  6.09176458e-02 
 1.65200000e-08  6.13749094e-02 
 1.65400000e-08  6.18224854e-02 
 1.65600000e-08  6.22603190e-02 
 1.65800000e-08  6.26883569e-02 
 1.66000000e-08  6.31065474e-02 
 1.66200000e-08  6.35148401e-02 
 1.66400000e-08  6.39131862e-02 
 1.66600000e-08  6.43015384e-02 
 1.66800000e-08  6.46798508e-02 
 1.67000000e-08  6.50480788e-02 
 1.67200000e-08  6.54061796e-02 
 1.67400000e-08  6.57541114e-02 
 1.67600000e-08  6.60918339e-02 
 1.67800000e-08  6.64193083e-02 
 1.68000000e-08  6.67364972e-02 
 1.68200000e-08  6.70433642e-02 
 1.68400000e-08  6.73398746e-02 
 1.68600000e-08  6.76259948e-02 
 1.68800000e-08  6.79016927e-02 
 1.69000000e-08  6.81669372e-02 
 1.69200000e-08  6.84216987e-02 
 1.69400000e-08  6.86659488e-02 
 1.69600000e-08  6.88996603e-02 
 1.69800000e-08  6.91228074e-02 
 1.70000000e-08  6.93353652e-02 
 1.70200000e-08  6.95373104e-02 
 1.70400000e-08  6.97286205e-02 
 1.70600000e-08  6.99092746e-02 
 1.70800000e-08  7.00792526e-02 
 1.71000000e-08  7.02385358e-02 
 1.71200000e-08  7.03871065e-02 
 1.71400000e-08  7.05249484e-02 
 1.71600000e-08  7.06520461e-02 
 1.71800000e-08  7.07683854e-02 
 1.72000000e-08  7.08739533e-02 
 1.72200000e-08  7.09687377e-02 
 1.72400000e-08  7.10527280e-02 
 1.72600000e-08  7.11259142e-02 
 1.72800000e-08  7.11882880e-02 
 1.73000000e-08  7.12398417e-02 
 1.73200000e-08  7.12805689e-02 
 1.73400000e-08  7.13104643e-02 
 1.73600000e-08  7.13295237e-02 
 1.73800000e-08  7.13377440e-02 
 1.74000000e-08  7.13351232e-02 
 1.74200000e-08  7.13216602e-02 
 1.74400000e-08  7.12973554e-02 
 1.74600000e-08  7.12622099e-02 
 1.74800000e-08  7.12162262e-02 
 1.75000000e-08  7.11594077e-02 
 1.75200000e-08  7.10917591e-02 
 1.75400000e-08  7.10132860e-02 
 1.75600000e-08  7.09239952e-02 
 1.75800000e-08  7.08238949e-02 
 1.76000000e-08  7.07129940e-02 
 1.76200000e-08  7.05913028e-02 
 1.76400000e-08  7.04588328e-02 
 1.76600000e-08  7.03155966e-02 
 1.76800000e-08  7.01616078e-02 
 1.77000000e-08  6.99968815e-02 
 1.77200000e-08  6.98214338e-02 
 1.77400000e-08  6.96352820e-02 
 1.77600000e-08  6.94384447e-02 
 1.77800000e-08  6.92309418e-02 
 1.78000000e-08  6.90127943e-02 
 1.78200000e-08  6.87840245e-02 
 1.78400000e-08  6.85446560e-02 
 1.78600000e-08  6.82947138e-02 
 1.78800000e-08  6.80342239e-02 
 1.79000000e-08  6.77632141e-02 
 1.79200000e-08  6.74817131e-02 
 1.79400000e-08  6.71897511e-02 
 1.79600000e-08  6.68873598e-02 
 1.79800000e-08  6.65745721e-02 
 1.80000000e-08  6.62514224e-02 
 1.80200000e-08  6.59179465e-02 
 1.80400000e-08  6.55741817e-02 
 1.80600000e-08  6.52201666e-02 
 1.80800000e-08  6.48559415e-02 
 1.81000000e-08  6.44815479e-02 
 1.81200000e-08  6.40970290e-02 
 1.81400000e-08  6.37024296e-02 
 1.81600000e-08  6.32977959e-02 
 1.81800000e-08  6.28831756e-02 
 1.82000000e-08  6.24586180e-02 
 1.82200000e-08  6.20241742e-02 
 1.82400000e-08  6.15798967e-02 
 1.82600000e-08  6.11258395e-02 
 1.82800000e-08  6.06620586e-02 
 1.83000000e-08  6.01886113e-02 
 1.83200000e-08  5.97055568e-02 
 1.83400000e-08  5.92129558e-02 
 1.83600000e-08  5.87108707e-02 
 1.83800000e-08  5.81993658e-02 
 1.84000000e-08  5.76785069e-02 
 1.84200000e-08  5.71483616e-02 
 1.84400000e-08  5.66089992e-02 
 1.84600000e-08  5.60604909e-02 
 1.84800000e-08  5.55029093e-02 
 1.85000000e-08  5.49363292e-02 
 1.85200000e-08  5.43608268e-02 
 1.85400000e-08  5.37764802e-02 
 1.85600000e-08  5.31833695e-02 
 1.85800000e-08  5.25815762e-02 
 1.86000000e-08  5.19711839e-02 
 1.86200000e-08  5.13522778e-02 
 1.86400000e-08  5.07249449e-02 
 1.86600000e-08  5.00892742e-02 
 1.86800000e-08  4.94453563e-02 
 1.87000000e-08  4.87932836e-02 
 1.87200000e-08  4.81331504e-02 
 1.87400000e-08  4.74650527e-02 
 1.87600000e-08  4.67890883e-02 
 1.87800000e-08  4.61053568e-02 
 1.88000000e-08  4.54139596e-02 
 1.88200000e-08  4.47149998e-02 
 1.88400000e-08  4.40085822e-02 
 1.88600000e-08  4.32948137e-02 
 1.88800000e-08  4.25738024e-02 
 1.89000000e-08  4.18456585e-02 
 1.89200000e-08  4.11104939e-02 
 1.89400000e-08  4.03684221e-02 
 1.89600000e-08  3.96195582e-02 
 1.89800000e-08  3.88640191e-02 
 1.90000000e-08  3.81019234e-02 
 1.90200000e-08  3.73333911e-02 
 1.90400000e-08  3.65585441e-02 
 1.90600000e-08  3.57775058e-02 
 1.90800000e-08  3.49904009e-02 
 1.91000000e-08  3.41973561e-02 
 1.91200000e-08  3.33984993e-02 
 1.91400000e-08  3.25939600e-02 
 1.91600000e-08  3.17838692e-02 
 1.91800000e-08  3.09683593e-02 
 1.92000000e-08  3.01475641e-02 
 1.92200000e-08  2.93216188e-02 
 1.92400000e-08  2.84906600e-02 
 1.92600000e-08  2.76548256e-02 
 1.92800000e-08  2.68142548e-02 
 1.93000000e-08  2.59690881e-02 
 1.93200000e-08  2.51194671e-02 
 1.93400000e-08  2.42655348e-02 
 1.93600000e-08  2.34074352e-02 
 1.93800000e-08  2.25453134e-02 
 1.94000000e-08  2.16793157e-02 
 1.94200000e-08  2.08095893e-02 
 1.94400000e-08  1.99362827e-02 
 1.94600000e-08  1.90595450e-02 
 1.94800000e-08  1.81795265e-02 
 1.95000000e-08  1.72963782e-02 
 1.95200000e-08  1.64102522e-02 
 1.95400000e-08  1.55213011e-02 
 1.95600000e-08  1.46296785e-02 
 1.95800000e-08  1.37355386e-02 
 1.96000000e-08  1.28390364e-02 
 1.96200000e-08  1.19403273e-02 
 1.96400000e-08  1.10395675e-02 
 1.96600000e-08  1.01369137e-02 
 1.96800000e-08  9.23252310e-03 
 1.97000000e-08  8.32655332e-03 
 1.97200000e-08  7.41916242e-03 
 1.97400000e-08  6.51050881e-03 
 1.97600000e-08  5.60075123e-03 
 1.97800000e-08  4.69004869e-03 
 1.98000000e-08  3.77856043e-03 
 1.98200000e-08  2.86644585e-03 
 1.98400000e-08  1.95386451e-03 
 1.98600000e-08  1.04097605e-03 
 1.98800000e-08  1.27940130e-04 
 1.99000000e-08 -7.85083571e-04 
 1.99200000e-08 -1.69793544e-03 
 1.99400000e-08 -2.61045595e-03 
 1.99600000e-08 -3.52248573e-03 
 1.99800000e-08 -4.43386561e-03 
 2.00000000e-08 -5.34443662e-03 
 2.00200000e-08 -6.25404012e-03 
 2.00400000e-08 -7.16251776e-03 
 2.00600000e-08 -8.06971159e-03 
 2.00800000e-08 -8.97546405e-03 
 2.01000000e-08 -9.87961806e-03 
 2.01200000e-08 -1.07820170e-02 
 2.01400000e-08 -1.16825050e-02 
 2.01600000e-08 -1.25809264e-02 
 2.01800000e-08 -1.34771265e-02 
 2.02000000e-08 -1.43709512e-02 
 2.02200000e-08 -1.52622471e-02 
 2.02400000e-08 -1.61508616e-02 
 2.02600000e-08 -1.70366426e-02 
 2.02800000e-08 -1.79194394e-02 
 2.03000000e-08 -1.87991017e-02 
 2.03200000e-08 -1.96754804e-02 
 2.03400000e-08 -2.05484271e-02 
 2.03600000e-08 -2.14177946e-02 
 2.03800000e-08 -2.22834367e-02 
 2.04000000e-08 -2.31452082e-02 
 2.04200000e-08 -2.40029651e-02 
 2.04400000e-08 -2.48565643e-02 
 2.04600000e-08 -2.57058641e-02 
 2.04800000e-08 -2.65507240e-02 
 2.05000000e-08 -2.73910045e-02 
 2.05200000e-08 -2.82265676e-02 
 2.05400000e-08 -2.90572765e-02 
 2.05600000e-08 -2.98829957e-02 
 2.05800000e-08 -3.07035910e-02 
 2.06000000e-08 -3.15189297e-02 
 2.06200000e-08 -3.23288805e-02 
 2.06400000e-08 -3.31333133e-02 
 2.06600000e-08 -3.39320996e-02 
 2.06800000e-08 -3.47251124e-02 
 2.07000000e-08 -3.55122263e-02 
 2.07200000e-08 -3.62933170e-02 
 2.07400000e-08 -3.70682622e-02 
 2.07600000e-08 -3.78369409e-02 
 2.07800000e-08 -3.85992336e-02 
 2.08000000e-08 -3.93550227e-02 
 2.08200000e-08 -4.01041918e-02 
 2.08400000e-08 -4.08466264e-02 
 2.08600000e-08 -4.15822135e-02 
 2.08800000e-08 -4.23108418e-02 
 2.09000000e-08 -4.30324016e-02 
 2.09200000e-08 -4.37467850e-02 
 2.09400000e-08 -4.44538855e-02 
 2.09600000e-08 -4.51535986e-02 
 2.09800000e-08 -4.58458212e-02 
 2.10000000e-08 -4.65304520e-02 
 2.10200000e-08 -4.72073916e-02 
 2.10400000e-08 -4.78765420e-02 
 2.10600000e-08 -4.85378070e-02 
 2.10800000e-08 -4.91910922e-02 
 2.11000000e-08 -4.98363048e-02 
 2.11200000e-08 -5.04733539e-02 
 2.11400000e-08 -5.11021500e-02 
 2.11600000e-08 -5.17226055e-02 
 2.11800000e-08 -5.23346346e-02 
 2.12000000e-08 -5.29381531e-02 
 2.12200000e-08 -5.35330784e-02 
 2.12400000e-08 -5.41193298e-02 
 2.12600000e-08 -5.46968280e-02 
 2.12800000e-08 -5.52654958e-02 
 2.13000000e-08 -5.58252573e-02 
 2.13200000e-08 -5.63760386e-02 
 2.13400000e-08 -5.69177670e-02 
 2.13600000e-08 -5.74503720e-02 
 2.13800000e-08 -5.79737844e-02 
 2.14000000e-08 -5.84879368e-02 
 2.14200000e-08 -5.89927632e-02 
 2.14400000e-08 -5.94881994e-02 
 2.14600000e-08 -5.99741828e-02 
 2.14800000e-08 -6.04506524e-02 
 2.15000000e-08 -6.09175486e-02 
 2.15200000e-08 -6.13748136e-02 
 2.15400000e-08 -6.18223911e-02 
 2.15600000e-08 -6.22602261e-02 
 2.15800000e-08 -6.26882654e-02 
 2.16000000e-08 -6.31064572e-02 
 2.16200000e-08 -6.35147512e-02 
 2.16400000e-08 -6.39130986e-02 
 2.16600000e-08 -6.43014521e-02 
 2.16800000e-08 -6.46797658e-02 
 2.17000000e-08 -6.50479951e-02 
 2.17200000e-08 -6.54060971e-02 
 2.17400000e-08 -6.57540301e-02 
 2.17600000e-08 -6.60917538e-02 
 2.17800000e-08 -6.64192294e-02 
 2.18000000e-08 -6.67364194e-02 
 2.18200000e-08 -6.70432876e-02 
 2.18400000e-08 -6.73397991e-02 
 2.18600000e-08 -6.76259204e-02 
 2.18800000e-08 -6.79016193e-02 
 2.19000000e-08 -6.81668649e-02 
 2.19200000e-08 -6.84216275e-02 
 2.19400000e-08 -6.86658786e-02 
 2.19600000e-08 -6.88995912e-02 
 2.19800000e-08 -6.91227392e-02 
 2.20000000e-08 -6.93352981e-02 
 2.20200000e-08 -6.95372442e-02 
 2.20400000e-08 -6.97285553e-02 
 2.20600000e-08 -6.99092103e-02 
 2.20800000e-08 -7.00791892e-02 
 2.21000000e-08 -7.02384733e-02 
 2.21200000e-08 -7.03870450e-02 
 2.21400000e-08 -7.05248878e-02 
 2.21600000e-08 -7.06519863e-02 
 2.21800000e-08 -7.07683265e-02 
 2.22000000e-08 -7.08738952e-02 
 2.22200000e-08 -7.09686805e-02 
 2.22400000e-08 -7.10526715e-02 
 2.22600000e-08 -7.11258586e-02 
 2.22800000e-08 -7.11882331e-02 
 2.23000000e-08 -7.12397876e-02 
 2.23200000e-08 -7.12805156e-02 
 2.23400000e-08 -7.13104117e-02 
 2.23600000e-08 -7.13294719e-02 
 2.23800000e-08 -7.13376929e-02 
 2.24000000e-08 -7.13350728e-02 
 2.24200000e-08 -7.13216106e-02 
 2.24400000e-08 -7.12973064e-02 
 2.24600000e-08 -7.12621617e-02 
 2.24800000e-08 -7.12161786e-02 
 2.25000000e-08 -7.11593608e-02 
 2.25200000e-08 -7.10917128e-02 
 2.25400000e-08 -7.10132403e-02 
 2.25600000e-08 -7.09239503e-02 
 2.25800000e-08 -7.08238505e-02 
 2.26000000e-08 -7.07129502e-02 
 2.26200000e-08 -7.05912597e-02 
 2.26400000e-08 -7.04587903e-02 
 2.26600000e-08 -7.03155546e-02 
 2.26800000e-08 -7.01615665e-02 
 2.27000000e-08 -6.99968407e-02 
 2.27200000e-08 -6.98213935e-02 
 2.27400000e-08 -6.96352423e-02 
 2.27600000e-08 -6.94384056e-02 
 2.27800000e-08 -6.92309032e-02 
 2.28000000e-08 -6.90127562e-02 
 2.28200000e-08 -6.87839869e-02 
 2.28400000e-08 -6.85446190e-02 
 2.28600000e-08 -6.82946772e-02 
 2.28800000e-08 -6.80341879e-02 
 2.29000000e-08 -6.77631786e-02 
 2.29200000e-08 -6.74816781e-02 
 2.29400000e-08 -6.71897166e-02 
 2.29600000e-08 -6.68873257e-02 
 2.29800000e-08 -6.65745385e-02 
 2.30000000e-08 -6.62513892e-02 
 2.30200000e-08 -6.59179138e-02 
 2.30400000e-08 -6.55741494e-02 
 2.30600000e-08 -6.52201348e-02 
 2.30800000e-08 -6.48559100e-02 
 2.31000000e-08 -6.44815169e-02 
 2.31200000e-08 -6.40969985e-02 
 2.31400000e-08 -6.37023995e-02 
 2.31600000e-08 -6.32977662e-02 
 2.31800000e-08 -6.28831462e-02 
 2.32000000e-08 -6.24585891e-02 
 2.32200000e-08 -6.20241457e-02 
 2.32400000e-08 -6.15798685e-02 
 2.32600000e-08 -6.11258118e-02 
 2.32800000e-08 -6.06620312e-02 
 2.33000000e-08 -6.01885843e-02 
 2.33200000e-08 -5.97055301e-02 
 2.33400000e-08 -5.92129294e-02 
 2.33600000e-08 -5.87108448e-02 
 2.33800000e-08 -5.81993402e-02 
 2.34000000e-08 -5.76784816e-02 
 2.34200000e-08 -5.71483367e-02 
 2.34400000e-08 -5.66089746e-02 
 2.34600000e-08 -5.60604666e-02 
 2.34800000e-08 -5.55028854e-02 
 2.35000000e-08 -5.49363055e-02 
 2.35200000e-08 -5.43608035e-02 
 2.35400000e-08 -5.37764573e-02 
 2.35600000e-08 -5.31833468e-02 
 2.35800000e-08 -5.25815539e-02 
 2.36000000e-08 -5.19711618e-02 
 2.36200000e-08 -5.13522560e-02 
 2.36400000e-08 -5.07249235e-02 
 2.36600000e-08 -5.00892530e-02 
 2.36800000e-08 -4.94453354e-02 
 2.37000000e-08 -4.87932630e-02 
 2.37200000e-08 -4.81331301e-02 
 2.37400000e-08 -4.74650326e-02 
 2.37600000e-08 -4.67890685e-02 
 2.37800000e-08 -4.61053373e-02 
 2.38000000e-08 -4.54139403e-02 
 2.38200000e-08 -4.47149807e-02 
 2.38400000e-08 -4.40085635e-02 
 2.38600000e-08 -4.32947952e-02 
 2.38800000e-08 -4.25737841e-02 
 2.39000000e-08 -4.18456405e-02 
 2.39200000e-08 -4.11104762e-02 
 2.39400000e-08 -4.03684045e-02 
 2.39600000e-08 -3.96195409e-02 
 2.39800000e-08 -3.88640020e-02 
 2.40000000e-08 -3.81019065e-02 
 2.40200000e-08 -3.73333745e-02 
 2.40400000e-08 -3.65585278e-02 
 2.40600000e-08 -3.57774896e-02 
 2.40800000e-08 -3.49903850e-02 
 2.41000000e-08 -3.41973404e-02 
 2.41200000e-08 -3.33984838e-02 
 2.41400000e-08 -3.25939448e-02 
 2.41600000e-08 -3.17838542e-02 
 2.41800000e-08 -3.09683444e-02 
 2.42000000e-08 -3.01475494e-02 
 2.42200000e-08 -2.93216043e-02 
 2.42400000e-08 -2.84906457e-02 
 2.42600000e-08 -2.76548115e-02 
 2.42800000e-08 -2.68142409e-02 
 2.43000000e-08 -2.59690744e-02 
 2.43200000e-08 -2.51194537e-02 
 2.43400000e-08 -2.42655215e-02 
 2.43600000e-08 -2.34074221e-02 
 2.43800000e-08 -2.25453004e-02 
 2.44000000e-08 -2.16793029e-02 
 2.44200000e-08 -2.08095767e-02 
 2.44400000e-08 -1.99362703e-02 
 2.44600000e-08 -1.90595328e-02 
 2.44800000e-08 -1.81795144e-02 
 2.45000000e-08 -1.72963663e-02 
 2.45200000e-08 -1.64102405e-02 
 2.45400000e-08 -1.55212896e-02 
 2.45600000e-08 -1.46296671e-02 
 2.45800000e-08 -1.37355274e-02 
 2.46000000e-08 -1.28390253e-02 
 2.46200000e-08 -1.19403163e-02 
 2.46400000e-08 -1.10395567e-02 
 2.46600000e-08 -1.01369031e-02 
 2.46800000e-08 -9.23251262e-03 
 2.47000000e-08 -8.32654299e-03 
 2.47200000e-08 -7.41915223e-03 
 2.47400000e-08 -6.51049877e-03 
 2.47600000e-08 -5.60074133e-03 
 2.47800000e-08 -4.69003893e-03 
 2.48000000e-08 -3.77855081e-03 
 2.48200000e-08 -2.86643637e-03 
 2.48400000e-08 -1.95385517e-03 
 2.48600000e-08 -1.04096683e-03 
 2.48800000e-08 -1.27931046e-04 
 2.49000000e-08  7.85092525e-04 
 2.49200000e-08  1.69794426e-03 
 2.49400000e-08  2.61046465e-03 
 2.49600000e-08  3.52249431e-03 
 2.49800000e-08  4.43387406e-03 
 2.50000000e-08  5.34444495e-03 
 2.50200000e-08  6.25404833e-03 
 2.50400000e-08  7.16252586e-03 
 2.50600000e-08  8.06971956e-03 
 2.50800000e-08  8.97547191e-03 
 2.51000000e-08  9.87962580e-03 
 2.51200000e-08  1.07820247e-02 
 2.51400000e-08  1.16825125e-02 
 2.51600000e-08  1.25809338e-02 
 2.51800000e-08  1.34771338e-02 
 2.52000000e-08  1.43709584e-02 
 2.52200000e-08  1.52622542e-02 
 2.52400000e-08  1.61508685e-02 
 2.52600000e-08  1.70366495e-02 
 2.52800000e-08  1.79194462e-02 
 2.53000000e-08  1.87991084e-02 
 2.53200000e-08  1.96754870e-02 
 2.53400000e-08  2.05484336e-02 
 2.53600000e-08  2.14178010e-02 
 2.53800000e-08  2.22834430e-02 
 2.54000000e-08  2.31452145e-02 
 2.54200000e-08  2.40029712e-02 
 2.54400000e-08  2.48565703e-02 
 2.54600000e-08  2.57058701e-02 
 2.54800000e-08  2.65507298e-02 
 2.55000000e-08  2.73910103e-02 
 2.55200000e-08  2.82265733e-02 
 2.55400000e-08  2.90572821e-02 
 2.55600000e-08  2.98830012e-02 
 2.55800000e-08  3.07035965e-02 
 2.56000000e-08  3.15189351e-02 
 2.56200000e-08  3.23288857e-02 
 2.56400000e-08  3.31333185e-02 
 2.56600000e-08  3.39321047e-02 
 2.56800000e-08  3.47251175e-02 
 2.57000000e-08  3.55122312e-02 
 2.57200000e-08  3.62933219e-02 
 2.57400000e-08  3.70682670e-02 
 2.57600000e-08  3.78369456e-02 
 2.57800000e-08  3.85992383e-02 
 2.58000000e-08  3.93550273e-02 
 2.58200000e-08  4.01041963e-02 
 2.58400000e-08  4.08466308e-02 
 2.58600000e-08  4.15822179e-02 
 2.58800000e-08  4.23108461e-02 
 2.59000000e-08  4.30324059e-02 
 2.59200000e-08  4.37467892e-02 
 2.59400000e-08  4.44538897e-02 
 2.59600000e-08  4.51536027e-02 
 2.59800000e-08  4.58458252e-02 
 2.60000000e-08  4.65304560e-02 
 2.60200000e-08  4.72073955e-02 
 2.60400000e-08  4.78765458e-02 
 2.60600000e-08  4.85378108e-02 
 2.60800000e-08  4.91910959e-02 
 2.61000000e-08  4.98363085e-02 
 2.61200000e-08  5.04733575e-02 
 2.61400000e-08  5.11021535e-02 
 2.61600000e-08  5.17226091e-02 
 2.61800000e-08  5.23346381e-02 
 2.62000000e-08  5.29381565e-02 
 2.62200000e-08  5.35330818e-02 
 2.62400000e-08  5.41193331e-02 
 2.62600000e-08  5.46968313e-02 
 2.62800000e-08  5.52654990e-02 
 2.63000000e-08  5.58252605e-02 
 2.63200000e-08  5.63760417e-02 
 2.63400000e-08  5.69177701e-02 
 2.63600000e-08  5.74503751e-02 
 2.63800000e-08  5.79737874e-02 
 2.64000000e-08  5.84879397e-02 
 2.64200000e-08  5.89927661e-02 
 2.64400000e-08  5.94882023e-02 
 2.64600000e-08  5.99741856e-02 
 2.64800000e-08  6.04506552e-02 
 2.65000000e-08  6.09175514e-02 
 2.65200000e-08  6.13748163e-02 
 2.65400000e-08  6.18223937e-02 
 2.65600000e-08  6.22602287e-02 
 2.65800000e-08  6.26882679e-02 
 2.66000000e-08  6.31064597e-02 
 2.66200000e-08  6.35147537e-02 
 2.66400000e-08  6.39131011e-02 
 2.66600000e-08  6.43014546e-02 
 2.66800000e-08  6.46797682e-02 
 2.67000000e-08  6.50479975e-02 
 2.67200000e-08  6.54060994e-02 
 2.67400000e-08  6.57540323e-02 
 2.67600000e-08  6.60917560e-02 
 2.67800000e-08  6.64192316e-02 
 2.68000000e-08  6.67364216e-02 
 2.68200000e-08  6.70432897e-02 
 2.68400000e-08  6.73398012e-02 
 2.68600000e-08  6.76259225e-02 
 2.68800000e-08  6.79016214e-02 
 2.69000000e-08  6.81668669e-02 
 2.69200000e-08  6.84216295e-02 
 2.69400000e-08  6.86658806e-02 
 2.69600000e-08  6.88995931e-02 
 2.69800000e-08  6.91227411e-02 
 2.70000000e-08  6.93352999e-02 
 2.70200000e-08  6.95372460e-02 
 2.70400000e-08  6.97285571e-02 
 2.70600000e-08  6.99092121e-02 
 2.70800000e-08  7.00791910e-02 
 2.71000000e-08  7.02384751e-02 
 2.71200000e-08  7.03870467e-02 
 2.71400000e-08  7.05248895e-02 
 2.71600000e-08  7.06519880e-02 
 2.71800000e-08  7.07683281e-02 
 2.72000000e-08  7.08738968e-02 
 2.72200000e-08  7.09686821e-02 
 2.72400000e-08  7.10526731e-02 
 2.72600000e-08  7.11258602e-02 
 2.72800000e-08  7.11882347e-02 
 2.73000000e-08  7.12397891e-02 
 2.73200000e-08  7.12805170e-02 
 2.73400000e-08  7.13104132e-02 
 2.73600000e-08  7.13294733e-02 
 2.73800000e-08  7.13376944e-02 
 2.74000000e-08  7.13350742e-02 
 2.74200000e-08  7.13216120e-02 
 2.74400000e-08  7.12973078e-02 
 2.74600000e-08  7.12621630e-02 
 2.74800000e-08  7.12161800e-02 
 2.75000000e-08  7.11593621e-02 
 2.75200000e-08  7.10917141e-02 
 2.75400000e-08  7.10132416e-02 
 2.75600000e-08  7.09239515e-02 
 2.75800000e-08  7.08238518e-02 
 2.76000000e-08  7.07129515e-02 
 2.76200000e-08  7.05912609e-02 
 2.76400000e-08  7.04587915e-02 
 2.76600000e-08  7.03155558e-02 
 2.76800000e-08  7.01615676e-02 
 2.77000000e-08  6.99968418e-02 
 2.77200000e-08  6.98213947e-02 
 2.77400000e-08  6.96352434e-02 
 2.77600000e-08  6.94384067e-02 
 2.77800000e-08  6.92309043e-02 
 2.78000000e-08  6.90127573e-02 
 2.78200000e-08  6.87839880e-02 
 2.78400000e-08  6.85446200e-02 
 2.78600000e-08  6.82946783e-02 
 2.78800000e-08  6.80341889e-02 
 2.79000000e-08  6.77631796e-02 
 2.79200000e-08  6.74816790e-02 
 2.79400000e-08  6.71897175e-02 
 2.79600000e-08  6.68873267e-02 
 2.79800000e-08  6.65745394e-02 
 2.80000000e-08  6.62513902e-02 
 2.80200000e-08  6.59179147e-02 
 2.80400000e-08  6.55741503e-02 
 2.80600000e-08  6.52201357e-02 
 2.80800000e-08  6.48559109e-02 
 2.81000000e-08  6.44815178e-02 
 2.81200000e-08  6.40969993e-02 
 2.81400000e-08  6.37024003e-02 
 2.81600000e-08  6.32977670e-02 
 2.81800000e-08  6.28831471e-02 
 2.82000000e-08  6.24585899e-02 
 2.82200000e-08  6.20241465e-02 
 2.82400000e-08  6.15798693e-02 
 2.82600000e-08  6.11258125e-02 
 2.82800000e-08  6.06620320e-02 
 2.83000000e-08  6.01885850e-02 
 2.83200000e-08  5.97055309e-02 
 2.83400000e-08  5.92129302e-02 
 2.83600000e-08  5.87108455e-02 
 2.83800000e-08  5.81993409e-02 
 2.84000000e-08  5.76784823e-02 
 2.84200000e-08  5.71483374e-02 
 2.84400000e-08  5.66089753e-02 
 2.84600000e-08  5.60604673e-02 
 2.84800000e-08  5.55028860e-02 
 2.85000000e-08  5.49363062e-02 
 2.85200000e-08  5.43608041e-02 
 2.85400000e-08  5.37764579e-02 
 2.85600000e-08  5.31833475e-02 
 2.85800000e-08  5.25815545e-02 
 2.86000000e-08  5.19711624e-02 
 2.86200000e-08  5.13522566e-02 
 2.86400000e-08  5.07249241e-02 
 2.86600000e-08  5.00892536e-02 
 2.86800000e-08  4.94453360e-02 
 2.87000000e-08  4.87932636e-02 
 2.87200000e-08  4.81331306e-02 
 2.87400000e-08  4.74650332e-02 
 2.87600000e-08  4.67890691e-02 
 2.87800000e-08  4.61053378e-02 
 2.88000000e-08  4.54139408e-02 
 2.88200000e-08  4.47149813e-02 
 2.88400000e-08  4.40085640e-02 
 2.88600000e-08  4.32947957e-02 
 2.88800000e-08  4.25737846e-02 
 2.89000000e-08  4.18456410e-02 
 2.89200000e-08  4.11104767e-02 
 2.89400000e-08  4.03684050e-02 
 2.89600000e-08  3.96195414e-02 
 2.89800000e-08  3.88640025e-02 
 2.90000000e-08  3.81019070e-02 
 2.90200000e-08  3.73333750e-02 
 2.90400000e-08  3.65585282e-02 
 2.90600000e-08  3.57774901e-02 
 2.90800000e-08  3.49903855e-02 
 2.91000000e-08  3.41973409e-02 
 2.91200000e-08  3.33984843e-02 
 2.91400000e-08  3.25939452e-02 
 2.91600000e-08  3.17838546e-02 
 2.91800000e-08  3.09683448e-02 
 2.92000000e-08  3.01475498e-02 
 2.92200000e-08  2.93216047e-02 
 2.92400000e-08  2.84906461e-02 
 2.92600000e-08  2.76548119e-02 
 2.92800000e-08  2.68142413e-02 
 2.93000000e-08  2.59690748e-02 
 2.93200000e-08  2.51194540e-02 
 2.93400000e-08  2.42655219e-02 
 2.93600000e-08  2.34074224e-02 
 2.93800000e-08  2.25453008e-02 
 2.94000000e-08  2.16793032e-02 
 2.94200000e-08  2.08095771e-02 
 2.94400000e-08  1.99362706e-02 
 2.94600000e-08  1.90595331e-02 
 2.94800000e-08  1.81795148e-02 
 2.95000000e-08  1.72963667e-02 
 2.95200000e-08  1.64102408e-02 
 2.95400000e-08  1.55212899e-02 
 2.95600000e-08  1.46296674e-02 
 2.95800000e-08  1.37355277e-02 
 2.96000000e-08  1.28390256e-02 
 2.96200000e-08  1.19403167e-02 
 2.96400000e-08  1.10395570e-02 
 2.96600000e-08  1.01369034e-02 
 2.96800000e-08  9.23251291e-03 
 2.97000000e-08  8.32654328e-03 
 2.97200000e-08  7.41915252e-03 
 2.97400000e-08  6.51049905e-03 
 2.97600000e-08  5.60074161e-03 
 2.97800000e-08  4.69003921e-03 
 2.98000000e-08  3.77855108e-03 
 2.98200000e-08  2.86643664e-03 
 2.98400000e-08  1.95385543e-03 
 2.98600000e-08  1.04096709e-03 
 2.98800000e-08  1.27931301e-04 
 2.99000000e-08 -7.85092273e-04 
 2.99200000e-08 -1.69794401e-03 
 2.99400000e-08 -2.61046440e-03 
 2.99600000e-08 -3.52249407e-03 
 2.99800000e-08 -4.43387382e-03 
 3.00000000e-08 -5.34444472e-03 
 3.00200000e-08 -6.25404810e-03 
 3.00400000e-08 -7.16252563e-03 
 3.00600000e-08 -8.06971934e-03 
 3.00800000e-08 -8.97547169e-03 
 3.01000000e-08 -9.87962558e-03 
 3.01200000e-08 -1.07820245e-02 
 3.01400000e-08 -1.16825123e-02 
 3.01600000e-08 -1.25809336e-02 
 3.01800000e-08 -1.34771336e-02 
 3.02000000e-08 -1.43709582e-02 
 3.02200000e-08 -1.52622540e-02 
 3.02400000e-08 -1.61508683e-02 
 3.02600000e-08 -1.70366493e-02 
 3.02800000e-08 -1.79194460e-02 
 3.03000000e-08 -1.87991082e-02 
 3.03200000e-08 -1.96754868e-02 
 3.03400000e-08 -2.05484334e-02 
 3.03600000e-08 -2.14178008e-02 
 3.03800000e-08 -2.22834429e-02 
 3.04000000e-08 -2.31452143e-02 
 3.04200000e-08 -2.40029710e-02 
 3.04400000e-08 -2.48565702e-02 
 3.04600000e-08 -2.57058699e-02 
 3.04800000e-08 -2.65507297e-02 
 3.05000000e-08 -2.73910101e-02 
 3.05200000e-08 -2.82265731e-02 
 3.05400000e-08 -2.90572819e-02 
 3.05600000e-08 -2.98830010e-02 
 3.05800000e-08 -3.07035963e-02 
 3.06000000e-08 -3.15189349e-02 
 3.06200000e-08 -3.23288856e-02 
 3.06400000e-08 -3.31333183e-02 
 3.06600000e-08 -3.39321046e-02 
 3.06800000e-08 -3.47251173e-02 
 3.07000000e-08 -3.55122311e-02 
 3.07200000e-08 -3.62933218e-02 
 3.07400000e-08 -3.70682669e-02 
 3.07600000e-08 -3.78369455e-02 
 3.07800000e-08 -3.85992382e-02 
 3.08000000e-08 -3.93550271e-02 
 3.08200000e-08 -4.01041962e-02 
 3.08400000e-08 -4.08466307e-02 
 3.08600000e-08 -4.15822178e-02 
 3.08800000e-08 -4.23108460e-02 
 3.09000000e-08 -4.30324058e-02 
 3.09200000e-08 -4.37467891e-02 
 3.09400000e-08 -4.44538896e-02 
 3.09600000e-08 -4.51536025e-02 
 3.09800000e-08 -4.58458251e-02 
 3.10000000e-08 -4.65304559e-02 
 3.10200000e-08 -4.72073954e-02 
 3.10400000e-08 -4.78765457e-02 
 3.10600000e-08 -4.85378107e-02 
 3.10800000e-08 -4.91910958e-02 
 3.11000000e-08 -4.98363084e-02 
 3.11200000e-08 -5.04733574e-02 
 3.11400000e-08 -5.11021534e-02 
 3.11600000e-08 -5.17226090e-02 
 3.11800000e-08 -5.23346380e-02 
 3.12000000e-08 -5.29381564e-02 
 3.12200000e-08 -5.35330817e-02 
 3.12400000e-08 -5.41193330e-02 
 3.12600000e-08 -5.46968312e-02 
 3.12800000e-08 -5.52654989e-02 
 3.13000000e-08 -5.58252604e-02 
 3.13200000e-08 -5.63760416e-02 
 3.13400000e-08 -5.69177700e-02 
 3.13600000e-08 -5.74503750e-02 
 3.13800000e-08 -5.79737873e-02 
 3.14000000e-08 -5.84879396e-02 
 3.14200000e-08 -5.89927660e-02 
 3.14400000e-08 -5.94882022e-02 
 3.14600000e-08 -5.99741856e-02 
 3.14800000e-08 -6.04506551e-02 
 3.15000000e-08 -6.09175513e-02 
 3.15200000e-08 -6.13748162e-02 
 3.15400000e-08 -6.18223936e-02 
 3.15600000e-08 -6.22602286e-02 
 3.15800000e-08 -6.26882679e-02 
 3.16000000e-08 -6.31064596e-02 
 3.16200000e-08 -6.35147536e-02 
 3.16400000e-08 -6.39131010e-02 
 3.16600000e-08 -6.43014545e-02 
 3.16800000e-08 -6.46797681e-02 
 3.17000000e-08 -6.50479974e-02 
 3.17200000e-08 -6.54060993e-02 
 3.17400000e-08 -6.57540323e-02 
 3.17600000e-08 -6.60917560e-02 
 3.17800000e-08 -6.64192316e-02 
 3.18000000e-08 -6.67364215e-02 
 3.18200000e-08 -6.70432896e-02 
 3.18400000e-08 -6.73398011e-02 
 3.18600000e-08 -6.76259224e-02 
 3.18800000e-08 -6.79016213e-02 
 3.19000000e-08 -6.81668669e-02 
 3.19200000e-08 -6.84216294e-02 
 3.19400000e-08 -6.86658805e-02 
 3.19600000e-08 -6.88995931e-02 
 3.19800000e-08 -6.91227411e-02 
 3.20000000e-08 -6.93352999e-02 
 3.20200000e-08 -6.95372460e-02 
 3.20400000e-08 -6.97285571e-02 
 3.20600000e-08 -6.99092120e-02 
 3.20800000e-08 -7.00791909e-02 
 3.21000000e-08 -7.02384750e-02 
 3.21200000e-08 -7.03870467e-02 
 3.21400000e-08 -7.05248894e-02 
 3.21600000e-08 -7.06519880e-02 
 3.21800000e-08 -7.07683281e-02 
 3.22000000e-08 -7.08738968e-02 
 3.22200000e-08 -7.09686820e-02 
 3.22400000e-08 -7.10526730e-02 
 3.22600000e-08 -7.11258601e-02 
 3.22800000e-08 -7.11882346e-02 
 3.23000000e-08 -7.12397891e-02 
 3.23200000e-08 -7.12805170e-02 
 3.23400000e-08 -7.13104132e-02 
 3.23600000e-08 -7.13294733e-02 
 3.23800000e-08 -7.13376943e-02 
 3.24000000e-08 -7.13350742e-02 
 3.24200000e-08 -7.13216119e-02 
 3.24400000e-08 -7.12973078e-02 
 3.24600000e-08 -7.12621630e-02 
 3.24800000e-08 -7.12161799e-02 
 3.25000000e-08 -7.11593621e-02 
 3.25200000e-08 -7.10917141e-02 
 3.25400000e-08 -7.10132416e-02 
 3.25600000e-08 -7.09239515e-02 
 3.25800000e-08 -7.08238517e-02 
 3.26000000e-08 -7.07129514e-02 
 3.26200000e-08 -7.05912609e-02 
 3.26400000e-08 -7.04587915e-02 
 3.26600000e-08 -7.03155558e-02 
 3.26800000e-08 -7.01615676e-02 
 3.27000000e-08 -6.99968418e-02 
 3.27200000e-08 -6.98213946e-02 
 3.27400000e-08 -6.96352434e-02 
 3.27600000e-08 -6.94384066e-02 
 3.27800000e-08 -6.92309042e-02 
 3.28000000e-08 -6.90127572e-02 
 3.28200000e-08 -6.87839879e-02 
 3.28400000e-08 -6.85446200e-02 
 3.28600000e-08 -6.82946782e-02 
 3.28800000e-08 -6.80341889e-02 
 3.29000000e-08 -6.77631796e-02 
 3.29200000e-08 -6.74816790e-02 
 3.29400000e-08 -6.71897175e-02 
 3.29600000e-08 -6.68873266e-02 
 3.29800000e-08 -6.65745394e-02 
 3.30000000e-08 -6.62513901e-02 
 3.30200000e-08 -6.59179147e-02 
 3.30400000e-08 -6.55741503e-02 
 3.30600000e-08 -6.52201356e-02 
 3.30800000e-08 -6.48559109e-02 
 3.31000000e-08 -6.44815177e-02 
 3.31200000e-08 -6.40969993e-02 
 3.31400000e-08 -6.37024003e-02 
 3.31600000e-08 -6.32977670e-02 
 3.31800000e-08 -6.28831470e-02 
 3.32000000e-08 -6.24585899e-02 
 3.32200000e-08 -6.20241465e-02 
 3.32400000e-08 -6.15798693e-02 
 3.32600000e-08 -6.11258125e-02 
 3.32800000e-08 -6.06620319e-02 
 3.33000000e-08 -6.01885850e-02 
 3.33200000e-08 -5.97055308e-02 
 3.33400000e-08 -5.92129302e-02 
 3.33600000e-08 -5.87108455e-02 
 3.33800000e-08 -5.81993409e-02 
 3.34000000e-08 -5.76784823e-02 
 3.34200000e-08 -5.71483374e-02 
 3.34400000e-08 -5.66089753e-02 
 3.34600000e-08 -5.60604673e-02 
 3.34800000e-08 -5.55028860e-02 
 3.35000000e-08 -5.49363062e-02 
 3.35200000e-08 -5.43608041e-02 
 3.35400000e-08 -5.37764579e-02 
 3.35600000e-08 -5.31833474e-02 
 3.35800000e-08 -5.25815545e-02 
 3.36000000e-08 -5.19711624e-02 
 3.36200000e-08 -5.13522566e-02 
 3.36400000e-08 -5.07249240e-02 
 3.36600000e-08 -5.00892536e-02 
 3.36800000e-08 -4.94453360e-02 
 3.37000000e-08 -4.87932636e-02 
 3.37200000e-08 -4.81331306e-02 
 3.37400000e-08 -4.74650332e-02 
 3.37600000e-08 -4.67890690e-02 
 3.37800000e-08 -4.61053378e-02 
 3.38000000e-08 -4.54139408e-02 
 3.38200000e-08 -4.47149813e-02 
 3.38400000e-08 -4.40085640e-02 
 3.38600000e-08 -4.32947957e-02 
 3.38800000e-08 -4.25737846e-02 
 3.39000000e-08 -4.18456410e-02 
 3.39200000e-08 -4.11104766e-02 
 3.39400000e-08 -4.03684050e-02 
 3.39600000e-08 -3.96195414e-02 
 3.39800000e-08 -3.88640025e-02 
 3.40000000e-08 -3.81019070e-02 
 3.40200000e-08 -3.73333750e-02 
 3.40400000e-08 -3.65585282e-02 
 3.40600000e-08 -3.57774901e-02 
 3.40800000e-08 -3.49903855e-02 
 3.41000000e-08 -3.41973409e-02 
 3.41200000e-08 -3.33984843e-02 
 3.41400000e-08 -3.25939452e-02 
 3.41600000e-08 -3.17838546e-02 
 3.41800000e-08 -3.09683448e-02 
 3.42000000e-08 -3.01475498e-02 
 3.42200000e-08 -2.93216047e-02 
 3.42400000e-08 -2.84906461e-02 
 3.42600000e-08 -2.76548119e-02 
 3.42800000e-08 -2.68142413e-02 
 3.43000000e-08 -2.59690748e-02 
 3.43200000e-08 -2.51194540e-02 
 3.43400000e-08 -2.42655219e-02 
 3.43600000e-08 -2.34074224e-02 
 3.43800000e-08 -2.25453008e-02 
 3.44000000e-08 -2.16793032e-02 
 3.44200000e-08 -2.08095771e-02 
 3.44400000e-08 -1.99362706e-02 
 3.44600000e-08 -1.90595331e-02 
 3.44800000e-08 -1.81795147e-02 
 3.45000000e-08 -1.72963667e-02 
 3.45200000e-08 -1.64102408e-02 
 3.45400000e-08 -1.55212899e-02 
 3.45600000e-08 -1.46296674e-02 
 3.45800000e-08 -1.37355277e-02 
 3.46000000e-08 -1.28390256e-02 
 3.46200000e-08 -1.19403166e-02 
 3.46400000e-08 -1.10395570e-02 
 3.46600000e-08 -1.01369034e-02 
 3.46800000e-08 -9.23251291e-03 
 3.47000000e-08 -8.32654327e-03 
 3.47200000e-08 -7.41915251e-03 
 3.47400000e-08 -6.51049904e-03 
 3.47600000e-08 -5.60074160e-03 
 3.47800000e-08 -4.69003920e-03 
 3.48000000e-08 -3.77855107e-03 
 3.48200000e-08 -2.86643663e-03 
 3.48400000e-08 -1.95385542e-03 
 3.48600000e-08 -1.04096708e-03 
 3.48800000e-08 -1.27931294e-04 
 3.49000000e-08  7.85092280e-04 
 3.49200000e-08  1.69794402e-03 
 3.49400000e-08  2.61046441e-03 
 3.49600000e-08  3.52249407e-03 
 3.49800000e-08  4.43387383e-03 
 3.50000000e-08  5.34444473e-03 
 3.50200000e-08  6.25404811e-03 
 3.50400000e-08  7.16252564e-03 
 3.50600000e-08  8.06971935e-03 
 3.50800000e-08  8.97547169e-03 
 3.51000000e-08  9.87962559e-03 
 3.51200000e-08  1.07820245e-02 
 3.51400000e-08  1.16825123e-02 
 3.51600000e-08  1.25809336e-02 
 3.51800000e-08  1.34771336e-02 
 3.52000000e-08  1.43709583e-02 
 3.52200000e-08  1.52622540e-02 
 3.52400000e-08  1.61508684e-02 
 3.52600000e-08  1.70366494e-02 
 3.52800000e-08  1.79194460e-02 
 3.53000000e-08  1.87991082e-02 
 3.53200000e-08  1.96754868e-02 
 3.53400000e-08  2.05484334e-02 
 3.53600000e-08  2.14178009e-02 
 3.53800000e-08  2.22834429e-02 
 3.54000000e-08  2.31452143e-02 
 3.54200000e-08  2.40029710e-02 
 3.54400000e-08  2.48565702e-02 
 3.54600000e-08  2.57058699e-02 
 3.54800000e-08  2.65507297e-02 
 3.55000000e-08  2.73910101e-02 
 3.55200000e-08  2.82265731e-02 
 3.55400000e-08  2.90572819e-02 
 3.55600000e-08  2.98830011e-02 
 3.55800000e-08  3.07035963e-02 
 3.56000000e-08  3.15189350e-02 
 3.56200000e-08  3.23288856e-02 
 3.56400000e-08  3.31333183e-02 
 3.56600000e-08  3.39321046e-02 
 3.56800000e-08  3.47251174e-02 
 3.57000000e-08  3.55122311e-02 
 3.57200000e-08  3.62933218e-02 
 3.57400000e-08  3.70682669e-02 
 3.57600000e-08  3.78369455e-02 
 3.57800000e-08  3.85992382e-02 
 3.58000000e-08  3.93550271e-02 
 3.58200000e-08  4.01041962e-02 
 3.58400000e-08  4.08466307e-02 
 3.58600000e-08  4.15822178e-02 
 3.58800000e-08  4.23108460e-02 
 3.59000000e-08  4.30324058e-02 
 3.59200000e-08  4.37467891e-02 
 3.59400000e-08  4.44538896e-02 
 3.59600000e-08  4.51536026e-02 
 3.59800000e-08  4.58458251e-02 
 3.60000000e-08  4.65304559e-02 
 3.60200000e-08  4.72073954e-02 
 3.60400000e-08  4.78765457e-02 
 3.60600000e-08  4.85378107e-02 
 3.60800000e-08  4.91910958e-02 
 3.61000000e-08  4.98363084e-02 
 3.61200000e-08  5.04733574e-02 
 3.61400000e-08  5.11021535e-02 
 3.61600000e-08  5.17226090e-02 
 3.61800000e-08  5.23346380e-02 
 3.62000000e-08  5.29381564e-02 
 3.62200000e-08  5.35330817e-02 
 3.62400000e-08  5.41193330e-02 
 3.62600000e-08  5.46968312e-02 
 3.62800000e-08  5.52654989e-02 
 3.63000000e-08  5.58252604e-02 
 3.63200000e-08  5.63760416e-02 
 3.63400000e-08  5.69177700e-02 
 3.63600000e-08  5.74503750e-02 
 3.63800000e-08  5.79737874e-02 
 3.64000000e-08  5.84879396e-02 
 3.64200000e-08  5.89927660e-02 
 3.64400000e-08  5.94882022e-02 
 3.64600000e-08  5.99741856e-02 
 3.64800000e-08  6.04506551e-02 
 3.65000000e-08  6.09175513e-02 
 3.65200000e-08  6.13748162e-02 
 3.65400000e-08  6.18223936e-02 
 3.65600000e-08  6.22602286e-02 
 3.65800000e-08  6.26882679e-02 
 3.66000000e-08  6.31064597e-02 
 3.66200000e-08  6.35147536e-02 
 3.66400000e-08  6.39131010e-02 
 3.66600000e-08  6.43014545e-02 
 3.66800000e-08  6.46797681e-02 
 3.67000000e-08  6.50479974e-02 
 3.67200000e-08  6.54060993e-02 
 3.67400000e-08  6.57540323e-02 
 3.67600000e-08  6.60917560e-02 
 3.67800000e-08  6.64192316e-02 
 3.68000000e-08  6.67364215e-02 
 3.68200000e-08  6.70432896e-02 
 3.68400000e-08  6.73398011e-02 
 3.68600000e-08  6.76259224e-02 
 3.68800000e-08  6.79016213e-02 
 3.69000000e-08  6.81668669e-02 
 3.69200000e-08  6.84216294e-02 
 3.69400000e-08  6.86658805e-02 
 3.69600000e-08  6.88995931e-02 
 3.69800000e-08  6.91227411e-02 
 3.70000000e-08  6.93352999e-02 
 3.70200000e-08  6.95372460e-02 
 3.70400000e-08  6.97285571e-02 
 3.70600000e-08  6.99092120e-02 
 3.70800000e-08  7.00791909e-02 
 3.71000000e-08  7.02384750e-02 
 3.71200000e-08  7.03870467e-02 
 3.71400000e-08  7.05248894e-02 
 3.71600000e-08  7.06519880e-02 
 3.71800000e-08  7.07683281e-02 
 3.72000000e-08  7.08738968e-02 
 3.72200000e-08  7.09686820e-02 
 3.72400000e-08  7.10526730e-02 
 3.72600000e-08  7.11258601e-02 
 3.72800000e-08  7.11882346e-02 
 3.73000000e-08  7.12397891e-02 
 3.73200000e-08  7.12805170e-02 
 3.73400000e-08  7.13104132e-02 
 3.73600000e-08  7.13294733e-02 
 3.73800000e-08  7.13376943e-02 
 3.74000000e-08  7.13350742e-02 
 3.74200000e-08  7.13216119e-02 
 3.74400000e-08  7.12973078e-02 
 3.74600000e-08  7.12621630e-02 
 3.74800000e-08  7.12161799e-02 
 3.75000000e-08  7.11593621e-02 
 3.75200000e-08  7.10917141e-02 
 3.75400000e-08  7.10132416e-02 
 3.75600000e-08  7.09239515e-02 
 3.75800000e-08  7.08238517e-02 
 3.76000000e-08  7.07129514e-02 
 3.76200000e-08  7.05912609e-02 
 3.76400000e-08  7.04587915e-02 
 3.76600000e-08  7.03155558e-02 
 3.76800000e-08  7.01615676e-02 
 3.77000000e-08  6.99968418e-02 
 3.77200000e-08  6.98213946e-02 
 3.77400000e-08  6.96352434e-02 
 3.77600000e-08  6.94384066e-02 
 3.77800000e-08  6.92309042e-02 
 3.78000000e-08  6.90127572e-02 
 3.78200000e-08  6.87839879e-02 
 3.78400000e-08  6.85446200e-02 
 3.78600000e-08  6.82946782e-02 
 3.78800000e-08  6.80341889e-02 
 3.79000000e-08  6.77631796e-02 
 3.79200000e-08  6.74816790e-02 
 3.79400000e-08  6.71897175e-02 
 3.79600000e-08  6.68873266e-02 
 3.79800000e-08  6.65745394e-02 
 3.80000000e-08  6.62513901e-02 
 3.80200000e-08  6.59179147e-02 
 3.80400000e-08  6.55741503e-02 
 3.80600000e-08  6.52201356e-02 
 3.80800000e-08  6.48559109e-02 
 3.81000000e-08  6.44815177e-02 
 3.81200000e-08  6.40969993e-02 
 3.81400000e-08  6.37024003e-02 
 3.81600000e-08  6.32977670e-02 
 3.81800000e-08  6.28831470e-02 
 3.82000000e-08  6.24585899e-02 
 3.82200000e-08  6.20241465e-02 
 3.82400000e-08  6.15798693e-02 
 3.82600000e-08  6.11258125e-02 
 3.82800000e-08  6.06620319e-02 
 3.83000000e-08  6.01885850e-02 
 3.83200000e-08  5.97055308e-02 
 3.83400000e-08  5.92129302e-02 
 3.83600000e-08  5.87108455e-02 
 3.83800000e-08  5.81993409e-02 
 3.84000000e-08  5.76784823e-02 
 3.84200000e-08  5.71483374e-02 
 3.84400000e-08  5.66089753e-02 
 3.84600000e-08  5.60604673e-02 
 3.84800000e-08  5.55028860e-02 
 3.85000000e-08  5.49363062e-02 
 3.85200000e-08  5.43608041e-02 
 3.85400000e-08  5.37764579e-02 
 3.85600000e-08  5.31833474e-02 
 3.85800000e-08  5.25815545e-02 
 3.86000000e-08  5.19711624e-02 
 3.86200000e-08  5.13522566e-02 
 3.86400000e-08  5.07249240e-02 
 3.86600000e-08  5.00892536e-02 
 3.86800000e-08  4.94453360e-02 
 3.87000000e-08  4.87932636e-02 
 3.87200000e-08  4.81331306e-02 
 3.87400000e-08  4.74650332e-02 
 3.87600000e-08  4.67890690e-02 
 3.87800000e-08  4.61053378e-02 
 3.88000000e-08  4.54139408e-02 
 3.88200000e-08  4.47149813e-02 
 3.88400000e-08  4.40085640e-02 
 3.88600000e-08  4.32947957e-02 
 3.88800000e-08  4.25737846e-02 
 3.89000000e-08  4.18456410e-02 
 3.89200000e-08  4.11104766e-02 
 3.89400000e-08  4.03684050e-02 
 3.89600000e-08  3.96195414e-02 
 3.89800000e-08  3.88640025e-02 
 3.90000000e-08  3.81019070e-02 
 3.90200000e-08  3.73333750e-02 
 3.90400000e-08  3.65585282e-02 
 3.90600000e-08  3.57774901e-02 
 3.90800000e-08  3.49903855e-02 
 3.91000000e-08  3.41973409e-02 
 3.91200000e-08  3.33984843e-02 
 3.91400000e-08  3.25939452e-02 
 3.91600000e-08  3.17838546e-02 
 3.91800000e-08  3.09683448e-02 
 3.92000000e-08  3.01475498e-02 
 3.92200000e-08  2.93216047e-02 
 3.92400000e-08  2.84906461e-02 
 3.92600000e-08  2.76548119e-02 
 3.92800000e-08  2.68142413e-02 
 3.93000000e-08  2.59690748e-02 
 3.93200000e-08  2.51194540e-02 
 3.93400000e-08  2.42655219e-02 
 3.93600000e-08  2.34074224e-02 
 3.93800000e-08  2.25453008e-02 
 3.94000000e-08  2.16793032e-02 
 3.94200000e-08  2.08095771e-02 
 3.94400000e-08  1.99362706e-02 
 3.94600000e-08  1.90595331e-02 
 3.94800000e-08  1.81795147e-02 
 3.95000000e-08  1.72963667e-02 
 3.95200000e-08  1.64102408e-02 
 3.95400000e-08  1.55212899e-02 
 3.95600000e-08  1.46296674e-02 
 3.95800000e-08  1.37355277e-02 
 3.96000000e-08  1.28390256e-02 
 3.96200000e-08  1.19403166e-02 
 3.96400000e-08  1.10395570e-02 
 3.96600000e-08  1.01369034e-02 
 3.96800000e-08  9.23251291e-03 
 3.97000000e-08  8.32654327e-03 
 3.97200000e-08  7.41915251e-03 
 3.97400000e-08  6.51049904e-03 
 3.97600000e-08  5.60074160e-03 
 3.97800000e-08  4.69003920e-03 
 3.98000000e-08  3.77855107e-03 
 3.98200000e-08  2.86643663e-03 
 3.98400000e-08  1.95385542e-03 
 3.98600000e-08  1.04096708e-03 
 3.98800000e-08  1.27931294e-04 
 3.99000000e-08 -7.85092280e-04 
 3.99200000e-08 -1.69794402e-03 
 3.99400000e-08 -2.61046441e-03 
 3.99600000e-08 -3.52249407e-03 
 3.99800000e-08 -4.43387383e-03 
 4.00000000e-08 -5.34444473e-03 
 4.00200000e-08 -6.25404811e-03 
 4.00400000e-08 -7.16252564e-03 
 4.00600000e-08 -8.06971935e-03 
 4.00800000e-08 -8.97547169e-03 
 4.01000000e-08 -9.87962559e-03 
 4.01200000e-08 -1.07820245e-02 
 4.01400000e-08 -1.16825123e-02 
 4.01600000e-08 -1.25809336e-02 
 4.01800000e-08 -1.34771336e-02 
 4.02000000e-08 -1.43709583e-02 
 4.02200000e-08 -1.52622540e-02 
 4.02400000e-08 -1.61508684e-02 
 4.02600000e-08 -1.70366494e-02 
 4.02800000e-08 -1.79194460e-02 
 4.03000000e-08 -1.87991082e-02 
 4.03200000e-08 -1.96754868e-02 
 4.03400000e-08 -2.05484334e-02 
 4.03600000e-08 -2.14178009e-02 
 4.03800000e-08 -2.22834429e-02 
 4.04000000e-08 -2.31452143e-02 
 4.04200000e-08 -2.40029710e-02 
 4.04400000e-08 -2.48565702e-02 
 4.04600000e-08 -2.57058699e-02 
 4.04800000e-08 -2.65507297e-02 
 4.05000000e-08 -2.73910101e-02 
 4.05200000e-08 -2.82265731e-02 
 4.05400000e-08 -2.90572819e-02 
 4.05600000e-08 -2.98830011e-02 
 4.05800000e-08 -3.07035963e-02 
 4.06000000e-08 -3.15189350e-02 
 4.06200000e-08 -3.23288856e-02 
 4.06400000e-08 -3.31333183e-02 
 4.06600000e-08 -3.39321046e-02 
 4.06800000e-08 -3.47251174e-02 
 4.07000000e-08 -3.55122311e-02 
 4.07200000e-08 -3.62933218e-02 
 4.07400000e-08 -3.70682669e-02 
 4.07600000e-08 -3.78369455e-02 
 4.07800000e-08 -3.85992382e-02 
 4.08000000e-08 -3.93550271e-02 
 4.08200000e-08 -4.01041962e-02 
 4.08400000e-08 -4.08466307e-02 
 4.08600000e-08 -4.15822178e-02 
 4.08800000e-08 -4.23108460e-02 
 4.09000000e-08 -4.30324058e-02 
 4.09200000e-08 -4.37467891e-02 
 4.09400000e-08 -4.44538896e-02 
 4.09600000e-08 -4.51536026e-02 
 4.09800000e-08 -4.58458251e-02 
 4.10000000e-08 -4.65304559e-02 
 4.10200000e-08 -4.72073954e-02 
 4.10400000e-08 -4.78765457e-02 
 4.10600000e-08 -4.85378107e-02 
 4.10800000e-08 -4.91910958e-02 
 4.11000000e-08 -4.98363084e-02 
 4.11200000e-08 -5.04733574e-02 
 4.11400000e-08 -5.11021535e-02 
 4.11600000e-08 -5.17226090e-02 
 4.11800000e-08 -5.23346380e-02 
 4.12000000e-08 -5.29381564e-02 
 4.12200000e-08 -5.35330817e-02 
 4.12400000e-08 -5.41193330e-02 
 4.12600000e-08 -5.46968312e-02 
 4.12800000e-08 -5.52654989e-02 
 4.13000000e-08 -5.58252604e-02 
 4.13200000e-08 -5.63760416e-02 
 4.13400000e-08 -5.69177700e-02 
 4.13600000e-08 -5.74503750e-02 
 4.13800000e-08 -5.79737874e-02 
 4.14000000e-08 -5.84879396e-02 
 4.14200000e-08 -5.89927660e-02 
 4.14400000e-08 -5.94882022e-02 
 4.14600000e-08 -5.99741856e-02 
 4.14800000e-08 -6.04506551e-02 
 4.15000000e-08 -6.09175513e-02 
 4.15200000e-08 -6.13748162e-02 
 4.15400000e-08 -6.18223936e-02 
 4.15600000e-08 -6.22602286e-02 
 4.15800000e-08 -6.26882679e-02 
 4.16000000e-08 -6.31064597e-02 
 4.16200000e-08 -6.35147536e-02 
 4.16400000e-08 -6.39131010e-02 
 4.16600000e-08 -6.43014545e-02 
 4.16800000e-08 -6.46797681e-02 
 4.17000000e-08 -6.50479974e-02 
 4.17200000e-08 -6.54060993e-02 
 4.17400000e-08 -6.57540323e-02 
 4.17600000e-08 -6.60917560e-02 
 4.17800000e-08 -6.64192316e-02 
 4.18000000e-08 -6.67364215e-02 
 4.18200000e-08 -6.70432896e-02 
 4.18400000e-08 -6.73398011e-02 
 4.18600000e-08 -6.76259224e-02 
 4.18800000e-08 -6.79016213e-02 
 4.19000000e-08 -6.81668669e-02 
 4.19200000e-08 -6.84216294e-02 
 4.19400000e-08 -6.86658805e-02 
 4.19600000e-08 -6.88995931e-02 
 4.19800000e-08 -6.91227411e-02 
 4.20000000e-08 -6.93352999e-02 
 4.20200000e-08 -6.95372460e-02 
 4.20400000e-08 -6.97285571e-02 
 4.20600000e-08 -6.99092120e-02 
 4.20800000e-08 -7.00791909e-02 
 4.21000000e-08 -7.02384750e-02 
 4.21200000e-08 -7.03870467e-02 
 4.21400000e-08 -7.05248894e-02 
 4.21600000e-08 -7.06519880e-02 
 4.21800000e-08 -7.07683281e-02 
 4.22000000e-08 -7.08738968e-02 
 4.22200000e-08 -7.09686820e-02 
 4.22400000e-08 -7.10526730e-02 
 4.22600000e-08 -7.11258601e-02 
 4.22800000e-08 -7.11882346e-02 
 4.23000000e-08 -7.12397891e-02 
 4.23200000e-08 -7.12805170e-02 
 4.23400000e-08 -7.13104132e-02 
 4.23600000e-08 -7.13294733e-02 
 4.23800000e-08 -7.13376943e-02 
 4.24000000e-08 -7.13350742e-02 
 4.24200000e-08 -7.13216119e-02 
 4.24400000e-08 -7.12973078e-02 
 4.24600000e-08 -7.12621630e-02 
 4.24800000e-08 -7.12161799e-02 
 4.25000000e-08 -7.11593621e-02 
 4.25200000e-08 -7.10917141e-02 
 4.25400000e-08 -7.10132416e-02 
 4.25600000e-08 -7.09239515e-02 
 4.25800000e-08 -7.08238517e-02 
 4.26000000e-08 -7.07129514e-02 
 4.26200000e-08 -7.05912609e-02 
 4.26400000e-08 -7.04587915e-02 
 4.26600000e-08 -7.03155558e-02 
 4.26800000e-08 -7.01615676e-02 
 4.27000000e-08 -6.99968418e-02 
 4.27200000e-08 -6.98213946e-02 
 4.27400000e-08 -6.96352434e-02 
 4.27600000e-08 -6.94384066e-02 
 4.27800000e-08 -6.92309042e-02 
 4.28000000e-08 -6.90127572e-02 
 4.28200000e-08 -6.87839879e-02 
 4.28400000e-08 -6.85446200e-02 
 4.28600000e-08 -6.82946782e-02 
 4.28800000e-08 -6.80341889e-02 
 4.29000000e-08 -6.77631796e-02 
 4.29200000e-08 -6.74816790e-02 
 4.29400000e-08 -6.71897175e-02 
 4.29600000e-08 -6.68873266e-02 
 4.29800000e-08 -6.65745394e-02 
 4.30000000e-08 -6.62513901e-02 
 4.30200000e-08 -6.59179147e-02 
 4.30400000e-08 -6.55741503e-02 
 4.30600000e-08 -6.52201356e-02 
 4.30800000e-08 -6.48559109e-02 
 4.31000000e-08 -6.44815177e-02 
 4.31200000e-08 -6.40969993e-02 
 4.31400000e-08 -6.37024003e-02 
 4.31600000e-08 -6.32977670e-02 
 4.31800000e-08 -6.28831470e-02 
 4.32000000e-08 -6.24585899e-02 
 4.32200000e-08 -6.20241465e-02 
 4.32400000e-08 -6.15798693e-02 
 4.32600000e-08 -6.11258125e-02 
 4.32800000e-08 -6.06620319e-02 
 4.33000000e-08 -6.01885850e-02 
 4.33200000e-08 -5.97055308e-02 
 4.33400000e-08 -5.92129302e-02 
 4.33600000e-08 -5.87108455e-02 
 4.33800000e-08 -5.81993409e-02 
 4.34000000e-08 -5.76784823e-02 
 4.34200000e-08 -5.71483374e-02 
 4.34400000e-08 -5.66089753e-02 
 4.34600000e-08 -5.60604673e-02 
 4.34800000e-08 -5.55028860e-02 
 4.35000000e-08 -5.49363062e-02 
 4.35200000e-08 -5.43608041e-02 
 4.35400000e-08 -5.37764579e-02 
 4.35600000e-08 -5.31833474e-02 
 4.35800000e-08 -5.25815545e-02 
 4.36000000e-08 -5.19711624e-02 
 4.36200000e-08 -5.13522566e-02 
 4.36400000e-08 -5.07249240e-02 
 4.36600000e-08 -5.00892536e-02 
 4.36800000e-08 -4.94453360e-02 
 4.37000000e-08 -4.87932636e-02 
 4.37200000e-08 -4.81331306e-02 
 4.37400000e-08 -4.74650332e-02 
 4.37600000e-08 -4.67890690e-02 
 4.37800000e-08 -4.61053378e-02 
 4.38000000e-08 -4.54139408e-02 
 4.38200000e-08 -4.47149813e-02 
 4.38400000e-08 -4.40085640e-02 
 4.38600000e-08 -4.32947957e-02 
 4.38800000e-08 -4.25737846e-02 
 4.39000000e-08 -4.18456410e-02 
 4.39200000e-08 -4.11104766e-02 
 4.39400000e-08 -4.03684050e-02 
 4.39600000e-08 -3.96195414e-02 
 4.39800000e-08 -3.88640025e-02 
 4.40000000e-08 -3.81019070e-02 
 4.40200000e-08 -3.73333750e-02 
 4.40400000e-08 -3.65585282e-02 
 4.40600000e-08 -3.57774901e-02 
 4.40800000e-08 -3.49903855e-02 
 4.41000000e-08 -3.41973409e-02 
 4.41200000e-08 -3.33984843e-02 
 4.41400000e-08 -3.25939452e-02 
 4.41600000e-08 -3.17838546e-02 
 4.41800000e-08 -3.09683448e-02 
 4.42000000e-08 -3.01475498e-02 
 4.42200000e-08 -2.93216047e-02 
 4.42400000e-08 -2.84906461e-02 
 4.42600000e-08 -2.76548119e-02 
 4.42800000e-08 -2.68142413e-02 
 4.43000000e-08 -2.59690748e-02 
 4.43200000e-08 -2.51194540e-02 
 4.43400000e-08 -2.42655219e-02 
 4.43600000e-08 -2.34074224e-02 
 4.43800000e-08 -2.25453008e-02 
 4.44000000e-08 -2.16793032e-02 
 4.44200000e-08 -2.08095771e-02 
 4.44400000e-08 -1.99362706e-02 
 4.44600000e-08 -1.90595331e-02 
 4.44800000e-08 -1.81795147e-02 
 4.45000000e-08 -1.72963667e-02 
 4.45200000e-08 -1.64102408e-02 
 4.45400000e-08 -1.55212899e-02 
 4.45600000e-08 -1.46296674e-02 
 4.45800000e-08 -1.37355277e-02 
 4.46000000e-08 -1.28390256e-02 
 4.46200000e-08 -1.19403166e-02 
 4.46400000e-08 -1.10395570e-02 
 4.46600000e-08 -1.01369034e-02 
 4.46800000e-08 -9.23251291e-03 
 4.47000000e-08 -8.32654327e-03 
 4.47200000e-08 -7.41915251e-03 
 4.47400000e-08 -6.51049904e-03 
 4.47600000e-08 -5.60074160e-03 
 4.47800000e-08 -4.69003920e-03 
 4.48000000e-08 -3.77855107e-03 
 4.48200000e-08 -2.86643663e-03 
 4.48400000e-08 -1.95385542e-03 
 4.48600000e-08 -1.04096708e-03 
 4.48800000e-08 -1.27931294e-04 
 4.49000000e-08  7.85092280e-04 
 4.49200000e-08  1.69794402e-03 
 4.49400000e-08  2.61046441e-03 
 4.49600000e-08  3.52249407e-03 
 4.49800000e-08  4.43387383e-03 
 4.50000000e-08  5.34444473e-03 
 4.50200000e-08  6.25404811e-03 
 4.50400000e-08  7.16252564e-03 
 4.50600000e-08  8.06971935e-03 
 4.50800000e-08  8.97547169e-03 
 4.51000000e-08  9.87962559e-03 
 4.51200000e-08  1.07820245e-02 
 4.51400000e-08  1.16825123e-02 
 4.51600000e-08  1.25809336e-02 
 4.51800000e-08  1.34771336e-02 
 4.52000000e-08  1.43709583e-02 
 4.52200000e-08  1.52622540e-02 
 4.52400000e-08  1.61508684e-02 
 4.52600000e-08  1.70366494e-02 
 4.52800000e-08  1.79194460e-02 
 4.53000000e-08  1.87991082e-02 
 4.53200000e-08  1.96754868e-02 
 4.53400000e-08  2.05484334e-02 
 4.53600000e-08  2.14178009e-02 
 4.53800000e-08  2.22834429e-02 
 4.54000000e-08  2.31452143e-02 
 4.54200000e-08  2.40029710e-02 
 4.54400000e-08  2.48565702e-02 
 4.54600000e-08  2.57058699e-02 
 4.54800000e-08  2.65507297e-02 
 4.55000000e-08  2.73910101e-02 
 4.55200000e-08  2.82265731e-02 
 4.55400000e-08  2.90572819e-02 
 4.55600000e-08  2.98830011e-02 
 4.55800000e-08  3.07035963e-02 
 4.56000000e-08  3.15189350e-02 
 4.56200000e-08  3.23288856e-02 
 4.56400000e-08  3.31333183e-02 
 4.56600000e-08  3.39321046e-02 
 4.56800000e-08  3.47251174e-02 
 4.57000000e-08  3.55122311e-02 
 4.57200000e-08  3.62933218e-02 
 4.57400000e-08  3.70682669e-02 
 4.57600000e-08  3.78369455e-02 
 4.57800000e-08  3.85992382e-02 
 4.58000000e-08  3.93550271e-02 
 4.58200000e-08  4.01041962e-02 
 4.58400000e-08  4.08466307e-02 
 4.58600000e-08  4.15822178e-02 
 4.58800000e-08  4.23108460e-02 
 4.59000000e-08  4.30324058e-02 
 4.59200000e-08  4.37467891e-02 
 4.59400000e-08  4.44538896e-02 
 4.59600000e-08  4.51536026e-02 
 4.59800000e-08  4.58458251e-02 
 4.60000000e-08  4.65304559e-02 
 4.60200000e-08  4.72073954e-02 
 4.60400000e-08  4.78765457e-02 
 4.60600000e-08  4.85378107e-02 
 4.60800000e-08  4.91910958e-02 
 4.61000000e-08  4.98363084e-02 
 4.61200000e-08  5.04733574e-02 
 4.61400000e-08  5.11021535e-02 
 4.61600000e-08  5.17226090e-02 
 4.61800000e-08  5.23346380e-02 
 4.62000000e-08  5.29381564e-02 
 4.62200000e-08  5.35330817e-02 
 4.62400000e-08  5.41193330e-02 
 4.62600000e-08  5.46968312e-02 
 4.62800000e-08  5.52654989e-02 
 4.63000000e-08  5.58252604e-02 
 4.63200000e-08  5.63760416e-02 
 4.63400000e-08  5.69177700e-02 
 4.63600000e-08  5.74503750e-02 
 4.63800000e-08  5.79737874e-02 
 4.64000000e-08  5.84879396e-02 
 4.64200000e-08  5.89927660e-02 
 4.64400000e-08  5.94882022e-02 
 4.64600000e-08  5.99741856e-02 
 4.64800000e-08  6.04506551e-02 
 4.65000000e-08  6.09175513e-02 
 4.65200000e-08  6.13748162e-02 
 4.65400000e-08  6.18223936e-02 
 4.65600000e-08  6.22602286e-02 
 4.65800000e-08  6.26882679e-02 
 4.66000000e-08  6.31064597e-02 
 4.66200000e-08  6.35147536e-02 
 4.66400000e-08  6.39131010e-02 
 4.66600000e-08  6.43014545e-02 
 4.66800000e-08  6.46797681e-02 
 4.67000000e-08  6.50479974e-02 
 4.67200000e-08  6.54060993e-02 
 4.67400000e-08  6.57540323e-02 
 4.67600000e-08  6.60917560e-02 
 4.67800000e-08  6.64192316e-02 
 4.68000000e-08  6.67364215e-02 
 4.68200000e-08  6.70432896e-02 
 4.68400000e-08  6.73398011e-02 
 4.68600000e-08  6.76259224e-02 
 4.68800000e-08  6.79016213e-02 
 4.69000000e-08  6.81668669e-02 
 4.69200000e-08  6.84216294e-02 
 4.69400000e-08  6.86658805e-02 
 4.69600000e-08  6.88995931e-02 
 4.69800000e-08  6.91227411e-02 
 4.70000000e-08  6.93352999e-02 
 4.70200000e-08  6.95372460e-02 
 4.70400000e-08  6.97285571e-02 
 4.70600000e-08  6.99092120e-02 
 4.70800000e-08  7.00791909e-02 
 4.71000000e-08  7.02384750e-02 
 4.71200000e-08  7.03870467e-02 
 4.71400000e-08  7.05248894e-02 
 4.71600000e-08  7.06519880e-02 
 4.71800000e-08  7.07683281e-02 
 4.72000000e-08  7.08738968e-02 
 4.72200000e-08  7.09686820e-02 
 4.72400000e-08  7.10526730e-02 
 4.72600000e-08  7.11258601e-02 
 4.72800000e-08  7.11882346e-02 
 4.73000000e-08  7.12397891e-02 
 4.73200000e-08  7.12805170e-02 
 4.73400000e-08  7.13104132e-02 
 4.73600000e-08  7.13294733e-02 
 4.73800000e-08  7.13376943e-02 
 4.74000000e-08  7.13350742e-02 
 4.74200000e-08  7.13216119e-02 
 4.74400000e-08  7.12973078e-02 
 4.74600000e-08  7.12621630e-02 
 4.74800000e-08  7.12161799e-02 
 4.75000000e-08  7.11593621e-02 
 4.75200000e-08  7.10917141e-02 
 4.75400000e-08  7.10132416e-02 
 4.75600000e-08  7.09239515e-02 
 4.75800000e-08  7.08238517e-02 
 4.76000000e-08  7.07129514e-02 
 4.76200000e-08  7.05912609e-02 
 4.76400000e-08  7.04587915e-02 
 4.76600000e-08  7.03155558e-02 
 4.76800000e-08  7.01615676e-02 
 4.77000000e-08  6.99968418e-02 
 4.77200000e-08  6.98213946e-02 
 4.77400000e-08  6.96352434e-02 
 4.77600000e-08  6.94384066e-02 
 4.77800000e-08  6.92309042e-02 
 4.78000000e-08  6.90127572e-02 
 4.78200000e-08  6.87839879e-02 
 4.78400000e-08  6.85446200e-02 
 4.78600000e-08  6.82946782e-02 
 4.78800000e-08  6.80341889e-02 
 4.79000000e-08  6.77631796e-02 
 4.79200000e-08  6.74816790e-02 
 4.79400000e-08  6.71897175e-02 
 4.79600000e-08  6.68873266e-02 
 4.79800000e-08  6.65745394e-02 
 4.80000000e-08  6.62513901e-02 
 4.80200000e-08  6.59179147e-02 
 4.80400000e-08  6.55741503e-02 
 4.80600000e-08  6.52201356e-02 
 4.80800000e-08  6.48559109e-02 
 4.81000000e-08  6.44815177e-02 
 4.81200000e-08  6.40969993e-02 
 4.81400000e-08  6.37024003e-02 
 4.81600000e-08  6.32977670e-02 
 4.81800000e-08  6.28831470e-02 
 4.82000000e-08  6.24585899e-02 
 4.82200000e-08  6.20241465e-02 
 4.82400000e-08  6.15798693e-02 
 4.82600000e-08  6.11258125e-02 
 4.82800000e-08  6.06620319e-02 
 4.83000000e-08  6.01885850e-02 
 4.83200000e-08  5.97055308e-02 
 4.83400000e-08  5.92129302e-02 
 4.83600000e-08  5.87108455e-02 
 4.83800000e-08  5.81993409e-02 
 4.84000000e-08  5.76784823e-02 
 4.84200000e-08  5.71483374e-02 
 4.84400000e-08  5.66089753e-02 
 4.84600000e-08  5.60604673e-02 
 4.84800000e-08  5.55028860e-02 
 4.85000000e-08  5.49363062e-02 
 4.85200000e-08  5.43608041e-02 
 4.85400000e-08  5.37764579e-02 
 4.85600000e-08  5.31833474e-02 
 4.85800000e-08  5.25815545e-02 
 4.86000000e-08  5.19711624e-02 
 4.86200000e-08  5.13522566e-02 
 4.86400000e-08  5.07249240e-02 
 4.86600000e-08  5.00892536e-02 
 4.86800000e-08  4.94453360e-02 
 4.87000000e-08  4.87932636e-02 
 4.87200000e-08  4.81331306e-02 
 4.87400000e-08  4.74650332e-02 
 4.87600000e-08  4.67890690e-02 
 4.87800000e-08  4.61053378e-02 
 4.88000000e-08  4.54139408e-02 
 4.88200000e-08  4.47149813e-02 
 4.88400000e-08  4.40085640e-02 
 4.88600000e-08  4.32947957e-02 
 4.88800000e-08  4.25737846e-02 
 4.89000000e-08  4.18456410e-02 
 4.89200000e-08  4.11104766e-02 
 4.89400000e-08  4.03684050e-02 
 4.89600000e-08  3.96195413e-02 
 4.89800000e-08  3.88640025e-02 
 4.90000000e-08  3.81019070e-02 
 4.90200000e-08  3.73333750e-02 
 4.90400000e-08  3.65585282e-02 
 4.90600000e-08  3.57774901e-02 
 4.90800000e-08  3.49903855e-02 
 4.91000000e-08  3.41973409e-02 
 4.91200000e-08  3.33984843e-02 
 4.91400000e-08  3.25939452e-02 
 4.91600000e-08  3.17838546e-02 
 4.91800000e-08  3.09683448e-02 
 4.92000000e-08  3.01475498e-02 
 4.92200000e-08  2.93216047e-02 
 4.92400000e-08  2.84906461e-02 
 4.92600000e-08  2.76548119e-02 
 4.92800000e-08  2.68142413e-02 
 4.93000000e-08  2.59690748e-02 
 4.93200000e-08  2.51194540e-02 
 4.93400000e-08  2.42655219e-02 
 4.93600000e-08  2.34074224e-02 
 4.93800000e-08  2.25453008e-02 
 4.94000000e-08  2.16793032e-02 
 4.94200000e-08  2.08095771e-02 
 4.94400000e-08  1.99362706e-02 
 4.94600000e-08  1.90595331e-02 
 4.94800000e-08  1.81795147e-02 
 4.95000000e-08  1.72963667e-02 
 4.95200000e-08  1.64102408e-02 
 4.95400000e-08  1.55212899e-02 
 4.95600000e-08  1.46296674e-02 
 4.95800000e-08  1.37355277e-02 
 4.96000000e-08  1.28390256e-02 
 4.96200000e-08  1.19403166e-02 
 4.96400000e-08  1.10395570e-02 
 4.96600000e-08  1.01369034e-02 
 4.96800000e-08  9.23251291e-03 
 4.97000000e-08  8.32654327e-03 
 4.97200000e-08  7.41915251e-03 
 4.97400000e-08  6.51049904e-03 
 4.97600000e-08  5.60074160e-03 
 4.97800000e-08  4.69003920e-03 
 4.98000000e-08  3.77855107e-03 
 4.98200000e-08  2.86643663e-03 
 4.98400000e-08  1.95385542e-03 
 4.98600000e-08  1.04096708e-03 
 4.98800000e-08  1.27931294e-04 
 4.99000000e-08 -7.85092280e-04 
 4.99200000e-08 -1.69794402e-03 
 4.99400000e-08 -2.61046441e-03 
 4.99600000e-08 -3.52249407e-03 
 4.99800000e-08 -4.43387383e-03 
 5.00000000e-08 -5.34444473e-03 
 5.00200000e-08 -6.25404811e-03 
 5.00400000e-08 -7.16252564e-03 
 5.00600000e-08 -8.06971935e-03 
 5.00800000e-08 -8.97547169e-03 
 5.01000000e-08 -9.87962559e-03 
 5.01200000e-08 -1.07820245e-02 
 5.01400000e-08 -1.16825123e-02 
 5.01600000e-08 -1.25809336e-02 
 5.01800000e-08 -1.34771336e-02 
 5.02000000e-08 -1.43709583e-02 
 5.02200000e-08 -1.52622540e-02 
 5.02400000e-08 -1.61508684e-02 
 5.02600000e-08 -1.70366494e-02 
 5.02800000e-08 -1.79194460e-02 
 5.03000000e-08 -1.87991082e-02 
 5.03200000e-08 -1.96754868e-02 
 5.03400000e-08 -2.05484334e-02 
 5.03600000e-08 -2.14178009e-02 
 5.03800000e-08 -2.22834429e-02 
 5.04000000e-08 -2.31452143e-02 
 5.04200000e-08 -2.40029710e-02 
 5.04400000e-08 -2.48565702e-02 
 5.04600000e-08 -2.57058699e-02 
 5.04800000e-08 -2.65507297e-02 
 5.05000000e-08 -2.73910101e-02 
 5.05200000e-08 -2.82265731e-02 
 5.05400000e-08 -2.90572819e-02 
 5.05600000e-08 -2.98830011e-02 
 5.05800000e-08 -3.07035963e-02 
 5.06000000e-08 -3.15189350e-02 
 5.06200000e-08 -3.23288856e-02 
 5.06400000e-08 -3.31333183e-02 
 5.06600000e-08 -3.39321046e-02 
 5.06800000e-08 -3.47251174e-02 
 5.07000000e-08 -3.55122311e-02 
 5.07200000e-08 -3.62933218e-02 
 5.07400000e-08 -3.70682669e-02 
 5.07600000e-08 -3.78369455e-02 
 5.07800000e-08 -3.85992382e-02 
 5.08000000e-08 -3.93550271e-02 
 5.08200000e-08 -4.01041962e-02 
 5.08400000e-08 -4.08466307e-02 
 5.08600000e-08 -4.15822178e-02 
 5.08800000e-08 -4.23108460e-02 
 5.09000000e-08 -4.30324058e-02 
 5.09200000e-08 -4.37467891e-02 
 5.09400000e-08 -4.44538896e-02 
 5.09600000e-08 -4.51536026e-02 
 5.09800000e-08 -4.58458251e-02 
 5.10000000e-08 -4.65304559e-02 
 5.10200000e-08 -4.72073954e-02 
 5.10400000e-08 -4.78765457e-02 
 5.10600000e-08 -4.85378107e-02 
 5.10800000e-08 -4.91910958e-02 
 5.11000000e-08 -4.98363084e-02 
 5.11200000e-08 -5.04733574e-02 
 5.11400000e-08 -5.11021535e-02 
 5.11600000e-08 -5.17226090e-02 
 5.11800000e-08 -5.23346380e-02 
 5.12000000e-08 -5.29381564e-02 
 5.12200000e-08 -5.35330817e-02 
 5.12400000e-08 -5.41193330e-02 
 5.12600000e-08 -5.46968312e-02 
 5.12800000e-08 -5.52654989e-02 
 5.13000000e-08 -5.58252604e-02 
 5.13200000e-08 -5.63760416e-02 
 5.13400000e-08 -5.69177700e-02 
 5.13600000e-08 -5.74503750e-02 
 5.13800000e-08 -5.79737874e-02 
 5.14000000e-08 -5.84879396e-02 
 5.14200000e-08 -5.89927660e-02 
 5.14400000e-08 -5.94882022e-02 
 5.14600000e-08 -5.99741856e-02 
 5.14800000e-08 -6.04506551e-02 
 5.15000000e-08 -6.09175513e-02 
 5.15200000e-08 -6.13748162e-02 
 5.15400000e-08 -6.18223936e-02 
 5.15600000e-08 -6.22602286e-02 
 5.15800000e-08 -6.26882679e-02 
 5.16000000e-08 -6.31064597e-02 
 5.16200000e-08 -6.35147536e-02 
 5.16400000e-08 -6.39131010e-02 
 5.16600000e-08 -6.43014545e-02 
 5.16800000e-08 -6.46797681e-02 
 5.17000000e-08 -6.50479974e-02 
 5.17200000e-08 -6.54060993e-02 
 5.17400000e-08 -6.57540323e-02 
 5.17600000e-08 -6.60917560e-02 
 5.17800000e-08 -6.64192316e-02 
 5.18000000e-08 -6.67364215e-02 
 5.18200000e-08 -6.70432896e-02 
 5.18400000e-08 -6.73398011e-02 
 5.18600000e-08 -6.76259224e-02 
 5.18800000e-08 -6.79016213e-02 
 5.19000000e-08 -6.81668669e-02 
 5.19200000e-08 -6.84216294e-02 
 5.19400000e-08 -6.86658805e-02 
 5.19600000e-08 -6.88995931e-02 
 5.19800000e-08 -6.91227411e-02 
 5.20000000e-08 -6.93352999e-02 
 5.20200000e-08 -6.95372460e-02 
 5.20400000e-08 -6.97285571e-02 
 5.20600000e-08 -6.99092120e-02 
 5.20800000e-08 -7.00791909e-02 
 5.21000000e-08 -7.02384750e-02 
 5.21200000e-08 -7.03870467e-02 
 5.21400000e-08 -7.05248894e-02 
 5.21600000e-08 -7.06519880e-02 
 5.21800000e-08 -7.07683281e-02 
 5.22000000e-08 -7.08738968e-02 
 5.22200000e-08 -7.09686820e-02 
 5.22400000e-08 -7.10526730e-02 
 5.22600000e-08 -7.11258601e-02 
 5.22800000e-08 -7.11882346e-02 
 5.23000000e-08 -7.12397891e-02 
 5.23200000e-08 -7.12805170e-02 
 5.23400000e-08 -7.13104132e-02 
 5.23600000e-08 -7.13294733e-02 
 5.23800000e-08 -7.13376943e-02 
 5.24000000e-08 -7.13350742e-02 
 5.24200000e-08 -7.13216119e-02 
 5.24400000e-08 -7.12973078e-02 
 5.24600000e-08 -7.12621630e-02 
 5.24800000e-08 -7.12161799e-02 
 5.25000000e-08 -7.11593621e-02 
 5.25200000e-08 -7.10917141e-02 
 5.25400000e-08 -7.10132416e-02 
 5.25600000e-08 -7.09239515e-02 
 5.25800000e-08 -7.08238517e-02 
 5.26000000e-08 -7.07129514e-02 
 5.26200000e-08 -7.05912609e-02 
 5.26400000e-08 -7.04587915e-02 
 5.26600000e-08 -7.03155558e-02 
 5.26800000e-08 -7.01615676e-02 
 5.27000000e-08 -6.99968418e-02 
 5.27200000e-08 -6.98213946e-02 
 5.27400000e-08 -6.96352434e-02 
 5.27600000e-08 -6.94384067e-02 
 5.27800000e-08 -6.92309042e-02 
 5.28000000e-08 -6.90127572e-02 
 5.28200000e-08 -6.87839879e-02 
 5.28400000e-08 -6.85446200e-02 
 5.28600000e-08 -6.82946782e-02 
 5.28800000e-08 -6.80341889e-02 
 5.29000000e-08 -6.77631796e-02 
 5.29200000e-08 -6.74816790e-02 
 5.29400000e-08 -6.71897175e-02 
 5.29600000e-08 -6.68873266e-02 
 5.29800000e-08 -6.65745394e-02 
 5.30000000e-08 -6.62513901e-02 
 5.30200000e-08 -6.59179147e-02 
 5.30400000e-08 -6.55741503e-02 
 5.30600000e-08 -6.52201356e-02 
 5.30800000e-08 -6.48559109e-02 
 5.31000000e-08 -6.44815177e-02 
 5.31200000e-08 -6.40969993e-02 
 5.31400000e-08 -6.37024003e-02 
 5.31600000e-08 -6.32977670e-02 
 5.31800000e-08 -6.28831470e-02 
 5.32000000e-08 -6.24585899e-02 
 5.32200000e-08 -6.20241465e-02 
 5.32400000e-08 -6.15798693e-02 
 5.32600000e-08 -6.11258125e-02 
 5.32800000e-08 -6.06620319e-02 
 5.33000000e-08 -6.01885850e-02 
 5.33200000e-08 -5.97055308e-02 
 5.33400000e-08 -5.92129302e-02 
 5.33600000e-08 -5.87108455e-02 
 5.33800000e-08 -5.81993409e-02 
 5.34000000e-08 -5.76784823e-02 
 5.34200000e-08 -5.71483374e-02 
 5.34400000e-08 -5.66089753e-02 
 5.34600000e-08 -5.60604673e-02 
 5.34800000e-08 -5.55028860e-02 
 5.35000000e-08 -5.49363062e-02 
 5.35200000e-08 -5.43608041e-02 
 5.35400000e-08 -5.37764579e-02 
 5.35600000e-08 -5.31833474e-02 
 5.35800000e-08 -5.25815545e-02 
 5.36000000e-08 -5.19711624e-02 
 5.36200000e-08 -5.13522566e-02 
 5.36400000e-08 -5.07249240e-02 
 5.36600000e-08 -5.00892536e-02 
 5.36800000e-08 -4.94453360e-02 
 5.37000000e-08 -4.87932636e-02 
 5.37200000e-08 -4.81331306e-02 
 5.37400000e-08 -4.74650332e-02 
 5.37600000e-08 -4.67890690e-02 
 5.37800000e-08 -4.61053378e-02 
 5.38000000e-08 -4.54139408e-02 
 5.38200000e-08 -4.47149813e-02 
 5.38400000e-08 -4.40085640e-02 
 5.38600000e-08 -4.32947957e-02 
 5.38800000e-08 -4.25737846e-02 
 5.39000000e-08 -4.18456410e-02 
 5.39200000e-08 -4.11104766e-02 
 5.39400000e-08 -4.03684050e-02 
 5.39600000e-08 -3.96195414e-02 
 5.39800000e-08 -3.88640025e-02 
 5.40000000e-08 -3.81019070e-02 
 5.40200000e-08 -3.73333750e-02 
 5.40400000e-08 -3.65585282e-02 
 5.40600000e-08 -3.57774901e-02 
 5.40800000e-08 -3.49903855e-02 
 5.41000000e-08 -3.41973409e-02 
 5.41200000e-08 -3.33984843e-02 
 5.41400000e-08 -3.25939452e-02 
 5.41600000e-08 -3.17838546e-02 
 5.41800000e-08 -3.09683448e-02 
 5.42000000e-08 -3.01475498e-02 
 5.42200000e-08 -2.93216047e-02 
 5.42400000e-08 -2.84906461e-02 
 5.42600000e-08 -2.76548119e-02 
 5.42800000e-08 -2.68142413e-02 
 5.43000000e-08 -2.59690748e-02 
 5.43200000e-08 -2.51194540e-02 
 5.43400000e-08 -2.42655219e-02 
 5.43600000e-08 -2.34074224e-02 
 5.43800000e-08 -2.25453008e-02 
 5.44000000e-08 -2.16793032e-02 
 5.44200000e-08 -2.08095771e-02 
 5.44400000e-08 -1.99362706e-02 
 5.44600000e-08 -1.90595331e-02 
 5.44800000e-08 -1.81795147e-02 
 5.45000000e-08 -1.72963667e-02 
 5.45200000e-08 -1.64102408e-02 
 5.45400000e-08 -1.55212899e-02 
 5.45600000e-08 -1.46296674e-02 
 5.45800000e-08 -1.37355277e-02 
 5.46000000e-08 -1.28390256e-02 
 5.46200000e-08 -1.19403166e-02 
 5.46400000e-08 -1.10395570e-02 
 5.46600000e-08 -1.01369034e-02 
 5.46800000e-08 -9.23251291e-03 
 5.47000000e-08 -8.32654327e-03 
 5.47200000e-08 -7.41915251e-03 
 5.47400000e-08 -6.51049904e-03 
 5.47600000e-08 -5.60074160e-03 
 5.47800000e-08 -4.69003920e-03 
 5.48000000e-08 -3.77855107e-03 
 5.48200000e-08 -2.86643663e-03 
 5.48400000e-08 -1.95385542e-03 
 5.48600000e-08 -1.04096708e-03 
 5.48800000e-08 -1.27931294e-04 
 5.49000000e-08  7.85092280e-04 
 5.49200000e-08  1.69794402e-03 
 5.49400000e-08  2.61046441e-03 
 5.49600000e-08  3.52249407e-03 
 5.49800000e-08  4.43387383e-03 
 5.50000000e-08  5.34444473e-03 
 5.50200000e-08  6.25404811e-03 
 5.50400000e-08  7.16252564e-03 
 5.50600000e-08  8.06971935e-03 
 5.50800000e-08  8.97547169e-03 
 5.51000000e-08  9.87962559e-03 
 5.51200000e-08  1.07820245e-02 
 5.51400000e-08  1.16825123e-02 
 5.51600000e-08  1.25809336e-02 
 5.51800000e-08  1.34771336e-02 
 5.52000000e-08  1.43709583e-02 
 5.52200000e-08  1.52622540e-02 
 5.52400000e-08  1.61508684e-02 
 5.52600000e-08  1.70366494e-02 
 5.52800000e-08  1.79194460e-02 
 5.53000000e-08  1.87991082e-02 
 5.53200000e-08  1.96754868e-02 
 5.53400000e-08  2.05484334e-02 
 5.53600000e-08  2.14178008e-02 
 5.53800000e-08  2.22834429e-02 
 5.54000000e-08  2.31452143e-02 
 5.54200000e-08  2.40029710e-02 
 5.54400000e-08  2.48565702e-02 
 5.54600000e-08  2.57058699e-02 
 5.54800000e-08  2.65507297e-02 
 5.55000000e-08  2.73910101e-02 
 5.55200000e-08  2.82265731e-02 
 5.55400000e-08  2.90572819e-02 
 5.55600000e-08  2.98830011e-02 
 5.55800000e-08  3.07035963e-02 
 5.56000000e-08  3.15189350e-02 
 5.56200000e-08  3.23288856e-02 
 5.56400000e-08  3.31333183e-02 
 5.56600000e-08  3.39321046e-02 
 5.56800000e-08  3.47251174e-02 
 5.57000000e-08  3.55122311e-02 
 5.57200000e-08  3.62933218e-02 
 5.57400000e-08  3.70682669e-02 
 5.57600000e-08  3.78369455e-02 
 5.57800000e-08  3.85992382e-02 
 5.58000000e-08  3.93550271e-02 
 5.58200000e-08  4.01041962e-02 
 5.58400000e-08  4.08466307e-02 
 5.58600000e-08  4.15822178e-02 
 5.58800000e-08  4.23108460e-02 
 5.59000000e-08  4.30324058e-02 
 5.59200000e-08  4.37467891e-02 
 5.59400000e-08  4.44538896e-02 
 5.59600000e-08  4.51536026e-02 
 5.59800000e-08  4.58458251e-02 
 5.60000000e-08  4.65304559e-02 
 5.60200000e-08  4.72073954e-02 
 5.60400000e-08  4.78765457e-02 
 5.60600000e-08  4.85378107e-02 
 5.60800000e-08  4.91910958e-02 
 5.61000000e-08  4.98363084e-02 
 5.61200000e-08  5.04733574e-02 
 5.61400000e-08  5.11021535e-02 
 5.61600000e-08  5.17226090e-02 
 5.61800000e-08  5.23346380e-02 
 5.62000000e-08  5.29381564e-02 
 5.62200000e-08  5.35330817e-02 
 5.62400000e-08  5.41193330e-02 
 5.62600000e-08  5.46968312e-02 
 5.62800000e-08  5.52654989e-02 
 5.63000000e-08  5.58252604e-02 
 5.63200000e-08  5.63760416e-02 
 5.63400000e-08  5.69177700e-02 
 5.63600000e-08  5.74503750e-02 
 5.63800000e-08  5.79737874e-02 
 5.64000000e-08  5.84879396e-02 
 5.64200000e-08  5.89927660e-02 
 5.64400000e-08  5.94882022e-02 
 5.64600000e-08  5.99741856e-02 
 5.64800000e-08  6.04506551e-02 
 5.65000000e-08  6.09175513e-02 
 5.65200000e-08  6.13748162e-02 
 5.65400000e-08  6.18223936e-02 
 5.65600000e-08  6.22602286e-02 
 5.65800000e-08  6.26882679e-02 
 5.66000000e-08  6.31064597e-02 
 5.66200000e-08  6.35147536e-02 
 5.66400000e-08  6.39131010e-02 
 5.66600000e-08  6.43014545e-02 
 5.66800000e-08  6.46797681e-02 
 5.67000000e-08  6.50479974e-02 
 5.67200000e-08  6.54060993e-02 
 5.67400000e-08  6.57540323e-02 
 5.67600000e-08  6.60917560e-02 
 5.67800000e-08  6.64192316e-02 
 5.68000000e-08  6.67364215e-02 
 5.68200000e-08  6.70432896e-02 
 5.68400000e-08  6.73398011e-02 
 5.68600000e-08  6.76259224e-02 
 5.68800000e-08  6.79016213e-02 
 5.69000000e-08  6.81668669e-02 
 5.69200000e-08  6.84216294e-02 
 5.69400000e-08  6.86658805e-02 
 5.69600000e-08  6.88995931e-02 
 5.69800000e-08  6.91227411e-02 
 5.70000000e-08  6.93352999e-02 
 5.70200000e-08  6.95372460e-02 
 5.70400000e-08  6.97285571e-02 
 5.70600000e-08  6.99092120e-02 
 5.70800000e-08  7.00791909e-02 
 5.71000000e-08  7.02384750e-02 
 5.71200000e-08  7.03870467e-02 
 5.71400000e-08  7.05248894e-02 
 5.71600000e-08  7.06519880e-02 
 5.71800000e-08  7.07683281e-02 
 5.72000000e-08  7.08738968e-02 
 5.72200000e-08  7.09686820e-02 
 5.72400000e-08  7.10526730e-02 
 5.72600000e-08  7.11258601e-02 
 5.72800000e-08  7.11882346e-02 
 5.73000000e-08  7.12397891e-02 
 5.73200000e-08  7.12805170e-02 
 5.73400000e-08  7.13104132e-02 
 5.73600000e-08  7.13294733e-02 
 5.73800000e-08  7.13376943e-02 
 5.74000000e-08  7.13350742e-02 
 5.74200000e-08  7.13216119e-02 
 5.74400000e-08  7.12973078e-02 
 5.74600000e-08  7.12621630e-02 
 5.74800000e-08  7.12161799e-02 
 5.75000000e-08  7.11593621e-02 
 5.75200000e-08  7.10917141e-02 
 5.75400000e-08  7.10132416e-02 
 5.75600000e-08  7.09239515e-02 
 5.75800000e-08  7.08238517e-02 
 5.76000000e-08  7.07129514e-02 
 5.76200000e-08  7.05912609e-02 
 5.76400000e-08  7.04587915e-02 
 5.76600000e-08  7.03155558e-02 
 5.76800000e-08  7.01615676e-02 
 5.77000000e-08  6.99968418e-02 
 5.77200000e-08  6.98213946e-02 
 5.77400000e-08  6.96352434e-02 
 5.77600000e-08  6.94384067e-02 
 5.77800000e-08  6.92309042e-02 
 5.78000000e-08  6.90127572e-02 
 5.78200000e-08  6.87839879e-02 
 5.78400000e-08  6.85446200e-02 
 5.78600000e-08  6.82946782e-02 
 5.78800000e-08  6.80341889e-02 
 5.79000000e-08  6.77631796e-02 
 5.79200000e-08  6.74816790e-02 
 5.79400000e-08  6.71897175e-02 
 5.79600000e-08  6.68873266e-02 
 5.79800000e-08  6.65745394e-02 
 5.80000000e-08  6.62513901e-02 
 5.80200000e-08  6.59179147e-02 
 5.80400000e-08  6.55741503e-02 
 5.80600000e-08  6.52201356e-02 
 5.80800000e-08  6.48559109e-02 
 5.81000000e-08  6.44815177e-02 
 5.81200000e-08  6.40969993e-02 
 5.81400000e-08  6.37024003e-02 
 5.81600000e-08  6.32977670e-02 
 5.81800000e-08  6.28831470e-02 
 5.82000000e-08  6.24585899e-02 
 5.82200000e-08  6.20241465e-02 
 5.82400000e-08  6.15798693e-02 
 5.82600000e-08  6.11258125e-02 
 5.82800000e-08  6.06620319e-02 
 5.83000000e-08  6.01885850e-02 
 5.83200000e-08  5.97055308e-02 
 5.83400000e-08  5.92129302e-02 
 5.83600000e-08  5.87108455e-02 
 5.83800000e-08  5.81993409e-02 
 5.84000000e-08  5.76784823e-02 
 5.84200000e-08  5.71483374e-02 
 5.84400000e-08  5.66089753e-02 
 5.84600000e-08  5.60604673e-02 
 5.84800000e-08  5.55028860e-02 
 5.85000000e-08  5.49363062e-02 
 5.85200000e-08  5.43608041e-02 
 5.85400000e-08  5.37764579e-02 
 5.85600000e-08  5.31833474e-02 
 5.85800000e-08  5.25815545e-02 
 5.86000000e-08  5.19711624e-02 
 5.86200000e-08  5.13522566e-02 
 5.86400000e-08  5.07249240e-02 
 5.86600000e-08  5.00892536e-02 
 5.86800000e-08  4.94453360e-02 
 5.87000000e-08  4.87932636e-02 
 5.87200000e-08  4.81331306e-02 
 5.87400000e-08  4.74650332e-02 
 5.87600000e-08  4.67890690e-02 
 5.87800000e-08  4.61053378e-02 
 5.88000000e-08  4.54139408e-02 
 5.88200000e-08  4.47149813e-02 
 5.88400000e-08  4.40085640e-02 
 5.88600000e-08  4.32947957e-02 
 5.88800000e-08  4.25737846e-02 
 5.89000000e-08  4.18456410e-02 
 5.89200000e-08  4.11104766e-02 
 5.89400000e-08  4.03684050e-02 
 5.89600000e-08  3.96195414e-02 
 5.89800000e-08  3.88640025e-02 
 5.90000000e-08  3.81019070e-02 
 5.90200000e-08  3.73333750e-02 
 5.90400000e-08  3.65585282e-02 
 5.90600000e-08  3.57774901e-02 
 5.90800000e-08  3.49903855e-02 
 5.91000000e-08  3.41973409e-02 
 5.91200000e-08  3.33984843e-02 
 5.91400000e-08  3.25939452e-02 
 5.91600000e-08  3.17838546e-02 
 5.91800000e-08  3.09683448e-02 
 5.92000000e-08  3.01475498e-02 
 5.92200000e-08  2.93216047e-02 
 5.92400000e-08  2.84906461e-02 
 5.92600000e-08  2.76548119e-02 
 5.92800000e-08  2.68142413e-02 
 5.93000000e-08  2.59690748e-02 
 5.93200000e-08  2.51194540e-02 
 5.93400000e-08  2.42655219e-02 
 5.93600000e-08  2.34074224e-02 
 5.93800000e-08  2.25453008e-02 
 5.94000000e-08  2.16793032e-02 
 5.94200000e-08  2.08095771e-02 
 5.94400000e-08  1.99362706e-02 
 5.94600000e-08  1.90595331e-02 
 5.94800000e-08  1.81795147e-02 
 5.95000000e-08  1.72963667e-02 
 5.95200000e-08  1.64102408e-02 
 5.95400000e-08  1.55212899e-02 
 5.95600000e-08  1.46296674e-02 
 5.95800000e-08  1.37355277e-02 
 5.96000000e-08  1.28390256e-02 
 5.96200000e-08  1.19403166e-02 
 5.96400000e-08  1.10395570e-02 
 5.96600000e-08  1.01369034e-02 
 5.96800000e-08  9.23251291e-03 
 5.97000000e-08  8.32654327e-03 
 5.97200000e-08  7.41915251e-03 
 5.97400000e-08  6.51049904e-03 
 5.97600000e-08  5.60074160e-03 
 5.97800000e-08  4.69003920e-03 
 5.98000000e-08  3.77855107e-03 
 5.98200000e-08  2.86643663e-03 
 5.98400000e-08  1.95385542e-03 
 5.98600000e-08  1.04096708e-03 
 5.98800000e-08  1.27931294e-04 
 5.99000000e-08 -7.85092280e-04 
 5.99200000e-08 -1.69794402e-03 
 5.99400000e-08 -2.61046441e-03 
 5.99600000e-08 -3.52249407e-03 
 5.99800000e-08 -4.43387383e-03 
 6.00000000e-08 -5.34454474e-03 
