 1.00000000e+06 -5.78936401e+00  1.01630539e-02 
 1.05932636e+06 -5.78936252e+00  1.07659890e-02 
 1.12217233e+06 -5.78936084e+00  1.14046937e-02 
 1.18874673e+06 -5.78935896e+00  1.20812900e-02 
 1.25927075e+06 -5.78935684e+00  1.27980258e-02 
 1.33397869e+06 -5.78935447e+00  1.35572823e-02 
 1.41311879e+06 -5.78935181e+00  1.43615820e-02 
 1.49695398e+06 -5.78934883e+00  1.52135971e-02 
 1.58576281e+06 -5.78934548e+00  1.61161581e-02 
 1.67984034e+06 -5.78934172e+00  1.70722636e-02 
 1.77949915e+06 -5.78933750e+00  1.80850900e-02 
 1.88507036e+06 -5.78933277e+00  1.91580020e-02 
 1.99690471e+06 -5.78932745e+00  2.02945639e-02 
 2.11537380e+06 -5.78932149e+00  2.14985515e-02 
 2.24087122e+06 -5.78931480e+00  2.27739646e-02 
 2.37381395e+06 -5.78930730e+00  2.41250399e-02 
 2.51464369e+06 -5.78929887e+00  2.55562656e-02 
 2.66382834e+06 -5.78928942e+00  2.70723960e-02 
 2.82186357e+06 -5.78927881e+00  2.86784672e-02 
 2.98927446e+06 -5.78926691e+00  3.03798142e-02 
 3.16661723e+06 -5.78925355e+00  3.21820879e-02 
 3.35448110e+06 -5.78923856e+00  3.40912745e-02 
 3.55349024e+06 -5.78922174e+00  3.61137150e-02 
 3.76430588e+06 -5.78920286e+00  3.82561261e-02 
 3.98762844e+06 -5.78918168e+00  4.05256229e-02 
 4.22419991e+06 -5.78915791e+00  4.29297417e-02 
 4.47480631e+06 -5.78913123e+00  4.54764658e-02 
 4.74028027e+06 -5.78910130e+00  4.81742511e-02 
 5.02150383e+06 -5.78906771e+00  5.10320545e-02 
 5.31941137e+06 -5.78903002e+00  5.40593633e-02 
 5.63499267e+06 -5.78898772e+00  5.72662266e-02 
 5.96929627e+06 -5.78894026e+00  6.06632882e-02 
 6.32343288e+06 -5.78888699e+00  6.42618218e-02 
 6.69857912e+06 -5.78882722e+00  6.80737682e-02 
 7.09598142e+06 -5.78876015e+00  7.21117741e-02 
 7.51696016e+06 -5.78868489e+00  7.63892339e-02 
 7.96291403e+06 -5.78860043e+00  8.09203336e-02 
 8.43532472e+06 -5.78850566e+00  8.57200969e-02 
 8.93576181e+06 -5.78839931e+00  9.08044341e-02 
 9.46588802e+06 -5.78827997e+00  9.61901945e-02 
 1.00274647e+07 -5.78814605e+00  1.01895220e-01 
 1.06223576e+07 -5.78799578e+00  1.07938405e-01 
 1.12525434e+07 -5.78782715e+00  1.14339753e-01 
 1.19201159e+07 -5.78763793e+00  1.21120447e-01 
 1.26272929e+07 -5.78742561e+00  1.28302911e-01 
 1.33764242e+07 -5.78718735e+00  1.35910887e-01 
 1.41699988e+07 -5.78692000e+00  1.43969505e-01 
 1.50106532e+07 -5.78662001e+00  1.52505365e-01 
 1.59011806e+07 -5.78628340e+00  1.61546623e-01 
 1.68445397e+07 -5.78590568e+00  1.71123072e-01 
 1.78438649e+07 -5.78548187e+00  1.81266237e-01 
 1.89024764e+07 -5.78500632e+00  1.92009472e-01 
 2.00238915e+07 -5.78447273e+00  2.03388058e-01 
 2.12118361e+07 -5.78387403e+00  2.15439312e-01 
 2.24702570e+07 -5.78320229e+00  2.28202691e-01 
 2.38033356e+07 -5.78244860e+00  2.41719909e-01 
 2.52155008e+07 -5.78160298e+00  2.56035054e-01 
 2.67114446e+07 -5.78065425e+00  2.71194711e-01 
 2.82961373e+07 -5.77958985e+00  2.87248086e-01 
 2.99748441e+07 -5.77839572e+00  3.04247138e-01 
 3.17531424e+07 -5.77705609e+00  3.22246706e-01 
 3.36369407e+07 -5.77555329e+00  3.41304648e-01 
 3.56324979e+07 -5.77386749e+00  3.61481969e-01 
 3.77464443e+07 -5.77197651e+00  3.82842964e-01 
 3.99858033e+07 -5.76985548e+00  4.05455342e-01 
 4.23580154e+07 -5.76747654e+00  4.29390359e-01 
 4.48709622e+07 -5.76480851e+00  4.54722943e-01 
 4.75329930e+07 -5.76181645e+00  4.81531801e-01 
 5.03529523e+07 -5.75846128e+00  5.09899530e-01 
 5.33402096e+07 -5.75469927e+00  5.39912695e-01 
 5.65046900e+07 -5.75048151e+00  5.71661896e-01 
 5.98569075e+07 -5.74575331e+00  6.05241805e-01 
 6.34079998e+07 -5.74045354e+00  6.40751170e-01 
 6.71697655e+07 -5.73451396e+00  6.78292770e-01 
 7.11547031e+07 -5.72785836e+00  7.17973329e-01 
 7.53760525e+07 -5.72040174e+00  7.59903355e-01 
 7.98478392e+07 -5.71204932e+00  8.04196907e-01 
 8.45849207e+07 -5.70269556e+00  8.50971266e-01 
 8.96030360e+07 -5.69222299e+00  9.00346499e-01 
 9.49188578e+07 -5.68050102e+00  9.52444884e-01 
 1.00550048e+08 -5.66738466e+00  1.00739018e+00 
 1.06515316e+08 -5.65271311e+00  1.06530672e+00 
 1.12834482e+08 -5.63630832e+00  1.12631828e+00 
 1.19528541e+08 -5.61797345e+00  1.19054668e+00 
 1.26619734e+08 -5.59749134e+00  1.25811016e+00 
 1.34131621e+08 -5.57462287e+00  1.32912136e+00 
 1.42089162e+08 -5.54910539e+00  1.40368494e+00 
 1.50518795e+08 -5.52065120e+00  1.48189483e+00 
 1.59448526e+08 -5.48894613e+00  1.56383094e+00 
 1.68908027e+08 -5.45364827e+00  1.64955542e+00 
 1.78928725e+08 -5.41438705e+00  1.73910832e+00 
 1.89543915e+08 -5.37076262e+00  1.83250272e+00 
 2.00788865e+08 -5.32234583e+00  1.92971918e+00 
 2.12700937e+08 -5.26867874e+00  2.03069966e+00 
 2.25319709e+08 -5.20927614e+00  2.13534076e+00 
 2.38687107e+08 -5.14362796e+00  2.24348653e+00 
 2.52847543e+08 -5.07120302e+00  2.35492075e+00 
 2.67848067e+08 -4.99145420e+00  2.46935904e+00 
 2.83738518e+08 -4.90382536e+00  2.58644088e+00 
 3.00571690e+08 -4.80776011e+00  2.70572180e+00 
 3.18403514e+08 -4.70271274e+00  2.82666637e+00 
 3.37293235e+08 -4.58816123e+00  2.94864216e+00 
 3.57303614e+08 -4.46362258e+00  3.07091540e+00 
 3.78501137e+08 -4.32867023e+00  3.19264892e+00 
 4.00956231e+08 -4.18295321e+00  3.31290307e+00 
 4.24743504e+08 -4.02621688e+00  3.43064018e+00 
 4.49941989e+08 -3.85832414e+00  3.54473335e+00 
 4.76635408e+08 -3.67927662e+00  3.65397999e+00 
 5.04912451e+08 -3.48923449e+00  3.75712042e+00 
 5.34867068e+08 -3.28853362e+00  3.85286155e+00 
 5.66598783e+08 -3.07769880e+00  3.93990552e+00 
 6.00213026e+08 -2.85745157e+00  4.01698220e+00 
 6.35821479e+08 -2.62871133e+00  4.08288483e+00 
 6.73542451e+08 -2.39258891e+00  4.13650687e+00 
 7.13501272e+08 -2.15037190e+00  4.17687844e+00 
 7.55830704e+08 -1.90350181e+00  4.20319998e+00 
 8.00671387e+08 -1.65354368e+00  4.21487127e+00 
 8.48172305e+08 -1.40214925e+00  4.21151372e+00 
 8.98491278e+08 -1.15101566e+00  4.19298427e+00 
 9.51795494e+08 -9.01841749e-01  4.15938019e+00 
 1.00826205e+09 -6.56284420e-01  4.11103408e+00 
 1.06807857e+09 -4.15917540e-01  4.04849975e+00 
 1.13144378e+09 -1.82195504e-01  3.97252985e+00 
 1.19856822e+09  4.35767279e-02  3.88404687e+00 
 1.26967491e+09  2.60265944e-01  3.78410959e+00 
 1.34500010e+09  4.66924755e-01  3.67387699e+00 
 1.42479405e+09  6.62797480e-01  3.55457173e+00 
 1.50932190e+09  8.47318425e-01  3.42744527e+00 
 1.59886447e+09  1.02010356e+00  3.29374596e+00 
 1.69371927e+09  1.18093688e+00  3.15469135e+00 
 1.79420147e+09  1.32975281e+00  3.01144557e+00 
 1.90064491e+09  1.46661616e+00  2.86510180e+00 
 2.01340325e+09  1.59170087e+00  2.71667002e+00 
 2.13285113e+09  1.70526863e+00  2.56706967e+00 
 2.25938542e+09  1.80764849e+00  2.41712665e+00 
 2.39342653e+09  1.89921797e+00  2.26757400e+00 
 2.53541981e+09  1.98038619e+00  2.11905575e+00 
 2.68583703e+09  2.05157954e+00  1.97213305e+00 
 2.84517796e+09  2.11322970e+00  1.82729202e+00 
 3.01397201e+09  2.16576435e+00  1.68495275e+00 
 3.19277999e+09  2.20960031e+00  1.54547891e+00 
 3.38219600e+09  2.24513907e+00  1.40918743e+00 
 3.58284937e+09  2.27276450e+00  1.27635798e+00 
 3.79540678e+09  2.29284258e+00  1.14724183e+00 
 4.02057444e+09  2.30572284e+00  1.02206981e+00 
 4.25910048e+09  2.31174129e+00  9.01059150e-01 
 4.51177740e+09  2.31122462e+00  7.84418910e-01 
 4.77944472e+09  2.30449529e+00  6.72353910e-01 
 5.06299177e+09  2.29187713e+00  5.65066968e-01 
 5.36336063e+09  2.27370126e+00  4.62759387e-01 
 5.68154929e+09  2.25031170e+00  3.65629675e-01 
 6.01861492e+09  2.22207047e+00  2.73870578e-01 
 6.37567742e+09  2.18936165e+00  1.87664574e-01 
 6.75392314e+09  2.15259406e+00  1.07178111e-01 
 7.15460881e+09  2.11220228e+00  3.25549525e-02 
 7.57906569e+09  2.06864572e+00 -3.60909222e-02 
 8.02870406e+09  2.02240574e+00 -9.86823328e-02 
 8.50501783e+09  1.97398075e+00 -1.55185294e-01 
 9.00958956e+09  1.92387961e+00 -2.05614268e-01 
 9.54409570e+09  1.87261364e+00 -2.50035816e-01 
 1.01103121e+10  1.82068760e+00 -2.88570317e-01 
 1.07101201e+10  1.76859046e+00 -3.21391568e-01 
 1.13455126e+10  1.71678623e+00 -3.48724230e-01 
 1.20186005e+10  1.66570559e+00 -3.70839292e-01 
 1.27316203e+10  1.61573880e+00 -3.88047835e-01 
 1.34869410e+10  1.56723018e+00 -4.00693510e-01 
 1.42870721e+10  1.52047431e+00 -4.09144211e-01 
 1.51346720e+10  1.47571428e+00 -4.13783431e-01 
 1.60325570e+10  1.43314160e+00 -4.15001774e-01 
 1.69837102e+10  1.39289777e+00 -4.13189024e-01 
 1.79912919e+10  1.35507725e+00 -4.08727074e-01 
 1.90586497e+10  1.31973139e+00 -4.01983932e-01 
 2.01893300e+10  1.28687316e+00 -3.93308923e-01 
 2.13870894e+10  1.25648216e+00 -3.83029080e-01 
 2.26559075e+10  1.22850987e+00 -3.71446705e-01 
 2.40000000e+10  1.20288467e+00 -3.58837954e-01 
