 0.00000000e+00  0.00000000e+00 
 2.00000000e-11 -4.74099548e-05 
 4.00000000e-11 -1.33146681e-04 
 6.00000000e-11 -2.18750958e-04 
 8.00000000e-11 -3.04210276e-04 
 1.00000000e-10 -3.89530985e-04 
 1.20000000e-10 -4.74696846e-04 
 1.40000000e-10 -5.59707298e-04 
 1.60000000e-10 -6.44548587e-04 
 1.80000000e-10 -7.29217654e-04 
 2.00000000e-10 -8.13701079e-04 
 2.20000000e-10 -8.97994606e-04 
 2.40000000e-10 -9.82084616e-04 
 2.60000000e-10 -1.06596608e-03 
 2.80000000e-10 -1.14962510e-03 
 3.00000000e-10 -1.23305604e-03 
 3.20000000e-10 -1.31624473e-03 
 3.40000000e-10 -1.39918507e-03 
 3.60000000e-10 -1.48186266e-03 
 3.80000000e-10 -1.56427098e-03 
 4.00000000e-10 -1.64639547e-03 
 4.20000000e-10 -1.72822925e-03 
 4.40000000e-10 -1.80975766e-03 
 4.60000000e-10 -1.89097351e-03 
 4.80000000e-10 -1.97186207e-03 
 5.00000000e-10 -2.05241591e-03 
 5.20000000e-10 -2.13262027e-03 
 5.40000000e-10 -2.21246749e-03 
 5.60000000e-10 -2.29194284e-03 
 5.80000000e-10 -2.37103847e-03 
 6.00000000e-10 -2.44973970e-03 
 6.20000000e-10 -2.52803854e-03 
 6.40000000e-10 -2.60592037e-03 
 6.60000000e-10 -2.68337711e-03 
 6.80000000e-10 -2.76039422e-03 
 7.00000000e-10 -2.83696355e-03 
 7.20000000e-10 -2.91307066e-03 
 7.40000000e-10 -2.98870736e-03 
 7.60000000e-10 -3.06385935e-03 
 7.80000000e-10 -3.13851840e-03 
 8.00000000e-10 -3.21267037e-03 
 8.20000000e-10 -3.28630703e-03 
 8.40000000e-10 -3.35941440e-03 
 8.60000000e-10 -3.43198426e-03 
 8.80000000e-10 -3.50400284e-03 
 9.00000000e-10 -3.57546192e-03 
 9.20000000e-10 -3.64634795e-03 
 9.40000000e-10 -3.71665276e-03 
 9.60000000e-10 -3.78636299e-03 
 9.80000000e-10 -3.85547057e-03 
 1.00000000e-09 -3.92396234e-03 
 1.02000000e-09 -3.99183030e-03 
 1.04000000e-09 -4.05906155e-03 
 1.06000000e-09 -4.12564818e-03 
 1.08000000e-09 -4.19157752e-03 
 1.10000000e-09 -4.25684178e-03 
 1.12000000e-09 -4.32142853e-03 
 1.14000000e-09 -4.38533010e-03 
 1.16000000e-09 -4.44853433e-03 
 1.18000000e-09 -4.51103368e-03 
 1.20000000e-09 -4.57281625e-03 
 1.22000000e-09 -4.63387465e-03 
 1.24000000e-09 -4.69419726e-03 
 1.26000000e-09 -4.75377683e-03 
 1.28000000e-09 -4.81260202e-03 
 1.30000000e-09 -4.87066575e-03 
 1.32000000e-09 -4.92795698e-03 
 1.34000000e-09 -4.98446878e-03 
 1.36000000e-09 -5.04019040e-03 
 1.38000000e-09 -5.09511512e-03 
 1.40000000e-09 -5.14923247e-03 
 1.42000000e-09 -5.20253591e-03 
 1.44000000e-09 -5.25501528e-03 
 1.46000000e-09 -5.30666425e-03 
 1.48000000e-09 -5.35747295e-03 
 1.50000000e-09 -5.40743527e-03 
 1.52000000e-09 -5.45654165e-03 
 1.54000000e-09 -5.50478618e-03 
 1.56000000e-09 -5.55215963e-03 
 1.58000000e-09 -5.59865630e-03 
 1.60000000e-09 -5.64426728e-03 
 1.62000000e-09 -5.68898710e-03 
 1.64000000e-09 -5.73280717e-03 
 1.66000000e-09 -5.77572226e-03 
 1.68000000e-09 -5.81772410e-03 
 1.70000000e-09 -5.85880770e-03 
 1.72000000e-09 -5.89896512e-03 
 1.74000000e-09 -5.93819161e-03 
 1.76000000e-09 -5.97647956e-03 
 1.78000000e-09 -6.01382448e-03 
 1.80000000e-09 -6.05021910e-03 
 1.82000000e-09 -6.08565917e-03 
 1.84000000e-09 -6.12013776e-03 
 1.86000000e-09 -6.15365087e-03 
 1.88000000e-09 -6.18619193e-03 
 1.90000000e-09 -6.21775721e-03 
 1.92000000e-09 -6.24834045e-03 
 1.94000000e-09 -6.27793821e-03 
 1.96000000e-09 -6.30654457e-03 
 1.98000000e-09 -6.33415636e-03 
 2.00000000e-09 -6.36076802e-03 
 2.02000000e-09 -6.38637663e-03 
 2.04000000e-09 -6.41097699e-03 
 2.06000000e-09 -6.43456647e-03 
 2.08000000e-09 -6.45714021e-03 
 2.10000000e-09 -6.47869586e-03 
 2.12000000e-09 -6.49922890e-03 
 2.14000000e-09 -6.51873729e-03 
 2.16000000e-09 -6.53721685e-03 
 2.18000000e-09 -6.55466582e-03 
 2.20000000e-09 -6.57108039e-03 
 2.22000000e-09 -6.58645908e-03 
 2.24000000e-09 -6.60079843e-03 
 2.26000000e-09 -6.61409725e-03 
 2.28000000e-09 -6.62635245e-03 
 2.30000000e-09 -6.63756314e-03 
 2.32000000e-09 -6.64772656e-03 
 2.34000000e-09 -6.65684211e-03 
 2.36000000e-09 -6.66490742e-03 
 2.38000000e-09 -6.67192218e-03 
 2.40000000e-09 -6.67788436e-03 
 2.42000000e-09 -6.68279395e-03 
 2.44000000e-09 -6.68664928e-03 
 2.46000000e-09 -6.68945066e-03 
 2.48000000e-09 -6.69119675e-03 
 2.50000000e-09 -6.69188816e-03 
 2.52000000e-09 -6.69152393e-03 
 2.54000000e-09 -6.69010495e-03 
 2.56000000e-09 -6.68763062e-03 
 2.58000000e-09 -6.68410214e-03 
 2.60000000e-09 -6.67951925e-03 
 2.62000000e-09 -6.67388348e-03 
 2.64000000e-09 -6.66719490e-03 
 2.66000000e-09 -6.65945534e-03 
 2.68000000e-09 -6.65066524e-03 
 2.70000000e-09 -6.64082672e-03 
 2.72000000e-09 -6.62994057e-03 
 2.74000000e-09 -6.61800924e-03 
 2.76000000e-09 -6.60503384e-03 
 2.78000000e-09 -6.59101712e-03 
 2.80000000e-09 -6.57596056e-03 
 2.82000000e-09 -6.55986720e-03 
 2.84000000e-09 -6.54273887e-03 
 2.86000000e-09 -6.52457892e-03 
 2.88000000e-09 -6.50538950e-03 
 2.90000000e-09 -6.48517428e-03 
 2.92000000e-09 -6.46393574e-03 
 2.94000000e-09 -6.44167787e-03 
 2.96000000e-09 -6.41840348e-03 
 2.98000000e-09 -6.39411684e-03 
 3.00000000e-09 -6.36882112e-03 
 3.02000000e-09 -6.34252088e-03 
 3.04000000e-09 -6.31521962e-03 
 3.06000000e-09 -6.28692220e-03 
 3.08000000e-09 -6.25763246e-03 
 3.10000000e-09 -6.22735554e-03 
 3.12000000e-09 -6.19609560e-03 
 3.14000000e-09 -6.16385810e-03 
 3.16000000e-09 -6.13064751e-03 
 3.18000000e-09 -6.09646957e-03 
 3.20000000e-09 -6.06132909e-03 
 3.22000000e-09 -6.02523208e-03 
 3.24000000e-09 -5.98818368e-03 
 3.26000000e-09 -5.95019018e-03 
 3.28000000e-09 -5.91125702e-03 
 3.30000000e-09 -5.87139080e-03 
 3.32000000e-09 -5.83059726e-03 
 3.34000000e-09 -5.78888328e-03 
 3.36000000e-09 -5.74625489e-03 
 3.38000000e-09 -5.70271924e-03 
 3.40000000e-09 -5.65828270e-03 
 3.42000000e-09 -5.61295268e-03 
 3.44000000e-09 -5.56673581e-03 
 3.46000000e-09 -5.51963981e-03 
 3.48000000e-09 -5.47167160e-03 
 3.50000000e-09 -5.42283914e-03 
 3.52000000e-09 -5.37314965e-03 
 3.54000000e-09 -5.32261136e-03 
 3.56000000e-09 -5.27123176e-03 
 3.58000000e-09 -5.21901934e-03 
 3.60000000e-09 -5.16598188e-03 
 3.62000000e-09 -5.11212810e-03 
 3.64000000e-09 -5.05746607e-03 
 3.66000000e-09 -5.00200476e-03 
 3.68000000e-09 -4.94575249e-03 
 3.70000000e-09 -4.88871848e-03 
 3.72000000e-09 -4.83091131e-03 
 3.74000000e-09 -4.77234045e-03 
 3.76000000e-09 -4.71301473e-03 
 3.78000000e-09 -4.65294384e-03 
 3.80000000e-09 -4.59213687e-03 
 3.82000000e-09 -4.53060374e-03 
 3.84000000e-09 -4.46835379e-03 
 3.86000000e-09 -4.40539714e-03 
 3.88000000e-09 -4.34174338e-03 
 3.90000000e-09 -4.27740286e-03 
 3.92000000e-09 -4.21238538e-03 
 3.94000000e-09 -4.14670150e-03 
 3.96000000e-09 -4.08036126e-03 
 3.98000000e-09 -4.01337542e-03 
 4.00000000e-09 -3.94575422e-03 
 4.02000000e-09 -3.87750865e-03 
 4.04000000e-09 -3.80864914e-03 
 4.06000000e-09 -3.73918686e-03 
 4.08000000e-09 -3.66913248e-03 
 4.10000000e-09 -3.59849733e-03 
 4.12000000e-09 -3.52729228e-03 
 4.14000000e-09 -3.45552885e-03 
 4.16000000e-09 -3.38321807e-03 
 4.18000000e-09 -3.31037166e-03 
 4.20000000e-09 -3.23700084e-03 
 4.22000000e-09 -3.16311747e-03 
 4.24000000e-09 -3.08873295e-03 
 4.26000000e-09 -3.01385930e-03 
 4.28000000e-09 -2.93850809e-03 
 4.30000000e-09 -2.86269150e-03 
 4.32000000e-09 -2.78642125e-03 
 4.34000000e-09 -2.70970965e-03 
 4.36000000e-09 -2.63256859e-03 
 4.38000000e-09 -2.55501051e-03 
 4.40000000e-09 -2.47704744e-03 
 4.42000000e-09 -2.39869196e-03 
 4.44000000e-09 -2.31995622e-03 
 4.46000000e-09 -2.24085293e-03 
 4.48000000e-09 -2.16139437e-03 
 4.50000000e-09 -2.08159335e-03 
 4.52000000e-09 -2.00146227e-03 
 4.54000000e-09 -1.92101406e-03 
 4.56000000e-09 -1.84026123e-03 
 4.58000000e-09 -1.75921678e-03 
 4.60000000e-09 -1.67789335e-03 
 4.62000000e-09 -1.59630403e-03 
 4.64000000e-09 -1.51446153e-03 
 4.66000000e-09 -1.43237902e-03 
 4.68000000e-09 -1.35006932e-03 
 4.70000000e-09 -1.26754567e-03 
 4.72000000e-09 -1.18482095e-03 
 4.74000000e-09 -1.10190847e-03 
 4.76000000e-09 -1.01882118e-03 
 4.78000000e-09 -9.35572435e-04 
 4.80000000e-09 -8.52175256e-04 
 4.82000000e-09 -7.68643044e-04 
 4.84000000e-09 -6.84988867e-04 
 4.86000000e-09 -6.01226164e-04 
 4.88000000e-09 -5.17368046e-04 
 4.90000000e-09 -4.33427980e-04 
 4.92000000e-09 -3.49419111e-04 
 4.94000000e-09 -2.65354926e-04 
 4.96000000e-09 -1.81248595e-04 
 4.98000000e-09 -9.71136175e-05 
 5.00000000e-09 -1.29631780e-05 
 5.02000000e-09  7.11892212e-05 
 5.04000000e-09  1.55330387e-04 
 5.06000000e-09  2.39446825e-04 
 5.08000000e-09  3.23525343e-04 
 5.10000000e-09  4.07552459e-04 
 5.12000000e-09  4.91514995e-04 
 5.14000000e-09  5.75399490e-04 
 5.16000000e-09  6.59192785e-04 
 5.18000000e-09  7.42881453e-04 
 5.20000000e-09  8.26452361e-04 
 5.22000000e-09  9.09892123e-04 
 5.24000000e-09  9.93187644e-04 
 5.26000000e-09  1.07632559e-03 
 5.28000000e-09  1.15929290e-03 
 5.30000000e-09  1.24207630e-03 
 5.32000000e-09  1.32466281e-03 
 5.34000000e-09  1.40703919e-03 
 5.36000000e-09  1.48919253e-03 
 5.38000000e-09  1.57110967e-03 
 5.40000000e-09  1.65277777e-03 
 5.42000000e-09  1.73418376e-03 
 5.44000000e-09  1.81531487e-03 
 5.46000000e-09  1.89615813e-03 
 5.48000000e-09  1.97670084e-03 
 5.50000000e-09  2.05693015e-03 
 5.52000000e-09  2.13683345e-03 
 5.54000000e-09  2.21639800e-03 
 5.56000000e-09  2.29561130e-03 
 5.58000000e-09  2.37446070e-03 
 5.60000000e-09  2.45293384e-03 
 5.62000000e-09  2.53101819e-03 
 5.64000000e-09  2.60870151e-03 
 5.66000000e-09  2.68597139e-03 
 5.68000000e-09  2.76281574e-03 
 5.70000000e-09  2.83922228e-03 
 5.72000000e-09  2.91517904e-03 
 5.74000000e-09  2.99067391e-03 
 5.76000000e-09  3.06569507e-03 
 5.78000000e-09  3.14023055e-03 
 5.80000000e-09  3.21426868e-03 
 5.82000000e-09  3.28779766e-03 
 5.84000000e-09  3.36080598e-03 
 5.86000000e-09  3.43328202e-03 
 5.88000000e-09  3.50521442e-03 
 5.90000000e-09  3.57659173e-03 
 5.92000000e-09  3.64740279e-03 
 5.94000000e-09  3.71763634e-03 
 5.96000000e-09  3.78728137e-03 
 5.98000000e-09  3.85632682e-03 
 6.00000000e-09  3.92476189e-03 
 6.02000000e-09  3.99257570e-03 
 6.04000000e-09  4.05975764e-03 
 6.06000000e-09  4.12629705e-03 
 6.08000000e-09  4.19218352e-03 
 6.10000000e-09  4.25740659e-03 
 6.12000000e-09  4.32195608e-03 
 6.14000000e-09  4.38582173e-03 
 6.16000000e-09  4.44899358e-03 
 6.18000000e-09  4.51146160e-03 
 6.20000000e-09  4.57321603e-03 
 6.22000000e-09  4.63424710e-03 
 6.24000000e-09  4.69454526e-03 
 6.26000000e-09  4.75410097e-03 
 6.28000000e-09  4.81290494e-03 
 6.30000000e-09  4.87094784e-03 
 6.32000000e-09  4.92822064e-03 
 6.34000000e-09  4.98471426e-03 
 6.36000000e-09  5.04041989e-03 
 6.38000000e-09  5.09532872e-03 
 6.40000000e-09  5.14943219e-03 
 6.42000000e-09  5.20272175e-03 
 6.44000000e-09  5.25518910e-03 
 6.46000000e-09  5.30682593e-03 
 6.48000000e-09  5.35762422e-03 
 6.50000000e-09  5.40757592e-03 
 6.52000000e-09  5.45667327e-03 
 6.54000000e-09  5.50490852e-03 
 6.56000000e-09  5.55227415e-03 
 6.58000000e-09  5.59876269e-03 
 6.60000000e-09  5.64436691e-03 
 6.62000000e-09  5.68907962e-03 
 6.64000000e-09  5.73289385e-03 
 6.66000000e-09  5.77580270e-03 
 6.68000000e-09  5.81779949e-03 
 6.70000000e-09  5.85887762e-03 
 6.72000000e-09  5.89903069e-03 
 6.74000000e-09  5.93825237e-03 
 6.76000000e-09  5.97653658e-03 
 6.78000000e-09  6.01387728e-03 
 6.80000000e-09  6.05026868e-03 
 6.82000000e-09  6.08570503e-03 
 6.84000000e-09  6.12018085e-03 
 6.86000000e-09  6.15369070e-03 
 6.88000000e-09  6.18622939e-03 
 6.90000000e-09  6.21779179e-03 
 6.92000000e-09  6.24837300e-03 
 6.94000000e-09  6.27796822e-03 
 6.96000000e-09  6.30657285e-03 
 6.98000000e-09  6.33418240e-03 
 7.00000000e-09  6.36079258e-03 
 7.02000000e-09  6.38639921e-03 
 7.04000000e-09  6.41099832e-03 
 7.06000000e-09  6.43458604e-03 
 7.08000000e-09  6.45715872e-03 
 7.10000000e-09  6.47871281e-03 
 7.12000000e-09  6.49924497e-03 
 7.14000000e-09  6.51875196e-03 
 7.16000000e-09  6.53723079e-03 
 7.18000000e-09  6.55467852e-03 
 7.20000000e-09  6.57109247e-03 
 7.22000000e-09  6.58647005e-03 
 7.24000000e-09  6.60080890e-03 
 7.26000000e-09  6.61410673e-03 
 7.28000000e-09  6.62636152e-03 
 7.30000000e-09  6.63757131e-03 
 7.32000000e-09  6.64773440e-03 
 7.34000000e-09  6.65684916e-03 
 7.36000000e-09  6.66491421e-03 
 7.38000000e-09  6.67192825e-03 
 7.40000000e-09  6.67789022e-03 
 7.42000000e-09  6.68279917e-03 
 7.44000000e-09  6.68665435e-03 
 7.46000000e-09  6.68945514e-03 
 7.48000000e-09  6.69120112e-03 
 7.50000000e-09  6.69189200e-03 
 7.52000000e-09  6.69152770e-03 
 7.54000000e-09  6.69010823e-03 
 7.56000000e-09  6.68763386e-03 
 7.58000000e-09  6.68410494e-03 
 7.60000000e-09  6.67952205e-03 
 7.62000000e-09  6.67388586e-03 
 7.64000000e-09  6.66719730e-03 
 7.66000000e-09  6.65945736e-03 
 7.68000000e-09  6.65066729e-03 
 7.70000000e-09  6.64082843e-03 
 7.72000000e-09  6.62994233e-03 
 7.74000000e-09  6.61801067e-03 
 7.76000000e-09  6.60503534e-03 
 7.78000000e-09  6.59101832e-03 
 7.80000000e-09  6.57596184e-03 
 7.82000000e-09  6.55986821e-03 
 7.84000000e-09  6.54273996e-03 
 7.86000000e-09  6.52457975e-03 
 7.88000000e-09  6.50539042e-03 
 7.90000000e-09  6.48517496e-03 
 7.92000000e-09  6.46393652e-03 
 7.94000000e-09  6.44167842e-03 
 7.96000000e-09  6.41840413e-03 
 7.98000000e-09  6.39411728e-03 
 8.00000000e-09  6.36882167e-03 
 8.02000000e-09  6.34252122e-03 
 8.04000000e-09  6.31522008e-03 
 8.06000000e-09  6.28692247e-03 
 8.08000000e-09  6.25763284e-03 
 8.10000000e-09  6.22735574e-03 
 8.12000000e-09  6.19609592e-03 
 8.14000000e-09  6.16385824e-03 
 8.16000000e-09  6.13064777e-03 
 8.18000000e-09  6.09646967e-03 
 8.20000000e-09  6.06132930e-03 
 8.22000000e-09  6.02523213e-03 
 8.24000000e-09  5.98818384e-03 
 8.26000000e-09  5.95019019e-03 
 8.28000000e-09  5.91125715e-03 
 8.30000000e-09  5.87139079e-03 
 8.32000000e-09  5.83059736e-03 
 8.34000000e-09  5.78888324e-03 
 8.36000000e-09  5.74625496e-03 
 8.38000000e-09  5.70271919e-03 
 8.40000000e-09  5.65828275e-03 
 8.42000000e-09  5.61295260e-03 
 8.44000000e-09  5.56673585e-03 
 8.46000000e-09  5.51963972e-03 
 8.48000000e-09  5.47167162e-03 
 8.50000000e-09  5.42283904e-03 
 8.52000000e-09  5.37314966e-03 
 8.54000000e-09  5.32261125e-03 
 8.56000000e-09  5.27123176e-03 
 8.58000000e-09  5.21901923e-03 
 8.60000000e-09  5.16598187e-03 
 8.62000000e-09  5.11212799e-03 
 8.64000000e-09  5.05746606e-03 
 8.66000000e-09  5.00200464e-03 
 8.68000000e-09  4.94575247e-03 
 8.70000000e-09  4.88871836e-03 
 8.72000000e-09  4.83091129e-03 
 8.74000000e-09  4.77234033e-03 
 8.76000000e-09  4.71301470e-03 
 8.78000000e-09  4.65294372e-03 
 8.80000000e-09  4.59213685e-03 
 8.82000000e-09  4.53060363e-03 
 8.84000000e-09  4.46835376e-03 
 8.86000000e-09  4.40539703e-03 
 8.88000000e-09  4.34174336e-03 
 8.90000000e-09  4.27740275e-03 
 8.92000000e-09  4.21238535e-03 
 8.94000000e-09  4.14670139e-03 
 8.96000000e-09  4.08036123e-03 
 8.98000000e-09  4.01337531e-03 
 9.00000000e-09  3.94575420e-03 
 9.02000000e-09  3.87750854e-03 
 9.04000000e-09  3.80864912e-03 
 9.06000000e-09  3.73918677e-03 
 9.08000000e-09  3.66913246e-03 
 9.10000000e-09  3.59849724e-03 
 9.12000000e-09  3.52729226e-03 
 9.14000000e-09  3.45552875e-03 
 9.16000000e-09  3.38321806e-03 
 9.18000000e-09  3.31037157e-03 
 9.20000000e-09  3.23700082e-03 
 9.22000000e-09  3.16311738e-03 
 9.24000000e-09  3.08873293e-03 
 9.26000000e-09  3.01385922e-03 
 9.28000000e-09  2.93850808e-03 
 9.30000000e-09  2.86269142e-03 
 9.32000000e-09  2.78642123e-03 
 9.34000000e-09  2.70970957e-03 
 9.36000000e-09  2.63256858e-03 
 9.38000000e-09  2.55501044e-03 
 9.40000000e-09  2.47704743e-03 
 9.42000000e-09  2.39869189e-03 
 9.44000000e-09  2.31995622e-03 
 9.46000000e-09  2.24085286e-03 
 9.48000000e-09  2.16139437e-03 
 9.50000000e-09  2.08159329e-03 
 9.52000000e-09  2.00146227e-03 
 9.54000000e-09  1.92101400e-03 
 9.56000000e-09  1.84026123e-03 
 9.58000000e-09  1.75921673e-03 
 9.60000000e-09  1.67789336e-03 
 9.62000000e-09  1.59630398e-03 
 9.64000000e-09  1.51446153e-03 
 9.66000000e-09  1.43237897e-03 
 9.68000000e-09  1.35006933e-03 
 9.70000000e-09  1.26754563e-03 
 9.72000000e-09  1.18482096e-03 
 9.74000000e-09  1.10190843e-03 
 9.76000000e-09  1.01882119e-03 
 9.78000000e-09  9.35572395e-04 
 9.80000000e-09  8.52175265e-04 
 9.82000000e-09  7.68643008e-04 
 9.84000000e-09  6.84988878e-04 
 9.86000000e-09  6.01226130e-04 
 9.88000000e-09  5.17368058e-04 
 9.90000000e-09  4.33427948e-04 
 9.92000000e-09  3.49419123e-04 
 9.94000000e-09  2.65354896e-04 
 9.96000000e-09  1.81248609e-04 
 9.98000000e-09  9.71135899e-05 
 1.00000000e-08  1.29631926e-05 
 1.00200000e-08 -7.11892466e-05 
 1.00400000e-08 -1.55330372e-04 
 1.00600000e-08 -2.39446849e-04 
 1.00800000e-08 -3.23525327e-04 
 1.01000000e-08 -4.07552481e-04 
 1.01200000e-08 -4.91514978e-04 
 1.01400000e-08 -5.75399510e-04 
 1.01600000e-08 -6.59192768e-04 
 1.01800000e-08 -7.42881472e-04 
 1.02000000e-08 -8.26452343e-04 
 1.02200000e-08 -9.09892140e-04 
 1.02400000e-08 -9.93187625e-04 
 1.02600000e-08 -1.07632560e-03 
 1.02800000e-08 -1.15929288e-03 
 1.03000000e-08 -1.24207632e-03 
 1.03200000e-08 -1.32466279e-03 
 1.03400000e-08 -1.40703920e-03 
 1.03600000e-08 -1.48919251e-03 
 1.03800000e-08 -1.57110968e-03 
 1.04000000e-08 -1.65277775e-03 
 1.04200000e-08 -1.73418377e-03 
 1.04400000e-08 -1.81531485e-03 
 1.04600000e-08 -1.89615814e-03 
 1.04800000e-08 -1.97670082e-03 
 1.05000000e-08 -2.05693016e-03 
 1.05200000e-08 -2.13683343e-03 
 1.05400000e-08 -2.21639801e-03 
 1.05600000e-08 -2.29561127e-03 
 1.05800000e-08 -2.37446071e-03 
 1.06000000e-08 -2.45293382e-03 
 1.06200000e-08 -2.53101820e-03 
 1.06400000e-08 -2.60870148e-03 
 1.06600000e-08 -2.68597140e-03 
 1.06800000e-08 -2.76281571e-03 
 1.07000000e-08 -2.83922228e-03 
 1.07200000e-08 -2.91517902e-03 
 1.07400000e-08 -2.99067392e-03 
 1.07600000e-08 -3.06569505e-03 
 1.07800000e-08 -3.14023055e-03 
 1.08000000e-08 -3.21426866e-03 
 1.08200000e-08 -3.28779767e-03 
 1.08400000e-08 -3.36080596e-03 
 1.08600000e-08 -3.43328202e-03 
 1.08800000e-08 -3.50521439e-03 
 1.09000000e-08 -3.57659174e-03 
 1.09200000e-08 -3.64740277e-03 
 1.09400000e-08 -3.71763634e-03 
 1.09600000e-08 -3.78728135e-03 
 1.09800000e-08 -3.85632682e-03 
 1.10000000e-08 -3.92476187e-03 
 1.10200000e-08 -3.99257570e-03 
 1.10400000e-08 -4.05975762e-03 
 1.10600000e-08 -4.12629705e-03 
 1.10800000e-08 -4.19218350e-03 
 1.11000000e-08 -4.25740659e-03 
 1.11200000e-08 -4.32195606e-03 
 1.11400000e-08 -4.38582173e-03 
 1.11600000e-08 -4.44899356e-03 
 1.11800000e-08 -4.51146160e-03 
 1.12000000e-08 -4.57321601e-03 
 1.12200000e-08 -4.63424710e-03 
 1.12400000e-08 -4.69454524e-03 
 1.12600000e-08 -4.75410097e-03 
 1.12800000e-08 -4.81290492e-03 
 1.13000000e-08 -4.87094784e-03 
 1.13200000e-08 -4.92822062e-03 
 1.13400000e-08 -4.98471426e-03 
 1.13600000e-08 -5.04041987e-03 
 1.13800000e-08 -5.09532872e-03 
 1.14000000e-08 -5.14943217e-03 
 1.14200000e-08 -5.20272175e-03 
 1.14400000e-08 -5.25518908e-03 
 1.14600000e-08 -5.30682593e-03 
 1.14800000e-08 -5.35762420e-03 
 1.15000000e-08 -5.40757592e-03 
 1.15200000e-08 -5.45667326e-03 
 1.15400000e-08 -5.50490852e-03 
 1.15600000e-08 -5.55227414e-03 
 1.15800000e-08 -5.59876269e-03 
 1.16000000e-08 -5.64436690e-03 
 1.16200000e-08 -5.68907961e-03 
 1.16400000e-08 -5.73289383e-03 
 1.16600000e-08 -5.77580269e-03 
 1.16800000e-08 -5.81779948e-03 
 1.17000000e-08 -5.85887762e-03 
 1.17200000e-08 -5.89903067e-03 
 1.17400000e-08 -5.93825237e-03 
 1.17600000e-08 -5.97653657e-03 
 1.17800000e-08 -6.01387728e-03 
 1.18000000e-08 -6.05026866e-03 
 1.18200000e-08 -6.08570503e-03 
 1.18400000e-08 -6.12018084e-03 
 1.18600000e-08 -6.15369070e-03 
 1.18800000e-08 -6.18622938e-03 
 1.19000000e-08 -6.21779179e-03 
 1.19200000e-08 -6.24837299e-03 
 1.19400000e-08 -6.27796822e-03 
 1.19600000e-08 -6.30657284e-03 
 1.19800000e-08 -6.33418240e-03 
 1.20000000e-08 -6.36079257e-03 
 1.20200000e-08 -6.38639921e-03 
 1.20400000e-08 -6.41099831e-03 
 1.20600000e-08 -6.43458604e-03 
 1.20800000e-08 -6.45715871e-03 
 1.21000000e-08 -6.47871280e-03 
 1.21200000e-08 -6.49924495e-03 
 1.21400000e-08 -6.51875196e-03 
 1.21600000e-08 -6.53723077e-03 
 1.21800000e-08 -6.55467851e-03 
 1.22000000e-08 -6.57109246e-03 
 1.22200000e-08 -6.58647005e-03 
 1.22400000e-08 -6.60080888e-03 
 1.22600000e-08 -6.61410673e-03 
 1.22800000e-08 -6.62636151e-03 
 1.23000000e-08 -6.63757131e-03 
 1.23200000e-08 -6.64773439e-03 
 1.23400000e-08 -6.65684916e-03 
 1.23600000e-08 -6.66491420e-03 
 1.23800000e-08 -6.67192825e-03 
 1.24000000e-08 -6.67789021e-03 
 1.24200000e-08 -6.68279917e-03 
 1.24400000e-08 -6.68665434e-03 
 1.24600000e-08 -6.68945514e-03 
 1.24800000e-08 -6.69120111e-03 
 1.25000000e-08 -6.69189200e-03 
 1.25200000e-08 -6.69152769e-03 
 1.25400000e-08 -6.69010823e-03 
 1.25600000e-08 -6.68763385e-03 
 1.25800000e-08 -6.68410494e-03 
 1.26000000e-08 -6.67952204e-03 
 1.26200000e-08 -6.67388586e-03 
 1.26400000e-08 -6.66719729e-03 
 1.26600000e-08 -6.65945736e-03 
 1.26800000e-08 -6.65066728e-03 
 1.27000000e-08 -6.64082843e-03 
 1.27200000e-08 -6.62994232e-03 
 1.27400000e-08 -6.61801067e-03 
 1.27600000e-08 -6.60503533e-03 
 1.27800000e-08 -6.59101832e-03 
 1.28000000e-08 -6.57596183e-03 
 1.28200000e-08 -6.55986820e-03 
 1.28400000e-08 -6.54273995e-03 
 1.28600000e-08 -6.52457975e-03 
 1.28800000e-08 -6.50539041e-03 
 1.29000000e-08 -6.48517496e-03 
 1.29200000e-08 -6.46393652e-03 
 1.29400000e-08 -6.44167842e-03 
 1.29600000e-08 -6.41840413e-03 
 1.29800000e-08 -6.39411728e-03 
 1.30000000e-08 -6.36882166e-03 
 1.30200000e-08 -6.34252122e-03 
 1.30400000e-08 -6.31522007e-03 
 1.30600000e-08 -6.28692247e-03 
 1.30800000e-08 -6.25763283e-03 
 1.31000000e-08 -6.22735574e-03 
 1.31200000e-08 -6.19609591e-03 
 1.31400000e-08 -6.16385824e-03 
 1.31600000e-08 -6.13064776e-03 
 1.31800000e-08 -6.09646967e-03 
 1.32000000e-08 -6.06132929e-03 
 1.32200000e-08 -6.02523213e-03 
 1.32400000e-08 -5.98818384e-03 
 1.32600000e-08 -5.95019019e-03 
 1.32800000e-08 -5.91125715e-03 
 1.33000000e-08 -5.87139079e-03 
 1.33200000e-08 -5.83059736e-03 
 1.33400000e-08 -5.78888324e-03 
 1.33600000e-08 -5.74625496e-03 
 1.33800000e-08 -5.70271919e-03 
 1.34000000e-08 -5.65828275e-03 
 1.34200000e-08 -5.61295260e-03 
 1.34400000e-08 -5.56673585e-03 
 1.34600000e-08 -5.51963972e-03 
 1.34800000e-08 -5.47167162e-03 
 1.35000000e-08 -5.42283904e-03 
 1.35200000e-08 -5.37314966e-03 
 1.35400000e-08 -5.32261125e-03 
 1.35600000e-08 -5.27123176e-03 
 1.35800000e-08 -5.21901923e-03 
 1.36000000e-08 -5.16598187e-03 
 1.36200000e-08 -5.11212799e-03 
 1.36400000e-08 -5.05746605e-03 
 1.36600000e-08 -5.00200464e-03 
 1.36800000e-08 -4.94575246e-03 
 1.37000000e-08 -4.88871836e-03 
 1.37200000e-08 -4.83091129e-03 
 1.37400000e-08 -4.77234033e-03 
 1.37600000e-08 -4.71301470e-03 
 1.37800000e-08 -4.65294372e-03 
 1.38000000e-08 -4.59213684e-03 
 1.38200000e-08 -4.53060363e-03 
 1.38400000e-08 -4.46835376e-03 
 1.38600000e-08 -4.40539703e-03 
 1.38800000e-08 -4.34174335e-03 
 1.39000000e-08 -4.27740275e-03 
 1.39200000e-08 -4.21238535e-03 
 1.39400000e-08 -4.14670139e-03 
 1.39600000e-08 -4.08036123e-03 
 1.39800000e-08 -4.01337531e-03 
 1.40000000e-08 -3.94575420e-03 
 1.40200000e-08 -3.87750854e-03 
 1.40400000e-08 -3.80864911e-03 
 1.40600000e-08 -3.73918677e-03 
 1.40800000e-08 -3.66913246e-03 
 1.41000000e-08 -3.59849724e-03 
 1.41200000e-08 -3.52729226e-03 
 1.41400000e-08 -3.45552875e-03 
 1.41600000e-08 -3.38321805e-03 
 1.41800000e-08 -3.31037157e-03 
 1.42000000e-08 -3.23700082e-03 
 1.42200000e-08 -3.16311738e-03 
 1.42400000e-08 -3.08873293e-03 
 1.42600000e-08 -3.01385922e-03 
 1.42800000e-08 -2.93850808e-03 
 1.43000000e-08 -2.86269142e-03 
 1.43200000e-08 -2.78642123e-03 
 1.43400000e-08 -2.70970957e-03 
 1.43600000e-08 -2.63256857e-03 
 1.43800000e-08 -2.55501044e-03 
 1.44000000e-08 -2.47704743e-03 
 1.44200000e-08 -2.39869189e-03 
 1.44400000e-08 -2.31995622e-03 
 1.44600000e-08 -2.24085287e-03 
 1.44800000e-08 -2.16139436e-03 
 1.45000000e-08 -2.08159329e-03 
 1.45200000e-08 -2.00146227e-03 
 1.45400000e-08 -1.92101401e-03 
 1.45600000e-08 -1.84026123e-03 
 1.45800000e-08 -1.75921673e-03 
 1.46000000e-08 -1.67789335e-03 
 1.46200000e-08 -1.59630398e-03 
 1.46400000e-08 -1.51446153e-03 
 1.46600000e-08 -1.43237898e-03 
 1.46800000e-08 -1.35006933e-03 
 1.47000000e-08 -1.26754563e-03 
 1.47200000e-08 -1.18482096e-03 
 1.47400000e-08 -1.10190843e-03 
 1.47600000e-08 -1.01882118e-03 
 1.47800000e-08 -9.35572397e-04 
 1.48000000e-08 -8.52175263e-04 
 1.48200000e-08 -7.68643009e-04 
 1.48400000e-08 -6.84988876e-04 
 1.48600000e-08 -6.01226131e-04 
 1.48800000e-08 -5.17368056e-04 
 1.49000000e-08 -4.33427949e-04 
 1.49200000e-08 -3.49419122e-04 
 1.49400000e-08 -2.65354898e-04 
 1.49600000e-08 -1.81248607e-04 
 1.49800000e-08 -9.71135913e-05 
 1.50000000e-08 -1.29631910e-05 
 1.50200000e-08  7.11892452e-05 
 1.50400000e-08  1.55330373e-04 
 1.50600000e-08  2.39446847e-04 
 1.50800000e-08  3.23525328e-04 
 1.51000000e-08  4.07552480e-04 
 1.51200000e-08  4.91514979e-04 
 1.51400000e-08  5.75399509e-04 
 1.51600000e-08  6.59192769e-04 
 1.51800000e-08  7.42881470e-04 
 1.52000000e-08  8.26452344e-04 
 1.52200000e-08  9.09892139e-04 
 1.52400000e-08  9.93187626e-04 
 1.52600000e-08  1.07632560e-03 
 1.52800000e-08  1.15929288e-03 
 1.53000000e-08  1.24207632e-03 
 1.53200000e-08  1.32466279e-03 
 1.53400000e-08  1.40703920e-03 
 1.53600000e-08  1.48919251e-03 
 1.53800000e-08  1.57110968e-03 
 1.54000000e-08  1.65277775e-03 
 1.54200000e-08  1.73418377e-03 
 1.54400000e-08  1.81531485e-03 
 1.54600000e-08  1.89615814e-03 
 1.54800000e-08  1.97670082e-03 
 1.55000000e-08  2.05693016e-03 
 1.55200000e-08  2.13683343e-03 
 1.55400000e-08  2.21639801e-03 
 1.55600000e-08  2.29561128e-03 
 1.55800000e-08  2.37446071e-03 
 1.56000000e-08  2.45293382e-03 
 1.56200000e-08  2.53101820e-03 
 1.56400000e-08  2.60870149e-03 
 1.56600000e-08  2.68597140e-03 
 1.56800000e-08  2.76281571e-03 
 1.57000000e-08  2.83922228e-03 
 1.57200000e-08  2.91517902e-03 
 1.57400000e-08  2.99067392e-03 
 1.57600000e-08  3.06569505e-03 
 1.57800000e-08  3.14023055e-03 
 1.58000000e-08  3.21426866e-03 
 1.58200000e-08  3.28779766e-03 
 1.58400000e-08  3.36080596e-03 
 1.58600000e-08  3.43328202e-03 
 1.58800000e-08  3.50521440e-03 
 1.59000000e-08  3.57659174e-03 
 1.59200000e-08  3.64740277e-03 
 1.59400000e-08  3.71763634e-03 
 1.59600000e-08  3.78728135e-03 
 1.59800000e-08  3.85632682e-03 
 1.60000000e-08  3.92476187e-03 
 1.60200000e-08  3.99257569e-03 
 1.60400000e-08  4.05975762e-03 
 1.60600000e-08  4.12629705e-03 
 1.60800000e-08  4.19218350e-03 
 1.61000000e-08  4.25740659e-03 
 1.61200000e-08  4.32195606e-03 
 1.61400000e-08  4.38582173e-03 
 1.61600000e-08  4.44899356e-03 
 1.61800000e-08  4.51146160e-03 
 1.62000000e-08  4.57321601e-03 
 1.62200000e-08  4.63424710e-03 
 1.62400000e-08  4.69454524e-03 
 1.62600000e-08  4.75410097e-03 
 1.62800000e-08  4.81290492e-03 
 1.63000000e-08  4.87094784e-03 
 1.63200000e-08  4.92822062e-03 
 1.63400000e-08  4.98471425e-03 
 1.63600000e-08  5.04041987e-03 
 1.63800000e-08  5.09532872e-03 
 1.64000000e-08  5.14943218e-03 
 1.64200000e-08  5.20272175e-03 
 1.64400000e-08  5.25518908e-03 
 1.64600000e-08  5.30682593e-03 
 1.64800000e-08  5.35762420e-03 
 1.65000000e-08  5.40757592e-03 
 1.65200000e-08  5.45667326e-03 
 1.65400000e-08  5.50490852e-03 
 1.65600000e-08  5.55227414e-03 
 1.65800000e-08  5.59876269e-03 
 1.66000000e-08  5.64436690e-03 
 1.66200000e-08  5.68907961e-03 
 1.66400000e-08  5.73289383e-03 
 1.66600000e-08  5.77580269e-03 
 1.66800000e-08  5.81779948e-03 
 1.67000000e-08  5.85887762e-03 
 1.67200000e-08  5.89903067e-03 
 1.67400000e-08  5.93825237e-03 
 1.67600000e-08  5.97653657e-03 
 1.67800000e-08  6.01387728e-03 
 1.68000000e-08  6.05026866e-03 
 1.68200000e-08  6.08570503e-03 
 1.68400000e-08  6.12018084e-03 
 1.68600000e-08  6.15369070e-03 
 1.68800000e-08  6.18622938e-03 
 1.69000000e-08  6.21779178e-03 
 1.69200000e-08  6.24837299e-03 
 1.69400000e-08  6.27796822e-03 
 1.69600000e-08  6.30657284e-03 
 1.69800000e-08  6.33418239e-03 
 1.70000000e-08  6.36079257e-03 
 1.70200000e-08  6.38639921e-03 
 1.70400000e-08  6.41099831e-03 
 1.70600000e-08  6.43458604e-03 
 1.70800000e-08  6.45715871e-03 
 1.71000000e-08  6.47871280e-03 
 1.71200000e-08  6.49924496e-03 
 1.71400000e-08  6.51875196e-03 
 1.71600000e-08  6.53723077e-03 
 1.71800000e-08  6.55467851e-03 
 1.72000000e-08  6.57109246e-03 
 1.72200000e-08  6.58647005e-03 
 1.72400000e-08  6.60080889e-03 
 1.72600000e-08  6.61410673e-03 
 1.72800000e-08  6.62636151e-03 
 1.73000000e-08  6.63757131e-03 
 1.73200000e-08  6.64773439e-03 
 1.73400000e-08  6.65684916e-03 
 1.73600000e-08  6.66491420e-03 
 1.73800000e-08  6.67192825e-03 
 1.74000000e-08  6.67789021e-03 
 1.74200000e-08  6.68279917e-03 
 1.74400000e-08  6.68665434e-03 
 1.74600000e-08  6.68945514e-03 
 1.74800000e-08  6.69120111e-03 
 1.75000000e-08  6.69189200e-03 
 1.75200000e-08  6.69152769e-03 
 1.75400000e-08  6.69010823e-03 
 1.75600000e-08  6.68763385e-03 
 1.75800000e-08  6.68410494e-03 
 1.76000000e-08  6.67952204e-03 
 1.76200000e-08  6.67388586e-03 
 1.76400000e-08  6.66719729e-03 
 1.76600000e-08  6.65945736e-03 
 1.76800000e-08  6.65066728e-03 
 1.77000000e-08  6.64082843e-03 
 1.77200000e-08  6.62994233e-03 
 1.77400000e-08  6.61801067e-03 
 1.77600000e-08  6.60503533e-03 
 1.77800000e-08  6.59101832e-03 
 1.78000000e-08  6.57596183e-03 
 1.78200000e-08  6.55986820e-03 
 1.78400000e-08  6.54273995e-03 
 1.78600000e-08  6.52457974e-03 
 1.78800000e-08  6.50539041e-03 
 1.79000000e-08  6.48517495e-03 
 1.79200000e-08  6.46393652e-03 
 1.79400000e-08  6.44167842e-03 
 1.79600000e-08  6.41840413e-03 
 1.79800000e-08  6.39411728e-03 
 1.80000000e-08  6.36882166e-03 
 1.80200000e-08  6.34252122e-03 
 1.80400000e-08  6.31522007e-03 
 1.80600000e-08  6.28692247e-03 
 1.80800000e-08  6.25763283e-03 
 1.81000000e-08  6.22735574e-03 
 1.81200000e-08  6.19609591e-03 
 1.81400000e-08  6.16385824e-03 
 1.81600000e-08  6.13064776e-03 
 1.81800000e-08  6.09646966e-03 
 1.82000000e-08  6.06132929e-03 
 1.82200000e-08  6.02523213e-03 
 1.82400000e-08  5.98818384e-03 
 1.82600000e-08  5.95019019e-03 
 1.82800000e-08  5.91125715e-03 
 1.83000000e-08  5.87139079e-03 
 1.83200000e-08  5.83059736e-03 
 1.83400000e-08  5.78888324e-03 
 1.83600000e-08  5.74625496e-03 
 1.83800000e-08  5.70271919e-03 
 1.84000000e-08  5.65828275e-03 
 1.84200000e-08  5.61295260e-03 
 1.84400000e-08  5.56673585e-03 
 1.84600000e-08  5.51963972e-03 
 1.84800000e-08  5.47167162e-03 
 1.85000000e-08  5.42283904e-03 
 1.85200000e-08  5.37314966e-03 
 1.85400000e-08  5.32261125e-03 
 1.85600000e-08  5.27123176e-03 
 1.85800000e-08  5.21901923e-03 
 1.86000000e-08  5.16598187e-03 
 1.86200000e-08  5.11212799e-03 
 1.86400000e-08  5.05746605e-03 
 1.86600000e-08  5.00200464e-03 
 1.86800000e-08  4.94575246e-03 
 1.87000000e-08  4.88871836e-03 
 1.87200000e-08  4.83091129e-03 
 1.87400000e-08  4.77234033e-03 
 1.87600000e-08  4.71301470e-03 
 1.87800000e-08  4.65294372e-03 
 1.88000000e-08  4.59213684e-03 
 1.88200000e-08  4.53060363e-03 
 1.88400000e-08  4.46835376e-03 
 1.88600000e-08  4.40539703e-03 
 1.88800000e-08  4.34174335e-03 
 1.89000000e-08  4.27740275e-03 
 1.89200000e-08  4.21238535e-03 
 1.89400000e-08  4.14670139e-03 
 1.89600000e-08  4.08036123e-03 
 1.89800000e-08  4.01337531e-03 
 1.90000000e-08  3.94575420e-03 
 1.90200000e-08  3.87750854e-03 
 1.90400000e-08  3.80864911e-03 
 1.90600000e-08  3.73918677e-03 
 1.90800000e-08  3.66913246e-03 
 1.91000000e-08  3.59849724e-03 
 1.91200000e-08  3.52729226e-03 
 1.91400000e-08  3.45552875e-03 
 1.91600000e-08  3.38321805e-03 
 1.91800000e-08  3.31037157e-03 
 1.92000000e-08  3.23700082e-03 
 1.92200000e-08  3.16311738e-03 
 1.92400000e-08  3.08873293e-03 
 1.92600000e-08  3.01385922e-03 
 1.92800000e-08  2.93850808e-03 
 1.93000000e-08  2.86269142e-03 
 1.93200000e-08  2.78642123e-03 
 1.93400000e-08  2.70970957e-03 
 1.93600000e-08  2.63256858e-03 
 1.93800000e-08  2.55501044e-03 
 1.94000000e-08  2.47704743e-03 
 1.94200000e-08  2.39869189e-03 
 1.94400000e-08  2.31995622e-03 
 1.94600000e-08  2.24085287e-03 
 1.94800000e-08  2.16139436e-03 
 1.95000000e-08  2.08159329e-03 
 1.95200000e-08  2.00146227e-03 
 1.95400000e-08  1.92101400e-03 
 1.95600000e-08  1.84026123e-03 
 1.95800000e-08  1.75921673e-03 
 1.96000000e-08  1.67789335e-03 
 1.96200000e-08  1.59630398e-03 
 1.96400000e-08  1.51446153e-03 
 1.96600000e-08  1.43237898e-03 
 1.96800000e-08  1.35006933e-03 
 1.97000000e-08  1.26754563e-03 
 1.97200000e-08  1.18482096e-03 
 1.97400000e-08  1.10190843e-03 
 1.97600000e-08  1.01882118e-03 
 1.97800000e-08  9.35572396e-04 
 1.98000000e-08  8.52175264e-04 
 1.98200000e-08  7.68643009e-04 
 1.98400000e-08  6.84988876e-04 
 1.98600000e-08  6.01226131e-04 
 1.98800000e-08  5.17368056e-04 
 1.99000000e-08  4.33427949e-04 
 1.99200000e-08  3.49419122e-04 
 1.99400000e-08  2.65354897e-04 
 1.99600000e-08  1.81248607e-04 
 1.99800000e-08  9.71135912e-05 
 2.00000000e-08  1.29631914e-05 
 2.00200000e-08 -7.11892455e-05 
 2.00400000e-08 -1.55330373e-04 
 2.00600000e-08 -2.39446848e-04 
 2.00800000e-08 -3.23525328e-04 
 2.01000000e-08 -4.07552480e-04 
 2.01200000e-08 -4.91514979e-04 
 2.01400000e-08 -5.75399509e-04 
 2.01600000e-08 -6.59192769e-04 
 2.01800000e-08 -7.42881470e-04 
 2.02000000e-08 -8.26452344e-04 
 2.02200000e-08 -9.09892139e-04 
 2.02400000e-08 -9.93187627e-04 
 2.02600000e-08 -1.07632560e-03 
 2.02800000e-08 -1.15929288e-03 
 2.03000000e-08 -1.24207632e-03 
 2.03200000e-08 -1.32466279e-03 
 2.03400000e-08 -1.40703920e-03 
 2.03600000e-08 -1.48919251e-03 
 2.03800000e-08 -1.57110968e-03 
 2.04000000e-08 -1.65277775e-03 
 2.04200000e-08 -1.73418377e-03 
 2.04400000e-08 -1.81531485e-03 
 2.04600000e-08 -1.89615814e-03 
 2.04800000e-08 -1.97670082e-03 
 2.05000000e-08 -2.05693016e-03 
 2.05200000e-08 -2.13683343e-03 
 2.05400000e-08 -2.21639801e-03 
 2.05600000e-08 -2.29561127e-03 
 2.05800000e-08 -2.37446071e-03 
 2.06000000e-08 -2.45293382e-03 
 2.06200000e-08 -2.53101820e-03 
 2.06400000e-08 -2.60870149e-03 
 2.06600000e-08 -2.68597140e-03 
 2.06800000e-08 -2.76281571e-03 
 2.07000000e-08 -2.83922228e-03 
 2.07200000e-08 -2.91517902e-03 
 2.07400000e-08 -2.99067392e-03 
 2.07600000e-08 -3.06569505e-03 
 2.07800000e-08 -3.14023055e-03 
 2.08000000e-08 -3.21426866e-03 
 2.08200000e-08 -3.28779766e-03 
 2.08400000e-08 -3.36080596e-03 
 2.08600000e-08 -3.43328202e-03 
 2.08800000e-08 -3.50521440e-03 
 2.09000000e-08 -3.57659174e-03 
 2.09200000e-08 -3.64740277e-03 
 2.09400000e-08 -3.71763634e-03 
 2.09600000e-08 -3.78728135e-03 
 2.09800000e-08 -3.85632682e-03 
 2.10000000e-08 -3.92476187e-03 
 2.10200000e-08 -3.99257569e-03 
 2.10400000e-08 -4.05975762e-03 
 2.10600000e-08 -4.12629705e-03 
 2.10800000e-08 -4.19218350e-03 
 2.11000000e-08 -4.25740659e-03 
 2.11200000e-08 -4.32195606e-03 
 2.11400000e-08 -4.38582173e-03 
 2.11600000e-08 -4.44899356e-03 
 2.11800000e-08 -4.51146160e-03 
 2.12000000e-08 -4.57321601e-03 
 2.12200000e-08 -4.63424710e-03 
 2.12400000e-08 -4.69454524e-03 
 2.12600000e-08 -4.75410097e-03 
 2.12800000e-08 -4.81290492e-03 
 2.13000000e-08 -4.87094784e-03 
 2.13200000e-08 -4.92822062e-03 
 2.13400000e-08 -4.98471426e-03 
 2.13600000e-08 -5.04041987e-03 
 2.13800000e-08 -5.09532872e-03 
 2.14000000e-08 -5.14943217e-03 
 2.14200000e-08 -5.20272175e-03 
 2.14400000e-08 -5.25518908e-03 
 2.14600000e-08 -5.30682593e-03 
 2.14800000e-08 -5.35762420e-03 
 2.15000000e-08 -5.40757592e-03 
 2.15200000e-08 -5.45667326e-03 
 2.15400000e-08 -5.50490852e-03 
 2.15600000e-08 -5.55227414e-03 
 2.15800000e-08 -5.59876269e-03 
 2.16000000e-08 -5.64436690e-03 
 2.16200000e-08 -5.68907961e-03 
 2.16400000e-08 -5.73289383e-03 
 2.16600000e-08 -5.77580269e-03 
 2.16800000e-08 -5.81779948e-03 
 2.17000000e-08 -5.85887762e-03 
 2.17200000e-08 -5.89903067e-03 
 2.17400000e-08 -5.93825237e-03 
 2.17600000e-08 -5.97653657e-03 
 2.17800000e-08 -6.01387728e-03 
 2.18000000e-08 -6.05026866e-03 
 2.18200000e-08 -6.08570503e-03 
 2.18400000e-08 -6.12018084e-03 
 2.18600000e-08 -6.15369070e-03 
 2.18800000e-08 -6.18622938e-03 
 2.19000000e-08 -6.21779178e-03 
 2.19200000e-08 -6.24837299e-03 
 2.19400000e-08 -6.27796822e-03 
 2.19600000e-08 -6.30657284e-03 
 2.19800000e-08 -6.33418239e-03 
 2.20000000e-08 -6.36079257e-03 
 2.20200000e-08 -6.38639921e-03 
 2.20400000e-08 -6.41099831e-03 
 2.20600000e-08 -6.43458604e-03 
 2.20800000e-08 -6.45715871e-03 
 2.21000000e-08 -6.47871280e-03 
 2.21200000e-08 -6.49924496e-03 
 2.21400000e-08 -6.51875196e-03 
 2.21600000e-08 -6.53723077e-03 
 2.21800000e-08 -6.55467851e-03 
 2.22000000e-08 -6.57109246e-03 
 2.22200000e-08 -6.58647005e-03 
 2.22400000e-08 -6.60080889e-03 
 2.22600000e-08 -6.61410673e-03 
 2.22800000e-08 -6.62636151e-03 
 2.23000000e-08 -6.63757131e-03 
 2.23200000e-08 -6.64773439e-03 
 2.23400000e-08 -6.65684916e-03 
 2.23600000e-08 -6.66491420e-03 
 2.23800000e-08 -6.67192825e-03 
 2.24000000e-08 -6.67789021e-03 
 2.24200000e-08 -6.68279917e-03 
 2.24400000e-08 -6.68665434e-03 
 2.24600000e-08 -6.68945514e-03 
 2.24800000e-08 -6.69120111e-03 
 2.25000000e-08 -6.69189200e-03 
 2.25200000e-08 -6.69152769e-03 
 2.25400000e-08 -6.69010823e-03 
 2.25600000e-08 -6.68763385e-03 
 2.25800000e-08 -6.68410494e-03 
 2.26000000e-08 -6.67952204e-03 
 2.26200000e-08 -6.67388586e-03 
 2.26400000e-08 -6.66719729e-03 
 2.26600000e-08 -6.65945736e-03 
 2.26800000e-08 -6.65066728e-03 
 2.27000000e-08 -6.64082843e-03 
 2.27200000e-08 -6.62994232e-03 
 2.27400000e-08 -6.61801067e-03 
 2.27600000e-08 -6.60503533e-03 
 2.27800000e-08 -6.59101832e-03 
 2.28000000e-08 -6.57596183e-03 
 2.28200000e-08 -6.55986820e-03 
 2.28400000e-08 -6.54273995e-03 
 2.28600000e-08 -6.52457975e-03 
 2.28800000e-08 -6.50539041e-03 
 2.29000000e-08 -6.48517495e-03 
 2.29200000e-08 -6.46393652e-03 
 2.29400000e-08 -6.44167842e-03 
 2.29600000e-08 -6.41840413e-03 
 2.29800000e-08 -6.39411728e-03 
 2.30000000e-08 -6.36882166e-03 
 2.30200000e-08 -6.34252122e-03 
 2.30400000e-08 -6.31522007e-03 
 2.30600000e-08 -6.28692247e-03 
 2.30800000e-08 -6.25763283e-03 
 2.31000000e-08 -6.22735574e-03 
 2.31200000e-08 -6.19609591e-03 
 2.31400000e-08 -6.16385824e-03 
 2.31600000e-08 -6.13064776e-03 
 2.31800000e-08 -6.09646967e-03 
 2.32000000e-08 -6.06132929e-03 
 2.32200000e-08 -6.02523213e-03 
 2.32400000e-08 -5.98818384e-03 
 2.32600000e-08 -5.95019019e-03 
 2.32800000e-08 -5.91125715e-03 
 2.33000000e-08 -5.87139079e-03 
 2.33200000e-08 -5.83059736e-03 
 2.33400000e-08 -5.78888324e-03 
 2.33600000e-08 -5.74625496e-03 
 2.33800000e-08 -5.70271919e-03 
 2.34000000e-08 -5.65828275e-03 
 2.34200000e-08 -5.61295260e-03 
 2.34400000e-08 -5.56673585e-03 
 2.34600000e-08 -5.51963972e-03 
 2.34800000e-08 -5.47167162e-03 
 2.35000000e-08 -5.42283904e-03 
 2.35200000e-08 -5.37314966e-03 
 2.35400000e-08 -5.32261125e-03 
 2.35600000e-08 -5.27123176e-03 
 2.35800000e-08 -5.21901923e-03 
 2.36000000e-08 -5.16598187e-03 
 2.36200000e-08 -5.11212799e-03 
 2.36400000e-08 -5.05746605e-03 
 2.36600000e-08 -5.00200464e-03 
 2.36800000e-08 -4.94575246e-03 
 2.37000000e-08 -4.88871836e-03 
 2.37200000e-08 -4.83091129e-03 
 2.37400000e-08 -4.77234033e-03 
 2.37600000e-08 -4.71301470e-03 
 2.37800000e-08 -4.65294372e-03 
 2.38000000e-08 -4.59213684e-03 
 2.38200000e-08 -4.53060363e-03 
 2.38400000e-08 -4.46835376e-03 
 2.38600000e-08 -4.40539703e-03 
 2.38800000e-08 -4.34174335e-03 
 2.39000000e-08 -4.27740275e-03 
 2.39200000e-08 -4.21238535e-03 
 2.39400000e-08 -4.14670139e-03 
 2.39600000e-08 -4.08036123e-03 
 2.39800000e-08 -4.01337531e-03 
 2.40000000e-08 -3.94575420e-03 
 2.40200000e-08 -3.87750854e-03 
 2.40400000e-08 -3.80864911e-03 
 2.40600000e-08 -3.73918677e-03 
 2.40800000e-08 -3.66913246e-03 
 2.41000000e-08 -3.59849724e-03 
 2.41200000e-08 -3.52729226e-03 
 2.41400000e-08 -3.45552875e-03 
 2.41600000e-08 -3.38321805e-03 
 2.41800000e-08 -3.31037157e-03 
 2.42000000e-08 -3.23700082e-03 
 2.42200000e-08 -3.16311738e-03 
 2.42400000e-08 -3.08873293e-03 
 2.42600000e-08 -3.01385922e-03 
 2.42800000e-08 -2.93850808e-03 
 2.43000000e-08 -2.86269142e-03 
 2.43200000e-08 -2.78642123e-03 
 2.43400000e-08 -2.70970957e-03 
 2.43600000e-08 -2.63256857e-03 
 2.43800000e-08 -2.55501044e-03 
 2.44000000e-08 -2.47704743e-03 
 2.44200000e-08 -2.39869189e-03 
 2.44400000e-08 -2.31995622e-03 
 2.44600000e-08 -2.24085287e-03 
 2.44800000e-08 -2.16139436e-03 
 2.45000000e-08 -2.08159329e-03 
 2.45200000e-08 -2.00146227e-03 
 2.45400000e-08 -1.92101400e-03 
 2.45600000e-08 -1.84026123e-03 
 2.45800000e-08 -1.75921673e-03 
 2.46000000e-08 -1.67789335e-03 
 2.46200000e-08 -1.59630398e-03 
 2.46400000e-08 -1.51446153e-03 
 2.46600000e-08 -1.43237898e-03 
 2.46800000e-08 -1.35006933e-03 
 2.47000000e-08 -1.26754563e-03 
 2.47200000e-08 -1.18482096e-03 
 2.47400000e-08 -1.10190843e-03 
 2.47600000e-08 -1.01882118e-03 
 2.47800000e-08 -9.35572397e-04 
 2.48000000e-08 -8.52175264e-04 
 2.48200000e-08 -7.68643009e-04 
 2.48400000e-08 -6.84988876e-04 
 2.48600000e-08 -6.01226131e-04 
 2.48800000e-08 -5.17368056e-04 
 2.49000000e-08 -4.33427949e-04 
 2.49200000e-08 -3.49419122e-04 
 2.49400000e-08 -2.65354897e-04 
 2.49600000e-08 -1.81248607e-04 
 2.49800000e-08 -9.71135908e-05 
 2.50000000e-08 -1.29631912e-05 
 2.50200000e-08  7.11892453e-05 
 2.50400000e-08  1.55330373e-04 
 2.50600000e-08  2.39446848e-04 
 2.50800000e-08  3.23525328e-04 
 2.51000000e-08  4.07552480e-04 
 2.51200000e-08  4.91514979e-04 
 2.51400000e-08  5.75399510e-04 
 2.51600000e-08  6.59192769e-04 
 2.51800000e-08  7.42881471e-04 
 2.52000000e-08  8.26452344e-04 
 2.52200000e-08  9.09892139e-04 
 2.52400000e-08  9.93187626e-04 
 2.52600000e-08  1.07632560e-03 
 2.52800000e-08  1.15929288e-03 
 2.53000000e-08  1.24207632e-03 
 2.53200000e-08  1.32466279e-03 
 2.53400000e-08  1.40703920e-03 
 2.53600000e-08  1.48919251e-03 
 2.53800000e-08  1.57110968e-03 
 2.54000000e-08  1.65277775e-03 
 2.54200000e-08  1.73418377e-03 
 2.54400000e-08  1.81531485e-03 
 2.54600000e-08  1.89615814e-03 
 2.54800000e-08  1.97670082e-03 
 2.55000000e-08  2.05693016e-03 
 2.55200000e-08  2.13683343e-03 
 2.55400000e-08  2.21639801e-03 
 2.55600000e-08  2.29561127e-03 
 2.55800000e-08  2.37446071e-03 
 2.56000000e-08  2.45293382e-03 
 2.56200000e-08  2.53101820e-03 
 2.56400000e-08  2.60870149e-03 
 2.56600000e-08  2.68597140e-03 
 2.56800000e-08  2.76281571e-03 
 2.57000000e-08  2.83922228e-03 
 2.57200000e-08  2.91517902e-03 
 2.57400000e-08  2.99067392e-03 
 2.57600000e-08  3.06569505e-03 
 2.57800000e-08  3.14023055e-03 
 2.58000000e-08  3.21426866e-03 
 2.58200000e-08  3.28779766e-03 
 2.58400000e-08  3.36080596e-03 
 2.58600000e-08  3.43328202e-03 
 2.58800000e-08  3.50521440e-03 
 2.59000000e-08  3.57659174e-03 
 2.59200000e-08  3.64740277e-03 
 2.59400000e-08  3.71763634e-03 
 2.59600000e-08  3.78728135e-03 
 2.59800000e-08  3.85632682e-03 
 2.60000000e-08  3.92476187e-03 
 2.60200000e-08  3.99257569e-03 
 2.60400000e-08  4.05975762e-03 
 2.60600000e-08  4.12629705e-03 
 2.60800000e-08  4.19218350e-03 
 2.61000000e-08  4.25740659e-03 
 2.61200000e-08  4.32195606e-03 
 2.61400000e-08  4.38582173e-03 
 2.61600000e-08  4.44899356e-03 
 2.61800000e-08  4.51146160e-03 
 2.62000000e-08  4.57321601e-03 
 2.62200000e-08  4.63424710e-03 
 2.62400000e-08  4.69454524e-03 
 2.62600000e-08  4.75410097e-03 
 2.62800000e-08  4.81290492e-03 
 2.63000000e-08  4.87094784e-03 
 2.63200000e-08  4.92822062e-03 
 2.63400000e-08  4.98471426e-03 
 2.63600000e-08  5.04041987e-03 
 2.63800000e-08  5.09532872e-03 
 2.64000000e-08  5.14943218e-03 
 2.64200000e-08  5.20272175e-03 
 2.64400000e-08  5.25518908e-03 
 2.64600000e-08  5.30682593e-03 
 2.64800000e-08  5.35762420e-03 
 2.65000000e-08  5.40757592e-03 
 2.65200000e-08  5.45667326e-03 
 2.65400000e-08  5.50490852e-03 
 2.65600000e-08  5.55227414e-03 
 2.65800000e-08  5.59876269e-03 
 2.66000000e-08  5.64436690e-03 
 2.66200000e-08  5.68907961e-03 
 2.66400000e-08  5.73289383e-03 
 2.66600000e-08  5.77580269e-03 
 2.66800000e-08  5.81779948e-03 
 2.67000000e-08  5.85887762e-03 
 2.67200000e-08  5.89903067e-03 
 2.67400000e-08  5.93825237e-03 
 2.67600000e-08  5.97653657e-03 
 2.67800000e-08  6.01387728e-03 
 2.68000000e-08  6.05026866e-03 
 2.68200000e-08  6.08570503e-03 
 2.68400000e-08  6.12018084e-03 
 2.68600000e-08  6.15369070e-03 
 2.68800000e-08  6.18622938e-03 
 2.69000000e-08  6.21779178e-03 
 2.69200000e-08  6.24837299e-03 
 2.69400000e-08  6.27796822e-03 
 2.69600000e-08  6.30657284e-03 
 2.69800000e-08  6.33418239e-03 
 2.70000000e-08  6.36079257e-03 
 2.70200000e-08  6.38639921e-03 
 2.70400000e-08  6.41099831e-03 
 2.70600000e-08  6.43458604e-03 
 2.70800000e-08  6.45715871e-03 
 2.71000000e-08  6.47871280e-03 
 2.71200000e-08  6.49924495e-03 
 2.71400000e-08  6.51875196e-03 
 2.71600000e-08  6.53723077e-03 
 2.71800000e-08  6.55467851e-03 
 2.72000000e-08  6.57109246e-03 
 2.72200000e-08  6.58647005e-03 
 2.72400000e-08  6.60080889e-03 
 2.72600000e-08  6.61410673e-03 
 2.72800000e-08  6.62636151e-03 
 2.73000000e-08  6.63757131e-03 
 2.73200000e-08  6.64773439e-03 
 2.73400000e-08  6.65684916e-03 
 2.73600000e-08  6.66491420e-03 
 2.73800000e-08  6.67192825e-03 
 2.74000000e-08  6.67789021e-03 
 2.74200000e-08  6.68279917e-03 
 2.74400000e-08  6.68665434e-03 
 2.74600000e-08  6.68945514e-03 
 2.74800000e-08  6.69120111e-03 
 2.75000000e-08  6.69189200e-03 
 2.75200000e-08  6.69152769e-03 
 2.75400000e-08  6.69010823e-03 
 2.75600000e-08  6.68763385e-03 
 2.75800000e-08  6.68410494e-03 
 2.76000000e-08  6.67952204e-03 
 2.76200000e-08  6.67388586e-03 
 2.76400000e-08  6.66719729e-03 
 2.76600000e-08  6.65945736e-03 
 2.76800000e-08  6.65066728e-03 
 2.77000000e-08  6.64082843e-03 
 2.77200000e-08  6.62994232e-03 
 2.77400000e-08  6.61801067e-03 
 2.77600000e-08  6.60503533e-03 
 2.77800000e-08  6.59101832e-03 
 2.78000000e-08  6.57596183e-03 
 2.78200000e-08  6.55986820e-03 
 2.78400000e-08  6.54273995e-03 
 2.78600000e-08  6.52457975e-03 
 2.78800000e-08  6.50539041e-03 
 2.79000000e-08  6.48517495e-03 
 2.79200000e-08  6.46393652e-03 
 2.79400000e-08  6.44167842e-03 
 2.79600000e-08  6.41840413e-03 
 2.79800000e-08  6.39411728e-03 
 2.80000000e-08  6.36882166e-03 
 2.80200000e-08  6.34252122e-03 
 2.80400000e-08  6.31522007e-03 
 2.80600000e-08  6.28692247e-03 
 2.80800000e-08  6.25763283e-03 
 2.81000000e-08  6.22735574e-03 
 2.81200000e-08  6.19609591e-03 
 2.81400000e-08  6.16385824e-03 
 2.81600000e-08  6.13064776e-03 
 2.81800000e-08  6.09646967e-03 
 2.82000000e-08  6.06132929e-03 
 2.82200000e-08  6.02523213e-03 
 2.82400000e-08  5.98818384e-03 
 2.82600000e-08  5.95019019e-03 
 2.82800000e-08  5.91125715e-03 
 2.83000000e-08  5.87139079e-03 
 2.83200000e-08  5.83059736e-03 
 2.83400000e-08  5.78888324e-03 
 2.83600000e-08  5.74625496e-03 
 2.83800000e-08  5.70271919e-03 
 2.84000000e-08  5.65828275e-03 
 2.84200000e-08  5.61295260e-03 
 2.84400000e-08  5.56673585e-03 
 2.84600000e-08  5.51963972e-03 
 2.84800000e-08  5.47167162e-03 
 2.85000000e-08  5.42283904e-03 
 2.85200000e-08  5.37314966e-03 
 2.85400000e-08  5.32261125e-03 
 2.85600000e-08  5.27123176e-03 
 2.85800000e-08  5.21901923e-03 
 2.86000000e-08  5.16598187e-03 
 2.86200000e-08  5.11212799e-03 
 2.86400000e-08  5.05746605e-03 
 2.86600000e-08  5.00200464e-03 
 2.86800000e-08  4.94575246e-03 
 2.87000000e-08  4.88871836e-03 
 2.87200000e-08  4.83091129e-03 
 2.87400000e-08  4.77234033e-03 
 2.87600000e-08  4.71301470e-03 
 2.87800000e-08  4.65294372e-03 
 2.88000000e-08  4.59213684e-03 
 2.88200000e-08  4.53060363e-03 
 2.88400000e-08  4.46835376e-03 
 2.88600000e-08  4.40539703e-03 
 2.88800000e-08  4.34174335e-03 
 2.89000000e-08  4.27740275e-03 
 2.89200000e-08  4.21238535e-03 
 2.89400000e-08  4.14670139e-03 
 2.89600000e-08  4.08036123e-03 
 2.89800000e-08  4.01337531e-03 
 2.90000000e-08  3.94575420e-03 
 2.90200000e-08  3.87750854e-03 
 2.90400000e-08  3.80864911e-03 
 2.90600000e-08  3.73918677e-03 
 2.90800000e-08  3.66913246e-03 
 2.91000000e-08  3.59849724e-03 
 2.91200000e-08  3.52729226e-03 
 2.91400000e-08  3.45552875e-03 
 2.91600000e-08  3.38321805e-03 
 2.91800000e-08  3.31037157e-03 
 2.92000000e-08  3.23700082e-03 
 2.92200000e-08  3.16311738e-03 
 2.92400000e-08  3.08873293e-03 
 2.92600000e-08  3.01385922e-03 
 2.92800000e-08  2.93850808e-03 
 2.93000000e-08  2.86269142e-03 
 2.93200000e-08  2.78642123e-03 
 2.93400000e-08  2.70970957e-03 
 2.93600000e-08  2.63256857e-03 
 2.93800000e-08  2.55501044e-03 
 2.94000000e-08  2.47704743e-03 
 2.94200000e-08  2.39869189e-03 
 2.94400000e-08  2.31995622e-03 
 2.94600000e-08  2.24085287e-03 
 2.94800000e-08  2.16139436e-03 
 2.95000000e-08  2.08159329e-03 
 2.95200000e-08  2.00146227e-03 
 2.95400000e-08  1.92101400e-03 
 2.95600000e-08  1.84026123e-03 
 2.95800000e-08  1.75921673e-03 
 2.96000000e-08  1.67789335e-03 
 2.96200000e-08  1.59630398e-03 
 2.96400000e-08  1.51446153e-03 
 2.96600000e-08  1.43237898e-03 
 2.96800000e-08  1.35006933e-03 
 2.97000000e-08  1.26754563e-03 
 2.97200000e-08  1.18482096e-03 
 2.97400000e-08  1.10190843e-03 
 2.97600000e-08  1.01882118e-03 
 2.97800000e-08  9.35572397e-04 
 2.98000000e-08  8.52175263e-04 
 2.98200000e-08  7.68643008e-04 
 2.98400000e-08  6.84988876e-04 
 2.98600000e-08  6.01226131e-04 
 2.98800000e-08  5.17368056e-04 
 2.99000000e-08  4.33427950e-04 
 2.99200000e-08  3.49419122e-04 
 2.99400000e-08  2.65354898e-04 
 2.99600000e-08  1.81248608e-04 
 2.99800000e-08  9.71135909e-05 
 3.00000000e-08  1.29631915e-05 
 3.00200000e-08 -7.11892452e-05 
 3.00400000e-08 -1.55330373e-04 
 3.00600000e-08 -2.39446848e-04 
 3.00800000e-08 -3.23525328e-04 
 3.01000000e-08 -4.07552480e-04 
 3.01200000e-08 -4.91514979e-04 
 3.01400000e-08 -5.75399509e-04 
 3.01600000e-08 -6.59192769e-04 
 3.01800000e-08 -7.42881471e-04 
 3.02000000e-08 -8.26452344e-04 
 3.02200000e-08 -9.09892139e-04 
 3.02400000e-08 -9.93187626e-04 
 3.02600000e-08 -1.07632560e-03 
 3.02800000e-08 -1.15929288e-03 
 3.03000000e-08 -1.24207632e-03 
 3.03200000e-08 -1.32466279e-03 
 3.03400000e-08 -1.40703920e-03 
 3.03600000e-08 -1.48919251e-03 
 3.03800000e-08 -1.57110968e-03 
 3.04000000e-08 -1.65277775e-03 
 3.04200000e-08 -1.73418377e-03 
 3.04400000e-08 -1.81531485e-03 
 3.04600000e-08 -1.89615814e-03 
 3.04800000e-08 -1.97670082e-03 
 3.05000000e-08 -2.05693016e-03 
 3.05200000e-08 -2.13683343e-03 
 3.05400000e-08 -2.21639801e-03 
 3.05600000e-08 -2.29561127e-03 
 3.05800000e-08 -2.37446071e-03 
 3.06000000e-08 -2.45293382e-03 
 3.06200000e-08 -2.53101820e-03 
 3.06400000e-08 -2.60870149e-03 
 3.06600000e-08 -2.68597140e-03 
 3.06800000e-08 -2.76281571e-03 
 3.07000000e-08 -2.83922228e-03 
 3.07200000e-08 -2.91517902e-03 
 3.07400000e-08 -2.99067392e-03 
 3.07600000e-08 -3.06569505e-03 
 3.07800000e-08 -3.14023055e-03 
 3.08000000e-08 -3.21426866e-03 
 3.08200000e-08 -3.28779766e-03 
 3.08400000e-08 -3.36080596e-03 
 3.08600000e-08 -3.43328202e-03 
 3.08800000e-08 -3.50521440e-03 
 3.09000000e-08 -3.57659174e-03 
 3.09200000e-08 -3.64740277e-03 
 3.09400000e-08 -3.71763634e-03 
 3.09600000e-08 -3.78728135e-03 
 3.09800000e-08 -3.85632682e-03 
 3.10000000e-08 -3.92476187e-03 
 3.10200000e-08 -3.99257569e-03 
 3.10400000e-08 -4.05975762e-03 
 3.10600000e-08 -4.12629705e-03 
 3.10800000e-08 -4.19218350e-03 
 3.11000000e-08 -4.25740659e-03 
 3.11200000e-08 -4.32195606e-03 
 3.11400000e-08 -4.38582173e-03 
 3.11600000e-08 -4.44899356e-03 
 3.11800000e-08 -4.51146160e-03 
 3.12000000e-08 -4.57321601e-03 
 3.12200000e-08 -4.63424709e-03 
 3.12400000e-08 -4.69454524e-03 
 3.12600000e-08 -4.75410097e-03 
 3.12800000e-08 -4.81290492e-03 
 3.13000000e-08 -4.87094784e-03 
 3.13200000e-08 -4.92822062e-03 
 3.13400000e-08 -4.98471425e-03 
 3.13600000e-08 -5.04041987e-03 
 3.13800000e-08 -5.09532872e-03 
 3.14000000e-08 -5.14943218e-03 
 3.14200000e-08 -5.20272175e-03 
 3.14400000e-08 -5.25518908e-03 
 3.14600000e-08 -5.30682593e-03 
 3.14800000e-08 -5.35762420e-03 
 3.15000000e-08 -5.40757592e-03 
 3.15200000e-08 -5.45667326e-03 
 3.15400000e-08 -5.50490852e-03 
 3.15600000e-08 -5.55227414e-03 
 3.15800000e-08 -5.59876269e-03 
 3.16000000e-08 -5.64436690e-03 
 3.16200000e-08 -5.68907961e-03 
 3.16400000e-08 -5.73289383e-03 
 3.16600000e-08 -5.77580269e-03 
 3.16800000e-08 -5.81779948e-03 
 3.17000000e-08 -5.85887762e-03 
 3.17200000e-08 -5.89903067e-03 
 3.17400000e-08 -5.93825237e-03 
 3.17600000e-08 -5.97653657e-03 
 3.17800000e-08 -6.01387728e-03 
 3.18000000e-08 -6.05026866e-03 
 3.18200000e-08 -6.08570503e-03 
 3.18400000e-08 -6.12018084e-03 
 3.18600000e-08 -6.15369070e-03 
 3.18800000e-08 -6.18622938e-03 
 3.19000000e-08 -6.21779178e-03 
 3.19200000e-08 -6.24837299e-03 
 3.19400000e-08 -6.27796822e-03 
 3.19600000e-08 -6.30657284e-03 
 3.19800000e-08 -6.33418240e-03 
 3.20000000e-08 -6.36079257e-03 
 3.20200000e-08 -6.38639921e-03 
 3.20400000e-08 -6.41099831e-03 
 3.20600000e-08 -6.43458604e-03 
 3.20800000e-08 -6.45715871e-03 
 3.21000000e-08 -6.47871280e-03 
 3.21200000e-08 -6.49924496e-03 
 3.21400000e-08 -6.51875196e-03 
 3.21600000e-08 -6.53723077e-03 
 3.21800000e-08 -6.55467851e-03 
 3.22000000e-08 -6.57109246e-03 
 3.22200000e-08 -6.58647005e-03 
 3.22400000e-08 -6.60080889e-03 
 3.22600000e-08 -6.61410673e-03 
 3.22800000e-08 -6.62636151e-03 
 3.23000000e-08 -6.63757131e-03 
 3.23200000e-08 -6.64773439e-03 
 3.23400000e-08 -6.65684916e-03 
 3.23600000e-08 -6.66491420e-03 
 3.23800000e-08 -6.67192825e-03 
 3.24000000e-08 -6.67789021e-03 
 3.24200000e-08 -6.68279917e-03 
 3.24400000e-08 -6.68665434e-03 
 3.24600000e-08 -6.68945514e-03 
 3.24800000e-08 -6.69120111e-03 
 3.25000000e-08 -6.69189200e-03 
 3.25200000e-08 -6.69152769e-03 
 3.25400000e-08 -6.69010823e-03 
 3.25600000e-08 -6.68763385e-03 
 3.25800000e-08 -6.68410494e-03 
 3.26000000e-08 -6.67952204e-03 
 3.26200000e-08 -6.67388586e-03 
 3.26400000e-08 -6.66719729e-03 
 3.26600000e-08 -6.65945736e-03 
 3.26800000e-08 -6.65066728e-03 
 3.27000000e-08 -6.64082843e-03 
 3.27200000e-08 -6.62994232e-03 
 3.27400000e-08 -6.61801067e-03 
 3.27600000e-08 -6.60503533e-03 
 3.27800000e-08 -6.59101832e-03 
 3.28000000e-08 -6.57596183e-03 
 3.28200000e-08 -6.55986820e-03 
 3.28400000e-08 -6.54273995e-03 
 3.28600000e-08 -6.52457975e-03 
 3.28800000e-08 -6.50539041e-03 
 3.29000000e-08 -6.48517495e-03 
 3.29200000e-08 -6.46393652e-03 
 3.29400000e-08 -6.44167842e-03 
 3.29600000e-08 -6.41840413e-03 
 3.29800000e-08 -6.39411728e-03 
 3.30000000e-08 -6.36882166e-03 
 3.30200000e-08 -6.34252122e-03 
 3.30400000e-08 -6.31522007e-03 
 3.30600000e-08 -6.28692247e-03 
 3.30800000e-08 -6.25763283e-03 
 3.31000000e-08 -6.22735574e-03 
 3.31200000e-08 -6.19609591e-03 
 3.31400000e-08 -6.16385824e-03 
 3.31600000e-08 -6.13064776e-03 
 3.31800000e-08 -6.09646967e-03 
 3.32000000e-08 -6.06132929e-03 
 3.32200000e-08 -6.02523213e-03 
 3.32400000e-08 -5.98818384e-03 
 3.32600000e-08 -5.95019019e-03 
 3.32800000e-08 -5.91125715e-03 
 3.33000000e-08 -5.87139079e-03 
 3.33200000e-08 -5.83059736e-03 
 3.33400000e-08 -5.78888324e-03 
 3.33600000e-08 -5.74625496e-03 
 3.33800000e-08 -5.70271919e-03 
 3.34000000e-08 -5.65828275e-03 
 3.34200000e-08 -5.61295260e-03 
 3.34400000e-08 -5.56673585e-03 
 3.34600000e-08 -5.51963972e-03 
 3.34800000e-08 -5.47167162e-03 
 3.35000000e-08 -5.42283904e-03 
 3.35200000e-08 -5.37314966e-03 
 3.35400000e-08 -5.32261125e-03 
 3.35600000e-08 -5.27123176e-03 
 3.35800000e-08 -5.21901923e-03 
 3.36000000e-08 -5.16598187e-03 
 3.36200000e-08 -5.11212799e-03 
 3.36400000e-08 -5.05746605e-03 
 3.36600000e-08 -5.00200464e-03 
 3.36800000e-08 -4.94575246e-03 
 3.37000000e-08 -4.88871836e-03 
 3.37200000e-08 -4.83091129e-03 
 3.37400000e-08 -4.77234033e-03 
 3.37600000e-08 -4.71301470e-03 
 3.37800000e-08 -4.65294372e-03 
 3.38000000e-08 -4.59213684e-03 
 3.38200000e-08 -4.53060363e-03 
 3.38400000e-08 -4.46835376e-03 
 3.38600000e-08 -4.40539703e-03 
 3.38800000e-08 -4.34174335e-03 
 3.39000000e-08 -4.27740275e-03 
 3.39200000e-08 -4.21238535e-03 
 3.39400000e-08 -4.14670139e-03 
 3.39600000e-08 -4.08036123e-03 
 3.39800000e-08 -4.01337531e-03 
 3.40000000e-08 -3.94575420e-03 
 3.40200000e-08 -3.87750854e-03 
 3.40400000e-08 -3.80864911e-03 
 3.40600000e-08 -3.73918677e-03 
 3.40800000e-08 -3.66913246e-03 
 3.41000000e-08 -3.59849724e-03 
 3.41200000e-08 -3.52729226e-03 
 3.41400000e-08 -3.45552875e-03 
 3.41600000e-08 -3.38321805e-03 
 3.41800000e-08 -3.31037157e-03 
 3.42000000e-08 -3.23700082e-03 
 3.42200000e-08 -3.16311738e-03 
 3.42400000e-08 -3.08873293e-03 
 3.42600000e-08 -3.01385922e-03 
 3.42800000e-08 -2.93850808e-03 
 3.43000000e-08 -2.86269142e-03 
 3.43200000e-08 -2.78642123e-03 
 3.43400000e-08 -2.70970957e-03 
 3.43600000e-08 -2.63256858e-03 
 3.43800000e-08 -2.55501044e-03 
 3.44000000e-08 -2.47704743e-03 
 3.44200000e-08 -2.39869189e-03 
 3.44400000e-08 -2.31995622e-03 
 3.44600000e-08 -2.24085287e-03 
 3.44800000e-08 -2.16139436e-03 
 3.45000000e-08 -2.08159329e-03 
 3.45200000e-08 -2.00146227e-03 
 3.45400000e-08 -1.92101400e-03 
 3.45600000e-08 -1.84026123e-03 
 3.45800000e-08 -1.75921673e-03 
 3.46000000e-08 -1.67789335e-03 
 3.46200000e-08 -1.59630398e-03 
 3.46400000e-08 -1.51446153e-03 
 3.46600000e-08 -1.43237898e-03 
 3.46800000e-08 -1.35006933e-03 
 3.47000000e-08 -1.26754563e-03 
 3.47200000e-08 -1.18482096e-03 
 3.47400000e-08 -1.10190843e-03 
 3.47600000e-08 -1.01882118e-03 
 3.47800000e-08 -9.35572396e-04 
 3.48000000e-08 -8.52175264e-04 
 3.48200000e-08 -7.68643009e-04 
 3.48400000e-08 -6.84988877e-04 
 3.48600000e-08 -6.01226131e-04 
 3.48800000e-08 -5.17368056e-04 
 3.49000000e-08 -4.33427949e-04 
 3.49200000e-08 -3.49419122e-04 
 3.49400000e-08 -2.65354897e-04 
 3.49600000e-08 -1.81248607e-04 
 3.49800000e-08 -9.71135909e-05 
 3.50000000e-08 -1.29631916e-05 
 3.50200000e-08  7.11892456e-05 
 3.50400000e-08  1.55330374e-04 
 3.50600000e-08  2.39446848e-04 
 3.50800000e-08  3.23525328e-04 
 3.51000000e-08  4.07552480e-04 
 3.51200000e-08  4.91514979e-04 
 3.51400000e-08  5.75399509e-04 
 3.51600000e-08  6.59192769e-04 
 3.51800000e-08  7.42881471e-04 
 3.52000000e-08  8.26452344e-04 
 3.52200000e-08  9.09892139e-04 
 3.52400000e-08  9.93187626e-04 
 3.52600000e-08  1.07632560e-03 
 3.52800000e-08  1.15929288e-03 
 3.53000000e-08  1.24207632e-03 
 3.53200000e-08  1.32466279e-03 
 3.53400000e-08  1.40703920e-03 
 3.53600000e-08  1.48919251e-03 
 3.53800000e-08  1.57110968e-03 
 3.54000000e-08  1.65277775e-03 
 3.54200000e-08  1.73418377e-03 
 3.54400000e-08  1.81531485e-03 
 3.54600000e-08  1.89615814e-03 
 3.54800000e-08  1.97670082e-03 
 3.55000000e-08  2.05693016e-03 
 3.55200000e-08  2.13683343e-03 
 3.55400000e-08  2.21639801e-03 
 3.55600000e-08  2.29561127e-03 
 3.55800000e-08  2.37446071e-03 
 3.56000000e-08  2.45293382e-03 
 3.56200000e-08  2.53101820e-03 
 3.56400000e-08  2.60870149e-03 
 3.56600000e-08  2.68597140e-03 
 3.56800000e-08  2.76281571e-03 
 3.57000000e-08  2.83922228e-03 
 3.57200000e-08  2.91517902e-03 
 3.57400000e-08  2.99067392e-03 
 3.57600000e-08  3.06569505e-03 
 3.57800000e-08  3.14023055e-03 
 3.58000000e-08  3.21426866e-03 
 3.58200000e-08  3.28779766e-03 
 3.58400000e-08  3.36080596e-03 
 3.58600000e-08  3.43328202e-03 
 3.58800000e-08  3.50521440e-03 
 3.59000000e-08  3.57659174e-03 
 3.59200000e-08  3.64740277e-03 
 3.59400000e-08  3.71763634e-03 
 3.59600000e-08  3.78728135e-03 
 3.59800000e-08  3.85632682e-03 
 3.60000000e-08  3.92476187e-03 
 3.60200000e-08  3.99257570e-03 
 3.60400000e-08  4.05975762e-03 
 3.60600000e-08  4.12629705e-03 
 3.60800000e-08  4.19218350e-03 
 3.61000000e-08  4.25740659e-03 
 3.61200000e-08  4.32195606e-03 
 3.61400000e-08  4.38582173e-03 
 3.61600000e-08  4.44899356e-03 
 3.61800000e-08  4.51146160e-03 
 3.62000000e-08  4.57321601e-03 
 3.62200000e-08  4.63424710e-03 
 3.62400000e-08  4.69454524e-03 
 3.62600000e-08  4.75410097e-03 
 3.62800000e-08  4.81290492e-03 
 3.63000000e-08  4.87094784e-03 
 3.63200000e-08  4.92822062e-03 
 3.63400000e-08  4.98471425e-03 
 3.63600000e-08  5.04041987e-03 
 3.63800000e-08  5.09532872e-03 
 3.64000000e-08  5.14943217e-03 
 3.64200000e-08  5.20272175e-03 
 3.64400000e-08  5.25518908e-03 
 3.64600000e-08  5.30682593e-03 
 3.64800000e-08  5.35762420e-03 
 3.65000000e-08  5.40757592e-03 
 3.65200000e-08  5.45667326e-03 
 3.65400000e-08  5.50490852e-03 
 3.65600000e-08  5.55227414e-03 
 3.65800000e-08  5.59876269e-03 
 3.66000000e-08  5.64436690e-03 
 3.66200000e-08  5.68907961e-03 
 3.66400000e-08  5.73289383e-03 
 3.66600000e-08  5.77580269e-03 
 3.66800000e-08  5.81779948e-03 
 3.67000000e-08  5.85887762e-03 
 3.67200000e-08  5.89903067e-03 
 3.67400000e-08  5.93825237e-03 
 3.67600000e-08  5.97653657e-03 
 3.67800000e-08  6.01387728e-03 
 3.68000000e-08  6.05026866e-03 
 3.68200000e-08  6.08570503e-03 
 3.68400000e-08  6.12018084e-03 
 3.68600000e-08  6.15369070e-03 
 3.68800000e-08  6.18622938e-03 
 3.69000000e-08  6.21779179e-03 
 3.69200000e-08  6.24837299e-03 
 3.69400000e-08  6.27796822e-03 
 3.69600000e-08  6.30657284e-03 
 3.69800000e-08  6.33418240e-03 
 3.70000000e-08  6.36079257e-03 
 3.70200000e-08  6.38639921e-03 
 3.70400000e-08  6.41099831e-03 
 3.70600000e-08  6.43458604e-03 
 3.70800000e-08  6.45715871e-03 
 3.71000000e-08  6.47871280e-03 
 3.71200000e-08  6.49924495e-03 
 3.71400000e-08  6.51875196e-03 
 3.71600000e-08  6.53723077e-03 
 3.71800000e-08  6.55467851e-03 
 3.72000000e-08  6.57109246e-03 
 3.72200000e-08  6.58647005e-03 
 3.72400000e-08  6.60080889e-03 
 3.72600000e-08  6.61410673e-03 
 3.72800000e-08  6.62636151e-03 
 3.73000000e-08  6.63757131e-03 
 3.73200000e-08  6.64773439e-03 
 3.73400000e-08  6.65684916e-03 
 3.73600000e-08  6.66491420e-03 
 3.73800000e-08  6.67192825e-03 
 3.74000000e-08  6.67789021e-03 
 3.74200000e-08  6.68279917e-03 
 3.74400000e-08  6.68665434e-03 
 3.74600000e-08  6.68945514e-03 
 3.74800000e-08  6.69120111e-03 
 3.75000000e-08  6.69189200e-03 
 3.75200000e-08  6.69152769e-03 
 3.75400000e-08  6.69010823e-03 
 3.75600000e-08  6.68763385e-03 
 3.75800000e-08  6.68410494e-03 
 3.76000000e-08  6.67952204e-03 
 3.76200000e-08  6.67388586e-03 
 3.76400000e-08  6.66719729e-03 
 3.76600000e-08  6.65945736e-03 
 3.76800000e-08  6.65066728e-03 
 3.77000000e-08  6.64082843e-03 
 3.77200000e-08  6.62994233e-03 
 3.77400000e-08  6.61801067e-03 
 3.77600000e-08  6.60503533e-03 
 3.77800000e-08  6.59101832e-03 
 3.78000000e-08  6.57596183e-03 
 3.78200000e-08  6.55986821e-03 
 3.78400000e-08  6.54273995e-03 
 3.78600000e-08  6.52457974e-03 
 3.78800000e-08  6.50539041e-03 
 3.79000000e-08  6.48517495e-03 
 3.79200000e-08  6.46393652e-03 
 3.79400000e-08  6.44167842e-03 
 3.79600000e-08  6.41840413e-03 
 3.79800000e-08  6.39411728e-03 
 3.80000000e-08  6.36882166e-03 
 3.80200000e-08  6.34252122e-03 
 3.80400000e-08  6.31522007e-03 
 3.80600000e-08  6.28692247e-03 
 3.80800000e-08  6.25763283e-03 
 3.81000000e-08  6.22735574e-03 
 3.81200000e-08  6.19609591e-03 
 3.81400000e-08  6.16385824e-03 
 3.81600000e-08  6.13064776e-03 
 3.81800000e-08  6.09646967e-03 
 3.82000000e-08  6.06132929e-03 
 3.82200000e-08  6.02523213e-03 
 3.82400000e-08  5.98818384e-03 
 3.82600000e-08  5.95019019e-03 
 3.82800000e-08  5.91125715e-03 
 3.83000000e-08  5.87139079e-03 
 3.83200000e-08  5.83059736e-03 
 3.83400000e-08  5.78888324e-03 
 3.83600000e-08  5.74625496e-03 
 3.83800000e-08  5.70271919e-03 
 3.84000000e-08  5.65828275e-03 
 3.84200000e-08  5.61295260e-03 
 3.84400000e-08  5.56673585e-03 
 3.84600000e-08  5.51963972e-03 
 3.84800000e-08  5.47167162e-03 
 3.85000000e-08  5.42283904e-03 
 3.85200000e-08  5.37314966e-03 
 3.85400000e-08  5.32261125e-03 
 3.85600000e-08  5.27123176e-03 
 3.85800000e-08  5.21901923e-03 
 3.86000000e-08  5.16598187e-03 
 3.86200000e-08  5.11212799e-03 
 3.86400000e-08  5.05746605e-03 
 3.86600000e-08  5.00200464e-03 
 3.86800000e-08  4.94575246e-03 
 3.87000000e-08  4.88871836e-03 
 3.87200000e-08  4.83091129e-03 
 3.87400000e-08  4.77234033e-03 
 3.87600000e-08  4.71301470e-03 
 3.87800000e-08  4.65294372e-03 
 3.88000000e-08  4.59213684e-03 
 3.88200000e-08  4.53060363e-03 
 3.88400000e-08  4.46835376e-03 
 3.88600000e-08  4.40539703e-03 
 3.88800000e-08  4.34174335e-03 
 3.89000000e-08  4.27740275e-03 
 3.89200000e-08  4.21238535e-03 
 3.89400000e-08  4.14670139e-03 
 3.89600000e-08  4.08036123e-03 
 3.89800000e-08  4.01337531e-03 
 3.90000000e-08  3.94575420e-03 
 3.90200000e-08  3.87750854e-03 
 3.90400000e-08  3.80864911e-03 
 3.90600000e-08  3.73918677e-03 
 3.90800000e-08  3.66913246e-03 
 3.91000000e-08  3.59849724e-03 
 3.91200000e-08  3.52729226e-03 
 3.91400000e-08  3.45552875e-03 
 3.91600000e-08  3.38321805e-03 
 3.91800000e-08  3.31037157e-03 
 3.92000000e-08  3.23700082e-03 
 3.92200000e-08  3.16311738e-03 
 3.92400000e-08  3.08873293e-03 
 3.92600000e-08  3.01385922e-03 
 3.92800000e-08  2.93850808e-03 
 3.93000000e-08  2.86269142e-03 
 3.93200000e-08  2.78642123e-03 
 3.93400000e-08  2.70970957e-03 
 3.93600000e-08  2.63256858e-03 
 3.93800000e-08  2.55501044e-03 
 3.94000000e-08  2.47704743e-03 
 3.94200000e-08  2.39869189e-03 
 3.94400000e-08  2.31995622e-03 
 3.94600000e-08  2.24085287e-03 
 3.94800000e-08  2.16139436e-03 
 3.95000000e-08  2.08159329e-03 
 3.95200000e-08  2.00146227e-03 
 3.95400000e-08  1.92101400e-03 
 3.95600000e-08  1.84026123e-03 
 3.95800000e-08  1.75921673e-03 
 3.96000000e-08  1.67789335e-03 
 3.96200000e-08  1.59630398e-03 
 3.96400000e-08  1.51446153e-03 
 3.96600000e-08  1.43237898e-03 
 3.96800000e-08  1.35006933e-03 
 3.97000000e-08  1.26754563e-03 
 3.97200000e-08  1.18482096e-03 
 3.97400000e-08  1.10190843e-03 
 3.97600000e-08  1.01882118e-03 
 3.97800000e-08  9.35572397e-04 
 3.98000000e-08  8.52175263e-04 
 3.98200000e-08  7.68643009e-04 
 3.98400000e-08  6.84988876e-04 
 3.98600000e-08  6.01226132e-04 
 3.98800000e-08  5.17368055e-04 
 3.99000000e-08  4.33427949e-04 
 3.99200000e-08  3.49419122e-04 
 3.99400000e-08  2.65354897e-04 
 3.99600000e-08  1.81248607e-04 
 3.99800000e-08  9.71135907e-05 
 4.00000000e-08  1.29631910e-05 
 4.00200000e-08 -7.11892458e-05 
 4.00400000e-08 -1.55330373e-04 
 4.00600000e-08 -2.39446847e-04 
 4.00800000e-08 -3.23525328e-04 
 4.01000000e-08 -4.07552480e-04 
 4.01200000e-08 -4.91514980e-04 
 4.01400000e-08 -5.75399509e-04 
 4.01600000e-08 -6.59192769e-04 
 4.01800000e-08 -7.42881471e-04 
 4.02000000e-08 -8.26452344e-04 
 4.02200000e-08 -9.09892139e-04 
 4.02400000e-08 -9.93187627e-04 
 4.02600000e-08 -1.07632560e-03 
 4.02800000e-08 -1.15929288e-03 
 4.03000000e-08 -1.24207632e-03 
 4.03200000e-08 -1.32466279e-03 
 4.03400000e-08 -1.40703920e-03 
 4.03600000e-08 -1.48919251e-03 
 4.03800000e-08 -1.57110968e-03 
 4.04000000e-08 -1.65277775e-03 
 4.04200000e-08 -1.73418377e-03 
 4.04400000e-08 -1.81531485e-03 
 4.04600000e-08 -1.89615814e-03 
 4.04800000e-08 -1.97670082e-03 
 4.05000000e-08 -2.05693016e-03 
 4.05200000e-08 -2.13683343e-03 
 4.05400000e-08 -2.21639801e-03 
 4.05600000e-08 -2.29561128e-03 
 4.05800000e-08 -2.37446071e-03 
 4.06000000e-08 -2.45293382e-03 
 4.06200000e-08 -2.53101820e-03 
 4.06400000e-08 -2.60870148e-03 
 4.06600000e-08 -2.68597140e-03 
 4.06800000e-08 -2.76281571e-03 
 4.07000000e-08 -2.83922228e-03 
 4.07200000e-08 -2.91517902e-03 
 4.07400000e-08 -2.99067392e-03 
 4.07600000e-08 -3.06569505e-03 
 4.07800000e-08 -3.14023055e-03 
 4.08000000e-08 -3.21426866e-03 
 4.08200000e-08 -3.28779766e-03 
 4.08400000e-08 -3.36080596e-03 
 4.08600000e-08 -3.43328202e-03 
 4.08800000e-08 -3.50521440e-03 
 4.09000000e-08 -3.57659174e-03 
 4.09200000e-08 -3.64740277e-03 
 4.09400000e-08 -3.71763634e-03 
 4.09600000e-08 -3.78728135e-03 
 4.09800000e-08 -3.85632682e-03 
 4.10000000e-08 -3.92476187e-03 
 4.10200000e-08 -3.99257569e-03 
 4.10400000e-08 -4.05975762e-03 
 4.10600000e-08 -4.12629705e-03 
 4.10800000e-08 -4.19218350e-03 
 4.11000000e-08 -4.25740659e-03 
 4.11200000e-08 -4.32195606e-03 
 4.11400000e-08 -4.38582173e-03 
 4.11600000e-08 -4.44899356e-03 
 4.11800000e-08 -4.51146160e-03 
 4.12000000e-08 -4.57321601e-03 
 4.12200000e-08 -4.63424710e-03 
 4.12400000e-08 -4.69454524e-03 
 4.12600000e-08 -4.75410097e-03 
 4.12800000e-08 -4.81290492e-03 
 4.13000000e-08 -4.87094784e-03 
 4.13200000e-08 -4.92822062e-03 
 4.13400000e-08 -4.98471425e-03 
 4.13600000e-08 -5.04041987e-03 
 4.13800000e-08 -5.09532872e-03 
 4.14000000e-08 -5.14943218e-03 
 4.14200000e-08 -5.20272175e-03 
 4.14400000e-08 -5.25518908e-03 
 4.14600000e-08 -5.30682593e-03 
 4.14800000e-08 -5.35762420e-03 
 4.15000000e-08 -5.40757592e-03 
 4.15200000e-08 -5.45667326e-03 
 4.15400000e-08 -5.50490852e-03 
 4.15600000e-08 -5.55227414e-03 
 4.15800000e-08 -5.59876269e-03 
 4.16000000e-08 -5.64436690e-03 
 4.16200000e-08 -5.68907961e-03 
 4.16400000e-08 -5.73289383e-03 
 4.16600000e-08 -5.77580269e-03 
 4.16800000e-08 -5.81779948e-03 
 4.17000000e-08 -5.85887762e-03 
 4.17200000e-08 -5.89903067e-03 
 4.17400000e-08 -5.93825237e-03 
 4.17600000e-08 -5.97653657e-03 
 4.17800000e-08 -6.01387728e-03 
 4.18000000e-08 -6.05026866e-03 
 4.18200000e-08 -6.08570503e-03 
 4.18400000e-08 -6.12018084e-03 
 4.18600000e-08 -6.15369070e-03 
 4.18800000e-08 -6.18622938e-03 
 4.19000000e-08 -6.21779179e-03 
 4.19200000e-08 -6.24837299e-03 
 4.19400000e-08 -6.27796822e-03 
 4.19600000e-08 -6.30657284e-03 
 4.19800000e-08 -6.33418240e-03 
 4.20000000e-08 -6.36079257e-03 
 4.20200000e-08 -6.38639921e-03 
 4.20400000e-08 -6.41099831e-03 
 4.20600000e-08 -6.43458604e-03 
 4.20800000e-08 -6.45715871e-03 
 4.21000000e-08 -6.47871280e-03 
 4.21200000e-08 -6.49924495e-03 
 4.21400000e-08 -6.51875196e-03 
 4.21600000e-08 -6.53723077e-03 
 4.21800000e-08 -6.55467851e-03 
 4.22000000e-08 -6.57109246e-03 
 4.22200000e-08 -6.58647005e-03 
 4.22400000e-08 -6.60080888e-03 
 4.22600000e-08 -6.61410673e-03 
 4.22800000e-08 -6.62636151e-03 
 4.23000000e-08 -6.63757131e-03 
 4.23200000e-08 -6.64773439e-03 
 4.23400000e-08 -6.65684916e-03 
 4.23600000e-08 -6.66491420e-03 
 4.23800000e-08 -6.67192825e-03 
 4.24000000e-08 -6.67789021e-03 
 4.24200000e-08 -6.68279917e-03 
 4.24400000e-08 -6.68665434e-03 
 4.24600000e-08 -6.68945514e-03 
 4.24800000e-08 -6.69120111e-03 
 4.25000000e-08 -6.69189200e-03 
 4.25200000e-08 -6.69152769e-03 
 4.25400000e-08 -6.69010823e-03 
 4.25600000e-08 -6.68763385e-03 
 4.25800000e-08 -6.68410494e-03 
 4.26000000e-08 -6.67952204e-03 
 4.26200000e-08 -6.67388586e-03 
 4.26400000e-08 -6.66719729e-03 
 4.26600000e-08 -6.65945736e-03 
 4.26800000e-08 -6.65066728e-03 
 4.27000000e-08 -6.64082843e-03 
 4.27200000e-08 -6.62994233e-03 
 4.27400000e-08 -6.61801067e-03 
 4.27600000e-08 -6.60503533e-03 
 4.27800000e-08 -6.59101832e-03 
 4.28000000e-08 -6.57596183e-03 
 4.28200000e-08 -6.55986820e-03 
 4.28400000e-08 -6.54273995e-03 
 4.28600000e-08 -6.52457974e-03 
 4.28800000e-08 -6.50539041e-03 
 4.29000000e-08 -6.48517495e-03 
 4.29200000e-08 -6.46393652e-03 
 4.29400000e-08 -6.44167842e-03 
 4.29600000e-08 -6.41840413e-03 
 4.29800000e-08 -6.39411728e-03 
 4.30000000e-08 -6.36882166e-03 
 4.30200000e-08 -6.34252122e-03 
 4.30400000e-08 -6.31522007e-03 
 4.30600000e-08 -6.28692247e-03 
 4.30800000e-08 -6.25763283e-03 
 4.31000000e-08 -6.22735574e-03 
 4.31200000e-08 -6.19609591e-03 
 4.31400000e-08 -6.16385824e-03 
 4.31600000e-08 -6.13064776e-03 
 4.31800000e-08 -6.09646967e-03 
 4.32000000e-08 -6.06132929e-03 
 4.32200000e-08 -6.02523213e-03 
 4.32400000e-08 -5.98818384e-03 
 4.32600000e-08 -5.95019019e-03 
 4.32800000e-08 -5.91125715e-03 
 4.33000000e-08 -5.87139079e-03 
 4.33200000e-08 -5.83059736e-03 
 4.33400000e-08 -5.78888324e-03 
 4.33600000e-08 -5.74625496e-03 
 4.33800000e-08 -5.70271919e-03 
 4.34000000e-08 -5.65828275e-03 
 4.34200000e-08 -5.61295260e-03 
 4.34400000e-08 -5.56673585e-03 
 4.34600000e-08 -5.51963972e-03 
 4.34800000e-08 -5.47167162e-03 
 4.35000000e-08 -5.42283904e-03 
 4.35200000e-08 -5.37314966e-03 
 4.35400000e-08 -5.32261125e-03 
 4.35600000e-08 -5.27123176e-03 
 4.35800000e-08 -5.21901923e-03 
 4.36000000e-08 -5.16598187e-03 
 4.36200000e-08 -5.11212799e-03 
 4.36400000e-08 -5.05746605e-03 
 4.36600000e-08 -5.00200464e-03 
 4.36800000e-08 -4.94575246e-03 
 4.37000000e-08 -4.88871836e-03 
 4.37200000e-08 -4.83091129e-03 
 4.37400000e-08 -4.77234033e-03 
 4.37600000e-08 -4.71301470e-03 
 4.37800000e-08 -4.65294372e-03 
 4.38000000e-08 -4.59213684e-03 
 4.38200000e-08 -4.53060363e-03 
 4.38400000e-08 -4.46835376e-03 
 4.38600000e-08 -4.40539703e-03 
 4.38800000e-08 -4.34174335e-03 
 4.39000000e-08 -4.27740275e-03 
 4.39200000e-08 -4.21238535e-03 
 4.39400000e-08 -4.14670139e-03 
 4.39600000e-08 -4.08036123e-03 
 4.39800000e-08 -4.01337531e-03 
 4.40000000e-08 -3.94575420e-03 
 4.40200000e-08 -3.87750854e-03 
 4.40400000e-08 -3.80864911e-03 
 4.40600000e-08 -3.73918677e-03 
 4.40800000e-08 -3.66913246e-03 
 4.41000000e-08 -3.59849724e-03 
 4.41200000e-08 -3.52729226e-03 
 4.41400000e-08 -3.45552875e-03 
 4.41600000e-08 -3.38321805e-03 
 4.41800000e-08 -3.31037157e-03 
 4.42000000e-08 -3.23700082e-03 
 4.42200000e-08 -3.16311738e-03 
 4.42400000e-08 -3.08873293e-03 
 4.42600000e-08 -3.01385922e-03 
 4.42800000e-08 -2.93850808e-03 
 4.43000000e-08 -2.86269142e-03 
 4.43200000e-08 -2.78642123e-03 
 4.43400000e-08 -2.70970957e-03 
 4.43600000e-08 -2.63256857e-03 
 4.43800000e-08 -2.55501044e-03 
 4.44000000e-08 -2.47704743e-03 
 4.44200000e-08 -2.39869189e-03 
 4.44400000e-08 -2.31995621e-03 
 4.44600000e-08 -2.24085287e-03 
 4.44800000e-08 -2.16139436e-03 
 4.45000000e-08 -2.08159329e-03 
 4.45200000e-08 -2.00146227e-03 
 4.45400000e-08 -1.92101401e-03 
 4.45600000e-08 -1.84026123e-03 
 4.45800000e-08 -1.75921673e-03 
 4.46000000e-08 -1.67789335e-03 
 4.46200000e-08 -1.59630398e-03 
 4.46400000e-08 -1.51446153e-03 
 4.46600000e-08 -1.43237898e-03 
 4.46800000e-08 -1.35006933e-03 
 4.47000000e-08 -1.26754563e-03 
 4.47200000e-08 -1.18482096e-03 
 4.47400000e-08 -1.10190843e-03 
 4.47600000e-08 -1.01882118e-03 
 4.47800000e-08 -9.35572396e-04 
 4.48000000e-08 -8.52175264e-04 
 4.48200000e-08 -7.68643009e-04 
 4.48400000e-08 -6.84988876e-04 
 4.48600000e-08 -6.01226131e-04 
 4.48800000e-08 -5.17368056e-04 
 4.49000000e-08 -4.33427949e-04 
 4.49200000e-08 -3.49419122e-04 
 4.49400000e-08 -2.65354898e-04 
 4.49600000e-08 -1.81248607e-04 
 4.49800000e-08 -9.71135912e-05 
 4.50000000e-08 -1.29631908e-05 
 4.50200000e-08  7.11892464e-05 
 4.50400000e-08  1.55330373e-04 
 4.50600000e-08  2.39446847e-04 
 4.50800000e-08  3.23525328e-04 
 4.51000000e-08  4.07552481e-04 
 4.51200000e-08  4.91514979e-04 
 4.51400000e-08  5.75399510e-04 
 4.51600000e-08  6.59192769e-04 
 4.51800000e-08  7.42881471e-04 
 4.52000000e-08  8.26452344e-04 
 4.52200000e-08  9.09892139e-04 
 4.52400000e-08  9.93187626e-04 
 4.52600000e-08  1.07632560e-03 
 4.52800000e-08  1.15929288e-03 
 4.53000000e-08  1.24207632e-03 
 4.53200000e-08  1.32466279e-03 
 4.53400000e-08  1.40703920e-03 
 4.53600000e-08  1.48919251e-03 
 4.53800000e-08  1.57110968e-03 
 4.54000000e-08  1.65277775e-03 
 4.54200000e-08  1.73418377e-03 
 4.54400000e-08  1.81531485e-03 
 4.54600000e-08  1.89615814e-03 
 4.54800000e-08  1.97670082e-03 
 4.55000000e-08  2.05693016e-03 
 4.55200000e-08  2.13683343e-03 
 4.55400000e-08  2.21639800e-03 
 4.55600000e-08  2.29561127e-03 
 4.55800000e-08  2.37446071e-03 
 4.56000000e-08  2.45293382e-03 
 4.56200000e-08  2.53101820e-03 
 4.56400000e-08  2.60870149e-03 
 4.56600000e-08  2.68597140e-03 
 4.56800000e-08  2.76281571e-03 
 4.57000000e-08  2.83922228e-03 
 4.57200000e-08  2.91517902e-03 
 4.57400000e-08  2.99067392e-03 
 4.57600000e-08  3.06569505e-03 
 4.57800000e-08  3.14023055e-03 
 4.58000000e-08  3.21426866e-03 
 4.58200000e-08  3.28779766e-03 
 4.58400000e-08  3.36080596e-03 
 4.58600000e-08  3.43328202e-03 
 4.58800000e-08  3.50521440e-03 
 4.59000000e-08  3.57659174e-03 
 4.59200000e-08  3.64740278e-03 
 4.59400000e-08  3.71763634e-03 
 4.59600000e-08  3.78728135e-03 
 4.59800000e-08  3.85632682e-03 
 4.60000000e-08  3.92476187e-03 
 4.60200000e-08  3.99257570e-03 
 4.60400000e-08  4.05975762e-03 
 4.60600000e-08  4.12629705e-03 
 4.60800000e-08  4.19218350e-03 
 4.61000000e-08  4.25740659e-03 
 4.61200000e-08  4.32195606e-03 
 4.61400000e-08  4.38582173e-03 
 4.61600000e-08  4.44899356e-03 
 4.61800000e-08  4.51146160e-03 
 4.62000000e-08  4.57321601e-03 
 4.62200000e-08  4.63424710e-03 
 4.62400000e-08  4.69454524e-03 
 4.62600000e-08  4.75410097e-03 
 4.62800000e-08  4.81290492e-03 
 4.63000000e-08  4.87094784e-03 
 4.63200000e-08  4.92822062e-03 
 4.63400000e-08  4.98471426e-03 
 4.63600000e-08  5.04041987e-03 
 4.63800000e-08  5.09532872e-03 
 4.64000000e-08  5.14943218e-03 
 4.64200000e-08  5.20272175e-03 
 4.64400000e-08  5.25518908e-03 
 4.64600000e-08  5.30682593e-03 
 4.64800000e-08  5.35762420e-03 
 4.65000000e-08  5.40757592e-03 
 4.65200000e-08  5.45667326e-03 
 4.65400000e-08  5.50490852e-03 
 4.65600000e-08  5.55227414e-03 
 4.65800000e-08  5.59876269e-03 
 4.66000000e-08  5.64436690e-03 
 4.66200000e-08  5.68907961e-03 
 4.66400000e-08  5.73289383e-03 
 4.66600000e-08  5.77580269e-03 
 4.66800000e-08  5.81779948e-03 
 4.67000000e-08  5.85887762e-03 
 4.67200000e-08  5.89903067e-03 
 4.67400000e-08  5.93825237e-03 
 4.67600000e-08  5.97653657e-03 
 4.67800000e-08  6.01387728e-03 
 4.68000000e-08  6.05026866e-03 
 4.68200000e-08  6.08570503e-03 
 4.68400000e-08  6.12018084e-03 
 4.68600000e-08  6.15369070e-03 
 4.68800000e-08  6.18622938e-03 
 4.69000000e-08  6.21779178e-03 
 4.69200000e-08  6.24837299e-03 
 4.69400000e-08  6.27796822e-03 
 4.69600000e-08  6.30657284e-03 
 4.69800000e-08  6.33418240e-03 
 4.70000000e-08  6.36079257e-03 
 4.70200000e-08  6.38639921e-03 
 4.70400000e-08  6.41099831e-03 
 4.70600000e-08  6.43458604e-03 
 4.70800000e-08  6.45715871e-03 
 4.71000000e-08  6.47871280e-03 
 4.71200000e-08  6.49924495e-03 
 4.71400000e-08  6.51875196e-03 
 4.71600000e-08  6.53723077e-03 
 4.71800000e-08  6.55467851e-03 
 4.72000000e-08  6.57109246e-03 
 4.72200000e-08  6.58647005e-03 
 4.72400000e-08  6.60080889e-03 
 4.72600000e-08  6.61410673e-03 
 4.72800000e-08  6.62636151e-03 
 4.73000000e-08  6.63757131e-03 
 4.73200000e-08  6.64773439e-03 
 4.73400000e-08  6.65684916e-03 
 4.73600000e-08  6.66491420e-03 
 4.73800000e-08  6.67192825e-03 
 4.74000000e-08  6.67789021e-03 
 4.74200000e-08  6.68279917e-03 
 4.74400000e-08  6.68665434e-03 
 4.74600000e-08  6.68945514e-03 
 4.74800000e-08  6.69120111e-03 
 4.75000000e-08  6.69189200e-03 
 4.75200000e-08  6.69152769e-03 
 4.75400000e-08  6.69010823e-03 
 4.75600000e-08  6.68763385e-03 
 4.75800000e-08  6.68410494e-03 
 4.76000000e-08  6.67952204e-03 
 4.76200000e-08  6.67388586e-03 
 4.76400000e-08  6.66719729e-03 
 4.76600000e-08  6.65945736e-03 
 4.76800000e-08  6.65066728e-03 
 4.77000000e-08  6.64082843e-03 
 4.77200000e-08  6.62994233e-03 
 4.77400000e-08  6.61801067e-03 
 4.77600000e-08  6.60503533e-03 
 4.77800000e-08  6.59101832e-03 
 4.78000000e-08  6.57596183e-03 
 4.78200000e-08  6.55986820e-03 
 4.78400000e-08  6.54273995e-03 
 4.78600000e-08  6.52457974e-03 
 4.78800000e-08  6.50539041e-03 
 4.79000000e-08  6.48517495e-03 
 4.79200000e-08  6.46393652e-03 
 4.79400000e-08  6.44167842e-03 
 4.79600000e-08  6.41840413e-03 
 4.79800000e-08  6.39411728e-03 
 4.80000000e-08  6.36882166e-03 
 4.80200000e-08  6.34252122e-03 
 4.80400000e-08  6.31522007e-03 
 4.80600000e-08  6.28692247e-03 
 4.80800000e-08  6.25763283e-03 
 4.81000000e-08  6.22735574e-03 
 4.81200000e-08  6.19609591e-03 
 4.81400000e-08  6.16385824e-03 
 4.81600000e-08  6.13064776e-03 
 4.81800000e-08  6.09646967e-03 
 4.82000000e-08  6.06132929e-03 
 4.82200000e-08  6.02523213e-03 
 4.82400000e-08  5.98818384e-03 
 4.82600000e-08  5.95019019e-03 
 4.82800000e-08  5.91125715e-03 
 4.83000000e-08  5.87139079e-03 
 4.83200000e-08  5.83059736e-03 
 4.83400000e-08  5.78888324e-03 
 4.83600000e-08  5.74625496e-03 
 4.83800000e-08  5.70271919e-03 
 4.84000000e-08  5.65828275e-03 
 4.84200000e-08  5.61295260e-03 
 4.84400000e-08  5.56673585e-03 
 4.84600000e-08  5.51963972e-03 
 4.84800000e-08  5.47167162e-03 
 4.85000000e-08  5.42283904e-03 
 4.85200000e-08  5.37314966e-03 
 4.85400000e-08  5.32261125e-03 
 4.85600000e-08  5.27123176e-03 
 4.85800000e-08  5.21901923e-03 
 4.86000000e-08  5.16598187e-03 
 4.86200000e-08  5.11212799e-03 
 4.86400000e-08  5.05746605e-03 
 4.86600000e-08  5.00200464e-03 
 4.86800000e-08  4.94575246e-03 
 4.87000000e-08  4.88871836e-03 
 4.87200000e-08  4.83091129e-03 
 4.87400000e-08  4.77234033e-03 
 4.87600000e-08  4.71301470e-03 
 4.87800000e-08  4.65294372e-03 
 4.88000000e-08  4.59213684e-03 
 4.88200000e-08  4.53060363e-03 
 4.88400000e-08  4.46835376e-03 
 4.88600000e-08  4.40539703e-03 
 4.88800000e-08  4.34174335e-03 
 4.89000000e-08  4.27740275e-03 
 4.89200000e-08  4.21238535e-03 
 4.89400000e-08  4.14670139e-03 
 4.89600000e-08  4.08036123e-03 
 4.89800000e-08  4.01337531e-03 
 4.90000000e-08  3.94575420e-03 
 4.90200000e-08  3.87750854e-03 
 4.90400000e-08  3.80864911e-03 
 4.90600000e-08  3.73918677e-03 
 4.90800000e-08  3.66913246e-03 
 4.91000000e-08  3.59849724e-03 
 4.91200000e-08  3.52729226e-03 
 4.91400000e-08  3.45552875e-03 
 4.91600000e-08  3.38321805e-03 
 4.91800000e-08  3.31037158e-03 
 4.92000000e-08  3.23700082e-03 
 4.92200000e-08  3.16311738e-03 
 4.92400000e-08  3.08873293e-03 
 4.92600000e-08  3.01385922e-03 
 4.92800000e-08  2.93850808e-03 
 4.93000000e-08  2.86269142e-03 
 4.93200000e-08  2.78642123e-03 
 4.93400000e-08  2.70970957e-03 
 4.93600000e-08  2.63256857e-03 
 4.93800000e-08  2.55501044e-03 
 4.94000000e-08  2.47704743e-03 
 4.94200000e-08  2.39869189e-03 
 4.94400000e-08  2.31995621e-03 
 4.94600000e-08  2.24085287e-03 
 4.94800000e-08  2.16139436e-03 
 4.95000000e-08  2.08159329e-03 
 4.95200000e-08  2.00146227e-03 
 4.95400000e-08  1.92101400e-03 
 4.95600000e-08  1.84026123e-03 
 4.95800000e-08  1.75921673e-03 
 4.96000000e-08  1.67789335e-03 
 4.96200000e-08  1.59630398e-03 
 4.96400000e-08  1.51446153e-03 
 4.96600000e-08  1.43237898e-03 
 4.96800000e-08  1.35006933e-03 
 4.97000000e-08  1.26754563e-03 
 4.97200000e-08  1.18482096e-03 
 4.97400000e-08  1.10190843e-03 
 4.97600000e-08  1.01882118e-03 
 4.97800000e-08  9.35572397e-04 
 4.98000000e-08  8.52175264e-04 
 4.98200000e-08  7.68643009e-04 
 4.98400000e-08  6.84988876e-04 
 4.98600000e-08  6.01226131e-04 
 4.98800000e-08  5.17368056e-04 
 4.99000000e-08  4.33427949e-04 
 4.99200000e-08  3.49419122e-04 
 4.99400000e-08  2.65354898e-04 
 4.99600000e-08  1.81248607e-04 
 4.99800000e-08  9.71135912e-05 
 5.00000000e-08  1.29631912e-05 
 5.00200000e-08 -7.11892454e-05 
 5.00400000e-08 -1.55330373e-04 
 5.00600000e-08 -2.39446848e-04 
 5.00800000e-08 -3.23525327e-04 
 5.01000000e-08 -4.07552480e-04 
 5.01200000e-08 -4.91514979e-04 
 5.01400000e-08 -5.75399509e-04 
 5.01600000e-08 -6.59192768e-04 
 5.01800000e-08 -7.42881471e-04 
 5.02000000e-08 -8.26452344e-04 
 5.02200000e-08 -9.09892139e-04 
 5.02400000e-08 -9.93187627e-04 
 5.02600000e-08 -1.07632560e-03 
 5.02800000e-08 -1.15929288e-03 
 5.03000000e-08 -1.24207632e-03 
 5.03200000e-08 -1.32466279e-03 
 5.03400000e-08 -1.40703920e-03 
 5.03600000e-08 -1.48919251e-03 
 5.03800000e-08 -1.57110968e-03 
 5.04000000e-08 -1.65277775e-03 
 5.04200000e-08 -1.73418377e-03 
 5.04400000e-08 -1.81531485e-03 
 5.04600000e-08 -1.89615814e-03 
 5.04800000e-08 -1.97670082e-03 
 5.05000000e-08 -2.05693016e-03 
 5.05200000e-08 -2.13683343e-03 
 5.05400000e-08 -2.21639801e-03 
 5.05600000e-08 -2.29561128e-03 
 5.05800000e-08 -2.37446071e-03 
 5.06000000e-08 -2.45293382e-03 
 5.06200000e-08 -2.53101820e-03 
 5.06400000e-08 -2.60870149e-03 
 5.06600000e-08 -2.68597140e-03 
 5.06800000e-08 -2.76281571e-03 
 5.07000000e-08 -2.83922228e-03 
 5.07200000e-08 -2.91517902e-03 
 5.07400000e-08 -2.99067392e-03 
 5.07600000e-08 -3.06569505e-03 
 5.07800000e-08 -3.14023055e-03 
 5.08000000e-08 -3.21426866e-03 
 5.08200000e-08 -3.28779766e-03 
 5.08400000e-08 -3.36080596e-03 
 5.08600000e-08 -3.43328202e-03 
 5.08800000e-08 -3.50521440e-03 
 5.09000000e-08 -3.57659174e-03 
 5.09200000e-08 -3.64740277e-03 
 5.09400000e-08 -3.71763634e-03 
 5.09600000e-08 -3.78728135e-03 
 5.09800000e-08 -3.85632682e-03 
 5.10000000e-08 -3.92476187e-03 
 5.10200000e-08 -3.99257570e-03 
 5.10400000e-08 -4.05975762e-03 
 5.10600000e-08 -4.12629705e-03 
 5.10800000e-08 -4.19218350e-03 
 5.11000000e-08 -4.25740659e-03 
 5.11200000e-08 -4.32195606e-03 
 5.11400000e-08 -4.38582173e-03 
 5.11600000e-08 -4.44899356e-03 
 5.11800000e-08 -4.51146160e-03 
 5.12000000e-08 -4.57321601e-03 
 5.12200000e-08 -4.63424710e-03 
 5.12400000e-08 -4.69454524e-03 
 5.12600000e-08 -4.75410097e-03 
 5.12800000e-08 -4.81290492e-03 
 5.13000000e-08 -4.87094784e-03 
 5.13200000e-08 -4.92822062e-03 
 5.13400000e-08 -4.98471426e-03 
 5.13600000e-08 -5.04041987e-03 
 5.13800000e-08 -5.09532872e-03 
 5.14000000e-08 -5.14943218e-03 
 5.14200000e-08 -5.20272175e-03 
 5.14400000e-08 -5.25518908e-03 
 5.14600000e-08 -5.30682593e-03 
 5.14800000e-08 -5.35762420e-03 
 5.15000000e-08 -5.40757592e-03 
 5.15200000e-08 -5.45667326e-03 
 5.15400000e-08 -5.50490852e-03 
 5.15600000e-08 -5.55227414e-03 
 5.15800000e-08 -5.59876269e-03 
 5.16000000e-08 -5.64436690e-03 
 5.16200000e-08 -5.68907961e-03 
 5.16400000e-08 -5.73289383e-03 
 5.16600000e-08 -5.77580269e-03 
 5.16800000e-08 -5.81779948e-03 
 5.17000000e-08 -5.85887762e-03 
 5.17200000e-08 -5.89903067e-03 
 5.17400000e-08 -5.93825237e-03 
 5.17600000e-08 -5.97653657e-03 
 5.17800000e-08 -6.01387728e-03 
 5.18000000e-08 -6.05026866e-03 
 5.18200000e-08 -6.08570503e-03 
 5.18400000e-08 -6.12018084e-03 
 5.18600000e-08 -6.15369070e-03 
 5.18800000e-08 -6.18622938e-03 
 5.19000000e-08 -6.21779178e-03 
 5.19200000e-08 -6.24837299e-03 
 5.19400000e-08 -6.27796822e-03 
 5.19600000e-08 -6.30657284e-03 
 5.19800000e-08 -6.33418239e-03 
 5.20000000e-08 -6.36079257e-03 
 5.20200000e-08 -6.38639921e-03 
 5.20400000e-08 -6.41099831e-03 
 5.20600000e-08 -6.43458604e-03 
 5.20800000e-08 -6.45715871e-03 
 5.21000000e-08 -6.47871280e-03 
 5.21200000e-08 -6.49924496e-03 
 5.21400000e-08 -6.51875196e-03 
 5.21600000e-08 -6.53723077e-03 
 5.21800000e-08 -6.55467851e-03 
 5.22000000e-08 -6.57109246e-03 
 5.22200000e-08 -6.58647005e-03 
 5.22400000e-08 -6.60080889e-03 
 5.22600000e-08 -6.61410673e-03 
 5.22800000e-08 -6.62636151e-03 
 5.23000000e-08 -6.63757131e-03 
 5.23200000e-08 -6.64773439e-03 
 5.23400000e-08 -6.65684916e-03 
 5.23600000e-08 -6.66491420e-03 
 5.23800000e-08 -6.67192825e-03 
 5.24000000e-08 -6.67789021e-03 
 5.24200000e-08 -6.68279917e-03 
 5.24400000e-08 -6.68665434e-03 
 5.24600000e-08 -6.68945514e-03 
 5.24800000e-08 -6.69120111e-03 
 5.25000000e-08 -6.69189200e-03 
 5.25200000e-08 -6.69152769e-03 
 5.25400000e-08 -6.69010823e-03 
 5.25600000e-08 -6.68763385e-03 
 5.25800000e-08 -6.68410494e-03 
 5.26000000e-08 -6.67952204e-03 
 5.26200000e-08 -6.67388586e-03 
 5.26400000e-08 -6.66719729e-03 
 5.26600000e-08 -6.65945736e-03 
 5.26800000e-08 -6.65066728e-03 
 5.27000000e-08 -6.64082843e-03 
 5.27200000e-08 -6.62994232e-03 
 5.27400000e-08 -6.61801067e-03 
 5.27600000e-08 -6.60503533e-03 
 5.27800000e-08 -6.59101832e-03 
 5.28000000e-08 -6.57596183e-03 
 5.28200000e-08 -6.55986821e-03 
 5.28400000e-08 -6.54273995e-03 
 5.28600000e-08 -6.52457975e-03 
 5.28800000e-08 -6.50539041e-03 
 5.29000000e-08 -6.48517496e-03 
 5.29200000e-08 -6.46393652e-03 
 5.29400000e-08 -6.44167842e-03 
 5.29600000e-08 -6.41840413e-03 
 5.29800000e-08 -6.39411728e-03 
 5.30000000e-08 -6.36882166e-03 
 5.30200000e-08 -6.34252122e-03 
 5.30400000e-08 -6.31522007e-03 
 5.30600000e-08 -6.28692247e-03 
 5.30800000e-08 -6.25763283e-03 
 5.31000000e-08 -6.22735574e-03 
 5.31200000e-08 -6.19609591e-03 
 5.31400000e-08 -6.16385824e-03 
 5.31600000e-08 -6.13064776e-03 
 5.31800000e-08 -6.09646967e-03 
 5.32000000e-08 -6.06132929e-03 
 5.32200000e-08 -6.02523213e-03 
 5.32400000e-08 -5.98818384e-03 
 5.32600000e-08 -5.95019019e-03 
 5.32800000e-08 -5.91125715e-03 
 5.33000000e-08 -5.87139079e-03 
 5.33200000e-08 -5.83059736e-03 
 5.33400000e-08 -5.78888324e-03 
 5.33600000e-08 -5.74625496e-03 
 5.33800000e-08 -5.70271919e-03 
 5.34000000e-08 -5.65828275e-03 
 5.34200000e-08 -5.61295260e-03 
 5.34400000e-08 -5.56673585e-03 
 5.34600000e-08 -5.51963972e-03 
 5.34800000e-08 -5.47167162e-03 
 5.35000000e-08 -5.42283904e-03 
 5.35200000e-08 -5.37314966e-03 
 5.35400000e-08 -5.32261125e-03 
 5.35600000e-08 -5.27123176e-03 
 5.35800000e-08 -5.21901923e-03 
 5.36000000e-08 -5.16598187e-03 
 5.36200000e-08 -5.11212799e-03 
 5.36400000e-08 -5.05746605e-03 
 5.36600000e-08 -5.00200464e-03 
 5.36800000e-08 -4.94575246e-03 
 5.37000000e-08 -4.88871836e-03 
 5.37200000e-08 -4.83091129e-03 
 5.37400000e-08 -4.77234033e-03 
 5.37600000e-08 -4.71301470e-03 
 5.37800000e-08 -4.65294372e-03 
 5.38000000e-08 -4.59213684e-03 
 5.38200000e-08 -4.53060363e-03 
 5.38400000e-08 -4.46835376e-03 
 5.38600000e-08 -4.40539703e-03 
 5.38800000e-08 -4.34174335e-03 
 5.39000000e-08 -4.27740275e-03 
 5.39200000e-08 -4.21238535e-03 
 5.39400000e-08 -4.14670139e-03 
 5.39600000e-08 -4.08036123e-03 
 5.39800000e-08 -4.01337531e-03 
 5.40000000e-08 -3.94575420e-03 
 5.40200000e-08 -3.87750854e-03 
 5.40400000e-08 -3.80864911e-03 
 5.40600000e-08 -3.73918677e-03 
 5.40800000e-08 -3.66913246e-03 
 5.41000000e-08 -3.59849724e-03 
 5.41200000e-08 -3.52729226e-03 
 5.41400000e-08 -3.45552875e-03 
 5.41600000e-08 -3.38321805e-03 
 5.41800000e-08 -3.31037157e-03 
 5.42000000e-08 -3.23700082e-03 
 5.42200000e-08 -3.16311738e-03 
 5.42400000e-08 -3.08873293e-03 
 5.42600000e-08 -3.01385922e-03 
 5.42800000e-08 -2.93850808e-03 
 5.43000000e-08 -2.86269142e-03 
 5.43200000e-08 -2.78642123e-03 
 5.43400000e-08 -2.70970957e-03 
 5.43600000e-08 -2.63256857e-03 
 5.43800000e-08 -2.55501044e-03 
 5.44000000e-08 -2.47704743e-03 
 5.44200000e-08 -2.39869189e-03 
 5.44400000e-08 -2.31995622e-03 
 5.44600000e-08 -2.24085287e-03 
 5.44800000e-08 -2.16139436e-03 
 5.45000000e-08 -2.08159329e-03 
 5.45200000e-08 -2.00146227e-03 
 5.45400000e-08 -1.92101400e-03 
 5.45600000e-08 -1.84026123e-03 
 5.45800000e-08 -1.75921673e-03 
 5.46000000e-08 -1.67789335e-03 
 5.46200000e-08 -1.59630398e-03 
 5.46400000e-08 -1.51446153e-03 
 5.46600000e-08 -1.43237897e-03 
 5.46800000e-08 -1.35006933e-03 
 5.47000000e-08 -1.26754563e-03 
 5.47200000e-08 -1.18482096e-03 
 5.47400000e-08 -1.10190843e-03 
 5.47600000e-08 -1.01882118e-03 
 5.47800000e-08 -9.35572397e-04 
 5.48000000e-08 -8.52175264e-04 
 5.48200000e-08 -7.68643009e-04 
 5.48400000e-08 -6.84988876e-04 
 5.48600000e-08 -6.01226131e-04 
 5.48800000e-08 -5.17368057e-04 
 5.49000000e-08 -4.33427949e-04 
 5.49200000e-08 -3.49419122e-04 
 5.49400000e-08 -2.65354897e-04 
 5.49600000e-08 -1.81248607e-04 
 5.49800000e-08 -9.71135904e-05 
 5.50000000e-08 -1.29631914e-05 
 5.50200000e-08  7.11892451e-05 
 5.50400000e-08  1.55330373e-04 
 5.50600000e-08  2.39446847e-04 
 5.50800000e-08  3.23525328e-04 
 5.51000000e-08  4.07552480e-04 
 5.51200000e-08  4.91514979e-04 
 5.51400000e-08  5.75399509e-04 
 5.51600000e-08  6.59192769e-04 
 5.51800000e-08  7.42881471e-04 
 5.52000000e-08  8.26452344e-04 
 5.52200000e-08  9.09892139e-04 
 5.52400000e-08  9.93187626e-04 
 5.52600000e-08  1.07632560e-03 
 5.52800000e-08  1.15929288e-03 
 5.53000000e-08  1.24207632e-03 
 5.53200000e-08  1.32466279e-03 
 5.53400000e-08  1.40703920e-03 
 5.53600000e-08  1.48919251e-03 
 5.53800000e-08  1.57110968e-03 
 5.54000000e-08  1.65277775e-03 
 5.54200000e-08  1.73418377e-03 
 5.54400000e-08  1.81531485e-03 
 5.54600000e-08  1.89615814e-03 
 5.54800000e-08  1.97670082e-03 
 5.55000000e-08  2.05693016e-03 
 5.55200000e-08  2.13683343e-03 
 5.55400000e-08  2.21639800e-03 
 5.55600000e-08  2.29561127e-03 
 5.55800000e-08  2.37446070e-03 
 5.56000000e-08  2.45293382e-03 
 5.56200000e-08  2.53101820e-03 
 5.56400000e-08  2.60870149e-03 
 5.56600000e-08  2.68597140e-03 
 5.56800000e-08  2.76281571e-03 
 5.57000000e-08  2.83922228e-03 
 5.57200000e-08  2.91517902e-03 
 5.57400000e-08  2.99067392e-03 
 5.57600000e-08  3.06569505e-03 
 5.57800000e-08  3.14023055e-03 
 5.58000000e-08  3.21426866e-03 
 5.58200000e-08  3.28779766e-03 
 5.58400000e-08  3.36080596e-03 
 5.58600000e-08  3.43328202e-03 
 5.58800000e-08  3.50521440e-03 
 5.59000000e-08  3.57659174e-03 
 5.59200000e-08  3.64740277e-03 
 5.59400000e-08  3.71763634e-03 
 5.59600000e-08  3.78728135e-03 
 5.59800000e-08  3.85632682e-03 
 5.60000000e-08  3.92476187e-03 
 5.60200000e-08  3.99257569e-03 
 5.60400000e-08  4.05975762e-03 
 5.60600000e-08  4.12629705e-03 
 5.60800000e-08  4.19218350e-03 
 5.61000000e-08  4.25740659e-03 
 5.61200000e-08  4.32195606e-03 
 5.61400000e-08  4.38582173e-03 
 5.61600000e-08  4.44899356e-03 
 5.61800000e-08  4.51146160e-03 
 5.62000000e-08  4.57321601e-03 
 5.62200000e-08  4.63424710e-03 
 5.62400000e-08  4.69454524e-03 
 5.62600000e-08  4.75410097e-03 
 5.62800000e-08  4.81290492e-03 
 5.63000000e-08  4.87094784e-03 
 5.63200000e-08  4.92822062e-03 
 5.63400000e-08  4.98471426e-03 
 5.63600000e-08  5.04041987e-03 
 5.63800000e-08  5.09532872e-03 
 5.64000000e-08  5.14943218e-03 
 5.64200000e-08  5.20272175e-03 
 5.64400000e-08  5.25518908e-03 
 5.64600000e-08  5.30682593e-03 
 5.64800000e-08  5.35762420e-03 
 5.65000000e-08  5.40757592e-03 
 5.65200000e-08  5.45667326e-03 
 5.65400000e-08  5.50490852e-03 
 5.65600000e-08  5.55227414e-03 
 5.65800000e-08  5.59876269e-03 
 5.66000000e-08  5.64436690e-03 
 5.66200000e-08  5.68907961e-03 
 5.66400000e-08  5.73289383e-03 
 5.66600000e-08  5.77580269e-03 
 5.66800000e-08  5.81779948e-03 
 5.67000000e-08  5.85887762e-03 
 5.67200000e-08  5.89903067e-03 
 5.67400000e-08  5.93825237e-03 
 5.67600000e-08  5.97653657e-03 
 5.67800000e-08  6.01387728e-03 
 5.68000000e-08  6.05026866e-03 
 5.68200000e-08  6.08570503e-03 
 5.68400000e-08  6.12018084e-03 
 5.68600000e-08  6.15369070e-03 
 5.68800000e-08  6.18622938e-03 
 5.69000000e-08  6.21779179e-03 
 5.69200000e-08  6.24837299e-03 
 5.69400000e-08  6.27796822e-03 
 5.69600000e-08  6.30657284e-03 
 5.69800000e-08  6.33418240e-03 
 5.70000000e-08  6.36079257e-03 
 5.70200000e-08  6.38639921e-03 
 5.70400000e-08  6.41099831e-03 
 5.70600000e-08  6.43458604e-03 
 5.70800000e-08  6.45715871e-03 
 5.71000000e-08  6.47871280e-03 
 5.71200000e-08  6.49924496e-03 
 5.71400000e-08  6.51875196e-03 
 5.71600000e-08  6.53723077e-03 
 5.71800000e-08  6.55467851e-03 
 5.72000000e-08  6.57109246e-03 
 5.72200000e-08  6.58647005e-03 
 5.72400000e-08  6.60080889e-03 
 5.72600000e-08  6.61410673e-03 
 5.72800000e-08  6.62636151e-03 
 5.73000000e-08  6.63757131e-03 
 5.73200000e-08  6.64773439e-03 
 5.73400000e-08  6.65684916e-03 
 5.73600000e-08  6.66491420e-03 
 5.73800000e-08  6.67192825e-03 
 5.74000000e-08  6.67789021e-03 
 5.74200000e-08  6.68279917e-03 
 5.74400000e-08  6.68665434e-03 
 5.74600000e-08  6.68945514e-03 
 5.74800000e-08  6.69120111e-03 
 5.75000000e-08  6.69189200e-03 
 5.75200000e-08  6.69152769e-03 
 5.75400000e-08  6.69010823e-03 
 5.75600000e-08  6.68763385e-03 
 5.75800000e-08  6.68410494e-03 
 5.76000000e-08  6.67952204e-03 
 5.76200000e-08  6.67388586e-03 
 5.76400000e-08  6.66719729e-03 
 5.76600000e-08  6.65945736e-03 
 5.76800000e-08  6.65066728e-03 
 5.77000000e-08  6.64082843e-03 
 5.77200000e-08  6.62994232e-03 
 5.77400000e-08  6.61801067e-03 
 5.77600000e-08  6.60503533e-03 
 5.77800000e-08  6.59101832e-03 
 5.78000000e-08  6.57596183e-03 
 5.78200000e-08  6.55986821e-03 
 5.78400000e-08  6.54273995e-03 
 5.78600000e-08  6.52457975e-03 
 5.78800000e-08  6.50539042e-03 
 5.79000000e-08  6.48517495e-03 
 5.79200000e-08  6.46393652e-03 
 5.79400000e-08  6.44167842e-03 
 5.79600000e-08  6.41840413e-03 
 5.79800000e-08  6.39411728e-03 
 5.80000000e-08  6.36882166e-03 
 5.80200000e-08  6.34252122e-03 
 5.80400000e-08  6.31522007e-03 
 5.80600000e-08  6.28692247e-03 
 5.80800000e-08  6.25763283e-03 
 5.81000000e-08  6.22735574e-03 
 5.81200000e-08  6.19609591e-03 
 5.81400000e-08  6.16385824e-03 
 5.81600000e-08  6.13064776e-03 
 5.81800000e-08  6.09646967e-03 
 5.82000000e-08  6.06132929e-03 
 5.82200000e-08  6.02523213e-03 
 5.82400000e-08  5.98818384e-03 
 5.82600000e-08  5.95019019e-03 
 5.82800000e-08  5.91125715e-03 
 5.83000000e-08  5.87139079e-03 
 5.83200000e-08  5.83059736e-03 
 5.83400000e-08  5.78888324e-03 
 5.83600000e-08  5.74625496e-03 
 5.83800000e-08  5.70271919e-03 
 5.84000000e-08  5.65828275e-03 
 5.84200000e-08  5.61295260e-03 
 5.84400000e-08  5.56673585e-03 
 5.84600000e-08  5.51963972e-03 
 5.84800000e-08  5.47167162e-03 
 5.85000000e-08  5.42283904e-03 
 5.85200000e-08  5.37314966e-03 
 5.85400000e-08  5.32261125e-03 
 5.85600000e-08  5.27123176e-03 
 5.85800000e-08  5.21901923e-03 
 5.86000000e-08  5.16598187e-03 
 5.86200000e-08  5.11212799e-03 
 5.86400000e-08  5.05746605e-03 
 5.86600000e-08  5.00200464e-03 
 5.86800000e-08  4.94575246e-03 
 5.87000000e-08  4.88871836e-03 
 5.87200000e-08  4.83091128e-03 
 5.87400000e-08  4.77234033e-03 
 5.87600000e-08  4.71301470e-03 
 5.87800000e-08  4.65294372e-03 
 5.88000000e-08  4.59213684e-03 
 5.88200000e-08  4.53060363e-03 
 5.88400000e-08  4.46835376e-03 
 5.88600000e-08  4.40539703e-03 
 5.88800000e-08  4.34174335e-03 
 5.89000000e-08  4.27740275e-03 
 5.89200000e-08  4.21238535e-03 
 5.89400000e-08  4.14670139e-03 
 5.89600000e-08  4.08036123e-03 
 5.89800000e-08  4.01337531e-03 
 5.90000000e-08  3.94575420e-03 
 5.90200000e-08  3.87750854e-03 
 5.90400000e-08  3.80864911e-03 
 5.90600000e-08  3.73918677e-03 
 5.90800000e-08  3.66913246e-03 
 5.91000000e-08  3.59849724e-03 
 5.91200000e-08  3.52729226e-03 
 5.91400000e-08  3.45552875e-03 
 5.91600000e-08  3.38321805e-03 
 5.91800000e-08  3.31037157e-03 
 5.92000000e-08  3.23700082e-03 
 5.92200000e-08  3.16311738e-03 
 5.92400000e-08  3.08873293e-03 
 5.92600000e-08  3.01385922e-03 
 5.92800000e-08  2.93850808e-03 
 5.93000000e-08  2.86269142e-03 
 5.93200000e-08  2.78642123e-03 
 5.93400000e-08  2.70970957e-03 
 5.93600000e-08  2.63256858e-03 
 5.93800000e-08  2.55501044e-03 
 5.94000000e-08  2.47704743e-03 
 5.94200000e-08  2.39869189e-03 
 5.94400000e-08  2.31995622e-03 
 5.94600000e-08  2.24085287e-03 
 5.94800000e-08  2.16139436e-03 
 5.95000000e-08  2.08159329e-03 
 5.95200000e-08  2.00146227e-03 
 5.95400000e-08  1.92101400e-03 
 5.95600000e-08  1.84026123e-03 
 5.95800000e-08  1.75921673e-03 
 5.96000000e-08  1.67789335e-03 
 5.96200000e-08  1.59630398e-03 
 5.96400000e-08  1.51446153e-03 
 5.96600000e-08  1.43237898e-03 
 5.96800000e-08  1.35006933e-03 
 5.97000000e-08  1.26754563e-03 
 5.97200000e-08  1.18482096e-03 
 5.97400000e-08  1.10190843e-03 
 5.97600000e-08  1.01882118e-03 
 5.97800000e-08  9.35572397e-04 
 5.98000000e-08  8.52175264e-04 
 5.98200000e-08  7.68643009e-04 
 5.98400000e-08  6.84988876e-04 
 5.98600000e-08  6.01226130e-04 
 5.98800000e-08  5.17368056e-04 
 5.99000000e-08  4.33427950e-04 
 5.99200000e-08  3.49419122e-04 
 5.99400000e-08  2.65354898e-04 
 5.99600000e-08  1.81248608e-04 
 5.99800000e-08  9.71135919e-05 
 6.00000000e-08  1.29632606e-05 
