 0.00000000e+00  0.00000000e+00 
 2.00000000e-11  1.65321579e-05 
 4.00000000e-11 -1.39682902e-04 
 6.00000000e-11 -3.63931382e-04 
 8.00000000e-11 -6.14160197e-04 
 1.00000000e-10 -8.69078121e-04 
 1.20000000e-10 -1.12200329e-03 
 1.40000000e-10 -1.37156919e-03 
 1.60000000e-10 -1.61808383e-03 
 1.80000000e-10 -1.86223038e-03 
 2.00000000e-10 -2.10461765e-03 
 2.20000000e-10 -2.34570397e-03 
 2.40000000e-10 -2.58578579e-03 
 2.60000000e-10 -2.82505495e-03 
 2.80000000e-10 -3.06361287e-03 
 3.00000000e-10 -3.30151799e-03 
 3.20000000e-10 -3.53878449e-03 
 3.40000000e-10 -3.77541461e-03 
 3.60000000e-10 -4.01138742e-03 
 3.80000000e-10 -4.24668302e-03 
 4.00000000e-10 -4.48126708e-03 
 4.20000000e-10 -4.71511126e-03 
 4.40000000e-10 -4.94817642e-03 
 4.60000000e-10 -5.18043111e-03 
 4.80000000e-10 -5.41183467e-03 
 5.00000000e-10 -5.64235462e-03 
 5.20000000e-10 -5.87195004e-03 
 5.40000000e-10 -6.10058822e-03 
 5.60000000e-10 -6.32822847e-03 
 5.80000000e-10 -6.55483817e-03 
 6.00000000e-10 -6.78037707e-03 
 6.20000000e-10 -7.00481277e-03 
 6.40000000e-10 -7.22810554e-03 
 6.60000000e-10 -7.45022330e-03 
 6.80000000e-10 -7.67112688e-03 
 7.00000000e-10 -7.89078454e-03 
 7.20000000e-10 -8.10915772e-03 
 7.40000000e-10 -8.32621505e-03 
 7.60000000e-10 -8.54191862e-03 
 7.80000000e-10 -8.75623743e-03 
 8.00000000e-10 -8.96913425e-03 
 8.20000000e-10 -9.18057851e-03 
 8.40000000e-10 -9.39053364e-03 
 8.60000000e-10 -9.59896954e-03 
 8.80000000e-10 -9.80585032e-03 
 9.00000000e-10 -1.00111464e-02 
 9.20000000e-10 -1.02148225e-02 
 9.40000000e-10 -1.04168496e-02 
 9.60000000e-10 -1.06171933e-02 
 9.80000000e-10 -1.08158249e-02 
 1.00000000e-09 -1.10127107e-02 
 1.02000000e-09 -1.12078228e-02 
 1.04000000e-09 -1.14011281e-02 
 1.06000000e-09 -1.15925992e-02 
 1.08000000e-09 -1.17822039e-02 
 1.10000000e-09 -1.19699153e-02 
 1.12000000e-09 -1.21557021e-02 
 1.14000000e-09 -1.23395380e-02 
 1.16000000e-09 -1.25213923e-02 
 1.18000000e-09 -1.27012395e-02 
 1.20000000e-09 -1.28790497e-02 
 1.22000000e-09 -1.30547979e-02 
 1.24000000e-09 -1.32284552e-02 
 1.26000000e-09 -1.33999972e-02 
 1.28000000e-09 -1.35693958e-02 
 1.30000000e-09 -1.37366273e-02 
 1.32000000e-09 -1.39016643e-02 
 1.34000000e-09 -1.40644840e-02 
 1.36000000e-09 -1.42250597e-02 
 1.38000000e-09 -1.43833693e-02 
 1.40000000e-09 -1.45393870e-02 
 1.42000000e-09 -1.46930914e-02 
 1.44000000e-09 -1.48444576e-02 
 1.46000000e-09 -1.49934648e-02 
 1.48000000e-09 -1.51400890e-02 
 1.50000000e-09 -1.52843102e-02 
 1.52000000e-09 -1.54261052e-02 
 1.54000000e-09 -1.55654548e-02 
 1.56000000e-09 -1.57023365e-02 
 1.58000000e-09 -1.58367320e-02 
 1.60000000e-09 -1.59686197e-02 
 1.62000000e-09 -1.60979818e-02 
 1.64000000e-09 -1.62247979e-02 
 1.66000000e-09 -1.63490508e-02 
 1.68000000e-09 -1.64707210e-02 
 1.70000000e-09 -1.65897920e-02 
 1.72000000e-09 -1.67062452e-02 
 1.74000000e-09 -1.68200650e-02 
 1.76000000e-09 -1.69312334e-02 
 1.78000000e-09 -1.70397358e-02 
 1.80000000e-09 -1.71455550e-02 
 1.82000000e-09 -1.72486772e-02 
 1.84000000e-09 -1.73490861e-02 
 1.86000000e-09 -1.74467686e-02 
 1.88000000e-09 -1.75417093e-02 
 1.90000000e-09 -1.76338959e-02 
 1.92000000e-09 -1.77233139e-02 
 1.94000000e-09 -1.78099517e-02 
 1.96000000e-09 -1.78937957e-02 
 1.98000000e-09 -1.79748352e-02 
 2.00000000e-09 -1.80530573e-02 
 2.02000000e-09 -1.81284522e-02 
 2.04000000e-09 -1.82010079e-02 
 2.06000000e-09 -1.82707151e-02 
 2.08000000e-09 -1.83375631e-02 
 2.10000000e-09 -1.84015432e-02 
 2.12000000e-09 -1.84626454e-02 
 2.14000000e-09 -1.85208620e-02 
 2.16000000e-09 -1.85761837e-02 
 2.18000000e-09 -1.86286038e-02 
 2.20000000e-09 -1.86781138e-02 
 2.22000000e-09 -1.87247077e-02 
 2.24000000e-09 -1.87683779e-02 
 2.26000000e-09 -1.88091192e-02 
 2.28000000e-09 -1.88469248e-02 
 2.30000000e-09 -1.88817903e-02 
 2.32000000e-09 -1.89137100e-02 
 2.34000000e-09 -1.89426800e-02 
 2.36000000e-09 -1.89686955e-02 
 2.38000000e-09 -1.89917536e-02 
 2.40000000e-09 -1.90118501e-02 
 2.42000000e-09 -1.90289830e-02 
 2.44000000e-09 -1.90431490e-02 
 2.46000000e-09 -1.90543468e-02 
 2.48000000e-09 -1.90625740e-02 
 2.50000000e-09 -1.90678301e-02 
 2.52000000e-09 -1.90701137e-02 
 2.54000000e-09 -1.90694249e-02 
 2.56000000e-09 -1.90657630e-02 
 2.58000000e-09 -1.90591293e-02 
 2.60000000e-09 -1.90495238e-02 
 2.62000000e-09 -1.90369485e-02 
 2.64000000e-09 -1.90214043e-02 
 2.66000000e-09 -1.90028939e-02 
 2.68000000e-09 -1.89814193e-02 
 2.70000000e-09 -1.89569840e-02 
 2.72000000e-09 -1.89295905e-02 
 2.74000000e-09 -1.88992434e-02 
 2.76000000e-09 -1.88659460e-02 
 2.78000000e-09 -1.88297037e-02 
 2.80000000e-09 -1.87905207e-02 
 2.82000000e-09 -1.87484030e-02 
 2.84000000e-09 -1.87033559e-02 
 2.86000000e-09 -1.86553862e-02 
 2.88000000e-09 -1.86044999e-02 
 2.90000000e-09 -1.85507047e-02 
 2.92000000e-09 -1.84940075e-02 
 2.94000000e-09 -1.84344167e-02 
 2.96000000e-09 -1.83719401e-02 
 2.98000000e-09 -1.83065870e-02 
 3.00000000e-09 -1.82383660e-02 
 3.02000000e-09 -1.81672872e-02 
 3.04000000e-09 -1.80933601e-02 
 3.06000000e-09 -1.80165955e-02 
 3.08000000e-09 -1.79370040e-02 
 3.10000000e-09 -1.78545971e-02 
 3.12000000e-09 -1.77693861e-02 
 3.14000000e-09 -1.76813835e-02 
 3.16000000e-09 -1.75906014e-02 
 3.18000000e-09 -1.74970532e-02 
 3.20000000e-09 -1.74007518e-02 
 3.22000000e-09 -1.73017115e-02 
 3.24000000e-09 -1.71999460e-02 
 3.26000000e-09 -1.70954703e-02 
 3.28000000e-09 -1.69882991e-02 
 3.30000000e-09 -1.68784482e-02 
 3.32000000e-09 -1.67659332e-02 
 3.34000000e-09 -1.66507706e-02 
 3.36000000e-09 -1.65329770e-02 
 3.38000000e-09 -1.64125698e-02 
 3.40000000e-09 -1.62895661e-02 
 3.42000000e-09 -1.61639844e-02 
 3.44000000e-09 -1.60358426e-02 
 3.46000000e-09 -1.59051600e-02 
 3.48000000e-09 -1.57719554e-02 
 3.50000000e-09 -1.56362488e-02 
 3.52000000e-09 -1.54980599e-02 
 3.54000000e-09 -1.53574095e-02 
 3.56000000e-09 -1.52143181e-02 
 3.58000000e-09 -1.50688075e-02 
 3.60000000e-09 -1.49208988e-02 
 3.62000000e-09 -1.47706147e-02 
 3.64000000e-09 -1.46179772e-02 
 3.66000000e-09 -1.44630095e-02 
 3.68000000e-09 -1.43057348e-02 
 3.70000000e-09 -1.41461769e-02 
 3.72000000e-09 -1.39843597e-02 
 3.74000000e-09 -1.38203080e-02 
 3.76000000e-09 -1.36540463e-02 
 3.78000000e-09 -1.34856003e-02 
 3.80000000e-09 -1.33149953e-02 
 3.82000000e-09 -1.31422576e-02 
 3.84000000e-09 -1.29674134e-02 
 3.86000000e-09 -1.27904898e-02 
 3.88000000e-09 -1.26115136e-02 
 3.90000000e-09 -1.24305128e-02 
 3.92000000e-09 -1.22475149e-02 
 3.94000000e-09 -1.20625484e-02 
 3.96000000e-09 -1.18756419e-02 
 3.98000000e-09 -1.16868245e-02 
 4.00000000e-09 -1.14961253e-02 
 4.02000000e-09 -1.13035743e-02 
 4.04000000e-09 -1.11092013e-02 
 4.06000000e-09 -1.09130369e-02 
 4.08000000e-09 -1.07151116e-02 
 4.10000000e-09 -1.05154567e-02 
 4.12000000e-09 -1.03141033e-02 
 4.14000000e-09 -1.01110833e-02 
 4.16000000e-09 -9.90642865e-03 
 4.18000000e-09 -9.70017174e-03 
 4.20000000e-09 -9.49234507e-03 
 4.22000000e-09 -9.28298174e-03 
 4.24000000e-09 -9.07211483e-03 
 4.26000000e-09 -8.85977802e-03 
 4.28000000e-09 -8.64600495e-03 
 4.30000000e-09 -8.43082987e-03 
 4.32000000e-09 -8.21428698e-03 
 4.34000000e-09 -7.99641105e-03 
 4.36000000e-09 -7.77723683e-03 
 4.38000000e-09 -7.55679959e-03 
 4.40000000e-09 -7.33513459e-03 
 4.42000000e-09 -7.11227759e-03 
 4.44000000e-09 -6.88826432e-03 
 4.46000000e-09 -6.66313100e-03 
 4.48000000e-09 -6.43691382e-03 
 4.50000000e-09 -6.20964943e-03 
 4.52000000e-09 -5.98137445e-03 
 4.54000000e-09 -5.75212592e-03 
 4.56000000e-09 -5.52194088e-03 
 4.58000000e-09 -5.29085674e-03 
 4.60000000e-09 -5.05891088e-03 
 4.62000000e-09 -4.82614110e-03 
 4.64000000e-09 -4.59258511e-03 
 4.66000000e-09 -4.35828101e-03 
 4.68000000e-09 -4.12326683e-03 
 4.70000000e-09 -3.88758095e-03 
 4.72000000e-09 -3.65126170e-03 
 4.74000000e-09 -3.41434770e-03 
 4.76000000e-09 -3.17687753e-03 
 4.78000000e-09 -2.93889005e-03 
 4.80000000e-09 -2.70042403e-03 
 4.82000000e-09 -2.46151854e-03 
 4.84000000e-09 -2.22221255e-03 
 4.86000000e-09 -1.98254527e-03 
 4.88000000e-09 -1.74255583e-03 
 4.90000000e-09 -1.50228359e-03 
 4.92000000e-09 -1.26176777e-03 
 4.94000000e-09 -1.02104784e-03 
 4.96000000e-09 -7.80163117e-04 
 4.98000000e-09 -5.39153129e-04 
 5.00000000e-09 -2.98057258e-04 
 5.02000000e-09 -5.69150569e-05 
 5.04000000e-09  1.84234066e-04 
 5.06000000e-09  4.25350556e-04 
 5.08000000e-09  6.66395015e-04 
 5.10000000e-09  9.07327917e-04 
 5.12000000e-09  1.14810991e-03 
 5.14000000e-09  1.38870152e-03 
 5.16000000e-09  1.62906349e-03 
 5.18000000e-09  1.86915643e-03 
 5.20000000e-09  2.10894118e-03 
 5.22000000e-09  2.34837849e-03 
 5.24000000e-09  2.58742933e-03 
 5.26000000e-09  2.82605463e-03 
 5.28000000e-09  3.06421551e-03 
 5.30000000e-09  3.30187309e-03 
 5.32000000e-09  3.53898871e-03 
 5.34000000e-09  3.77552369e-03 
 5.36000000e-09  4.01143962e-03 
 5.38000000e-09  4.24669807e-03 
 5.40000000e-09  4.48126088e-03 
 5.42000000e-09  4.71508993e-03 
 5.44000000e-09  4.94814733e-03 
 5.46000000e-09  5.18039527e-03 
 5.48000000e-09  5.41179621e-03 
 5.50000000e-09  5.64231266e-03 
 5.52000000e-09  5.87190743e-03 
 5.54000000e-09  6.10054342e-03 
 5.56000000e-09  6.32818380e-03 
 5.58000000e-09  6.55479188e-03 
 5.60000000e-09  6.78033125e-03 
 5.62000000e-09  7.00476562e-03 
 5.64000000e-09  7.22805902e-03 
 5.66000000e-09  7.45017562e-03 
 5.68000000e-09  7.67107992e-03 
 5.70000000e-09  7.89073656e-03 
 5.72000000e-09  8.10911052e-03 
 5.74000000e-09  8.32616694e-03 
 5.76000000e-09  8.54187132e-03 
 5.78000000e-09  8.75618933e-03 
 5.80000000e-09  8.96908700e-03 
 5.82000000e-09  9.18053055e-03 
 5.84000000e-09  9.39048656e-03 
 5.86000000e-09  9.59892182e-03 
 5.88000000e-09  9.80580351e-03 
 5.90000000e-09  1.00110990e-02 
 5.92000000e-09  1.02147761e-02 
 5.94000000e-09  1.04168027e-02 
 5.96000000e-09  1.06171473e-02 
 5.98000000e-09  1.08157785e-02 
 6.00000000e-09  1.10126653e-02 
 6.02000000e-09  1.12077770e-02 
 6.04000000e-09  1.14010832e-02 
 6.06000000e-09  1.15925540e-02 
 6.08000000e-09  1.17821597e-02 
 6.10000000e-09  1.19698709e-02 
 6.12000000e-09  1.21556587e-02 
 6.14000000e-09  1.23394943e-02 
 6.16000000e-09  1.25213496e-02 
 6.18000000e-09  1.27011966e-02 
 6.20000000e-09  1.28790078e-02 
 6.22000000e-09  1.30547559e-02 
 6.24000000e-09  1.32284142e-02 
 6.26000000e-09  1.33999561e-02 
 6.28000000e-09  1.35693557e-02 
 6.30000000e-09  1.37365871e-02 
 6.32000000e-09  1.39016251e-02 
 6.34000000e-09  1.40644447e-02 
 6.36000000e-09  1.42250214e-02 
 6.38000000e-09  1.43833310e-02 
 6.40000000e-09  1.45393497e-02 
 6.42000000e-09  1.46930541e-02 
 6.44000000e-09  1.48444213e-02 
 6.46000000e-09  1.49934285e-02 
 6.48000000e-09  1.51400537e-02 
 6.50000000e-09  1.52842749e-02 
 6.52000000e-09  1.54260708e-02 
 6.54000000e-09  1.55654204e-02 
 6.56000000e-09  1.57023031e-02 
 6.58000000e-09  1.58366986e-02 
 6.60000000e-09  1.59685872e-02 
 6.62000000e-09  1.60979495e-02 
 6.64000000e-09  1.62247665e-02 
 6.66000000e-09  1.63490195e-02 
 6.68000000e-09  1.64706905e-02 
 6.70000000e-09  1.65897617e-02 
 6.72000000e-09  1.67062157e-02 
 6.74000000e-09  1.68200356e-02 
 6.76000000e-09  1.69312049e-02 
 6.78000000e-09  1.70397074e-02 
 6.80000000e-09  1.71455275e-02 
 6.82000000e-09  1.72486498e-02 
 6.84000000e-09  1.73490595e-02 
 6.86000000e-09  1.74467421e-02 
 6.88000000e-09  1.75416836e-02 
 6.90000000e-09  1.76338704e-02 
 6.92000000e-09  1.77232891e-02 
 6.94000000e-09  1.78099271e-02 
 6.96000000e-09  1.78937719e-02 
 6.98000000e-09  1.79748115e-02 
 7.00000000e-09  1.80530344e-02 
 7.02000000e-09  1.81284294e-02 
 7.04000000e-09  1.82009858e-02 
 7.06000000e-09  1.82706932e-02 
 7.08000000e-09  1.83375418e-02 
 7.10000000e-09  1.84015221e-02 
 7.12000000e-09  1.84626250e-02 
 7.14000000e-09  1.85208417e-02 
 7.16000000e-09  1.85761642e-02 
 7.18000000e-09  1.86285844e-02 
 7.20000000e-09  1.86780950e-02 
 7.22000000e-09  1.87246891e-02 
 7.24000000e-09  1.87683599e-02 
 7.26000000e-09  1.88091013e-02 
 7.28000000e-09  1.88469075e-02 
 7.30000000e-09  1.88817733e-02 
 7.32000000e-09  1.89136935e-02 
 7.34000000e-09  1.89426637e-02 
 7.36000000e-09  1.89686797e-02 
 7.38000000e-09  1.89917379e-02 
 7.40000000e-09  1.90118350e-02 
 7.42000000e-09  1.90289680e-02 
 7.44000000e-09  1.90431345e-02 
 7.46000000e-09  1.90543325e-02 
 7.48000000e-09  1.90625602e-02 
 7.50000000e-09  1.90678165e-02 
 7.52000000e-09  1.90701005e-02 
 7.54000000e-09  1.90694119e-02 
 7.56000000e-09  1.90657505e-02 
 7.58000000e-09  1.90591169e-02 
 7.60000000e-09  1.90495119e-02 
 7.62000000e-09  1.90369367e-02 
 7.64000000e-09  1.90213929e-02 
 7.66000000e-09  1.90028827e-02 
 7.68000000e-09  1.89814085e-02 
 7.70000000e-09  1.89569733e-02 
 7.72000000e-09  1.89295802e-02 
 7.74000000e-09  1.88992332e-02 
 7.76000000e-09  1.88659363e-02 
 7.78000000e-09  1.88296940e-02 
 7.80000000e-09  1.87905114e-02 
 7.82000000e-09  1.87483938e-02 
 7.84000000e-09  1.87033471e-02 
 7.86000000e-09  1.86553775e-02 
 7.88000000e-09  1.86044916e-02 
 7.90000000e-09  1.85506964e-02 
 7.92000000e-09  1.84939996e-02 
 7.94000000e-09  1.84344088e-02 
 7.96000000e-09  1.83719326e-02 
 7.98000000e-09  1.83065796e-02 
 8.00000000e-09  1.82383589e-02 
 8.02000000e-09  1.81672802e-02 
 8.04000000e-09  1.80933534e-02 
 8.06000000e-09  1.80165889e-02 
 8.08000000e-09  1.79369977e-02 
 8.10000000e-09  1.78545908e-02 
 8.12000000e-09  1.77693801e-02 
 8.14000000e-09  1.76813776e-02 
 8.16000000e-09  1.75905958e-02 
 8.18000000e-09  1.74970476e-02 
 8.20000000e-09  1.74007465e-02 
 8.22000000e-09  1.73017063e-02 
 8.24000000e-09  1.71999410e-02 
 8.26000000e-09  1.70954653e-02 
 8.28000000e-09  1.69882944e-02 
 8.30000000e-09  1.68784435e-02 
 8.32000000e-09  1.67659287e-02 
 8.34000000e-09  1.66507663e-02 
 8.36000000e-09  1.65329729e-02 
 8.38000000e-09  1.64125657e-02 
 8.40000000e-09  1.62895622e-02 
 8.42000000e-09  1.61639805e-02 
 8.44000000e-09  1.60358390e-02 
 8.46000000e-09  1.59051564e-02 
 8.48000000e-09  1.57719520e-02 
 8.50000000e-09  1.56362454e-02 
 8.52000000e-09  1.54980567e-02 
 8.54000000e-09  1.53574063e-02 
 8.56000000e-09  1.52143151e-02 
 8.58000000e-09  1.50688045e-02 
 8.60000000e-09  1.49208961e-02 
 8.62000000e-09  1.47706119e-02 
 8.64000000e-09  1.46179746e-02 
 8.66000000e-09  1.44630070e-02 
 8.68000000e-09  1.43057324e-02 
 8.70000000e-09  1.41461745e-02 
 8.72000000e-09  1.39843574e-02 
 8.74000000e-09  1.38203057e-02 
 8.76000000e-09  1.36540442e-02 
 8.78000000e-09  1.34855982e-02 
 8.80000000e-09  1.33149933e-02 
 8.82000000e-09  1.31422556e-02 
 8.84000000e-09  1.29674116e-02 
 8.86000000e-09  1.27904880e-02 
 8.88000000e-09  1.26115120e-02 
 8.90000000e-09  1.24305111e-02 
 8.92000000e-09  1.22475133e-02 
 8.94000000e-09  1.20625469e-02 
 8.96000000e-09  1.18756405e-02 
 8.98000000e-09  1.16868231e-02 
 9.00000000e-09  1.14961240e-02 
 9.02000000e-09  1.13035730e-02 
 9.04000000e-09  1.11092001e-02 
 9.06000000e-09  1.09130357e-02 
 9.08000000e-09  1.07151105e-02 
 9.10000000e-09  1.05154556e-02 
 9.12000000e-09  1.03141023e-02 
 9.14000000e-09  1.01110823e-02 
 9.16000000e-09  9.90642774e-03 
 9.18000000e-09  9.70017083e-03 
 9.20000000e-09  9.49234424e-03 
 9.22000000e-09  9.28298092e-03 
 9.24000000e-09  9.07211409e-03 
 9.26000000e-09  8.85977727e-03 
 9.28000000e-09  8.64600428e-03 
 9.30000000e-09  8.43082919e-03 
 9.32000000e-09  8.21428637e-03 
 9.34000000e-09  7.99641044e-03 
 9.36000000e-09  7.77723628e-03 
 9.38000000e-09  7.55679904e-03 
 9.40000000e-09  7.33513411e-03 
 9.42000000e-09  7.11227710e-03 
 9.44000000e-09  6.88826389e-03 
 9.46000000e-09  6.66313057e-03 
 9.48000000e-09  6.43691344e-03 
 9.50000000e-09  6.20964905e-03 
 9.52000000e-09  5.98137412e-03 
 9.54000000e-09  5.75212559e-03 
 9.56000000e-09  5.52194059e-03 
 9.58000000e-09  5.29085644e-03 
 9.60000000e-09  5.05891064e-03 
 9.62000000e-09  4.82614085e-03 
 9.64000000e-09  4.59258491e-03 
 9.66000000e-09  4.35828080e-03 
 9.68000000e-09  4.12326666e-03 
 9.70000000e-09  3.88758078e-03 
 9.72000000e-09  3.65126156e-03 
 9.74000000e-09  3.41434756e-03 
 9.76000000e-09  3.17687742e-03 
 9.78000000e-09  2.93888993e-03 
 9.80000000e-09  2.70042395e-03 
 9.82000000e-09  2.46151845e-03 
 9.84000000e-09  2.22221249e-03 
 9.86000000e-09  1.98254521e-03 
 9.88000000e-09  1.74255580e-03 
 9.90000000e-09  1.50228355e-03 
 9.92000000e-09  1.26176776e-03 
 9.94000000e-09  1.02104782e-03 
 9.96000000e-09  7.80163127e-04 
 9.98000000e-09  5.39153129e-04 
 1.00000000e-08  2.98057286e-04 
 1.00200000e-08  5.69150742e-05 
 1.00400000e-08 -1.84234022e-04 
 1.00600000e-08 -4.25350523e-04 
 1.00800000e-08 -6.66394956e-04 
 1.01000000e-08 -9.07327869e-04 
 1.01200000e-08 -1.14810984e-03 
 1.01400000e-08 -1.38870146e-03 
 1.01600000e-08 -1.62906340e-03 
 1.01800000e-08 -1.86915636e-03 
 1.02000000e-08 -2.10894108e-03 
 1.02200000e-08 -2.34837840e-03 
 1.02400000e-08 -2.58742923e-03 
 1.02600000e-08 -2.82605453e-03 
 1.02800000e-08 -3.06421540e-03 
 1.03000000e-08 -3.30187299e-03 
 1.03200000e-08 -3.53898859e-03 
 1.03400000e-08 -3.77552358e-03 
 1.03600000e-08 -4.01143949e-03 
 1.03800000e-08 -4.24669795e-03 
 1.04000000e-08 -4.48126075e-03 
 1.04200000e-08 -4.71508981e-03 
 1.04400000e-08 -4.94814719e-03 
 1.04600000e-08 -5.18039515e-03 
 1.04800000e-08 -5.41179607e-03 
 1.05000000e-08 -5.64231253e-03 
 1.05200000e-08 -5.87190729e-03 
 1.05400000e-08 -6.10054328e-03 
 1.05600000e-08 -6.32818366e-03 
 1.05800000e-08 -6.55479175e-03 
 1.06000000e-08 -6.78033110e-03 
 1.06200000e-08 -7.00476548e-03 
 1.06400000e-08 -7.22805887e-03 
 1.06600000e-08 -7.45017548e-03 
 1.06800000e-08 -7.67107977e-03 
 1.07000000e-08 -7.89073642e-03 
 1.07200000e-08 -8.10911037e-03 
 1.07400000e-08 -8.32616680e-03 
 1.07600000e-08 -8.54187117e-03 
 1.07800000e-08 -8.75618919e-03 
 1.08000000e-08 -8.96908685e-03 
 1.08200000e-08 -9.18053041e-03 
 1.08400000e-08 -9.39048641e-03 
 1.08600000e-08 -9.59892168e-03 
 1.08800000e-08 -9.80580336e-03 
 1.09000000e-08 -1.00110989e-02 
 1.09200000e-08 -1.02147759e-02 
 1.09400000e-08 -1.04168026e-02 
 1.09600000e-08 -1.06171472e-02 
 1.09800000e-08 -1.08157784e-02 
 1.10000000e-08 -1.10126651e-02 
 1.10200000e-08 -1.12077768e-02 
 1.10400000e-08 -1.14010831e-02 
 1.10600000e-08 -1.15925539e-02 
 1.10800000e-08 -1.17821596e-02 
 1.11000000e-08 -1.19698708e-02 
 1.11200000e-08 -1.21556585e-02 
 1.11400000e-08 -1.23394942e-02 
 1.11600000e-08 -1.25213495e-02 
 1.11800000e-08 -1.27011965e-02 
 1.12000000e-08 -1.28790077e-02 
 1.12200000e-08 -1.30547558e-02 
 1.12400000e-08 -1.32284141e-02 
 1.12600000e-08 -1.33999560e-02 
 1.12800000e-08 -1.35693556e-02 
 1.13000000e-08 -1.37365870e-02 
 1.13200000e-08 -1.39016250e-02 
 1.13400000e-08 -1.40644446e-02 
 1.13600000e-08 -1.42250213e-02 
 1.13800000e-08 -1.43833309e-02 
 1.14000000e-08 -1.45393496e-02 
 1.14200000e-08 -1.46930540e-02 
 1.14400000e-08 -1.48444211e-02 
 1.14600000e-08 -1.49934284e-02 
 1.14800000e-08 -1.51400536e-02 
 1.15000000e-08 -1.52842748e-02 
 1.15200000e-08 -1.54260707e-02 
 1.15400000e-08 -1.55654203e-02 
 1.15600000e-08 -1.57023030e-02 
 1.15800000e-08 -1.58366985e-02 
 1.16000000e-08 -1.59685871e-02 
 1.16200000e-08 -1.60979494e-02 
 1.16400000e-08 -1.62247664e-02 
 1.16600000e-08 -1.63490194e-02 
 1.16800000e-08 -1.64706904e-02 
 1.17000000e-08 -1.65897616e-02 
 1.17200000e-08 -1.67062156e-02 
 1.17400000e-08 -1.68200355e-02 
 1.17600000e-08 -1.69312048e-02 
 1.17800000e-08 -1.70397073e-02 
 1.18000000e-08 -1.71455274e-02 
 1.18200000e-08 -1.72486497e-02 
 1.18400000e-08 -1.73490594e-02 
 1.18600000e-08 -1.74467421e-02 
 1.18800000e-08 -1.75416836e-02 
 1.19000000e-08 -1.76338703e-02 
 1.19200000e-08 -1.77232891e-02 
 1.19400000e-08 -1.78099270e-02 
 1.19600000e-08 -1.78937718e-02 
 1.19800000e-08 -1.79748114e-02 
 1.20000000e-08 -1.80530343e-02 
 1.20200000e-08 -1.81284293e-02 
 1.20400000e-08 -1.82009857e-02 
 1.20600000e-08 -1.82706932e-02 
 1.20800000e-08 -1.83375418e-02 
 1.21000000e-08 -1.84015220e-02 
 1.21200000e-08 -1.84626249e-02 
 1.21400000e-08 -1.85208417e-02 
 1.21600000e-08 -1.85761641e-02 
 1.21800000e-08 -1.86285843e-02 
 1.22000000e-08 -1.86780950e-02 
 1.22200000e-08 -1.87246890e-02 
 1.22400000e-08 -1.87683598e-02 
 1.22600000e-08 -1.88091013e-02 
 1.22800000e-08 -1.88469075e-02 
 1.23000000e-08 -1.88817732e-02 
 1.23200000e-08 -1.89136934e-02 
 1.23400000e-08 -1.89426636e-02 
 1.23600000e-08 -1.89686797e-02 
 1.23800000e-08 -1.89917379e-02 
 1.24000000e-08 -1.90118350e-02 
 1.24200000e-08 -1.90289680e-02 
 1.24400000e-08 -1.90431345e-02 
 1.24600000e-08 -1.90543324e-02 
 1.24800000e-08 -1.90625602e-02 
 1.25000000e-08 -1.90678165e-02 
 1.25200000e-08 -1.90701005e-02 
 1.25400000e-08 -1.90694118e-02 
 1.25600000e-08 -1.90657505e-02 
 1.25800000e-08 -1.90591169e-02 
 1.26000000e-08 -1.90495118e-02 
 1.26200000e-08 -1.90369366e-02 
 1.26400000e-08 -1.90213929e-02 
 1.26600000e-08 -1.90028827e-02 
 1.26800000e-08 -1.89814085e-02 
 1.27000000e-08 -1.89569732e-02 
 1.27200000e-08 -1.89295802e-02 
 1.27400000e-08 -1.88992332e-02 
 1.27600000e-08 -1.88659362e-02 
 1.27800000e-08 -1.88296940e-02 
 1.28000000e-08 -1.87905114e-02 
 1.28200000e-08 -1.87483938e-02 
 1.28400000e-08 -1.87033471e-02 
 1.28600000e-08 -1.86553775e-02 
 1.28800000e-08 -1.86044915e-02 
 1.29000000e-08 -1.85506964e-02 
 1.29200000e-08 -1.84939995e-02 
 1.29400000e-08 -1.84344088e-02 
 1.29600000e-08 -1.83719326e-02 
 1.29800000e-08 -1.83065796e-02 
 1.30000000e-08 -1.82383589e-02 
 1.30200000e-08 -1.81672802e-02 
 1.30400000e-08 -1.80933534e-02 
 1.30600000e-08 -1.80165889e-02 
 1.30800000e-08 -1.79369976e-02 
 1.31000000e-08 -1.78545908e-02 
 1.31200000e-08 -1.77693801e-02 
 1.31400000e-08 -1.76813775e-02 
 1.31600000e-08 -1.75905958e-02 
 1.31800000e-08 -1.74970476e-02 
 1.32000000e-08 -1.74007465e-02 
 1.32200000e-08 -1.73017062e-02 
 1.32400000e-08 -1.71999410e-02 
 1.32600000e-08 -1.70954653e-02 
 1.32800000e-08 -1.69882943e-02 
 1.33000000e-08 -1.68784435e-02 
 1.33200000e-08 -1.67659287e-02 
 1.33400000e-08 -1.66507663e-02 
 1.33600000e-08 -1.65329729e-02 
 1.33800000e-08 -1.64125657e-02 
 1.34000000e-08 -1.62895622e-02 
 1.34200000e-08 -1.61639805e-02 
 1.34400000e-08 -1.60358390e-02 
 1.34600000e-08 -1.59051564e-02 
 1.34800000e-08 -1.57719520e-02 
 1.35000000e-08 -1.56362454e-02 
 1.35200000e-08 -1.54980567e-02 
 1.35400000e-08 -1.53574063e-02 
 1.35600000e-08 -1.52143151e-02 
 1.35800000e-08 -1.50688045e-02 
 1.36000000e-08 -1.49208961e-02 
 1.36200000e-08 -1.47706119e-02 
 1.36400000e-08 -1.46179746e-02 
 1.36600000e-08 -1.44630070e-02 
 1.36800000e-08 -1.43057324e-02 
 1.37000000e-08 -1.41461745e-02 
 1.37200000e-08 -1.39843574e-02 
 1.37400000e-08 -1.38203057e-02 
 1.37600000e-08 -1.36540442e-02 
 1.37800000e-08 -1.34855982e-02 
 1.38000000e-08 -1.33149933e-02 
 1.38200000e-08 -1.31422556e-02 
 1.38400000e-08 -1.29674116e-02 
 1.38600000e-08 -1.27904880e-02 
 1.38800000e-08 -1.26115120e-02 
 1.39000000e-08 -1.24305111e-02 
 1.39200000e-08 -1.22475133e-02 
 1.39400000e-08 -1.20625469e-02 
 1.39600000e-08 -1.18756405e-02 
 1.39800000e-08 -1.16868231e-02 
 1.40000000e-08 -1.14961240e-02 
 1.40200000e-08 -1.13035730e-02 
 1.40400000e-08 -1.11092001e-02 
 1.40600000e-08 -1.09130357e-02 
 1.40800000e-08 -1.07151105e-02 
 1.41000000e-08 -1.05154556e-02 
 1.41200000e-08 -1.03141023e-02 
 1.41400000e-08 -1.01110823e-02 
 1.41600000e-08 -9.90642774e-03 
 1.41800000e-08 -9.70017083e-03 
 1.42000000e-08 -9.49234424e-03 
 1.42200000e-08 -9.28298091e-03 
 1.42400000e-08 -9.07211408e-03 
 1.42600000e-08 -8.85977727e-03 
 1.42800000e-08 -8.64600427e-03 
 1.43000000e-08 -8.43082919e-03 
 1.43200000e-08 -8.21428637e-03 
 1.43400000e-08 -7.99641044e-03 
 1.43600000e-08 -7.77723628e-03 
 1.43800000e-08 -7.55679904e-03 
 1.44000000e-08 -7.33513411e-03 
 1.44200000e-08 -7.11227710e-03 
 1.44400000e-08 -6.88826389e-03 
 1.44600000e-08 -6.66313056e-03 
 1.44800000e-08 -6.43691344e-03 
 1.45000000e-08 -6.20964905e-03 
 1.45200000e-08 -5.98137412e-03 
 1.45400000e-08 -5.75212559e-03 
 1.45600000e-08 -5.52194059e-03 
 1.45800000e-08 -5.29085644e-03 
 1.46000000e-08 -5.05891064e-03 
 1.46200000e-08 -4.82614085e-03 
 1.46400000e-08 -4.59258490e-03 
 1.46600000e-08 -4.35828079e-03 
 1.46800000e-08 -4.12326666e-03 
 1.47000000e-08 -3.88758078e-03 
 1.47200000e-08 -3.65126156e-03 
 1.47400000e-08 -3.41434756e-03 
 1.47600000e-08 -3.17687742e-03 
 1.47800000e-08 -2.93888993e-03 
 1.48000000e-08 -2.70042395e-03 
 1.48200000e-08 -2.46151845e-03 
 1.48400000e-08 -2.22221249e-03 
 1.48600000e-08 -1.98254521e-03 
 1.48800000e-08 -1.74255580e-03 
 1.49000000e-08 -1.50228355e-03 
 1.49200000e-08 -1.26176776e-03 
 1.49400000e-08 -1.02104782e-03 
 1.49600000e-08 -7.80163127e-04 
 1.49800000e-08 -5.39153129e-04 
 1.50000000e-08 -2.98057286e-04 
 1.50200000e-08 -5.69150743e-05 
 1.50400000e-08  1.84234022e-04 
 1.50600000e-08  4.25350523e-04 
 1.50800000e-08  6.66394955e-04 
 1.51000000e-08  9.07327869e-04 
 1.51200000e-08  1.14810984e-03 
 1.51400000e-08  1.38870146e-03 
 1.51600000e-08  1.62906340e-03 
 1.51800000e-08  1.86915636e-03 
 1.52000000e-08  2.10894108e-03 
 1.52200000e-08  2.34837840e-03 
 1.52400000e-08  2.58742923e-03 
 1.52600000e-08  2.82605453e-03 
 1.52800000e-08  3.06421540e-03 
 1.53000000e-08  3.30187299e-03 
 1.53200000e-08  3.53898859e-03 
 1.53400000e-08  3.77552358e-03 
 1.53600000e-08  4.01143949e-03 
 1.53800000e-08  4.24669795e-03 
 1.54000000e-08  4.48126075e-03 
 1.54200000e-08  4.71508981e-03 
 1.54400000e-08  4.94814719e-03 
 1.54600000e-08  5.18039514e-03 
 1.54800000e-08  5.41179607e-03 
 1.55000000e-08  5.64231253e-03 
 1.55200000e-08  5.87190729e-03 
 1.55400000e-08  6.10054328e-03 
 1.55600000e-08  6.32818366e-03 
 1.55800000e-08  6.55479175e-03 
 1.56000000e-08  6.78033110e-03 
 1.56200000e-08  7.00476548e-03 
 1.56400000e-08  7.22805887e-03 
 1.56600000e-08  7.45017548e-03 
 1.56800000e-08  7.67107977e-03 
 1.57000000e-08  7.89073642e-03 
 1.57200000e-08  8.10911037e-03 
 1.57400000e-08  8.32616680e-03 
 1.57600000e-08  8.54187117e-03 
 1.57800000e-08  8.75618919e-03 
 1.58000000e-08  8.96908685e-03 
 1.58200000e-08  9.18053041e-03 
 1.58400000e-08  9.39048641e-03 
 1.58600000e-08  9.59892168e-03 
 1.58800000e-08  9.80580336e-03 
 1.59000000e-08  1.00110989e-02 
 1.59200000e-08  1.02147759e-02 
 1.59400000e-08  1.04168026e-02 
 1.59600000e-08  1.06171472e-02 
 1.59800000e-08  1.08157784e-02 
 1.60000000e-08  1.10126651e-02 
 1.60200000e-08  1.12077768e-02 
 1.60400000e-08  1.14010831e-02 
 1.60600000e-08  1.15925539e-02 
 1.60800000e-08  1.17821596e-02 
 1.61000000e-08  1.19698708e-02 
 1.61200000e-08  1.21556585e-02 
 1.61400000e-08  1.23394942e-02 
 1.61600000e-08  1.25213495e-02 
 1.61800000e-08  1.27011965e-02 
 1.62000000e-08  1.28790077e-02 
 1.62200000e-08  1.30547558e-02 
 1.62400000e-08  1.32284141e-02 
 1.62600000e-08  1.33999560e-02 
 1.62800000e-08  1.35693555e-02 
 1.63000000e-08  1.37365870e-02 
 1.63200000e-08  1.39016250e-02 
 1.63400000e-08  1.40644446e-02 
 1.63600000e-08  1.42250213e-02 
 1.63800000e-08  1.43833309e-02 
 1.64000000e-08  1.45393496e-02 
 1.64200000e-08  1.46930540e-02 
 1.64400000e-08  1.48444211e-02 
 1.64600000e-08  1.49934284e-02 
 1.64800000e-08  1.51400536e-02 
 1.65000000e-08  1.52842748e-02 
 1.65200000e-08  1.54260707e-02 
 1.65400000e-08  1.55654203e-02 
 1.65600000e-08  1.57023030e-02 
 1.65800000e-08  1.58366985e-02 
 1.66000000e-08  1.59685871e-02 
 1.66200000e-08  1.60979494e-02 
 1.66400000e-08  1.62247664e-02 
 1.66600000e-08  1.63490194e-02 
 1.66800000e-08  1.64706904e-02 
 1.67000000e-08  1.65897616e-02 
 1.67200000e-08  1.67062156e-02 
 1.67400000e-08  1.68200355e-02 
 1.67600000e-08  1.69312048e-02 
 1.67800000e-08  1.70397073e-02 
 1.68000000e-08  1.71455274e-02 
 1.68200000e-08  1.72486497e-02 
 1.68400000e-08  1.73490594e-02 
 1.68600000e-08  1.74467421e-02 
 1.68800000e-08  1.75416836e-02 
 1.69000000e-08  1.76338703e-02 
 1.69200000e-08  1.77232891e-02 
 1.69400000e-08  1.78099270e-02 
 1.69600000e-08  1.78937718e-02 
 1.69800000e-08  1.79748114e-02 
 1.70000000e-08  1.80530343e-02 
 1.70200000e-08  1.81284293e-02 
 1.70400000e-08  1.82009857e-02 
 1.70600000e-08  1.82706932e-02 
 1.70800000e-08  1.83375418e-02 
 1.71000000e-08  1.84015220e-02 
 1.71200000e-08  1.84626249e-02 
 1.71400000e-08  1.85208417e-02 
 1.71600000e-08  1.85761641e-02 
 1.71800000e-08  1.86285843e-02 
 1.72000000e-08  1.86780950e-02 
 1.72200000e-08  1.87246890e-02 
 1.72400000e-08  1.87683598e-02 
 1.72600000e-08  1.88091013e-02 
 1.72800000e-08  1.88469075e-02 
 1.73000000e-08  1.88817732e-02 
 1.73200000e-08  1.89136934e-02 
 1.73400000e-08  1.89426636e-02 
 1.73600000e-08  1.89686797e-02 
 1.73800000e-08  1.89917379e-02 
 1.74000000e-08  1.90118350e-02 
 1.74200000e-08  1.90289680e-02 
 1.74400000e-08  1.90431345e-02 
 1.74600000e-08  1.90543324e-02 
 1.74800000e-08  1.90625602e-02 
 1.75000000e-08  1.90678165e-02 
 1.75200000e-08  1.90701005e-02 
 1.75400000e-08  1.90694118e-02 
 1.75600000e-08  1.90657505e-02 
 1.75800000e-08  1.90591169e-02 
 1.76000000e-08  1.90495118e-02 
 1.76200000e-08  1.90369366e-02 
 1.76400000e-08  1.90213929e-02 
 1.76600000e-08  1.90028827e-02 
 1.76800000e-08  1.89814085e-02 
 1.77000000e-08  1.89569732e-02 
 1.77200000e-08  1.89295802e-02 
 1.77400000e-08  1.88992332e-02 
 1.77600000e-08  1.88659362e-02 
 1.77800000e-08  1.88296940e-02 
 1.78000000e-08  1.87905114e-02 
 1.78200000e-08  1.87483938e-02 
 1.78400000e-08  1.87033471e-02 
 1.78600000e-08  1.86553775e-02 
 1.78800000e-08  1.86044915e-02 
 1.79000000e-08  1.85506964e-02 
 1.79200000e-08  1.84939995e-02 
 1.79400000e-08  1.84344088e-02 
 1.79600000e-08  1.83719326e-02 
 1.79800000e-08  1.83065796e-02 
 1.80000000e-08  1.82383589e-02 
 1.80200000e-08  1.81672802e-02 
 1.80400000e-08  1.80933534e-02 
 1.80600000e-08  1.80165889e-02 
 1.80800000e-08  1.79369976e-02 
 1.81000000e-08  1.78545908e-02 
 1.81200000e-08  1.77693801e-02 
 1.81400000e-08  1.76813775e-02 
 1.81600000e-08  1.75905958e-02 
 1.81800000e-08  1.74970476e-02 
 1.82000000e-08  1.74007465e-02 
 1.82200000e-08  1.73017062e-02 
 1.82400000e-08  1.71999410e-02 
 1.82600000e-08  1.70954653e-02 
 1.82800000e-08  1.69882943e-02 
 1.83000000e-08  1.68784435e-02 
 1.83200000e-08  1.67659287e-02 
 1.83400000e-08  1.66507663e-02 
 1.83600000e-08  1.65329729e-02 
 1.83800000e-08  1.64125657e-02 
 1.84000000e-08  1.62895622e-02 
 1.84200000e-08  1.61639805e-02 
 1.84400000e-08  1.60358390e-02 
 1.84600000e-08  1.59051564e-02 
 1.84800000e-08  1.57719520e-02 
 1.85000000e-08  1.56362454e-02 
 1.85200000e-08  1.54980567e-02 
 1.85400000e-08  1.53574063e-02 
 1.85600000e-08  1.52143151e-02 
 1.85800000e-08  1.50688045e-02 
 1.86000000e-08  1.49208961e-02 
 1.86200000e-08  1.47706119e-02 
 1.86400000e-08  1.46179746e-02 
 1.86600000e-08  1.44630070e-02 
 1.86800000e-08  1.43057324e-02 
 1.87000000e-08  1.41461745e-02 
 1.87200000e-08  1.39843574e-02 
 1.87400000e-08  1.38203057e-02 
 1.87600000e-08  1.36540442e-02 
 1.87800000e-08  1.34855982e-02 
 1.88000000e-08  1.33149933e-02 
 1.88200000e-08  1.31422556e-02 
 1.88400000e-08  1.29674116e-02 
 1.88600000e-08  1.27904880e-02 
 1.88800000e-08  1.26115120e-02 
 1.89000000e-08  1.24305111e-02 
 1.89200000e-08  1.22475133e-02 
 1.89400000e-08  1.20625469e-02 
 1.89600000e-08  1.18756405e-02 
 1.89800000e-08  1.16868231e-02 
 1.90000000e-08  1.14961240e-02 
 1.90200000e-08  1.13035730e-02 
 1.90400000e-08  1.11092001e-02 
 1.90600000e-08  1.09130357e-02 
 1.90800000e-08  1.07151105e-02 
 1.91000000e-08  1.05154556e-02 
 1.91200000e-08  1.03141023e-02 
 1.91400000e-08  1.01110823e-02 
 1.91600000e-08  9.90642773e-03 
 1.91800000e-08  9.70017083e-03 
 1.92000000e-08  9.49234424e-03 
 1.92200000e-08  9.28298091e-03 
 1.92400000e-08  9.07211408e-03 
 1.92600000e-08  8.85977727e-03 
 1.92800000e-08  8.64600427e-03 
 1.93000000e-08  8.43082919e-03 
 1.93200000e-08  8.21428637e-03 
 1.93400000e-08  7.99641044e-03 
 1.93600000e-08  7.77723628e-03 
 1.93800000e-08  7.55679904e-03 
 1.94000000e-08  7.33513411e-03 
 1.94200000e-08  7.11227710e-03 
 1.94400000e-08  6.88826389e-03 
 1.94600000e-08  6.66313056e-03 
 1.94800000e-08  6.43691344e-03 
 1.95000000e-08  6.20964905e-03 
 1.95200000e-08  5.98137412e-03 
 1.95400000e-08  5.75212559e-03 
 1.95600000e-08  5.52194059e-03 
 1.95800000e-08  5.29085644e-03 
 1.96000000e-08  5.05891064e-03 
 1.96200000e-08  4.82614085e-03 
 1.96400000e-08  4.59258490e-03 
 1.96600000e-08  4.35828079e-03 
 1.96800000e-08  4.12326666e-03 
 1.97000000e-08  3.88758078e-03 
 1.97200000e-08  3.65126156e-03 
 1.97400000e-08  3.41434756e-03 
 1.97600000e-08  3.17687742e-03 
 1.97800000e-08  2.93888993e-03 
 1.98000000e-08  2.70042395e-03 
 1.98200000e-08  2.46151845e-03 
 1.98400000e-08  2.22221249e-03 
 1.98600000e-08  1.98254521e-03 
 1.98800000e-08  1.74255580e-03 
 1.99000000e-08  1.50228355e-03 
 1.99200000e-08  1.26176776e-03 
 1.99400000e-08  1.02104782e-03 
 1.99600000e-08  7.80163127e-04 
 1.99800000e-08  5.39153129e-04 
 2.00000000e-08  2.98057286e-04 
 2.00200000e-08  5.69150744e-05 
 2.00400000e-08 -1.84234022e-04 
 2.00600000e-08 -4.25350522e-04 
 2.00800000e-08 -6.66394956e-04 
 2.01000000e-08 -9.07327869e-04 
 2.01200000e-08 -1.14810984e-03 
 2.01400000e-08 -1.38870146e-03 
 2.01600000e-08 -1.62906340e-03 
 2.01800000e-08 -1.86915636e-03 
 2.02000000e-08 -2.10894108e-03 
 2.02200000e-08 -2.34837840e-03 
 2.02400000e-08 -2.58742923e-03 
 2.02600000e-08 -2.82605453e-03 
 2.02800000e-08 -3.06421540e-03 
 2.03000000e-08 -3.30187299e-03 
 2.03200000e-08 -3.53898859e-03 
 2.03400000e-08 -3.77552358e-03 
 2.03600000e-08 -4.01143949e-03 
 2.03800000e-08 -4.24669795e-03 
 2.04000000e-08 -4.48126075e-03 
 2.04200000e-08 -4.71508981e-03 
 2.04400000e-08 -4.94814719e-03 
 2.04600000e-08 -5.18039515e-03 
 2.04800000e-08 -5.41179607e-03 
 2.05000000e-08 -5.64231253e-03 
 2.05200000e-08 -5.87190729e-03 
 2.05400000e-08 -6.10054328e-03 
 2.05600000e-08 -6.32818366e-03 
 2.05800000e-08 -6.55479175e-03 
 2.06000000e-08 -6.78033110e-03 
 2.06200000e-08 -7.00476548e-03 
 2.06400000e-08 -7.22805887e-03 
 2.06600000e-08 -7.45017548e-03 
 2.06800000e-08 -7.67107977e-03 
 2.07000000e-08 -7.89073642e-03 
 2.07200000e-08 -8.10911037e-03 
 2.07400000e-08 -8.32616680e-03 
 2.07600000e-08 -8.54187117e-03 
 2.07800000e-08 -8.75618919e-03 
 2.08000000e-08 -8.96908685e-03 
 2.08200000e-08 -9.18053041e-03 
 2.08400000e-08 -9.39048641e-03 
 2.08600000e-08 -9.59892168e-03 
 2.08800000e-08 -9.80580336e-03 
 2.09000000e-08 -1.00110989e-02 
 2.09200000e-08 -1.02147759e-02 
 2.09400000e-08 -1.04168026e-02 
 2.09600000e-08 -1.06171472e-02 
 2.09800000e-08 -1.08157784e-02 
 2.10000000e-08 -1.10126651e-02 
 2.10200000e-08 -1.12077768e-02 
 2.10400000e-08 -1.14010831e-02 
 2.10600000e-08 -1.15925539e-02 
 2.10800000e-08 -1.17821596e-02 
 2.11000000e-08 -1.19698708e-02 
 2.11200000e-08 -1.21556585e-02 
 2.11400000e-08 -1.23394942e-02 
 2.11600000e-08 -1.25213495e-02 
 2.11800000e-08 -1.27011965e-02 
 2.12000000e-08 -1.28790077e-02 
 2.12200000e-08 -1.30547558e-02 
 2.12400000e-08 -1.32284141e-02 
 2.12600000e-08 -1.33999560e-02 
 2.12800000e-08 -1.35693556e-02 
 2.13000000e-08 -1.37365870e-02 
 2.13200000e-08 -1.39016250e-02 
 2.13400000e-08 -1.40644446e-02 
 2.13600000e-08 -1.42250213e-02 
 2.13800000e-08 -1.43833309e-02 
 2.14000000e-08 -1.45393496e-02 
 2.14200000e-08 -1.46930540e-02 
 2.14400000e-08 -1.48444211e-02 
 2.14600000e-08 -1.49934284e-02 
 2.14800000e-08 -1.51400536e-02 
 2.15000000e-08 -1.52842748e-02 
 2.15200000e-08 -1.54260707e-02 
 2.15400000e-08 -1.55654203e-02 
 2.15600000e-08 -1.57023030e-02 
 2.15800000e-08 -1.58366985e-02 
 2.16000000e-08 -1.59685871e-02 
 2.16200000e-08 -1.60979494e-02 
 2.16400000e-08 -1.62247664e-02 
 2.16600000e-08 -1.63490194e-02 
 2.16800000e-08 -1.64706904e-02 
 2.17000000e-08 -1.65897616e-02 
 2.17200000e-08 -1.67062156e-02 
 2.17400000e-08 -1.68200355e-02 
 2.17600000e-08 -1.69312048e-02 
 2.17800000e-08 -1.70397073e-02 
 2.18000000e-08 -1.71455274e-02 
 2.18200000e-08 -1.72486497e-02 
 2.18400000e-08 -1.73490594e-02 
 2.18600000e-08 -1.74467421e-02 
 2.18800000e-08 -1.75416836e-02 
 2.19000000e-08 -1.76338703e-02 
 2.19200000e-08 -1.77232891e-02 
 2.19400000e-08 -1.78099270e-02 
 2.19600000e-08 -1.78937718e-02 
 2.19800000e-08 -1.79748114e-02 
 2.20000000e-08 -1.80530343e-02 
 2.20200000e-08 -1.81284293e-02 
 2.20400000e-08 -1.82009857e-02 
 2.20600000e-08 -1.82706932e-02 
 2.20800000e-08 -1.83375418e-02 
 2.21000000e-08 -1.84015220e-02 
 2.21200000e-08 -1.84626249e-02 
 2.21400000e-08 -1.85208417e-02 
 2.21600000e-08 -1.85761641e-02 
 2.21800000e-08 -1.86285843e-02 
 2.22000000e-08 -1.86780950e-02 
 2.22200000e-08 -1.87246890e-02 
 2.22400000e-08 -1.87683598e-02 
 2.22600000e-08 -1.88091013e-02 
 2.22800000e-08 -1.88469075e-02 
 2.23000000e-08 -1.88817732e-02 
 2.23200000e-08 -1.89136934e-02 
 2.23400000e-08 -1.89426636e-02 
 2.23600000e-08 -1.89686797e-02 
 2.23800000e-08 -1.89917379e-02 
 2.24000000e-08 -1.90118350e-02 
 2.24200000e-08 -1.90289680e-02 
 2.24400000e-08 -1.90431345e-02 
 2.24600000e-08 -1.90543324e-02 
 2.24800000e-08 -1.90625602e-02 
 2.25000000e-08 -1.90678165e-02 
 2.25200000e-08 -1.90701005e-02 
 2.25400000e-08 -1.90694118e-02 
 2.25600000e-08 -1.90657505e-02 
 2.25800000e-08 -1.90591169e-02 
 2.26000000e-08 -1.90495118e-02 
 2.26200000e-08 -1.90369366e-02 
 2.26400000e-08 -1.90213929e-02 
 2.26600000e-08 -1.90028827e-02 
 2.26800000e-08 -1.89814085e-02 
 2.27000000e-08 -1.89569732e-02 
 2.27200000e-08 -1.89295802e-02 
 2.27400000e-08 -1.88992332e-02 
 2.27600000e-08 -1.88659362e-02 
 2.27800000e-08 -1.88296940e-02 
 2.28000000e-08 -1.87905114e-02 
 2.28200000e-08 -1.87483938e-02 
 2.28400000e-08 -1.87033471e-02 
 2.28600000e-08 -1.86553775e-02 
 2.28800000e-08 -1.86044915e-02 
 2.29000000e-08 -1.85506964e-02 
 2.29200000e-08 -1.84939995e-02 
 2.29400000e-08 -1.84344088e-02 
 2.29600000e-08 -1.83719326e-02 
 2.29800000e-08 -1.83065796e-02 
 2.30000000e-08 -1.82383589e-02 
 2.30200000e-08 -1.81672802e-02 
 2.30400000e-08 -1.80933534e-02 
 2.30600000e-08 -1.80165889e-02 
 2.30800000e-08 -1.79369976e-02 
 2.31000000e-08 -1.78545908e-02 
 2.31200000e-08 -1.77693801e-02 
 2.31400000e-08 -1.76813775e-02 
 2.31600000e-08 -1.75905958e-02 
 2.31800000e-08 -1.74970476e-02 
 2.32000000e-08 -1.74007465e-02 
 2.32200000e-08 -1.73017062e-02 
 2.32400000e-08 -1.71999410e-02 
 2.32600000e-08 -1.70954653e-02 
 2.32800000e-08 -1.69882943e-02 
 2.33000000e-08 -1.68784435e-02 
 2.33200000e-08 -1.67659287e-02 
 2.33400000e-08 -1.66507663e-02 
 2.33600000e-08 -1.65329729e-02 
 2.33800000e-08 -1.64125657e-02 
 2.34000000e-08 -1.62895622e-02 
 2.34200000e-08 -1.61639805e-02 
 2.34400000e-08 -1.60358390e-02 
 2.34600000e-08 -1.59051564e-02 
 2.34800000e-08 -1.57719520e-02 
 2.35000000e-08 -1.56362454e-02 
 2.35200000e-08 -1.54980567e-02 
 2.35400000e-08 -1.53574063e-02 
 2.35600000e-08 -1.52143151e-02 
 2.35800000e-08 -1.50688045e-02 
 2.36000000e-08 -1.49208961e-02 
 2.36200000e-08 -1.47706119e-02 
 2.36400000e-08 -1.46179746e-02 
 2.36600000e-08 -1.44630070e-02 
 2.36800000e-08 -1.43057324e-02 
 2.37000000e-08 -1.41461745e-02 
 2.37200000e-08 -1.39843574e-02 
 2.37400000e-08 -1.38203057e-02 
 2.37600000e-08 -1.36540442e-02 
 2.37800000e-08 -1.34855982e-02 
 2.38000000e-08 -1.33149933e-02 
 2.38200000e-08 -1.31422556e-02 
 2.38400000e-08 -1.29674116e-02 
 2.38600000e-08 -1.27904880e-02 
 2.38800000e-08 -1.26115120e-02 
 2.39000000e-08 -1.24305111e-02 
 2.39200000e-08 -1.22475133e-02 
 2.39400000e-08 -1.20625469e-02 
 2.39600000e-08 -1.18756405e-02 
 2.39800000e-08 -1.16868231e-02 
 2.40000000e-08 -1.14961240e-02 
 2.40200000e-08 -1.13035730e-02 
 2.40400000e-08 -1.11092001e-02 
 2.40600000e-08 -1.09130357e-02 
 2.40800000e-08 -1.07151105e-02 
 2.41000000e-08 -1.05154556e-02 
 2.41200000e-08 -1.03141023e-02 
 2.41400000e-08 -1.01110823e-02 
 2.41600000e-08 -9.90642774e-03 
 2.41800000e-08 -9.70017083e-03 
 2.42000000e-08 -9.49234424e-03 
 2.42200000e-08 -9.28298091e-03 
 2.42400000e-08 -9.07211408e-03 
 2.42600000e-08 -8.85977727e-03 
 2.42800000e-08 -8.64600427e-03 
 2.43000000e-08 -8.43082919e-03 
 2.43200000e-08 -8.21428637e-03 
 2.43400000e-08 -7.99641044e-03 
 2.43600000e-08 -7.77723628e-03 
 2.43800000e-08 -7.55679904e-03 
 2.44000000e-08 -7.33513411e-03 
 2.44200000e-08 -7.11227710e-03 
 2.44400000e-08 -6.88826389e-03 
 2.44600000e-08 -6.66313056e-03 
 2.44800000e-08 -6.43691344e-03 
 2.45000000e-08 -6.20964905e-03 
 2.45200000e-08 -5.98137412e-03 
 2.45400000e-08 -5.75212559e-03 
 2.45600000e-08 -5.52194059e-03 
 2.45800000e-08 -5.29085644e-03 
 2.46000000e-08 -5.05891064e-03 
 2.46200000e-08 -4.82614085e-03 
 2.46400000e-08 -4.59258490e-03 
 2.46600000e-08 -4.35828079e-03 
 2.46800000e-08 -4.12326666e-03 
 2.47000000e-08 -3.88758078e-03 
 2.47200000e-08 -3.65126156e-03 
 2.47400000e-08 -3.41434756e-03 
 2.47600000e-08 -3.17687742e-03 
 2.47800000e-08 -2.93888993e-03 
 2.48000000e-08 -2.70042395e-03 
 2.48200000e-08 -2.46151845e-03 
 2.48400000e-08 -2.22221249e-03 
 2.48600000e-08 -1.98254521e-03 
 2.48800000e-08 -1.74255580e-03 
 2.49000000e-08 -1.50228355e-03 
 2.49200000e-08 -1.26176776e-03 
 2.49400000e-08 -1.02104782e-03 
 2.49600000e-08 -7.80163128e-04 
 2.49800000e-08 -5.39153129e-04 
 2.50000000e-08 -2.98057286e-04 
 2.50200000e-08 -5.69150741e-05 
 2.50400000e-08  1.84234022e-04 
 2.50600000e-08  4.25350523e-04 
 2.50800000e-08  6.66394956e-04 
 2.51000000e-08  9.07327869e-04 
 2.51200000e-08  1.14810984e-03 
 2.51400000e-08  1.38870146e-03 
 2.51600000e-08  1.62906340e-03 
 2.51800000e-08  1.86915636e-03 
 2.52000000e-08  2.10894108e-03 
 2.52200000e-08  2.34837840e-03 
 2.52400000e-08  2.58742923e-03 
 2.52600000e-08  2.82605453e-03 
 2.52800000e-08  3.06421540e-03 
 2.53000000e-08  3.30187299e-03 
 2.53200000e-08  3.53898859e-03 
 2.53400000e-08  3.77552358e-03 
 2.53600000e-08  4.01143949e-03 
 2.53800000e-08  4.24669795e-03 
 2.54000000e-08  4.48126075e-03 
 2.54200000e-08  4.71508981e-03 
 2.54400000e-08  4.94814719e-03 
 2.54600000e-08  5.18039515e-03 
 2.54800000e-08  5.41179607e-03 
 2.55000000e-08  5.64231253e-03 
 2.55200000e-08  5.87190728e-03 
 2.55400000e-08  6.10054328e-03 
 2.55600000e-08  6.32818366e-03 
 2.55800000e-08  6.55479175e-03 
 2.56000000e-08  6.78033110e-03 
 2.56200000e-08  7.00476548e-03 
 2.56400000e-08  7.22805887e-03 
 2.56600000e-08  7.45017548e-03 
 2.56800000e-08  7.67107977e-03 
 2.57000000e-08  7.89073642e-03 
 2.57200000e-08  8.10911037e-03 
 2.57400000e-08  8.32616680e-03 
 2.57600000e-08  8.54187117e-03 
 2.57800000e-08  8.75618919e-03 
 2.58000000e-08  8.96908685e-03 
 2.58200000e-08  9.18053041e-03 
 2.58400000e-08  9.39048641e-03 
 2.58600000e-08  9.59892168e-03 
 2.58800000e-08  9.80580336e-03 
 2.59000000e-08  1.00110989e-02 
 2.59200000e-08  1.02147759e-02 
 2.59400000e-08  1.04168026e-02 
 2.59600000e-08  1.06171472e-02 
 2.59800000e-08  1.08157784e-02 
 2.60000000e-08  1.10126651e-02 
 2.60200000e-08  1.12077768e-02 
 2.60400000e-08  1.14010831e-02 
 2.60600000e-08  1.15925539e-02 
 2.60800000e-08  1.17821596e-02 
 2.61000000e-08  1.19698708e-02 
 2.61200000e-08  1.21556585e-02 
 2.61400000e-08  1.23394942e-02 
 2.61600000e-08  1.25213495e-02 
 2.61800000e-08  1.27011965e-02 
 2.62000000e-08  1.28790077e-02 
 2.62200000e-08  1.30547558e-02 
 2.62400000e-08  1.32284141e-02 
 2.62600000e-08  1.33999560e-02 
 2.62800000e-08  1.35693556e-02 
 2.63000000e-08  1.37365870e-02 
 2.63200000e-08  1.39016250e-02 
 2.63400000e-08  1.40644446e-02 
 2.63600000e-08  1.42250213e-02 
 2.63800000e-08  1.43833309e-02 
 2.64000000e-08  1.45393496e-02 
 2.64200000e-08  1.46930540e-02 
 2.64400000e-08  1.48444211e-02 
 2.64600000e-08  1.49934284e-02 
 2.64800000e-08  1.51400536e-02 
 2.65000000e-08  1.52842748e-02 
 2.65200000e-08  1.54260707e-02 
 2.65400000e-08  1.55654203e-02 
 2.65600000e-08  1.57023030e-02 
 2.65800000e-08  1.58366985e-02 
 2.66000000e-08  1.59685871e-02 
 2.66200000e-08  1.60979494e-02 
 2.66400000e-08  1.62247664e-02 
 2.66600000e-08  1.63490194e-02 
 2.66800000e-08  1.64706904e-02 
 2.67000000e-08  1.65897616e-02 
 2.67200000e-08  1.67062156e-02 
 2.67400000e-08  1.68200355e-02 
 2.67600000e-08  1.69312048e-02 
 2.67800000e-08  1.70397073e-02 
 2.68000000e-08  1.71455274e-02 
 2.68200000e-08  1.72486497e-02 
 2.68400000e-08  1.73490594e-02 
 2.68600000e-08  1.74467421e-02 
 2.68800000e-08  1.75416836e-02 
 2.69000000e-08  1.76338703e-02 
 2.69200000e-08  1.77232891e-02 
 2.69400000e-08  1.78099270e-02 
 2.69600000e-08  1.78937718e-02 
 2.69800000e-08  1.79748114e-02 
 2.70000000e-08  1.80530343e-02 
 2.70200000e-08  1.81284293e-02 
 2.70400000e-08  1.82009857e-02 
 2.70600000e-08  1.82706932e-02 
 2.70800000e-08  1.83375418e-02 
 2.71000000e-08  1.84015220e-02 
 2.71200000e-08  1.84626249e-02 
 2.71400000e-08  1.85208417e-02 
 2.71600000e-08  1.85761641e-02 
 2.71800000e-08  1.86285843e-02 
 2.72000000e-08  1.86780950e-02 
 2.72200000e-08  1.87246890e-02 
 2.72400000e-08  1.87683598e-02 
 2.72600000e-08  1.88091013e-02 
 2.72800000e-08  1.88469075e-02 
 2.73000000e-08  1.88817732e-02 
 2.73200000e-08  1.89136934e-02 
 2.73400000e-08  1.89426636e-02 
 2.73600000e-08  1.89686797e-02 
 2.73800000e-08  1.89917379e-02 
 2.74000000e-08  1.90118350e-02 
 2.74200000e-08  1.90289680e-02 
 2.74400000e-08  1.90431345e-02 
 2.74600000e-08  1.90543324e-02 
 2.74800000e-08  1.90625602e-02 
 2.75000000e-08  1.90678165e-02 
 2.75200000e-08  1.90701005e-02 
 2.75400000e-08  1.90694118e-02 
 2.75600000e-08  1.90657505e-02 
 2.75800000e-08  1.90591169e-02 
 2.76000000e-08  1.90495118e-02 
 2.76200000e-08  1.90369366e-02 
 2.76400000e-08  1.90213929e-02 
 2.76600000e-08  1.90028827e-02 
 2.76800000e-08  1.89814085e-02 
 2.77000000e-08  1.89569732e-02 
 2.77200000e-08  1.89295802e-02 
 2.77400000e-08  1.88992332e-02 
 2.77600000e-08  1.88659362e-02 
 2.77800000e-08  1.88296940e-02 
 2.78000000e-08  1.87905114e-02 
 2.78200000e-08  1.87483938e-02 
 2.78400000e-08  1.87033471e-02 
 2.78600000e-08  1.86553775e-02 
 2.78800000e-08  1.86044915e-02 
 2.79000000e-08  1.85506964e-02 
 2.79200000e-08  1.84939995e-02 
 2.79400000e-08  1.84344088e-02 
 2.79600000e-08  1.83719326e-02 
 2.79800000e-08  1.83065796e-02 
 2.80000000e-08  1.82383589e-02 
 2.80200000e-08  1.81672802e-02 
 2.80400000e-08  1.80933534e-02 
 2.80600000e-08  1.80165889e-02 
 2.80800000e-08  1.79369976e-02 
 2.81000000e-08  1.78545908e-02 
 2.81200000e-08  1.77693801e-02 
 2.81400000e-08  1.76813775e-02 
 2.81600000e-08  1.75905958e-02 
 2.81800000e-08  1.74970476e-02 
 2.82000000e-08  1.74007465e-02 
 2.82200000e-08  1.73017062e-02 
 2.82400000e-08  1.71999410e-02 
 2.82600000e-08  1.70954653e-02 
 2.82800000e-08  1.69882943e-02 
 2.83000000e-08  1.68784435e-02 
 2.83200000e-08  1.67659287e-02 
 2.83400000e-08  1.66507663e-02 
 2.83600000e-08  1.65329729e-02 
 2.83800000e-08  1.64125657e-02 
 2.84000000e-08  1.62895622e-02 
 2.84200000e-08  1.61639805e-02 
 2.84400000e-08  1.60358390e-02 
 2.84600000e-08  1.59051564e-02 
 2.84800000e-08  1.57719520e-02 
 2.85000000e-08  1.56362454e-02 
 2.85200000e-08  1.54980567e-02 
 2.85400000e-08  1.53574063e-02 
 2.85600000e-08  1.52143151e-02 
 2.85800000e-08  1.50688045e-02 
 2.86000000e-08  1.49208961e-02 
 2.86200000e-08  1.47706119e-02 
 2.86400000e-08  1.46179746e-02 
 2.86600000e-08  1.44630070e-02 
 2.86800000e-08  1.43057324e-02 
 2.87000000e-08  1.41461745e-02 
 2.87200000e-08  1.39843574e-02 
 2.87400000e-08  1.38203057e-02 
 2.87600000e-08  1.36540442e-02 
 2.87800000e-08  1.34855982e-02 
 2.88000000e-08  1.33149933e-02 
 2.88200000e-08  1.31422556e-02 
 2.88400000e-08  1.29674116e-02 
 2.88600000e-08  1.27904880e-02 
 2.88800000e-08  1.26115120e-02 
 2.89000000e-08  1.24305111e-02 
 2.89200000e-08  1.22475133e-02 
 2.89400000e-08  1.20625469e-02 
 2.89600000e-08  1.18756405e-02 
 2.89800000e-08  1.16868231e-02 
 2.90000000e-08  1.14961240e-02 
 2.90200000e-08  1.13035730e-02 
 2.90400000e-08  1.11092001e-02 
 2.90600000e-08  1.09130357e-02 
 2.90800000e-08  1.07151105e-02 
 2.91000000e-08  1.05154556e-02 
 2.91200000e-08  1.03141023e-02 
 2.91400000e-08  1.01110823e-02 
 2.91600000e-08  9.90642774e-03 
 2.91800000e-08  9.70017083e-03 
 2.92000000e-08  9.49234424e-03 
 2.92200000e-08  9.28298091e-03 
 2.92400000e-08  9.07211408e-03 
 2.92600000e-08  8.85977727e-03 
 2.92800000e-08  8.64600427e-03 
 2.93000000e-08  8.43082919e-03 
 2.93200000e-08  8.21428637e-03 
 2.93400000e-08  7.99641044e-03 
 2.93600000e-08  7.77723628e-03 
 2.93800000e-08  7.55679904e-03 
 2.94000000e-08  7.33513411e-03 
 2.94200000e-08  7.11227710e-03 
 2.94400000e-08  6.88826389e-03 
 2.94600000e-08  6.66313056e-03 
 2.94800000e-08  6.43691344e-03 
 2.95000000e-08  6.20964905e-03 
 2.95200000e-08  5.98137411e-03 
 2.95400000e-08  5.75212559e-03 
 2.95600000e-08  5.52194059e-03 
 2.95800000e-08  5.29085644e-03 
 2.96000000e-08  5.05891064e-03 
 2.96200000e-08  4.82614085e-03 
 2.96400000e-08  4.59258491e-03 
 2.96600000e-08  4.35828079e-03 
 2.96800000e-08  4.12326666e-03 
 2.97000000e-08  3.88758078e-03 
 2.97200000e-08  3.65126156e-03 
 2.97400000e-08  3.41434756e-03 
 2.97600000e-08  3.17687742e-03 
 2.97800000e-08  2.93888993e-03 
 2.98000000e-08  2.70042395e-03 
 2.98200000e-08  2.46151845e-03 
 2.98400000e-08  2.22221249e-03 
 2.98600000e-08  1.98254521e-03 
 2.98800000e-08  1.74255580e-03 
 2.99000000e-08  1.50228355e-03 
 2.99200000e-08  1.26176776e-03 
 2.99400000e-08  1.02104782e-03 
 2.99600000e-08  7.80163127e-04 
 2.99800000e-08  5.39153129e-04 
 3.00000000e-08  2.98057286e-04 
 3.00200000e-08  5.69150744e-05 
 3.00400000e-08 -1.84234022e-04 
 3.00600000e-08 -4.25350523e-04 
 3.00800000e-08 -6.66394956e-04 
 3.01000000e-08 -9.07327869e-04 
 3.01200000e-08 -1.14810984e-03 
 3.01400000e-08 -1.38870146e-03 
 3.01600000e-08 -1.62906340e-03 
 3.01800000e-08 -1.86915636e-03 
 3.02000000e-08 -2.10894108e-03 
 3.02200000e-08 -2.34837840e-03 
 3.02400000e-08 -2.58742923e-03 
 3.02600000e-08 -2.82605453e-03 
 3.02800000e-08 -3.06421540e-03 
 3.03000000e-08 -3.30187299e-03 
 3.03200000e-08 -3.53898859e-03 
 3.03400000e-08 -3.77552358e-03 
 3.03600000e-08 -4.01143949e-03 
 3.03800000e-08 -4.24669795e-03 
 3.04000000e-08 -4.48126075e-03 
 3.04200000e-08 -4.71508981e-03 
 3.04400000e-08 -4.94814719e-03 
 3.04600000e-08 -5.18039515e-03 
 3.04800000e-08 -5.41179607e-03 
 3.05000000e-08 -5.64231253e-03 
 3.05200000e-08 -5.87190728e-03 
 3.05400000e-08 -6.10054328e-03 
 3.05600000e-08 -6.32818366e-03 
 3.05800000e-08 -6.55479175e-03 
 3.06000000e-08 -6.78033110e-03 
 3.06200000e-08 -7.00476548e-03 
 3.06400000e-08 -7.22805887e-03 
 3.06600000e-08 -7.45017548e-03 
 3.06800000e-08 -7.67107977e-03 
 3.07000000e-08 -7.89073642e-03 
 3.07200000e-08 -8.10911037e-03 
 3.07400000e-08 -8.32616680e-03 
 3.07600000e-08 -8.54187117e-03 
 3.07800000e-08 -8.75618919e-03 
 3.08000000e-08 -8.96908685e-03 
 3.08200000e-08 -9.18053041e-03 
 3.08400000e-08 -9.39048641e-03 
 3.08600000e-08 -9.59892168e-03 
 3.08800000e-08 -9.80580336e-03 
 3.09000000e-08 -1.00110989e-02 
 3.09200000e-08 -1.02147759e-02 
 3.09400000e-08 -1.04168026e-02 
 3.09600000e-08 -1.06171472e-02 
 3.09800000e-08 -1.08157784e-02 
 3.10000000e-08 -1.10126651e-02 
 3.10200000e-08 -1.12077768e-02 
 3.10400000e-08 -1.14010831e-02 
 3.10600000e-08 -1.15925539e-02 
 3.10800000e-08 -1.17821596e-02 
 3.11000000e-08 -1.19698708e-02 
 3.11200000e-08 -1.21556585e-02 
 3.11400000e-08 -1.23394942e-02 
 3.11600000e-08 -1.25213495e-02 
 3.11800000e-08 -1.27011965e-02 
 3.12000000e-08 -1.28790077e-02 
 3.12200000e-08 -1.30547558e-02 
 3.12400000e-08 -1.32284141e-02 
 3.12600000e-08 -1.33999560e-02 
 3.12800000e-08 -1.35693556e-02 
 3.13000000e-08 -1.37365870e-02 
 3.13200000e-08 -1.39016250e-02 
 3.13400000e-08 -1.40644446e-02 
 3.13600000e-08 -1.42250213e-02 
 3.13800000e-08 -1.43833309e-02 
 3.14000000e-08 -1.45393496e-02 
 3.14200000e-08 -1.46930540e-02 
 3.14400000e-08 -1.48444211e-02 
 3.14600000e-08 -1.49934284e-02 
 3.14800000e-08 -1.51400536e-02 
 3.15000000e-08 -1.52842748e-02 
 3.15200000e-08 -1.54260707e-02 
 3.15400000e-08 -1.55654203e-02 
 3.15600000e-08 -1.57023030e-02 
 3.15800000e-08 -1.58366985e-02 
 3.16000000e-08 -1.59685871e-02 
 3.16200000e-08 -1.60979494e-02 
 3.16400000e-08 -1.62247664e-02 
 3.16600000e-08 -1.63490194e-02 
 3.16800000e-08 -1.64706904e-02 
 3.17000000e-08 -1.65897616e-02 
 3.17200000e-08 -1.67062156e-02 
 3.17400000e-08 -1.68200355e-02 
 3.17600000e-08 -1.69312048e-02 
 3.17800000e-08 -1.70397073e-02 
 3.18000000e-08 -1.71455274e-02 
 3.18200000e-08 -1.72486497e-02 
 3.18400000e-08 -1.73490594e-02 
 3.18600000e-08 -1.74467421e-02 
 3.18800000e-08 -1.75416836e-02 
 3.19000000e-08 -1.76338703e-02 
 3.19200000e-08 -1.77232891e-02 
 3.19400000e-08 -1.78099270e-02 
 3.19600000e-08 -1.78937718e-02 
 3.19800000e-08 -1.79748114e-02 
 3.20000000e-08 -1.80530343e-02 
 3.20200000e-08 -1.81284293e-02 
 3.20400000e-08 -1.82009857e-02 
 3.20600000e-08 -1.82706932e-02 
 3.20800000e-08 -1.83375418e-02 
 3.21000000e-08 -1.84015220e-02 
 3.21200000e-08 -1.84626249e-02 
 3.21400000e-08 -1.85208417e-02 
 3.21600000e-08 -1.85761641e-02 
 3.21800000e-08 -1.86285843e-02 
 3.22000000e-08 -1.86780950e-02 
 3.22200000e-08 -1.87246890e-02 
 3.22400000e-08 -1.87683598e-02 
 3.22600000e-08 -1.88091013e-02 
 3.22800000e-08 -1.88469075e-02 
 3.23000000e-08 -1.88817732e-02 
 3.23200000e-08 -1.89136934e-02 
 3.23400000e-08 -1.89426636e-02 
 3.23600000e-08 -1.89686797e-02 
 3.23800000e-08 -1.89917379e-02 
 3.24000000e-08 -1.90118350e-02 
 3.24200000e-08 -1.90289680e-02 
 3.24400000e-08 -1.90431345e-02 
 3.24600000e-08 -1.90543324e-02 
 3.24800000e-08 -1.90625602e-02 
 3.25000000e-08 -1.90678165e-02 
 3.25200000e-08 -1.90701005e-02 
 3.25400000e-08 -1.90694118e-02 
 3.25600000e-08 -1.90657505e-02 
 3.25800000e-08 -1.90591169e-02 
 3.26000000e-08 -1.90495118e-02 
 3.26200000e-08 -1.90369366e-02 
 3.26400000e-08 -1.90213929e-02 
 3.26600000e-08 -1.90028827e-02 
 3.26800000e-08 -1.89814085e-02 
 3.27000000e-08 -1.89569732e-02 
 3.27200000e-08 -1.89295802e-02 
 3.27400000e-08 -1.88992332e-02 
 3.27600000e-08 -1.88659362e-02 
 3.27800000e-08 -1.88296940e-02 
 3.28000000e-08 -1.87905114e-02 
 3.28200000e-08 -1.87483938e-02 
 3.28400000e-08 -1.87033471e-02 
 3.28600000e-08 -1.86553775e-02 
 3.28800000e-08 -1.86044915e-02 
 3.29000000e-08 -1.85506964e-02 
 3.29200000e-08 -1.84939995e-02 
 3.29400000e-08 -1.84344088e-02 
 3.29600000e-08 -1.83719326e-02 
 3.29800000e-08 -1.83065796e-02 
 3.30000000e-08 -1.82383589e-02 
 3.30200000e-08 -1.81672802e-02 
 3.30400000e-08 -1.80933534e-02 
 3.30600000e-08 -1.80165889e-02 
 3.30800000e-08 -1.79369976e-02 
 3.31000000e-08 -1.78545908e-02 
 3.31200000e-08 -1.77693801e-02 
 3.31400000e-08 -1.76813775e-02 
 3.31600000e-08 -1.75905958e-02 
 3.31800000e-08 -1.74970476e-02 
 3.32000000e-08 -1.74007465e-02 
 3.32200000e-08 -1.73017062e-02 
 3.32400000e-08 -1.71999410e-02 
 3.32600000e-08 -1.70954653e-02 
 3.32800000e-08 -1.69882943e-02 
 3.33000000e-08 -1.68784435e-02 
 3.33200000e-08 -1.67659287e-02 
 3.33400000e-08 -1.66507663e-02 
 3.33600000e-08 -1.65329729e-02 
 3.33800000e-08 -1.64125657e-02 
 3.34000000e-08 -1.62895622e-02 
 3.34200000e-08 -1.61639805e-02 
 3.34400000e-08 -1.60358390e-02 
 3.34600000e-08 -1.59051564e-02 
 3.34800000e-08 -1.57719520e-02 
 3.35000000e-08 -1.56362454e-02 
 3.35200000e-08 -1.54980567e-02 
 3.35400000e-08 -1.53574063e-02 
 3.35600000e-08 -1.52143151e-02 
 3.35800000e-08 -1.50688045e-02 
 3.36000000e-08 -1.49208961e-02 
 3.36200000e-08 -1.47706119e-02 
 3.36400000e-08 -1.46179746e-02 
 3.36600000e-08 -1.44630070e-02 
 3.36800000e-08 -1.43057324e-02 
 3.37000000e-08 -1.41461745e-02 
 3.37200000e-08 -1.39843574e-02 
 3.37400000e-08 -1.38203057e-02 
 3.37600000e-08 -1.36540442e-02 
 3.37800000e-08 -1.34855982e-02 
 3.38000000e-08 -1.33149933e-02 
 3.38200000e-08 -1.31422556e-02 
 3.38400000e-08 -1.29674116e-02 
 3.38600000e-08 -1.27904880e-02 
 3.38800000e-08 -1.26115120e-02 
 3.39000000e-08 -1.24305111e-02 
 3.39200000e-08 -1.22475133e-02 
 3.39400000e-08 -1.20625469e-02 
 3.39600000e-08 -1.18756405e-02 
 3.39800000e-08 -1.16868231e-02 
 3.40000000e-08 -1.14961240e-02 
 3.40200000e-08 -1.13035730e-02 
 3.40400000e-08 -1.11092001e-02 
 3.40600000e-08 -1.09130357e-02 
 3.40800000e-08 -1.07151105e-02 
 3.41000000e-08 -1.05154556e-02 
 3.41200000e-08 -1.03141023e-02 
 3.41400000e-08 -1.01110823e-02 
 3.41600000e-08 -9.90642774e-03 
 3.41800000e-08 -9.70017082e-03 
 3.42000000e-08 -9.49234424e-03 
 3.42200000e-08 -9.28298091e-03 
 3.42400000e-08 -9.07211408e-03 
 3.42600000e-08 -8.85977727e-03 
 3.42800000e-08 -8.64600427e-03 
 3.43000000e-08 -8.43082919e-03 
 3.43200000e-08 -8.21428637e-03 
 3.43400000e-08 -7.99641044e-03 
 3.43600000e-08 -7.77723628e-03 
 3.43800000e-08 -7.55679904e-03 
 3.44000000e-08 -7.33513410e-03 
 3.44200000e-08 -7.11227710e-03 
 3.44400000e-08 -6.88826389e-03 
 3.44600000e-08 -6.66313056e-03 
 3.44800000e-08 -6.43691344e-03 
 3.45000000e-08 -6.20964905e-03 
 3.45200000e-08 -5.98137412e-03 
 3.45400000e-08 -5.75212559e-03 
 3.45600000e-08 -5.52194059e-03 
 3.45800000e-08 -5.29085644e-03 
 3.46000000e-08 -5.05891064e-03 
 3.46200000e-08 -4.82614085e-03 
 3.46400000e-08 -4.59258491e-03 
 3.46600000e-08 -4.35828079e-03 
 3.46800000e-08 -4.12326666e-03 
 3.47000000e-08 -3.88758077e-03 
 3.47200000e-08 -3.65126156e-03 
 3.47400000e-08 -3.41434756e-03 
 3.47600000e-08 -3.17687742e-03 
 3.47800000e-08 -2.93888993e-03 
 3.48000000e-08 -2.70042395e-03 
 3.48200000e-08 -2.46151845e-03 
 3.48400000e-08 -2.22221250e-03 
 3.48600000e-08 -1.98254521e-03 
 3.48800000e-08 -1.74255580e-03 
 3.49000000e-08 -1.50228355e-03 
 3.49200000e-08 -1.26176776e-03 
 3.49400000e-08 -1.02104782e-03 
 3.49600000e-08 -7.80163128e-04 
 3.49800000e-08 -5.39153129e-04 
 3.50000000e-08 -2.98057286e-04 
 3.50200000e-08 -5.69150744e-05 
 3.50400000e-08  1.84234022e-04 
 3.50600000e-08  4.25350522e-04 
 3.50800000e-08  6.66394956e-04 
 3.51000000e-08  9.07327869e-04 
 3.51200000e-08  1.14810984e-03 
 3.51400000e-08  1.38870146e-03 
 3.51600000e-08  1.62906340e-03 
 3.51800000e-08  1.86915636e-03 
 3.52000000e-08  2.10894108e-03 
 3.52200000e-08  2.34837840e-03 
 3.52400000e-08  2.58742923e-03 
 3.52600000e-08  2.82605453e-03 
 3.52800000e-08  3.06421540e-03 
 3.53000000e-08  3.30187299e-03 
 3.53200000e-08  3.53898859e-03 
 3.53400000e-08  3.77552358e-03 
 3.53600000e-08  4.01143949e-03 
 3.53800000e-08  4.24669796e-03 
 3.54000000e-08  4.48126075e-03 
 3.54200000e-08  4.71508981e-03 
 3.54400000e-08  4.94814719e-03 
 3.54600000e-08  5.18039515e-03 
 3.54800000e-08  5.41179606e-03 
 3.55000000e-08  5.64231253e-03 
 3.55200000e-08  5.87190729e-03 
 3.55400000e-08  6.10054328e-03 
 3.55600000e-08  6.32818366e-03 
 3.55800000e-08  6.55479175e-03 
 3.56000000e-08  6.78033110e-03 
 3.56200000e-08  7.00476548e-03 
 3.56400000e-08  7.22805887e-03 
 3.56600000e-08  7.45017548e-03 
 3.56800000e-08  7.67107977e-03 
 3.57000000e-08  7.89073642e-03 
 3.57200000e-08  8.10911037e-03 
 3.57400000e-08  8.32616680e-03 
 3.57600000e-08  8.54187117e-03 
 3.57800000e-08  8.75618919e-03 
 3.58000000e-08  8.96908685e-03 
 3.58200000e-08  9.18053040e-03 
 3.58400000e-08  9.39048641e-03 
 3.58600000e-08  9.59892168e-03 
 3.58800000e-08  9.80580336e-03 
 3.59000000e-08  1.00110989e-02 
 3.59200000e-08  1.02147759e-02 
 3.59400000e-08  1.04168026e-02 
 3.59600000e-08  1.06171472e-02 
 3.59800000e-08  1.08157784e-02 
 3.60000000e-08  1.10126651e-02 
 3.60200000e-08  1.12077768e-02 
 3.60400000e-08  1.14010831e-02 
 3.60600000e-08  1.15925539e-02 
 3.60800000e-08  1.17821596e-02 
 3.61000000e-08  1.19698708e-02 
 3.61200000e-08  1.21556585e-02 
 3.61400000e-08  1.23394942e-02 
 3.61600000e-08  1.25213495e-02 
 3.61800000e-08  1.27011965e-02 
 3.62000000e-08  1.28790077e-02 
 3.62200000e-08  1.30547558e-02 
 3.62400000e-08  1.32284141e-02 
 3.62600000e-08  1.33999560e-02 
 3.62800000e-08  1.35693555e-02 
 3.63000000e-08  1.37365870e-02 
 3.63200000e-08  1.39016250e-02 
 3.63400000e-08  1.40644446e-02 
 3.63600000e-08  1.42250213e-02 
 3.63800000e-08  1.43833309e-02 
 3.64000000e-08  1.45393496e-02 
 3.64200000e-08  1.46930540e-02 
 3.64400000e-08  1.48444211e-02 
 3.64600000e-08  1.49934284e-02 
 3.64800000e-08  1.51400536e-02 
 3.65000000e-08  1.52842748e-02 
 3.65200000e-08  1.54260707e-02 
 3.65400000e-08  1.55654203e-02 
 3.65600000e-08  1.57023030e-02 
 3.65800000e-08  1.58366985e-02 
 3.66000000e-08  1.59685871e-02 
 3.66200000e-08  1.60979494e-02 
 3.66400000e-08  1.62247664e-02 
 3.66600000e-08  1.63490194e-02 
 3.66800000e-08  1.64706904e-02 
 3.67000000e-08  1.65897616e-02 
 3.67200000e-08  1.67062156e-02 
 3.67400000e-08  1.68200355e-02 
 3.67600000e-08  1.69312048e-02 
 3.67800000e-08  1.70397073e-02 
 3.68000000e-08  1.71455274e-02 
 3.68200000e-08  1.72486497e-02 
 3.68400000e-08  1.73490594e-02 
 3.68600000e-08  1.74467421e-02 
 3.68800000e-08  1.75416836e-02 
 3.69000000e-08  1.76338703e-02 
 3.69200000e-08  1.77232891e-02 
 3.69400000e-08  1.78099270e-02 
 3.69600000e-08  1.78937718e-02 
 3.69800000e-08  1.79748114e-02 
 3.70000000e-08  1.80530343e-02 
 3.70200000e-08  1.81284293e-02 
 3.70400000e-08  1.82009857e-02 
 3.70600000e-08  1.82706932e-02 
 3.70800000e-08  1.83375418e-02 
 3.71000000e-08  1.84015220e-02 
 3.71200000e-08  1.84626249e-02 
 3.71400000e-08  1.85208417e-02 
 3.71600000e-08  1.85761641e-02 
 3.71800000e-08  1.86285843e-02 
 3.72000000e-08  1.86780950e-02 
 3.72200000e-08  1.87246890e-02 
 3.72400000e-08  1.87683598e-02 
 3.72600000e-08  1.88091013e-02 
 3.72800000e-08  1.88469075e-02 
 3.73000000e-08  1.88817732e-02 
 3.73200000e-08  1.89136934e-02 
 3.73400000e-08  1.89426636e-02 
 3.73600000e-08  1.89686797e-02 
 3.73800000e-08  1.89917379e-02 
 3.74000000e-08  1.90118350e-02 
 3.74200000e-08  1.90289680e-02 
 3.74400000e-08  1.90431345e-02 
 3.74600000e-08  1.90543324e-02 
 3.74800000e-08  1.90625602e-02 
 3.75000000e-08  1.90678165e-02 
 3.75200000e-08  1.90701005e-02 
 3.75400000e-08  1.90694118e-02 
 3.75600000e-08  1.90657505e-02 
 3.75800000e-08  1.90591169e-02 
 3.76000000e-08  1.90495118e-02 
 3.76200000e-08  1.90369366e-02 
 3.76400000e-08  1.90213929e-02 
 3.76600000e-08  1.90028827e-02 
 3.76800000e-08  1.89814085e-02 
 3.77000000e-08  1.89569732e-02 
 3.77200000e-08  1.89295802e-02 
 3.77400000e-08  1.88992332e-02 
 3.77600000e-08  1.88659362e-02 
 3.77800000e-08  1.88296940e-02 
 3.78000000e-08  1.87905114e-02 
 3.78200000e-08  1.87483938e-02 
 3.78400000e-08  1.87033471e-02 
 3.78600000e-08  1.86553775e-02 
 3.78800000e-08  1.86044915e-02 
 3.79000000e-08  1.85506964e-02 
 3.79200000e-08  1.84939995e-02 
 3.79400000e-08  1.84344088e-02 
 3.79600000e-08  1.83719326e-02 
 3.79800000e-08  1.83065796e-02 
 3.80000000e-08  1.82383589e-02 
 3.80200000e-08  1.81672802e-02 
 3.80400000e-08  1.80933534e-02 
 3.80600000e-08  1.80165889e-02 
 3.80800000e-08  1.79369976e-02 
 3.81000000e-08  1.78545908e-02 
 3.81200000e-08  1.77693801e-02 
 3.81400000e-08  1.76813775e-02 
 3.81600000e-08  1.75905958e-02 
 3.81800000e-08  1.74970476e-02 
 3.82000000e-08  1.74007465e-02 
 3.82200000e-08  1.73017062e-02 
 3.82400000e-08  1.71999410e-02 
 3.82600000e-08  1.70954653e-02 
 3.82800000e-08  1.69882943e-02 
 3.83000000e-08  1.68784435e-02 
 3.83200000e-08  1.67659287e-02 
 3.83400000e-08  1.66507663e-02 
 3.83600000e-08  1.65329729e-02 
 3.83800000e-08  1.64125657e-02 
 3.84000000e-08  1.62895622e-02 
 3.84200000e-08  1.61639805e-02 
 3.84400000e-08  1.60358390e-02 
 3.84600000e-08  1.59051564e-02 
 3.84800000e-08  1.57719520e-02 
 3.85000000e-08  1.56362454e-02 
 3.85200000e-08  1.54980567e-02 
 3.85400000e-08  1.53574063e-02 
 3.85600000e-08  1.52143151e-02 
 3.85800000e-08  1.50688045e-02 
 3.86000000e-08  1.49208961e-02 
 3.86200000e-08  1.47706119e-02 
 3.86400000e-08  1.46179746e-02 
 3.86600000e-08  1.44630070e-02 
 3.86800000e-08  1.43057324e-02 
 3.87000000e-08  1.41461745e-02 
 3.87200000e-08  1.39843574e-02 
 3.87400000e-08  1.38203057e-02 
 3.87600000e-08  1.36540442e-02 
 3.87800000e-08  1.34855982e-02 
 3.88000000e-08  1.33149933e-02 
 3.88200000e-08  1.31422556e-02 
 3.88400000e-08  1.29674116e-02 
 3.88600000e-08  1.27904880e-02 
 3.88800000e-08  1.26115120e-02 
 3.89000000e-08  1.24305111e-02 
 3.89200000e-08  1.22475133e-02 
 3.89400000e-08  1.20625469e-02 
 3.89600000e-08  1.18756405e-02 
 3.89800000e-08  1.16868231e-02 
 3.90000000e-08  1.14961240e-02 
 3.90200000e-08  1.13035730e-02 
 3.90400000e-08  1.11092001e-02 
 3.90600000e-08  1.09130357e-02 
 3.90800000e-08  1.07151105e-02 
 3.91000000e-08  1.05154556e-02 
 3.91200000e-08  1.03141023e-02 
 3.91400000e-08  1.01110823e-02 
 3.91600000e-08  9.90642774e-03 
 3.91800000e-08  9.70017083e-03 
 3.92000000e-08  9.49234424e-03 
 3.92200000e-08  9.28298091e-03 
 3.92400000e-08  9.07211408e-03 
 3.92600000e-08  8.85977727e-03 
 3.92800000e-08  8.64600427e-03 
 3.93000000e-08  8.43082919e-03 
 3.93200000e-08  8.21428637e-03 
 3.93400000e-08  7.99641044e-03 
 3.93600000e-08  7.77723628e-03 
 3.93800000e-08  7.55679904e-03 
 3.94000000e-08  7.33513411e-03 
 3.94200000e-08  7.11227710e-03 
 3.94400000e-08  6.88826389e-03 
 3.94600000e-08  6.66313056e-03 
 3.94800000e-08  6.43691344e-03 
 3.95000000e-08  6.20964905e-03 
 3.95200000e-08  5.98137412e-03 
 3.95400000e-08  5.75212559e-03 
 3.95600000e-08  5.52194059e-03 
 3.95800000e-08  5.29085644e-03 
 3.96000000e-08  5.05891064e-03 
 3.96200000e-08  4.82614085e-03 
 3.96400000e-08  4.59258490e-03 
 3.96600000e-08  4.35828079e-03 
 3.96800000e-08  4.12326666e-03 
 3.97000000e-08  3.88758078e-03 
 3.97200000e-08  3.65126156e-03 
 3.97400000e-08  3.41434756e-03 
 3.97600000e-08  3.17687742e-03 
 3.97800000e-08  2.93888993e-03 
 3.98000000e-08  2.70042395e-03 
 3.98200000e-08  2.46151845e-03 
 3.98400000e-08  2.22221249e-03 
 3.98600000e-08  1.98254521e-03 
 3.98800000e-08  1.74255580e-03 
 3.99000000e-08  1.50228355e-03 
 3.99200000e-08  1.26176776e-03 
 3.99400000e-08  1.02104782e-03 
 3.99600000e-08  7.80163127e-04 
 3.99800000e-08  5.39153129e-04 
 4.00000000e-08  2.98057285e-04 
 4.00200000e-08  5.69150744e-05 
 4.00400000e-08 -1.84234022e-04 
 4.00600000e-08 -4.25350522e-04 
 4.00800000e-08 -6.66394955e-04 
 4.01000000e-08 -9.07327868e-04 
 4.01200000e-08 -1.14810984e-03 
 4.01400000e-08 -1.38870146e-03 
 4.01600000e-08 -1.62906340e-03 
 4.01800000e-08 -1.86915636e-03 
 4.02000000e-08 -2.10894108e-03 
 4.02200000e-08 -2.34837840e-03 
 4.02400000e-08 -2.58742923e-03 
 4.02600000e-08 -2.82605453e-03 
 4.02800000e-08 -3.06421540e-03 
 4.03000000e-08 -3.30187299e-03 
 4.03200000e-08 -3.53898859e-03 
 4.03400000e-08 -3.77552358e-03 
 4.03600000e-08 -4.01143949e-03 
 4.03800000e-08 -4.24669795e-03 
 4.04000000e-08 -4.48126075e-03 
 4.04200000e-08 -4.71508981e-03 
 4.04400000e-08 -4.94814719e-03 
 4.04600000e-08 -5.18039514e-03 
 4.04800000e-08 -5.41179607e-03 
 4.05000000e-08 -5.64231253e-03 
 4.05200000e-08 -5.87190729e-03 
 4.05400000e-08 -6.10054328e-03 
 4.05600000e-08 -6.32818366e-03 
 4.05800000e-08 -6.55479175e-03 
 4.06000000e-08 -6.78033110e-03 
 4.06200000e-08 -7.00476548e-03 
 4.06400000e-08 -7.22805887e-03 
 4.06600000e-08 -7.45017548e-03 
 4.06800000e-08 -7.67107977e-03 
 4.07000000e-08 -7.89073642e-03 
 4.07200000e-08 -8.10911037e-03 
 4.07400000e-08 -8.32616680e-03 
 4.07600000e-08 -8.54187117e-03 
 4.07800000e-08 -8.75618919e-03 
 4.08000000e-08 -8.96908685e-03 
 4.08200000e-08 -9.18053041e-03 
 4.08400000e-08 -9.39048641e-03 
 4.08600000e-08 -9.59892168e-03 
 4.08800000e-08 -9.80580336e-03 
 4.09000000e-08 -1.00110989e-02 
 4.09200000e-08 -1.02147759e-02 
 4.09400000e-08 -1.04168026e-02 
 4.09600000e-08 -1.06171472e-02 
 4.09800000e-08 -1.08157784e-02 
 4.10000000e-08 -1.10126651e-02 
 4.10200000e-08 -1.12077768e-02 
 4.10400000e-08 -1.14010831e-02 
 4.10600000e-08 -1.15925539e-02 
 4.10800000e-08 -1.17821596e-02 
 4.11000000e-08 -1.19698708e-02 
 4.11200000e-08 -1.21556585e-02 
 4.11400000e-08 -1.23394942e-02 
 4.11600000e-08 -1.25213495e-02 
 4.11800000e-08 -1.27011965e-02 
 4.12000000e-08 -1.28790077e-02 
 4.12200000e-08 -1.30547558e-02 
 4.12400000e-08 -1.32284141e-02 
 4.12600000e-08 -1.33999560e-02 
 4.12800000e-08 -1.35693555e-02 
 4.13000000e-08 -1.37365870e-02 
 4.13200000e-08 -1.39016250e-02 
 4.13400000e-08 -1.40644446e-02 
 4.13600000e-08 -1.42250213e-02 
 4.13800000e-08 -1.43833309e-02 
 4.14000000e-08 -1.45393496e-02 
 4.14200000e-08 -1.46930540e-02 
 4.14400000e-08 -1.48444211e-02 
 4.14600000e-08 -1.49934284e-02 
 4.14800000e-08 -1.51400536e-02 
 4.15000000e-08 -1.52842748e-02 
 4.15200000e-08 -1.54260707e-02 
 4.15400000e-08 -1.55654203e-02 
 4.15600000e-08 -1.57023030e-02 
 4.15800000e-08 -1.58366985e-02 
 4.16000000e-08 -1.59685871e-02 
 4.16200000e-08 -1.60979494e-02 
 4.16400000e-08 -1.62247664e-02 
 4.16600000e-08 -1.63490194e-02 
 4.16800000e-08 -1.64706904e-02 
 4.17000000e-08 -1.65897616e-02 
 4.17200000e-08 -1.67062156e-02 
 4.17400000e-08 -1.68200355e-02 
 4.17600000e-08 -1.69312048e-02 
 4.17800000e-08 -1.70397073e-02 
 4.18000000e-08 -1.71455274e-02 
 4.18200000e-08 -1.72486497e-02 
 4.18400000e-08 -1.73490594e-02 
 4.18600000e-08 -1.74467421e-02 
 4.18800000e-08 -1.75416836e-02 
 4.19000000e-08 -1.76338703e-02 
 4.19200000e-08 -1.77232891e-02 
 4.19400000e-08 -1.78099270e-02 
 4.19600000e-08 -1.78937718e-02 
 4.19800000e-08 -1.79748114e-02 
 4.20000000e-08 -1.80530343e-02 
 4.20200000e-08 -1.81284293e-02 
 4.20400000e-08 -1.82009857e-02 
 4.20600000e-08 -1.82706932e-02 
 4.20800000e-08 -1.83375418e-02 
 4.21000000e-08 -1.84015220e-02 
 4.21200000e-08 -1.84626249e-02 
 4.21400000e-08 -1.85208417e-02 
 4.21600000e-08 -1.85761641e-02 
 4.21800000e-08 -1.86285843e-02 
 4.22000000e-08 -1.86780950e-02 
 4.22200000e-08 -1.87246890e-02 
 4.22400000e-08 -1.87683598e-02 
 4.22600000e-08 -1.88091013e-02 
 4.22800000e-08 -1.88469075e-02 
 4.23000000e-08 -1.88817732e-02 
 4.23200000e-08 -1.89136934e-02 
 4.23400000e-08 -1.89426636e-02 
 4.23600000e-08 -1.89686797e-02 
 4.23800000e-08 -1.89917379e-02 
 4.24000000e-08 -1.90118350e-02 
 4.24200000e-08 -1.90289680e-02 
 4.24400000e-08 -1.90431345e-02 
 4.24600000e-08 -1.90543324e-02 
 4.24800000e-08 -1.90625602e-02 
 4.25000000e-08 -1.90678165e-02 
 4.25200000e-08 -1.90701005e-02 
 4.25400000e-08 -1.90694118e-02 
 4.25600000e-08 -1.90657505e-02 
 4.25800000e-08 -1.90591169e-02 
 4.26000000e-08 -1.90495118e-02 
 4.26200000e-08 -1.90369366e-02 
 4.26400000e-08 -1.90213929e-02 
 4.26600000e-08 -1.90028827e-02 
 4.26800000e-08 -1.89814085e-02 
 4.27000000e-08 -1.89569732e-02 
 4.27200000e-08 -1.89295802e-02 
 4.27400000e-08 -1.88992332e-02 
 4.27600000e-08 -1.88659362e-02 
 4.27800000e-08 -1.88296940e-02 
 4.28000000e-08 -1.87905114e-02 
 4.28200000e-08 -1.87483938e-02 
 4.28400000e-08 -1.87033471e-02 
 4.28600000e-08 -1.86553775e-02 
 4.28800000e-08 -1.86044915e-02 
 4.29000000e-08 -1.85506964e-02 
 4.29200000e-08 -1.84939995e-02 
 4.29400000e-08 -1.84344088e-02 
 4.29600000e-08 -1.83719326e-02 
 4.29800000e-08 -1.83065796e-02 
 4.30000000e-08 -1.82383589e-02 
 4.30200000e-08 -1.81672802e-02 
 4.30400000e-08 -1.80933534e-02 
 4.30600000e-08 -1.80165889e-02 
 4.30800000e-08 -1.79369976e-02 
 4.31000000e-08 -1.78545908e-02 
 4.31200000e-08 -1.77693801e-02 
 4.31400000e-08 -1.76813775e-02 
 4.31600000e-08 -1.75905958e-02 
 4.31800000e-08 -1.74970476e-02 
 4.32000000e-08 -1.74007465e-02 
 4.32200000e-08 -1.73017062e-02 
 4.32400000e-08 -1.71999410e-02 
 4.32600000e-08 -1.70954653e-02 
 4.32800000e-08 -1.69882943e-02 
 4.33000000e-08 -1.68784435e-02 
 4.33200000e-08 -1.67659287e-02 
 4.33400000e-08 -1.66507663e-02 
 4.33600000e-08 -1.65329729e-02 
 4.33800000e-08 -1.64125657e-02 
 4.34000000e-08 -1.62895622e-02 
 4.34200000e-08 -1.61639805e-02 
 4.34400000e-08 -1.60358390e-02 
 4.34600000e-08 -1.59051564e-02 
 4.34800000e-08 -1.57719520e-02 
 4.35000000e-08 -1.56362454e-02 
 4.35200000e-08 -1.54980567e-02 
 4.35400000e-08 -1.53574063e-02 
 4.35600000e-08 -1.52143151e-02 
 4.35800000e-08 -1.50688045e-02 
 4.36000000e-08 -1.49208961e-02 
 4.36200000e-08 -1.47706119e-02 
 4.36400000e-08 -1.46179746e-02 
 4.36600000e-08 -1.44630070e-02 
 4.36800000e-08 -1.43057324e-02 
 4.37000000e-08 -1.41461745e-02 
 4.37200000e-08 -1.39843574e-02 
 4.37400000e-08 -1.38203057e-02 
 4.37600000e-08 -1.36540442e-02 
 4.37800000e-08 -1.34855982e-02 
 4.38000000e-08 -1.33149933e-02 
 4.38200000e-08 -1.31422556e-02 
 4.38400000e-08 -1.29674116e-02 
 4.38600000e-08 -1.27904880e-02 
 4.38800000e-08 -1.26115120e-02 
 4.39000000e-08 -1.24305111e-02 
 4.39200000e-08 -1.22475133e-02 
 4.39400000e-08 -1.20625469e-02 
 4.39600000e-08 -1.18756405e-02 
 4.39800000e-08 -1.16868231e-02 
 4.40000000e-08 -1.14961240e-02 
 4.40200000e-08 -1.13035730e-02 
 4.40400000e-08 -1.11092001e-02 
 4.40600000e-08 -1.09130357e-02 
 4.40800000e-08 -1.07151105e-02 
 4.41000000e-08 -1.05154556e-02 
 4.41200000e-08 -1.03141023e-02 
 4.41400000e-08 -1.01110823e-02 
 4.41600000e-08 -9.90642774e-03 
 4.41800000e-08 -9.70017083e-03 
 4.42000000e-08 -9.49234424e-03 
 4.42200000e-08 -9.28298091e-03 
 4.42400000e-08 -9.07211408e-03 
 4.42600000e-08 -8.85977727e-03 
 4.42800000e-08 -8.64600427e-03 
 4.43000000e-08 -8.43082919e-03 
 4.43200000e-08 -8.21428637e-03 
 4.43400000e-08 -7.99641044e-03 
 4.43600000e-08 -7.77723628e-03 
 4.43800000e-08 -7.55679904e-03 
 4.44000000e-08 -7.33513411e-03 
 4.44200000e-08 -7.11227710e-03 
 4.44400000e-08 -6.88826389e-03 
 4.44600000e-08 -6.66313056e-03 
 4.44800000e-08 -6.43691344e-03 
 4.45000000e-08 -6.20964905e-03 
 4.45200000e-08 -5.98137412e-03 
 4.45400000e-08 -5.75212559e-03 
 4.45600000e-08 -5.52194059e-03 
 4.45800000e-08 -5.29085644e-03 
 4.46000000e-08 -5.05891064e-03 
 4.46200000e-08 -4.82614085e-03 
 4.46400000e-08 -4.59258490e-03 
 4.46600000e-08 -4.35828079e-03 
 4.46800000e-08 -4.12326666e-03 
 4.47000000e-08 -3.88758078e-03 
 4.47200000e-08 -3.65126156e-03 
 4.47400000e-08 -3.41434756e-03 
 4.47600000e-08 -3.17687742e-03 
 4.47800000e-08 -2.93888993e-03 
 4.48000000e-08 -2.70042395e-03 
 4.48200000e-08 -2.46151845e-03 
 4.48400000e-08 -2.22221249e-03 
 4.48600000e-08 -1.98254521e-03 
 4.48800000e-08 -1.74255580e-03 
 4.49000000e-08 -1.50228355e-03 
 4.49200000e-08 -1.26176776e-03 
 4.49400000e-08 -1.02104782e-03 
 4.49600000e-08 -7.80163128e-04 
 4.49800000e-08 -5.39153129e-04 
 4.50000000e-08 -2.98057286e-04 
 4.50200000e-08 -5.69150741e-05 
 4.50400000e-08  1.84234023e-04 
 4.50600000e-08  4.25350522e-04 
 4.50800000e-08  6.66394956e-04 
 4.51000000e-08  9.07327869e-04 
 4.51200000e-08  1.14810984e-03 
 4.51400000e-08  1.38870146e-03 
 4.51600000e-08  1.62906340e-03 
 4.51800000e-08  1.86915636e-03 
 4.52000000e-08  2.10894108e-03 
 4.52200000e-08  2.34837840e-03 
 4.52400000e-08  2.58742923e-03 
 4.52600000e-08  2.82605453e-03 
 4.52800000e-08  3.06421540e-03 
 4.53000000e-08  3.30187299e-03 
 4.53200000e-08  3.53898859e-03 
 4.53400000e-08  3.77552358e-03 
 4.53600000e-08  4.01143949e-03 
 4.53800000e-08  4.24669795e-03 
 4.54000000e-08  4.48126075e-03 
 4.54200000e-08  4.71508981e-03 
 4.54400000e-08  4.94814719e-03 
 4.54600000e-08  5.18039514e-03 
 4.54800000e-08  5.41179606e-03 
 4.55000000e-08  5.64231253e-03 
 4.55200000e-08  5.87190729e-03 
 4.55400000e-08  6.10054328e-03 
 4.55600000e-08  6.32818366e-03 
 4.55800000e-08  6.55479175e-03 
 4.56000000e-08  6.78033110e-03 
 4.56200000e-08  7.00476548e-03 
 4.56400000e-08  7.22805887e-03 
 4.56600000e-08  7.45017548e-03 
 4.56800000e-08  7.67107977e-03 
 4.57000000e-08  7.89073642e-03 
 4.57200000e-08  8.10911037e-03 
 4.57400000e-08  8.32616680e-03 
 4.57600000e-08  8.54187117e-03 
 4.57800000e-08  8.75618919e-03 
 4.58000000e-08  8.96908685e-03 
 4.58200000e-08  9.18053041e-03 
 4.58400000e-08  9.39048641e-03 
 4.58600000e-08  9.59892168e-03 
 4.58800000e-08  9.80580336e-03 
 4.59000000e-08  1.00110989e-02 
 4.59200000e-08  1.02147759e-02 
 4.59400000e-08  1.04168026e-02 
 4.59600000e-08  1.06171472e-02 
 4.59800000e-08  1.08157784e-02 
 4.60000000e-08  1.10126651e-02 
 4.60200000e-08  1.12077768e-02 
 4.60400000e-08  1.14010831e-02 
 4.60600000e-08  1.15925539e-02 
 4.60800000e-08  1.17821596e-02 
 4.61000000e-08  1.19698708e-02 
 4.61200000e-08  1.21556585e-02 
 4.61400000e-08  1.23394942e-02 
 4.61600000e-08  1.25213495e-02 
 4.61800000e-08  1.27011965e-02 
 4.62000000e-08  1.28790077e-02 
 4.62200000e-08  1.30547558e-02 
 4.62400000e-08  1.32284141e-02 
 4.62600000e-08  1.33999560e-02 
 4.62800000e-08  1.35693555e-02 
 4.63000000e-08  1.37365870e-02 
 4.63200000e-08  1.39016250e-02 
 4.63400000e-08  1.40644446e-02 
 4.63600000e-08  1.42250213e-02 
 4.63800000e-08  1.43833309e-02 
 4.64000000e-08  1.45393496e-02 
 4.64200000e-08  1.46930540e-02 
 4.64400000e-08  1.48444211e-02 
 4.64600000e-08  1.49934284e-02 
 4.64800000e-08  1.51400536e-02 
 4.65000000e-08  1.52842748e-02 
 4.65200000e-08  1.54260707e-02 
 4.65400000e-08  1.55654203e-02 
 4.65600000e-08  1.57023030e-02 
 4.65800000e-08  1.58366985e-02 
 4.66000000e-08  1.59685871e-02 
 4.66200000e-08  1.60979494e-02 
 4.66400000e-08  1.62247664e-02 
 4.66600000e-08  1.63490194e-02 
 4.66800000e-08  1.64706904e-02 
 4.67000000e-08  1.65897616e-02 
 4.67200000e-08  1.67062156e-02 
 4.67400000e-08  1.68200355e-02 
 4.67600000e-08  1.69312048e-02 
 4.67800000e-08  1.70397073e-02 
 4.68000000e-08  1.71455274e-02 
 4.68200000e-08  1.72486497e-02 
 4.68400000e-08  1.73490594e-02 
 4.68600000e-08  1.74467421e-02 
 4.68800000e-08  1.75416836e-02 
 4.69000000e-08  1.76338703e-02 
 4.69200000e-08  1.77232891e-02 
 4.69400000e-08  1.78099270e-02 
 4.69600000e-08  1.78937718e-02 
 4.69800000e-08  1.79748114e-02 
 4.70000000e-08  1.80530343e-02 
 4.70200000e-08  1.81284293e-02 
 4.70400000e-08  1.82009857e-02 
 4.70600000e-08  1.82706932e-02 
 4.70800000e-08  1.83375418e-02 
 4.71000000e-08  1.84015220e-02 
 4.71200000e-08  1.84626249e-02 
 4.71400000e-08  1.85208417e-02 
 4.71600000e-08  1.85761641e-02 
 4.71800000e-08  1.86285843e-02 
 4.72000000e-08  1.86780950e-02 
 4.72200000e-08  1.87246890e-02 
 4.72400000e-08  1.87683598e-02 
 4.72600000e-08  1.88091013e-02 
 4.72800000e-08  1.88469075e-02 
 4.73000000e-08  1.88817732e-02 
 4.73200000e-08  1.89136934e-02 
 4.73400000e-08  1.89426636e-02 
 4.73600000e-08  1.89686797e-02 
 4.73800000e-08  1.89917379e-02 
 4.74000000e-08  1.90118350e-02 
 4.74200000e-08  1.90289680e-02 
 4.74400000e-08  1.90431345e-02 
 4.74600000e-08  1.90543324e-02 
 4.74800000e-08  1.90625602e-02 
 4.75000000e-08  1.90678165e-02 
 4.75200000e-08  1.90701005e-02 
 4.75400000e-08  1.90694118e-02 
 4.75600000e-08  1.90657505e-02 
 4.75800000e-08  1.90591169e-02 
 4.76000000e-08  1.90495118e-02 
 4.76200000e-08  1.90369366e-02 
 4.76400000e-08  1.90213929e-02 
 4.76600000e-08  1.90028827e-02 
 4.76800000e-08  1.89814085e-02 
 4.77000000e-08  1.89569732e-02 
 4.77200000e-08  1.89295802e-02 
 4.77400000e-08  1.88992332e-02 
 4.77600000e-08  1.88659362e-02 
 4.77800000e-08  1.88296940e-02 
 4.78000000e-08  1.87905114e-02 
 4.78200000e-08  1.87483938e-02 
 4.78400000e-08  1.87033471e-02 
 4.78600000e-08  1.86553775e-02 
 4.78800000e-08  1.86044915e-02 
 4.79000000e-08  1.85506964e-02 
 4.79200000e-08  1.84939995e-02 
 4.79400000e-08  1.84344088e-02 
 4.79600000e-08  1.83719326e-02 
 4.79800000e-08  1.83065796e-02 
 4.80000000e-08  1.82383589e-02 
 4.80200000e-08  1.81672802e-02 
 4.80400000e-08  1.80933534e-02 
 4.80600000e-08  1.80165889e-02 
 4.80800000e-08  1.79369976e-02 
 4.81000000e-08  1.78545908e-02 
 4.81200000e-08  1.77693801e-02 
 4.81400000e-08  1.76813775e-02 
 4.81600000e-08  1.75905958e-02 
 4.81800000e-08  1.74970476e-02 
 4.82000000e-08  1.74007465e-02 
 4.82200000e-08  1.73017062e-02 
 4.82400000e-08  1.71999410e-02 
 4.82600000e-08  1.70954653e-02 
 4.82800000e-08  1.69882943e-02 
 4.83000000e-08  1.68784435e-02 
 4.83200000e-08  1.67659287e-02 
 4.83400000e-08  1.66507663e-02 
 4.83600000e-08  1.65329729e-02 
 4.83800000e-08  1.64125657e-02 
 4.84000000e-08  1.62895622e-02 
 4.84200000e-08  1.61639805e-02 
 4.84400000e-08  1.60358390e-02 
 4.84600000e-08  1.59051564e-02 
 4.84800000e-08  1.57719520e-02 
 4.85000000e-08  1.56362454e-02 
 4.85200000e-08  1.54980567e-02 
 4.85400000e-08  1.53574063e-02 
 4.85600000e-08  1.52143151e-02 
 4.85800000e-08  1.50688045e-02 
 4.86000000e-08  1.49208961e-02 
 4.86200000e-08  1.47706119e-02 
 4.86400000e-08  1.46179746e-02 
 4.86600000e-08  1.44630070e-02 
 4.86800000e-08  1.43057324e-02 
 4.87000000e-08  1.41461745e-02 
 4.87200000e-08  1.39843574e-02 
 4.87400000e-08  1.38203057e-02 
 4.87600000e-08  1.36540442e-02 
 4.87800000e-08  1.34855982e-02 
 4.88000000e-08  1.33149933e-02 
 4.88200000e-08  1.31422556e-02 
 4.88400000e-08  1.29674116e-02 
 4.88600000e-08  1.27904880e-02 
 4.88800000e-08  1.26115120e-02 
 4.89000000e-08  1.24305111e-02 
 4.89200000e-08  1.22475133e-02 
 4.89400000e-08  1.20625469e-02 
 4.89600000e-08  1.18756405e-02 
 4.89800000e-08  1.16868231e-02 
 4.90000000e-08  1.14961240e-02 
 4.90200000e-08  1.13035730e-02 
 4.90400000e-08  1.11092001e-02 
 4.90600000e-08  1.09130357e-02 
 4.90800000e-08  1.07151105e-02 
 4.91000000e-08  1.05154556e-02 
 4.91200000e-08  1.03141023e-02 
 4.91400000e-08  1.01110823e-02 
 4.91600000e-08  9.90642773e-03 
 4.91800000e-08  9.70017083e-03 
 4.92000000e-08  9.49234424e-03 
 4.92200000e-08  9.28298091e-03 
 4.92400000e-08  9.07211408e-03 
 4.92600000e-08  8.85977727e-03 
 4.92800000e-08  8.64600427e-03 
 4.93000000e-08  8.43082919e-03 
 4.93200000e-08  8.21428637e-03 
 4.93400000e-08  7.99641044e-03 
 4.93600000e-08  7.77723628e-03 
 4.93800000e-08  7.55679904e-03 
 4.94000000e-08  7.33513411e-03 
 4.94200000e-08  7.11227710e-03 
 4.94400000e-08  6.88826389e-03 
 4.94600000e-08  6.66313056e-03 
 4.94800000e-08  6.43691344e-03 
 4.95000000e-08  6.20964904e-03 
 4.95200000e-08  5.98137411e-03 
 4.95400000e-08  5.75212559e-03 
 4.95600000e-08  5.52194059e-03 
 4.95800000e-08  5.29085644e-03 
 4.96000000e-08  5.05891064e-03 
 4.96200000e-08  4.82614085e-03 
 4.96400000e-08  4.59258490e-03 
 4.96600000e-08  4.35828080e-03 
 4.96800000e-08  4.12326666e-03 
 4.97000000e-08  3.88758077e-03 
 4.97200000e-08  3.65126156e-03 
 4.97400000e-08  3.41434756e-03 
 4.97600000e-08  3.17687742e-03 
 4.97800000e-08  2.93888993e-03 
 4.98000000e-08  2.70042395e-03 
 4.98200000e-08  2.46151845e-03 
 4.98400000e-08  2.22221249e-03 
 4.98600000e-08  1.98254521e-03 
 4.98800000e-08  1.74255580e-03 
 4.99000000e-08  1.50228355e-03 
 4.99200000e-08  1.26176776e-03 
 4.99400000e-08  1.02104782e-03 
 4.99600000e-08  7.80163127e-04 
 4.99800000e-08  5.39153129e-04 
 5.00000000e-08  2.98057286e-04 
 5.00200000e-08  5.69150746e-05 
 5.00400000e-08 -1.84234022e-04 
 5.00600000e-08 -4.25350522e-04 
 5.00800000e-08 -6.66394956e-04 
 5.01000000e-08 -9.07327868e-04 
 5.01200000e-08 -1.14810984e-03 
 5.01400000e-08 -1.38870146e-03 
 5.01600000e-08 -1.62906340e-03 
 5.01800000e-08 -1.86915636e-03 
 5.02000000e-08 -2.10894108e-03 
 5.02200000e-08 -2.34837840e-03 
 5.02400000e-08 -2.58742923e-03 
 5.02600000e-08 -2.82605453e-03 
 5.02800000e-08 -3.06421540e-03 
 5.03000000e-08 -3.30187299e-03 
 5.03200000e-08 -3.53898859e-03 
 5.03400000e-08 -3.77552358e-03 
 5.03600000e-08 -4.01143949e-03 
 5.03800000e-08 -4.24669795e-03 
 5.04000000e-08 -4.48126075e-03 
 5.04200000e-08 -4.71508981e-03 
 5.04400000e-08 -4.94814719e-03 
 5.04600000e-08 -5.18039515e-03 
 5.04800000e-08 -5.41179607e-03 
 5.05000000e-08 -5.64231253e-03 
 5.05200000e-08 -5.87190729e-03 
 5.05400000e-08 -6.10054328e-03 
 5.05600000e-08 -6.32818366e-03 
 5.05800000e-08 -6.55479175e-03 
 5.06000000e-08 -6.78033110e-03 
 5.06200000e-08 -7.00476548e-03 
 5.06400000e-08 -7.22805887e-03 
 5.06600000e-08 -7.45017548e-03 
 5.06800000e-08 -7.67107977e-03 
 5.07000000e-08 -7.89073642e-03 
 5.07200000e-08 -8.10911037e-03 
 5.07400000e-08 -8.32616680e-03 
 5.07600000e-08 -8.54187117e-03 
 5.07800000e-08 -8.75618919e-03 
 5.08000000e-08 -8.96908685e-03 
 5.08200000e-08 -9.18053040e-03 
 5.08400000e-08 -9.39048641e-03 
 5.08600000e-08 -9.59892168e-03 
 5.08800000e-08 -9.80580336e-03 
 5.09000000e-08 -1.00110989e-02 
 5.09200000e-08 -1.02147759e-02 
 5.09400000e-08 -1.04168026e-02 
 5.09600000e-08 -1.06171472e-02 
 5.09800000e-08 -1.08157784e-02 
 5.10000000e-08 -1.10126651e-02 
 5.10200000e-08 -1.12077768e-02 
 5.10400000e-08 -1.14010831e-02 
 5.10600000e-08 -1.15925539e-02 
 5.10800000e-08 -1.17821596e-02 
 5.11000000e-08 -1.19698708e-02 
 5.11200000e-08 -1.21556585e-02 
 5.11400000e-08 -1.23394942e-02 
 5.11600000e-08 -1.25213495e-02 
 5.11800000e-08 -1.27011965e-02 
 5.12000000e-08 -1.28790077e-02 
 5.12200000e-08 -1.30547558e-02 
 5.12400000e-08 -1.32284141e-02 
 5.12600000e-08 -1.33999560e-02 
 5.12800000e-08 -1.35693555e-02 
 5.13000000e-08 -1.37365870e-02 
 5.13200000e-08 -1.39016250e-02 
 5.13400000e-08 -1.40644446e-02 
 5.13600000e-08 -1.42250213e-02 
 5.13800000e-08 -1.43833309e-02 
 5.14000000e-08 -1.45393496e-02 
 5.14200000e-08 -1.46930540e-02 
 5.14400000e-08 -1.48444211e-02 
 5.14600000e-08 -1.49934284e-02 
 5.14800000e-08 -1.51400536e-02 
 5.15000000e-08 -1.52842748e-02 
 5.15200000e-08 -1.54260707e-02 
 5.15400000e-08 -1.55654203e-02 
 5.15600000e-08 -1.57023030e-02 
 5.15800000e-08 -1.58366985e-02 
 5.16000000e-08 -1.59685871e-02 
 5.16200000e-08 -1.60979494e-02 
 5.16400000e-08 -1.62247664e-02 
 5.16600000e-08 -1.63490194e-02 
 5.16800000e-08 -1.64706904e-02 
 5.17000000e-08 -1.65897616e-02 
 5.17200000e-08 -1.67062156e-02 
 5.17400000e-08 -1.68200355e-02 
 5.17600000e-08 -1.69312048e-02 
 5.17800000e-08 -1.70397073e-02 
 5.18000000e-08 -1.71455274e-02 
 5.18200000e-08 -1.72486497e-02 
 5.18400000e-08 -1.73490594e-02 
 5.18600000e-08 -1.74467421e-02 
 5.18800000e-08 -1.75416836e-02 
 5.19000000e-08 -1.76338703e-02 
 5.19200000e-08 -1.77232891e-02 
 5.19400000e-08 -1.78099270e-02 
 5.19600000e-08 -1.78937718e-02 
 5.19800000e-08 -1.79748114e-02 
 5.20000000e-08 -1.80530343e-02 
 5.20200000e-08 -1.81284293e-02 
 5.20400000e-08 -1.82009857e-02 
 5.20600000e-08 -1.82706932e-02 
 5.20800000e-08 -1.83375418e-02 
 5.21000000e-08 -1.84015220e-02 
 5.21200000e-08 -1.84626249e-02 
 5.21400000e-08 -1.85208417e-02 
 5.21600000e-08 -1.85761641e-02 
 5.21800000e-08 -1.86285843e-02 
 5.22000000e-08 -1.86780950e-02 
 5.22200000e-08 -1.87246890e-02 
 5.22400000e-08 -1.87683598e-02 
 5.22600000e-08 -1.88091013e-02 
 5.22800000e-08 -1.88469075e-02 
 5.23000000e-08 -1.88817732e-02 
 5.23200000e-08 -1.89136934e-02 
 5.23400000e-08 -1.89426636e-02 
 5.23600000e-08 -1.89686797e-02 
 5.23800000e-08 -1.89917379e-02 
 5.24000000e-08 -1.90118350e-02 
 5.24200000e-08 -1.90289680e-02 
 5.24400000e-08 -1.90431345e-02 
 5.24600000e-08 -1.90543324e-02 
 5.24800000e-08 -1.90625602e-02 
 5.25000000e-08 -1.90678165e-02 
 5.25200000e-08 -1.90701005e-02 
 5.25400000e-08 -1.90694118e-02 
 5.25600000e-08 -1.90657505e-02 
 5.25800000e-08 -1.90591169e-02 
 5.26000000e-08 -1.90495118e-02 
 5.26200000e-08 -1.90369366e-02 
 5.26400000e-08 -1.90213929e-02 
 5.26600000e-08 -1.90028827e-02 
 5.26800000e-08 -1.89814085e-02 
 5.27000000e-08 -1.89569732e-02 
 5.27200000e-08 -1.89295802e-02 
 5.27400000e-08 -1.88992332e-02 
 5.27600000e-08 -1.88659362e-02 
 5.27800000e-08 -1.88296940e-02 
 5.28000000e-08 -1.87905114e-02 
 5.28200000e-08 -1.87483938e-02 
 5.28400000e-08 -1.87033471e-02 
 5.28600000e-08 -1.86553775e-02 
 5.28800000e-08 -1.86044915e-02 
 5.29000000e-08 -1.85506964e-02 
 5.29200000e-08 -1.84939995e-02 
 5.29400000e-08 -1.84344088e-02 
 5.29600000e-08 -1.83719326e-02 
 5.29800000e-08 -1.83065796e-02 
 5.30000000e-08 -1.82383589e-02 
 5.30200000e-08 -1.81672802e-02 
 5.30400000e-08 -1.80933534e-02 
 5.30600000e-08 -1.80165889e-02 
 5.30800000e-08 -1.79369976e-02 
 5.31000000e-08 -1.78545908e-02 
 5.31200000e-08 -1.77693801e-02 
 5.31400000e-08 -1.76813775e-02 
 5.31600000e-08 -1.75905958e-02 
 5.31800000e-08 -1.74970476e-02 
 5.32000000e-08 -1.74007465e-02 
 5.32200000e-08 -1.73017062e-02 
 5.32400000e-08 -1.71999410e-02 
 5.32600000e-08 -1.70954653e-02 
 5.32800000e-08 -1.69882943e-02 
 5.33000000e-08 -1.68784435e-02 
 5.33200000e-08 -1.67659287e-02 
 5.33400000e-08 -1.66507663e-02 
 5.33600000e-08 -1.65329729e-02 
 5.33800000e-08 -1.64125657e-02 
 5.34000000e-08 -1.62895622e-02 
 5.34200000e-08 -1.61639805e-02 
 5.34400000e-08 -1.60358390e-02 
 5.34600000e-08 -1.59051564e-02 
 5.34800000e-08 -1.57719520e-02 
 5.35000000e-08 -1.56362454e-02 
 5.35200000e-08 -1.54980567e-02 
 5.35400000e-08 -1.53574063e-02 
 5.35600000e-08 -1.52143151e-02 
 5.35800000e-08 -1.50688045e-02 
 5.36000000e-08 -1.49208961e-02 
 5.36200000e-08 -1.47706119e-02 
 5.36400000e-08 -1.46179746e-02 
 5.36600000e-08 -1.44630070e-02 
 5.36800000e-08 -1.43057324e-02 
 5.37000000e-08 -1.41461745e-02 
 5.37200000e-08 -1.39843574e-02 
 5.37400000e-08 -1.38203057e-02 
 5.37600000e-08 -1.36540442e-02 
 5.37800000e-08 -1.34855982e-02 
 5.38000000e-08 -1.33149933e-02 
 5.38200000e-08 -1.31422556e-02 
 5.38400000e-08 -1.29674116e-02 
 5.38600000e-08 -1.27904880e-02 
 5.38800000e-08 -1.26115120e-02 
 5.39000000e-08 -1.24305111e-02 
 5.39200000e-08 -1.22475133e-02 
 5.39400000e-08 -1.20625469e-02 
 5.39600000e-08 -1.18756405e-02 
 5.39800000e-08 -1.16868231e-02 
 5.40000000e-08 -1.14961240e-02 
 5.40200000e-08 -1.13035730e-02 
 5.40400000e-08 -1.11092001e-02 
 5.40600000e-08 -1.09130357e-02 
 5.40800000e-08 -1.07151105e-02 
 5.41000000e-08 -1.05154556e-02 
 5.41200000e-08 -1.03141023e-02 
 5.41400000e-08 -1.01110823e-02 
 5.41600000e-08 -9.90642774e-03 
 5.41800000e-08 -9.70017082e-03 
 5.42000000e-08 -9.49234424e-03 
 5.42200000e-08 -9.28298092e-03 
 5.42400000e-08 -9.07211408e-03 
 5.42600000e-08 -8.85977727e-03 
 5.42800000e-08 -8.64600427e-03 
 5.43000000e-08 -8.43082919e-03 
 5.43200000e-08 -8.21428637e-03 
 5.43400000e-08 -7.99641044e-03 
 5.43600000e-08 -7.77723628e-03 
 5.43800000e-08 -7.55679904e-03 
 5.44000000e-08 -7.33513410e-03 
 5.44200000e-08 -7.11227710e-03 
 5.44400000e-08 -6.88826389e-03 
 5.44600000e-08 -6.66313056e-03 
 5.44800000e-08 -6.43691344e-03 
 5.45000000e-08 -6.20964905e-03 
 5.45200000e-08 -5.98137412e-03 
 5.45400000e-08 -5.75212559e-03 
 5.45600000e-08 -5.52194059e-03 
 5.45800000e-08 -5.29085644e-03 
 5.46000000e-08 -5.05891064e-03 
 5.46200000e-08 -4.82614085e-03 
 5.46400000e-08 -4.59258490e-03 
 5.46600000e-08 -4.35828079e-03 
 5.46800000e-08 -4.12326666e-03 
 5.47000000e-08 -3.88758078e-03 
 5.47200000e-08 -3.65126156e-03 
 5.47400000e-08 -3.41434756e-03 
 5.47600000e-08 -3.17687742e-03 
 5.47800000e-08 -2.93888993e-03 
 5.48000000e-08 -2.70042395e-03 
 5.48200000e-08 -2.46151845e-03 
 5.48400000e-08 -2.22221249e-03 
 5.48600000e-08 -1.98254521e-03 
 5.48800000e-08 -1.74255580e-03 
 5.49000000e-08 -1.50228355e-03 
 5.49200000e-08 -1.26176776e-03 
 5.49400000e-08 -1.02104782e-03 
 5.49600000e-08 -7.80163127e-04 
 5.49800000e-08 -5.39153128e-04 
 5.50000000e-08 -2.98057286e-04 
 5.50200000e-08 -5.69150739e-05 
 5.50400000e-08  1.84234022e-04 
 5.50600000e-08  4.25350523e-04 
 5.50800000e-08  6.66394955e-04 
 5.51000000e-08  9.07327868e-04 
 5.51200000e-08  1.14810984e-03 
 5.51400000e-08  1.38870146e-03 
 5.51600000e-08  1.62906340e-03 
 5.51800000e-08  1.86915636e-03 
 5.52000000e-08  2.10894108e-03 
 5.52200000e-08  2.34837840e-03 
 5.52400000e-08  2.58742923e-03 
 5.52600000e-08  2.82605453e-03 
 5.52800000e-08  3.06421540e-03 
 5.53000000e-08  3.30187299e-03 
 5.53200000e-08  3.53898859e-03 
 5.53400000e-08  3.77552358e-03 
 5.53600000e-08  4.01143949e-03 
 5.53800000e-08  4.24669795e-03 
 5.54000000e-08  4.48126075e-03 
 5.54200000e-08  4.71508981e-03 
 5.54400000e-08  4.94814719e-03 
 5.54600000e-08  5.18039515e-03 
 5.54800000e-08  5.41179607e-03 
 5.55000000e-08  5.64231253e-03 
 5.55200000e-08  5.87190728e-03 
 5.55400000e-08  6.10054328e-03 
 5.55600000e-08  6.32818366e-03 
 5.55800000e-08  6.55479175e-03 
 5.56000000e-08  6.78033110e-03 
 5.56200000e-08  7.00476548e-03 
 5.56400000e-08  7.22805887e-03 
 5.56600000e-08  7.45017548e-03 
 5.56800000e-08  7.67107977e-03 
 5.57000000e-08  7.89073642e-03 
 5.57200000e-08  8.10911037e-03 
 5.57400000e-08  8.32616680e-03 
 5.57600000e-08  8.54187117e-03 
 5.57800000e-08  8.75618919e-03 
 5.58000000e-08  8.96908685e-03 
 5.58200000e-08  9.18053041e-03 
 5.58400000e-08  9.39048641e-03 
 5.58600000e-08  9.59892168e-03 
 5.58800000e-08  9.80580336e-03 
 5.59000000e-08  1.00110989e-02 
 5.59200000e-08  1.02147759e-02 
 5.59400000e-08  1.04168026e-02 
 5.59600000e-08  1.06171472e-02 
 5.59800000e-08  1.08157784e-02 
 5.60000000e-08  1.10126651e-02 
 5.60200000e-08  1.12077768e-02 
 5.60400000e-08  1.14010831e-02 
 5.60600000e-08  1.15925539e-02 
 5.60800000e-08  1.17821596e-02 
 5.61000000e-08  1.19698708e-02 
 5.61200000e-08  1.21556585e-02 
 5.61400000e-08  1.23394942e-02 
 5.61600000e-08  1.25213495e-02 
 5.61800000e-08  1.27011965e-02 
 5.62000000e-08  1.28790077e-02 
 5.62200000e-08  1.30547558e-02 
 5.62400000e-08  1.32284141e-02 
 5.62600000e-08  1.33999560e-02 
 5.62800000e-08  1.35693556e-02 
 5.63000000e-08  1.37365870e-02 
 5.63200000e-08  1.39016250e-02 
 5.63400000e-08  1.40644446e-02 
 5.63600000e-08  1.42250213e-02 
 5.63800000e-08  1.43833309e-02 
 5.64000000e-08  1.45393496e-02 
 5.64200000e-08  1.46930540e-02 
 5.64400000e-08  1.48444211e-02 
 5.64600000e-08  1.49934284e-02 
 5.64800000e-08  1.51400536e-02 
 5.65000000e-08  1.52842748e-02 
 5.65200000e-08  1.54260707e-02 
 5.65400000e-08  1.55654203e-02 
 5.65600000e-08  1.57023030e-02 
 5.65800000e-08  1.58366985e-02 
 5.66000000e-08  1.59685871e-02 
 5.66200000e-08  1.60979494e-02 
 5.66400000e-08  1.62247664e-02 
 5.66600000e-08  1.63490194e-02 
 5.66800000e-08  1.64706904e-02 
 5.67000000e-08  1.65897616e-02 
 5.67200000e-08  1.67062156e-02 
 5.67400000e-08  1.68200355e-02 
 5.67600000e-08  1.69312048e-02 
 5.67800000e-08  1.70397073e-02 
 5.68000000e-08  1.71455274e-02 
 5.68200000e-08  1.72486497e-02 
 5.68400000e-08  1.73490594e-02 
 5.68600000e-08  1.74467421e-02 
 5.68800000e-08  1.75416836e-02 
 5.69000000e-08  1.76338703e-02 
 5.69200000e-08  1.77232891e-02 
 5.69400000e-08  1.78099270e-02 
 5.69600000e-08  1.78937718e-02 
 5.69800000e-08  1.79748114e-02 
 5.70000000e-08  1.80530343e-02 
 5.70200000e-08  1.81284293e-02 
 5.70400000e-08  1.82009857e-02 
 5.70600000e-08  1.82706932e-02 
 5.70800000e-08  1.83375418e-02 
 5.71000000e-08  1.84015220e-02 
 5.71200000e-08  1.84626249e-02 
 5.71400000e-08  1.85208417e-02 
 5.71600000e-08  1.85761641e-02 
 5.71800000e-08  1.86285843e-02 
 5.72000000e-08  1.86780950e-02 
 5.72200000e-08  1.87246890e-02 
 5.72400000e-08  1.87683598e-02 
 5.72600000e-08  1.88091013e-02 
 5.72800000e-08  1.88469075e-02 
 5.73000000e-08  1.88817732e-02 
 5.73200000e-08  1.89136934e-02 
 5.73400000e-08  1.89426636e-02 
 5.73600000e-08  1.89686797e-02 
 5.73800000e-08  1.89917379e-02 
 5.74000000e-08  1.90118350e-02 
 5.74200000e-08  1.90289680e-02 
 5.74400000e-08  1.90431345e-02 
 5.74600000e-08  1.90543324e-02 
 5.74800000e-08  1.90625602e-02 
 5.75000000e-08  1.90678165e-02 
 5.75200000e-08  1.90701005e-02 
 5.75400000e-08  1.90694118e-02 
 5.75600000e-08  1.90657505e-02 
 5.75800000e-08  1.90591169e-02 
 5.76000000e-08  1.90495118e-02 
 5.76200000e-08  1.90369366e-02 
 5.76400000e-08  1.90213929e-02 
 5.76600000e-08  1.90028827e-02 
 5.76800000e-08  1.89814085e-02 
 5.77000000e-08  1.89569732e-02 
 5.77200000e-08  1.89295802e-02 
 5.77400000e-08  1.88992332e-02 
 5.77600000e-08  1.88659362e-02 
 5.77800000e-08  1.88296940e-02 
 5.78000000e-08  1.87905114e-02 
 5.78200000e-08  1.87483938e-02 
 5.78400000e-08  1.87033471e-02 
 5.78600000e-08  1.86553775e-02 
 5.78800000e-08  1.86044915e-02 
 5.79000000e-08  1.85506964e-02 
 5.79200000e-08  1.84939995e-02 
 5.79400000e-08  1.84344088e-02 
 5.79600000e-08  1.83719326e-02 
 5.79800000e-08  1.83065796e-02 
 5.80000000e-08  1.82383589e-02 
 5.80200000e-08  1.81672802e-02 
 5.80400000e-08  1.80933534e-02 
 5.80600000e-08  1.80165889e-02 
 5.80800000e-08  1.79369976e-02 
 5.81000000e-08  1.78545908e-02 
 5.81200000e-08  1.77693801e-02 
 5.81400000e-08  1.76813775e-02 
 5.81600000e-08  1.75905958e-02 
 5.81800000e-08  1.74970476e-02 
 5.82000000e-08  1.74007465e-02 
 5.82200000e-08  1.73017062e-02 
 5.82400000e-08  1.71999410e-02 
 5.82600000e-08  1.70954653e-02 
 5.82800000e-08  1.69882943e-02 
 5.83000000e-08  1.68784435e-02 
 5.83200000e-08  1.67659287e-02 
 5.83400000e-08  1.66507663e-02 
 5.83600000e-08  1.65329729e-02 
 5.83800000e-08  1.64125657e-02 
 5.84000000e-08  1.62895622e-02 
 5.84200000e-08  1.61639805e-02 
 5.84400000e-08  1.60358390e-02 
 5.84600000e-08  1.59051564e-02 
 5.84800000e-08  1.57719520e-02 
 5.85000000e-08  1.56362454e-02 
 5.85200000e-08  1.54980567e-02 
 5.85400000e-08  1.53574063e-02 
 5.85600000e-08  1.52143151e-02 
 5.85800000e-08  1.50688045e-02 
 5.86000000e-08  1.49208961e-02 
 5.86200000e-08  1.47706119e-02 
 5.86400000e-08  1.46179746e-02 
 5.86600000e-08  1.44630070e-02 
 5.86800000e-08  1.43057324e-02 
 5.87000000e-08  1.41461745e-02 
 5.87200000e-08  1.39843574e-02 
 5.87400000e-08  1.38203057e-02 
 5.87600000e-08  1.36540442e-02 
 5.87800000e-08  1.34855982e-02 
 5.88000000e-08  1.33149933e-02 
 5.88200000e-08  1.31422556e-02 
 5.88400000e-08  1.29674116e-02 
 5.88600000e-08  1.27904880e-02 
 5.88800000e-08  1.26115120e-02 
 5.89000000e-08  1.24305111e-02 
 5.89200000e-08  1.22475133e-02 
 5.89400000e-08  1.20625469e-02 
 5.89600000e-08  1.18756405e-02 
 5.89800000e-08  1.16868231e-02 
 5.90000000e-08  1.14961240e-02 
 5.90200000e-08  1.13035730e-02 
 5.90400000e-08  1.11092001e-02 
 5.90600000e-08  1.09130357e-02 
 5.90800000e-08  1.07151105e-02 
 5.91000000e-08  1.05154556e-02 
 5.91200000e-08  1.03141023e-02 
 5.91400000e-08  1.01110823e-02 
 5.91600000e-08  9.90642773e-03 
 5.91800000e-08  9.70017082e-03 
 5.92000000e-08  9.49234424e-03 
 5.92200000e-08  9.28298091e-03 
 5.92400000e-08  9.07211408e-03 
 5.92600000e-08  8.85977727e-03 
 5.92800000e-08  8.64600427e-03 
 5.93000000e-08  8.43082919e-03 
 5.93200000e-08  8.21428637e-03 
 5.93400000e-08  7.99641044e-03 
 5.93600000e-08  7.77723628e-03 
 5.93800000e-08  7.55679904e-03 
 5.94000000e-08  7.33513411e-03 
 5.94200000e-08  7.11227710e-03 
 5.94400000e-08  6.88826389e-03 
 5.94600000e-08  6.66313056e-03 
 5.94800000e-08  6.43691344e-03 
 5.95000000e-08  6.20964905e-03 
 5.95200000e-08  5.98137411e-03 
 5.95400000e-08  5.75212559e-03 
 5.95600000e-08  5.52194059e-03 
 5.95800000e-08  5.29085644e-03 
 5.96000000e-08  5.05891064e-03 
 5.96200000e-08  4.82614085e-03 
 5.96400000e-08  4.59258490e-03 
 5.96600000e-08  4.35828079e-03 
 5.96800000e-08  4.12326666e-03 
 5.97000000e-08  3.88758078e-03 
 5.97200000e-08  3.65126156e-03 
 5.97400000e-08  3.41434756e-03 
 5.97600000e-08  3.17687742e-03 
 5.97800000e-08  2.93888993e-03 
 5.98000000e-08  2.70042395e-03 
 5.98200000e-08  2.46151845e-03 
 5.98400000e-08  2.22221249e-03 
 5.98600000e-08  1.98254521e-03 
 5.98800000e-08  1.74255580e-03 
 5.99000000e-08  1.50228355e-03 
 5.99200000e-08  1.26176776e-03 
 5.99400000e-08  1.02104782e-03 
 5.99600000e-08  7.80163127e-04 
 5.99800000e-08  5.39153129e-04 
 6.00000000e-08  2.98061097e-04 
