 0.00000000e+00  1.11022302e-16 
 2.00000000e-11 -1.68022393e-04 
 4.00000000e-11 -6.27727729e-04 
 6.00000000e-11 -1.10380545e-03 
 8.00000000e-11 -1.57862138e-03 
 1.00000000e-10 -2.05210155e-03 
 1.20000000e-10 -2.52424239e-03 
 1.40000000e-10 -2.99502767e-03 
 1.60000000e-10 -3.46444202e-03 
 1.80000000e-10 -3.93246651e-03 
 2.00000000e-10 -4.39908168e-03 
 2.20000000e-10 -4.86426554e-03 
 2.40000000e-10 -5.32799484e-03 
 2.60000000e-10 -5.79024472e-03 
 2.80000000e-10 -6.25098850e-03 
 3.00000000e-10 -6.71019861e-03 
 3.20000000e-10 -7.16784520e-03 
 3.40000000e-10 -7.62389818e-03 
 3.60000000e-10 -8.07832479e-03 
 3.80000000e-10 -8.53109252e-03 
 4.00000000e-10 -8.98216595e-03 
 4.20000000e-10 -9.43151031e-03 
 4.40000000e-10 -9.87908772e-03 
 4.60000000e-10 -1.03248613e-02 
 4.80000000e-10 -1.07687908e-02 
 5.00000000e-10 -1.12108373e-02 
 5.20000000e-10 -1.16509587e-02 
 5.40000000e-10 -1.20891140e-02 
 5.60000000e-10 -1.25252590e-02 
 5.80000000e-10 -1.29593511e-02 
 6.00000000e-10 -1.33913444e-02 
 6.20000000e-10 -1.38211945e-02 
 6.40000000e-10 -1.42488537e-02 
 6.60000000e-10 -1.46742761e-02 
 6.80000000e-10 -1.50974125e-02 
 7.00000000e-10 -1.55182155e-02 
 7.20000000e-10 -1.59366346e-02 
 7.40000000e-10 -1.63526208e-02 
 7.60000000e-10 -1.67661223e-02 
 7.80000000e-10 -1.71770889e-02 
 8.00000000e-10 -1.75854676e-02 
 8.20000000e-10 -1.79912071e-02 
 8.40000000e-10 -1.83942531e-02 
 8.60000000e-10 -1.87945531e-02 
 8.80000000e-10 -1.91920521e-02 
 9.00000000e-10 -1.95866966e-02 
 9.20000000e-10 -1.99784304e-02 
 9.40000000e-10 -2.03671992e-02 
 9.60000000e-10 -2.07529462e-02 
 9.80000000e-10 -2.11356161e-02 
 1.00000000e-09 -2.15151513e-02 
 1.02000000e-09 -2.18914960e-02 
 1.04000000e-09 -2.22645920e-02 
 1.06000000e-09 -2.26343827e-02 
 1.08000000e-09 -2.30008096e-02 
 1.10000000e-09 -2.33638154e-02 
 1.12000000e-09 -2.37233412e-02 
 1.14000000e-09 -2.40793295e-02 
 1.16000000e-09 -2.44317209e-02 
 1.18000000e-09 -2.47804577e-02 
 1.20000000e-09 -2.51254803e-02 
 1.22000000e-09 -2.54667308e-02 
 1.24000000e-09 -2.58041495e-02 
 1.26000000e-09 -2.61376784e-02 
 1.28000000e-09 -2.64672580e-02 
 1.30000000e-09 -2.67928302e-02 
 1.32000000e-09 -2.71143356e-02 
 1.34000000e-09 -2.74317164e-02 
 1.36000000e-09 -2.77449134e-02 
 1.38000000e-09 -2.80538689e-02 
 1.40000000e-09 -2.83585244e-02 
 1.42000000e-09 -2.86588225e-02 
 1.44000000e-09 -2.89547051e-02 
 1.46000000e-09 -2.92461155e-02 
 1.48000000e-09 -2.95329962e-02 
 1.50000000e-09 -2.98152910e-02 
 1.52000000e-09 -3.00929433e-02 
 1.54000000e-09 -3.03658977e-02 
 1.56000000e-09 -3.06340985e-02 
 1.58000000e-09 -3.08974913e-02 
 1.60000000e-09 -3.11560213e-02 
 1.62000000e-09 -3.14096352e-02 
 1.64000000e-09 -3.16582794e-02 
 1.66000000e-09 -3.19019017e-02 
 1.68000000e-09 -3.21404499e-02 
 1.70000000e-09 -3.23738731e-02 
 1.72000000e-09 -3.26021206e-02 
 1.74000000e-09 -3.28251430e-02 
 1.76000000e-09 -3.30428910e-02 
 1.78000000e-09 -3.32553168e-02 
 1.80000000e-09 -3.34623730e-02 
 1.82000000e-09 -3.36640135e-02 
 1.84000000e-09 -3.38601926e-02 
 1.86000000e-09 -3.40508661e-02 
 1.88000000e-09 -3.42359904e-02 
 1.90000000e-09 -3.44155232e-02 
 1.92000000e-09 -3.45894230e-02 
 1.94000000e-09 -3.47576496e-02 
 1.96000000e-09 -3.49201636e-02 
 1.98000000e-09 -3.50769274e-02 
 2.00000000e-09 -3.52279037e-02 
 2.02000000e-09 -3.53730571e-02 
 2.04000000e-09 -3.55123531e-02 
 2.06000000e-09 -3.56457585e-02 
 2.08000000e-09 -3.57732415e-02 
 2.10000000e-09 -3.58947715e-02 
 2.12000000e-09 -3.60103192e-02 
 2.14000000e-09 -3.61198568e-02 
 2.16000000e-09 -3.62233576e-02 
 2.18000000e-09 -3.63207967e-02 
 2.20000000e-09 -3.64121504e-02 
 2.22000000e-09 -3.64973963e-02 
 2.24000000e-09 -3.65765138e-02 
 2.26000000e-09 -3.66494834e-02 
 2.28000000e-09 -3.67162874e-02 
 2.30000000e-09 -3.67769096e-02 
 2.32000000e-09 -3.68313350e-02 
 2.34000000e-09 -3.68795504e-02 
 2.36000000e-09 -3.69215442e-02 
 2.38000000e-09 -3.69573062e-02 
 2.40000000e-09 -3.69868278e-02 
 2.42000000e-09 -3.70101020e-02 
 2.44000000e-09 -3.70271234e-02 
 2.46000000e-09 -3.70378881e-02 
 2.48000000e-09 -3.70423939e-02 
 2.50000000e-09 -3.70406401e-02 
 2.52000000e-09 -3.70326276e-02 
 2.54000000e-09 -3.70183589e-02 
 2.56000000e-09 -3.69978383e-02 
 2.58000000e-09 -3.69710713e-02 
 2.60000000e-09 -3.69380652e-02 
 2.62000000e-09 -3.68988289e-02 
 2.64000000e-09 -3.68533728e-02 
 2.66000000e-09 -3.68017090e-02 
 2.68000000e-09 -3.67438508e-02 
 2.70000000e-09 -3.66798136e-02 
 2.72000000e-09 -3.66096137e-02 
 2.74000000e-09 -3.65332694e-02 
 2.76000000e-09 -3.64508004e-02 
 2.78000000e-09 -3.63622277e-02 
 2.80000000e-09 -3.62675739e-02 
 2.82000000e-09 -3.61668631e-02 
 2.84000000e-09 -3.60601209e-02 
 2.86000000e-09 -3.59473739e-02 
 2.88000000e-09 -3.58286507e-02 
 2.90000000e-09 -3.57039808e-02 
 2.92000000e-09 -3.55733954e-02 
 2.94000000e-09 -3.54369267e-02 
 2.96000000e-09 -3.52946084e-02 
 2.98000000e-09 -3.51464754e-02 
 3.00000000e-09 -3.49925640e-02 
 3.02000000e-09 -3.48329116e-02 
 3.04000000e-09 -3.46675568e-02 
 3.06000000e-09 -3.44965394e-02 
 3.08000000e-09 -3.43199003e-02 
 3.10000000e-09 -3.41376817e-02 
 3.12000000e-09 -3.39499266e-02 
 3.14000000e-09 -3.37566793e-02 
 3.16000000e-09 -3.35579850e-02 
 3.18000000e-09 -3.33538900e-02 
 3.20000000e-09 -3.31444415e-02 
 3.22000000e-09 -3.29296876e-02 
 3.24000000e-09 -3.27096774e-02 
 3.26000000e-09 -3.24844607e-02 
 3.28000000e-09 -3.22540885e-02 
 3.30000000e-09 -3.20186122e-02 
 3.32000000e-09 -3.17780843e-02 
 3.34000000e-09 -3.15325578e-02 
 3.36000000e-09 -3.12820867e-02 
 3.38000000e-09 -3.10267254e-02 
 3.40000000e-09 -3.07665293e-02 
 3.42000000e-09 -3.05015539e-02 
 3.44000000e-09 -3.02318560e-02 
 3.46000000e-09 -2.99574923e-02 
 3.48000000e-09 -2.96785205e-02 
 3.50000000e-09 -2.93949986e-02 
 3.52000000e-09 -2.91069851e-02 
 3.54000000e-09 -2.88145391e-02 
 3.56000000e-09 -2.85177199e-02 
 3.58000000e-09 -2.82165873e-02 
 3.60000000e-09 -2.79112016e-02 
 3.62000000e-09 -2.76016232e-02 
 3.64000000e-09 -2.72879130e-02 
 3.66000000e-09 -2.69701322e-02 
 3.68000000e-09 -2.66483421e-02 
 3.70000000e-09 -2.63226044e-02 
 3.72000000e-09 -2.59929810e-02 
 3.74000000e-09 -2.56595340e-02 
 3.76000000e-09 -2.53223255e-02 
 3.78000000e-09 -2.49814181e-02 
 3.80000000e-09 -2.46368742e-02 
 3.82000000e-09 -2.42887564e-02 
 3.84000000e-09 -2.39371277e-02 
 3.86000000e-09 -2.35820506e-02 
 3.88000000e-09 -2.32235883e-02 
 3.90000000e-09 -2.28618034e-02 
 3.92000000e-09 -2.24967591e-02 
 3.94000000e-09 -2.21285183e-02 
 3.96000000e-09 -2.17571438e-02 
 3.98000000e-09 -2.13826987e-02 
 4.00000000e-09 -2.10052458e-02 
 4.02000000e-09 -2.06248480e-02 
 4.04000000e-09 -2.02415680e-02 
 4.06000000e-09 -1.98554686e-02 
 4.08000000e-09 -1.94666124e-02 
 4.10000000e-09 -1.90750618e-02 
 4.12000000e-09 -1.86808795e-02 
 4.14000000e-09 -1.82841277e-02 
 4.16000000e-09 -1.78848685e-02 
 4.18000000e-09 -1.74831642e-02 
 4.20000000e-09 -1.70790766e-02 
 4.22000000e-09 -1.66726675e-02 
 4.24000000e-09 -1.62639987e-02 
 4.26000000e-09 -1.58531317e-02 
 4.28000000e-09 -1.54401278e-02 
 4.30000000e-09 -1.50250484e-02 
 4.32000000e-09 -1.46079543e-02 
 4.34000000e-09 -1.41889066e-02 
 4.36000000e-09 -1.37679661e-02 
 4.38000000e-09 -1.33451932e-02 
 4.40000000e-09 -1.29206485e-02 
 4.42000000e-09 -1.24943922e-02 
 4.44000000e-09 -1.20664843e-02 
 4.46000000e-09 -1.16369850e-02 
 4.48000000e-09 -1.12059538e-02 
 4.50000000e-09 -1.07734506e-02 
 4.52000000e-09 -1.03395347e-02 
 4.54000000e-09 -9.90426546e-03 
 4.56000000e-09 -9.46770213e-03 
 4.58000000e-09 -9.02990369e-03 
 4.60000000e-09 -8.59092907e-03 
 4.62000000e-09 -8.15083702e-03 
 4.64000000e-09 -7.70968618e-03 
 4.66000000e-09 -7.26753506e-03 
 4.68000000e-09 -6.82444207e-03 
 4.70000000e-09 -6.38046546e-03 
 4.72000000e-09 -5.93566343e-03 
 4.74000000e-09 -5.49009403e-03 
 4.76000000e-09 -5.04381526e-03 
 4.78000000e-09 -4.59688499e-03 
 4.80000000e-09 -4.14936104e-03 
 4.82000000e-09 -3.70130114e-03 
 4.84000000e-09 -3.25276298e-03 
 4.86000000e-09 -2.80380414e-03 
 4.88000000e-09 -2.35448222e-03 
 4.90000000e-09 -1.90485471e-03 
 4.92000000e-09 -1.45497911e-03 
 4.94000000e-09 -1.00491288e-03 
 4.96000000e-09 -5.54713455e-04 
 4.98000000e-09 -1.04438259e-04 
 5.00000000e-09  3.45855268e-04 
 5.02000000e-09  7.96109709e-04 
 5.04000000e-09  1.24626760e-03 
 5.06000000e-09  1.69627150e-03 
 5.08000000e-09  2.14606388e-03 
 5.10000000e-09  2.59558723e-03 
 5.12000000e-09  3.04478395e-03 
 5.14000000e-09  3.49359642e-03 
 5.16000000e-09  3.94196693e-03 
 5.18000000e-09  4.38983772e-03 
 5.20000000e-09  4.83715095e-03 
 5.22000000e-09  5.28384870e-03 
 5.24000000e-09  5.72987293e-03 
 5.26000000e-09  6.17516555e-03 
 5.28000000e-09  6.61966833e-03 
 5.30000000e-09  7.06332295e-03 
 5.32000000e-09  7.50607094e-03 
 5.34000000e-09  7.94785375e-03 
 5.36000000e-09  8.38861267e-03 
 5.38000000e-09  8.82828888e-03 
 5.40000000e-09  9.26682340e-03 
 5.42000000e-09  9.70415711e-03 
 5.44000000e-09  1.01402307e-02 
 5.46000000e-09  1.05749849e-02 
 5.48000000e-09  1.10083600e-02 
 5.50000000e-09  1.14402963e-02 
 5.52000000e-09  1.18707339e-02 
 5.54000000e-09  1.22996128e-02 
 5.56000000e-09  1.27268728e-02 
 5.58000000e-09  1.31524534e-02 
 5.60000000e-09  1.35762941e-02 
 5.62000000e-09  1.39983341e-02 
 5.64000000e-09  1.44185127e-02 
 5.66000000e-09  1.48367687e-02 
 5.68000000e-09  1.52530409e-02 
 5.70000000e-09  1.56672679e-02 
 5.72000000e-09  1.60793881e-02 
 5.74000000e-09  1.64893399e-02 
 5.76000000e-09  1.68970614e-02 
 5.78000000e-09  1.73024905e-02 
 5.80000000e-09  1.77055652e-02 
 5.82000000e-09  1.81062230e-02 
 5.84000000e-09  1.85044016e-02 
 5.86000000e-09  1.89000384e-02 
 5.88000000e-09  1.92930707e-02 
 5.90000000e-09  1.96834357e-02 
 5.92000000e-09  2.00710704e-02 
 5.94000000e-09  2.04559120e-02 
 5.96000000e-09  2.08378973e-02 
 5.98000000e-09  2.12169631e-02 
 6.00000000e-09  2.15930463e-02 
 6.02000000e-09  2.19660836e-02 
 6.04000000e-09  2.23360116e-02 
 6.06000000e-09  2.27027671e-02 
 6.08000000e-09  2.30662867e-02 
 6.10000000e-09  2.34265071e-02 
 6.12000000e-09  2.37833650e-02 
 6.14000000e-09  2.41367971e-02 
 6.16000000e-09  2.44867403e-02 
 6.18000000e-09  2.48331314e-02 
 6.20000000e-09  2.51759073e-02 
 6.22000000e-09  2.55150053e-02 
 6.24000000e-09  2.58503624e-02 
 6.26000000e-09  2.61819161e-02 
 6.28000000e-09  2.65096040e-02 
 6.30000000e-09  2.68333637e-02 
 6.32000000e-09  2.71531333e-02 
 6.34000000e-09  2.74688510e-02 
 6.36000000e-09  2.77804552e-02 
 6.38000000e-09  2.80878849e-02 
 6.40000000e-09  2.83910790e-02 
 6.42000000e-09  2.86899772e-02 
 6.44000000e-09  2.89845191e-02 
 6.46000000e-09  2.92746451e-02 
 6.48000000e-09  2.95602958e-02 
 6.50000000e-09  2.98414123e-02 
 6.52000000e-09  3.01179363e-02 
 6.54000000e-09  3.03898100e-02 
 6.56000000e-09  3.06569758e-02 
 6.58000000e-09  3.09193772e-02 
 6.60000000e-09  3.11769579e-02 
 6.62000000e-09  3.14296625e-02 
 6.64000000e-09  3.16774361e-02 
 6.66000000e-09  3.19202245e-02 
 6.68000000e-09  3.21579744e-02 
 6.70000000e-09  3.23906330e-02 
 6.72000000e-09  3.26181484e-02 
 6.74000000e-09  3.28404697e-02 
 6.76000000e-09  3.30575465e-02 
 6.78000000e-09  3.32693296e-02 
 6.80000000e-09  3.34757705e-02 
 6.82000000e-09  3.36768218e-02 
 6.84000000e-09  3.38724370e-02 
 6.86000000e-09  3.40625705e-02 
 6.88000000e-09  3.42471779e-02 
 6.90000000e-09  3.44262159e-02 
 6.92000000e-09  3.45996420e-02 
 6.94000000e-09  3.47674152e-02 
 6.96000000e-09  3.49294954e-02 
 6.98000000e-09  3.50858438e-02 
 7.00000000e-09  3.52364226e-02 
 7.02000000e-09  3.53811956e-02 
 7.04000000e-09  3.55201276e-02 
 7.06000000e-09  3.56531847e-02 
 7.08000000e-09  3.57803344e-02 
 7.10000000e-09  3.59015454e-02 
 7.12000000e-09  3.60167879e-02 
 7.14000000e-09  3.61260335e-02 
 7.16000000e-09  3.62292551e-02 
 7.18000000e-09  3.63264271e-02 
 7.20000000e-09  3.64175252e-02 
 7.22000000e-09  3.65025267e-02 
 7.24000000e-09  3.65814104e-02 
 7.26000000e-09  3.66541564e-02 
 7.28000000e-09  3.67207467e-02 
 7.30000000e-09  3.67811644e-02 
 7.32000000e-09  3.68353943e-02 
 7.34000000e-09  3.68834229e-02 
 7.36000000e-09  3.69252380e-02 
 7.38000000e-09  3.69608292e-02 
 7.40000000e-09  3.69901875e-02 
 7.42000000e-09  3.70133057e-02 
 7.44000000e-09  3.70301779e-02 
 7.46000000e-09  3.70408001e-02 
 7.48000000e-09  3.70451697e-02 
 7.50000000e-09  3.70432858e-02 
 7.52000000e-09  3.70351491e-02 
 7.54000000e-09  3.70207617e-02 
 7.56000000e-09  3.70001276e-02 
 7.58000000e-09  3.69732523e-02 
 7.60000000e-09  3.69401428e-02 
 7.62000000e-09  3.69008077e-02 
 7.64000000e-09  3.68552573e-02 
 7.66000000e-09  3.68035034e-02 
 7.68000000e-09  3.67455594e-02 
 7.70000000e-09  3.66814401e-02 
 7.72000000e-09  3.66111619e-02 
 7.74000000e-09  3.65347430e-02 
 7.76000000e-09  3.64522026e-02 
 7.78000000e-09  3.63635620e-02 
 7.80000000e-09  3.62688433e-02 
 7.82000000e-09  3.61680707e-02 
 7.84000000e-09  3.60612694e-02 
 7.86000000e-09  3.59484662e-02 
 7.88000000e-09  3.58296894e-02 
 7.90000000e-09  3.57049684e-02 
 7.92000000e-09  3.55743342e-02 
 7.94000000e-09  3.54378191e-02 
 7.96000000e-09  3.52954565e-02 
 7.98000000e-09  3.51472814e-02 
 8.00000000e-09  3.49933299e-02 
 8.02000000e-09  3.48336392e-02 
 8.04000000e-09  3.46682480e-02 
 8.06000000e-09  3.44971959e-02 
 8.08000000e-09  3.43205239e-02 
 8.10000000e-09  3.41382738e-02 
 8.12000000e-09  3.39504889e-02 
 8.14000000e-09  3.37572131e-02 
 8.16000000e-09  3.35584918e-02 
 8.18000000e-09  3.33543711e-02 
 8.20000000e-09  3.31448981e-02 
 8.22000000e-09  3.29301210e-02 
 8.24000000e-09  3.27100886e-02 
 8.26000000e-09  3.24848510e-02 
 8.28000000e-09  3.22544588e-02 
 8.30000000e-09  3.20189636e-02 
 8.32000000e-09  3.17784177e-02 
 8.34000000e-09  3.15328741e-02 
 8.36000000e-09  3.12823868e-02 
 8.38000000e-09  3.10270101e-02 
 8.40000000e-09  3.07667993e-02 
 8.42000000e-09  3.05018101e-02 
 8.44000000e-09  3.02320990e-02 
 8.46000000e-09  2.99577229e-02 
 8.48000000e-09  2.96787393e-02 
 8.50000000e-09  2.93952062e-02 
 8.52000000e-09  2.91071821e-02 
 8.54000000e-09  2.88147260e-02 
 8.56000000e-09  2.85178973e-02 
 8.58000000e-09  2.82167558e-02 
 8.60000000e-09  2.79113615e-02 
 8.62000000e-09  2.76017751e-02 
 8.64000000e-09  2.72880573e-02 
 8.66000000e-09  2.69702693e-02 
 8.68000000e-09  2.66484724e-02 
 8.70000000e-09  2.63227283e-02 
 8.72000000e-09  2.59930989e-02 
 8.74000000e-09  2.56596461e-02 
 8.76000000e-09  2.53224322e-02 
 8.78000000e-09  2.49815197e-02 
 8.80000000e-09  2.46369710e-02 
 8.82000000e-09  2.42888487e-02 
 8.84000000e-09  2.39372157e-02 
 8.86000000e-09  2.35821346e-02 
 8.88000000e-09  2.32236685e-02 
 8.90000000e-09  2.28618801e-02 
 8.92000000e-09  2.24968324e-02 
 8.94000000e-09  2.21285884e-02 
 8.96000000e-09  2.17572111e-02 
 8.98000000e-09  2.13827632e-02 
 9.00000000e-09  2.10053077e-02 
 9.02000000e-09  2.06249074e-02 
 9.04000000e-09  2.02416251e-02 
 9.06000000e-09  1.98555236e-02 
 9.08000000e-09  1.94666653e-02 
 9.10000000e-09  1.90751130e-02 
 9.12000000e-09  1.86809289e-02 
 9.14000000e-09  1.82841754e-02 
 9.16000000e-09  1.78849147e-02 
 9.18000000e-09  1.74832089e-02 
 9.20000000e-09  1.70791200e-02 
 9.22000000e-09  1.66727097e-02 
 9.24000000e-09  1.62640398e-02 
 9.26000000e-09  1.58531717e-02 
 9.28000000e-09  1.54401668e-02 
 9.30000000e-09  1.50250864e-02 
 9.32000000e-09  1.46079915e-02 
 9.34000000e-09  1.41889431e-02 
 9.36000000e-09  1.37680018e-02 
 9.38000000e-09  1.33452282e-02 
 9.40000000e-09  1.29206829e-02 
 9.42000000e-09  1.24944260e-02 
 9.44000000e-09  1.20665176e-02 
 9.46000000e-09  1.16370177e-02 
 9.48000000e-09  1.12059862e-02 
 9.50000000e-09  1.07734825e-02 
 9.52000000e-09  1.03395662e-02 
 9.54000000e-09  9.90429668e-03 
 9.56000000e-09  9.46773302e-03 
 9.58000000e-09  9.02993430e-03 
 9.60000000e-09  8.59095942e-03 
 9.62000000e-09  8.15086713e-03 
 9.64000000e-09  7.70971608e-03 
 9.66000000e-09  7.26756477e-03 
 9.68000000e-09  6.82447160e-03 
 9.70000000e-09  6.38049484e-03 
 9.72000000e-09  5.93569266e-03 
 9.74000000e-09  5.49012314e-03 
 9.76000000e-09  5.04384425e-03 
 9.78000000e-09  4.59691388e-03 
 9.80000000e-09  4.14938983e-03 
 9.82000000e-09  3.70132986e-03 
 9.84000000e-09  3.25279161e-03 
 9.86000000e-09  2.80383272e-03 
 9.88000000e-09  2.35451073e-03 
 9.90000000e-09  1.90488317e-03 
 9.92000000e-09  1.45500753e-03 
 9.94000000e-09  1.00494126e-03 
 9.96000000e-09  5.54741791e-04 
 9.98000000e-09  1.04466564e-04 
 1.00000000e-08 -3.45826999e-04 
 1.00200000e-08 -7.96081466e-04 
 1.00400000e-08 -1.24623939e-03 
 1.00600000e-08 -1.69624331e-03 
 1.00800000e-08 -2.14603572e-03 
 1.01000000e-08 -2.59555909e-03 
 1.01200000e-08 -3.04475584e-03 
 1.01400000e-08 -3.49356833e-03 
 1.01600000e-08 -3.94193887e-03 
 1.01800000e-08 -4.38980970e-03 
 1.02000000e-08 -4.83712296e-03 
 1.02200000e-08 -5.28382073e-03 
 1.02400000e-08 -5.72984500e-03 
 1.02600000e-08 -6.17513765e-03 
 1.02800000e-08 -6.61964047e-03 
 1.03000000e-08 -7.06329512e-03 
 1.03200000e-08 -7.50604316e-03 
 1.03400000e-08 -7.94782602e-03 
 1.03600000e-08 -8.38858499e-03 
 1.03800000e-08 -8.82826125e-03 
 1.04000000e-08 -9.26679582e-03 
 1.04200000e-08 -9.70412959e-03 
 1.04400000e-08 -1.01402033e-02 
 1.04600000e-08 -1.05749575e-02 
 1.04800000e-08 -1.10083327e-02 
 1.05000000e-08 -1.14402690e-02 
 1.05200000e-08 -1.18707068e-02 
 1.05400000e-08 -1.22995857e-02 
 1.05600000e-08 -1.27268457e-02 
 1.05800000e-08 -1.31524264e-02 
 1.06000000e-08 -1.35762672e-02 
 1.06200000e-08 -1.39983074e-02 
 1.06400000e-08 -1.44184860e-02 
 1.06600000e-08 -1.48367421e-02 
 1.06800000e-08 -1.52530144e-02 
 1.07000000e-08 -1.56672415e-02 
 1.07200000e-08 -1.60793619e-02 
 1.07400000e-08 -1.64893138e-02 
 1.07600000e-08 -1.68970354e-02 
 1.07800000e-08 -1.73024646e-02 
 1.08000000e-08 -1.77055394e-02 
 1.08200000e-08 -1.81061974e-02 
 1.08400000e-08 -1.85043761e-02 
 1.08600000e-08 -1.89000130e-02 
 1.08800000e-08 -1.92930454e-02 
 1.09000000e-08 -1.96834106e-02 
 1.09200000e-08 -2.00710455e-02 
 1.09400000e-08 -2.04558872e-02 
 1.09600000e-08 -2.08378726e-02 
 1.09800000e-08 -2.12169386e-02 
 1.10000000e-08 -2.15930220e-02 
 1.10200000e-08 -2.19660594e-02 
 1.10400000e-08 -2.23359876e-02 
 1.10600000e-08 -2.27027432e-02 
 1.10800000e-08 -2.30662630e-02 
 1.11000000e-08 -2.34264835e-02 
 1.11200000e-08 -2.37833416e-02 
 1.11400000e-08 -2.41367739e-02 
 1.11600000e-08 -2.44867172e-02 
 1.11800000e-08 -2.48331085e-02 
 1.12000000e-08 -2.51758847e-02 
 1.12200000e-08 -2.55149828e-02 
 1.12400000e-08 -2.58503401e-02 
 1.12600000e-08 -2.61818940e-02 
 1.12800000e-08 -2.65095820e-02 
 1.13000000e-08 -2.68333419e-02 
 1.13200000e-08 -2.71531117e-02 
 1.13400000e-08 -2.74688296e-02 
 1.13600000e-08 -2.77804340e-02 
 1.13800000e-08 -2.80878639e-02 
 1.14000000e-08 -2.83910583e-02 
 1.14200000e-08 -2.86899566e-02 
 1.14400000e-08 -2.89844987e-02 
 1.14600000e-08 -2.92746249e-02 
 1.14800000e-08 -2.95602758e-02 
 1.15000000e-08 -2.98413926e-02 
 1.15200000e-08 -3.01179168e-02 
 1.15400000e-08 -3.03897906e-02 
 1.15600000e-08 -3.06569567e-02 
 1.15800000e-08 -3.09193582e-02 
 1.16000000e-08 -3.11769392e-02 
 1.16200000e-08 -3.14296440e-02 
 1.16400000e-08 -3.16774178e-02 
 1.16600000e-08 -3.19202064e-02 
 1.16800000e-08 -3.21579565e-02 
 1.17000000e-08 -3.23906153e-02 
 1.17200000e-08 -3.26181309e-02 
 1.17400000e-08 -3.28404524e-02 
 1.17600000e-08 -3.30575295e-02 
 1.17800000e-08 -3.32693128e-02 
 1.18000000e-08 -3.34757539e-02 
 1.18200000e-08 -3.36768054e-02 
 1.18400000e-08 -3.38724208e-02 
 1.18600000e-08 -3.40625545e-02 
 1.18800000e-08 -3.42471622e-02 
 1.19000000e-08 -3.44262003e-02 
 1.19200000e-08 -3.45996267e-02 
 1.19400000e-08 -3.47674001e-02 
 1.19600000e-08 -3.49294805e-02 
 1.19800000e-08 -3.50858290e-02 
 1.20000000e-08 -3.52364081e-02 
 1.20200000e-08 -3.53811813e-02 
 1.20400000e-08 -3.55201135e-02 
 1.20600000e-08 -3.56531708e-02 
 1.20800000e-08 -3.57803207e-02 
 1.21000000e-08 -3.59015319e-02 
 1.21200000e-08 -3.60167747e-02 
 1.21400000e-08 -3.61260205e-02 
 1.21600000e-08 -3.62292423e-02 
 1.21800000e-08 -3.63264144e-02 
 1.22000000e-08 -3.64175127e-02 
 1.22200000e-08 -3.65025144e-02 
 1.22400000e-08 -3.65813983e-02 
 1.22600000e-08 -3.66541446e-02 
 1.22800000e-08 -3.67207350e-02 
 1.23000000e-08 -3.67811529e-02 
 1.23200000e-08 -3.68353830e-02 
 1.23400000e-08 -3.68834118e-02 
 1.23600000e-08 -3.69252271e-02 
 1.23800000e-08 -3.69608185e-02 
 1.24000000e-08 -3.69901770e-02 
 1.24200000e-08 -3.70132954e-02 
 1.24400000e-08 -3.70301678e-02 
 1.24600000e-08 -3.70407902e-02 
 1.24800000e-08 -3.70451600e-02 
 1.25000000e-08 -3.70432763e-02 
 1.25200000e-08 -3.70351397e-02 
 1.25400000e-08 -3.70207525e-02 
 1.25600000e-08 -3.70001186e-02 
 1.25800000e-08 -3.69732434e-02 
 1.26000000e-08 -3.69401341e-02 
 1.26200000e-08 -3.69007992e-02 
 1.26400000e-08 -3.68552490e-02 
 1.26600000e-08 -3.68034953e-02 
 1.26800000e-08 -3.67455514e-02 
 1.27000000e-08 -3.66814322e-02 
 1.27200000e-08 -3.66111543e-02 
 1.27400000e-08 -3.65347355e-02 
 1.27600000e-08 -3.64521953e-02 
 1.27800000e-08 -3.63635548e-02 
 1.28000000e-08 -3.62688363e-02 
 1.28200000e-08 -3.61680638e-02 
 1.28400000e-08 -3.60612627e-02 
 1.28600000e-08 -3.59484597e-02 
 1.28800000e-08 -3.58296830e-02 
 1.29000000e-08 -3.57049621e-02 
 1.29200000e-08 -3.55743281e-02 
 1.29400000e-08 -3.54378131e-02 
 1.29600000e-08 -3.52954507e-02 
 1.29800000e-08 -3.51472757e-02 
 1.30000000e-08 -3.49933243e-02 
 1.30200000e-08 -3.48336338e-02 
 1.30400000e-08 -3.46682427e-02 
 1.30600000e-08 -3.44971907e-02 
 1.30800000e-08 -3.43205188e-02 
 1.31000000e-08 -3.41382689e-02 
 1.31200000e-08 -3.39504841e-02 
 1.31400000e-08 -3.37572085e-02 
 1.31600000e-08 -3.35584873e-02 
 1.31800000e-08 -3.33543667e-02 
 1.32000000e-08 -3.31448938e-02 
 1.32200000e-08 -3.29301168e-02 
 1.32400000e-08 -3.27100845e-02 
 1.32600000e-08 -3.24848470e-02 
 1.32800000e-08 -3.22544549e-02 
 1.33000000e-08 -3.20189598e-02 
 1.33200000e-08 -3.17784140e-02 
 1.33400000e-08 -3.15328706e-02 
 1.33600000e-08 -3.12823833e-02 
 1.33800000e-08 -3.10270068e-02 
 1.34000000e-08 -3.07667960e-02 
 1.34200000e-08 -3.05018070e-02 
 1.34400000e-08 -3.02320959e-02 
 1.34600000e-08 -2.99577199e-02 
 1.34800000e-08 -2.96787364e-02 
 1.35000000e-08 -2.93952034e-02 
 1.35200000e-08 -2.91071794e-02 
 1.35400000e-08 -2.88147234e-02 
 1.35600000e-08 -2.85178948e-02 
 1.35800000e-08 -2.82167533e-02 
 1.36000000e-08 -2.79113592e-02 
 1.36200000e-08 -2.76017728e-02 
 1.36400000e-08 -2.72880551e-02 
 1.36600000e-08 -2.69702672e-02 
 1.36800000e-08 -2.66484704e-02 
 1.37000000e-08 -2.63227263e-02 
 1.37200000e-08 -2.59930969e-02 
 1.37400000e-08 -2.56596442e-02 
 1.37600000e-08 -2.53224304e-02 
 1.37800000e-08 -2.49815180e-02 
 1.38000000e-08 -2.46369693e-02 
 1.38200000e-08 -2.42888471e-02 
 1.38400000e-08 -2.39372141e-02 
 1.38600000e-08 -2.35821332e-02 
 1.38800000e-08 -2.32236671e-02 
 1.39000000e-08 -2.28618787e-02 
 1.39200000e-08 -2.24968311e-02 
 1.39400000e-08 -2.21285872e-02 
 1.39600000e-08 -2.17572099e-02 
 1.39800000e-08 -2.13827620e-02 
 1.40000000e-08 -2.10053066e-02 
 1.40200000e-08 -2.06249064e-02 
 1.40400000e-08 -2.02416241e-02 
 1.40600000e-08 -1.98555226e-02 
 1.40800000e-08 -1.94666644e-02 
 1.41000000e-08 -1.90751121e-02 
 1.41200000e-08 -1.86809281e-02 
 1.41400000e-08 -1.82841746e-02 
 1.41600000e-08 -1.78849140e-02 
 1.41800000e-08 -1.74832082e-02 
 1.42000000e-08 -1.70791194e-02 
 1.42200000e-08 -1.66727091e-02 
 1.42400000e-08 -1.62640392e-02 
 1.42600000e-08 -1.58531712e-02 
 1.42800000e-08 -1.54401663e-02 
 1.43000000e-08 -1.50250860e-02 
 1.43200000e-08 -1.46079911e-02 
 1.43400000e-08 -1.41889427e-02 
 1.43600000e-08 -1.37680014e-02 
 1.43800000e-08 -1.33452279e-02 
 1.44000000e-08 -1.29206826e-02 
 1.44200000e-08 -1.24944257e-02 
 1.44400000e-08 -1.20665174e-02 
 1.44600000e-08 -1.16370175e-02 
 1.44800000e-08 -1.12059860e-02 
 1.45000000e-08 -1.07734823e-02 
 1.45200000e-08 -1.03395661e-02 
 1.45400000e-08 -9.90429656e-03 
 1.45600000e-08 -9.46773292e-03 
 1.45800000e-08 -9.02993423e-03 
 1.46000000e-08 -8.59095936e-03 
 1.46200000e-08 -8.15086710e-03 
 1.46400000e-08 -7.70971607e-03 
 1.46600000e-08 -7.26756478e-03 
 1.46800000e-08 -6.82447163e-03 
 1.47000000e-08 -6.38049488e-03 
 1.47200000e-08 -5.93569273e-03 
 1.47400000e-08 -5.49012322e-03 
 1.47600000e-08 -5.04384435e-03 
 1.47800000e-08 -4.59691399e-03 
 1.48000000e-08 -4.14938996e-03 
 1.48200000e-08 -3.70133000e-03 
 1.48400000e-08 -3.25279177e-03 
 1.48600000e-08 -2.80383289e-03 
 1.48800000e-08 -2.35451092e-03 
 1.49000000e-08 -1.90488337e-03 
 1.49200000e-08 -1.45500774e-03 
 1.49400000e-08 -1.00494148e-03 
 1.49600000e-08 -5.54742027e-04 
 1.49800000e-08 -1.04466811e-04 
 1.50000000e-08  3.45826741e-04 
 1.50200000e-08  7.96081198e-04 
 1.50400000e-08  1.24623911e-03 
 1.50600000e-08  1.69624302e-03 
 1.50800000e-08  2.14603543e-03 
 1.51000000e-08  2.59555879e-03 
 1.51200000e-08  3.04475553e-03 
 1.51400000e-08  3.49356802e-03 
 1.51600000e-08  3.94193855e-03 
 1.51800000e-08  4.38980936e-03 
 1.52000000e-08  4.83712261e-03 
 1.52200000e-08  5.28382038e-03 
 1.52400000e-08  5.72984465e-03 
 1.52600000e-08  6.17513730e-03 
 1.52800000e-08  6.61964011e-03 
 1.53000000e-08  7.06329475e-03 
 1.53200000e-08  7.50604279e-03 
 1.53400000e-08  7.94782564e-03 
 1.53600000e-08  8.38858461e-03 
 1.53800000e-08  8.82826086e-03 
 1.54000000e-08  9.26679543e-03 
 1.54200000e-08  9.70412919e-03 
 1.54400000e-08  1.01402029e-02 
 1.54600000e-08  1.05749571e-02 
 1.54800000e-08  1.10083323e-02 
 1.55000000e-08  1.14402686e-02 
 1.55200000e-08  1.18707063e-02 
 1.55400000e-08  1.22995853e-02 
 1.55600000e-08  1.27268453e-02 
 1.55800000e-08  1.31524260e-02 
 1.56000000e-08  1.35762668e-02 
 1.56200000e-08  1.39983070e-02 
 1.56400000e-08  1.44184856e-02 
 1.56600000e-08  1.48367417e-02 
 1.56800000e-08  1.52530140e-02 
 1.57000000e-08  1.56672411e-02 
 1.57200000e-08  1.60793614e-02 
 1.57400000e-08  1.64893134e-02 
 1.57600000e-08  1.68970350e-02 
 1.57800000e-08  1.73024642e-02 
 1.58000000e-08  1.77055390e-02 
 1.58200000e-08  1.81061970e-02 
 1.58400000e-08  1.85043757e-02 
 1.58600000e-08  1.89000126e-02 
 1.58800000e-08  1.92930450e-02 
 1.59000000e-08  1.96834101e-02 
 1.59200000e-08  2.00710451e-02 
 1.59400000e-08  2.04558868e-02 
 1.59600000e-08  2.08378722e-02 
 1.59800000e-08  2.12169382e-02 
 1.60000000e-08  2.15930215e-02 
 1.60200000e-08  2.19660590e-02 
 1.60400000e-08  2.23359872e-02 
 1.60600000e-08  2.27027428e-02 
 1.60800000e-08  2.30662626e-02 
 1.61000000e-08  2.34264831e-02 
 1.61200000e-08  2.37833412e-02 
 1.61400000e-08  2.41367735e-02 
 1.61600000e-08  2.44867169e-02 
 1.61800000e-08  2.48331081e-02 
 1.62000000e-08  2.51758843e-02 
 1.62200000e-08  2.55149824e-02 
 1.62400000e-08  2.58503397e-02 
 1.62600000e-08  2.61818936e-02 
 1.62800000e-08  2.65095816e-02 
 1.63000000e-08  2.68333416e-02 
 1.63200000e-08  2.71531113e-02 
 1.63400000e-08  2.74688292e-02 
 1.63600000e-08  2.77804337e-02 
 1.63800000e-08  2.80878635e-02 
 1.64000000e-08  2.83910579e-02 
 1.64200000e-08  2.86899562e-02 
 1.64400000e-08  2.89844984e-02 
 1.64600000e-08  2.92746245e-02 
 1.64800000e-08  2.95602755e-02 
 1.65000000e-08  2.98413922e-02 
 1.65200000e-08  3.01179164e-02 
 1.65400000e-08  3.03897902e-02 
 1.65600000e-08  3.06569563e-02 
 1.65800000e-08  3.09193579e-02 
 1.66000000e-08  3.11769389e-02 
 1.66200000e-08  3.14296437e-02 
 1.66400000e-08  3.16774175e-02 
 1.66600000e-08  3.19202061e-02 
 1.66800000e-08  3.21579562e-02 
 1.67000000e-08  3.23906150e-02 
 1.67200000e-08  3.26181306e-02 
 1.67400000e-08  3.28404521e-02 
 1.67600000e-08  3.30575292e-02 
 1.67800000e-08  3.32693125e-02 
 1.68000000e-08  3.34757536e-02 
 1.68200000e-08  3.36768051e-02 
 1.68400000e-08  3.38724205e-02 
 1.68600000e-08  3.40625542e-02 
 1.68800000e-08  3.42471619e-02 
 1.69000000e-08  3.44262000e-02 
 1.69200000e-08  3.45996264e-02 
 1.69400000e-08  3.47673998e-02 
 1.69600000e-08  3.49294802e-02 
 1.69800000e-08  3.50858288e-02 
 1.70000000e-08  3.52364079e-02 
 1.70200000e-08  3.53811811e-02 
 1.70400000e-08  3.55201132e-02 
 1.70600000e-08  3.56531705e-02 
 1.70800000e-08  3.57803204e-02 
 1.71000000e-08  3.59015317e-02 
 1.71200000e-08  3.60167744e-02 
 1.71400000e-08  3.61260202e-02 
 1.71600000e-08  3.62292420e-02 
 1.71800000e-08  3.63264142e-02 
 1.72000000e-08  3.64175125e-02 
 1.72200000e-08  3.65025142e-02 
 1.72400000e-08  3.65813981e-02 
 1.72600000e-08  3.66541444e-02 
 1.72800000e-08  3.67207348e-02 
 1.73000000e-08  3.67811527e-02 
 1.73200000e-08  3.68353828e-02 
 1.73400000e-08  3.68834116e-02 
 1.73600000e-08  3.69252269e-02 
 1.73800000e-08  3.69608183e-02 
 1.74000000e-08  3.69901768e-02 
 1.74200000e-08  3.70132952e-02 
 1.74400000e-08  3.70301676e-02 
 1.74600000e-08  3.70407900e-02 
 1.74800000e-08  3.70451598e-02 
 1.75000000e-08  3.70432761e-02 
 1.75200000e-08  3.70351395e-02 
 1.75400000e-08  3.70207523e-02 
 1.75600000e-08  3.70001184e-02 
 1.75800000e-08  3.69732433e-02 
 1.76000000e-08  3.69401339e-02 
 1.76200000e-08  3.69007991e-02 
 1.76400000e-08  3.68552489e-02 
 1.76600000e-08  3.68034951e-02 
 1.76800000e-08  3.67455512e-02 
 1.77000000e-08  3.66814321e-02 
 1.77200000e-08  3.66111541e-02 
 1.77400000e-08  3.65347353e-02 
 1.77600000e-08  3.64521952e-02 
 1.77800000e-08  3.63635546e-02 
 1.78000000e-08  3.62688362e-02 
 1.78200000e-08  3.61680637e-02 
 1.78400000e-08  3.60612626e-02 
 1.78600000e-08  3.59484595e-02 
 1.78800000e-08  3.58296828e-02 
 1.79000000e-08  3.57049620e-02 
 1.79200000e-08  3.55743280e-02 
 1.79400000e-08  3.54378130e-02 
 1.79600000e-08  3.52954506e-02 
 1.79800000e-08  3.51472756e-02 
 1.80000000e-08  3.49933242e-02 
 1.80200000e-08  3.48336337e-02 
 1.80400000e-08  3.46682426e-02 
 1.80600000e-08  3.44971906e-02 
 1.80800000e-08  3.43205187e-02 
 1.81000000e-08  3.41382688e-02 
 1.81200000e-08  3.39504840e-02 
 1.81400000e-08  3.37572084e-02 
 1.81600000e-08  3.35584872e-02 
 1.81800000e-08  3.33543666e-02 
 1.82000000e-08  3.31448937e-02 
 1.82200000e-08  3.29301167e-02 
 1.82400000e-08  3.27100845e-02 
 1.82600000e-08  3.24848469e-02 
 1.82800000e-08  3.22544549e-02 
 1.83000000e-08  3.20189597e-02 
 1.83200000e-08  3.17784139e-02 
 1.83400000e-08  3.15328705e-02 
 1.83600000e-08  3.12823832e-02 
 1.83800000e-08  3.10270067e-02 
 1.84000000e-08  3.07667960e-02 
 1.84200000e-08  3.05018069e-02 
 1.84400000e-08  3.02320959e-02 
 1.84600000e-08  2.99577199e-02 
 1.84800000e-08  2.96787363e-02 
 1.85000000e-08  2.93952033e-02 
 1.85200000e-08  2.91071793e-02 
 1.85400000e-08  2.88147234e-02 
 1.85600000e-08  2.85178947e-02 
 1.85800000e-08  2.82167533e-02 
 1.86000000e-08  2.79113591e-02 
 1.86200000e-08  2.76017728e-02 
 1.86400000e-08  2.72880551e-02 
 1.86600000e-08  2.69702671e-02 
 1.86800000e-08  2.66484703e-02 
 1.87000000e-08  2.63227263e-02 
 1.87200000e-08  2.59930969e-02 
 1.87400000e-08  2.56596442e-02 
 1.87600000e-08  2.53224304e-02 
 1.87800000e-08  2.49815179e-02 
 1.88000000e-08  2.46369693e-02 
 1.88200000e-08  2.42888471e-02 
 1.88400000e-08  2.39372141e-02 
 1.88600000e-08  2.35821331e-02 
 1.88800000e-08  2.32236670e-02 
 1.89000000e-08  2.28618787e-02 
 1.89200000e-08  2.24968311e-02 
 1.89400000e-08  2.21285872e-02 
 1.89600000e-08  2.17572098e-02 
 1.89800000e-08  2.13827620e-02 
 1.90000000e-08  2.10053066e-02 
 1.90200000e-08  2.06249063e-02 
 1.90400000e-08  2.02416241e-02 
 1.90600000e-08  1.98555226e-02 
 1.90800000e-08  1.94666644e-02 
 1.91000000e-08  1.90751121e-02 
 1.91200000e-08  1.86809280e-02 
 1.91400000e-08  1.82841746e-02 
 1.91600000e-08  1.78849140e-02 
 1.91800000e-08  1.74832082e-02 
 1.92000000e-08  1.70791193e-02 
 1.92200000e-08  1.66727091e-02 
 1.92400000e-08  1.62640392e-02 
 1.92600000e-08  1.58531712e-02 
 1.92800000e-08  1.54401663e-02 
 1.93000000e-08  1.50250860e-02 
 1.93200000e-08  1.46079911e-02 
 1.93400000e-08  1.41889427e-02 
 1.93600000e-08  1.37680014e-02 
 1.93800000e-08  1.33452279e-02 
 1.94000000e-08  1.29206826e-02 
 1.94200000e-08  1.24944257e-02 
 1.94400000e-08  1.20665174e-02 
 1.94600000e-08  1.16370175e-02 
 1.94800000e-08  1.12059860e-02 
 1.95000000e-08  1.07734823e-02 
 1.95200000e-08  1.03395661e-02 
 1.95400000e-08  9.90429655e-03 
 1.95600000e-08  9.46773292e-03 
 1.95800000e-08  9.02993422e-03 
 1.96000000e-08  8.59095936e-03 
 1.96200000e-08  8.15086710e-03 
 1.96400000e-08  7.70971607e-03 
 1.96600000e-08  7.26756478e-03 
 1.96800000e-08  6.82447163e-03 
 1.97000000e-08  6.38049488e-03 
 1.97200000e-08  5.93569273e-03 
 1.97400000e-08  5.49012322e-03 
 1.97600000e-08  5.04384435e-03 
 1.97800000e-08  4.59691399e-03 
 1.98000000e-08  4.14938997e-03 
 1.98200000e-08  3.70133000e-03 
 1.98400000e-08  3.25279178e-03 
 1.98600000e-08  2.80383289e-03 
 1.98800000e-08  2.35451092e-03 
 1.99000000e-08  1.90488338e-03 
 1.99200000e-08  1.45500775e-03 
 1.99400000e-08  1.00494148e-03 
 1.99600000e-08  5.54742031e-04 
 1.99800000e-08  1.04466815e-04 
 2.00000000e-08 -3.45826737e-04 
 2.00200000e-08 -7.96081193e-04 
 2.00400000e-08 -1.24623911e-03 
 2.00600000e-08 -1.69624302e-03 
 2.00800000e-08 -2.14603542e-03 
 2.01000000e-08 -2.59555878e-03 
 2.01200000e-08 -3.04475552e-03 
 2.01400000e-08 -3.49356801e-03 
 2.01600000e-08 -3.94193854e-03 
 2.01800000e-08 -4.38980935e-03 
 2.02000000e-08 -4.83712261e-03 
 2.02200000e-08 -5.28382038e-03 
 2.02400000e-08 -5.72984464e-03 
 2.02600000e-08 -6.17513729e-03 
 2.02800000e-08 -6.61964010e-03 
 2.03000000e-08 -7.06329475e-03 
 2.03200000e-08 -7.50604278e-03 
 2.03400000e-08 -7.94782563e-03 
 2.03600000e-08 -8.38858460e-03 
 2.03800000e-08 -8.82826085e-03 
 2.04000000e-08 -9.26679542e-03 
 2.04200000e-08 -9.70412918e-03 
 2.04400000e-08 -1.01402029e-02 
 2.04600000e-08 -1.05749571e-02 
 2.04800000e-08 -1.10083323e-02 
 2.05000000e-08 -1.14402686e-02 
 2.05200000e-08 -1.18707063e-02 
 2.05400000e-08 -1.22995853e-02 
 2.05600000e-08 -1.27268453e-02 
 2.05800000e-08 -1.31524260e-02 
 2.06000000e-08 -1.35762668e-02 
 2.06200000e-08 -1.39983070e-02 
 2.06400000e-08 -1.44184856e-02 
 2.06600000e-08 -1.48367417e-02 
 2.06800000e-08 -1.52530140e-02 
 2.07000000e-08 -1.56672411e-02 
 2.07200000e-08 -1.60793614e-02 
 2.07400000e-08 -1.64893133e-02 
 2.07600000e-08 -1.68970349e-02 
 2.07800000e-08 -1.73024642e-02 
 2.08000000e-08 -1.77055390e-02 
 2.08200000e-08 -1.81061969e-02 
 2.08400000e-08 -1.85043757e-02 
 2.08600000e-08 -1.89000126e-02 
 2.08800000e-08 -1.92930450e-02 
 2.09000000e-08 -1.96834101e-02 
 2.09200000e-08 -2.00710450e-02 
 2.09400000e-08 -2.04558868e-02 
 2.09600000e-08 -2.08378722e-02 
 2.09800000e-08 -2.12169382e-02 
 2.10000000e-08 -2.15930215e-02 
 2.10200000e-08 -2.19660590e-02 
 2.10400000e-08 -2.23359871e-02 
 2.10600000e-08 -2.27027428e-02 
 2.10800000e-08 -2.30662626e-02 
 2.11000000e-08 -2.34264831e-02 
 2.11200000e-08 -2.37833412e-02 
 2.11400000e-08 -2.41367735e-02 
 2.11600000e-08 -2.44867168e-02 
 2.11800000e-08 -2.48331081e-02 
 2.12000000e-08 -2.51758843e-02 
 2.12200000e-08 -2.55149824e-02 
 2.12400000e-08 -2.58503397e-02 
 2.12600000e-08 -2.61818936e-02 
 2.12800000e-08 -2.65095816e-02 
 2.13000000e-08 -2.68333415e-02 
 2.13200000e-08 -2.71531113e-02 
 2.13400000e-08 -2.74688292e-02 
 2.13600000e-08 -2.77804337e-02 
 2.13800000e-08 -2.80878635e-02 
 2.14000000e-08 -2.83910579e-02 
 2.14200000e-08 -2.86899562e-02 
 2.14400000e-08 -2.89844984e-02 
 2.14600000e-08 -2.92746245e-02 
 2.14800000e-08 -2.95602754e-02 
 2.15000000e-08 -2.98413922e-02 
 2.15200000e-08 -3.01179164e-02 
 2.15400000e-08 -3.03897902e-02 
 2.15600000e-08 -3.06569563e-02 
 2.15800000e-08 -3.09193579e-02 
 2.16000000e-08 -3.11769389e-02 
 2.16200000e-08 -3.14296437e-02 
 2.16400000e-08 -3.16774175e-02 
 2.16600000e-08 -3.19202061e-02 
 2.16800000e-08 -3.21579562e-02 
 2.17000000e-08 -3.23906150e-02 
 2.17200000e-08 -3.26181306e-02 
 2.17400000e-08 -3.28404521e-02 
 2.17600000e-08 -3.30575291e-02 
 2.17800000e-08 -3.32693125e-02 
 2.18000000e-08 -3.34757536e-02 
 2.18200000e-08 -3.36768051e-02 
 2.18400000e-08 -3.38724205e-02 
 2.18600000e-08 -3.40625542e-02 
 2.18800000e-08 -3.42471619e-02 
 2.19000000e-08 -3.44262000e-02 
 2.19200000e-08 -3.45996264e-02 
 2.19400000e-08 -3.47673998e-02 
 2.19600000e-08 -3.49294802e-02 
 2.19800000e-08 -3.50858288e-02 
 2.20000000e-08 -3.52364078e-02 
 2.20200000e-08 -3.53811811e-02 
 2.20400000e-08 -3.55201132e-02 
 2.20600000e-08 -3.56531705e-02 
 2.20800000e-08 -3.57803204e-02 
 2.21000000e-08 -3.59015317e-02 
 2.21200000e-08 -3.60167744e-02 
 2.21400000e-08 -3.61260202e-02 
 2.21600000e-08 -3.62292420e-02 
 2.21800000e-08 -3.63264142e-02 
 2.22000000e-08 -3.64175125e-02 
 2.22200000e-08 -3.65025142e-02 
 2.22400000e-08 -3.65813981e-02 
 2.22600000e-08 -3.66541444e-02 
 2.22800000e-08 -3.67207348e-02 
 2.23000000e-08 -3.67811527e-02 
 2.23200000e-08 -3.68353828e-02 
 2.23400000e-08 -3.68834116e-02 
 2.23600000e-08 -3.69252269e-02 
 2.23800000e-08 -3.69608183e-02 
 2.24000000e-08 -3.69901768e-02 
 2.24200000e-08 -3.70132952e-02 
 2.24400000e-08 -3.70301676e-02 
 2.24600000e-08 -3.70407900e-02 
 2.24800000e-08 -3.70451598e-02 
 2.25000000e-08 -3.70432761e-02 
 2.25200000e-08 -3.70351395e-02 
 2.25400000e-08 -3.70207523e-02 
 2.25600000e-08 -3.70001184e-02 
 2.25800000e-08 -3.69732433e-02 
 2.26000000e-08 -3.69401339e-02 
 2.26200000e-08 -3.69007991e-02 
 2.26400000e-08 -3.68552489e-02 
 2.26600000e-08 -3.68034951e-02 
 2.26800000e-08 -3.67455512e-02 
 2.27000000e-08 -3.66814321e-02 
 2.27200000e-08 -3.66111541e-02 
 2.27400000e-08 -3.65347353e-02 
 2.27600000e-08 -3.64521952e-02 
 2.27800000e-08 -3.63635546e-02 
 2.28000000e-08 -3.62688362e-02 
 2.28200000e-08 -3.61680637e-02 
 2.28400000e-08 -3.60612625e-02 
 2.28600000e-08 -3.59484595e-02 
 2.28800000e-08 -3.58296828e-02 
 2.29000000e-08 -3.57049620e-02 
 2.29200000e-08 -3.55743280e-02 
 2.29400000e-08 -3.54378130e-02 
 2.29600000e-08 -3.52954506e-02 
 2.29800000e-08 -3.51472756e-02 
 2.30000000e-08 -3.49933242e-02 
 2.30200000e-08 -3.48336337e-02 
 2.30400000e-08 -3.46682426e-02 
 2.30600000e-08 -3.44971906e-02 
 2.30800000e-08 -3.43205187e-02 
 2.31000000e-08 -3.41382688e-02 
 2.31200000e-08 -3.39504840e-02 
 2.31400000e-08 -3.37572084e-02 
 2.31600000e-08 -3.35584872e-02 
 2.31800000e-08 -3.33543666e-02 
 2.32000000e-08 -3.31448937e-02 
 2.32200000e-08 -3.29301167e-02 
 2.32400000e-08 -3.27100845e-02 
 2.32600000e-08 -3.24848469e-02 
 2.32800000e-08 -3.22544549e-02 
 2.33000000e-08 -3.20189597e-02 
 2.33200000e-08 -3.17784139e-02 
 2.33400000e-08 -3.15328705e-02 
 2.33600000e-08 -3.12823832e-02 
 2.33800000e-08 -3.10270067e-02 
 2.34000000e-08 -3.07667960e-02 
 2.34200000e-08 -3.05018069e-02 
 2.34400000e-08 -3.02320959e-02 
 2.34600000e-08 -2.99577199e-02 
 2.34800000e-08 -2.96787363e-02 
 2.35000000e-08 -2.93952033e-02 
 2.35200000e-08 -2.91071793e-02 
 2.35400000e-08 -2.88147234e-02 
 2.35600000e-08 -2.85178947e-02 
 2.35800000e-08 -2.82167533e-02 
 2.36000000e-08 -2.79113591e-02 
 2.36200000e-08 -2.76017728e-02 
 2.36400000e-08 -2.72880551e-02 
 2.36600000e-08 -2.69702671e-02 
 2.36800000e-08 -2.66484703e-02 
 2.37000000e-08 -2.63227263e-02 
 2.37200000e-08 -2.59930969e-02 
 2.37400000e-08 -2.56596442e-02 
 2.37600000e-08 -2.53224304e-02 
 2.37800000e-08 -2.49815179e-02 
 2.38000000e-08 -2.46369693e-02 
 2.38200000e-08 -2.42888471e-02 
 2.38400000e-08 -2.39372141e-02 
 2.38600000e-08 -2.35821331e-02 
 2.38800000e-08 -2.32236670e-02 
 2.39000000e-08 -2.28618787e-02 
 2.39200000e-08 -2.24968311e-02 
 2.39400000e-08 -2.21285872e-02 
 2.39600000e-08 -2.17572098e-02 
 2.39800000e-08 -2.13827620e-02 
 2.40000000e-08 -2.10053066e-02 
 2.40200000e-08 -2.06249063e-02 
 2.40400000e-08 -2.02416241e-02 
 2.40600000e-08 -1.98555226e-02 
 2.40800000e-08 -1.94666644e-02 
 2.41000000e-08 -1.90751121e-02 
 2.41200000e-08 -1.86809280e-02 
 2.41400000e-08 -1.82841746e-02 
 2.41600000e-08 -1.78849140e-02 
 2.41800000e-08 -1.74832082e-02 
 2.42000000e-08 -1.70791193e-02 
 2.42200000e-08 -1.66727091e-02 
 2.42400000e-08 -1.62640392e-02 
 2.42600000e-08 -1.58531712e-02 
 2.42800000e-08 -1.54401663e-02 
 2.43000000e-08 -1.50250860e-02 
 2.43200000e-08 -1.46079911e-02 
 2.43400000e-08 -1.41889427e-02 
 2.43600000e-08 -1.37680014e-02 
 2.43800000e-08 -1.33452279e-02 
 2.44000000e-08 -1.29206826e-02 
 2.44200000e-08 -1.24944257e-02 
 2.44400000e-08 -1.20665174e-02 
 2.44600000e-08 -1.16370175e-02 
 2.44800000e-08 -1.12059860e-02 
 2.45000000e-08 -1.07734823e-02 
 2.45200000e-08 -1.03395661e-02 
 2.45400000e-08 -9.90429655e-03 
 2.45600000e-08 -9.46773292e-03 
 2.45800000e-08 -9.02993422e-03 
 2.46000000e-08 -8.59095936e-03 
 2.46200000e-08 -8.15086710e-03 
 2.46400000e-08 -7.70971607e-03 
 2.46600000e-08 -7.26756478e-03 
 2.46800000e-08 -6.82447163e-03 
 2.47000000e-08 -6.38049488e-03 
 2.47200000e-08 -5.93569273e-03 
 2.47400000e-08 -5.49012322e-03 
 2.47600000e-08 -5.04384435e-03 
 2.47800000e-08 -4.59691399e-03 
 2.48000000e-08 -4.14938997e-03 
 2.48200000e-08 -3.70133000e-03 
 2.48400000e-08 -3.25279178e-03 
 2.48600000e-08 -2.80383289e-03 
 2.48800000e-08 -2.35451092e-03 
 2.49000000e-08 -1.90488338e-03 
 2.49200000e-08 -1.45500775e-03 
 2.49400000e-08 -1.00494148e-03 
 2.49600000e-08 -5.54742031e-04 
 2.49800000e-08 -1.04466815e-04 
 2.50000000e-08  3.45826737e-04 
 2.50200000e-08  7.96081193e-04 
 2.50400000e-08  1.24623911e-03 
 2.50600000e-08  1.69624302e-03 
 2.50800000e-08  2.14603542e-03 
 2.51000000e-08  2.59555878e-03 
 2.51200000e-08  3.04475552e-03 
 2.51400000e-08  3.49356801e-03 
 2.51600000e-08  3.94193854e-03 
 2.51800000e-08  4.38980935e-03 
 2.52000000e-08  4.83712261e-03 
 2.52200000e-08  5.28382038e-03 
 2.52400000e-08  5.72984464e-03 
 2.52600000e-08  6.17513729e-03 
 2.52800000e-08  6.61964010e-03 
 2.53000000e-08  7.06329475e-03 
 2.53200000e-08  7.50604278e-03 
 2.53400000e-08  7.94782563e-03 
 2.53600000e-08  8.38858460e-03 
 2.53800000e-08  8.82826085e-03 
 2.54000000e-08  9.26679542e-03 
 2.54200000e-08  9.70412918e-03 
 2.54400000e-08  1.01402029e-02 
 2.54600000e-08  1.05749571e-02 
 2.54800000e-08  1.10083323e-02 
 2.55000000e-08  1.14402686e-02 
 2.55200000e-08  1.18707063e-02 
 2.55400000e-08  1.22995853e-02 
 2.55600000e-08  1.27268453e-02 
 2.55800000e-08  1.31524260e-02 
 2.56000000e-08  1.35762668e-02 
 2.56200000e-08  1.39983070e-02 
 2.56400000e-08  1.44184856e-02 
 2.56600000e-08  1.48367417e-02 
 2.56800000e-08  1.52530140e-02 
 2.57000000e-08  1.56672411e-02 
 2.57200000e-08  1.60793614e-02 
 2.57400000e-08  1.64893133e-02 
 2.57600000e-08  1.68970349e-02 
 2.57800000e-08  1.73024642e-02 
 2.58000000e-08  1.77055390e-02 
 2.58200000e-08  1.81061969e-02 
 2.58400000e-08  1.85043757e-02 
 2.58600000e-08  1.89000126e-02 
 2.58800000e-08  1.92930450e-02 
 2.59000000e-08  1.96834101e-02 
 2.59200000e-08  2.00710450e-02 
 2.59400000e-08  2.04558868e-02 
 2.59600000e-08  2.08378722e-02 
 2.59800000e-08  2.12169382e-02 
 2.60000000e-08  2.15930215e-02 
 2.60200000e-08  2.19660589e-02 
 2.60400000e-08  2.23359871e-02 
 2.60600000e-08  2.27027428e-02 
 2.60800000e-08  2.30662626e-02 
 2.61000000e-08  2.34264831e-02 
 2.61200000e-08  2.37833412e-02 
 2.61400000e-08  2.41367735e-02 
 2.61600000e-08  2.44867168e-02 
 2.61800000e-08  2.48331081e-02 
 2.62000000e-08  2.51758843e-02 
 2.62200000e-08  2.55149824e-02 
 2.62400000e-08  2.58503397e-02 
 2.62600000e-08  2.61818936e-02 
 2.62800000e-08  2.65095816e-02 
 2.63000000e-08  2.68333415e-02 
 2.63200000e-08  2.71531113e-02 
 2.63400000e-08  2.74688292e-02 
 2.63600000e-08  2.77804337e-02 
 2.63800000e-08  2.80878635e-02 
 2.64000000e-08  2.83910579e-02 
 2.64200000e-08  2.86899562e-02 
 2.64400000e-08  2.89844984e-02 
 2.64600000e-08  2.92746245e-02 
 2.64800000e-08  2.95602754e-02 
 2.65000000e-08  2.98413922e-02 
 2.65200000e-08  3.01179164e-02 
 2.65400000e-08  3.03897902e-02 
 2.65600000e-08  3.06569563e-02 
 2.65800000e-08  3.09193579e-02 
 2.66000000e-08  3.11769389e-02 
 2.66200000e-08  3.14296437e-02 
 2.66400000e-08  3.16774175e-02 
 2.66600000e-08  3.19202061e-02 
 2.66800000e-08  3.21579562e-02 
 2.67000000e-08  3.23906150e-02 
 2.67200000e-08  3.26181306e-02 
 2.67400000e-08  3.28404521e-02 
 2.67600000e-08  3.30575291e-02 
 2.67800000e-08  3.32693125e-02 
 2.68000000e-08  3.34757536e-02 
 2.68200000e-08  3.36768051e-02 
 2.68400000e-08  3.38724205e-02 
 2.68600000e-08  3.40625542e-02 
 2.68800000e-08  3.42471619e-02 
 2.69000000e-08  3.44262000e-02 
 2.69200000e-08  3.45996264e-02 
 2.69400000e-08  3.47673998e-02 
 2.69600000e-08  3.49294802e-02 
 2.69800000e-08  3.50858288e-02 
 2.70000000e-08  3.52364078e-02 
 2.70200000e-08  3.53811811e-02 
 2.70400000e-08  3.55201132e-02 
 2.70600000e-08  3.56531705e-02 
 2.70800000e-08  3.57803204e-02 
 2.71000000e-08  3.59015317e-02 
 2.71200000e-08  3.60167744e-02 
 2.71400000e-08  3.61260202e-02 
 2.71600000e-08  3.62292420e-02 
 2.71800000e-08  3.63264142e-02 
 2.72000000e-08  3.64175125e-02 
 2.72200000e-08  3.65025142e-02 
 2.72400000e-08  3.65813981e-02 
 2.72600000e-08  3.66541444e-02 
 2.72800000e-08  3.67207348e-02 
 2.73000000e-08  3.67811527e-02 
 2.73200000e-08  3.68353828e-02 
 2.73400000e-08  3.68834116e-02 
 2.73600000e-08  3.69252269e-02 
 2.73800000e-08  3.69608183e-02 
 2.74000000e-08  3.69901768e-02 
 2.74200000e-08  3.70132952e-02 
 2.74400000e-08  3.70301676e-02 
 2.74600000e-08  3.70407900e-02 
 2.74800000e-08  3.70451598e-02 
 2.75000000e-08  3.70432761e-02 
 2.75200000e-08  3.70351395e-02 
 2.75400000e-08  3.70207523e-02 
 2.75600000e-08  3.70001184e-02 
 2.75800000e-08  3.69732433e-02 
 2.76000000e-08  3.69401339e-02 
 2.76200000e-08  3.69007991e-02 
 2.76400000e-08  3.68552489e-02 
 2.76600000e-08  3.68034951e-02 
 2.76800000e-08  3.67455512e-02 
 2.77000000e-08  3.66814321e-02 
 2.77200000e-08  3.66111541e-02 
 2.77400000e-08  3.65347353e-02 
 2.77600000e-08  3.64521952e-02 
 2.77800000e-08  3.63635546e-02 
 2.78000000e-08  3.62688362e-02 
 2.78200000e-08  3.61680637e-02 
 2.78400000e-08  3.60612625e-02 
 2.78600000e-08  3.59484595e-02 
 2.78800000e-08  3.58296828e-02 
 2.79000000e-08  3.57049620e-02 
 2.79200000e-08  3.55743280e-02 
 2.79400000e-08  3.54378130e-02 
 2.79600000e-08  3.52954506e-02 
 2.79800000e-08  3.51472756e-02 
 2.80000000e-08  3.49933242e-02 
 2.80200000e-08  3.48336337e-02 
 2.80400000e-08  3.46682426e-02 
 2.80600000e-08  3.44971906e-02 
 2.80800000e-08  3.43205187e-02 
 2.81000000e-08  3.41382688e-02 
 2.81200000e-08  3.39504840e-02 
 2.81400000e-08  3.37572084e-02 
 2.81600000e-08  3.35584872e-02 
 2.81800000e-08  3.33543666e-02 
 2.82000000e-08  3.31448937e-02 
 2.82200000e-08  3.29301167e-02 
 2.82400000e-08  3.27100845e-02 
 2.82600000e-08  3.24848469e-02 
 2.82800000e-08  3.22544549e-02 
 2.83000000e-08  3.20189597e-02 
 2.83200000e-08  3.17784139e-02 
 2.83400000e-08  3.15328705e-02 
 2.83600000e-08  3.12823832e-02 
 2.83800000e-08  3.10270067e-02 
 2.84000000e-08  3.07667960e-02 
 2.84200000e-08  3.05018069e-02 
 2.84400000e-08  3.02320959e-02 
 2.84600000e-08  2.99577199e-02 
 2.84800000e-08  2.96787363e-02 
 2.85000000e-08  2.93952033e-02 
 2.85200000e-08  2.91071793e-02 
 2.85400000e-08  2.88147234e-02 
 2.85600000e-08  2.85178947e-02 
 2.85800000e-08  2.82167533e-02 
 2.86000000e-08  2.79113591e-02 
 2.86200000e-08  2.76017728e-02 
 2.86400000e-08  2.72880551e-02 
 2.86600000e-08  2.69702671e-02 
 2.86800000e-08  2.66484703e-02 
 2.87000000e-08  2.63227263e-02 
 2.87200000e-08  2.59930969e-02 
 2.87400000e-08  2.56596442e-02 
 2.87600000e-08  2.53224304e-02 
 2.87800000e-08  2.49815179e-02 
 2.88000000e-08  2.46369693e-02 
 2.88200000e-08  2.42888471e-02 
 2.88400000e-08  2.39372141e-02 
 2.88600000e-08  2.35821331e-02 
 2.88800000e-08  2.32236670e-02 
 2.89000000e-08  2.28618787e-02 
 2.89200000e-08  2.24968311e-02 
 2.89400000e-08  2.21285872e-02 
 2.89600000e-08  2.17572098e-02 
 2.89800000e-08  2.13827620e-02 
 2.90000000e-08  2.10053066e-02 
 2.90200000e-08  2.06249063e-02 
 2.90400000e-08  2.02416241e-02 
 2.90600000e-08  1.98555226e-02 
 2.90800000e-08  1.94666644e-02 
 2.91000000e-08  1.90751121e-02 
 2.91200000e-08  1.86809280e-02 
 2.91400000e-08  1.82841746e-02 
 2.91600000e-08  1.78849140e-02 
 2.91800000e-08  1.74832082e-02 
 2.92000000e-08  1.70791193e-02 
 2.92200000e-08  1.66727091e-02 
 2.92400000e-08  1.62640392e-02 
 2.92600000e-08  1.58531712e-02 
 2.92800000e-08  1.54401663e-02 
 2.93000000e-08  1.50250860e-02 
 2.93200000e-08  1.46079911e-02 
 2.93400000e-08  1.41889427e-02 
 2.93600000e-08  1.37680014e-02 
 2.93800000e-08  1.33452279e-02 
 2.94000000e-08  1.29206826e-02 
 2.94200000e-08  1.24944257e-02 
 2.94400000e-08  1.20665174e-02 
 2.94600000e-08  1.16370175e-02 
 2.94800000e-08  1.12059860e-02 
 2.95000000e-08  1.07734823e-02 
 2.95200000e-08  1.03395661e-02 
 2.95400000e-08  9.90429655e-03 
 2.95600000e-08  9.46773292e-03 
 2.95800000e-08  9.02993422e-03 
 2.96000000e-08  8.59095936e-03 
 2.96200000e-08  8.15086710e-03 
 2.96400000e-08  7.70971607e-03 
 2.96600000e-08  7.26756478e-03 
 2.96800000e-08  6.82447163e-03 
 2.97000000e-08  6.38049488e-03 
 2.97200000e-08  5.93569273e-03 
 2.97400000e-08  5.49012322e-03 
 2.97600000e-08  5.04384435e-03 
 2.97800000e-08  4.59691399e-03 
 2.98000000e-08  4.14938997e-03 
 2.98200000e-08  3.70133000e-03 
 2.98400000e-08  3.25279178e-03 
 2.98600000e-08  2.80383289e-03 
 2.98800000e-08  2.35451092e-03 
 2.99000000e-08  1.90488338e-03 
 2.99200000e-08  1.45500775e-03 
 2.99400000e-08  1.00494148e-03 
 2.99600000e-08  5.54742031e-04 
 2.99800000e-08  1.04466815e-04 
 3.00000000e-08 -3.45826737e-04 
 3.00200000e-08 -7.96081193e-04 
 3.00400000e-08 -1.24623911e-03 
 3.00600000e-08 -1.69624302e-03 
 3.00800000e-08 -2.14603542e-03 
 3.01000000e-08 -2.59555878e-03 
 3.01200000e-08 -3.04475552e-03 
 3.01400000e-08 -3.49356801e-03 
 3.01600000e-08 -3.94193854e-03 
 3.01800000e-08 -4.38980935e-03 
 3.02000000e-08 -4.83712261e-03 
 3.02200000e-08 -5.28382038e-03 
 3.02400000e-08 -5.72984464e-03 
 3.02600000e-08 -6.17513729e-03 
 3.02800000e-08 -6.61964010e-03 
 3.03000000e-08 -7.06329475e-03 
 3.03200000e-08 -7.50604278e-03 
 3.03400000e-08 -7.94782563e-03 
 3.03600000e-08 -8.38858460e-03 
 3.03800000e-08 -8.82826085e-03 
 3.04000000e-08 -9.26679542e-03 
 3.04200000e-08 -9.70412918e-03 
 3.04400000e-08 -1.01402029e-02 
 3.04600000e-08 -1.05749571e-02 
 3.04800000e-08 -1.10083323e-02 
 3.05000000e-08 -1.14402686e-02 
 3.05200000e-08 -1.18707063e-02 
 3.05400000e-08 -1.22995853e-02 
 3.05600000e-08 -1.27268453e-02 
 3.05800000e-08 -1.31524260e-02 
 3.06000000e-08 -1.35762668e-02 
 3.06200000e-08 -1.39983070e-02 
 3.06400000e-08 -1.44184856e-02 
 3.06600000e-08 -1.48367417e-02 
 3.06800000e-08 -1.52530140e-02 
 3.07000000e-08 -1.56672411e-02 
 3.07200000e-08 -1.60793614e-02 
 3.07400000e-08 -1.64893133e-02 
 3.07600000e-08 -1.68970349e-02 
 3.07800000e-08 -1.73024642e-02 
 3.08000000e-08 -1.77055390e-02 
 3.08200000e-08 -1.81061969e-02 
 3.08400000e-08 -1.85043757e-02 
 3.08600000e-08 -1.89000126e-02 
 3.08800000e-08 -1.92930450e-02 
 3.09000000e-08 -1.96834101e-02 
 3.09200000e-08 -2.00710450e-02 
 3.09400000e-08 -2.04558868e-02 
 3.09600000e-08 -2.08378722e-02 
 3.09800000e-08 -2.12169382e-02 
 3.10000000e-08 -2.15930215e-02 
 3.10200000e-08 -2.19660589e-02 
 3.10400000e-08 -2.23359871e-02 
 3.10600000e-08 -2.27027428e-02 
 3.10800000e-08 -2.30662626e-02 
 3.11000000e-08 -2.34264831e-02 
 3.11200000e-08 -2.37833412e-02 
 3.11400000e-08 -2.41367735e-02 
 3.11600000e-08 -2.44867168e-02 
 3.11800000e-08 -2.48331081e-02 
 3.12000000e-08 -2.51758843e-02 
 3.12200000e-08 -2.55149824e-02 
 3.12400000e-08 -2.58503397e-02 
 3.12600000e-08 -2.61818936e-02 
 3.12800000e-08 -2.65095816e-02 
 3.13000000e-08 -2.68333415e-02 
 3.13200000e-08 -2.71531113e-02 
 3.13400000e-08 -2.74688292e-02 
 3.13600000e-08 -2.77804337e-02 
 3.13800000e-08 -2.80878635e-02 
 3.14000000e-08 -2.83910579e-02 
 3.14200000e-08 -2.86899562e-02 
 3.14400000e-08 -2.89844984e-02 
 3.14600000e-08 -2.92746245e-02 
 3.14800000e-08 -2.95602754e-02 
 3.15000000e-08 -2.98413922e-02 
 3.15200000e-08 -3.01179164e-02 
 3.15400000e-08 -3.03897902e-02 
 3.15600000e-08 -3.06569563e-02 
 3.15800000e-08 -3.09193579e-02 
 3.16000000e-08 -3.11769389e-02 
 3.16200000e-08 -3.14296437e-02 
 3.16400000e-08 -3.16774175e-02 
 3.16600000e-08 -3.19202061e-02 
 3.16800000e-08 -3.21579562e-02 
 3.17000000e-08 -3.23906150e-02 
 3.17200000e-08 -3.26181306e-02 
 3.17400000e-08 -3.28404521e-02 
 3.17600000e-08 -3.30575291e-02 
 3.17800000e-08 -3.32693125e-02 
 3.18000000e-08 -3.34757536e-02 
 3.18200000e-08 -3.36768051e-02 
 3.18400000e-08 -3.38724205e-02 
 3.18600000e-08 -3.40625542e-02 
 3.18800000e-08 -3.42471619e-02 
 3.19000000e-08 -3.44262000e-02 
 3.19200000e-08 -3.45996264e-02 
 3.19400000e-08 -3.47673998e-02 
 3.19600000e-08 -3.49294802e-02 
 3.19800000e-08 -3.50858288e-02 
 3.20000000e-08 -3.52364078e-02 
 3.20200000e-08 -3.53811811e-02 
 3.20400000e-08 -3.55201132e-02 
 3.20600000e-08 -3.56531705e-02 
 3.20800000e-08 -3.57803204e-02 
 3.21000000e-08 -3.59015317e-02 
 3.21200000e-08 -3.60167744e-02 
 3.21400000e-08 -3.61260202e-02 
 3.21600000e-08 -3.62292420e-02 
 3.21800000e-08 -3.63264142e-02 
 3.22000000e-08 -3.64175125e-02 
 3.22200000e-08 -3.65025142e-02 
 3.22400000e-08 -3.65813981e-02 
 3.22600000e-08 -3.66541444e-02 
 3.22800000e-08 -3.67207348e-02 
 3.23000000e-08 -3.67811527e-02 
 3.23200000e-08 -3.68353828e-02 
 3.23400000e-08 -3.68834116e-02 
 3.23600000e-08 -3.69252269e-02 
 3.23800000e-08 -3.69608183e-02 
 3.24000000e-08 -3.69901768e-02 
 3.24200000e-08 -3.70132952e-02 
 3.24400000e-08 -3.70301676e-02 
 3.24600000e-08 -3.70407900e-02 
 3.24800000e-08 -3.70451598e-02 
 3.25000000e-08 -3.70432761e-02 
 3.25200000e-08 -3.70351395e-02 
 3.25400000e-08 -3.70207523e-02 
 3.25600000e-08 -3.70001184e-02 
 3.25800000e-08 -3.69732433e-02 
 3.26000000e-08 -3.69401339e-02 
 3.26200000e-08 -3.69007991e-02 
 3.26400000e-08 -3.68552489e-02 
 3.26600000e-08 -3.68034951e-02 
 3.26800000e-08 -3.67455512e-02 
 3.27000000e-08 -3.66814321e-02 
 3.27200000e-08 -3.66111541e-02 
 3.27400000e-08 -3.65347353e-02 
 3.27600000e-08 -3.64521952e-02 
 3.27800000e-08 -3.63635546e-02 
 3.28000000e-08 -3.62688362e-02 
 3.28200000e-08 -3.61680637e-02 
 3.28400000e-08 -3.60612625e-02 
 3.28600000e-08 -3.59484595e-02 
 3.28800000e-08 -3.58296828e-02 
 3.29000000e-08 -3.57049620e-02 
 3.29200000e-08 -3.55743280e-02 
 3.29400000e-08 -3.54378130e-02 
 3.29600000e-08 -3.52954506e-02 
 3.29800000e-08 -3.51472756e-02 
 3.30000000e-08 -3.49933242e-02 
 3.30200000e-08 -3.48336337e-02 
 3.30400000e-08 -3.46682426e-02 
 3.30600000e-08 -3.44971906e-02 
 3.30800000e-08 -3.43205187e-02 
 3.31000000e-08 -3.41382688e-02 
 3.31200000e-08 -3.39504840e-02 
 3.31400000e-08 -3.37572084e-02 
 3.31600000e-08 -3.35584872e-02 
 3.31800000e-08 -3.33543666e-02 
 3.32000000e-08 -3.31448937e-02 
 3.32200000e-08 -3.29301167e-02 
 3.32400000e-08 -3.27100845e-02 
 3.32600000e-08 -3.24848469e-02 
 3.32800000e-08 -3.22544549e-02 
 3.33000000e-08 -3.20189597e-02 
 3.33200000e-08 -3.17784139e-02 
 3.33400000e-08 -3.15328705e-02 
 3.33600000e-08 -3.12823832e-02 
 3.33800000e-08 -3.10270067e-02 
 3.34000000e-08 -3.07667960e-02 
 3.34200000e-08 -3.05018069e-02 
 3.34400000e-08 -3.02320959e-02 
 3.34600000e-08 -2.99577199e-02 
 3.34800000e-08 -2.96787363e-02 
 3.35000000e-08 -2.93952033e-02 
 3.35200000e-08 -2.91071793e-02 
 3.35400000e-08 -2.88147234e-02 
 3.35600000e-08 -2.85178947e-02 
 3.35800000e-08 -2.82167533e-02 
 3.36000000e-08 -2.79113591e-02 
 3.36200000e-08 -2.76017728e-02 
 3.36400000e-08 -2.72880551e-02 
 3.36600000e-08 -2.69702671e-02 
 3.36800000e-08 -2.66484703e-02 
 3.37000000e-08 -2.63227263e-02 
 3.37200000e-08 -2.59930969e-02 
 3.37400000e-08 -2.56596442e-02 
 3.37600000e-08 -2.53224304e-02 
 3.37800000e-08 -2.49815179e-02 
 3.38000000e-08 -2.46369693e-02 
 3.38200000e-08 -2.42888471e-02 
 3.38400000e-08 -2.39372141e-02 
 3.38600000e-08 -2.35821331e-02 
 3.38800000e-08 -2.32236670e-02 
 3.39000000e-08 -2.28618787e-02 
 3.39200000e-08 -2.24968311e-02 
 3.39400000e-08 -2.21285872e-02 
 3.39600000e-08 -2.17572098e-02 
 3.39800000e-08 -2.13827620e-02 
 3.40000000e-08 -2.10053066e-02 
 3.40200000e-08 -2.06249063e-02 
 3.40400000e-08 -2.02416241e-02 
 3.40600000e-08 -1.98555226e-02 
 3.40800000e-08 -1.94666644e-02 
 3.41000000e-08 -1.90751121e-02 
 3.41200000e-08 -1.86809280e-02 
 3.41400000e-08 -1.82841746e-02 
 3.41600000e-08 -1.78849140e-02 
 3.41800000e-08 -1.74832082e-02 
 3.42000000e-08 -1.70791193e-02 
 3.42200000e-08 -1.66727091e-02 
 3.42400000e-08 -1.62640392e-02 
 3.42600000e-08 -1.58531712e-02 
 3.42800000e-08 -1.54401663e-02 
 3.43000000e-08 -1.50250860e-02 
 3.43200000e-08 -1.46079911e-02 
 3.43400000e-08 -1.41889427e-02 
 3.43600000e-08 -1.37680014e-02 
 3.43800000e-08 -1.33452279e-02 
 3.44000000e-08 -1.29206826e-02 
 3.44200000e-08 -1.24944257e-02 
 3.44400000e-08 -1.20665174e-02 
 3.44600000e-08 -1.16370175e-02 
 3.44800000e-08 -1.12059860e-02 
 3.45000000e-08 -1.07734823e-02 
 3.45200000e-08 -1.03395661e-02 
 3.45400000e-08 -9.90429655e-03 
 3.45600000e-08 -9.46773292e-03 
 3.45800000e-08 -9.02993422e-03 
 3.46000000e-08 -8.59095936e-03 
 3.46200000e-08 -8.15086710e-03 
 3.46400000e-08 -7.70971607e-03 
 3.46600000e-08 -7.26756478e-03 
 3.46800000e-08 -6.82447163e-03 
 3.47000000e-08 -6.38049488e-03 
 3.47200000e-08 -5.93569273e-03 
 3.47400000e-08 -5.49012322e-03 
 3.47600000e-08 -5.04384435e-03 
 3.47800000e-08 -4.59691399e-03 
 3.48000000e-08 -4.14938997e-03 
 3.48200000e-08 -3.70133000e-03 
 3.48400000e-08 -3.25279178e-03 
 3.48600000e-08 -2.80383289e-03 
 3.48800000e-08 -2.35451092e-03 
 3.49000000e-08 -1.90488338e-03 
 3.49200000e-08 -1.45500775e-03 
 3.49400000e-08 -1.00494148e-03 
 3.49600000e-08 -5.54742031e-04 
 3.49800000e-08 -1.04466815e-04 
 3.50000000e-08  3.45826736e-04 
 3.50200000e-08  7.96081193e-04 
 3.50400000e-08  1.24623911e-03 
 3.50600000e-08  1.69624302e-03 
 3.50800000e-08  2.14603542e-03 
 3.51000000e-08  2.59555878e-03 
 3.51200000e-08  3.04475552e-03 
 3.51400000e-08  3.49356801e-03 
 3.51600000e-08  3.94193854e-03 
 3.51800000e-08  4.38980935e-03 
 3.52000000e-08  4.83712261e-03 
 3.52200000e-08  5.28382038e-03 
 3.52400000e-08  5.72984464e-03 
 3.52600000e-08  6.17513729e-03 
 3.52800000e-08  6.61964010e-03 
 3.53000000e-08  7.06329475e-03 
 3.53200000e-08  7.50604278e-03 
 3.53400000e-08  7.94782563e-03 
 3.53600000e-08  8.38858460e-03 
 3.53800000e-08  8.82826085e-03 
 3.54000000e-08  9.26679542e-03 
 3.54200000e-08  9.70412918e-03 
 3.54400000e-08  1.01402029e-02 
 3.54600000e-08  1.05749571e-02 
 3.54800000e-08  1.10083323e-02 
 3.55000000e-08  1.14402686e-02 
 3.55200000e-08  1.18707063e-02 
 3.55400000e-08  1.22995853e-02 
 3.55600000e-08  1.27268453e-02 
 3.55800000e-08  1.31524260e-02 
 3.56000000e-08  1.35762668e-02 
 3.56200000e-08  1.39983070e-02 
 3.56400000e-08  1.44184856e-02 
 3.56600000e-08  1.48367417e-02 
 3.56800000e-08  1.52530140e-02 
 3.57000000e-08  1.56672411e-02 
 3.57200000e-08  1.60793614e-02 
 3.57400000e-08  1.64893133e-02 
 3.57600000e-08  1.68970349e-02 
 3.57800000e-08  1.73024642e-02 
 3.58000000e-08  1.77055390e-02 
 3.58200000e-08  1.81061969e-02 
 3.58400000e-08  1.85043757e-02 
 3.58600000e-08  1.89000126e-02 
 3.58800000e-08  1.92930450e-02 
 3.59000000e-08  1.96834101e-02 
 3.59200000e-08  2.00710450e-02 
 3.59400000e-08  2.04558868e-02 
 3.59600000e-08  2.08378722e-02 
 3.59800000e-08  2.12169382e-02 
 3.60000000e-08  2.15930215e-02 
 3.60200000e-08  2.19660589e-02 
 3.60400000e-08  2.23359871e-02 
 3.60600000e-08  2.27027428e-02 
 3.60800000e-08  2.30662626e-02 
 3.61000000e-08  2.34264831e-02 
 3.61200000e-08  2.37833412e-02 
 3.61400000e-08  2.41367735e-02 
 3.61600000e-08  2.44867168e-02 
 3.61800000e-08  2.48331081e-02 
 3.62000000e-08  2.51758843e-02 
 3.62200000e-08  2.55149824e-02 
 3.62400000e-08  2.58503397e-02 
 3.62600000e-08  2.61818936e-02 
 3.62800000e-08  2.65095816e-02 
 3.63000000e-08  2.68333415e-02 
 3.63200000e-08  2.71531113e-02 
 3.63400000e-08  2.74688292e-02 
 3.63600000e-08  2.77804337e-02 
 3.63800000e-08  2.80878635e-02 
 3.64000000e-08  2.83910579e-02 
 3.64200000e-08  2.86899562e-02 
 3.64400000e-08  2.89844984e-02 
 3.64600000e-08  2.92746245e-02 
 3.64800000e-08  2.95602754e-02 
 3.65000000e-08  2.98413922e-02 
 3.65200000e-08  3.01179164e-02 
 3.65400000e-08  3.03897902e-02 
 3.65600000e-08  3.06569563e-02 
 3.65800000e-08  3.09193579e-02 
 3.66000000e-08  3.11769389e-02 
 3.66200000e-08  3.14296437e-02 
 3.66400000e-08  3.16774175e-02 
 3.66600000e-08  3.19202061e-02 
 3.66800000e-08  3.21579562e-02 
 3.67000000e-08  3.23906150e-02 
 3.67200000e-08  3.26181306e-02 
 3.67400000e-08  3.28404521e-02 
 3.67600000e-08  3.30575291e-02 
 3.67800000e-08  3.32693125e-02 
 3.68000000e-08  3.34757536e-02 
 3.68200000e-08  3.36768051e-02 
 3.68400000e-08  3.38724205e-02 
 3.68600000e-08  3.40625542e-02 
 3.68800000e-08  3.42471619e-02 
 3.69000000e-08  3.44262000e-02 
 3.69200000e-08  3.45996264e-02 
 3.69400000e-08  3.47673998e-02 
 3.69600000e-08  3.49294802e-02 
 3.69800000e-08  3.50858288e-02 
 3.70000000e-08  3.52364078e-02 
 3.70200000e-08  3.53811811e-02 
 3.70400000e-08  3.55201132e-02 
 3.70600000e-08  3.56531705e-02 
 3.70800000e-08  3.57803204e-02 
 3.71000000e-08  3.59015317e-02 
 3.71200000e-08  3.60167744e-02 
 3.71400000e-08  3.61260202e-02 
 3.71600000e-08  3.62292420e-02 
 3.71800000e-08  3.63264142e-02 
 3.72000000e-08  3.64175125e-02 
 3.72200000e-08  3.65025142e-02 
 3.72400000e-08  3.65813981e-02 
 3.72600000e-08  3.66541444e-02 
 3.72800000e-08  3.67207348e-02 
 3.73000000e-08  3.67811527e-02 
 3.73200000e-08  3.68353828e-02 
 3.73400000e-08  3.68834116e-02 
 3.73600000e-08  3.69252269e-02 
 3.73800000e-08  3.69608183e-02 
 3.74000000e-08  3.69901768e-02 
 3.74200000e-08  3.70132952e-02 
 3.74400000e-08  3.70301676e-02 
 3.74600000e-08  3.70407900e-02 
 3.74800000e-08  3.70451598e-02 
 3.75000000e-08  3.70432761e-02 
 3.75200000e-08  3.70351395e-02 
 3.75400000e-08  3.70207523e-02 
 3.75600000e-08  3.70001184e-02 
 3.75800000e-08  3.69732433e-02 
 3.76000000e-08  3.69401339e-02 
 3.76200000e-08  3.69007991e-02 
 3.76400000e-08  3.68552489e-02 
 3.76600000e-08  3.68034951e-02 
 3.76800000e-08  3.67455512e-02 
 3.77000000e-08  3.66814321e-02 
 3.77200000e-08  3.66111541e-02 
 3.77400000e-08  3.65347353e-02 
 3.77600000e-08  3.64521952e-02 
 3.77800000e-08  3.63635546e-02 
 3.78000000e-08  3.62688362e-02 
 3.78200000e-08  3.61680637e-02 
 3.78400000e-08  3.60612625e-02 
 3.78600000e-08  3.59484595e-02 
 3.78800000e-08  3.58296828e-02 
 3.79000000e-08  3.57049620e-02 
 3.79200000e-08  3.55743280e-02 
 3.79400000e-08  3.54378130e-02 
 3.79600000e-08  3.52954506e-02 
 3.79800000e-08  3.51472756e-02 
 3.80000000e-08  3.49933242e-02 
 3.80200000e-08  3.48336337e-02 
 3.80400000e-08  3.46682426e-02 
 3.80600000e-08  3.44971906e-02 
 3.80800000e-08  3.43205187e-02 
 3.81000000e-08  3.41382688e-02 
 3.81200000e-08  3.39504840e-02 
 3.81400000e-08  3.37572084e-02 
 3.81600000e-08  3.35584872e-02 
 3.81800000e-08  3.33543666e-02 
 3.82000000e-08  3.31448937e-02 
 3.82200000e-08  3.29301167e-02 
 3.82400000e-08  3.27100845e-02 
 3.82600000e-08  3.24848469e-02 
 3.82800000e-08  3.22544549e-02 
 3.83000000e-08  3.20189597e-02 
 3.83200000e-08  3.17784139e-02 
 3.83400000e-08  3.15328705e-02 
 3.83600000e-08  3.12823832e-02 
 3.83800000e-08  3.10270067e-02 
 3.84000000e-08  3.07667960e-02 
 3.84200000e-08  3.05018069e-02 
 3.84400000e-08  3.02320959e-02 
 3.84600000e-08  2.99577199e-02 
 3.84800000e-08  2.96787363e-02 
 3.85000000e-08  2.93952033e-02 
 3.85200000e-08  2.91071793e-02 
 3.85400000e-08  2.88147234e-02 
 3.85600000e-08  2.85178947e-02 
 3.85800000e-08  2.82167533e-02 
 3.86000000e-08  2.79113591e-02 
 3.86200000e-08  2.76017728e-02 
 3.86400000e-08  2.72880551e-02 
 3.86600000e-08  2.69702671e-02 
 3.86800000e-08  2.66484703e-02 
 3.87000000e-08  2.63227263e-02 
 3.87200000e-08  2.59930969e-02 
 3.87400000e-08  2.56596442e-02 
 3.87600000e-08  2.53224304e-02 
 3.87800000e-08  2.49815179e-02 
 3.88000000e-08  2.46369693e-02 
 3.88200000e-08  2.42888471e-02 
 3.88400000e-08  2.39372141e-02 
 3.88600000e-08  2.35821331e-02 
 3.88800000e-08  2.32236670e-02 
 3.89000000e-08  2.28618787e-02 
 3.89200000e-08  2.24968311e-02 
 3.89400000e-08  2.21285872e-02 
 3.89600000e-08  2.17572098e-02 
 3.89800000e-08  2.13827620e-02 
 3.90000000e-08  2.10053066e-02 
 3.90200000e-08  2.06249063e-02 
 3.90400000e-08  2.02416241e-02 
 3.90600000e-08  1.98555226e-02 
 3.90800000e-08  1.94666644e-02 
 3.91000000e-08  1.90751121e-02 
 3.91200000e-08  1.86809280e-02 
 3.91400000e-08  1.82841746e-02 
 3.91600000e-08  1.78849140e-02 
 3.91800000e-08  1.74832082e-02 
 3.92000000e-08  1.70791193e-02 
 3.92200000e-08  1.66727091e-02 
 3.92400000e-08  1.62640392e-02 
 3.92600000e-08  1.58531712e-02 
 3.92800000e-08  1.54401663e-02 
 3.93000000e-08  1.50250860e-02 
 3.93200000e-08  1.46079911e-02 
 3.93400000e-08  1.41889427e-02 
 3.93600000e-08  1.37680014e-02 
 3.93800000e-08  1.33452279e-02 
 3.94000000e-08  1.29206826e-02 
 3.94200000e-08  1.24944257e-02 
 3.94400000e-08  1.20665174e-02 
 3.94600000e-08  1.16370175e-02 
 3.94800000e-08  1.12059860e-02 
 3.95000000e-08  1.07734823e-02 
 3.95200000e-08  1.03395661e-02 
 3.95400000e-08  9.90429655e-03 
 3.95600000e-08  9.46773292e-03 
 3.95800000e-08  9.02993422e-03 
 3.96000000e-08  8.59095936e-03 
 3.96200000e-08  8.15086710e-03 
 3.96400000e-08  7.70971607e-03 
 3.96600000e-08  7.26756478e-03 
 3.96800000e-08  6.82447163e-03 
 3.97000000e-08  6.38049488e-03 
 3.97200000e-08  5.93569273e-03 
 3.97400000e-08  5.49012322e-03 
 3.97600000e-08  5.04384435e-03 
 3.97800000e-08  4.59691399e-03 
 3.98000000e-08  4.14938997e-03 
 3.98200000e-08  3.70133000e-03 
 3.98400000e-08  3.25279178e-03 
 3.98600000e-08  2.80383289e-03 
 3.98800000e-08  2.35451092e-03 
 3.99000000e-08  1.90488338e-03 
 3.99200000e-08  1.45500775e-03 
 3.99400000e-08  1.00494148e-03 
 3.99600000e-08  5.54742031e-04 
 3.99800000e-08  1.04466815e-04 
 4.00000000e-08 -3.45826737e-04 
 4.00200000e-08 -7.96081193e-04 
 4.00400000e-08 -1.24623911e-03 
 4.00600000e-08 -1.69624302e-03 
 4.00800000e-08 -2.14603542e-03 
 4.01000000e-08 -2.59555878e-03 
 4.01200000e-08 -3.04475552e-03 
 4.01400000e-08 -3.49356801e-03 
 4.01600000e-08 -3.94193854e-03 
 4.01800000e-08 -4.38980935e-03 
 4.02000000e-08 -4.83712261e-03 
 4.02200000e-08 -5.28382038e-03 
 4.02400000e-08 -5.72984464e-03 
 4.02600000e-08 -6.17513729e-03 
 4.02800000e-08 -6.61964010e-03 
 4.03000000e-08 -7.06329475e-03 
 4.03200000e-08 -7.50604278e-03 
 4.03400000e-08 -7.94782563e-03 
 4.03600000e-08 -8.38858460e-03 
 4.03800000e-08 -8.82826085e-03 
 4.04000000e-08 -9.26679542e-03 
 4.04200000e-08 -9.70412918e-03 
 4.04400000e-08 -1.01402029e-02 
 4.04600000e-08 -1.05749571e-02 
 4.04800000e-08 -1.10083323e-02 
 4.05000000e-08 -1.14402686e-02 
 4.05200000e-08 -1.18707063e-02 
 4.05400000e-08 -1.22995853e-02 
 4.05600000e-08 -1.27268453e-02 
 4.05800000e-08 -1.31524260e-02 
 4.06000000e-08 -1.35762668e-02 
 4.06200000e-08 -1.39983070e-02 
 4.06400000e-08 -1.44184856e-02 
 4.06600000e-08 -1.48367417e-02 
 4.06800000e-08 -1.52530140e-02 
 4.07000000e-08 -1.56672411e-02 
 4.07200000e-08 -1.60793614e-02 
 4.07400000e-08 -1.64893133e-02 
 4.07600000e-08 -1.68970349e-02 
 4.07800000e-08 -1.73024642e-02 
 4.08000000e-08 -1.77055390e-02 
 4.08200000e-08 -1.81061969e-02 
 4.08400000e-08 -1.85043757e-02 
 4.08600000e-08 -1.89000126e-02 
 4.08800000e-08 -1.92930450e-02 
 4.09000000e-08 -1.96834101e-02 
 4.09200000e-08 -2.00710450e-02 
 4.09400000e-08 -2.04558868e-02 
 4.09600000e-08 -2.08378722e-02 
 4.09800000e-08 -2.12169382e-02 
 4.10000000e-08 -2.15930215e-02 
 4.10200000e-08 -2.19660589e-02 
 4.10400000e-08 -2.23359871e-02 
 4.10600000e-08 -2.27027428e-02 
 4.10800000e-08 -2.30662626e-02 
 4.11000000e-08 -2.34264831e-02 
 4.11200000e-08 -2.37833412e-02 
 4.11400000e-08 -2.41367735e-02 
 4.11600000e-08 -2.44867168e-02 
 4.11800000e-08 -2.48331081e-02 
 4.12000000e-08 -2.51758843e-02 
 4.12200000e-08 -2.55149824e-02 
 4.12400000e-08 -2.58503397e-02 
 4.12600000e-08 -2.61818936e-02 
 4.12800000e-08 -2.65095816e-02 
 4.13000000e-08 -2.68333415e-02 
 4.13200000e-08 -2.71531113e-02 
 4.13400000e-08 -2.74688292e-02 
 4.13600000e-08 -2.77804337e-02 
 4.13800000e-08 -2.80878635e-02 
 4.14000000e-08 -2.83910579e-02 
 4.14200000e-08 -2.86899562e-02 
 4.14400000e-08 -2.89844984e-02 
 4.14600000e-08 -2.92746245e-02 
 4.14800000e-08 -2.95602754e-02 
 4.15000000e-08 -2.98413922e-02 
 4.15200000e-08 -3.01179164e-02 
 4.15400000e-08 -3.03897902e-02 
 4.15600000e-08 -3.06569563e-02 
 4.15800000e-08 -3.09193579e-02 
 4.16000000e-08 -3.11769389e-02 
 4.16200000e-08 -3.14296437e-02 
 4.16400000e-08 -3.16774175e-02 
 4.16600000e-08 -3.19202061e-02 
 4.16800000e-08 -3.21579562e-02 
 4.17000000e-08 -3.23906150e-02 
 4.17200000e-08 -3.26181306e-02 
 4.17400000e-08 -3.28404521e-02 
 4.17600000e-08 -3.30575291e-02 
 4.17800000e-08 -3.32693125e-02 
 4.18000000e-08 -3.34757536e-02 
 4.18200000e-08 -3.36768051e-02 
 4.18400000e-08 -3.38724205e-02 
 4.18600000e-08 -3.40625542e-02 
 4.18800000e-08 -3.42471619e-02 
 4.19000000e-08 -3.44262000e-02 
 4.19200000e-08 -3.45996264e-02 
 4.19400000e-08 -3.47673998e-02 
 4.19600000e-08 -3.49294802e-02 
 4.19800000e-08 -3.50858288e-02 
 4.20000000e-08 -3.52364078e-02 
 4.20200000e-08 -3.53811811e-02 
 4.20400000e-08 -3.55201132e-02 
 4.20600000e-08 -3.56531705e-02 
 4.20800000e-08 -3.57803204e-02 
 4.21000000e-08 -3.59015317e-02 
 4.21200000e-08 -3.60167744e-02 
 4.21400000e-08 -3.61260202e-02 
 4.21600000e-08 -3.62292420e-02 
 4.21800000e-08 -3.63264142e-02 
 4.22000000e-08 -3.64175125e-02 
 4.22200000e-08 -3.65025142e-02 
 4.22400000e-08 -3.65813981e-02 
 4.22600000e-08 -3.66541444e-02 
 4.22800000e-08 -3.67207348e-02 
 4.23000000e-08 -3.67811527e-02 
 4.23200000e-08 -3.68353828e-02 
 4.23400000e-08 -3.68834116e-02 
 4.23600000e-08 -3.69252269e-02 
 4.23800000e-08 -3.69608183e-02 
 4.24000000e-08 -3.69901768e-02 
 4.24200000e-08 -3.70132952e-02 
 4.24400000e-08 -3.70301676e-02 
 4.24600000e-08 -3.70407900e-02 
 4.24800000e-08 -3.70451598e-02 
 4.25000000e-08 -3.70432761e-02 
 4.25200000e-08 -3.70351395e-02 
 4.25400000e-08 -3.70207523e-02 
 4.25600000e-08 -3.70001184e-02 
 4.25800000e-08 -3.69732433e-02 
 4.26000000e-08 -3.69401339e-02 
 4.26200000e-08 -3.69007991e-02 
 4.26400000e-08 -3.68552489e-02 
 4.26600000e-08 -3.68034951e-02 
 4.26800000e-08 -3.67455512e-02 
 4.27000000e-08 -3.66814321e-02 
 4.27200000e-08 -3.66111541e-02 
 4.27400000e-08 -3.65347353e-02 
 4.27600000e-08 -3.64521952e-02 
 4.27800000e-08 -3.63635546e-02 
 4.28000000e-08 -3.62688362e-02 
 4.28200000e-08 -3.61680637e-02 
 4.28400000e-08 -3.60612625e-02 
 4.28600000e-08 -3.59484595e-02 
 4.28800000e-08 -3.58296828e-02 
 4.29000000e-08 -3.57049620e-02 
 4.29200000e-08 -3.55743280e-02 
 4.29400000e-08 -3.54378130e-02 
 4.29600000e-08 -3.52954506e-02 
 4.29800000e-08 -3.51472756e-02 
 4.30000000e-08 -3.49933242e-02 
 4.30200000e-08 -3.48336337e-02 
 4.30400000e-08 -3.46682426e-02 
 4.30600000e-08 -3.44971906e-02 
 4.30800000e-08 -3.43205187e-02 
 4.31000000e-08 -3.41382688e-02 
 4.31200000e-08 -3.39504840e-02 
 4.31400000e-08 -3.37572084e-02 
 4.31600000e-08 -3.35584872e-02 
 4.31800000e-08 -3.33543666e-02 
 4.32000000e-08 -3.31448937e-02 
 4.32200000e-08 -3.29301167e-02 
 4.32400000e-08 -3.27100845e-02 
 4.32600000e-08 -3.24848469e-02 
 4.32800000e-08 -3.22544549e-02 
 4.33000000e-08 -3.20189597e-02 
 4.33200000e-08 -3.17784139e-02 
 4.33400000e-08 -3.15328705e-02 
 4.33600000e-08 -3.12823832e-02 
 4.33800000e-08 -3.10270067e-02 
 4.34000000e-08 -3.07667960e-02 
 4.34200000e-08 -3.05018069e-02 
 4.34400000e-08 -3.02320959e-02 
 4.34600000e-08 -2.99577199e-02 
 4.34800000e-08 -2.96787363e-02 
 4.35000000e-08 -2.93952033e-02 
 4.35200000e-08 -2.91071793e-02 
 4.35400000e-08 -2.88147234e-02 
 4.35600000e-08 -2.85178947e-02 
 4.35800000e-08 -2.82167533e-02 
 4.36000000e-08 -2.79113591e-02 
 4.36200000e-08 -2.76017728e-02 
 4.36400000e-08 -2.72880551e-02 
 4.36600000e-08 -2.69702671e-02 
 4.36800000e-08 -2.66484703e-02 
 4.37000000e-08 -2.63227263e-02 
 4.37200000e-08 -2.59930969e-02 
 4.37400000e-08 -2.56596442e-02 
 4.37600000e-08 -2.53224304e-02 
 4.37800000e-08 -2.49815179e-02 
 4.38000000e-08 -2.46369693e-02 
 4.38200000e-08 -2.42888471e-02 
 4.38400000e-08 -2.39372141e-02 
 4.38600000e-08 -2.35821331e-02 
 4.38800000e-08 -2.32236670e-02 
 4.39000000e-08 -2.28618787e-02 
 4.39200000e-08 -2.24968311e-02 
 4.39400000e-08 -2.21285872e-02 
 4.39600000e-08 -2.17572098e-02 
 4.39800000e-08 -2.13827620e-02 
 4.40000000e-08 -2.10053066e-02 
 4.40200000e-08 -2.06249063e-02 
 4.40400000e-08 -2.02416241e-02 
 4.40600000e-08 -1.98555226e-02 
 4.40800000e-08 -1.94666644e-02 
 4.41000000e-08 -1.90751121e-02 
 4.41200000e-08 -1.86809280e-02 
 4.41400000e-08 -1.82841746e-02 
 4.41600000e-08 -1.78849140e-02 
 4.41800000e-08 -1.74832082e-02 
 4.42000000e-08 -1.70791193e-02 
 4.42200000e-08 -1.66727091e-02 
 4.42400000e-08 -1.62640392e-02 
 4.42600000e-08 -1.58531712e-02 
 4.42800000e-08 -1.54401663e-02 
 4.43000000e-08 -1.50250860e-02 
 4.43200000e-08 -1.46079911e-02 
 4.43400000e-08 -1.41889427e-02 
 4.43600000e-08 -1.37680014e-02 
 4.43800000e-08 -1.33452279e-02 
 4.44000000e-08 -1.29206826e-02 
 4.44200000e-08 -1.24944257e-02 
 4.44400000e-08 -1.20665174e-02 
 4.44600000e-08 -1.16370175e-02 
 4.44800000e-08 -1.12059860e-02 
 4.45000000e-08 -1.07734823e-02 
 4.45200000e-08 -1.03395661e-02 
 4.45400000e-08 -9.90429655e-03 
 4.45600000e-08 -9.46773292e-03 
 4.45800000e-08 -9.02993422e-03 
 4.46000000e-08 -8.59095936e-03 
 4.46200000e-08 -8.15086710e-03 
 4.46400000e-08 -7.70971607e-03 
 4.46600000e-08 -7.26756478e-03 
 4.46800000e-08 -6.82447163e-03 
 4.47000000e-08 -6.38049488e-03 
 4.47200000e-08 -5.93569273e-03 
 4.47400000e-08 -5.49012322e-03 
 4.47600000e-08 -5.04384435e-03 
 4.47800000e-08 -4.59691399e-03 
 4.48000000e-08 -4.14938997e-03 
 4.48200000e-08 -3.70133000e-03 
 4.48400000e-08 -3.25279178e-03 
 4.48600000e-08 -2.80383289e-03 
 4.48800000e-08 -2.35451092e-03 
 4.49000000e-08 -1.90488338e-03 
 4.49200000e-08 -1.45500775e-03 
 4.49400000e-08 -1.00494148e-03 
 4.49600000e-08 -5.54742031e-04 
 4.49800000e-08 -1.04466815e-04 
 4.50000000e-08  3.45826737e-04 
 4.50200000e-08  7.96081193e-04 
 4.50400000e-08  1.24623911e-03 
 4.50600000e-08  1.69624302e-03 
 4.50800000e-08  2.14603542e-03 
 4.51000000e-08  2.59555878e-03 
 4.51200000e-08  3.04475552e-03 
 4.51400000e-08  3.49356801e-03 
 4.51600000e-08  3.94193854e-03 
 4.51800000e-08  4.38980935e-03 
 4.52000000e-08  4.83712261e-03 
 4.52200000e-08  5.28382038e-03 
 4.52400000e-08  5.72984464e-03 
 4.52600000e-08  6.17513729e-03 
 4.52800000e-08  6.61964010e-03 
 4.53000000e-08  7.06329475e-03 
 4.53200000e-08  7.50604278e-03 
 4.53400000e-08  7.94782563e-03 
 4.53600000e-08  8.38858460e-03 
 4.53800000e-08  8.82826085e-03 
 4.54000000e-08  9.26679542e-03 
 4.54200000e-08  9.70412918e-03 
 4.54400000e-08  1.01402029e-02 
 4.54600000e-08  1.05749571e-02 
 4.54800000e-08  1.10083323e-02 
 4.55000000e-08  1.14402686e-02 
 4.55200000e-08  1.18707063e-02 
 4.55400000e-08  1.22995853e-02 
 4.55600000e-08  1.27268453e-02 
 4.55800000e-08  1.31524260e-02 
 4.56000000e-08  1.35762668e-02 
 4.56200000e-08  1.39983070e-02 
 4.56400000e-08  1.44184856e-02 
 4.56600000e-08  1.48367417e-02 
 4.56800000e-08  1.52530140e-02 
 4.57000000e-08  1.56672411e-02 
 4.57200000e-08  1.60793614e-02 
 4.57400000e-08  1.64893133e-02 
 4.57600000e-08  1.68970349e-02 
 4.57800000e-08  1.73024642e-02 
 4.58000000e-08  1.77055390e-02 
 4.58200000e-08  1.81061969e-02 
 4.58400000e-08  1.85043757e-02 
 4.58600000e-08  1.89000126e-02 
 4.58800000e-08  1.92930450e-02 
 4.59000000e-08  1.96834101e-02 
 4.59200000e-08  2.00710450e-02 
 4.59400000e-08  2.04558868e-02 
 4.59600000e-08  2.08378722e-02 
 4.59800000e-08  2.12169382e-02 
 4.60000000e-08  2.15930215e-02 
 4.60200000e-08  2.19660589e-02 
 4.60400000e-08  2.23359871e-02 
 4.60600000e-08  2.27027428e-02 
 4.60800000e-08  2.30662626e-02 
 4.61000000e-08  2.34264831e-02 
 4.61200000e-08  2.37833412e-02 
 4.61400000e-08  2.41367735e-02 
 4.61600000e-08  2.44867168e-02 
 4.61800000e-08  2.48331081e-02 
 4.62000000e-08  2.51758843e-02 
 4.62200000e-08  2.55149824e-02 
 4.62400000e-08  2.58503397e-02 
 4.62600000e-08  2.61818936e-02 
 4.62800000e-08  2.65095816e-02 
 4.63000000e-08  2.68333415e-02 
 4.63200000e-08  2.71531113e-02 
 4.63400000e-08  2.74688292e-02 
 4.63600000e-08  2.77804337e-02 
 4.63800000e-08  2.80878635e-02 
 4.64000000e-08  2.83910579e-02 
 4.64200000e-08  2.86899562e-02 
 4.64400000e-08  2.89844984e-02 
 4.64600000e-08  2.92746245e-02 
 4.64800000e-08  2.95602754e-02 
 4.65000000e-08  2.98413922e-02 
 4.65200000e-08  3.01179164e-02 
 4.65400000e-08  3.03897902e-02 
 4.65600000e-08  3.06569563e-02 
 4.65800000e-08  3.09193579e-02 
 4.66000000e-08  3.11769389e-02 
 4.66200000e-08  3.14296437e-02 
 4.66400000e-08  3.16774175e-02 
 4.66600000e-08  3.19202061e-02 
 4.66800000e-08  3.21579562e-02 
 4.67000000e-08  3.23906150e-02 
 4.67200000e-08  3.26181306e-02 
 4.67400000e-08  3.28404521e-02 
 4.67600000e-08  3.30575291e-02 
 4.67800000e-08  3.32693125e-02 
 4.68000000e-08  3.34757536e-02 
 4.68200000e-08  3.36768051e-02 
 4.68400000e-08  3.38724205e-02 
 4.68600000e-08  3.40625542e-02 
 4.68800000e-08  3.42471619e-02 
 4.69000000e-08  3.44262000e-02 
 4.69200000e-08  3.45996264e-02 
 4.69400000e-08  3.47673998e-02 
 4.69600000e-08  3.49294802e-02 
 4.69800000e-08  3.50858288e-02 
 4.70000000e-08  3.52364078e-02 
 4.70200000e-08  3.53811811e-02 
 4.70400000e-08  3.55201132e-02 
 4.70600000e-08  3.56531705e-02 
 4.70800000e-08  3.57803204e-02 
 4.71000000e-08  3.59015317e-02 
 4.71200000e-08  3.60167744e-02 
 4.71400000e-08  3.61260202e-02 
 4.71600000e-08  3.62292420e-02 
 4.71800000e-08  3.63264142e-02 
 4.72000000e-08  3.64175125e-02 
 4.72200000e-08  3.65025142e-02 
 4.72400000e-08  3.65813981e-02 
 4.72600000e-08  3.66541444e-02 
 4.72800000e-08  3.67207348e-02 
 4.73000000e-08  3.67811527e-02 
 4.73200000e-08  3.68353828e-02 
 4.73400000e-08  3.68834116e-02 
 4.73600000e-08  3.69252269e-02 
 4.73800000e-08  3.69608183e-02 
 4.74000000e-08  3.69901768e-02 
 4.74200000e-08  3.70132952e-02 
 4.74400000e-08  3.70301676e-02 
 4.74600000e-08  3.70407900e-02 
 4.74800000e-08  3.70451598e-02 
 4.75000000e-08  3.70432761e-02 
 4.75200000e-08  3.70351395e-02 
 4.75400000e-08  3.70207523e-02 
 4.75600000e-08  3.70001184e-02 
 4.75800000e-08  3.69732433e-02 
 4.76000000e-08  3.69401339e-02 
 4.76200000e-08  3.69007991e-02 
 4.76400000e-08  3.68552489e-02 
 4.76600000e-08  3.68034951e-02 
 4.76800000e-08  3.67455512e-02 
 4.77000000e-08  3.66814321e-02 
 4.77200000e-08  3.66111541e-02 
 4.77400000e-08  3.65347353e-02 
 4.77600000e-08  3.64521952e-02 
 4.77800000e-08  3.63635546e-02 
 4.78000000e-08  3.62688362e-02 
 4.78200000e-08  3.61680637e-02 
 4.78400000e-08  3.60612625e-02 
 4.78600000e-08  3.59484595e-02 
 4.78800000e-08  3.58296828e-02 
 4.79000000e-08  3.57049620e-02 
 4.79200000e-08  3.55743280e-02 
 4.79400000e-08  3.54378130e-02 
 4.79600000e-08  3.52954506e-02 
 4.79800000e-08  3.51472756e-02 
 4.80000000e-08  3.49933242e-02 
 4.80200000e-08  3.48336337e-02 
 4.80400000e-08  3.46682426e-02 
 4.80600000e-08  3.44971906e-02 
 4.80800000e-08  3.43205187e-02 
 4.81000000e-08  3.41382688e-02 
 4.81200000e-08  3.39504840e-02 
 4.81400000e-08  3.37572084e-02 
 4.81600000e-08  3.35584872e-02 
 4.81800000e-08  3.33543666e-02 
 4.82000000e-08  3.31448937e-02 
 4.82200000e-08  3.29301167e-02 
 4.82400000e-08  3.27100845e-02 
 4.82600000e-08  3.24848469e-02 
 4.82800000e-08  3.22544549e-02 
 4.83000000e-08  3.20189597e-02 
 4.83200000e-08  3.17784139e-02 
 4.83400000e-08  3.15328705e-02 
 4.83600000e-08  3.12823832e-02 
 4.83800000e-08  3.10270067e-02 
 4.84000000e-08  3.07667960e-02 
 4.84200000e-08  3.05018069e-02 
 4.84400000e-08  3.02320959e-02 
 4.84600000e-08  2.99577199e-02 
 4.84800000e-08  2.96787363e-02 
 4.85000000e-08  2.93952033e-02 
 4.85200000e-08  2.91071793e-02 
 4.85400000e-08  2.88147234e-02 
 4.85600000e-08  2.85178947e-02 
 4.85800000e-08  2.82167533e-02 
 4.86000000e-08  2.79113591e-02 
 4.86200000e-08  2.76017728e-02 
 4.86400000e-08  2.72880551e-02 
 4.86600000e-08  2.69702671e-02 
 4.86800000e-08  2.66484703e-02 
 4.87000000e-08  2.63227263e-02 
 4.87200000e-08  2.59930969e-02 
 4.87400000e-08  2.56596442e-02 
 4.87600000e-08  2.53224304e-02 
 4.87800000e-08  2.49815179e-02 
 4.88000000e-08  2.46369693e-02 
 4.88200000e-08  2.42888471e-02 
 4.88400000e-08  2.39372141e-02 
 4.88600000e-08  2.35821331e-02 
 4.88800000e-08  2.32236670e-02 
 4.89000000e-08  2.28618787e-02 
 4.89200000e-08  2.24968311e-02 
 4.89400000e-08  2.21285872e-02 
 4.89600000e-08  2.17572098e-02 
 4.89800000e-08  2.13827620e-02 
 4.90000000e-08  2.10053066e-02 
 4.90200000e-08  2.06249063e-02 
 4.90400000e-08  2.02416241e-02 
 4.90600000e-08  1.98555226e-02 
 4.90800000e-08  1.94666644e-02 
 4.91000000e-08  1.90751121e-02 
 4.91200000e-08  1.86809280e-02 
 4.91400000e-08  1.82841746e-02 
 4.91600000e-08  1.78849140e-02 
 4.91800000e-08  1.74832082e-02 
 4.92000000e-08  1.70791193e-02 
 4.92200000e-08  1.66727091e-02 
 4.92400000e-08  1.62640392e-02 
 4.92600000e-08  1.58531712e-02 
 4.92800000e-08  1.54401663e-02 
 4.93000000e-08  1.50250860e-02 
 4.93200000e-08  1.46079911e-02 
 4.93400000e-08  1.41889427e-02 
 4.93600000e-08  1.37680014e-02 
 4.93800000e-08  1.33452279e-02 
 4.94000000e-08  1.29206826e-02 
 4.94200000e-08  1.24944257e-02 
 4.94400000e-08  1.20665174e-02 
 4.94600000e-08  1.16370175e-02 
 4.94800000e-08  1.12059860e-02 
 4.95000000e-08  1.07734823e-02 
 4.95200000e-08  1.03395661e-02 
 4.95400000e-08  9.90429655e-03 
 4.95600000e-08  9.46773292e-03 
 4.95800000e-08  9.02993422e-03 
 4.96000000e-08  8.59095936e-03 
 4.96200000e-08  8.15086710e-03 
 4.96400000e-08  7.70971607e-03 
 4.96600000e-08  7.26756478e-03 
 4.96800000e-08  6.82447163e-03 
 4.97000000e-08  6.38049488e-03 
 4.97200000e-08  5.93569273e-03 
 4.97400000e-08  5.49012322e-03 
 4.97600000e-08  5.04384435e-03 
 4.97800000e-08  4.59691399e-03 
 4.98000000e-08  4.14938997e-03 
 4.98200000e-08  3.70133000e-03 
 4.98400000e-08  3.25279178e-03 
 4.98600000e-08  2.80383289e-03 
 4.98800000e-08  2.35451092e-03 
 4.99000000e-08  1.90488338e-03 
 4.99200000e-08  1.45500775e-03 
 4.99400000e-08  1.00494148e-03 
 4.99600000e-08  5.54742031e-04 
 4.99800000e-08  1.04466815e-04 
 5.00000000e-08 -3.45826736e-04 
 5.00200000e-08 -7.96081193e-04 
 5.00400000e-08 -1.24623911e-03 
 5.00600000e-08 -1.69624302e-03 
 5.00800000e-08 -2.14603542e-03 
 5.01000000e-08 -2.59555878e-03 
 5.01200000e-08 -3.04475552e-03 
 5.01400000e-08 -3.49356801e-03 
 5.01600000e-08 -3.94193854e-03 
 5.01800000e-08 -4.38980935e-03 
 5.02000000e-08 -4.83712261e-03 
 5.02200000e-08 -5.28382038e-03 
 5.02400000e-08 -5.72984464e-03 
 5.02600000e-08 -6.17513729e-03 
 5.02800000e-08 -6.61964010e-03 
 5.03000000e-08 -7.06329475e-03 
 5.03200000e-08 -7.50604278e-03 
 5.03400000e-08 -7.94782563e-03 
 5.03600000e-08 -8.38858460e-03 
 5.03800000e-08 -8.82826085e-03 
 5.04000000e-08 -9.26679542e-03 
 5.04200000e-08 -9.70412918e-03 
 5.04400000e-08 -1.01402029e-02 
 5.04600000e-08 -1.05749571e-02 
 5.04800000e-08 -1.10083323e-02 
 5.05000000e-08 -1.14402686e-02 
 5.05200000e-08 -1.18707063e-02 
 5.05400000e-08 -1.22995853e-02 
 5.05600000e-08 -1.27268453e-02 
 5.05800000e-08 -1.31524260e-02 
 5.06000000e-08 -1.35762668e-02 
 5.06200000e-08 -1.39983070e-02 
 5.06400000e-08 -1.44184856e-02 
 5.06600000e-08 -1.48367417e-02 
 5.06800000e-08 -1.52530140e-02 
 5.07000000e-08 -1.56672411e-02 
 5.07200000e-08 -1.60793614e-02 
 5.07400000e-08 -1.64893133e-02 
 5.07600000e-08 -1.68970349e-02 
 5.07800000e-08 -1.73024642e-02 
 5.08000000e-08 -1.77055390e-02 
 5.08200000e-08 -1.81061969e-02 
 5.08400000e-08 -1.85043757e-02 
 5.08600000e-08 -1.89000126e-02 
 5.08800000e-08 -1.92930450e-02 
 5.09000000e-08 -1.96834101e-02 
 5.09200000e-08 -2.00710450e-02 
 5.09400000e-08 -2.04558868e-02 
 5.09600000e-08 -2.08378722e-02 
 5.09800000e-08 -2.12169382e-02 
 5.10000000e-08 -2.15930215e-02 
 5.10200000e-08 -2.19660589e-02 
 5.10400000e-08 -2.23359871e-02 
 5.10600000e-08 -2.27027428e-02 
 5.10800000e-08 -2.30662626e-02 
 5.11000000e-08 -2.34264831e-02 
 5.11200000e-08 -2.37833412e-02 
 5.11400000e-08 -2.41367735e-02 
 5.11600000e-08 -2.44867168e-02 
 5.11800000e-08 -2.48331081e-02 
 5.12000000e-08 -2.51758843e-02 
 5.12200000e-08 -2.55149824e-02 
 5.12400000e-08 -2.58503397e-02 
 5.12600000e-08 -2.61818936e-02 
 5.12800000e-08 -2.65095816e-02 
 5.13000000e-08 -2.68333415e-02 
 5.13200000e-08 -2.71531113e-02 
 5.13400000e-08 -2.74688292e-02 
 5.13600000e-08 -2.77804337e-02 
 5.13800000e-08 -2.80878635e-02 
 5.14000000e-08 -2.83910579e-02 
 5.14200000e-08 -2.86899562e-02 
 5.14400000e-08 -2.89844984e-02 
 5.14600000e-08 -2.92746245e-02 
 5.14800000e-08 -2.95602754e-02 
 5.15000000e-08 -2.98413922e-02 
 5.15200000e-08 -3.01179164e-02 
 5.15400000e-08 -3.03897902e-02 
 5.15600000e-08 -3.06569563e-02 
 5.15800000e-08 -3.09193579e-02 
 5.16000000e-08 -3.11769389e-02 
 5.16200000e-08 -3.14296437e-02 
 5.16400000e-08 -3.16774175e-02 
 5.16600000e-08 -3.19202061e-02 
 5.16800000e-08 -3.21579562e-02 
 5.17000000e-08 -3.23906150e-02 
 5.17200000e-08 -3.26181306e-02 
 5.17400000e-08 -3.28404521e-02 
 5.17600000e-08 -3.30575291e-02 
 5.17800000e-08 -3.32693125e-02 
 5.18000000e-08 -3.34757536e-02 
 5.18200000e-08 -3.36768051e-02 
 5.18400000e-08 -3.38724205e-02 
 5.18600000e-08 -3.40625542e-02 
 5.18800000e-08 -3.42471619e-02 
 5.19000000e-08 -3.44262000e-02 
 5.19200000e-08 -3.45996264e-02 
 5.19400000e-08 -3.47673998e-02 
 5.19600000e-08 -3.49294802e-02 
 5.19800000e-08 -3.50858288e-02 
 5.20000000e-08 -3.52364078e-02 
 5.20200000e-08 -3.53811811e-02 
 5.20400000e-08 -3.55201132e-02 
 5.20600000e-08 -3.56531705e-02 
 5.20800000e-08 -3.57803204e-02 
 5.21000000e-08 -3.59015317e-02 
 5.21200000e-08 -3.60167744e-02 
 5.21400000e-08 -3.61260202e-02 
 5.21600000e-08 -3.62292420e-02 
 5.21800000e-08 -3.63264142e-02 
 5.22000000e-08 -3.64175125e-02 
 5.22200000e-08 -3.65025142e-02 
 5.22400000e-08 -3.65813981e-02 
 5.22600000e-08 -3.66541444e-02 
 5.22800000e-08 -3.67207348e-02 
 5.23000000e-08 -3.67811527e-02 
 5.23200000e-08 -3.68353828e-02 
 5.23400000e-08 -3.68834116e-02 
 5.23600000e-08 -3.69252269e-02 
 5.23800000e-08 -3.69608183e-02 
 5.24000000e-08 -3.69901768e-02 
 5.24200000e-08 -3.70132952e-02 
 5.24400000e-08 -3.70301676e-02 
 5.24600000e-08 -3.70407900e-02 
 5.24800000e-08 -3.70451598e-02 
 5.25000000e-08 -3.70432761e-02 
 5.25200000e-08 -3.70351395e-02 
 5.25400000e-08 -3.70207523e-02 
 5.25600000e-08 -3.70001184e-02 
 5.25800000e-08 -3.69732433e-02 
 5.26000000e-08 -3.69401339e-02 
 5.26200000e-08 -3.69007991e-02 
 5.26400000e-08 -3.68552489e-02 
 5.26600000e-08 -3.68034951e-02 
 5.26800000e-08 -3.67455512e-02 
 5.27000000e-08 -3.66814321e-02 
 5.27200000e-08 -3.66111541e-02 
 5.27400000e-08 -3.65347353e-02 
 5.27600000e-08 -3.64521952e-02 
 5.27800000e-08 -3.63635546e-02 
 5.28000000e-08 -3.62688362e-02 
 5.28200000e-08 -3.61680637e-02 
 5.28400000e-08 -3.60612625e-02 
 5.28600000e-08 -3.59484595e-02 
 5.28800000e-08 -3.58296828e-02 
 5.29000000e-08 -3.57049620e-02 
 5.29200000e-08 -3.55743280e-02 
 5.29400000e-08 -3.54378130e-02 
 5.29600000e-08 -3.52954506e-02 
 5.29800000e-08 -3.51472756e-02 
 5.30000000e-08 -3.49933242e-02 
 5.30200000e-08 -3.48336337e-02 
 5.30400000e-08 -3.46682426e-02 
 5.30600000e-08 -3.44971906e-02 
 5.30800000e-08 -3.43205187e-02 
 5.31000000e-08 -3.41382688e-02 
 5.31200000e-08 -3.39504840e-02 
 5.31400000e-08 -3.37572084e-02 
 5.31600000e-08 -3.35584872e-02 
 5.31800000e-08 -3.33543666e-02 
 5.32000000e-08 -3.31448937e-02 
 5.32200000e-08 -3.29301167e-02 
 5.32400000e-08 -3.27100845e-02 
 5.32600000e-08 -3.24848469e-02 
 5.32800000e-08 -3.22544549e-02 
 5.33000000e-08 -3.20189597e-02 
 5.33200000e-08 -3.17784139e-02 
 5.33400000e-08 -3.15328705e-02 
 5.33600000e-08 -3.12823832e-02 
 5.33800000e-08 -3.10270067e-02 
 5.34000000e-08 -3.07667960e-02 
 5.34200000e-08 -3.05018069e-02 
 5.34400000e-08 -3.02320959e-02 
 5.34600000e-08 -2.99577199e-02 
 5.34800000e-08 -2.96787363e-02 
 5.35000000e-08 -2.93952033e-02 
 5.35200000e-08 -2.91071793e-02 
 5.35400000e-08 -2.88147234e-02 
 5.35600000e-08 -2.85178947e-02 
 5.35800000e-08 -2.82167533e-02 
 5.36000000e-08 -2.79113591e-02 
 5.36200000e-08 -2.76017728e-02 
 5.36400000e-08 -2.72880551e-02 
 5.36600000e-08 -2.69702671e-02 
 5.36800000e-08 -2.66484703e-02 
 5.37000000e-08 -2.63227263e-02 
 5.37200000e-08 -2.59930969e-02 
 5.37400000e-08 -2.56596442e-02 
 5.37600000e-08 -2.53224304e-02 
 5.37800000e-08 -2.49815179e-02 
 5.38000000e-08 -2.46369693e-02 
 5.38200000e-08 -2.42888471e-02 
 5.38400000e-08 -2.39372141e-02 
 5.38600000e-08 -2.35821331e-02 
 5.38800000e-08 -2.32236670e-02 
 5.39000000e-08 -2.28618787e-02 
 5.39200000e-08 -2.24968311e-02 
 5.39400000e-08 -2.21285872e-02 
 5.39600000e-08 -2.17572098e-02 
 5.39800000e-08 -2.13827620e-02 
 5.40000000e-08 -2.10053066e-02 
 5.40200000e-08 -2.06249063e-02 
 5.40400000e-08 -2.02416241e-02 
 5.40600000e-08 -1.98555226e-02 
 5.40800000e-08 -1.94666644e-02 
 5.41000000e-08 -1.90751121e-02 
 5.41200000e-08 -1.86809280e-02 
 5.41400000e-08 -1.82841746e-02 
 5.41600000e-08 -1.78849140e-02 
 5.41800000e-08 -1.74832082e-02 
 5.42000000e-08 -1.70791193e-02 
 5.42200000e-08 -1.66727091e-02 
 5.42400000e-08 -1.62640392e-02 
 5.42600000e-08 -1.58531712e-02 
 5.42800000e-08 -1.54401663e-02 
 5.43000000e-08 -1.50250860e-02 
 5.43200000e-08 -1.46079911e-02 
 5.43400000e-08 -1.41889427e-02 
 5.43600000e-08 -1.37680014e-02 
 5.43800000e-08 -1.33452279e-02 
 5.44000000e-08 -1.29206826e-02 
 5.44200000e-08 -1.24944257e-02 
 5.44400000e-08 -1.20665174e-02 
 5.44600000e-08 -1.16370175e-02 
 5.44800000e-08 -1.12059860e-02 
 5.45000000e-08 -1.07734823e-02 
 5.45200000e-08 -1.03395661e-02 
 5.45400000e-08 -9.90429655e-03 
 5.45600000e-08 -9.46773292e-03 
 5.45800000e-08 -9.02993422e-03 
 5.46000000e-08 -8.59095936e-03 
 5.46200000e-08 -8.15086710e-03 
 5.46400000e-08 -7.70971607e-03 
 5.46600000e-08 -7.26756478e-03 
 5.46800000e-08 -6.82447163e-03 
 5.47000000e-08 -6.38049488e-03 
 5.47200000e-08 -5.93569273e-03 
 5.47400000e-08 -5.49012322e-03 
 5.47600000e-08 -5.04384435e-03 
 5.47800000e-08 -4.59691399e-03 
 5.48000000e-08 -4.14938997e-03 
 5.48200000e-08 -3.70133000e-03 
 5.48400000e-08 -3.25279178e-03 
 5.48600000e-08 -2.80383289e-03 
 5.48800000e-08 -2.35451092e-03 
 5.49000000e-08 -1.90488338e-03 
 5.49200000e-08 -1.45500775e-03 
 5.49400000e-08 -1.00494148e-03 
 5.49600000e-08 -5.54742031e-04 
 5.49800000e-08 -1.04466815e-04 
 5.50000000e-08  3.45826737e-04 
 5.50200000e-08  7.96081193e-04 
 5.50400000e-08  1.24623911e-03 
 5.50600000e-08  1.69624302e-03 
 5.50800000e-08  2.14603542e-03 
 5.51000000e-08  2.59555878e-03 
 5.51200000e-08  3.04475552e-03 
 5.51400000e-08  3.49356801e-03 
 5.51600000e-08  3.94193854e-03 
 5.51800000e-08  4.38980935e-03 
 5.52000000e-08  4.83712261e-03 
 5.52200000e-08  5.28382038e-03 
 5.52400000e-08  5.72984464e-03 
 5.52600000e-08  6.17513729e-03 
 5.52800000e-08  6.61964010e-03 
 5.53000000e-08  7.06329475e-03 
 5.53200000e-08  7.50604278e-03 
 5.53400000e-08  7.94782563e-03 
 5.53600000e-08  8.38858460e-03 
 5.53800000e-08  8.82826085e-03 
 5.54000000e-08  9.26679542e-03 
 5.54200000e-08  9.70412918e-03 
 5.54400000e-08  1.01402029e-02 
 5.54600000e-08  1.05749571e-02 
 5.54800000e-08  1.10083323e-02 
 5.55000000e-08  1.14402686e-02 
 5.55200000e-08  1.18707063e-02 
 5.55400000e-08  1.22995853e-02 
 5.55600000e-08  1.27268453e-02 
 5.55800000e-08  1.31524260e-02 
 5.56000000e-08  1.35762668e-02 
 5.56200000e-08  1.39983070e-02 
 5.56400000e-08  1.44184856e-02 
 5.56600000e-08  1.48367417e-02 
 5.56800000e-08  1.52530140e-02 
 5.57000000e-08  1.56672411e-02 
 5.57200000e-08  1.60793614e-02 
 5.57400000e-08  1.64893133e-02 
 5.57600000e-08  1.68970349e-02 
 5.57800000e-08  1.73024642e-02 
 5.58000000e-08  1.77055390e-02 
 5.58200000e-08  1.81061969e-02 
 5.58400000e-08  1.85043757e-02 
 5.58600000e-08  1.89000126e-02 
 5.58800000e-08  1.92930450e-02 
 5.59000000e-08  1.96834101e-02 
 5.59200000e-08  2.00710450e-02 
 5.59400000e-08  2.04558868e-02 
 5.59600000e-08  2.08378722e-02 
 5.59800000e-08  2.12169382e-02 
 5.60000000e-08  2.15930215e-02 
 5.60200000e-08  2.19660589e-02 
 5.60400000e-08  2.23359871e-02 
 5.60600000e-08  2.27027428e-02 
 5.60800000e-08  2.30662626e-02 
 5.61000000e-08  2.34264831e-02 
 5.61200000e-08  2.37833412e-02 
 5.61400000e-08  2.41367735e-02 
 5.61600000e-08  2.44867168e-02 
 5.61800000e-08  2.48331081e-02 
 5.62000000e-08  2.51758843e-02 
 5.62200000e-08  2.55149824e-02 
 5.62400000e-08  2.58503397e-02 
 5.62600000e-08  2.61818936e-02 
 5.62800000e-08  2.65095816e-02 
 5.63000000e-08  2.68333415e-02 
 5.63200000e-08  2.71531113e-02 
 5.63400000e-08  2.74688292e-02 
 5.63600000e-08  2.77804337e-02 
 5.63800000e-08  2.80878635e-02 
 5.64000000e-08  2.83910579e-02 
 5.64200000e-08  2.86899562e-02 
 5.64400000e-08  2.89844984e-02 
 5.64600000e-08  2.92746245e-02 
 5.64800000e-08  2.95602754e-02 
 5.65000000e-08  2.98413922e-02 
 5.65200000e-08  3.01179164e-02 
 5.65400000e-08  3.03897902e-02 
 5.65600000e-08  3.06569563e-02 
 5.65800000e-08  3.09193579e-02 
 5.66000000e-08  3.11769389e-02 
 5.66200000e-08  3.14296437e-02 
 5.66400000e-08  3.16774175e-02 
 5.66600000e-08  3.19202061e-02 
 5.66800000e-08  3.21579562e-02 
 5.67000000e-08  3.23906150e-02 
 5.67200000e-08  3.26181306e-02 
 5.67400000e-08  3.28404521e-02 
 5.67600000e-08  3.30575291e-02 
 5.67800000e-08  3.32693125e-02 
 5.68000000e-08  3.34757536e-02 
 5.68200000e-08  3.36768051e-02 
 5.68400000e-08  3.38724205e-02 
 5.68600000e-08  3.40625542e-02 
 5.68800000e-08  3.42471619e-02 
 5.69000000e-08  3.44262000e-02 
 5.69200000e-08  3.45996264e-02 
 5.69400000e-08  3.47673998e-02 
 5.69600000e-08  3.49294802e-02 
 5.69800000e-08  3.50858288e-02 
 5.70000000e-08  3.52364078e-02 
 5.70200000e-08  3.53811811e-02 
 5.70400000e-08  3.55201132e-02 
 5.70600000e-08  3.56531705e-02 
 5.70800000e-08  3.57803204e-02 
 5.71000000e-08  3.59015317e-02 
 5.71200000e-08  3.60167744e-02 
 5.71400000e-08  3.61260202e-02 
 5.71600000e-08  3.62292420e-02 
 5.71800000e-08  3.63264142e-02 
 5.72000000e-08  3.64175125e-02 
 5.72200000e-08  3.65025142e-02 
 5.72400000e-08  3.65813981e-02 
 5.72600000e-08  3.66541444e-02 
 5.72800000e-08  3.67207348e-02 
 5.73000000e-08  3.67811527e-02 
 5.73200000e-08  3.68353828e-02 
 5.73400000e-08  3.68834116e-02 
 5.73600000e-08  3.69252269e-02 
 5.73800000e-08  3.69608183e-02 
 5.74000000e-08  3.69901768e-02 
 5.74200000e-08  3.70132952e-02 
 5.74400000e-08  3.70301676e-02 
 5.74600000e-08  3.70407900e-02 
 5.74800000e-08  3.70451598e-02 
 5.75000000e-08  3.70432761e-02 
 5.75200000e-08  3.70351395e-02 
 5.75400000e-08  3.70207523e-02 
 5.75600000e-08  3.70001184e-02 
 5.75800000e-08  3.69732433e-02 
 5.76000000e-08  3.69401339e-02 
 5.76200000e-08  3.69007991e-02 
 5.76400000e-08  3.68552489e-02 
 5.76600000e-08  3.68034951e-02 
 5.76800000e-08  3.67455512e-02 
 5.77000000e-08  3.66814321e-02 
 5.77200000e-08  3.66111541e-02 
 5.77400000e-08  3.65347353e-02 
 5.77600000e-08  3.64521952e-02 
 5.77800000e-08  3.63635546e-02 
 5.78000000e-08  3.62688362e-02 
 5.78200000e-08  3.61680637e-02 
 5.78400000e-08  3.60612625e-02 
 5.78600000e-08  3.59484595e-02 
 5.78800000e-08  3.58296828e-02 
 5.79000000e-08  3.57049620e-02 
 5.79200000e-08  3.55743280e-02 
 5.79400000e-08  3.54378130e-02 
 5.79600000e-08  3.52954506e-02 
 5.79800000e-08  3.51472756e-02 
 5.80000000e-08  3.49933242e-02 
 5.80200000e-08  3.48336337e-02 
 5.80400000e-08  3.46682426e-02 
 5.80600000e-08  3.44971906e-02 
 5.80800000e-08  3.43205187e-02 
 5.81000000e-08  3.41382688e-02 
 5.81200000e-08  3.39504840e-02 
 5.81400000e-08  3.37572084e-02 
 5.81600000e-08  3.35584872e-02 
 5.81800000e-08  3.33543666e-02 
 5.82000000e-08  3.31448937e-02 
 5.82200000e-08  3.29301167e-02 
 5.82400000e-08  3.27100845e-02 
 5.82600000e-08  3.24848469e-02 
 5.82800000e-08  3.22544549e-02 
 5.83000000e-08  3.20189597e-02 
 5.83200000e-08  3.17784139e-02 
 5.83400000e-08  3.15328705e-02 
 5.83600000e-08  3.12823832e-02 
 5.83800000e-08  3.10270067e-02 
 5.84000000e-08  3.07667960e-02 
 5.84200000e-08  3.05018069e-02 
 5.84400000e-08  3.02320959e-02 
 5.84600000e-08  2.99577199e-02 
 5.84800000e-08  2.96787363e-02 
 5.85000000e-08  2.93952033e-02 
 5.85200000e-08  2.91071793e-02 
 5.85400000e-08  2.88147234e-02 
 5.85600000e-08  2.85178947e-02 
 5.85800000e-08  2.82167533e-02 
 5.86000000e-08  2.79113591e-02 
 5.86200000e-08  2.76017728e-02 
 5.86400000e-08  2.72880551e-02 
 5.86600000e-08  2.69702671e-02 
 5.86800000e-08  2.66484703e-02 
 5.87000000e-08  2.63227263e-02 
 5.87200000e-08  2.59930969e-02 
 5.87400000e-08  2.56596442e-02 
 5.87600000e-08  2.53224304e-02 
 5.87800000e-08  2.49815179e-02 
 5.88000000e-08  2.46369693e-02 
 5.88200000e-08  2.42888471e-02 
 5.88400000e-08  2.39372141e-02 
 5.88600000e-08  2.35821331e-02 
 5.88800000e-08  2.32236670e-02 
 5.89000000e-08  2.28618787e-02 
 5.89200000e-08  2.24968311e-02 
 5.89400000e-08  2.21285872e-02 
 5.89600000e-08  2.17572098e-02 
 5.89800000e-08  2.13827620e-02 
 5.90000000e-08  2.10053066e-02 
 5.90200000e-08  2.06249063e-02 
 5.90400000e-08  2.02416241e-02 
 5.90600000e-08  1.98555226e-02 
 5.90800000e-08  1.94666644e-02 
 5.91000000e-08  1.90751121e-02 
 5.91200000e-08  1.86809280e-02 
 5.91400000e-08  1.82841746e-02 
 5.91600000e-08  1.78849140e-02 
 5.91800000e-08  1.74832082e-02 
 5.92000000e-08  1.70791193e-02 
 5.92200000e-08  1.66727091e-02 
 5.92400000e-08  1.62640392e-02 
 5.92600000e-08  1.58531712e-02 
 5.92800000e-08  1.54401663e-02 
 5.93000000e-08  1.50250860e-02 
 5.93200000e-08  1.46079911e-02 
 5.93400000e-08  1.41889427e-02 
 5.93600000e-08  1.37680014e-02 
 5.93800000e-08  1.33452279e-02 
 5.94000000e-08  1.29206826e-02 
 5.94200000e-08  1.24944257e-02 
 5.94400000e-08  1.20665174e-02 
 5.94600000e-08  1.16370175e-02 
 5.94800000e-08  1.12059860e-02 
 5.95000000e-08  1.07734823e-02 
 5.95200000e-08  1.03395661e-02 
 5.95400000e-08  9.90429655e-03 
 5.95600000e-08  9.46773292e-03 
 5.95800000e-08  9.02993422e-03 
 5.96000000e-08  8.59095936e-03 
 5.96200000e-08  8.15086710e-03 
 5.96400000e-08  7.70971607e-03 
 5.96600000e-08  7.26756478e-03 
 5.96800000e-08  6.82447163e-03 
 5.97000000e-08  6.38049488e-03 
 5.97200000e-08  5.93569273e-03 
 5.97400000e-08  5.49012322e-03 
 5.97600000e-08  5.04384435e-03 
 5.97800000e-08  4.59691399e-03 
 5.98000000e-08  4.14938997e-03 
 5.98200000e-08  3.70133000e-03 
 5.98400000e-08  3.25279178e-03 
 5.98600000e-08  2.80383289e-03 
 5.98800000e-08  2.35451092e-03 
 5.99000000e-08  1.90488338e-03 
 5.99200000e-08  1.45500775e-03 
 5.99400000e-08  1.00494148e-03 
 5.99600000e-08  5.54742031e-04 
 5.99800000e-08  1.04466815e-04 
 6.00000000e-08 -3.45831786e-04 
