 1.00000000e+06 -1.05520204e+00  4.33111149e-04 
 1.05932636e+06 -1.05520202e+00  4.58806055e-04 
 1.12217233e+06 -1.05520200e+00  4.86025346e-04 
 1.18874673e+06 -1.05520198e+00  5.14859458e-04 
 1.25927075e+06 -1.05520196e+00  5.45404192e-04 
 1.33397869e+06 -1.05520193e+00  5.77761033e-04 
 1.41311879e+06 -1.05520190e+00  6.12037488e-04 
 1.49695398e+06 -1.05520187e+00  6.48347439e-04 
 1.58576281e+06 -1.05520183e+00  6.86811527e-04 
 1.67984034e+06 -1.05520179e+00  7.27557548e-04 
 1.77949915e+06 -1.05520175e+00  7.70720881e-04 
 1.88507036e+06 -1.05520169e+00  8.16444937e-04 
 1.99690471e+06 -1.05520164e+00  8.64881632e-04 
 2.11537380e+06 -1.05520157e+00  9.16191898e-04 
 2.24087122e+06 -1.05520150e+00  9.70546214e-04 
 2.37381395e+06 -1.05520141e+00  1.02812517e-03 
 2.51464369e+06 -1.05520132e+00  1.08912007e-03 
 2.66382834e+06 -1.05520122e+00  1.15373358e-03 
 2.82186357e+06 -1.05520110e+00  1.22218036e-03 
 2.98927446e+06 -1.05520097e+00  1.29468784e-03 
 3.16661723e+06 -1.05520082e+00  1.37149692e-03 
 3.35448110e+06 -1.05520066e+00  1.45286279e-03 
 3.55349024e+06 -1.05520047e+00  1.53905580e-03 
 3.76430588e+06 -1.05520027e+00  1.63036231e-03 
 3.98762844e+06 -1.05520003e+00  1.72708570e-03 
 4.22419991e+06 -1.05519977e+00  1.82954732e-03 
 4.47480631e+06 -1.05519948e+00  1.93808759e-03 
 4.74028027e+06 -1.05519915e+00  2.05306714e-03 
 5.02150383e+06 -1.05519878e+00  2.17486799e-03 
 5.31941137e+06 -1.05519836e+00  2.30389481e-03 
 5.63499267e+06 -1.05519790e+00  2.44057629e-03 
 5.96929627e+06 -1.05519738e+00  2.58536655e-03 
 6.32343288e+06 -1.05519679e+00  2.73874664e-03 
 6.69857912e+06 -1.05519613e+00  2.90122615e-03 
 7.09598142e+06 -1.05519539e+00  3.07334491e-03 
 7.51696016e+06 -1.05519457e+00  3.25567478e-03 
 7.96291403e+06 -1.05519364e+00  3.44882152e-03 
 8.43532472e+06 -1.05519259e+00  3.65342683e-03 
 8.93576181e+06 -1.05519142e+00  3.87017051e-03 
 9.46588802e+06 -1.05519011e+00  4.09977264e-03 
 1.00274647e+07 -1.05518864e+00  4.34299604e-03 
 1.06223576e+07 -1.05518698e+00  4.60064878e-03 
 1.12525434e+07 -1.05518513e+00  4.87358685e-03 
 1.19201159e+07 -1.05518305e+00  5.16271703e-03 
 1.26272929e+07 -1.05518071e+00  5.46899987e-03 
 1.33764242e+07 -1.05517809e+00  5.79345291e-03 
 1.41699988e+07 -1.05517514e+00  6.13715405e-03 
 1.50106532e+07 -1.05517184e+00  6.50124508e-03 
 1.59011806e+07 -1.05516814e+00  6.88693557e-03 
 1.68445397e+07 -1.05516398e+00  7.29550677e-03 
 1.78438649e+07 -1.05515931e+00  7.72831595e-03 
 1.89024764e+07 -1.05515407e+00  8.18680087e-03 
 2.00238915e+07 -1.05514820e+00  8.67248452e-03 
 2.12118361e+07 -1.05514160e+00  9.18698023e-03 
 2.24702570e+07 -1.05513420e+00  9.73199696e-03 
 2.38033356e+07 -1.05512589e+00  1.03093450e-02 
 2.52155008e+07 -1.05511657e+00  1.09209420e-02 
 2.67114446e+07 -1.05510611e+00  1.15688193e-02 
 2.82961373e+07 -1.05509437e+00  1.22551284e-02 
 2.99748441e+07 -1.05508120e+00  1.29821487e-02 
 3.17531424e+07 -1.05506641e+00  1.37522944e-02 
 3.36369407e+07 -1.05504982e+00  1.45681227e-02 
 3.56324979e+07 -1.05503120e+00  1.54323426e-02 
 3.77464443e+07 -1.05501030e+00  1.63478231e-02 
 3.99858033e+07 -1.05498684e+00  1.73176035e-02 
 4.23580154e+07 -1.05496052e+00  1.83449028e-02 
 4.48709622e+07 -1.05493098e+00  1.94331304e-02 
 4.75329930e+07 -1.05489782e+00  2.05858977e-02 
 5.03529523e+07 -1.05486060e+00  2.18070293e-02 
 5.33402096e+07 -1.05481883e+00  2.31005763e-02 
 5.65046900e+07 -1.05477194e+00  2.44708287e-02 
 5.98569075e+07 -1.05471931e+00  2.59223301e-02 
 6.34079998e+07 -1.05466023e+00  2.74598921e-02 
 6.71697655e+07 -1.05459392e+00  2.90886100e-02 
 7.11547031e+07 -1.05451948e+00  3.08138791e-02 
 7.53760525e+07 -1.05443590e+00  3.26414123e-02 
 7.98478392e+07 -1.05434208e+00  3.45772579e-02 
 8.45849207e+07 -1.05423674e+00  3.66278195e-02 
 8.96030360e+07 -1.05411846e+00  3.87998754e-02 
 9.49188578e+07 -1.05398565e+00  4.11005999e-02 
 1.00550048e+08 -1.05383652e+00  4.35375859e-02 
 1.06515316e+08 -1.05366903e+00  4.61188673e-02 
 1.12834482e+08 -1.05348092e+00  4.88529433e-02 
 1.19528541e+08 -1.05326962e+00  5.17488030e-02 
 1.26619734e+08 -1.05303226e+00  5.48159515e-02 
 1.34131621e+08 -1.05276559e+00  5.80644353e-02 
 1.42089162e+08 -1.05246596e+00  6.15048695e-02 
 1.50518795e+08 -1.05212923e+00  6.51484646e-02 
 1.59448526e+08 -1.05175078e+00  6.90070523e-02 
 1.68908027e+08 -1.05132537e+00  7.30931117e-02 
 1.78928725e+08 -1.05084708e+00  7.74197936e-02 
 1.89543915e+08 -1.05030925e+00  8.20009422e-02 
 2.00788865e+08 -1.04970438e+00  8.68511138e-02 
 2.12700937e+08 -1.04902397e+00  9.19855908e-02 
 2.25319709e+08 -1.04825844e+00  9.74203891e-02 
 2.38687107e+08 -1.04739699e+00  1.03172256e-01 
 2.52847543e+08 -1.04642741e+00  1.09258661e-01 
 2.67848067e+08 -1.04533596e+00  1.15697763e-01 
 2.83738518e+08 -1.04410710e+00  1.22508371e-01 
 3.00571690e+08 -1.04272335e+00  1.29709874e-01 
 3.18403514e+08 -1.04116502e+00  1.37322144e-01 
 3.37293235e+08 -1.03940998e+00  1.45365412e-01 
 3.57303614e+08 -1.03743338e+00  1.53860089e-01 
 3.78501137e+08 -1.03520735e+00  1.62826558e-01 
 4.00956231e+08 -1.03270077e+00  1.72284894e-01 
 4.24743504e+08 -1.02987893e+00  1.82254534e-01 
 4.49941989e+08 -1.02670327e+00  1.92753863e-01 
 4.76635408e+08 -1.02313109e+00  2.03799735e-01 
 5.04912451e+08 -1.01911534e+00  2.15406900e-01 
 5.34867068e+08 -1.01460441e+00  2.27587345e-01 
 5.66598783e+08 -1.00954202e+00  2.40349547e-01 
 6.00213026e+08 -1.00386717e+00  2.53697628e-01 
 6.35821479e+08 -9.97514208e-01  2.67630431e-01 
 6.73542451e+08 -9.90413040e-01  2.82140508e-01 
 7.13501272e+08 -9.82489472e-01  2.97213054e-01 
 7.55830704e+08 -9.73665763e-01  3.12824778e-01 
 8.00671387e+08 -9.63861366e-01  3.28942759e-01 
 8.48172305e+08 -9.52993919e-01  3.45523311e-01 
 8.98491278e+08 -9.40980479e-01  3.62510886e-01 
 9.51795494e+08 -9.27739043e-01  3.79837080e-01 
 1.00826205e+09 -9.13190351e-01  3.97419787e-01 
 1.06807857e+09 -8.97259975e-01  4.15162576e-01 
 1.13144378e+09 -8.79880692e-01  4.32954362e-01 
 1.19856822e+09 -8.60995101e-01  4.50669462e-01 
 1.26967491e+09 -8.40558437e-01  4.68168114e-01 
 1.34500010e+09 -8.18541493e-01  4.85297554e-01 
 1.42479405e+09 -7.94933559e-01  5.01893715e-01 
 1.50932190e+09 -7.69745213e-01  5.17783599e-01 
 1.59886447e+09 -7.43010827e-01  5.32788360e-01 
 1.69371927e+09 -7.14790576e-01  5.46727044e-01 
 1.79420147e+09 -6.85171786e-01  5.59420942e-01 
 1.90064491e+09 -6.54269421e-01  5.70698398e-01 
 2.01340325e+09 -6.22225564e-01  5.80399898e-01 
 2.13285113e+09 -5.89207794e-01  5.88383181e-01 
 2.25938542e+09 -5.55406419e-01  5.94528101e-01 
 2.39342653e+09 -5.21030623e-01  5.98740948e-01 
 2.53541981e+09 -4.86303645e-01  6.00957934e-01 
 2.68583703e+09 -4.51457220e-01  6.01147619e-01 
 2.84517796e+09 -4.16725567e-01  5.99312091e-01 
 3.01397201e+09 -3.82339231e-01  5.95486810e-01 
 3.19277999e+09 -3.48519150e-01  5.89739145e-01 
 3.38219600e+09 -3.15471234e-01  5.82165688e-01 
 3.58284937e+09 -2.83381756e-01  5.72888552e-01 
 3.79540678e+09 -2.52413732e-01  5.62050895e-01 
 4.02057444e+09 -2.22704433e-01  5.49811974e-01 
 4.25910048e+09 -1.94364030e-01  5.36342004e-01 
 4.51177740e+09 -1.67475347e-01  5.21817120e-01 
 4.77944472e+09 -1.42094590e-01  5.06414662e-01 
 5.06299177e+09 -1.18252899e-01  4.90308977e-01 
 5.36336063e+09 -9.59585301e-02  4.73667850e-01 
 5.68154929e+09 -7.51994724e-02  4.56649645e-01 
 6.01861492e+09 -5.59463180e-02  4.39401147e-01 
 6.37567742e+09 -3.81552154e-02  4.22056091e-01 
 6.75392314e+09 -2.17707706e-02  4.04734316e-01 
 7.15460881e+09 -6.72879138e-03  3.87541440e-01 
 7.57906569e+09  7.04120312e-03  3.70569003e-01 
 8.02870406e+09  1.96137517e-02  3.53894939e-01 
 8.50501783e+09  3.10655237e-02  3.37584326e-01 
 9.00958956e+09  4.14736981e-02  3.21690314e-01 
 9.54409570e+09  5.09146369e-02  3.06255158e-01 
 1.01103121e+10  5.94628333e-02  2.91311316e-01 
 1.07101201e+10  6.71901063e-02  2.76882545e-01 
 1.13455126e+10  7.41650109e-02  2.62984981e-01 
 1.20186005e+10  8.04524339e-02  2.49628160e-01 
 1.27316203e+10  8.61133437e-02  2.36815971e-01 
 1.34869410e+10  9.12046673e-02  2.24547537e-01 
 1.42870721e+10  9.57792666e-02  2.12818004e-01 
 1.51346720e+10  9.98859956e-02  2.01619250e-01 
 1.60325570e+10  1.03569815e-01  1.90940511e-01 
 1.69837102e+10  1.06871950e-01  1.80768931e-01 
 1.79912919e+10  1.09830081e-01  1.71090035e-01 
 1.90586497e+10  1.12478547e-01  1.61888133e-01 
 2.01893300e+10  1.14848567e-01  1.53146675e-01 
 2.13870894e+10  1.16968456e-01  1.44848539e-01 
 2.26559075e+10  1.18863851e-01  1.36976279e-01 
 2.40000000e+10  1.20557917e-01  1.29512327e-01 
