 0.00000000e+00  0.00000000e+00 
 2.00000000e-11  1.52688868e-03 
 4.00000000e-11  2.68684080e-03 
 6.00000000e-11  3.54895312e-03 
 8.00000000e-11  4.12530066e-03 
 1.00000000e-10  4.44377156e-03 
 1.20000000e-10  4.52986016e-03 
 1.40000000e-10  4.40673772e-03 
 1.60000000e-10  4.09558973e-03 
 1.80000000e-10  3.61566352e-03 
 2.00000000e-10  2.98455975e-03 
 2.20000000e-10  2.21825954e-03 
 2.40000000e-10  1.33137904e-03 
 2.60000000e-10  3.37179260e-04 
 2.80000000e-10 -7.52209667e-04 
 3.00000000e-10 -1.92579288e-03 
 3.20000000e-10 -3.17351190e-03 
 3.40000000e-10 -4.48626035e-03 
 3.60000000e-10 -5.85570654e-03 
 3.80000000e-10 -7.27431811e-03 
 4.00000000e-10 -8.73520289e-03 
 4.20000000e-10 -1.02321405e-02 
 4.40000000e-10 -1.17594387e-02 
 4.60000000e-10 -1.33119707e-02 
 4.80000000e-10 -1.48850445e-02 
 5.00000000e-10 -1.64744442e-02 
 5.20000000e-10 -1.80763115e-02 
 5.40000000e-10 -1.96871892e-02 
 5.60000000e-10 -2.13039132e-02 
 5.80000000e-10 -2.29236580e-02 
 6.00000000e-10 -2.45438374e-02 
 6.20000000e-10 -2.61621512e-02 
 6.40000000e-10 -2.77764939e-02 
 6.60000000e-10 -2.93850019e-02 
 6.80000000e-10 -3.09859691e-02 
 7.00000000e-10 -3.25778941e-02 
 7.20000000e-10 -3.41594025e-02 
 7.40000000e-10 -3.57292931e-02 
 7.60000000e-10 -3.72864662e-02 
 7.80000000e-10 -3.88299690e-02 
 8.00000000e-10 -4.03589292e-02 
 8.20000000e-10 -4.18725992e-02 
 8.40000000e-10 -4.33702942e-02 
 8.60000000e-10 -4.48514356e-02 
 8.80000000e-10 -4.63154933e-02 
 9.00000000e-10 -4.77620274e-02 
 9.20000000e-10 -4.91906347e-02 
 9.40000000e-10 -5.06009890e-02 
 9.60000000e-10 -5.19927911e-02 
 9.80000000e-10 -5.33658074e-02 
 1.00000000e-09 -5.47198234e-02 
 1.02000000e-09 -5.60546808e-02 
 1.04000000e-09 -5.73702338e-02 
 1.06000000e-09 -5.86663848e-02 
 1.08000000e-09 -5.99430435e-02 
 1.10000000e-09 -6.12001613e-02 
 1.12000000e-09 -6.24376919e-02 
 1.14000000e-09 -6.36556255e-02 
 1.16000000e-09 -6.48539515e-02 
 1.18000000e-09 -6.60326903e-02 
 1.20000000e-09 -6.71918591e-02 
 1.22000000e-09 -6.83315021e-02 
 1.24000000e-09 -6.94516580e-02 
 1.26000000e-09 -7.05523892e-02 
 1.28000000e-09 -7.16337507e-02 
 1.30000000e-09 -7.26958184e-02 
 1.32000000e-09 -7.37386598e-02 
 1.34000000e-09 -7.47623603e-02 
 1.36000000e-09 -7.57669961e-02 
 1.38000000e-09 -7.67526597e-02 
 1.40000000e-09 -7.77194332e-02 
 1.42000000e-09 -7.86674131e-02 
 1.44000000e-09 -7.95966855e-02 
 1.46000000e-09 -8.05073490e-02 
 1.48000000e-09 -8.13994915e-02 
 1.50000000e-09 -8.22732125e-02 
 1.52000000e-09 -8.31286004e-02 
 1.54000000e-09 -8.39657538e-02 
 1.56000000e-09 -8.47847605e-02 
 1.58000000e-09 -8.55857174e-02 
 1.60000000e-09 -8.63687108e-02 
 1.62000000e-09 -8.71338352e-02 
 1.64000000e-09 -8.78811744e-02 
 1.66000000e-09 -8.86108200e-02 
 1.68000000e-09 -8.93228529e-02 
 1.70000000e-09 -9.00173611e-02 
 1.72000000e-09 -9.06944225e-02 
 1.74000000e-09 -9.13541210e-02 
 1.76000000e-09 -9.19965310e-02 
 1.78000000e-09 -9.26217324e-02 
 1.80000000e-09 -9.32297957e-02 
 1.82000000e-09 -9.38207967e-02 
 1.84000000e-09 -9.43948019e-02 
 1.86000000e-09 -9.49518828e-02 
 1.88000000e-09 -9.54921018e-02 
 1.90000000e-09 -9.60155262e-02 
 1.92000000e-09 -9.65222143e-02 
 1.94000000e-09 -9.70122288e-02 
 1.96000000e-09 -9.74856243e-02 
 1.98000000e-09 -9.79424591e-02 
 2.00000000e-09 -9.83827836e-02 
 2.02000000e-09 -9.88066519e-02 
 2.04000000e-09 -9.92141104e-02 
 2.06000000e-09 -9.96052092e-02 
 2.08000000e-09 -9.99799907e-02 
 2.10000000e-09 -1.00338501e-01 
 2.12000000e-09 -1.00680778e-01 
 2.14000000e-09 -1.01006865e-01 
 2.16000000e-09 -1.01316795e-01 
 2.18000000e-09 -1.01610608e-01 
 2.20000000e-09 -1.01888335e-01 
 2.22000000e-09 -1.02150009e-01 
 2.24000000e-09 -1.02395659e-01 
 2.26000000e-09 -1.02625316e-01 
 2.28000000e-09 -1.02839004e-01 
 2.30000000e-09 -1.03036751e-01 
 2.32000000e-09 -1.03218578e-01 
 2.34000000e-09 -1.03384508e-01 
 2.36000000e-09 -1.03534562e-01 
 2.38000000e-09 -1.03668758e-01 
 2.40000000e-09 -1.03787114e-01 
 2.42000000e-09 -1.03889647e-01 
 2.44000000e-09 -1.03976370e-01 
 2.46000000e-09 -1.04047299e-01 
 2.48000000e-09 -1.04102443e-01 
 2.50000000e-09 -1.04141816e-01 
 2.52000000e-09 -1.04165427e-01 
 2.54000000e-09 -1.04173285e-01 
 2.56000000e-09 -1.04165397e-01 
 2.58000000e-09 -1.04141771e-01 
 2.60000000e-09 -1.04102412e-01 
 2.62000000e-09 -1.04047326e-01 
 2.64000000e-09 -1.03976517e-01 
 2.66000000e-09 -1.03889989e-01 
 2.68000000e-09 -1.03787744e-01 
 2.70000000e-09 -1.03669786e-01 
 2.72000000e-09 -1.03536115e-01 
 2.74000000e-09 -1.03386735e-01 
 2.76000000e-09 -1.03221645e-01 
 2.78000000e-09 -1.03040847e-01 
 2.80000000e-09 -1.02844342e-01 
 2.82000000e-09 -1.02632130e-01 
 2.84000000e-09 -1.02404211e-01 
 2.86000000e-09 -1.02160586e-01 
 2.88000000e-09 -1.01901257e-01 
 2.90000000e-09 -1.01626224e-01 
 2.92000000e-09 -1.01335488e-01 
 2.94000000e-09 -1.01029051e-01 
 2.96000000e-09 -1.00706916e-01 
 2.98000000e-09 -1.00369086e-01 
 3.00000000e-09 -1.00015564e-01 
 3.02000000e-09 -9.96463552e-02 
 3.04000000e-09 -9.92614642e-02 
 3.06000000e-09 -9.88608984e-02 
 3.08000000e-09 -9.84446647e-02 
 3.10000000e-09 -9.80127726e-02 
 3.12000000e-09 -9.75652319e-02 
 3.14000000e-09 -9.71020549e-02 
 3.16000000e-09 -9.66232544e-02 
 3.18000000e-09 -9.61288459e-02 
 3.20000000e-09 -9.56188459e-02 
 3.22000000e-09 -9.50932738e-02 
 3.24000000e-09 -9.45521498e-02 
 3.26000000e-09 -9.39954976e-02 
 3.28000000e-09 -9.34233419e-02 
 3.30000000e-09 -9.28357112e-02 
 3.32000000e-09 -9.22326352e-02 
 3.34000000e-09 -9.16141473e-02 
 3.36000000e-09 -9.09802827e-02 
 3.38000000e-09 -9.03310806e-02 
 3.40000000e-09 -8.96665820e-02 
 3.42000000e-09 -8.89868320e-02 
 3.44000000e-09 -8.82918782e-02 
 3.46000000e-09 -8.75817723e-02 
 3.48000000e-09 -8.68565684e-02 
 3.50000000e-09 -8.61163253e-02 
 3.52000000e-09 -8.53611045e-02 
 3.54000000e-09 -8.45909721e-02 
 3.56000000e-09 -8.38059971e-02 
 3.58000000e-09 -8.30062535e-02 
 3.60000000e-09 -8.21918185e-02 
 3.62000000e-09 -8.13627741e-02 
 3.64000000e-09 -8.05192060e-02 
 3.66000000e-09 -7.96612046e-02 
 3.68000000e-09 -7.87888645e-02 
 3.70000000e-09 -7.79022851e-02 
 3.72000000e-09 -7.70015697e-02 
 3.74000000e-09 -7.60868269e-02 
 3.76000000e-09 -7.51581695e-02 
 3.78000000e-09 -7.42157155e-02 
 3.80000000e-09 -7.32595871e-02 
 3.82000000e-09 -7.22899119e-02 
 3.84000000e-09 -7.13068220e-02 
 3.86000000e-09 -7.03104546e-02 
 3.88000000e-09 -6.93009515e-02 
 3.90000000e-09 -6.82784601e-02 
 3.92000000e-09 -6.72431321e-02 
 3.94000000e-09 -6.61951247e-02 
 3.96000000e-09 -6.51345996e-02 
 3.98000000e-09 -6.40617239e-02 
 4.00000000e-09 -6.29766694e-02 
 4.02000000e-09 -6.18796131e-02 
 4.04000000e-09 -6.07707366e-02 
 4.06000000e-09 -5.96502268e-02 
 4.08000000e-09 -5.85182750e-02 
 4.10000000e-09 -5.73750777e-02 
 4.12000000e-09 -5.62208359e-02 
 4.14000000e-09 -5.50557557e-02 
 4.16000000e-09 -5.38800473e-02 
 4.18000000e-09 -5.26939259e-02 
 4.20000000e-09 -5.14976109e-02 
 4.22000000e-09 -5.02913265e-02 
 4.24000000e-09 -4.90753007e-02 
 4.26000000e-09 -4.78497662e-02 
 4.28000000e-09 -4.66149595e-02 
 4.30000000e-09 -4.53711214e-02 
 4.32000000e-09 -4.41184962e-02 
 4.34000000e-09 -4.28573325e-02 
 4.36000000e-09 -4.15878822e-02 
 4.38000000e-09 -4.03104008e-02 
 4.40000000e-09 -3.90251471e-02 
 4.42000000e-09 -3.77323836e-02 
 4.44000000e-09 -3.64323753e-02 
 4.46000000e-09 -3.51253907e-02 
 4.48000000e-09 -3.38117007e-02 
 4.50000000e-09 -3.24915792e-02 
 4.52000000e-09 -3.11653025e-02 
 4.54000000e-09 -2.98331492e-02 
 4.56000000e-09 -2.84954000e-02 
 4.58000000e-09 -2.71523381e-02 
 4.60000000e-09 -2.58042479e-02 
 4.62000000e-09 -2.44514160e-02 
 4.64000000e-09 -2.30941304e-02 
 4.66000000e-09 -2.17326803e-02 
 4.68000000e-09 -2.03673562e-02 
 4.70000000e-09 -1.89984497e-02 
 4.72000000e-09 -1.76262532e-02 
 4.74000000e-09 -1.62510597e-02 
 4.76000000e-09 -1.48731627e-02 
 4.78000000e-09 -1.34928562e-02 
 4.80000000e-09 -1.21104343e-02 
 4.82000000e-09 -1.07261910e-02 
 4.84000000e-09 -9.34042023e-03 
 4.86000000e-09 -7.95341561e-03 
 4.88000000e-09 -6.56547017e-03 
 4.90000000e-09 -5.17687645e-03 
 4.92000000e-09 -3.78792601e-03 
 4.94000000e-09 -2.39890962e-03 
 4.96000000e-09 -1.01011680e-03 
 4.98000000e-09  3.78164092e-04 
 5.00000000e-09  1.76564618e-03 
 5.02000000e-09  3.15204404e-03 
 5.04000000e-09  4.53707403e-03 
 5.06000000e-09  5.92045425e-03 
 5.08000000e-09  7.30190483e-03 
 5.10000000e-09  8.68114786e-03 
 5.12000000e-09  1.00579078e-02 
 5.14000000e-09  1.14319112e-02 
 5.16000000e-09  1.28028872e-02 
 5.18000000e-09  1.41705675e-02 
 5.20000000e-09  1.55346864e-02 
 5.22000000e-09  1.68949809e-02 
 5.24000000e-09  1.82511909e-02 
 5.26000000e-09  1.96030592e-02 
 5.28000000e-09  2.09503318e-02 
 5.30000000e-09  2.22927574e-02 
 5.32000000e-09  2.36300884e-02 
 5.34000000e-09  2.49620801e-02 
 5.36000000e-09  2.62884913e-02 
 5.38000000e-09  2.76090840e-02 
 5.40000000e-09  2.89236239e-02 
 5.42000000e-09  3.02318801e-02 
 5.44000000e-09  3.15336252e-02 
 5.46000000e-09  3.28286356e-02 
 5.48000000e-09  3.41166910e-02 
 5.50000000e-09  3.53975752e-02 
 5.52000000e-09  3.66710755e-02 
 5.54000000e-09  3.79369829e-02 
 5.56000000e-09  3.91950923e-02 
 5.58000000e-09  4.04452024e-02 
 5.60000000e-09  4.16871157e-02 
 5.62000000e-09  4.29206384e-02 
 5.64000000e-09  4.41455808e-02 
 5.66000000e-09  4.53617567e-02 
 5.68000000e-09  4.65689841e-02 
 5.70000000e-09  4.77670846e-02 
 5.72000000e-09  4.89558839e-02 
 5.74000000e-09  5.01352111e-02 
 5.76000000e-09  5.13048996e-02 
 5.78000000e-09  5.24647864e-02 
 5.80000000e-09  5.36147122e-02 
 5.82000000e-09  5.47545215e-02 
 5.84000000e-09  5.58840629e-02 
 5.86000000e-09  5.70031881e-02 
 5.88000000e-09  5.81117531e-02 
 5.90000000e-09  5.92096171e-02 
 5.92000000e-09  6.02966433e-02 
 5.94000000e-09  6.13726981e-02 
 5.96000000e-09  6.24376519e-02 
 5.98000000e-09  6.34913782e-02 
 6.00000000e-09  6.45337543e-02 
 6.02000000e-09  6.55646607e-02 
 6.04000000e-09  6.65839814e-02 
 6.06000000e-09  6.75916037e-02 
 6.08000000e-09  6.85874181e-02 
 6.10000000e-09  6.95713184e-02 
 6.12000000e-09  7.05432017e-02 
 6.14000000e-09  7.15029681e-02 
 6.16000000e-09  7.24505206e-02 
 6.18000000e-09  7.33857656e-02 
 6.20000000e-09  7.43086121e-02 
 6.22000000e-09  7.52189722e-02 
 6.24000000e-09  7.61167607e-02 
 6.26000000e-09  7.70018952e-02 
 6.28000000e-09  7.78742961e-02 
 6.30000000e-09  7.87338864e-02 
 6.32000000e-09  7.95805916e-02 
 6.34000000e-09  8.04143398e-02 
 6.36000000e-09  8.12350615e-02 
 6.38000000e-09  8.20426897e-02 
 6.40000000e-09  8.28371596e-02 
 6.42000000e-09  8.36184086e-02 
 6.44000000e-09  8.43863765e-02 
 6.46000000e-09  8.51410051e-02 
 6.48000000e-09  8.58822383e-02 
 6.50000000e-09  8.66100218e-02 
 6.52000000e-09  8.73243035e-02 
 6.54000000e-09  8.80250331e-02 
 6.56000000e-09  8.87121618e-02 
 6.58000000e-09  8.93856430e-02 
 6.60000000e-09  9.00454315e-02 
 6.62000000e-09  9.06914836e-02 
 6.64000000e-09  9.13237573e-02 
 6.66000000e-09  9.19422120e-02 
 6.68000000e-09  9.25468085e-02 
 6.70000000e-09  9.31375091e-02 
 6.72000000e-09  9.37142770e-02 
 6.74000000e-09  9.42770771e-02 
 6.76000000e-09  9.48258752e-02 
 6.78000000e-09  9.53606380e-02 
 6.80000000e-09  9.58813336e-02 
 6.82000000e-09  9.63879310e-02 
 6.84000000e-09  9.68804000e-02 
 6.86000000e-09  9.73587112e-02 
 6.88000000e-09  9.78228363e-02 
 6.90000000e-09  9.82727476e-02 
 6.92000000e-09  9.87084181e-02 
 6.94000000e-09  9.91298214e-02 
 6.96000000e-09  9.95369318e-02 
 6.98000000e-09  9.99297242e-02 
 7.00000000e-09  1.00308174e-01 
 7.02000000e-09  1.00672257e-01 
 7.04000000e-09  1.01021949e-01 
 7.06000000e-09  1.01357228e-01 
 7.08000000e-09  1.01678069e-01 
 7.10000000e-09  1.01984451e-01 
 7.12000000e-09  1.02276351e-01 
 7.14000000e-09  1.02553747e-01 
 7.16000000e-09  1.02816616e-01 
 7.18000000e-09  1.03064937e-01 
 7.20000000e-09  1.03298689e-01 
 7.22000000e-09  1.03517850e-01 
 7.24000000e-09  1.03722398e-01 
 7.26000000e-09  1.03912312e-01 
 7.28000000e-09  1.04087571e-01 
 7.30000000e-09  1.04248154e-01 
 7.32000000e-09  1.04394039e-01 
 7.34000000e-09  1.04525206e-01 
 7.36000000e-09  1.04641632e-01 
 7.38000000e-09  1.04743297e-01 
 7.40000000e-09  1.04830180e-01 
 7.42000000e-09  1.04902259e-01 
 7.44000000e-09  1.04959514e-01 
 7.46000000e-09  1.05001923e-01 
 7.48000000e-09  1.05029465e-01 
 7.50000000e-09  1.05042119e-01 
 7.52000000e-09  1.05039863e-01 
 7.54000000e-09  1.05022678e-01 
 7.56000000e-09  1.04990540e-01 
 7.58000000e-09  1.04943431e-01 
 7.60000000e-09  1.04881328e-01 
 7.62000000e-09  1.04804212e-01 
 7.64000000e-09  1.04712061e-01 
 7.66000000e-09  1.04604855e-01 
 7.68000000e-09  1.04482575e-01 
 7.70000000e-09  1.04345200e-01 
 7.72000000e-09  1.04192710e-01 
 7.74000000e-09  1.04025088e-01 
 7.76000000e-09  1.03842313e-01 
 7.78000000e-09  1.03644368e-01 
 7.80000000e-09  1.03431235e-01 
 7.82000000e-09  1.03202897e-01 
 7.84000000e-09  1.02959336e-01 
 7.86000000e-09  1.02700538e-01 
 7.88000000e-09  1.02426486e-01 
 7.90000000e-09  1.02137168e-01 
 7.92000000e-09  1.01832569e-01 
 7.94000000e-09  1.01512676e-01 
 7.96000000e-09  1.01177479e-01 
 7.98000000e-09  1.00826967e-01 
 8.00000000e-09  1.00461131e-01 
 8.02000000e-09  1.00079964e-01 
 8.04000000e-09  9.96834588e-02 
 8.06000000e-09  9.92716106e-02 
 8.08000000e-09  9.88444162e-02 
 8.10000000e-09  9.84018740e-02 
 8.12000000e-09  9.79439840e-02 
 8.14000000e-09  9.74707481e-02 
 8.16000000e-09  9.69821704e-02 
 8.18000000e-09  9.64782566e-02 
 8.20000000e-09  9.59590150e-02 
 8.22000000e-09  9.54244559e-02 
 8.24000000e-09  9.48745921e-02 
 8.26000000e-09  9.43094388e-02 
 8.28000000e-09  9.37290137e-02 
 8.30000000e-09  9.31333373e-02 
 8.32000000e-09  9.25224330e-02 
 8.34000000e-09  9.18963269e-02 
 8.36000000e-09  9.12550481e-02 
 8.38000000e-09  9.05986290e-02 
 8.40000000e-09  8.99271051e-02 
 8.42000000e-09  8.92405152e-02 
 8.44000000e-09  8.85389017e-02 
 8.46000000e-09  8.78223104e-02 
 8.48000000e-09  8.70907907e-02 
 8.50000000e-09  8.63443958e-02 
 8.52000000e-09  8.55831828e-02 
 8.54000000e-09  8.48072127e-02 
 8.56000000e-09  8.40165505e-02 
 8.58000000e-09  8.32112654e-02 
 8.60000000e-09  8.23914306e-02 
 8.62000000e-09  8.15571240e-02 
 8.64000000e-09  8.07084275e-02 
 8.66000000e-09  7.98454275e-02 
 8.68000000e-09  7.89682153e-02 
 8.70000000e-09  7.80768863e-02 
 8.72000000e-09  7.71715410e-02 
 8.74000000e-09  7.62522843e-02 
 8.76000000e-09  7.53192262e-02 
 8.78000000e-09  7.43724812e-02 
 8.80000000e-09  7.34121690e-02 
 8.82000000e-09  7.24384141e-02 
 8.84000000e-09  7.14513460e-02 
 8.86000000e-09  7.04510991e-02 
 8.88000000e-09  6.94378129e-02 
 8.90000000e-09  6.84116321e-02 
 8.92000000e-09  6.73727061e-02 
 8.94000000e-09  6.63211896e-02 
 8.96000000e-09  6.52572423e-02 
 8.98000000e-09  6.41810291e-02 
 9.00000000e-09  6.30927197e-02 
 9.02000000e-09  6.19924889e-02 
 9.04000000e-09  6.08805166e-02 
 9.06000000e-09  5.97569875e-02 
 9.08000000e-09  5.86220914e-02 
 9.10000000e-09  5.74760227e-02 
 9.12000000e-09  5.63189810e-02 
 9.14000000e-09  5.51511703e-02 
 9.16000000e-09  5.39727994e-02 
 9.18000000e-09  5.27840819e-02 
 9.20000000e-09  5.15852358e-02 
 9.22000000e-09  5.03764834e-02 
 9.24000000e-09  4.91580516e-02 
 9.26000000e-09  4.79301716e-02 
 9.28000000e-09  4.66930785e-02 
 9.30000000e-09  4.54470117e-02 
 9.32000000e-09  4.41922144e-02 
 9.34000000e-09  4.29289336e-02 
 9.36000000e-09  4.16574202e-02 
 9.38000000e-09  4.03779283e-02 
 9.40000000e-09  3.90907159e-02 
 9.42000000e-09  3.77960438e-02 
 9.44000000e-09  3.64941763e-02 
 9.46000000e-09  3.51853806e-02 
 9.48000000e-09  3.38699266e-02 
 9.50000000e-09  3.25480872e-02 
 9.52000000e-09  3.12201375e-02 
 9.54000000e-09  2.98863552e-02 
 9.56000000e-09  2.85470201e-02 
 9.58000000e-09  2.72024143e-02 
 9.60000000e-09  2.58528213e-02 
 9.62000000e-09  2.44985268e-02 
 9.64000000e-09  2.31398178e-02 
 9.66000000e-09  2.17769828e-02 
 9.68000000e-09  2.04103113e-02 
 9.70000000e-09  1.90400940e-02 
 9.72000000e-09  1.76666226e-02 
 9.74000000e-09  1.62901892e-02 
 9.76000000e-09  1.49110865e-02 
 9.78000000e-09  1.35296077e-02 
 9.80000000e-09  1.21460462e-02 
 9.82000000e-09  1.07606951e-02 
 9.84000000e-09  9.37384768e-03 
 9.86000000e-09  7.98579679e-03 
 9.88000000e-09  6.59683481e-03 
 9.90000000e-09  5.20725348e-03 
 9.92000000e-09  3.81734374e-03 
 9.94000000e-09  2.42739562e-03 
 9.96000000e-09  1.03769802e-03 
 9.98000000e-09 -3.51461401e-04 
 1.00000000e-08 -1.73979636e-03 
 1.00200000e-08 -3.12702213e-03 
 1.00400000e-08 -4.51285565e-03 
 1.00600000e-08 -5.89701564e-03 
 1.00800000e-08 -7.27922280e-03 
 1.01000000e-08 -8.65919987e-03 
 1.01200000e-08 -1.00366718e-02 
 1.01400000e-08 -1.14113658e-02 
 1.01600000e-08 -1.27830115e-02 
 1.01800000e-08 -1.41513412e-02 
 1.02000000e-08 -1.55160896e-02 
 1.02200000e-08 -1.68769944e-02 
 1.02400000e-08 -1.82337959e-02 
 1.02600000e-08 -1.95862375e-02 
 1.02800000e-08 -2.09340655e-02 
 1.03000000e-08 -2.22770293e-02 
 1.03200000e-08 -2.36148817e-02 
 1.03400000e-08 -2.49473784e-02 
 1.03600000e-08 -2.62742786e-02 
 1.03800000e-08 -2.75953450e-02 
 1.04000000e-08 -2.89103435e-02 
 1.04200000e-08 -3.02190436e-02 
 1.04400000e-08 -3.15212186e-02 
 1.04600000e-08 -3.28166449e-02 
 1.04800000e-08 -3.41051030e-02 
 1.05000000e-08 -3.53863768e-02 
 1.05200000e-08 -3.66602540e-02 
 1.05400000e-08 -3.79265262e-02 
 1.05600000e-08 -3.91849885e-02 
 1.05800000e-08 -4.04354399e-02 
 1.06000000e-08 -4.16776832e-02 
 1.06200000e-08 -4.29115252e-02 
 1.06400000e-08 -4.41367762e-02 
 1.06600000e-08 -4.53532506e-02 
 1.06800000e-08 -4.65607666e-02 
 1.07000000e-08 -4.77591461e-02 
 1.07200000e-08 -4.89482150e-02 
 1.07400000e-08 -5.01278029e-02 
 1.07600000e-08 -5.12977433e-02 
 1.07800000e-08 -5.24578735e-02 
 1.08000000e-08 -5.36080345e-02 
 1.08200000e-08 -5.47480712e-02 
 1.08400000e-08 -5.58778321e-02 
 1.08600000e-08 -5.69971695e-02 
 1.08800000e-08 -5.81059394e-02 
 1.09000000e-08 -5.92040015e-02 
 1.09200000e-08 -6.02912188e-02 
 1.09400000e-08 -6.13674584e-02 
 1.09600000e-08 -6.24325906e-02 
 1.09800000e-08 -6.34864892e-02 
 1.10000000e-08 -6.45290316e-02 
 1.10200000e-08 -6.55600987e-02 
 1.10400000e-08 -6.65795744e-02 
 1.10600000e-08 -6.75873465e-02 
 1.10800000e-08 -6.85833055e-02 
 1.11000000e-08 -6.95673454e-02 
 1.11200000e-08 -7.05393635e-02 
 1.11400000e-08 -7.14992600e-02 
 1.11600000e-08 -7.24469381e-02 
 1.11800000e-08 -7.33823044e-02 
 1.12000000e-08 -7.43052679e-02 
 1.12200000e-08 -7.52157409e-02 
 1.12400000e-08 -7.61136385e-02 
 1.12600000e-08 -7.69988783e-02 
 1.12800000e-08 -7.78713808e-02 
 1.13000000e-08 -7.87310691e-02 
 1.13200000e-08 -7.95778689e-02 
 1.13400000e-08 -8.04117085e-02 
 1.13600000e-08 -8.12325184e-02 
 1.13800000e-08 -8.20402316e-02 
 1.14000000e-08 -8.28347836e-02 
 1.14200000e-08 -8.36161119e-02 
 1.14400000e-08 -8.43841564e-02 
 1.14600000e-08 -8.51388588e-02 
 1.14800000e-08 -8.58801632e-02 
 1.15000000e-08 -8.66080155e-02 
 1.15200000e-08 -8.73223636e-02 
 1.15400000e-08 -8.80231572e-02 
 1.15600000e-08 -8.87103478e-02 
 1.15800000e-08 -8.93838887e-02 
 1.16000000e-08 -9.00437348e-02 
 1.16200000e-08 -9.06898425e-02 
 1.16400000e-08 -9.13221698e-02 
 1.16600000e-08 -9.19406764e-02 
 1.16800000e-08 -9.25453229e-02 
 1.17000000e-08 -9.31360718e-02 
 1.17200000e-08 -9.37128864e-02 
 1.17400000e-08 -9.42757315e-02 
 1.17600000e-08 -9.48245729e-02 
 1.17800000e-08 -9.53593777e-02 
 1.18000000e-08 -9.58801139e-02 
 1.18200000e-08 -9.63867504e-02 
 1.18400000e-08 -9.68792571e-02 
 1.18600000e-08 -9.73576048e-02 
 1.18800000e-08 -9.78217652e-02 
 1.19000000e-08 -9.82717105e-02 
 1.19200000e-08 -9.87074138e-02 
 1.19400000e-08 -9.91288488e-02 
 1.19600000e-08 -9.95359899e-02 
 1.19800000e-08 -9.99288120e-02 
 1.20000000e-08 -1.00307290e-01 
 1.20200000e-08 -1.00671401e-01 
 1.20400000e-08 -1.01021120e-01 
 1.20600000e-08 -1.01356424e-01 
 1.20800000e-08 -1.01677291e-01 
 1.21000000e-08 -1.01983697e-01 
 1.21200000e-08 -1.02275620e-01 
 1.21400000e-08 -1.02553038e-01 
 1.21600000e-08 -1.02815929e-01 
 1.21800000e-08 -1.03064272e-01 
 1.22000000e-08 -1.03298044e-01 
 1.22200000e-08 -1.03517224e-01 
 1.22400000e-08 -1.03721791e-01 
 1.22600000e-08 -1.03911724e-01 
 1.22800000e-08 -1.04087001e-01 
 1.23000000e-08 -1.04247601e-01 
 1.23200000e-08 -1.04393502e-01 
 1.23400000e-08 -1.04524685e-01 
 1.23600000e-08 -1.04641127e-01 
 1.23800000e-08 -1.04742807e-01 
 1.24000000e-08 -1.04829704e-01 
 1.24200000e-08 -1.04901798e-01 
 1.24400000e-08 -1.04959066e-01 
 1.24600000e-08 -1.05001488e-01 
 1.24800000e-08 -1.05029043e-01 
 1.25000000e-08 -1.05041709e-01 
 1.25200000e-08 -1.05039466e-01 
 1.25400000e-08 -1.05022292e-01 
 1.25600000e-08 -1.04990166e-01 
 1.25800000e-08 -1.04943067e-01 
 1.26000000e-08 -1.04880975e-01 
 1.26200000e-08 -1.04803868e-01 
 1.26400000e-08 -1.04711727e-01 
 1.26600000e-08 -1.04604531e-01 
 1.26800000e-08 -1.04482260e-01 
 1.27000000e-08 -1.04344894e-01 
 1.27200000e-08 -1.04192414e-01 
 1.27400000e-08 -1.04024799e-01 
 1.27600000e-08 -1.03842033e-01 
 1.27800000e-08 -1.03644096e-01 
 1.28000000e-08 -1.03430971e-01 
 1.28200000e-08 -1.03202640e-01 
 1.28400000e-08 -1.02959086e-01 
 1.28600000e-08 -1.02700295e-01 
 1.28800000e-08 -1.02426251e-01 
 1.29000000e-08 -1.02136939e-01 
 1.29200000e-08 -1.01832346e-01 
 1.29400000e-08 -1.01512459e-01 
 1.29600000e-08 -1.01177268e-01 
 1.29800000e-08 -1.00826762e-01 
 1.30000000e-08 -1.00460932e-01 
 1.30200000e-08 -1.00079771e-01 
 1.30400000e-08 -9.96832706e-02 
 1.30600000e-08 -9.92714277e-02 
 1.30800000e-08 -9.88442383e-02 
 1.31000000e-08 -9.84017010e-02 
 1.31200000e-08 -9.79438158e-02 
 1.31400000e-08 -9.74705846e-02 
 1.31600000e-08 -9.69820113e-02 
 1.31800000e-08 -9.64781019e-02 
 1.32000000e-08 -9.59588646e-02 
 1.32200000e-08 -9.54243097e-02 
 1.32400000e-08 -9.48744499e-02 
 1.32600000e-08 -9.43093004e-02 
 1.32800000e-08 -9.37288791e-02 
 1.33000000e-08 -9.31332065e-02 
 1.33200000e-08 -9.25223057e-02 
 1.33400000e-08 -9.18962031e-02 
 1.33600000e-08 -9.12549277e-02 
 1.33800000e-08 -9.05985119e-02 
 1.34000000e-08 -8.99269912e-02 
 1.34200000e-08 -8.92404045e-02 
 1.34400000e-08 -8.85387940e-02 
 1.34600000e-08 -8.78222057e-02 
 1.34800000e-08 -8.70906888e-02 
 1.35000000e-08 -8.63442967e-02 
 1.35200000e-08 -8.55830865e-02 
 1.35400000e-08 -8.48071190e-02 
 1.35600000e-08 -8.40164594e-02 
 1.35800000e-08 -8.32111768e-02 
 1.36000000e-08 -8.23913445e-02 
 1.36200000e-08 -8.15570403e-02 
 1.36400000e-08 -8.07083460e-02 
 1.36600000e-08 -7.98453484e-02 
 1.36800000e-08 -7.89681383e-02 
 1.37000000e-08 -7.80768115e-02 
 1.37200000e-08 -7.71714683e-02 
 1.37400000e-08 -7.62522136e-02 
 1.37600000e-08 -7.53191575e-02 
 1.37800000e-08 -7.43724144e-02 
 1.38000000e-08 -7.34121041e-02 
 1.38200000e-08 -7.24383511e-02 
 1.38400000e-08 -7.14512847e-02 
 1.38600000e-08 -7.04510395e-02 
 1.38800000e-08 -6.94377551e-02 
 1.39000000e-08 -6.84115758e-02 
 1.39200000e-08 -6.73726514e-02 
 1.39400000e-08 -6.63211365e-02 
 1.39600000e-08 -6.52571908e-02 
 1.39800000e-08 -6.41809790e-02 
 1.40000000e-08 -6.30926710e-02 
 1.40200000e-08 -6.19924417e-02 
 1.40400000e-08 -6.08804707e-02 
 1.40600000e-08 -5.97569430e-02 
 1.40800000e-08 -5.86220481e-02 
 1.41000000e-08 -5.74759807e-02 
 1.41200000e-08 -5.63189402e-02 
 1.41400000e-08 -5.51511307e-02 
 1.41600000e-08 -5.39727610e-02 
 1.41800000e-08 -5.27840446e-02 
 1.42000000e-08 -5.15851996e-02 
 1.42200000e-08 -5.03764483e-02 
 1.42400000e-08 -4.91580176e-02 
 1.42600000e-08 -4.79301386e-02 
 1.42800000e-08 -4.66930465e-02 
 1.43000000e-08 -4.54469806e-02 
 1.43200000e-08 -4.41921842e-02 
 1.43400000e-08 -4.29289044e-02 
 1.43600000e-08 -4.16573918e-02 
 1.43800000e-08 -4.03779008e-02 
 1.44000000e-08 -3.90906892e-02 
 1.44200000e-08 -3.77960179e-02 
 1.44400000e-08 -3.64941512e-02 
 1.44600000e-08 -3.51853563e-02 
 1.44800000e-08 -3.38699031e-02 
 1.45000000e-08 -3.25480644e-02 
 1.45200000e-08 -3.12201154e-02 
 1.45400000e-08 -2.98863338e-02 
 1.45600000e-08 -2.85469994e-02 
 1.45800000e-08 -2.72023942e-02 
 1.46000000e-08 -2.58528019e-02 
 1.46200000e-08 -2.44985080e-02 
 1.46400000e-08 -2.31397996e-02 
 1.46600000e-08 -2.17769651e-02 
 1.46800000e-08 -2.04102942e-02 
 1.47000000e-08 -1.90400775e-02 
 1.47200000e-08 -1.76666066e-02 
 1.47400000e-08 -1.62901737e-02 
 1.47600000e-08 -1.49110715e-02 
 1.47800000e-08 -1.35295932e-02 
 1.48000000e-08 -1.21460321e-02 
 1.48200000e-08 -1.07606815e-02 
 1.48400000e-08 -9.37383454e-03 
 1.48600000e-08 -7.98578409e-03 
 1.48800000e-08 -6.59682252e-03 
 1.49000000e-08 -5.20724159e-03 
 1.49200000e-08 -3.81733225e-03 
 1.49400000e-08 -2.42738451e-03 
 1.49600000e-08 -1.03768728e-03 
 1.49800000e-08  3.51471785e-04 
 1.50000000e-08  1.73980640e-03 
 1.50200000e-08  3.12703184e-03 
 1.50400000e-08  4.51286502e-03 
 1.50600000e-08  5.89702470e-03 
 1.50800000e-08  7.27923155e-03 
 1.51000000e-08  8.65920833e-03 
 1.51200000e-08  1.00366799e-02 
 1.51400000e-08  1.14113737e-02 
 1.51600000e-08  1.27830191e-02 
 1.51800000e-08  1.41513485e-02 
 1.52000000e-08  1.55160967e-02 
 1.52200000e-08  1.68770013e-02 
 1.52400000e-08  1.82338025e-02 
 1.52600000e-08  1.95862439e-02 
 1.52800000e-08  2.09340717e-02 
 1.53000000e-08  2.22770353e-02 
 1.53200000e-08  2.36148874e-02 
 1.53400000e-08  2.49473839e-02 
 1.53600000e-08  2.62742840e-02 
 1.53800000e-08  2.75953502e-02 
 1.54000000e-08  2.89103485e-02 
 1.54200000e-08  3.02190485e-02 
 1.54400000e-08  3.15212232e-02 
 1.54600000e-08  3.28166494e-02 
 1.54800000e-08  3.41051073e-02 
 1.55000000e-08  3.53863810e-02 
 1.55200000e-08  3.66602581e-02 
 1.55400000e-08  3.79265301e-02 
 1.55600000e-08  3.91849922e-02 
 1.55800000e-08  4.04354435e-02 
 1.56000000e-08  4.16776867e-02 
 1.56200000e-08  4.29115286e-02 
 1.56400000e-08  4.41367795e-02 
 1.56600000e-08  4.53532538e-02 
 1.56800000e-08  4.65607696e-02 
 1.57000000e-08  4.77591490e-02 
 1.57200000e-08  4.89482178e-02 
 1.57400000e-08  5.01278056e-02 
 1.57600000e-08  5.12977459e-02 
 1.57800000e-08  5.24578760e-02 
 1.58000000e-08  5.36080369e-02 
 1.58200000e-08  5.47480735e-02 
 1.58400000e-08  5.58778344e-02 
 1.58600000e-08  5.69971717e-02 
 1.58800000e-08  5.81059416e-02 
 1.59000000e-08  5.92040035e-02 
 1.59200000e-08  6.02912208e-02 
 1.59400000e-08  6.13674603e-02 
 1.59600000e-08  6.24325924e-02 
 1.59800000e-08  6.34864910e-02 
 1.60000000e-08  6.45290333e-02 
 1.60200000e-08  6.55601003e-02 
 1.60400000e-08  6.65795761e-02 
 1.60600000e-08  6.75873480e-02 
 1.60800000e-08  6.85833070e-02 
 1.61000000e-08  6.95673469e-02 
 1.61200000e-08  7.05393649e-02 
 1.61400000e-08  7.14992613e-02 
 1.61600000e-08  7.24469394e-02 
 1.61800000e-08  7.33823056e-02 
 1.62000000e-08  7.43052691e-02 
 1.62200000e-08  7.52157421e-02 
 1.62400000e-08  7.61136396e-02 
 1.62600000e-08  7.69988794e-02 
 1.62800000e-08  7.78713818e-02 
 1.63000000e-08  7.87310701e-02 
 1.63200000e-08  7.95778699e-02 
 1.63400000e-08  8.04117094e-02 
 1.63600000e-08  8.12325193e-02 
 1.63800000e-08  8.20402325e-02 
 1.64000000e-08  8.28347845e-02 
 1.64200000e-08  8.36161128e-02 
 1.64400000e-08  8.43841572e-02 
 1.64600000e-08  8.51388596e-02 
 1.64800000e-08  8.58801639e-02 
 1.65000000e-08  8.66080162e-02 
 1.65200000e-08  8.73223643e-02 
 1.65400000e-08  8.80231579e-02 
 1.65600000e-08  8.87103485e-02 
 1.65800000e-08  8.93838893e-02 
 1.66000000e-08  9.00437354e-02 
 1.66200000e-08  9.06898431e-02 
 1.66400000e-08  9.13221704e-02 
 1.66600000e-08  9.19406769e-02 
 1.66800000e-08  9.25453235e-02 
 1.67000000e-08  9.31360723e-02 
 1.67200000e-08  9.37128869e-02 
 1.67400000e-08  9.42757320e-02 
 1.67600000e-08  9.48245734e-02 
 1.67800000e-08  9.53593782e-02 
 1.68000000e-08  9.58801143e-02 
 1.68200000e-08  9.63867508e-02 
 1.68400000e-08  9.68792575e-02 
 1.68600000e-08  9.73576052e-02 
 1.68800000e-08  9.78217656e-02 
 1.69000000e-08  9.82717109e-02 
 1.69200000e-08  9.87074142e-02 
 1.69400000e-08  9.91288492e-02 
 1.69600000e-08  9.95359903e-02 
 1.69800000e-08  9.99288123e-02 
 1.70000000e-08  1.00307291e-01 
 1.70200000e-08  1.00671401e-01 
 1.70400000e-08  1.01021120e-01 
 1.70600000e-08  1.01356424e-01 
 1.70800000e-08  1.01677291e-01 
 1.71000000e-08  1.01983697e-01 
 1.71200000e-08  1.02275620e-01 
 1.71400000e-08  1.02553038e-01 
 1.71600000e-08  1.02815929e-01 
 1.71800000e-08  1.03064272e-01 
 1.72000000e-08  1.03298044e-01 
 1.72200000e-08  1.03517224e-01 
 1.72400000e-08  1.03721791e-01 
 1.72600000e-08  1.03911724e-01 
 1.72800000e-08  1.04087001e-01 
 1.73000000e-08  1.04247601e-01 
 1.73200000e-08  1.04393502e-01 
 1.73400000e-08  1.04524685e-01 
 1.73600000e-08  1.04641127e-01 
 1.73800000e-08  1.04742807e-01 
 1.74000000e-08  1.04829704e-01 
 1.74200000e-08  1.04901798e-01 
 1.74400000e-08  1.04959066e-01 
 1.74600000e-08  1.05001489e-01 
 1.74800000e-08  1.05029043e-01 
 1.75000000e-08  1.05041709e-01 
 1.75200000e-08  1.05039466e-01 
 1.75400000e-08  1.05022292e-01 
 1.75600000e-08  1.04990166e-01 
 1.75800000e-08  1.04943067e-01 
 1.76000000e-08  1.04880975e-01 
 1.76200000e-08  1.04803868e-01 
 1.76400000e-08  1.04711727e-01 
 1.76600000e-08  1.04604531e-01 
 1.76800000e-08  1.04482260e-01 
 1.77000000e-08  1.04344894e-01 
 1.77200000e-08  1.04192414e-01 
 1.77400000e-08  1.04024800e-01 
 1.77600000e-08  1.03842033e-01 
 1.77800000e-08  1.03644096e-01 
 1.78000000e-08  1.03430971e-01 
 1.78200000e-08  1.03202640e-01 
 1.78400000e-08  1.02959086e-01 
 1.78600000e-08  1.02700295e-01 
 1.78800000e-08  1.02426251e-01 
 1.79000000e-08  1.02136939e-01 
 1.79200000e-08  1.01832346e-01 
 1.79400000e-08  1.01512459e-01 
 1.79600000e-08  1.01177268e-01 
 1.79800000e-08  1.00826762e-01 
 1.80000000e-08  1.00460932e-01 
 1.80200000e-08  1.00079771e-01 
 1.80400000e-08  9.96832707e-02 
 1.80600000e-08  9.92714277e-02 
 1.80800000e-08  9.88442384e-02 
 1.81000000e-08  9.84017011e-02 
 1.81200000e-08  9.79438158e-02 
 1.81400000e-08  9.74705846e-02 
 1.81600000e-08  9.69820114e-02 
 1.81800000e-08  9.64781020e-02 
 1.82000000e-08  9.59588647e-02 
 1.82200000e-08  9.54243097e-02 
 1.82400000e-08  9.48744499e-02 
 1.82600000e-08  9.43093005e-02 
 1.82800000e-08  9.37288792e-02 
 1.83000000e-08  9.31332065e-02 
 1.83200000e-08  9.25223058e-02 
 1.83400000e-08  9.18962032e-02 
 1.83600000e-08  9.12549278e-02 
 1.83800000e-08  9.05985120e-02 
 1.84000000e-08  8.99269913e-02 
 1.84200000e-08  8.92404046e-02 
 1.84400000e-08  8.85387941e-02 
 1.84600000e-08  8.78222057e-02 
 1.84800000e-08  8.70906889e-02 
 1.85000000e-08  8.63442968e-02 
 1.85200000e-08  8.55830865e-02 
 1.85400000e-08  8.48071191e-02 
 1.85600000e-08  8.40164595e-02 
 1.85800000e-08  8.32111768e-02 
 1.86000000e-08  8.23913446e-02 
 1.86200000e-08  8.15570403e-02 
 1.86400000e-08  8.07083461e-02 
 1.86600000e-08  7.98453484e-02 
 1.86800000e-08  7.89681384e-02 
 1.87000000e-08  7.80768116e-02 
 1.87200000e-08  7.71714683e-02 
 1.87400000e-08  7.62522137e-02 
 1.87600000e-08  7.53191575e-02 
 1.87800000e-08  7.43724145e-02 
 1.88000000e-08  7.34121042e-02 
 1.88200000e-08  7.24383511e-02 
 1.88400000e-08  7.14512847e-02 
 1.88600000e-08  7.04510396e-02 
 1.88800000e-08  6.94377551e-02 
 1.89000000e-08  6.84115759e-02 
 1.89200000e-08  6.73726514e-02 
 1.89400000e-08  6.63211365e-02 
 1.89600000e-08  6.52571908e-02 
 1.89800000e-08  6.41809791e-02 
 1.90000000e-08  6.30926711e-02 
 1.90200000e-08  6.19924417e-02 
 1.90400000e-08  6.08804708e-02 
 1.90600000e-08  5.97569430e-02 
 1.90800000e-08  5.86220482e-02 
 1.91000000e-08  5.74759808e-02 
 1.91200000e-08  5.63189402e-02 
 1.91400000e-08  5.51511307e-02 
 1.91600000e-08  5.39727610e-02 
 1.91800000e-08  5.27840447e-02 
 1.92000000e-08  5.15851996e-02 
 1.92200000e-08  5.03764483e-02 
 1.92400000e-08  4.91580176e-02 
 1.92600000e-08  4.79301386e-02 
 1.92800000e-08  4.66930465e-02 
 1.93000000e-08  4.54469806e-02 
 1.93200000e-08  4.41921842e-02 
 1.93400000e-08  4.29289044e-02 
 1.93600000e-08  4.16573918e-02 
 1.93800000e-08  4.03779008e-02 
 1.94000000e-08  3.90906892e-02 
 1.94200000e-08  3.77960180e-02 
 1.94400000e-08  3.64941513e-02 
 1.94600000e-08  3.51853563e-02 
 1.94800000e-08  3.38699031e-02 
 1.95000000e-08  3.25480644e-02 
 1.95200000e-08  3.12201154e-02 
 1.95400000e-08  2.98863338e-02 
 1.95600000e-08  2.85469994e-02 
 1.95800000e-08  2.72023942e-02 
 1.96000000e-08  2.58528019e-02 
 1.96200000e-08  2.44985080e-02 
 1.96400000e-08  2.31397996e-02 
 1.96600000e-08  2.17769651e-02 
 1.96800000e-08  2.04102942e-02 
 1.97000000e-08  1.90400775e-02 
 1.97200000e-08  1.76666066e-02 
 1.97400000e-08  1.62901737e-02 
 1.97600000e-08  1.49110715e-02 
 1.97800000e-08  1.35295932e-02 
 1.98000000e-08  1.21460321e-02 
 1.98200000e-08  1.07606815e-02 
 1.98400000e-08  9.37383455e-03 
 1.98600000e-08  7.98578410e-03 
 1.98800000e-08  6.59682253e-03 
 1.99000000e-08  5.20724160e-03 
 1.99200000e-08  3.81733226e-03 
 1.99400000e-08  2.42738452e-03 
 1.99600000e-08  1.03768729e-03 
 1.99800000e-08 -3.51471775e-04 
 2.00000000e-08 -1.73980639e-03 
 2.00200000e-08 -3.12703183e-03 
 2.00400000e-08 -4.51286501e-03 
 2.00600000e-08 -5.89702469e-03 
 2.00800000e-08 -7.27923155e-03 
 2.01000000e-08 -8.65920832e-03 
 2.01200000e-08 -1.00366799e-02 
 2.01400000e-08 -1.14113737e-02 
 2.01600000e-08 -1.27830191e-02 
 2.01800000e-08 -1.41513485e-02 
 2.02000000e-08 -1.55160967e-02 
 2.02200000e-08 -1.68770013e-02 
 2.02400000e-08 -1.82338025e-02 
 2.02600000e-08 -1.95862439e-02 
 2.02800000e-08 -2.09340717e-02 
 2.03000000e-08 -2.22770353e-02 
 2.03200000e-08 -2.36148874e-02 
 2.03400000e-08 -2.49473839e-02 
 2.03600000e-08 -2.62742840e-02 
 2.03800000e-08 -2.75953502e-02 
 2.04000000e-08 -2.89103485e-02 
 2.04200000e-08 -3.02190485e-02 
 2.04400000e-08 -3.15212232e-02 
 2.04600000e-08 -3.28166494e-02 
 2.04800000e-08 -3.41051073e-02 
 2.05000000e-08 -3.53863810e-02 
 2.05200000e-08 -3.66602581e-02 
 2.05400000e-08 -3.79265301e-02 
 2.05600000e-08 -3.91849922e-02 
 2.05800000e-08 -4.04354435e-02 
 2.06000000e-08 -4.16776867e-02 
 2.06200000e-08 -4.29115285e-02 
 2.06400000e-08 -4.41367795e-02 
 2.06600000e-08 -4.53532538e-02 
 2.06800000e-08 -4.65607696e-02 
 2.07000000e-08 -4.77591490e-02 
 2.07200000e-08 -4.89482178e-02 
 2.07400000e-08 -5.01278056e-02 
 2.07600000e-08 -5.12977459e-02 
 2.07800000e-08 -5.24578760e-02 
 2.08000000e-08 -5.36080369e-02 
 2.08200000e-08 -5.47480735e-02 
 2.08400000e-08 -5.58778344e-02 
 2.08600000e-08 -5.69971717e-02 
 2.08800000e-08 -5.81059416e-02 
 2.09000000e-08 -5.92040035e-02 
 2.09200000e-08 -6.02912208e-02 
 2.09400000e-08 -6.13674603e-02 
 2.09600000e-08 -6.24325924e-02 
 2.09800000e-08 -6.34864910e-02 
 2.10000000e-08 -6.45290333e-02 
 2.10200000e-08 -6.55601003e-02 
 2.10400000e-08 -6.65795760e-02 
 2.10600000e-08 -6.75873480e-02 
 2.10800000e-08 -6.85833070e-02 
 2.11000000e-08 -6.95673469e-02 
 2.11200000e-08 -7.05393649e-02 
 2.11400000e-08 -7.14992613e-02 
 2.11600000e-08 -7.24469394e-02 
 2.11800000e-08 -7.33823056e-02 
 2.12000000e-08 -7.43052691e-02 
 2.12200000e-08 -7.52157421e-02 
 2.12400000e-08 -7.61136396e-02 
 2.12600000e-08 -7.69988794e-02 
 2.12800000e-08 -7.78713818e-02 
 2.13000000e-08 -7.87310701e-02 
 2.13200000e-08 -7.95778699e-02 
 2.13400000e-08 -8.04117094e-02 
 2.13600000e-08 -8.12325193e-02 
 2.13800000e-08 -8.20402325e-02 
 2.14000000e-08 -8.28347845e-02 
 2.14200000e-08 -8.36161128e-02 
 2.14400000e-08 -8.43841572e-02 
 2.14600000e-08 -8.51388596e-02 
 2.14800000e-08 -8.58801639e-02 
 2.15000000e-08 -8.66080162e-02 
 2.15200000e-08 -8.73223643e-02 
 2.15400000e-08 -8.80231579e-02 
 2.15600000e-08 -8.87103485e-02 
 2.15800000e-08 -8.93838893e-02 
 2.16000000e-08 -9.00437354e-02 
 2.16200000e-08 -9.06898431e-02 
 2.16400000e-08 -9.13221704e-02 
 2.16600000e-08 -9.19406769e-02 
 2.16800000e-08 -9.25453235e-02 
 2.17000000e-08 -9.31360723e-02 
 2.17200000e-08 -9.37128869e-02 
 2.17400000e-08 -9.42757320e-02 
 2.17600000e-08 -9.48245734e-02 
 2.17800000e-08 -9.53593782e-02 
 2.18000000e-08 -9.58801143e-02 
 2.18200000e-08 -9.63867508e-02 
 2.18400000e-08 -9.68792575e-02 
 2.18600000e-08 -9.73576052e-02 
 2.18800000e-08 -9.78217656e-02 
 2.19000000e-08 -9.82717109e-02 
 2.19200000e-08 -9.87074142e-02 
 2.19400000e-08 -9.91288492e-02 
 2.19600000e-08 -9.95359903e-02 
 2.19800000e-08 -9.99288123e-02 
 2.20000000e-08 -1.00307291e-01 
 2.20200000e-08 -1.00671401e-01 
 2.20400000e-08 -1.01021120e-01 
 2.20600000e-08 -1.01356424e-01 
 2.20800000e-08 -1.01677291e-01 
 2.21000000e-08 -1.01983697e-01 
 2.21200000e-08 -1.02275620e-01 
 2.21400000e-08 -1.02553038e-01 
 2.21600000e-08 -1.02815929e-01 
 2.21800000e-08 -1.03064272e-01 
 2.22000000e-08 -1.03298044e-01 
 2.22200000e-08 -1.03517224e-01 
 2.22400000e-08 -1.03721791e-01 
 2.22600000e-08 -1.03911724e-01 
 2.22800000e-08 -1.04087001e-01 
 2.23000000e-08 -1.04247601e-01 
 2.23200000e-08 -1.04393502e-01 
 2.23400000e-08 -1.04524685e-01 
 2.23600000e-08 -1.04641127e-01 
 2.23800000e-08 -1.04742807e-01 
 2.24000000e-08 -1.04829704e-01 
 2.24200000e-08 -1.04901798e-01 
 2.24400000e-08 -1.04959066e-01 
 2.24600000e-08 -1.05001489e-01 
 2.24800000e-08 -1.05029043e-01 
 2.25000000e-08 -1.05041709e-01 
 2.25200000e-08 -1.05039466e-01 
 2.25400000e-08 -1.05022292e-01 
 2.25600000e-08 -1.04990166e-01 
 2.25800000e-08 -1.04943067e-01 
 2.26000000e-08 -1.04880975e-01 
 2.26200000e-08 -1.04803868e-01 
 2.26400000e-08 -1.04711727e-01 
 2.26600000e-08 -1.04604531e-01 
 2.26800000e-08 -1.04482260e-01 
 2.27000000e-08 -1.04344894e-01 
 2.27200000e-08 -1.04192414e-01 
 2.27400000e-08 -1.04024800e-01 
 2.27600000e-08 -1.03842033e-01 
 2.27800000e-08 -1.03644096e-01 
 2.28000000e-08 -1.03430971e-01 
 2.28200000e-08 -1.03202640e-01 
 2.28400000e-08 -1.02959086e-01 
 2.28600000e-08 -1.02700295e-01 
 2.28800000e-08 -1.02426251e-01 
 2.29000000e-08 -1.02136939e-01 
 2.29200000e-08 -1.01832346e-01 
 2.29400000e-08 -1.01512459e-01 
 2.29600000e-08 -1.01177268e-01 
 2.29800000e-08 -1.00826762e-01 
 2.30000000e-08 -1.00460932e-01 
 2.30200000e-08 -1.00079771e-01 
 2.30400000e-08 -9.96832707e-02 
 2.30600000e-08 -9.92714277e-02 
 2.30800000e-08 -9.88442384e-02 
 2.31000000e-08 -9.84017011e-02 
 2.31200000e-08 -9.79438158e-02 
 2.31400000e-08 -9.74705846e-02 
 2.31600000e-08 -9.69820114e-02 
 2.31800000e-08 -9.64781020e-02 
 2.32000000e-08 -9.59588647e-02 
 2.32200000e-08 -9.54243097e-02 
 2.32400000e-08 -9.48744499e-02 
 2.32600000e-08 -9.43093005e-02 
 2.32800000e-08 -9.37288792e-02 
 2.33000000e-08 -9.31332065e-02 
 2.33200000e-08 -9.25223058e-02 
 2.33400000e-08 -9.18962032e-02 
 2.33600000e-08 -9.12549278e-02 
 2.33800000e-08 -9.05985120e-02 
 2.34000000e-08 -8.99269913e-02 
 2.34200000e-08 -8.92404046e-02 
 2.34400000e-08 -8.85387941e-02 
 2.34600000e-08 -8.78222057e-02 
 2.34800000e-08 -8.70906889e-02 
 2.35000000e-08 -8.63442968e-02 
 2.35200000e-08 -8.55830865e-02 
 2.35400000e-08 -8.48071191e-02 
 2.35600000e-08 -8.40164595e-02 
 2.35800000e-08 -8.32111768e-02 
 2.36000000e-08 -8.23913446e-02 
 2.36200000e-08 -8.15570403e-02 
 2.36400000e-08 -8.07083461e-02 
 2.36600000e-08 -7.98453484e-02 
 2.36800000e-08 -7.89681384e-02 
 2.37000000e-08 -7.80768116e-02 
 2.37200000e-08 -7.71714683e-02 
 2.37400000e-08 -7.62522137e-02 
 2.37600000e-08 -7.53191575e-02 
 2.37800000e-08 -7.43724145e-02 
 2.38000000e-08 -7.34121042e-02 
 2.38200000e-08 -7.24383511e-02 
 2.38400000e-08 -7.14512847e-02 
 2.38600000e-08 -7.04510396e-02 
 2.38800000e-08 -6.94377551e-02 
 2.39000000e-08 -6.84115759e-02 
 2.39200000e-08 -6.73726514e-02 
 2.39400000e-08 -6.63211365e-02 
 2.39600000e-08 -6.52571908e-02 
 2.39800000e-08 -6.41809791e-02 
 2.40000000e-08 -6.30926711e-02 
 2.40200000e-08 -6.19924417e-02 
 2.40400000e-08 -6.08804708e-02 
 2.40600000e-08 -5.97569430e-02 
 2.40800000e-08 -5.86220482e-02 
 2.41000000e-08 -5.74759808e-02 
 2.41200000e-08 -5.63189402e-02 
 2.41400000e-08 -5.51511307e-02 
 2.41600000e-08 -5.39727610e-02 
 2.41800000e-08 -5.27840447e-02 
 2.42000000e-08 -5.15851996e-02 
 2.42200000e-08 -5.03764483e-02 
 2.42400000e-08 -4.91580176e-02 
 2.42600000e-08 -4.79301386e-02 
 2.42800000e-08 -4.66930465e-02 
 2.43000000e-08 -4.54469806e-02 
 2.43200000e-08 -4.41921842e-02 
 2.43400000e-08 -4.29289044e-02 
 2.43600000e-08 -4.16573918e-02 
 2.43800000e-08 -4.03779008e-02 
 2.44000000e-08 -3.90906892e-02 
 2.44200000e-08 -3.77960180e-02 
 2.44400000e-08 -3.64941513e-02 
 2.44600000e-08 -3.51853563e-02 
 2.44800000e-08 -3.38699031e-02 
 2.45000000e-08 -3.25480644e-02 
 2.45200000e-08 -3.12201154e-02 
 2.45400000e-08 -2.98863338e-02 
 2.45600000e-08 -2.85469994e-02 
 2.45800000e-08 -2.72023942e-02 
 2.46000000e-08 -2.58528019e-02 
 2.46200000e-08 -2.44985080e-02 
 2.46400000e-08 -2.31397996e-02 
 2.46600000e-08 -2.17769651e-02 
 2.46800000e-08 -2.04102942e-02 
 2.47000000e-08 -1.90400775e-02 
 2.47200000e-08 -1.76666066e-02 
 2.47400000e-08 -1.62901737e-02 
 2.47600000e-08 -1.49110715e-02 
 2.47800000e-08 -1.35295932e-02 
 2.48000000e-08 -1.21460321e-02 
 2.48200000e-08 -1.07606815e-02 
 2.48400000e-08 -9.37383455e-03 
 2.48600000e-08 -7.98578410e-03 
 2.48800000e-08 -6.59682253e-03 
 2.49000000e-08 -5.20724160e-03 
 2.49200000e-08 -3.81733226e-03 
 2.49400000e-08 -2.42738452e-03 
 2.49600000e-08 -1.03768729e-03 
 2.49800000e-08  3.51471775e-04 
 2.50000000e-08  1.73980639e-03 
 2.50200000e-08  3.12703183e-03 
 2.50400000e-08  4.51286501e-03 
 2.50600000e-08  5.89702469e-03 
 2.50800000e-08  7.27923155e-03 
 2.51000000e-08  8.65920832e-03 
 2.51200000e-08  1.00366799e-02 
 2.51400000e-08  1.14113737e-02 
 2.51600000e-08  1.27830191e-02 
 2.51800000e-08  1.41513485e-02 
 2.52000000e-08  1.55160967e-02 
 2.52200000e-08  1.68770013e-02 
 2.52400000e-08  1.82338025e-02 
 2.52600000e-08  1.95862439e-02 
 2.52800000e-08  2.09340717e-02 
 2.53000000e-08  2.22770353e-02 
 2.53200000e-08  2.36148874e-02 
 2.53400000e-08  2.49473839e-02 
 2.53600000e-08  2.62742840e-02 
 2.53800000e-08  2.75953502e-02 
 2.54000000e-08  2.89103485e-02 
 2.54200000e-08  3.02190485e-02 
 2.54400000e-08  3.15212232e-02 
 2.54600000e-08  3.28166494e-02 
 2.54800000e-08  3.41051073e-02 
 2.55000000e-08  3.53863810e-02 
 2.55200000e-08  3.66602581e-02 
 2.55400000e-08  3.79265301e-02 
 2.55600000e-08  3.91849922e-02 
 2.55800000e-08  4.04354435e-02 
 2.56000000e-08  4.16776867e-02 
 2.56200000e-08  4.29115285e-02 
 2.56400000e-08  4.41367795e-02 
 2.56600000e-08  4.53532538e-02 
 2.56800000e-08  4.65607696e-02 
 2.57000000e-08  4.77591490e-02 
 2.57200000e-08  4.89482178e-02 
 2.57400000e-08  5.01278056e-02 
 2.57600000e-08  5.12977459e-02 
 2.57800000e-08  5.24578760e-02 
 2.58000000e-08  5.36080369e-02 
 2.58200000e-08  5.47480735e-02 
 2.58400000e-08  5.58778344e-02 
 2.58600000e-08  5.69971717e-02 
 2.58800000e-08  5.81059416e-02 
 2.59000000e-08  5.92040035e-02 
 2.59200000e-08  6.02912208e-02 
 2.59400000e-08  6.13674603e-02 
 2.59600000e-08  6.24325924e-02 
 2.59800000e-08  6.34864910e-02 
 2.60000000e-08  6.45290333e-02 
 2.60200000e-08  6.55601003e-02 
 2.60400000e-08  6.65795760e-02 
 2.60600000e-08  6.75873480e-02 
 2.60800000e-08  6.85833070e-02 
 2.61000000e-08  6.95673469e-02 
 2.61200000e-08  7.05393649e-02 
 2.61400000e-08  7.14992613e-02 
 2.61600000e-08  7.24469394e-02 
 2.61800000e-08  7.33823056e-02 
 2.62000000e-08  7.43052691e-02 
 2.62200000e-08  7.52157421e-02 
 2.62400000e-08  7.61136396e-02 
 2.62600000e-08  7.69988794e-02 
 2.62800000e-08  7.78713818e-02 
 2.63000000e-08  7.87310701e-02 
 2.63200000e-08  7.95778699e-02 
 2.63400000e-08  8.04117094e-02 
 2.63600000e-08  8.12325193e-02 
 2.63800000e-08  8.20402325e-02 
 2.64000000e-08  8.28347845e-02 
 2.64200000e-08  8.36161128e-02 
 2.64400000e-08  8.43841572e-02 
 2.64600000e-08  8.51388596e-02 
 2.64800000e-08  8.58801639e-02 
 2.65000000e-08  8.66080162e-02 
 2.65200000e-08  8.73223643e-02 
 2.65400000e-08  8.80231579e-02 
 2.65600000e-08  8.87103485e-02 
 2.65800000e-08  8.93838893e-02 
 2.66000000e-08  9.00437354e-02 
 2.66200000e-08  9.06898431e-02 
 2.66400000e-08  9.13221704e-02 
 2.66600000e-08  9.19406769e-02 
 2.66800000e-08  9.25453235e-02 
 2.67000000e-08  9.31360723e-02 
 2.67200000e-08  9.37128869e-02 
 2.67400000e-08  9.42757320e-02 
 2.67600000e-08  9.48245734e-02 
 2.67800000e-08  9.53593782e-02 
 2.68000000e-08  9.58801143e-02 
 2.68200000e-08  9.63867508e-02 
 2.68400000e-08  9.68792575e-02 
 2.68600000e-08  9.73576052e-02 
 2.68800000e-08  9.78217656e-02 
 2.69000000e-08  9.82717109e-02 
 2.69200000e-08  9.87074142e-02 
 2.69400000e-08  9.91288492e-02 
 2.69600000e-08  9.95359903e-02 
 2.69800000e-08  9.99288123e-02 
 2.70000000e-08  1.00307291e-01 
 2.70200000e-08  1.00671401e-01 
 2.70400000e-08  1.01021120e-01 
 2.70600000e-08  1.01356424e-01 
 2.70800000e-08  1.01677291e-01 
 2.71000000e-08  1.01983697e-01 
 2.71200000e-08  1.02275620e-01 
 2.71400000e-08  1.02553038e-01 
 2.71600000e-08  1.02815929e-01 
 2.71800000e-08  1.03064272e-01 
 2.72000000e-08  1.03298044e-01 
 2.72200000e-08  1.03517224e-01 
 2.72400000e-08  1.03721791e-01 
 2.72600000e-08  1.03911724e-01 
 2.72800000e-08  1.04087001e-01 
 2.73000000e-08  1.04247601e-01 
 2.73200000e-08  1.04393502e-01 
 2.73400000e-08  1.04524685e-01 
 2.73600000e-08  1.04641127e-01 
 2.73800000e-08  1.04742807e-01 
 2.74000000e-08  1.04829704e-01 
 2.74200000e-08  1.04901798e-01 
 2.74400000e-08  1.04959066e-01 
 2.74600000e-08  1.05001489e-01 
 2.74800000e-08  1.05029043e-01 
 2.75000000e-08  1.05041709e-01 
 2.75200000e-08  1.05039466e-01 
 2.75400000e-08  1.05022292e-01 
 2.75600000e-08  1.04990166e-01 
 2.75800000e-08  1.04943067e-01 
 2.76000000e-08  1.04880975e-01 
 2.76200000e-08  1.04803868e-01 
 2.76400000e-08  1.04711727e-01 
 2.76600000e-08  1.04604531e-01 
 2.76800000e-08  1.04482260e-01 
 2.77000000e-08  1.04344894e-01 
 2.77200000e-08  1.04192414e-01 
 2.77400000e-08  1.04024800e-01 
 2.77600000e-08  1.03842033e-01 
 2.77800000e-08  1.03644096e-01 
 2.78000000e-08  1.03430971e-01 
 2.78200000e-08  1.03202640e-01 
 2.78400000e-08  1.02959086e-01 
 2.78600000e-08  1.02700295e-01 
 2.78800000e-08  1.02426251e-01 
 2.79000000e-08  1.02136939e-01 
 2.79200000e-08  1.01832346e-01 
 2.79400000e-08  1.01512459e-01 
 2.79600000e-08  1.01177268e-01 
 2.79800000e-08  1.00826762e-01 
 2.80000000e-08  1.00460932e-01 
 2.80200000e-08  1.00079771e-01 
 2.80400000e-08  9.96832707e-02 
 2.80600000e-08  9.92714277e-02 
 2.80800000e-08  9.88442384e-02 
 2.81000000e-08  9.84017011e-02 
 2.81200000e-08  9.79438158e-02 
 2.81400000e-08  9.74705846e-02 
 2.81600000e-08  9.69820114e-02 
 2.81800000e-08  9.64781020e-02 
 2.82000000e-08  9.59588647e-02 
 2.82200000e-08  9.54243097e-02 
 2.82400000e-08  9.48744499e-02 
 2.82600000e-08  9.43093005e-02 
 2.82800000e-08  9.37288792e-02 
 2.83000000e-08  9.31332065e-02 
 2.83200000e-08  9.25223058e-02 
 2.83400000e-08  9.18962032e-02 
 2.83600000e-08  9.12549278e-02 
 2.83800000e-08  9.05985120e-02 
 2.84000000e-08  8.99269913e-02 
 2.84200000e-08  8.92404046e-02 
 2.84400000e-08  8.85387941e-02 
 2.84600000e-08  8.78222057e-02 
 2.84800000e-08  8.70906889e-02 
 2.85000000e-08  8.63442968e-02 
 2.85200000e-08  8.55830865e-02 
 2.85400000e-08  8.48071191e-02 
 2.85600000e-08  8.40164595e-02 
 2.85800000e-08  8.32111768e-02 
 2.86000000e-08  8.23913446e-02 
 2.86200000e-08  8.15570403e-02 
 2.86400000e-08  8.07083461e-02 
 2.86600000e-08  7.98453484e-02 
 2.86800000e-08  7.89681384e-02 
 2.87000000e-08  7.80768116e-02 
 2.87200000e-08  7.71714683e-02 
 2.87400000e-08  7.62522137e-02 
 2.87600000e-08  7.53191575e-02 
 2.87800000e-08  7.43724145e-02 
 2.88000000e-08  7.34121042e-02 
 2.88200000e-08  7.24383511e-02 
 2.88400000e-08  7.14512847e-02 
 2.88600000e-08  7.04510396e-02 
 2.88800000e-08  6.94377551e-02 
 2.89000000e-08  6.84115759e-02 
 2.89200000e-08  6.73726514e-02 
 2.89400000e-08  6.63211365e-02 
 2.89600000e-08  6.52571908e-02 
 2.89800000e-08  6.41809791e-02 
 2.90000000e-08  6.30926711e-02 
 2.90200000e-08  6.19924417e-02 
 2.90400000e-08  6.08804708e-02 
 2.90600000e-08  5.97569430e-02 
 2.90800000e-08  5.86220482e-02 
 2.91000000e-08  5.74759808e-02 
 2.91200000e-08  5.63189402e-02 
 2.91400000e-08  5.51511307e-02 
 2.91600000e-08  5.39727610e-02 
 2.91800000e-08  5.27840447e-02 
 2.92000000e-08  5.15851996e-02 
 2.92200000e-08  5.03764483e-02 
 2.92400000e-08  4.91580176e-02 
 2.92600000e-08  4.79301386e-02 
 2.92800000e-08  4.66930465e-02 
 2.93000000e-08  4.54469806e-02 
 2.93200000e-08  4.41921842e-02 
 2.93400000e-08  4.29289044e-02 
 2.93600000e-08  4.16573918e-02 
 2.93800000e-08  4.03779008e-02 
 2.94000000e-08  3.90906892e-02 
 2.94200000e-08  3.77960180e-02 
 2.94400000e-08  3.64941513e-02 
 2.94600000e-08  3.51853563e-02 
 2.94800000e-08  3.38699031e-02 
 2.95000000e-08  3.25480644e-02 
 2.95200000e-08  3.12201154e-02 
 2.95400000e-08  2.98863338e-02 
 2.95600000e-08  2.85469994e-02 
 2.95800000e-08  2.72023942e-02 
 2.96000000e-08  2.58528019e-02 
 2.96200000e-08  2.44985080e-02 
 2.96400000e-08  2.31397996e-02 
 2.96600000e-08  2.17769651e-02 
 2.96800000e-08  2.04102942e-02 
 2.97000000e-08  1.90400775e-02 
 2.97200000e-08  1.76666066e-02 
 2.97400000e-08  1.62901737e-02 
 2.97600000e-08  1.49110715e-02 
 2.97800000e-08  1.35295932e-02 
 2.98000000e-08  1.21460321e-02 
 2.98200000e-08  1.07606815e-02 
 2.98400000e-08  9.37383455e-03 
 2.98600000e-08  7.98578410e-03 
 2.98800000e-08  6.59682253e-03 
 2.99000000e-08  5.20724160e-03 
 2.99200000e-08  3.81733226e-03 
 2.99400000e-08  2.42738452e-03 
 2.99600000e-08  1.03768729e-03 
 2.99800000e-08 -3.51471775e-04 
 3.00000000e-08 -1.73980639e-03 
 3.00200000e-08 -3.12703183e-03 
 3.00400000e-08 -4.51286501e-03 
 3.00600000e-08 -5.89702469e-03 
 3.00800000e-08 -7.27923155e-03 
 3.01000000e-08 -8.65920832e-03 
 3.01200000e-08 -1.00366799e-02 
 3.01400000e-08 -1.14113737e-02 
 3.01600000e-08 -1.27830191e-02 
 3.01800000e-08 -1.41513485e-02 
 3.02000000e-08 -1.55160967e-02 
 3.02200000e-08 -1.68770013e-02 
 3.02400000e-08 -1.82338025e-02 
 3.02600000e-08 -1.95862439e-02 
 3.02800000e-08 -2.09340717e-02 
 3.03000000e-08 -2.22770353e-02 
 3.03200000e-08 -2.36148874e-02 
 3.03400000e-08 -2.49473839e-02 
 3.03600000e-08 -2.62742840e-02 
 3.03800000e-08 -2.75953502e-02 
 3.04000000e-08 -2.89103485e-02 
 3.04200000e-08 -3.02190485e-02 
 3.04400000e-08 -3.15212232e-02 
 3.04600000e-08 -3.28166494e-02 
 3.04800000e-08 -3.41051073e-02 
 3.05000000e-08 -3.53863810e-02 
 3.05200000e-08 -3.66602581e-02 
 3.05400000e-08 -3.79265301e-02 
 3.05600000e-08 -3.91849922e-02 
 3.05800000e-08 -4.04354435e-02 
 3.06000000e-08 -4.16776867e-02 
 3.06200000e-08 -4.29115285e-02 
 3.06400000e-08 -4.41367795e-02 
 3.06600000e-08 -4.53532538e-02 
 3.06800000e-08 -4.65607696e-02 
 3.07000000e-08 -4.77591490e-02 
 3.07200000e-08 -4.89482178e-02 
 3.07400000e-08 -5.01278056e-02 
 3.07600000e-08 -5.12977459e-02 
 3.07800000e-08 -5.24578760e-02 
 3.08000000e-08 -5.36080369e-02 
 3.08200000e-08 -5.47480735e-02 
 3.08400000e-08 -5.58778344e-02 
 3.08600000e-08 -5.69971717e-02 
 3.08800000e-08 -5.81059416e-02 
 3.09000000e-08 -5.92040035e-02 
 3.09200000e-08 -6.02912208e-02 
 3.09400000e-08 -6.13674603e-02 
 3.09600000e-08 -6.24325924e-02 
 3.09800000e-08 -6.34864910e-02 
 3.10000000e-08 -6.45290333e-02 
 3.10200000e-08 -6.55601003e-02 
 3.10400000e-08 -6.65795760e-02 
 3.10600000e-08 -6.75873480e-02 
 3.10800000e-08 -6.85833070e-02 
 3.11000000e-08 -6.95673469e-02 
 3.11200000e-08 -7.05393649e-02 
 3.11400000e-08 -7.14992613e-02 
 3.11600000e-08 -7.24469394e-02 
 3.11800000e-08 -7.33823056e-02 
 3.12000000e-08 -7.43052691e-02 
 3.12200000e-08 -7.52157421e-02 
 3.12400000e-08 -7.61136396e-02 
 3.12600000e-08 -7.69988794e-02 
 3.12800000e-08 -7.78713818e-02 
 3.13000000e-08 -7.87310701e-02 
 3.13200000e-08 -7.95778699e-02 
 3.13400000e-08 -8.04117094e-02 
 3.13600000e-08 -8.12325193e-02 
 3.13800000e-08 -8.20402325e-02 
 3.14000000e-08 -8.28347845e-02 
 3.14200000e-08 -8.36161128e-02 
 3.14400000e-08 -8.43841572e-02 
 3.14600000e-08 -8.51388596e-02 
 3.14800000e-08 -8.58801639e-02 
 3.15000000e-08 -8.66080162e-02 
 3.15200000e-08 -8.73223643e-02 
 3.15400000e-08 -8.80231579e-02 
 3.15600000e-08 -8.87103485e-02 
 3.15800000e-08 -8.93838893e-02 
 3.16000000e-08 -9.00437354e-02 
 3.16200000e-08 -9.06898431e-02 
 3.16400000e-08 -9.13221704e-02 
 3.16600000e-08 -9.19406769e-02 
 3.16800000e-08 -9.25453235e-02 
 3.17000000e-08 -9.31360723e-02 
 3.17200000e-08 -9.37128869e-02 
 3.17400000e-08 -9.42757320e-02 
 3.17600000e-08 -9.48245734e-02 
 3.17800000e-08 -9.53593782e-02 
 3.18000000e-08 -9.58801143e-02 
 3.18200000e-08 -9.63867508e-02 
 3.18400000e-08 -9.68792575e-02 
 3.18600000e-08 -9.73576052e-02 
 3.18800000e-08 -9.78217656e-02 
 3.19000000e-08 -9.82717109e-02 
 3.19200000e-08 -9.87074142e-02 
 3.19400000e-08 -9.91288492e-02 
 3.19600000e-08 -9.95359903e-02 
 3.19800000e-08 -9.99288123e-02 
 3.20000000e-08 -1.00307291e-01 
 3.20200000e-08 -1.00671401e-01 
 3.20400000e-08 -1.01021120e-01 
 3.20600000e-08 -1.01356424e-01 
 3.20800000e-08 -1.01677291e-01 
 3.21000000e-08 -1.01983697e-01 
 3.21200000e-08 -1.02275620e-01 
 3.21400000e-08 -1.02553038e-01 
 3.21600000e-08 -1.02815929e-01 
 3.21800000e-08 -1.03064272e-01 
 3.22000000e-08 -1.03298044e-01 
 3.22200000e-08 -1.03517224e-01 
 3.22400000e-08 -1.03721791e-01 
 3.22600000e-08 -1.03911724e-01 
 3.22800000e-08 -1.04087001e-01 
 3.23000000e-08 -1.04247601e-01 
 3.23200000e-08 -1.04393502e-01 
 3.23400000e-08 -1.04524685e-01 
 3.23600000e-08 -1.04641127e-01 
 3.23800000e-08 -1.04742807e-01 
 3.24000000e-08 -1.04829704e-01 
 3.24200000e-08 -1.04901798e-01 
 3.24400000e-08 -1.04959066e-01 
 3.24600000e-08 -1.05001489e-01 
 3.24800000e-08 -1.05029043e-01 
 3.25000000e-08 -1.05041709e-01 
 3.25200000e-08 -1.05039466e-01 
 3.25400000e-08 -1.05022292e-01 
 3.25600000e-08 -1.04990166e-01 
 3.25800000e-08 -1.04943067e-01 
 3.26000000e-08 -1.04880975e-01 
 3.26200000e-08 -1.04803868e-01 
 3.26400000e-08 -1.04711727e-01 
 3.26600000e-08 -1.04604531e-01 
 3.26800000e-08 -1.04482260e-01 
 3.27000000e-08 -1.04344894e-01 
 3.27200000e-08 -1.04192414e-01 
 3.27400000e-08 -1.04024800e-01 
 3.27600000e-08 -1.03842033e-01 
 3.27800000e-08 -1.03644096e-01 
 3.28000000e-08 -1.03430971e-01 
 3.28200000e-08 -1.03202640e-01 
 3.28400000e-08 -1.02959086e-01 
 3.28600000e-08 -1.02700295e-01 
 3.28800000e-08 -1.02426251e-01 
 3.29000000e-08 -1.02136939e-01 
 3.29200000e-08 -1.01832346e-01 
 3.29400000e-08 -1.01512459e-01 
 3.29600000e-08 -1.01177268e-01 
 3.29800000e-08 -1.00826762e-01 
 3.30000000e-08 -1.00460932e-01 
 3.30200000e-08 -1.00079771e-01 
 3.30400000e-08 -9.96832707e-02 
 3.30600000e-08 -9.92714277e-02 
 3.30800000e-08 -9.88442384e-02 
 3.31000000e-08 -9.84017011e-02 
 3.31200000e-08 -9.79438158e-02 
 3.31400000e-08 -9.74705846e-02 
 3.31600000e-08 -9.69820114e-02 
 3.31800000e-08 -9.64781020e-02 
 3.32000000e-08 -9.59588647e-02 
 3.32200000e-08 -9.54243097e-02 
 3.32400000e-08 -9.48744499e-02 
 3.32600000e-08 -9.43093005e-02 
 3.32800000e-08 -9.37288792e-02 
 3.33000000e-08 -9.31332065e-02 
 3.33200000e-08 -9.25223058e-02 
 3.33400000e-08 -9.18962032e-02 
 3.33600000e-08 -9.12549278e-02 
 3.33800000e-08 -9.05985120e-02 
 3.34000000e-08 -8.99269913e-02 
 3.34200000e-08 -8.92404046e-02 
 3.34400000e-08 -8.85387941e-02 
 3.34600000e-08 -8.78222057e-02 
 3.34800000e-08 -8.70906889e-02 
 3.35000000e-08 -8.63442968e-02 
 3.35200000e-08 -8.55830865e-02 
 3.35400000e-08 -8.48071191e-02 
 3.35600000e-08 -8.40164595e-02 
 3.35800000e-08 -8.32111768e-02 
 3.36000000e-08 -8.23913446e-02 
 3.36200000e-08 -8.15570403e-02 
 3.36400000e-08 -8.07083461e-02 
 3.36600000e-08 -7.98453484e-02 
 3.36800000e-08 -7.89681384e-02 
 3.37000000e-08 -7.80768116e-02 
 3.37200000e-08 -7.71714683e-02 
 3.37400000e-08 -7.62522137e-02 
 3.37600000e-08 -7.53191575e-02 
 3.37800000e-08 -7.43724145e-02 
 3.38000000e-08 -7.34121042e-02 
 3.38200000e-08 -7.24383511e-02 
 3.38400000e-08 -7.14512847e-02 
 3.38600000e-08 -7.04510396e-02 
 3.38800000e-08 -6.94377551e-02 
 3.39000000e-08 -6.84115759e-02 
 3.39200000e-08 -6.73726514e-02 
 3.39400000e-08 -6.63211365e-02 
 3.39600000e-08 -6.52571908e-02 
 3.39800000e-08 -6.41809791e-02 
 3.40000000e-08 -6.30926711e-02 
 3.40200000e-08 -6.19924417e-02 
 3.40400000e-08 -6.08804708e-02 
 3.40600000e-08 -5.97569430e-02 
 3.40800000e-08 -5.86220482e-02 
 3.41000000e-08 -5.74759808e-02 
 3.41200000e-08 -5.63189402e-02 
 3.41400000e-08 -5.51511307e-02 
 3.41600000e-08 -5.39727610e-02 
 3.41800000e-08 -5.27840447e-02 
 3.42000000e-08 -5.15851996e-02 
 3.42200000e-08 -5.03764483e-02 
 3.42400000e-08 -4.91580176e-02 
 3.42600000e-08 -4.79301386e-02 
 3.42800000e-08 -4.66930465e-02 
 3.43000000e-08 -4.54469806e-02 
 3.43200000e-08 -4.41921842e-02 
 3.43400000e-08 -4.29289044e-02 
 3.43600000e-08 -4.16573918e-02 
 3.43800000e-08 -4.03779008e-02 
 3.44000000e-08 -3.90906892e-02 
 3.44200000e-08 -3.77960180e-02 
 3.44400000e-08 -3.64941513e-02 
 3.44600000e-08 -3.51853563e-02 
 3.44800000e-08 -3.38699031e-02 
 3.45000000e-08 -3.25480644e-02 
 3.45200000e-08 -3.12201154e-02 
 3.45400000e-08 -2.98863338e-02 
 3.45600000e-08 -2.85469994e-02 
 3.45800000e-08 -2.72023942e-02 
 3.46000000e-08 -2.58528019e-02 
 3.46200000e-08 -2.44985080e-02 
 3.46400000e-08 -2.31397996e-02 
 3.46600000e-08 -2.17769651e-02 
 3.46800000e-08 -2.04102942e-02 
 3.47000000e-08 -1.90400775e-02 
 3.47200000e-08 -1.76666066e-02 
 3.47400000e-08 -1.62901737e-02 
 3.47600000e-08 -1.49110715e-02 
 3.47800000e-08 -1.35295932e-02 
 3.48000000e-08 -1.21460321e-02 
 3.48200000e-08 -1.07606815e-02 
 3.48400000e-08 -9.37383455e-03 
 3.48600000e-08 -7.98578410e-03 
 3.48800000e-08 -6.59682253e-03 
 3.49000000e-08 -5.20724160e-03 
 3.49200000e-08 -3.81733226e-03 
 3.49400000e-08 -2.42738452e-03 
 3.49600000e-08 -1.03768729e-03 
 3.49800000e-08  3.51471776e-04 
 3.50000000e-08  1.73980639e-03 
 3.50200000e-08  3.12703183e-03 
 3.50400000e-08  4.51286501e-03 
 3.50600000e-08  5.89702469e-03 
 3.50800000e-08  7.27923155e-03 
 3.51000000e-08  8.65920832e-03 
 3.51200000e-08  1.00366799e-02 
 3.51400000e-08  1.14113737e-02 
 3.51600000e-08  1.27830191e-02 
 3.51800000e-08  1.41513485e-02 
 3.52000000e-08  1.55160967e-02 
 3.52200000e-08  1.68770013e-02 
 3.52400000e-08  1.82338025e-02 
 3.52600000e-08  1.95862439e-02 
 3.52800000e-08  2.09340717e-02 
 3.53000000e-08  2.22770353e-02 
 3.53200000e-08  2.36148874e-02 
 3.53400000e-08  2.49473839e-02 
 3.53600000e-08  2.62742840e-02 
 3.53800000e-08  2.75953502e-02 
 3.54000000e-08  2.89103485e-02 
 3.54200000e-08  3.02190485e-02 
 3.54400000e-08  3.15212232e-02 
 3.54600000e-08  3.28166494e-02 
 3.54800000e-08  3.41051073e-02 
 3.55000000e-08  3.53863810e-02 
 3.55200000e-08  3.66602581e-02 
 3.55400000e-08  3.79265301e-02 
 3.55600000e-08  3.91849922e-02 
 3.55800000e-08  4.04354435e-02 
 3.56000000e-08  4.16776867e-02 
 3.56200000e-08  4.29115285e-02 
 3.56400000e-08  4.41367795e-02 
 3.56600000e-08  4.53532538e-02 
 3.56800000e-08  4.65607696e-02 
 3.57000000e-08  4.77591490e-02 
 3.57200000e-08  4.89482178e-02 
 3.57400000e-08  5.01278056e-02 
 3.57600000e-08  5.12977459e-02 
 3.57800000e-08  5.24578760e-02 
 3.58000000e-08  5.36080369e-02 
 3.58200000e-08  5.47480735e-02 
 3.58400000e-08  5.58778344e-02 
 3.58600000e-08  5.69971717e-02 
 3.58800000e-08  5.81059416e-02 
 3.59000000e-08  5.92040035e-02 
 3.59200000e-08  6.02912208e-02 
 3.59400000e-08  6.13674603e-02 
 3.59600000e-08  6.24325924e-02 
 3.59800000e-08  6.34864910e-02 
 3.60000000e-08  6.45290333e-02 
 3.60200000e-08  6.55601003e-02 
 3.60400000e-08  6.65795760e-02 
 3.60600000e-08  6.75873480e-02 
 3.60800000e-08  6.85833070e-02 
 3.61000000e-08  6.95673469e-02 
 3.61200000e-08  7.05393649e-02 
 3.61400000e-08  7.14992613e-02 
 3.61600000e-08  7.24469394e-02 
 3.61800000e-08  7.33823056e-02 
 3.62000000e-08  7.43052691e-02 
 3.62200000e-08  7.52157421e-02 
 3.62400000e-08  7.61136396e-02 
 3.62600000e-08  7.69988794e-02 
 3.62800000e-08  7.78713818e-02 
 3.63000000e-08  7.87310701e-02 
 3.63200000e-08  7.95778699e-02 
 3.63400000e-08  8.04117094e-02 
 3.63600000e-08  8.12325193e-02 
 3.63800000e-08  8.20402325e-02 
 3.64000000e-08  8.28347845e-02 
 3.64200000e-08  8.36161128e-02 
 3.64400000e-08  8.43841572e-02 
 3.64600000e-08  8.51388596e-02 
 3.64800000e-08  8.58801639e-02 
 3.65000000e-08  8.66080162e-02 
 3.65200000e-08  8.73223643e-02 
 3.65400000e-08  8.80231579e-02 
 3.65600000e-08  8.87103485e-02 
 3.65800000e-08  8.93838893e-02 
 3.66000000e-08  9.00437354e-02 
 3.66200000e-08  9.06898431e-02 
 3.66400000e-08  9.13221704e-02 
 3.66600000e-08  9.19406769e-02 
 3.66800000e-08  9.25453235e-02 
 3.67000000e-08  9.31360723e-02 
 3.67200000e-08  9.37128869e-02 
 3.67400000e-08  9.42757320e-02 
 3.67600000e-08  9.48245734e-02 
 3.67800000e-08  9.53593782e-02 
 3.68000000e-08  9.58801143e-02 
 3.68200000e-08  9.63867508e-02 
 3.68400000e-08  9.68792575e-02 
 3.68600000e-08  9.73576052e-02 
 3.68800000e-08  9.78217656e-02 
 3.69000000e-08  9.82717109e-02 
 3.69200000e-08  9.87074142e-02 
 3.69400000e-08  9.91288492e-02 
 3.69600000e-08  9.95359903e-02 
 3.69800000e-08  9.99288123e-02 
 3.70000000e-08  1.00307291e-01 
 3.70200000e-08  1.00671401e-01 
 3.70400000e-08  1.01021120e-01 
 3.70600000e-08  1.01356424e-01 
 3.70800000e-08  1.01677291e-01 
 3.71000000e-08  1.01983697e-01 
 3.71200000e-08  1.02275620e-01 
 3.71400000e-08  1.02553038e-01 
 3.71600000e-08  1.02815929e-01 
 3.71800000e-08  1.03064272e-01 
 3.72000000e-08  1.03298044e-01 
 3.72200000e-08  1.03517224e-01 
 3.72400000e-08  1.03721791e-01 
 3.72600000e-08  1.03911724e-01 
 3.72800000e-08  1.04087001e-01 
 3.73000000e-08  1.04247601e-01 
 3.73200000e-08  1.04393502e-01 
 3.73400000e-08  1.04524685e-01 
 3.73600000e-08  1.04641127e-01 
 3.73800000e-08  1.04742807e-01 
 3.74000000e-08  1.04829704e-01 
 3.74200000e-08  1.04901798e-01 
 3.74400000e-08  1.04959066e-01 
 3.74600000e-08  1.05001489e-01 
 3.74800000e-08  1.05029043e-01 
 3.75000000e-08  1.05041709e-01 
 3.75200000e-08  1.05039466e-01 
 3.75400000e-08  1.05022292e-01 
 3.75600000e-08  1.04990166e-01 
 3.75800000e-08  1.04943067e-01 
 3.76000000e-08  1.04880975e-01 
 3.76200000e-08  1.04803868e-01 
 3.76400000e-08  1.04711727e-01 
 3.76600000e-08  1.04604531e-01 
 3.76800000e-08  1.04482260e-01 
 3.77000000e-08  1.04344894e-01 
 3.77200000e-08  1.04192414e-01 
 3.77400000e-08  1.04024800e-01 
 3.77600000e-08  1.03842033e-01 
 3.77800000e-08  1.03644096e-01 
 3.78000000e-08  1.03430971e-01 
 3.78200000e-08  1.03202640e-01 
 3.78400000e-08  1.02959086e-01 
 3.78600000e-08  1.02700295e-01 
 3.78800000e-08  1.02426251e-01 
 3.79000000e-08  1.02136939e-01 
 3.79200000e-08  1.01832346e-01 
 3.79400000e-08  1.01512459e-01 
 3.79600000e-08  1.01177268e-01 
 3.79800000e-08  1.00826762e-01 
 3.80000000e-08  1.00460932e-01 
 3.80200000e-08  1.00079771e-01 
 3.80400000e-08  9.96832707e-02 
 3.80600000e-08  9.92714277e-02 
 3.80800000e-08  9.88442384e-02 
 3.81000000e-08  9.84017011e-02 
 3.81200000e-08  9.79438158e-02 
 3.81400000e-08  9.74705846e-02 
 3.81600000e-08  9.69820114e-02 
 3.81800000e-08  9.64781020e-02 
 3.82000000e-08  9.59588647e-02 
 3.82200000e-08  9.54243097e-02 
 3.82400000e-08  9.48744499e-02 
 3.82600000e-08  9.43093005e-02 
 3.82800000e-08  9.37288792e-02 
 3.83000000e-08  9.31332065e-02 
 3.83200000e-08  9.25223058e-02 
 3.83400000e-08  9.18962032e-02 
 3.83600000e-08  9.12549278e-02 
 3.83800000e-08  9.05985120e-02 
 3.84000000e-08  8.99269913e-02 
 3.84200000e-08  8.92404046e-02 
 3.84400000e-08  8.85387941e-02 
 3.84600000e-08  8.78222057e-02 
 3.84800000e-08  8.70906889e-02 
 3.85000000e-08  8.63442968e-02 
 3.85200000e-08  8.55830865e-02 
 3.85400000e-08  8.48071191e-02 
 3.85600000e-08  8.40164595e-02 
 3.85800000e-08  8.32111768e-02 
 3.86000000e-08  8.23913446e-02 
 3.86200000e-08  8.15570403e-02 
 3.86400000e-08  8.07083461e-02 
 3.86600000e-08  7.98453484e-02 
 3.86800000e-08  7.89681384e-02 
 3.87000000e-08  7.80768116e-02 
 3.87200000e-08  7.71714683e-02 
 3.87400000e-08  7.62522137e-02 
 3.87600000e-08  7.53191575e-02 
 3.87800000e-08  7.43724145e-02 
 3.88000000e-08  7.34121042e-02 
 3.88200000e-08  7.24383511e-02 
 3.88400000e-08  7.14512847e-02 
 3.88600000e-08  7.04510396e-02 
 3.88800000e-08  6.94377551e-02 
 3.89000000e-08  6.84115759e-02 
 3.89200000e-08  6.73726514e-02 
 3.89400000e-08  6.63211365e-02 
 3.89600000e-08  6.52571908e-02 
 3.89800000e-08  6.41809791e-02 
 3.90000000e-08  6.30926711e-02 
 3.90200000e-08  6.19924417e-02 
 3.90400000e-08  6.08804708e-02 
 3.90600000e-08  5.97569430e-02 
 3.90800000e-08  5.86220482e-02 
 3.91000000e-08  5.74759808e-02 
 3.91200000e-08  5.63189402e-02 
 3.91400000e-08  5.51511307e-02 
 3.91600000e-08  5.39727610e-02 
 3.91800000e-08  5.27840447e-02 
 3.92000000e-08  5.15851996e-02 
 3.92200000e-08  5.03764483e-02 
 3.92400000e-08  4.91580176e-02 
 3.92600000e-08  4.79301386e-02 
 3.92800000e-08  4.66930465e-02 
 3.93000000e-08  4.54469806e-02 
 3.93200000e-08  4.41921842e-02 
 3.93400000e-08  4.29289044e-02 
 3.93600000e-08  4.16573918e-02 
 3.93800000e-08  4.03779008e-02 
 3.94000000e-08  3.90906892e-02 
 3.94200000e-08  3.77960180e-02 
 3.94400000e-08  3.64941513e-02 
 3.94600000e-08  3.51853563e-02 
 3.94800000e-08  3.38699031e-02 
 3.95000000e-08  3.25480644e-02 
 3.95200000e-08  3.12201154e-02 
 3.95400000e-08  2.98863338e-02 
 3.95600000e-08  2.85469994e-02 
 3.95800000e-08  2.72023942e-02 
 3.96000000e-08  2.58528019e-02 
 3.96200000e-08  2.44985080e-02 
 3.96400000e-08  2.31397996e-02 
 3.96600000e-08  2.17769651e-02 
 3.96800000e-08  2.04102942e-02 
 3.97000000e-08  1.90400775e-02 
 3.97200000e-08  1.76666066e-02 
 3.97400000e-08  1.62901737e-02 
 3.97600000e-08  1.49110715e-02 
 3.97800000e-08  1.35295932e-02 
 3.98000000e-08  1.21460321e-02 
 3.98200000e-08  1.07606815e-02 
 3.98400000e-08  9.37383455e-03 
 3.98600000e-08  7.98578410e-03 
 3.98800000e-08  6.59682253e-03 
 3.99000000e-08  5.20724160e-03 
 3.99200000e-08  3.81733226e-03 
 3.99400000e-08  2.42738452e-03 
 3.99600000e-08  1.03768729e-03 
 3.99800000e-08 -3.51471776e-04 
 4.00000000e-08 -1.73980639e-03 
 4.00200000e-08 -3.12703183e-03 
 4.00400000e-08 -4.51286501e-03 
 4.00600000e-08 -5.89702469e-03 
 4.00800000e-08 -7.27923154e-03 
 4.01000000e-08 -8.65920832e-03 
 4.01200000e-08 -1.00366799e-02 
 4.01400000e-08 -1.14113737e-02 
 4.01600000e-08 -1.27830191e-02 
 4.01800000e-08 -1.41513485e-02 
 4.02000000e-08 -1.55160967e-02 
 4.02200000e-08 -1.68770013e-02 
 4.02400000e-08 -1.82338025e-02 
 4.02600000e-08 -1.95862439e-02 
 4.02800000e-08 -2.09340717e-02 
 4.03000000e-08 -2.22770353e-02 
 4.03200000e-08 -2.36148874e-02 
 4.03400000e-08 -2.49473839e-02 
 4.03600000e-08 -2.62742840e-02 
 4.03800000e-08 -2.75953502e-02 
 4.04000000e-08 -2.89103485e-02 
 4.04200000e-08 -3.02190485e-02 
 4.04400000e-08 -3.15212232e-02 
 4.04600000e-08 -3.28166494e-02 
 4.04800000e-08 -3.41051073e-02 
 4.05000000e-08 -3.53863810e-02 
 4.05200000e-08 -3.66602581e-02 
 4.05400000e-08 -3.79265301e-02 
 4.05600000e-08 -3.91849922e-02 
 4.05800000e-08 -4.04354435e-02 
 4.06000000e-08 -4.16776867e-02 
 4.06200000e-08 -4.29115285e-02 
 4.06400000e-08 -4.41367795e-02 
 4.06600000e-08 -4.53532538e-02 
 4.06800000e-08 -4.65607696e-02 
 4.07000000e-08 -4.77591490e-02 
 4.07200000e-08 -4.89482178e-02 
 4.07400000e-08 -5.01278056e-02 
 4.07600000e-08 -5.12977459e-02 
 4.07800000e-08 -5.24578760e-02 
 4.08000000e-08 -5.36080369e-02 
 4.08200000e-08 -5.47480735e-02 
 4.08400000e-08 -5.58778344e-02 
 4.08600000e-08 -5.69971717e-02 
 4.08800000e-08 -5.81059416e-02 
 4.09000000e-08 -5.92040035e-02 
 4.09200000e-08 -6.02912208e-02 
 4.09400000e-08 -6.13674603e-02 
 4.09600000e-08 -6.24325924e-02 
 4.09800000e-08 -6.34864910e-02 
 4.10000000e-08 -6.45290333e-02 
 4.10200000e-08 -6.55601003e-02 
 4.10400000e-08 -6.65795760e-02 
 4.10600000e-08 -6.75873480e-02 
 4.10800000e-08 -6.85833070e-02 
 4.11000000e-08 -6.95673469e-02 
 4.11200000e-08 -7.05393649e-02 
 4.11400000e-08 -7.14992613e-02 
 4.11600000e-08 -7.24469394e-02 
 4.11800000e-08 -7.33823056e-02 
 4.12000000e-08 -7.43052691e-02 
 4.12200000e-08 -7.52157421e-02 
 4.12400000e-08 -7.61136396e-02 
 4.12600000e-08 -7.69988794e-02 
 4.12800000e-08 -7.78713818e-02 
 4.13000000e-08 -7.87310701e-02 
 4.13200000e-08 -7.95778699e-02 
 4.13400000e-08 -8.04117094e-02 
 4.13600000e-08 -8.12325193e-02 
 4.13800000e-08 -8.20402325e-02 
 4.14000000e-08 -8.28347845e-02 
 4.14200000e-08 -8.36161128e-02 
 4.14400000e-08 -8.43841572e-02 
 4.14600000e-08 -8.51388596e-02 
 4.14800000e-08 -8.58801639e-02 
 4.15000000e-08 -8.66080162e-02 
 4.15200000e-08 -8.73223643e-02 
 4.15400000e-08 -8.80231579e-02 
 4.15600000e-08 -8.87103485e-02 
 4.15800000e-08 -8.93838893e-02 
 4.16000000e-08 -9.00437354e-02 
 4.16200000e-08 -9.06898431e-02 
 4.16400000e-08 -9.13221704e-02 
 4.16600000e-08 -9.19406769e-02 
 4.16800000e-08 -9.25453235e-02 
 4.17000000e-08 -9.31360723e-02 
 4.17200000e-08 -9.37128869e-02 
 4.17400000e-08 -9.42757320e-02 
 4.17600000e-08 -9.48245734e-02 
 4.17800000e-08 -9.53593782e-02 
 4.18000000e-08 -9.58801143e-02 
 4.18200000e-08 -9.63867508e-02 
 4.18400000e-08 -9.68792575e-02 
 4.18600000e-08 -9.73576052e-02 
 4.18800000e-08 -9.78217656e-02 
 4.19000000e-08 -9.82717109e-02 
 4.19200000e-08 -9.87074142e-02 
 4.19400000e-08 -9.91288492e-02 
 4.19600000e-08 -9.95359903e-02 
 4.19800000e-08 -9.99288123e-02 
 4.20000000e-08 -1.00307291e-01 
 4.20200000e-08 -1.00671401e-01 
 4.20400000e-08 -1.01021120e-01 
 4.20600000e-08 -1.01356424e-01 
 4.20800000e-08 -1.01677291e-01 
 4.21000000e-08 -1.01983697e-01 
 4.21200000e-08 -1.02275620e-01 
 4.21400000e-08 -1.02553038e-01 
 4.21600000e-08 -1.02815929e-01 
 4.21800000e-08 -1.03064272e-01 
 4.22000000e-08 -1.03298044e-01 
 4.22200000e-08 -1.03517224e-01 
 4.22400000e-08 -1.03721791e-01 
 4.22600000e-08 -1.03911724e-01 
 4.22800000e-08 -1.04087001e-01 
 4.23000000e-08 -1.04247601e-01 
 4.23200000e-08 -1.04393502e-01 
 4.23400000e-08 -1.04524685e-01 
 4.23600000e-08 -1.04641127e-01 
 4.23800000e-08 -1.04742807e-01 
 4.24000000e-08 -1.04829704e-01 
 4.24200000e-08 -1.04901798e-01 
 4.24400000e-08 -1.04959066e-01 
 4.24600000e-08 -1.05001489e-01 
 4.24800000e-08 -1.05029043e-01 
 4.25000000e-08 -1.05041709e-01 
 4.25200000e-08 -1.05039466e-01 
 4.25400000e-08 -1.05022292e-01 
 4.25600000e-08 -1.04990166e-01 
 4.25800000e-08 -1.04943067e-01 
 4.26000000e-08 -1.04880975e-01 
 4.26200000e-08 -1.04803868e-01 
 4.26400000e-08 -1.04711727e-01 
 4.26600000e-08 -1.04604531e-01 
 4.26800000e-08 -1.04482260e-01 
 4.27000000e-08 -1.04344894e-01 
 4.27200000e-08 -1.04192414e-01 
 4.27400000e-08 -1.04024800e-01 
 4.27600000e-08 -1.03842033e-01 
 4.27800000e-08 -1.03644096e-01 
 4.28000000e-08 -1.03430971e-01 
 4.28200000e-08 -1.03202640e-01 
 4.28400000e-08 -1.02959086e-01 
 4.28600000e-08 -1.02700295e-01 
 4.28800000e-08 -1.02426251e-01 
 4.29000000e-08 -1.02136939e-01 
 4.29200000e-08 -1.01832346e-01 
 4.29400000e-08 -1.01512459e-01 
 4.29600000e-08 -1.01177268e-01 
 4.29800000e-08 -1.00826762e-01 
 4.30000000e-08 -1.00460932e-01 
 4.30200000e-08 -1.00079771e-01 
 4.30400000e-08 -9.96832707e-02 
 4.30600000e-08 -9.92714277e-02 
 4.30800000e-08 -9.88442384e-02 
 4.31000000e-08 -9.84017011e-02 
 4.31200000e-08 -9.79438158e-02 
 4.31400000e-08 -9.74705846e-02 
 4.31600000e-08 -9.69820114e-02 
 4.31800000e-08 -9.64781020e-02 
 4.32000000e-08 -9.59588647e-02 
 4.32200000e-08 -9.54243097e-02 
 4.32400000e-08 -9.48744499e-02 
 4.32600000e-08 -9.43093005e-02 
 4.32800000e-08 -9.37288792e-02 
 4.33000000e-08 -9.31332065e-02 
 4.33200000e-08 -9.25223058e-02 
 4.33400000e-08 -9.18962032e-02 
 4.33600000e-08 -9.12549278e-02 
 4.33800000e-08 -9.05985120e-02 
 4.34000000e-08 -8.99269913e-02 
 4.34200000e-08 -8.92404046e-02 
 4.34400000e-08 -8.85387941e-02 
 4.34600000e-08 -8.78222057e-02 
 4.34800000e-08 -8.70906889e-02 
 4.35000000e-08 -8.63442968e-02 
 4.35200000e-08 -8.55830865e-02 
 4.35400000e-08 -8.48071191e-02 
 4.35600000e-08 -8.40164595e-02 
 4.35800000e-08 -8.32111768e-02 
 4.36000000e-08 -8.23913446e-02 
 4.36200000e-08 -8.15570403e-02 
 4.36400000e-08 -8.07083461e-02 
 4.36600000e-08 -7.98453484e-02 
 4.36800000e-08 -7.89681384e-02 
 4.37000000e-08 -7.80768116e-02 
 4.37200000e-08 -7.71714683e-02 
 4.37400000e-08 -7.62522137e-02 
 4.37600000e-08 -7.53191575e-02 
 4.37800000e-08 -7.43724145e-02 
 4.38000000e-08 -7.34121042e-02 
 4.38200000e-08 -7.24383511e-02 
 4.38400000e-08 -7.14512847e-02 
 4.38600000e-08 -7.04510396e-02 
 4.38800000e-08 -6.94377551e-02 
 4.39000000e-08 -6.84115759e-02 
 4.39200000e-08 -6.73726514e-02 
 4.39400000e-08 -6.63211365e-02 
 4.39600000e-08 -6.52571908e-02 
 4.39800000e-08 -6.41809791e-02 
 4.40000000e-08 -6.30926711e-02 
 4.40200000e-08 -6.19924417e-02 
 4.40400000e-08 -6.08804708e-02 
 4.40600000e-08 -5.97569430e-02 
 4.40800000e-08 -5.86220482e-02 
 4.41000000e-08 -5.74759808e-02 
 4.41200000e-08 -5.63189402e-02 
 4.41400000e-08 -5.51511307e-02 
 4.41600000e-08 -5.39727610e-02 
 4.41800000e-08 -5.27840447e-02 
 4.42000000e-08 -5.15851996e-02 
 4.42200000e-08 -5.03764483e-02 
 4.42400000e-08 -4.91580176e-02 
 4.42600000e-08 -4.79301386e-02 
 4.42800000e-08 -4.66930465e-02 
 4.43000000e-08 -4.54469806e-02 
 4.43200000e-08 -4.41921842e-02 
 4.43400000e-08 -4.29289044e-02 
 4.43600000e-08 -4.16573918e-02 
 4.43800000e-08 -4.03779008e-02 
 4.44000000e-08 -3.90906892e-02 
 4.44200000e-08 -3.77960180e-02 
 4.44400000e-08 -3.64941513e-02 
 4.44600000e-08 -3.51853563e-02 
 4.44800000e-08 -3.38699031e-02 
 4.45000000e-08 -3.25480644e-02 
 4.45200000e-08 -3.12201154e-02 
 4.45400000e-08 -2.98863338e-02 
 4.45600000e-08 -2.85469994e-02 
 4.45800000e-08 -2.72023942e-02 
 4.46000000e-08 -2.58528019e-02 
 4.46200000e-08 -2.44985080e-02 
 4.46400000e-08 -2.31397996e-02 
 4.46600000e-08 -2.17769651e-02 
 4.46800000e-08 -2.04102942e-02 
 4.47000000e-08 -1.90400775e-02 
 4.47200000e-08 -1.76666066e-02 
 4.47400000e-08 -1.62901737e-02 
 4.47600000e-08 -1.49110715e-02 
 4.47800000e-08 -1.35295932e-02 
 4.48000000e-08 -1.21460321e-02 
 4.48200000e-08 -1.07606815e-02 
 4.48400000e-08 -9.37383455e-03 
 4.48600000e-08 -7.98578410e-03 
 4.48800000e-08 -6.59682253e-03 
 4.49000000e-08 -5.20724160e-03 
 4.49200000e-08 -3.81733226e-03 
 4.49400000e-08 -2.42738452e-03 
 4.49600000e-08 -1.03768729e-03 
 4.49800000e-08  3.51471776e-04 
 4.50000000e-08  1.73980639e-03 
 4.50200000e-08  3.12703183e-03 
 4.50400000e-08  4.51286501e-03 
 4.50600000e-08  5.89702469e-03 
 4.50800000e-08  7.27923155e-03 
 4.51000000e-08  8.65920832e-03 
 4.51200000e-08  1.00366799e-02 
 4.51400000e-08  1.14113737e-02 
 4.51600000e-08  1.27830191e-02 
 4.51800000e-08  1.41513485e-02 
 4.52000000e-08  1.55160967e-02 
 4.52200000e-08  1.68770013e-02 
 4.52400000e-08  1.82338025e-02 
 4.52600000e-08  1.95862439e-02 
 4.52800000e-08  2.09340717e-02 
 4.53000000e-08  2.22770353e-02 
 4.53200000e-08  2.36148874e-02 
 4.53400000e-08  2.49473839e-02 
 4.53600000e-08  2.62742840e-02 
 4.53800000e-08  2.75953502e-02 
 4.54000000e-08  2.89103485e-02 
 4.54200000e-08  3.02190485e-02 
 4.54400000e-08  3.15212232e-02 
 4.54600000e-08  3.28166494e-02 
 4.54800000e-08  3.41051073e-02 
 4.55000000e-08  3.53863810e-02 
 4.55200000e-08  3.66602581e-02 
 4.55400000e-08  3.79265301e-02 
 4.55600000e-08  3.91849922e-02 
 4.55800000e-08  4.04354435e-02 
 4.56000000e-08  4.16776867e-02 
 4.56200000e-08  4.29115285e-02 
 4.56400000e-08  4.41367795e-02 
 4.56600000e-08  4.53532538e-02 
 4.56800000e-08  4.65607696e-02 
 4.57000000e-08  4.77591490e-02 
 4.57200000e-08  4.89482178e-02 
 4.57400000e-08  5.01278056e-02 
 4.57600000e-08  5.12977459e-02 
 4.57800000e-08  5.24578760e-02 
 4.58000000e-08  5.36080369e-02 
 4.58200000e-08  5.47480735e-02 
 4.58400000e-08  5.58778344e-02 
 4.58600000e-08  5.69971717e-02 
 4.58800000e-08  5.81059416e-02 
 4.59000000e-08  5.92040035e-02 
 4.59200000e-08  6.02912208e-02 
 4.59400000e-08  6.13674603e-02 
 4.59600000e-08  6.24325924e-02 
 4.59800000e-08  6.34864910e-02 
 4.60000000e-08  6.45290333e-02 
 4.60200000e-08  6.55601003e-02 
 4.60400000e-08  6.65795760e-02 
 4.60600000e-08  6.75873480e-02 
 4.60800000e-08  6.85833070e-02 
 4.61000000e-08  6.95673469e-02 
 4.61200000e-08  7.05393649e-02 
 4.61400000e-08  7.14992613e-02 
 4.61600000e-08  7.24469394e-02 
 4.61800000e-08  7.33823056e-02 
 4.62000000e-08  7.43052691e-02 
 4.62200000e-08  7.52157421e-02 
 4.62400000e-08  7.61136396e-02 
 4.62600000e-08  7.69988794e-02 
 4.62800000e-08  7.78713818e-02 
 4.63000000e-08  7.87310701e-02 
 4.63200000e-08  7.95778699e-02 
 4.63400000e-08  8.04117094e-02 
 4.63600000e-08  8.12325193e-02 
 4.63800000e-08  8.20402325e-02 
 4.64000000e-08  8.28347845e-02 
 4.64200000e-08  8.36161128e-02 
 4.64400000e-08  8.43841572e-02 
 4.64600000e-08  8.51388596e-02 
 4.64800000e-08  8.58801639e-02 
 4.65000000e-08  8.66080162e-02 
 4.65200000e-08  8.73223643e-02 
 4.65400000e-08  8.80231579e-02 
 4.65600000e-08  8.87103485e-02 
 4.65800000e-08  8.93838893e-02 
 4.66000000e-08  9.00437354e-02 
 4.66200000e-08  9.06898431e-02 
 4.66400000e-08  9.13221704e-02 
 4.66600000e-08  9.19406769e-02 
 4.66800000e-08  9.25453235e-02 
 4.67000000e-08  9.31360723e-02 
 4.67200000e-08  9.37128869e-02 
 4.67400000e-08  9.42757320e-02 
 4.67600000e-08  9.48245734e-02 
 4.67800000e-08  9.53593782e-02 
 4.68000000e-08  9.58801143e-02 
 4.68200000e-08  9.63867508e-02 
 4.68400000e-08  9.68792575e-02 
 4.68600000e-08  9.73576052e-02 
 4.68800000e-08  9.78217656e-02 
 4.69000000e-08  9.82717109e-02 
 4.69200000e-08  9.87074142e-02 
 4.69400000e-08  9.91288492e-02 
 4.69600000e-08  9.95359903e-02 
 4.69800000e-08  9.99288123e-02 
 4.70000000e-08  1.00307291e-01 
 4.70200000e-08  1.00671401e-01 
 4.70400000e-08  1.01021120e-01 
 4.70600000e-08  1.01356424e-01 
 4.70800000e-08  1.01677291e-01 
 4.71000000e-08  1.01983697e-01 
 4.71200000e-08  1.02275620e-01 
 4.71400000e-08  1.02553038e-01 
 4.71600000e-08  1.02815929e-01 
 4.71800000e-08  1.03064272e-01 
 4.72000000e-08  1.03298044e-01 
 4.72200000e-08  1.03517224e-01 
 4.72400000e-08  1.03721791e-01 
 4.72600000e-08  1.03911724e-01 
 4.72800000e-08  1.04087001e-01 
 4.73000000e-08  1.04247601e-01 
 4.73200000e-08  1.04393502e-01 
 4.73400000e-08  1.04524685e-01 
 4.73600000e-08  1.04641127e-01 
 4.73800000e-08  1.04742807e-01 
 4.74000000e-08  1.04829704e-01 
 4.74200000e-08  1.04901798e-01 
 4.74400000e-08  1.04959066e-01 
 4.74600000e-08  1.05001489e-01 
 4.74800000e-08  1.05029043e-01 
 4.75000000e-08  1.05041709e-01 
 4.75200000e-08  1.05039466e-01 
 4.75400000e-08  1.05022292e-01 
 4.75600000e-08  1.04990166e-01 
 4.75800000e-08  1.04943067e-01 
 4.76000000e-08  1.04880975e-01 
 4.76200000e-08  1.04803868e-01 
 4.76400000e-08  1.04711727e-01 
 4.76600000e-08  1.04604531e-01 
 4.76800000e-08  1.04482260e-01 
 4.77000000e-08  1.04344894e-01 
 4.77200000e-08  1.04192414e-01 
 4.77400000e-08  1.04024800e-01 
 4.77600000e-08  1.03842033e-01 
 4.77800000e-08  1.03644096e-01 
 4.78000000e-08  1.03430971e-01 
 4.78200000e-08  1.03202640e-01 
 4.78400000e-08  1.02959086e-01 
 4.78600000e-08  1.02700295e-01 
 4.78800000e-08  1.02426251e-01 
 4.79000000e-08  1.02136939e-01 
 4.79200000e-08  1.01832346e-01 
 4.79400000e-08  1.01512459e-01 
 4.79600000e-08  1.01177268e-01 
 4.79800000e-08  1.00826762e-01 
 4.80000000e-08  1.00460932e-01 
 4.80200000e-08  1.00079771e-01 
 4.80400000e-08  9.96832707e-02 
 4.80600000e-08  9.92714277e-02 
 4.80800000e-08  9.88442384e-02 
 4.81000000e-08  9.84017011e-02 
 4.81200000e-08  9.79438158e-02 
 4.81400000e-08  9.74705846e-02 
 4.81600000e-08  9.69820114e-02 
 4.81800000e-08  9.64781020e-02 
 4.82000000e-08  9.59588647e-02 
 4.82200000e-08  9.54243097e-02 
 4.82400000e-08  9.48744499e-02 
 4.82600000e-08  9.43093005e-02 
 4.82800000e-08  9.37288792e-02 
 4.83000000e-08  9.31332065e-02 
 4.83200000e-08  9.25223058e-02 
 4.83400000e-08  9.18962032e-02 
 4.83600000e-08  9.12549278e-02 
 4.83800000e-08  9.05985120e-02 
 4.84000000e-08  8.99269913e-02 
 4.84200000e-08  8.92404046e-02 
 4.84400000e-08  8.85387941e-02 
 4.84600000e-08  8.78222057e-02 
 4.84800000e-08  8.70906889e-02 
 4.85000000e-08  8.63442968e-02 
 4.85200000e-08  8.55830865e-02 
 4.85400000e-08  8.48071191e-02 
 4.85600000e-08  8.40164595e-02 
 4.85800000e-08  8.32111768e-02 
 4.86000000e-08  8.23913446e-02 
 4.86200000e-08  8.15570403e-02 
 4.86400000e-08  8.07083461e-02 
 4.86600000e-08  7.98453484e-02 
 4.86800000e-08  7.89681384e-02 
 4.87000000e-08  7.80768116e-02 
 4.87200000e-08  7.71714683e-02 
 4.87400000e-08  7.62522137e-02 
 4.87600000e-08  7.53191575e-02 
 4.87800000e-08  7.43724145e-02 
 4.88000000e-08  7.34121042e-02 
 4.88200000e-08  7.24383511e-02 
 4.88400000e-08  7.14512847e-02 
 4.88600000e-08  7.04510396e-02 
 4.88800000e-08  6.94377551e-02 
 4.89000000e-08  6.84115759e-02 
 4.89200000e-08  6.73726514e-02 
 4.89400000e-08  6.63211365e-02 
 4.89600000e-08  6.52571908e-02 
 4.89800000e-08  6.41809791e-02 
 4.90000000e-08  6.30926711e-02 
 4.90200000e-08  6.19924417e-02 
 4.90400000e-08  6.08804708e-02 
 4.90600000e-08  5.97569430e-02 
 4.90800000e-08  5.86220482e-02 
 4.91000000e-08  5.74759808e-02 
 4.91200000e-08  5.63189402e-02 
 4.91400000e-08  5.51511307e-02 
 4.91600000e-08  5.39727610e-02 
 4.91800000e-08  5.27840447e-02 
 4.92000000e-08  5.15851996e-02 
 4.92200000e-08  5.03764483e-02 
 4.92400000e-08  4.91580176e-02 
 4.92600000e-08  4.79301386e-02 
 4.92800000e-08  4.66930465e-02 
 4.93000000e-08  4.54469806e-02 
 4.93200000e-08  4.41921842e-02 
 4.93400000e-08  4.29289044e-02 
 4.93600000e-08  4.16573918e-02 
 4.93800000e-08  4.03779008e-02 
 4.94000000e-08  3.90906892e-02 
 4.94200000e-08  3.77960180e-02 
 4.94400000e-08  3.64941513e-02 
 4.94600000e-08  3.51853563e-02 
 4.94800000e-08  3.38699031e-02 
 4.95000000e-08  3.25480644e-02 
 4.95200000e-08  3.12201154e-02 
 4.95400000e-08  2.98863338e-02 
 4.95600000e-08  2.85469994e-02 
 4.95800000e-08  2.72023942e-02 
 4.96000000e-08  2.58528019e-02 
 4.96200000e-08  2.44985080e-02 
 4.96400000e-08  2.31397996e-02 
 4.96600000e-08  2.17769651e-02 
 4.96800000e-08  2.04102942e-02 
 4.97000000e-08  1.90400775e-02 
 4.97200000e-08  1.76666066e-02 
 4.97400000e-08  1.62901737e-02 
 4.97600000e-08  1.49110715e-02 
 4.97800000e-08  1.35295932e-02 
 4.98000000e-08  1.21460321e-02 
 4.98200000e-08  1.07606815e-02 
 4.98400000e-08  9.37383455e-03 
 4.98600000e-08  7.98578410e-03 
 4.98800000e-08  6.59682253e-03 
 4.99000000e-08  5.20724160e-03 
 4.99200000e-08  3.81733226e-03 
 4.99400000e-08  2.42738452e-03 
 4.99600000e-08  1.03768729e-03 
 4.99800000e-08 -3.51471775e-04 
 5.00000000e-08 -1.73980639e-03 
 5.00200000e-08 -3.12703183e-03 
 5.00400000e-08 -4.51286501e-03 
 5.00600000e-08 -5.89702469e-03 
 5.00800000e-08 -7.27923155e-03 
 5.01000000e-08 -8.65920832e-03 
 5.01200000e-08 -1.00366799e-02 
 5.01400000e-08 -1.14113737e-02 
 5.01600000e-08 -1.27830191e-02 
 5.01800000e-08 -1.41513485e-02 
 5.02000000e-08 -1.55160967e-02 
 5.02200000e-08 -1.68770013e-02 
 5.02400000e-08 -1.82338025e-02 
 5.02600000e-08 -1.95862439e-02 
 5.02800000e-08 -2.09340717e-02 
 5.03000000e-08 -2.22770353e-02 
 5.03200000e-08 -2.36148874e-02 
 5.03400000e-08 -2.49473839e-02 
 5.03600000e-08 -2.62742840e-02 
 5.03800000e-08 -2.75953502e-02 
 5.04000000e-08 -2.89103485e-02 
 5.04200000e-08 -3.02190485e-02 
 5.04400000e-08 -3.15212232e-02 
 5.04600000e-08 -3.28166494e-02 
 5.04800000e-08 -3.41051073e-02 
 5.05000000e-08 -3.53863810e-02 
 5.05200000e-08 -3.66602581e-02 
 5.05400000e-08 -3.79265301e-02 
 5.05600000e-08 -3.91849922e-02 
 5.05800000e-08 -4.04354435e-02 
 5.06000000e-08 -4.16776867e-02 
 5.06200000e-08 -4.29115285e-02 
 5.06400000e-08 -4.41367795e-02 
 5.06600000e-08 -4.53532538e-02 
 5.06800000e-08 -4.65607696e-02 
 5.07000000e-08 -4.77591490e-02 
 5.07200000e-08 -4.89482178e-02 
 5.07400000e-08 -5.01278056e-02 
 5.07600000e-08 -5.12977459e-02 
 5.07800000e-08 -5.24578760e-02 
 5.08000000e-08 -5.36080369e-02 
 5.08200000e-08 -5.47480735e-02 
 5.08400000e-08 -5.58778344e-02 
 5.08600000e-08 -5.69971717e-02 
 5.08800000e-08 -5.81059416e-02 
 5.09000000e-08 -5.92040035e-02 
 5.09200000e-08 -6.02912208e-02 
 5.09400000e-08 -6.13674603e-02 
 5.09600000e-08 -6.24325924e-02 
 5.09800000e-08 -6.34864910e-02 
 5.10000000e-08 -6.45290333e-02 
 5.10200000e-08 -6.55601003e-02 
 5.10400000e-08 -6.65795760e-02 
 5.10600000e-08 -6.75873480e-02 
 5.10800000e-08 -6.85833070e-02 
 5.11000000e-08 -6.95673469e-02 
 5.11200000e-08 -7.05393649e-02 
 5.11400000e-08 -7.14992613e-02 
 5.11600000e-08 -7.24469394e-02 
 5.11800000e-08 -7.33823056e-02 
 5.12000000e-08 -7.43052691e-02 
 5.12200000e-08 -7.52157421e-02 
 5.12400000e-08 -7.61136396e-02 
 5.12600000e-08 -7.69988794e-02 
 5.12800000e-08 -7.78713818e-02 
 5.13000000e-08 -7.87310701e-02 
 5.13200000e-08 -7.95778699e-02 
 5.13400000e-08 -8.04117094e-02 
 5.13600000e-08 -8.12325193e-02 
 5.13800000e-08 -8.20402325e-02 
 5.14000000e-08 -8.28347845e-02 
 5.14200000e-08 -8.36161128e-02 
 5.14400000e-08 -8.43841572e-02 
 5.14600000e-08 -8.51388596e-02 
 5.14800000e-08 -8.58801639e-02 
 5.15000000e-08 -8.66080162e-02 
 5.15200000e-08 -8.73223643e-02 
 5.15400000e-08 -8.80231579e-02 
 5.15600000e-08 -8.87103485e-02 
 5.15800000e-08 -8.93838893e-02 
 5.16000000e-08 -9.00437354e-02 
 5.16200000e-08 -9.06898431e-02 
 5.16400000e-08 -9.13221704e-02 
 5.16600000e-08 -9.19406769e-02 
 5.16800000e-08 -9.25453235e-02 
 5.17000000e-08 -9.31360723e-02 
 5.17200000e-08 -9.37128869e-02 
 5.17400000e-08 -9.42757320e-02 
 5.17600000e-08 -9.48245734e-02 
 5.17800000e-08 -9.53593782e-02 
 5.18000000e-08 -9.58801143e-02 
 5.18200000e-08 -9.63867508e-02 
 5.18400000e-08 -9.68792575e-02 
 5.18600000e-08 -9.73576052e-02 
 5.18800000e-08 -9.78217656e-02 
 5.19000000e-08 -9.82717109e-02 
 5.19200000e-08 -9.87074142e-02 
 5.19400000e-08 -9.91288492e-02 
 5.19600000e-08 -9.95359903e-02 
 5.19800000e-08 -9.99288123e-02 
 5.20000000e-08 -1.00307291e-01 
 5.20200000e-08 -1.00671401e-01 
 5.20400000e-08 -1.01021120e-01 
 5.20600000e-08 -1.01356424e-01 
 5.20800000e-08 -1.01677291e-01 
 5.21000000e-08 -1.01983697e-01 
 5.21200000e-08 -1.02275620e-01 
 5.21400000e-08 -1.02553038e-01 
 5.21600000e-08 -1.02815929e-01 
 5.21800000e-08 -1.03064272e-01 
 5.22000000e-08 -1.03298044e-01 
 5.22200000e-08 -1.03517224e-01 
 5.22400000e-08 -1.03721791e-01 
 5.22600000e-08 -1.03911724e-01 
 5.22800000e-08 -1.04087001e-01 
 5.23000000e-08 -1.04247601e-01 
 5.23200000e-08 -1.04393502e-01 
 5.23400000e-08 -1.04524685e-01 
 5.23600000e-08 -1.04641127e-01 
 5.23800000e-08 -1.04742807e-01 
 5.24000000e-08 -1.04829704e-01 
 5.24200000e-08 -1.04901798e-01 
 5.24400000e-08 -1.04959066e-01 
 5.24600000e-08 -1.05001489e-01 
 5.24800000e-08 -1.05029043e-01 
 5.25000000e-08 -1.05041709e-01 
 5.25200000e-08 -1.05039466e-01 
 5.25400000e-08 -1.05022292e-01 
 5.25600000e-08 -1.04990166e-01 
 5.25800000e-08 -1.04943067e-01 
 5.26000000e-08 -1.04880975e-01 
 5.26200000e-08 -1.04803868e-01 
 5.26400000e-08 -1.04711727e-01 
 5.26600000e-08 -1.04604531e-01 
 5.26800000e-08 -1.04482260e-01 
 5.27000000e-08 -1.04344894e-01 
 5.27200000e-08 -1.04192414e-01 
 5.27400000e-08 -1.04024800e-01 
 5.27600000e-08 -1.03842033e-01 
 5.27800000e-08 -1.03644096e-01 
 5.28000000e-08 -1.03430971e-01 
 5.28200000e-08 -1.03202640e-01 
 5.28400000e-08 -1.02959086e-01 
 5.28600000e-08 -1.02700295e-01 
 5.28800000e-08 -1.02426251e-01 
 5.29000000e-08 -1.02136939e-01 
 5.29200000e-08 -1.01832346e-01 
 5.29400000e-08 -1.01512459e-01 
 5.29600000e-08 -1.01177268e-01 
 5.29800000e-08 -1.00826762e-01 
 5.30000000e-08 -1.00460932e-01 
 5.30200000e-08 -1.00079771e-01 
 5.30400000e-08 -9.96832707e-02 
 5.30600000e-08 -9.92714277e-02 
 5.30800000e-08 -9.88442384e-02 
 5.31000000e-08 -9.84017011e-02 
 5.31200000e-08 -9.79438158e-02 
 5.31400000e-08 -9.74705846e-02 
 5.31600000e-08 -9.69820114e-02 
 5.31800000e-08 -9.64781020e-02 
 5.32000000e-08 -9.59588647e-02 
 5.32200000e-08 -9.54243097e-02 
 5.32400000e-08 -9.48744499e-02 
 5.32600000e-08 -9.43093005e-02 
 5.32800000e-08 -9.37288792e-02 
 5.33000000e-08 -9.31332065e-02 
 5.33200000e-08 -9.25223058e-02 
 5.33400000e-08 -9.18962032e-02 
 5.33600000e-08 -9.12549278e-02 
 5.33800000e-08 -9.05985120e-02 
 5.34000000e-08 -8.99269913e-02 
 5.34200000e-08 -8.92404046e-02 
 5.34400000e-08 -8.85387941e-02 
 5.34600000e-08 -8.78222057e-02 
 5.34800000e-08 -8.70906889e-02 
 5.35000000e-08 -8.63442968e-02 
 5.35200000e-08 -8.55830865e-02 
 5.35400000e-08 -8.48071191e-02 
 5.35600000e-08 -8.40164595e-02 
 5.35800000e-08 -8.32111768e-02 
 5.36000000e-08 -8.23913446e-02 
 5.36200000e-08 -8.15570403e-02 
 5.36400000e-08 -8.07083461e-02 
 5.36600000e-08 -7.98453484e-02 
 5.36800000e-08 -7.89681384e-02 
 5.37000000e-08 -7.80768116e-02 
 5.37200000e-08 -7.71714683e-02 
 5.37400000e-08 -7.62522137e-02 
 5.37600000e-08 -7.53191575e-02 
 5.37800000e-08 -7.43724145e-02 
 5.38000000e-08 -7.34121042e-02 
 5.38200000e-08 -7.24383511e-02 
 5.38400000e-08 -7.14512847e-02 
 5.38600000e-08 -7.04510396e-02 
 5.38800000e-08 -6.94377551e-02 
 5.39000000e-08 -6.84115759e-02 
 5.39200000e-08 -6.73726514e-02 
 5.39400000e-08 -6.63211365e-02 
 5.39600000e-08 -6.52571908e-02 
 5.39800000e-08 -6.41809791e-02 
 5.40000000e-08 -6.30926711e-02 
 5.40200000e-08 -6.19924417e-02 
 5.40400000e-08 -6.08804708e-02 
 5.40600000e-08 -5.97569430e-02 
 5.40800000e-08 -5.86220482e-02 
 5.41000000e-08 -5.74759808e-02 
 5.41200000e-08 -5.63189402e-02 
 5.41400000e-08 -5.51511307e-02 
 5.41600000e-08 -5.39727610e-02 
 5.41800000e-08 -5.27840447e-02 
 5.42000000e-08 -5.15851996e-02 
 5.42200000e-08 -5.03764483e-02 
 5.42400000e-08 -4.91580176e-02 
 5.42600000e-08 -4.79301386e-02 
 5.42800000e-08 -4.66930465e-02 
 5.43000000e-08 -4.54469806e-02 
 5.43200000e-08 -4.41921842e-02 
 5.43400000e-08 -4.29289044e-02 
 5.43600000e-08 -4.16573918e-02 
 5.43800000e-08 -4.03779008e-02 
 5.44000000e-08 -3.90906892e-02 
 5.44200000e-08 -3.77960180e-02 
 5.44400000e-08 -3.64941513e-02 
 5.44600000e-08 -3.51853563e-02 
 5.44800000e-08 -3.38699031e-02 
 5.45000000e-08 -3.25480644e-02 
 5.45200000e-08 -3.12201154e-02 
 5.45400000e-08 -2.98863338e-02 
 5.45600000e-08 -2.85469994e-02 
 5.45800000e-08 -2.72023942e-02 
 5.46000000e-08 -2.58528019e-02 
 5.46200000e-08 -2.44985080e-02 
 5.46400000e-08 -2.31397996e-02 
 5.46600000e-08 -2.17769651e-02 
 5.46800000e-08 -2.04102942e-02 
 5.47000000e-08 -1.90400775e-02 
 5.47200000e-08 -1.76666066e-02 
 5.47400000e-08 -1.62901737e-02 
 5.47600000e-08 -1.49110715e-02 
 5.47800000e-08 -1.35295932e-02 
 5.48000000e-08 -1.21460321e-02 
 5.48200000e-08 -1.07606815e-02 
 5.48400000e-08 -9.37383455e-03 
 5.48600000e-08 -7.98578410e-03 
 5.48800000e-08 -6.59682253e-03 
 5.49000000e-08 -5.20724160e-03 
 5.49200000e-08 -3.81733226e-03 
 5.49400000e-08 -2.42738452e-03 
 5.49600000e-08 -1.03768729e-03 
 5.49800000e-08  3.51471776e-04 
 5.50000000e-08  1.73980639e-03 
 5.50200000e-08  3.12703183e-03 
 5.50400000e-08  4.51286501e-03 
 5.50600000e-08  5.89702469e-03 
 5.50800000e-08  7.27923155e-03 
 5.51000000e-08  8.65920832e-03 
 5.51200000e-08  1.00366799e-02 
 5.51400000e-08  1.14113737e-02 
 5.51600000e-08  1.27830191e-02 
 5.51800000e-08  1.41513485e-02 
 5.52000000e-08  1.55160967e-02 
 5.52200000e-08  1.68770013e-02 
 5.52400000e-08  1.82338025e-02 
 5.52600000e-08  1.95862439e-02 
 5.52800000e-08  2.09340717e-02 
 5.53000000e-08  2.22770353e-02 
 5.53200000e-08  2.36148874e-02 
 5.53400000e-08  2.49473839e-02 
 5.53600000e-08  2.62742840e-02 
 5.53800000e-08  2.75953502e-02 
 5.54000000e-08  2.89103485e-02 
 5.54200000e-08  3.02190485e-02 
 5.54400000e-08  3.15212232e-02 
 5.54600000e-08  3.28166494e-02 
 5.54800000e-08  3.41051073e-02 
 5.55000000e-08  3.53863810e-02 
 5.55200000e-08  3.66602581e-02 
 5.55400000e-08  3.79265301e-02 
 5.55600000e-08  3.91849922e-02 
 5.55800000e-08  4.04354435e-02 
 5.56000000e-08  4.16776867e-02 
 5.56200000e-08  4.29115285e-02 
 5.56400000e-08  4.41367795e-02 
 5.56600000e-08  4.53532538e-02 
 5.56800000e-08  4.65607696e-02 
 5.57000000e-08  4.77591490e-02 
 5.57200000e-08  4.89482178e-02 
 5.57400000e-08  5.01278056e-02 
 5.57600000e-08  5.12977459e-02 
 5.57800000e-08  5.24578760e-02 
 5.58000000e-08  5.36080369e-02 
 5.58200000e-08  5.47480735e-02 
 5.58400000e-08  5.58778344e-02 
 5.58600000e-08  5.69971717e-02 
 5.58800000e-08  5.81059416e-02 
 5.59000000e-08  5.92040035e-02 
 5.59200000e-08  6.02912208e-02 
 5.59400000e-08  6.13674603e-02 
 5.59600000e-08  6.24325924e-02 
 5.59800000e-08  6.34864910e-02 
 5.60000000e-08  6.45290333e-02 
 5.60200000e-08  6.55601003e-02 
 5.60400000e-08  6.65795760e-02 
 5.60600000e-08  6.75873480e-02 
 5.60800000e-08  6.85833070e-02 
 5.61000000e-08  6.95673469e-02 
 5.61200000e-08  7.05393649e-02 
 5.61400000e-08  7.14992613e-02 
 5.61600000e-08  7.24469394e-02 
 5.61800000e-08  7.33823056e-02 
 5.62000000e-08  7.43052691e-02 
 5.62200000e-08  7.52157421e-02 
 5.62400000e-08  7.61136396e-02 
 5.62600000e-08  7.69988794e-02 
 5.62800000e-08  7.78713818e-02 
 5.63000000e-08  7.87310701e-02 
 5.63200000e-08  7.95778699e-02 
 5.63400000e-08  8.04117094e-02 
 5.63600000e-08  8.12325193e-02 
 5.63800000e-08  8.20402325e-02 
 5.64000000e-08  8.28347845e-02 
 5.64200000e-08  8.36161128e-02 
 5.64400000e-08  8.43841572e-02 
 5.64600000e-08  8.51388596e-02 
 5.64800000e-08  8.58801639e-02 
 5.65000000e-08  8.66080162e-02 
 5.65200000e-08  8.73223643e-02 
 5.65400000e-08  8.80231579e-02 
 5.65600000e-08  8.87103485e-02 
 5.65800000e-08  8.93838893e-02 
 5.66000000e-08  9.00437354e-02 
 5.66200000e-08  9.06898431e-02 
 5.66400000e-08  9.13221704e-02 
 5.66600000e-08  9.19406769e-02 
 5.66800000e-08  9.25453235e-02 
 5.67000000e-08  9.31360723e-02 
 5.67200000e-08  9.37128869e-02 
 5.67400000e-08  9.42757320e-02 
 5.67600000e-08  9.48245734e-02 
 5.67800000e-08  9.53593782e-02 
 5.68000000e-08  9.58801143e-02 
 5.68200000e-08  9.63867508e-02 
 5.68400000e-08  9.68792575e-02 
 5.68600000e-08  9.73576052e-02 
 5.68800000e-08  9.78217656e-02 
 5.69000000e-08  9.82717109e-02 
 5.69200000e-08  9.87074142e-02 
 5.69400000e-08  9.91288492e-02 
 5.69600000e-08  9.95359903e-02 
 5.69800000e-08  9.99288123e-02 
 5.70000000e-08  1.00307291e-01 
 5.70200000e-08  1.00671401e-01 
 5.70400000e-08  1.01021120e-01 
 5.70600000e-08  1.01356424e-01 
 5.70800000e-08  1.01677291e-01 
 5.71000000e-08  1.01983697e-01 
 5.71200000e-08  1.02275620e-01 
 5.71400000e-08  1.02553038e-01 
 5.71600000e-08  1.02815929e-01 
 5.71800000e-08  1.03064272e-01 
 5.72000000e-08  1.03298044e-01 
 5.72200000e-08  1.03517224e-01 
 5.72400000e-08  1.03721791e-01 
 5.72600000e-08  1.03911724e-01 
 5.72800000e-08  1.04087001e-01 
 5.73000000e-08  1.04247601e-01 
 5.73200000e-08  1.04393502e-01 
 5.73400000e-08  1.04524685e-01 
 5.73600000e-08  1.04641127e-01 
 5.73800000e-08  1.04742807e-01 
 5.74000000e-08  1.04829704e-01 
 5.74200000e-08  1.04901798e-01 
 5.74400000e-08  1.04959066e-01 
 5.74600000e-08  1.05001489e-01 
 5.74800000e-08  1.05029043e-01 
 5.75000000e-08  1.05041709e-01 
 5.75200000e-08  1.05039466e-01 
 5.75400000e-08  1.05022292e-01 
 5.75600000e-08  1.04990166e-01 
 5.75800000e-08  1.04943067e-01 
 5.76000000e-08  1.04880975e-01 
 5.76200000e-08  1.04803868e-01 
 5.76400000e-08  1.04711727e-01 
 5.76600000e-08  1.04604531e-01 
 5.76800000e-08  1.04482260e-01 
 5.77000000e-08  1.04344894e-01 
 5.77200000e-08  1.04192414e-01 
 5.77400000e-08  1.04024800e-01 
 5.77600000e-08  1.03842033e-01 
 5.77800000e-08  1.03644096e-01 
 5.78000000e-08  1.03430971e-01 
 5.78200000e-08  1.03202640e-01 
 5.78400000e-08  1.02959086e-01 
 5.78600000e-08  1.02700295e-01 
 5.78800000e-08  1.02426251e-01 
 5.79000000e-08  1.02136939e-01 
 5.79200000e-08  1.01832346e-01 
 5.79400000e-08  1.01512459e-01 
 5.79600000e-08  1.01177268e-01 
 5.79800000e-08  1.00826762e-01 
 5.80000000e-08  1.00460932e-01 
 5.80200000e-08  1.00079771e-01 
 5.80400000e-08  9.96832707e-02 
 5.80600000e-08  9.92714277e-02 
 5.80800000e-08  9.88442384e-02 
 5.81000000e-08  9.84017011e-02 
 5.81200000e-08  9.79438158e-02 
 5.81400000e-08  9.74705846e-02 
 5.81600000e-08  9.69820114e-02 
 5.81800000e-08  9.64781020e-02 
 5.82000000e-08  9.59588647e-02 
 5.82200000e-08  9.54243097e-02 
 5.82400000e-08  9.48744499e-02 
 5.82600000e-08  9.43093005e-02 
 5.82800000e-08  9.37288792e-02 
 5.83000000e-08  9.31332065e-02 
 5.83200000e-08  9.25223058e-02 
 5.83400000e-08  9.18962032e-02 
 5.83600000e-08  9.12549278e-02 
 5.83800000e-08  9.05985120e-02 
 5.84000000e-08  8.99269913e-02 
 5.84200000e-08  8.92404046e-02 
 5.84400000e-08  8.85387941e-02 
 5.84600000e-08  8.78222057e-02 
 5.84800000e-08  8.70906889e-02 
 5.85000000e-08  8.63442968e-02 
 5.85200000e-08  8.55830865e-02 
 5.85400000e-08  8.48071191e-02 
 5.85600000e-08  8.40164595e-02 
 5.85800000e-08  8.32111768e-02 
 5.86000000e-08  8.23913446e-02 
 5.86200000e-08  8.15570403e-02 
 5.86400000e-08  8.07083461e-02 
 5.86600000e-08  7.98453484e-02 
 5.86800000e-08  7.89681384e-02 
 5.87000000e-08  7.80768116e-02 
 5.87200000e-08  7.71714683e-02 
 5.87400000e-08  7.62522137e-02 
 5.87600000e-08  7.53191575e-02 
 5.87800000e-08  7.43724145e-02 
 5.88000000e-08  7.34121042e-02 
 5.88200000e-08  7.24383511e-02 
 5.88400000e-08  7.14512847e-02 
 5.88600000e-08  7.04510396e-02 
 5.88800000e-08  6.94377551e-02 
 5.89000000e-08  6.84115759e-02 
 5.89200000e-08  6.73726514e-02 
 5.89400000e-08  6.63211365e-02 
 5.89600000e-08  6.52571908e-02 
 5.89800000e-08  6.41809791e-02 
 5.90000000e-08  6.30926711e-02 
 5.90200000e-08  6.19924417e-02 
 5.90400000e-08  6.08804708e-02 
 5.90600000e-08  5.97569430e-02 
 5.90800000e-08  5.86220482e-02 
 5.91000000e-08  5.74759808e-02 
 5.91200000e-08  5.63189402e-02 
 5.91400000e-08  5.51511307e-02 
 5.91600000e-08  5.39727610e-02 
 5.91800000e-08  5.27840447e-02 
 5.92000000e-08  5.15851996e-02 
 5.92200000e-08  5.03764483e-02 
 5.92400000e-08  4.91580176e-02 
 5.92600000e-08  4.79301386e-02 
 5.92800000e-08  4.66930465e-02 
 5.93000000e-08  4.54469806e-02 
 5.93200000e-08  4.41921842e-02 
 5.93400000e-08  4.29289044e-02 
 5.93600000e-08  4.16573918e-02 
 5.93800000e-08  4.03779008e-02 
 5.94000000e-08  3.90906892e-02 
 5.94200000e-08  3.77960180e-02 
 5.94400000e-08  3.64941513e-02 
 5.94600000e-08  3.51853563e-02 
 5.94800000e-08  3.38699031e-02 
 5.95000000e-08  3.25480644e-02 
 5.95200000e-08  3.12201154e-02 
 5.95400000e-08  2.98863338e-02 
 5.95600000e-08  2.85469994e-02 
 5.95800000e-08  2.72023942e-02 
 5.96000000e-08  2.58528019e-02 
 5.96200000e-08  2.44985080e-02 
 5.96400000e-08  2.31397996e-02 
 5.96600000e-08  2.17769651e-02 
 5.96800000e-08  2.04102942e-02 
 5.97000000e-08  1.90400775e-02 
 5.97200000e-08  1.76666066e-02 
 5.97400000e-08  1.62901737e-02 
 5.97600000e-08  1.49110715e-02 
 5.97800000e-08  1.35295932e-02 
 5.98000000e-08  1.21460321e-02 
 5.98200000e-08  1.07606815e-02 
 5.98400000e-08  9.37383455e-03 
 5.98600000e-08  7.98578410e-03 
 5.98800000e-08  6.59682253e-03 
 5.99000000e-08  5.20724160e-03 
 5.99200000e-08  3.81733226e-03 
 5.99400000e-08  2.42738452e-03 
 5.99600000e-08  1.03768729e-03 
 5.99800000e-08 -3.51471775e-04 
 6.00000000e-08 -1.73992969e-03 
