 0.00000000e+00  0.00000000e+00 
 2.00000000e-11 -1.31351476e-04 
 4.00000000e-11 -5.69089805e-04 
 6.00000000e-11 -1.25491565e-03 
 8.00000000e-11 -2.16398529e-03 
 1.00000000e-10 -3.26069744e-03 
 1.20000000e-10 -4.51501428e-03 
 1.40000000e-10 -5.90158813e-03 
 1.60000000e-10 -7.39902257e-03 
 1.80000000e-10 -8.98925211e-03 
 2.00000000e-10 -1.06570166e-02 
 2.20000000e-10 -1.23894210e-02 
 2.40000000e-10 -1.41755610e-02 
 2.60000000e-10 -1.60062111e-02 
 2.80000000e-10 -1.78735583e-02 
 3.00000000e-10 -1.97709805e-02 
 3.20000000e-10 -2.16928575e-02 
 3.40000000e-10 -2.36344134e-02 
 3.60000000e-10 -2.55915827e-02 
 3.80000000e-10 -2.75608985e-02 
 4.00000000e-10 -2.95393971e-02 
 4.20000000e-10 -3.15245390e-02 
 4.40000000e-10 -3.35141410e-02 
 4.60000000e-10 -3.55063207e-02 
 4.80000000e-10 -3.74994474e-02 
 5.00000000e-10 -3.94921039e-02 
 5.20000000e-10 -4.14830508e-02 
 5.40000000e-10 -4.34712001e-02 
 5.60000000e-10 -4.54555893e-02 
 5.80000000e-10 -4.74353634e-02 
 6.00000000e-10 -4.94097561e-02 
 6.20000000e-10 -5.13780773e-02 
 6.40000000e-10 -5.33396997e-02 
 6.60000000e-10 -5.52940502e-02 
 6.80000000e-10 -5.72406001e-02 
 7.00000000e-10 -5.91788593e-02 
 7.20000000e-10 -6.11083693e-02 
 7.40000000e-10 -6.30286993e-02 
 7.60000000e-10 -6.49394410e-02 
 7.80000000e-10 -6.68402061e-02 
 8.00000000e-10 -6.87306225e-02 
 8.20000000e-10 -7.06103328e-02 
 8.40000000e-10 -7.24789910e-02 
 8.60000000e-10 -7.43362625e-02 
 8.80000000e-10 -7.61818210e-02 
 9.00000000e-10 -7.80153487e-02 
 9.20000000e-10 -7.98365341e-02 
 9.40000000e-10 -8.16450726e-02 
 9.60000000e-10 -8.34406642e-02 
 9.80000000e-10 -8.52230148e-02 
 1.00000000e-09 -8.69918338e-02 
 1.02000000e-09 -8.87468356e-02 
 1.04000000e-09 -9.04877376e-02 
 1.06000000e-09 -9.22142615e-02 
 1.08000000e-09 -9.39261319e-02 
 1.10000000e-09 -9.56230770e-02 
 1.12000000e-09 -9.73048277e-02 
 1.14000000e-09 -9.89711184e-02 
 1.16000000e-09 -1.00621686e-01 
 1.18000000e-09 -1.02256271e-01 
 1.20000000e-09 -1.03874616e-01 
 1.22000000e-09 -1.05476467e-01 
 1.24000000e-09 -1.07061573e-01 
 1.26000000e-09 -1.08629685e-01 
 1.28000000e-09 -1.10180557e-01 
 1.30000000e-09 -1.11713947e-01 
 1.32000000e-09 -1.13229616e-01 
 1.34000000e-09 -1.14727325e-01 
 1.36000000e-09 -1.16206842e-01 
 1.38000000e-09 -1.17667935e-01 
 1.40000000e-09 -1.19110376e-01 
 1.42000000e-09 -1.20533940e-01 
 1.44000000e-09 -1.21938406e-01 
 1.46000000e-09 -1.23323554e-01 
 1.48000000e-09 -1.24689168e-01 
 1.50000000e-09 -1.26035036e-01 
 1.52000000e-09 -1.27360949e-01 
 1.54000000e-09 -1.28666700e-01 
 1.56000000e-09 -1.29952086e-01 
 1.58000000e-09 -1.31216907e-01 
 1.60000000e-09 -1.32460968e-01 
 1.62000000e-09 -1.33684073e-01 
 1.64000000e-09 -1.34886035e-01 
 1.66000000e-09 -1.36066665e-01 
 1.68000000e-09 -1.37225782e-01 
 1.70000000e-09 -1.38363205e-01 
 1.72000000e-09 -1.39478758e-01 
 1.74000000e-09 -1.40572269e-01 
 1.76000000e-09 -1.41643567e-01 
 1.78000000e-09 -1.42692488e-01 
 1.80000000e-09 -1.43718868e-01 
 1.82000000e-09 -1.44722550e-01 
 1.84000000e-09 -1.45703378e-01 
 1.86000000e-09 -1.46661200e-01 
 1.88000000e-09 -1.47595869e-01 
 1.90000000e-09 -1.48507240e-01 
 1.92000000e-09 -1.49395173e-01 
 1.94000000e-09 -1.50259532e-01 
 1.96000000e-09 -1.51100181e-01 
 1.98000000e-09 -1.51916993e-01 
 2.00000000e-09 -1.52709841e-01 
 2.02000000e-09 -1.53478603e-01 
 2.04000000e-09 -1.54223161e-01 
 2.06000000e-09 -1.54943401e-01 
 2.08000000e-09 -1.55639211e-01 
 2.10000000e-09 -1.56310485e-01 
 2.12000000e-09 -1.56957119e-01 
 2.14000000e-09 -1.57579015e-01 
 2.16000000e-09 -1.58176077e-01 
 2.18000000e-09 -1.58748212e-01 
 2.20000000e-09 -1.59295335e-01 
 2.22000000e-09 -1.59817359e-01 
 2.24000000e-09 -1.60314207e-01 
 2.26000000e-09 -1.60785800e-01 
 2.28000000e-09 -1.61232068e-01 
 2.30000000e-09 -1.61652942e-01 
 2.32000000e-09 -1.62048358e-01 
 2.34000000e-09 -1.62418254e-01 
 2.36000000e-09 -1.62762575e-01 
 2.38000000e-09 -1.63081268e-01 
 2.40000000e-09 -1.63374284e-01 
 2.42000000e-09 -1.63641578e-01 
 2.44000000e-09 -1.63883111e-01 
 2.46000000e-09 -1.64098844e-01 
 2.48000000e-09 -1.64288745e-01 
 2.50000000e-09 -1.64452785e-01 
 2.52000000e-09 -1.64590940e-01 
 2.54000000e-09 -1.64703187e-01 
 2.56000000e-09 -1.64789511e-01 
 2.58000000e-09 -1.64849899e-01 
 2.60000000e-09 -1.64884340e-01 
 2.62000000e-09 -1.64892831e-01 
 2.64000000e-09 -1.64875369e-01 
 2.66000000e-09 -1.64831959e-01 
 2.68000000e-09 -1.64762606e-01 
 2.70000000e-09 -1.64667322e-01 
 2.72000000e-09 -1.64546121e-01 
 2.74000000e-09 -1.64399022e-01 
 2.76000000e-09 -1.64226048e-01 
 2.78000000e-09 -1.64027226e-01 
 2.80000000e-09 -1.63802586e-01 
 2.82000000e-09 -1.63552163e-01 
 2.84000000e-09 -1.63275995e-01 
 2.86000000e-09 -1.62974125e-01 
 2.88000000e-09 -1.62646599e-01 
 2.90000000e-09 -1.62293468e-01 
 2.92000000e-09 -1.61914786e-01 
 2.94000000e-09 -1.61510611e-01 
 2.96000000e-09 -1.61081006e-01 
 2.98000000e-09 -1.60626036e-01 
 3.00000000e-09 -1.60145772e-01 
 3.02000000e-09 -1.59640288e-01 
 3.04000000e-09 -1.59109660e-01 
 3.06000000e-09 -1.58553971e-01 
 3.08000000e-09 -1.57973307e-01 
 3.10000000e-09 -1.57367756e-01 
 3.12000000e-09 -1.56737412e-01 
 3.14000000e-09 -1.56082371e-01 
 3.16000000e-09 -1.55402736e-01 
 3.18000000e-09 -1.54698610e-01 
 3.20000000e-09 -1.53970102e-01 
 3.22000000e-09 -1.53217323e-01 
 3.24000000e-09 -1.52440391e-01 
 3.26000000e-09 -1.51639425e-01 
 3.28000000e-09 -1.50814548e-01 
 3.30000000e-09 -1.49965888e-01 
 3.32000000e-09 -1.49093576e-01 
 3.34000000e-09 -1.48197745e-01 
 3.36000000e-09 -1.47278536e-01 
 3.38000000e-09 -1.46336088e-01 
 3.40000000e-09 -1.45370549e-01 
 3.42000000e-09 -1.44382068e-01 
 3.44000000e-09 -1.43370796e-01 
 3.46000000e-09 -1.42336892e-01 
 3.48000000e-09 -1.41280514e-01 
 3.50000000e-09 -1.40201826e-01 
 3.52000000e-09 -1.39100996e-01 
 3.54000000e-09 -1.37978193e-01 
 3.56000000e-09 -1.36833593e-01 
 3.58000000e-09 -1.35667372e-01 
 3.60000000e-09 -1.34479711e-01 
 3.62000000e-09 -1.33270796e-01 
 3.64000000e-09 -1.32040812e-01 
 3.66000000e-09 -1.30789953e-01 
 3.68000000e-09 -1.29518411e-01 
 3.70000000e-09 -1.28226385e-01 
 3.72000000e-09 -1.26914076e-01 
 3.74000000e-09 -1.25581688e-01 
 3.76000000e-09 -1.24229429e-01 
 3.78000000e-09 -1.22857509e-01 
 3.80000000e-09 -1.21466142e-01 
 3.82000000e-09 -1.20055545e-01 
 3.84000000e-09 -1.18625938e-01 
 3.86000000e-09 -1.17177545e-01 
 3.88000000e-09 -1.15710591e-01 
 3.90000000e-09 -1.14225306e-01 
 3.92000000e-09 -1.12721922e-01 
 3.94000000e-09 -1.11200675e-01 
 3.96000000e-09 -1.09661801e-01 
 3.98000000e-09 -1.08105543e-01 
 4.00000000e-09 -1.06532144e-01 
 4.02000000e-09 -1.04941851e-01 
 4.04000000e-09 -1.03334913e-01 
 4.06000000e-09 -1.01711582e-01 
 4.08000000e-09 -1.00072113e-01 
 4.10000000e-09 -9.84167627e-02 
 4.12000000e-09 -9.67457923e-02 
 4.14000000e-09 -9.50594641e-02 
 4.16000000e-09 -9.33580431e-02 
 4.18000000e-09 -9.16417972e-02 
 4.20000000e-09 -8.99109963e-02 
 4.22000000e-09 -8.81659132e-02 
 4.24000000e-09 -8.64068228e-02 
 4.26000000e-09 -8.46340023e-02 
 4.28000000e-09 -8.28477313e-02 
 4.30000000e-09 -8.10482916e-02 
 4.32000000e-09 -7.92359673e-02 
 4.34000000e-09 -7.74110445e-02 
 4.36000000e-09 -7.55738114e-02 
 4.38000000e-09 -7.37245585e-02 
 4.40000000e-09 -7.18635780e-02 
 4.42000000e-09 -6.99911645e-02 
 4.44000000e-09 -6.81076140e-02 
 4.46000000e-09 -6.62132247e-02 
 4.48000000e-09 -6.43082967e-02 
 4.50000000e-09 -6.23931317e-02 
 4.52000000e-09 -6.04680331e-02 
 4.54000000e-09 -5.85333062e-02 
 4.56000000e-09 -5.65892577e-02 
 4.58000000e-09 -5.46361961e-02 
 4.60000000e-09 -5.26744312e-02 
 4.62000000e-09 -5.07042745e-02 
 4.64000000e-09 -4.87260387e-02 
 4.66000000e-09 -4.67400382e-02 
 4.68000000e-09 -4.47465883e-02 
 4.70000000e-09 -4.27460060e-02 
 4.72000000e-09 -4.07386092e-02 
 4.74000000e-09 -3.87247172e-02 
 4.76000000e-09 -3.67046503e-02 
 4.78000000e-09 -3.46787297e-02 
 4.80000000e-09 -3.26472780e-02 
 4.82000000e-09 -3.06106184e-02 
 4.84000000e-09 -2.85690750e-02 
 4.86000000e-09 -2.65229732e-02 
 4.88000000e-09 -2.44726385e-02 
 4.90000000e-09 -2.24183976e-02 
 4.92000000e-09 -2.03605778e-02 
 4.94000000e-09 -1.82995070e-02 
 4.96000000e-09 -1.62355135e-02 
 4.98000000e-09 -1.41689263e-02 
 5.00000000e-09 -1.21000749e-02 
 5.02000000e-09 -1.00292889e-02 
 5.04000000e-09 -7.95689861e-03 
 5.06000000e-09 -5.88323437e-03 
 5.08000000e-09 -3.80862677e-03 
 5.10000000e-09 -1.73340671e-03 
 5.12000000e-09  3.42094988e-04 
 5.14000000e-09  2.41754726e-03 
 5.16000000e-09  4.49261921e-03 
 5.18000000e-09  6.56697985e-03 
 5.20000000e-09  8.64029845e-03 
 5.22000000e-09  1.07122443e-02 
 5.24000000e-09  1.27824871e-02 
 5.26000000e-09  1.48506967e-02 
 5.28000000e-09  1.69165433e-02 
 5.30000000e-09  1.89796975e-02 
 5.32000000e-09  2.10398304e-02 
 5.34000000e-09  2.30966136e-02 
 5.36000000e-09  2.51497193e-02 
 5.38000000e-09  2.71988203e-02 
 5.40000000e-09  2.92435900e-02 
 5.42000000e-09  3.12837025e-02 
 5.44000000e-09  3.33188330e-02 
 5.46000000e-09  3.53486572e-02 
 5.48000000e-09  3.73728518e-02 
 5.50000000e-09  3.93910946e-02 
 5.52000000e-09  4.14030643e-02 
 5.54000000e-09  4.34084405e-02 
 5.56000000e-09  4.54069043e-02 
 5.58000000e-09  4.73981377e-02 
 5.60000000e-09  4.93818239e-02 
 5.62000000e-09  5.13576474e-02 
 5.64000000e-09  5.33252944e-02 
 5.66000000e-09  5.52844518e-02 
 5.68000000e-09  5.72348087e-02 
 5.70000000e-09  5.91760550e-02 
 5.72000000e-09  6.11078826e-02 
 5.74000000e-09  6.30299848e-02 
 5.76000000e-09  6.49420566e-02 
 5.78000000e-09  6.68437947e-02 
 5.80000000e-09  6.87348975e-02 
 5.82000000e-09  7.06150651e-02 
 5.84000000e-09  7.24839998e-02 
 5.86000000e-09  7.43414053e-02 
 5.88000000e-09  7.61869877e-02 
 5.90000000e-09  7.80204547e-02 
 5.92000000e-09  7.98415163e-02 
 5.94000000e-09  8.16498843e-02 
 5.96000000e-09  8.34452731e-02 
 5.98000000e-09  8.52273987e-02 
 6.00000000e-09  8.69959798e-02 
 6.02000000e-09  8.87507370e-02 
 6.04000000e-09  9.04913935e-02 
 6.06000000e-09  9.22176746e-02 
 6.08000000e-09  9.39293081e-02 
 6.10000000e-09  9.56260242e-02 
 6.12000000e-09  9.73075558e-02 
 6.14000000e-09  9.89736379e-02 
 6.16000000e-09  1.00624008e-01 
 6.18000000e-09  1.02258408e-01 
 6.20000000e-09  1.03876579e-01 
 6.22000000e-09  1.05478267e-01 
 6.24000000e-09  1.07063222e-01 
 6.26000000e-09  1.08631193e-01 
 6.28000000e-09  1.10181936e-01 
 6.30000000e-09  1.11715206e-01 
 6.32000000e-09  1.13230764e-01 
 6.34000000e-09  1.14728371e-01 
 6.36000000e-09  1.16207795e-01 
 6.38000000e-09  1.17668802e-01 
 6.40000000e-09  1.19111164e-01 
 6.42000000e-09  1.20534656e-01 
 6.44000000e-09  1.21939056e-01 
 6.46000000e-09  1.23324144e-01 
 6.48000000e-09  1.24689703e-01 
 6.50000000e-09  1.26035522e-01 
 6.52000000e-09  1.27361389e-01 
 6.54000000e-09  1.28667099e-01 
 6.56000000e-09  1.29952447e-01 
 6.58000000e-09  1.31217234e-01 
 6.60000000e-09  1.32461263e-01 
 6.62000000e-09  1.33684340e-01 
 6.64000000e-09  1.34886276e-01 
 6.66000000e-09  1.36066883e-01 
 6.68000000e-09  1.37225979e-01 
 6.70000000e-09  1.38363383e-01 
 6.72000000e-09  1.39478919e-01 
 6.74000000e-09  1.40572413e-01 
 6.76000000e-09  1.41643697e-01 
 6.78000000e-09  1.42692605e-01 
 6.80000000e-09  1.43718974e-01 
 6.82000000e-09  1.44722645e-01 
 6.84000000e-09  1.45703463e-01 
 6.86000000e-09  1.46661277e-01 
 6.88000000e-09  1.47595938e-01 
 6.90000000e-09  1.48507302e-01 
 6.92000000e-09  1.49395229e-01 
 6.94000000e-09  1.50259581e-01 
 6.96000000e-09  1.51100226e-01 
 6.98000000e-09  1.51917033e-01 
 7.00000000e-09  1.52709876e-01 
 7.02000000e-09  1.53478635e-01 
 7.04000000e-09  1.54223190e-01 
 7.06000000e-09  1.54943426e-01 
 7.08000000e-09  1.55639233e-01 
 7.10000000e-09  1.56310505e-01 
 7.12000000e-09  1.56957137e-01 
 7.14000000e-09  1.57579030e-01 
 7.16000000e-09  1.58176090e-01 
 7.18000000e-09  1.58748224e-01 
 7.20000000e-09  1.59295345e-01 
 7.22000000e-09  1.59817368e-01 
 7.24000000e-09  1.60314214e-01 
 7.26000000e-09  1.60785807e-01 
 7.28000000e-09  1.61232074e-01 
 7.30000000e-09  1.61652947e-01 
 7.32000000e-09  1.62048362e-01 
 7.34000000e-09  1.62418257e-01 
 7.36000000e-09  1.62762578e-01 
 7.38000000e-09  1.63081270e-01 
 7.40000000e-09  1.63374285e-01 
 7.42000000e-09  1.63641579e-01 
 7.44000000e-09  1.63883111e-01 
 7.46000000e-09  1.64098844e-01 
 7.48000000e-09  1.64288745e-01 
 7.50000000e-09  1.64452785e-01 
 7.52000000e-09  1.64590939e-01 
 7.54000000e-09  1.64703187e-01 
 7.56000000e-09  1.64789511e-01 
 7.58000000e-09  1.64849898e-01 
 7.60000000e-09  1.64884339e-01 
 7.62000000e-09  1.64892829e-01 
 7.64000000e-09  1.64875368e-01 
 7.66000000e-09  1.64831957e-01 
 7.68000000e-09  1.64762604e-01 
 7.70000000e-09  1.64667320e-01 
 7.72000000e-09  1.64546119e-01 
 7.74000000e-09  1.64399020e-01 
 7.76000000e-09  1.64226046e-01 
 7.78000000e-09  1.64027224e-01 
 7.80000000e-09  1.63802584e-01 
 7.82000000e-09  1.63552160e-01 
 7.84000000e-09  1.63275993e-01 
 7.86000000e-09  1.62974122e-01 
 7.88000000e-09  1.62646597e-01 
 7.90000000e-09  1.62293466e-01 
 7.92000000e-09  1.61914784e-01 
 7.94000000e-09  1.61510609e-01 
 7.96000000e-09  1.61081004e-01 
 7.98000000e-09  1.60626034e-01 
 8.00000000e-09  1.60145770e-01 
 8.02000000e-09  1.59640286e-01 
 8.04000000e-09  1.59109658e-01 
 8.06000000e-09  1.58553969e-01 
 8.08000000e-09  1.57973305e-01 
 8.10000000e-09  1.57367754e-01 
 8.12000000e-09  1.56737410e-01 
 8.14000000e-09  1.56082370e-01 
 8.16000000e-09  1.55402734e-01 
 8.18000000e-09  1.54698608e-01 
 8.20000000e-09  1.53970100e-01 
 8.22000000e-09  1.53217322e-01 
 8.24000000e-09  1.52440390e-01 
 8.26000000e-09  1.51639423e-01 
 8.28000000e-09  1.50814547e-01 
 8.30000000e-09  1.49965887e-01 
 8.32000000e-09  1.49093574e-01 
 8.34000000e-09  1.48197744e-01 
 8.36000000e-09  1.47278534e-01 
 8.38000000e-09  1.46336087e-01 
 8.40000000e-09  1.45370548e-01 
 8.42000000e-09  1.44382066e-01 
 8.44000000e-09  1.43370795e-01 
 8.46000000e-09  1.42336890e-01 
 8.48000000e-09  1.41280512e-01 
 8.50000000e-09  1.40201825e-01 
 8.52000000e-09  1.39100995e-01 
 8.54000000e-09  1.37978192e-01 
 8.56000000e-09  1.36833592e-01 
 8.58000000e-09  1.35667371e-01 
 8.60000000e-09  1.34479710e-01 
 8.62000000e-09  1.33270795e-01 
 8.64000000e-09  1.32040811e-01 
 8.66000000e-09  1.30789952e-01 
 8.68000000e-09  1.29518410e-01 
 8.70000000e-09  1.28226384e-01 
 8.72000000e-09  1.26914075e-01 
 8.74000000e-09  1.25581687e-01 
 8.76000000e-09  1.24229428e-01 
 8.78000000e-09  1.22857508e-01 
 8.80000000e-09  1.21466141e-01 
 8.82000000e-09  1.20055544e-01 
 8.84000000e-09  1.18625937e-01 
 8.86000000e-09  1.17177544e-01 
 8.88000000e-09  1.15710590e-01 
 8.90000000e-09  1.14225305e-01 
 8.92000000e-09  1.12721921e-01 
 8.94000000e-09  1.11200674e-01 
 8.96000000e-09  1.09661801e-01 
 8.98000000e-09  1.08105543e-01 
 9.00000000e-09  1.06532144e-01 
 9.02000000e-09  1.04941850e-01 
 9.04000000e-09  1.03334912e-01 
 9.06000000e-09  1.01711581e-01 
 9.08000000e-09  1.00072112e-01 
 9.10000000e-09  9.84167621e-02 
 9.12000000e-09  9.67457918e-02 
 9.14000000e-09  9.50594635e-02 
 9.16000000e-09  9.33580426e-02 
 9.18000000e-09  9.16417966e-02 
 9.20000000e-09  8.99109958e-02 
 9.22000000e-09  8.81659128e-02 
 9.24000000e-09  8.64068223e-02 
 9.26000000e-09  8.46340019e-02 
 9.28000000e-09  8.28477309e-02 
 9.30000000e-09  8.10482912e-02 
 9.32000000e-09  7.92359669e-02 
 9.34000000e-09  7.74110441e-02 
 9.36000000e-09  7.55738110e-02 
 9.38000000e-09  7.37245581e-02 
 9.40000000e-09  7.18635777e-02 
 9.42000000e-09  6.99911641e-02 
 9.44000000e-09  6.81076137e-02 
 9.46000000e-09  6.62132244e-02 
 9.48000000e-09  6.43082964e-02 
 9.50000000e-09  6.23931314e-02 
 9.52000000e-09  6.04680329e-02 
 9.54000000e-09  5.85333060e-02 
 9.56000000e-09  5.65892575e-02 
 9.58000000e-09  5.46361959e-02 
 9.60000000e-09  5.26744310e-02 
 9.62000000e-09  5.07042743e-02 
 9.64000000e-09  4.87260385e-02 
 9.66000000e-09  4.67400379e-02 
 9.68000000e-09  4.47465881e-02 
 9.70000000e-09  4.27460058e-02 
 9.72000000e-09  4.07386091e-02 
 9.74000000e-09  3.87247171e-02 
 9.76000000e-09  3.67046501e-02 
 9.78000000e-09  3.46787296e-02 
 9.80000000e-09  3.26472779e-02 
 9.82000000e-09  3.06106182e-02 
 9.84000000e-09  2.85690749e-02 
 9.86000000e-09  2.65229730e-02 
 9.88000000e-09  2.44726384e-02 
 9.90000000e-09  2.24183975e-02 
 9.92000000e-09  2.03605777e-02 
 9.94000000e-09  1.82995069e-02 
 9.96000000e-09  1.62355134e-02 
 9.98000000e-09  1.41689262e-02 
 1.00000000e-08  1.21000748e-02 
 1.00200000e-08  1.00292889e-02 
 1.00400000e-08  7.95689856e-03 
 1.00600000e-08  5.88323430e-03 
 1.00800000e-08  3.80862673e-03 
 1.01000000e-08  1.73340665e-03 
 1.01200000e-08 -3.42095015e-04 
 1.01400000e-08 -2.41754731e-03 
 1.01600000e-08 -4.49261923e-03 
 1.01800000e-08 -6.56697989e-03 
 1.02000000e-08 -8.64029846e-03 
 1.02200000e-08 -1.07122443e-02 
 1.02400000e-08 -1.27824871e-02 
 1.02600000e-08 -1.48506967e-02 
 1.02800000e-08 -1.69165433e-02 
 1.03000000e-08 -1.89796975e-02 
 1.03200000e-08 -2.10398304e-02 
 1.03400000e-08 -2.30966136e-02 
 1.03600000e-08 -2.51497193e-02 
 1.03800000e-08 -2.71988203e-02 
 1.04000000e-08 -2.92435899e-02 
 1.04200000e-08 -3.12837025e-02 
 1.04400000e-08 -3.33188330e-02 
 1.04600000e-08 -3.53486571e-02 
 1.04800000e-08 -3.73728518e-02 
 1.05000000e-08 -3.93910946e-02 
 1.05200000e-08 -4.14030642e-02 
 1.05400000e-08 -4.34084405e-02 
 1.05600000e-08 -4.54069043e-02 
 1.05800000e-08 -4.73981376e-02 
 1.06000000e-08 -4.93818238e-02 
 1.06200000e-08 -5.13576474e-02 
 1.06400000e-08 -5.33252943e-02 
 1.06600000e-08 -5.52844518e-02 
 1.06800000e-08 -5.72348086e-02 
 1.07000000e-08 -5.91760549e-02 
 1.07200000e-08 -6.11078825e-02 
 1.07400000e-08 -6.30299847e-02 
 1.07600000e-08 -6.49420565e-02 
 1.07800000e-08 -6.68437946e-02 
 1.08000000e-08 -6.87348974e-02 
 1.08200000e-08 -7.06150651e-02 
 1.08400000e-08 -7.24839997e-02 
 1.08600000e-08 -7.43414053e-02 
 1.08800000e-08 -7.61869876e-02 
 1.09000000e-08 -7.80204546e-02 
 1.09200000e-08 -7.98415162e-02 
 1.09400000e-08 -8.16498843e-02 
 1.09600000e-08 -8.34452730e-02 
 1.09800000e-08 -8.52273987e-02 
 1.10000000e-08 -8.69959797e-02 
 1.10200000e-08 -8.87507370e-02 
 1.10400000e-08 -9.04913934e-02 
 1.10600000e-08 -9.22176745e-02 
 1.10800000e-08 -9.39293080e-02 
 1.11000000e-08 -9.56260242e-02 
 1.11200000e-08 -9.73075557e-02 
 1.11400000e-08 -9.89736378e-02 
 1.11600000e-08 -1.00624008e-01 
 1.11800000e-08 -1.02258408e-01 
 1.12000000e-08 -1.03876579e-01 
 1.12200000e-08 -1.05478267e-01 
 1.12400000e-08 -1.07063222e-01 
 1.12600000e-08 -1.08631193e-01 
 1.12800000e-08 -1.10181936e-01 
 1.13000000e-08 -1.11715206e-01 
 1.13200000e-08 -1.13230764e-01 
 1.13400000e-08 -1.14728371e-01 
 1.13600000e-08 -1.16207794e-01 
 1.13800000e-08 -1.17668802e-01 
 1.14000000e-08 -1.19111164e-01 
 1.14200000e-08 -1.20534656e-01 
 1.14400000e-08 -1.21939056e-01 
 1.14600000e-08 -1.23324144e-01 
 1.14800000e-08 -1.24689703e-01 
 1.15000000e-08 -1.26035522e-01 
 1.15200000e-08 -1.27361389e-01 
 1.15400000e-08 -1.28667099e-01 
 1.15600000e-08 -1.29952447e-01 
 1.15800000e-08 -1.31217234e-01 
 1.16000000e-08 -1.32461263e-01 
 1.16200000e-08 -1.33684340e-01 
 1.16400000e-08 -1.34886276e-01 
 1.16600000e-08 -1.36066883e-01 
 1.16800000e-08 -1.37225979e-01 
 1.17000000e-08 -1.38363383e-01 
 1.17200000e-08 -1.39478919e-01 
 1.17400000e-08 -1.40572413e-01 
 1.17600000e-08 -1.41643697e-01 
 1.17800000e-08 -1.42692605e-01 
 1.18000000e-08 -1.43718974e-01 
 1.18200000e-08 -1.44722645e-01 
 1.18400000e-08 -1.45703463e-01 
 1.18600000e-08 -1.46661277e-01 
 1.18800000e-08 -1.47595938e-01 
 1.19000000e-08 -1.48507302e-01 
 1.19200000e-08 -1.49395229e-01 
 1.19400000e-08 -1.50259581e-01 
 1.19600000e-08 -1.51100226e-01 
 1.19800000e-08 -1.51917033e-01 
 1.20000000e-08 -1.52709876e-01 
 1.20200000e-08 -1.53478635e-01 
 1.20400000e-08 -1.54223189e-01 
 1.20600000e-08 -1.54943426e-01 
 1.20800000e-08 -1.55639233e-01 
 1.21000000e-08 -1.56310505e-01 
 1.21200000e-08 -1.56957137e-01 
 1.21400000e-08 -1.57579030e-01 
 1.21600000e-08 -1.58176090e-01 
 1.21800000e-08 -1.58748224e-01 
 1.22000000e-08 -1.59295345e-01 
 1.22200000e-08 -1.59817368e-01 
 1.22400000e-08 -1.60314214e-01 
 1.22600000e-08 -1.60785807e-01 
 1.22800000e-08 -1.61232074e-01 
 1.23000000e-08 -1.61652947e-01 
 1.23200000e-08 -1.62048362e-01 
 1.23400000e-08 -1.62418257e-01 
 1.23600000e-08 -1.62762578e-01 
 1.23800000e-08 -1.63081270e-01 
 1.24000000e-08 -1.63374285e-01 
 1.24200000e-08 -1.63641579e-01 
 1.24400000e-08 -1.63883111e-01 
 1.24600000e-08 -1.64098844e-01 
 1.24800000e-08 -1.64288745e-01 
 1.25000000e-08 -1.64452785e-01 
 1.25200000e-08 -1.64590939e-01 
 1.25400000e-08 -1.64703187e-01 
 1.25600000e-08 -1.64789510e-01 
 1.25800000e-08 -1.64849898e-01 
 1.26000000e-08 -1.64884339e-01 
 1.26200000e-08 -1.64892829e-01 
 1.26400000e-08 -1.64875368e-01 
 1.26600000e-08 -1.64831957e-01 
 1.26800000e-08 -1.64762604e-01 
 1.27000000e-08 -1.64667320e-01 
 1.27200000e-08 -1.64546119e-01 
 1.27400000e-08 -1.64399020e-01 
 1.27600000e-08 -1.64226046e-01 
 1.27800000e-08 -1.64027224e-01 
 1.28000000e-08 -1.63802584e-01 
 1.28200000e-08 -1.63552160e-01 
 1.28400000e-08 -1.63275993e-01 
 1.28600000e-08 -1.62974122e-01 
 1.28800000e-08 -1.62646597e-01 
 1.29000000e-08 -1.62293466e-01 
 1.29200000e-08 -1.61914784e-01 
 1.29400000e-08 -1.61510609e-01 
 1.29600000e-08 -1.61081004e-01 
 1.29800000e-08 -1.60626034e-01 
 1.30000000e-08 -1.60145770e-01 
 1.30200000e-08 -1.59640286e-01 
 1.30400000e-08 -1.59109658e-01 
 1.30600000e-08 -1.58553969e-01 
 1.30800000e-08 -1.57973305e-01 
 1.31000000e-08 -1.57367754e-01 
 1.31200000e-08 -1.56737410e-01 
 1.31400000e-08 -1.56082370e-01 
 1.31600000e-08 -1.55402734e-01 
 1.31800000e-08 -1.54698608e-01 
 1.32000000e-08 -1.53970100e-01 
 1.32200000e-08 -1.53217322e-01 
 1.32400000e-08 -1.52440390e-01 
 1.32600000e-08 -1.51639423e-01 
 1.32800000e-08 -1.50814547e-01 
 1.33000000e-08 -1.49965887e-01 
 1.33200000e-08 -1.49093574e-01 
 1.33400000e-08 -1.48197744e-01 
 1.33600000e-08 -1.47278534e-01 
 1.33800000e-08 -1.46336087e-01 
 1.34000000e-08 -1.45370548e-01 
 1.34200000e-08 -1.44382066e-01 
 1.34400000e-08 -1.43370795e-01 
 1.34600000e-08 -1.42336890e-01 
 1.34800000e-08 -1.41280512e-01 
 1.35000000e-08 -1.40201825e-01 
 1.35200000e-08 -1.39100995e-01 
 1.35400000e-08 -1.37978192e-01 
 1.35600000e-08 -1.36833592e-01 
 1.35800000e-08 -1.35667371e-01 
 1.36000000e-08 -1.34479710e-01 
 1.36200000e-08 -1.33270795e-01 
 1.36400000e-08 -1.32040811e-01 
 1.36600000e-08 -1.30789952e-01 
 1.36800000e-08 -1.29518410e-01 
 1.37000000e-08 -1.28226384e-01 
 1.37200000e-08 -1.26914075e-01 
 1.37400000e-08 -1.25581687e-01 
 1.37600000e-08 -1.24229428e-01 
 1.37800000e-08 -1.22857508e-01 
 1.38000000e-08 -1.21466141e-01 
 1.38200000e-08 -1.20055544e-01 
 1.38400000e-08 -1.18625937e-01 
 1.38600000e-08 -1.17177544e-01 
 1.38800000e-08 -1.15710590e-01 
 1.39000000e-08 -1.14225305e-01 
 1.39200000e-08 -1.12721921e-01 
 1.39400000e-08 -1.11200674e-01 
 1.39600000e-08 -1.09661801e-01 
 1.39800000e-08 -1.08105543e-01 
 1.40000000e-08 -1.06532144e-01 
 1.40200000e-08 -1.04941850e-01 
 1.40400000e-08 -1.03334912e-01 
 1.40600000e-08 -1.01711581e-01 
 1.40800000e-08 -1.00072112e-01 
 1.41000000e-08 -9.84167621e-02 
 1.41200000e-08 -9.67457918e-02 
 1.41400000e-08 -9.50594635e-02 
 1.41600000e-08 -9.33580426e-02 
 1.41800000e-08 -9.16417966e-02 
 1.42000000e-08 -8.99109958e-02 
 1.42200000e-08 -8.81659128e-02 
 1.42400000e-08 -8.64068223e-02 
 1.42600000e-08 -8.46340019e-02 
 1.42800000e-08 -8.28477309e-02 
 1.43000000e-08 -8.10482912e-02 
 1.43200000e-08 -7.92359669e-02 
 1.43400000e-08 -7.74110441e-02 
 1.43600000e-08 -7.55738110e-02 
 1.43800000e-08 -7.37245581e-02 
 1.44000000e-08 -7.18635777e-02 
 1.44200000e-08 -6.99911641e-02 
 1.44400000e-08 -6.81076136e-02 
 1.44600000e-08 -6.62132244e-02 
 1.44800000e-08 -6.43082964e-02 
 1.45000000e-08 -6.23931314e-02 
 1.45200000e-08 -6.04680329e-02 
 1.45400000e-08 -5.85333060e-02 
 1.45600000e-08 -5.65892575e-02 
 1.45800000e-08 -5.46361959e-02 
 1.46000000e-08 -5.26744310e-02 
 1.46200000e-08 -5.07042743e-02 
 1.46400000e-08 -4.87260385e-02 
 1.46600000e-08 -4.67400379e-02 
 1.46800000e-08 -4.47465881e-02 
 1.47000000e-08 -4.27460058e-02 
 1.47200000e-08 -4.07386091e-02 
 1.47400000e-08 -3.87247171e-02 
 1.47600000e-08 -3.67046501e-02 
 1.47800000e-08 -3.46787296e-02 
 1.48000000e-08 -3.26472778e-02 
 1.48200000e-08 -3.06106182e-02 
 1.48400000e-08 -2.85690749e-02 
 1.48600000e-08 -2.65229730e-02 
 1.48800000e-08 -2.44726384e-02 
 1.49000000e-08 -2.24183975e-02 
 1.49200000e-08 -2.03605777e-02 
 1.49400000e-08 -1.82995069e-02 
 1.49600000e-08 -1.62355134e-02 
 1.49800000e-08 -1.41689262e-02 
 1.50000000e-08 -1.21000748e-02 
 1.50200000e-08 -1.00292889e-02 
 1.50400000e-08 -7.95689856e-03 
 1.50600000e-08 -5.88323430e-03 
 1.50800000e-08 -3.80862673e-03 
 1.51000000e-08 -1.73340665e-03 
 1.51200000e-08  3.42095019e-04 
 1.51400000e-08  2.41754730e-03 
 1.51600000e-08  4.49261923e-03 
 1.51800000e-08  6.56697988e-03 
 1.52000000e-08  8.64029847e-03 
 1.52200000e-08  1.07122443e-02 
 1.52400000e-08  1.27824871e-02 
 1.52600000e-08  1.48506967e-02 
 1.52800000e-08  1.69165433e-02 
 1.53000000e-08  1.89796975e-02 
 1.53200000e-08  2.10398304e-02 
 1.53400000e-08  2.30966136e-02 
 1.53600000e-08  2.51497193e-02 
 1.53800000e-08  2.71988203e-02 
 1.54000000e-08  2.92435899e-02 
 1.54200000e-08  3.12837025e-02 
 1.54400000e-08  3.33188330e-02 
 1.54600000e-08  3.53486571e-02 
 1.54800000e-08  3.73728518e-02 
 1.55000000e-08  3.93910946e-02 
 1.55200000e-08  4.14030642e-02 
 1.55400000e-08  4.34084405e-02 
 1.55600000e-08  4.54069043e-02 
 1.55800000e-08  4.73981376e-02 
 1.56000000e-08  4.93818238e-02 
 1.56200000e-08  5.13576474e-02 
 1.56400000e-08  5.33252943e-02 
 1.56600000e-08  5.52844518e-02 
 1.56800000e-08  5.72348086e-02 
 1.57000000e-08  5.91760549e-02 
 1.57200000e-08  6.11078825e-02 
 1.57400000e-08  6.30299847e-02 
 1.57600000e-08  6.49420565e-02 
 1.57800000e-08  6.68437946e-02 
 1.58000000e-08  6.87348974e-02 
 1.58200000e-08  7.06150651e-02 
 1.58400000e-08  7.24839997e-02 
 1.58600000e-08  7.43414053e-02 
 1.58800000e-08  7.61869876e-02 
 1.59000000e-08  7.80204546e-02 
 1.59200000e-08  7.98415162e-02 
 1.59400000e-08  8.16498843e-02 
 1.59600000e-08  8.34452730e-02 
 1.59800000e-08  8.52273987e-02 
 1.60000000e-08  8.69959797e-02 
 1.60200000e-08  8.87507370e-02 
 1.60400000e-08  9.04913934e-02 
 1.60600000e-08  9.22176745e-02 
 1.60800000e-08  9.39293080e-02 
 1.61000000e-08  9.56260242e-02 
 1.61200000e-08  9.73075557e-02 
 1.61400000e-08  9.89736378e-02 
 1.61600000e-08  1.00624008e-01 
 1.61800000e-08  1.02258408e-01 
 1.62000000e-08  1.03876579e-01 
 1.62200000e-08  1.05478267e-01 
 1.62400000e-08  1.07063222e-01 
 1.62600000e-08  1.08631193e-01 
 1.62800000e-08  1.10181936e-01 
 1.63000000e-08  1.11715206e-01 
 1.63200000e-08  1.13230764e-01 
 1.63400000e-08  1.14728371e-01 
 1.63600000e-08  1.16207794e-01 
 1.63800000e-08  1.17668802e-01 
 1.64000000e-08  1.19111164e-01 
 1.64200000e-08  1.20534656e-01 
 1.64400000e-08  1.21939056e-01 
 1.64600000e-08  1.23324144e-01 
 1.64800000e-08  1.24689703e-01 
 1.65000000e-08  1.26035522e-01 
 1.65200000e-08  1.27361389e-01 
 1.65400000e-08  1.28667098e-01 
 1.65600000e-08  1.29952447e-01 
 1.65800000e-08  1.31217234e-01 
 1.66000000e-08  1.32461263e-01 
 1.66200000e-08  1.33684340e-01 
 1.66400000e-08  1.34886276e-01 
 1.66600000e-08  1.36066883e-01 
 1.66800000e-08  1.37225979e-01 
 1.67000000e-08  1.38363383e-01 
 1.67200000e-08  1.39478919e-01 
 1.67400000e-08  1.40572413e-01 
 1.67600000e-08  1.41643697e-01 
 1.67800000e-08  1.42692605e-01 
 1.68000000e-08  1.43718974e-01 
 1.68200000e-08  1.44722645e-01 
 1.68400000e-08  1.45703463e-01 
 1.68600000e-08  1.46661277e-01 
 1.68800000e-08  1.47595938e-01 
 1.69000000e-08  1.48507302e-01 
 1.69200000e-08  1.49395229e-01 
 1.69400000e-08  1.50259581e-01 
 1.69600000e-08  1.51100226e-01 
 1.69800000e-08  1.51917033e-01 
 1.70000000e-08  1.52709876e-01 
 1.70200000e-08  1.53478635e-01 
 1.70400000e-08  1.54223189e-01 
 1.70600000e-08  1.54943426e-01 
 1.70800000e-08  1.55639233e-01 
 1.71000000e-08  1.56310505e-01 
 1.71200000e-08  1.56957137e-01 
 1.71400000e-08  1.57579030e-01 
 1.71600000e-08  1.58176090e-01 
 1.71800000e-08  1.58748224e-01 
 1.72000000e-08  1.59295345e-01 
 1.72200000e-08  1.59817368e-01 
 1.72400000e-08  1.60314214e-01 
 1.72600000e-08  1.60785807e-01 
 1.72800000e-08  1.61232074e-01 
 1.73000000e-08  1.61652947e-01 
 1.73200000e-08  1.62048362e-01 
 1.73400000e-08  1.62418257e-01 
 1.73600000e-08  1.62762578e-01 
 1.73800000e-08  1.63081270e-01 
 1.74000000e-08  1.63374285e-01 
 1.74200000e-08  1.63641579e-01 
 1.74400000e-08  1.63883111e-01 
 1.74600000e-08  1.64098844e-01 
 1.74800000e-08  1.64288745e-01 
 1.75000000e-08  1.64452785e-01 
 1.75200000e-08  1.64590939e-01 
 1.75400000e-08  1.64703187e-01 
 1.75600000e-08  1.64789510e-01 
 1.75800000e-08  1.64849898e-01 
 1.76000000e-08  1.64884339e-01 
 1.76200000e-08  1.64892829e-01 
 1.76400000e-08  1.64875368e-01 
 1.76600000e-08  1.64831957e-01 
 1.76800000e-08  1.64762604e-01 
 1.77000000e-08  1.64667320e-01 
 1.77200000e-08  1.64546119e-01 
 1.77400000e-08  1.64399020e-01 
 1.77600000e-08  1.64226046e-01 
 1.77800000e-08  1.64027224e-01 
 1.78000000e-08  1.63802584e-01 
 1.78200000e-08  1.63552160e-01 
 1.78400000e-08  1.63275993e-01 
 1.78600000e-08  1.62974122e-01 
 1.78800000e-08  1.62646597e-01 
 1.79000000e-08  1.62293466e-01 
 1.79200000e-08  1.61914784e-01 
 1.79400000e-08  1.61510609e-01 
 1.79600000e-08  1.61081004e-01 
 1.79800000e-08  1.60626034e-01 
 1.80000000e-08  1.60145770e-01 
 1.80200000e-08  1.59640286e-01 
 1.80400000e-08  1.59109658e-01 
 1.80600000e-08  1.58553969e-01 
 1.80800000e-08  1.57973305e-01 
 1.81000000e-08  1.57367754e-01 
 1.81200000e-08  1.56737410e-01 
 1.81400000e-08  1.56082370e-01 
 1.81600000e-08  1.55402734e-01 
 1.81800000e-08  1.54698608e-01 
 1.82000000e-08  1.53970100e-01 
 1.82200000e-08  1.53217322e-01 
 1.82400000e-08  1.52440390e-01 
 1.82600000e-08  1.51639423e-01 
 1.82800000e-08  1.50814547e-01 
 1.83000000e-08  1.49965887e-01 
 1.83200000e-08  1.49093574e-01 
 1.83400000e-08  1.48197744e-01 
 1.83600000e-08  1.47278534e-01 
 1.83800000e-08  1.46336087e-01 
 1.84000000e-08  1.45370548e-01 
 1.84200000e-08  1.44382066e-01 
 1.84400000e-08  1.43370795e-01 
 1.84600000e-08  1.42336890e-01 
 1.84800000e-08  1.41280512e-01 
 1.85000000e-08  1.40201825e-01 
 1.85200000e-08  1.39100995e-01 
 1.85400000e-08  1.37978192e-01 
 1.85600000e-08  1.36833592e-01 
 1.85800000e-08  1.35667371e-01 
 1.86000000e-08  1.34479710e-01 
 1.86200000e-08  1.33270795e-01 
 1.86400000e-08  1.32040811e-01 
 1.86600000e-08  1.30789952e-01 
 1.86800000e-08  1.29518410e-01 
 1.87000000e-08  1.28226384e-01 
 1.87200000e-08  1.26914075e-01 
 1.87400000e-08  1.25581687e-01 
 1.87600000e-08  1.24229428e-01 
 1.87800000e-08  1.22857508e-01 
 1.88000000e-08  1.21466141e-01 
 1.88200000e-08  1.20055544e-01 
 1.88400000e-08  1.18625937e-01 
 1.88600000e-08  1.17177544e-01 
 1.88800000e-08  1.15710590e-01 
 1.89000000e-08  1.14225305e-01 
 1.89200000e-08  1.12721921e-01 
 1.89400000e-08  1.11200674e-01 
 1.89600000e-08  1.09661801e-01 
 1.89800000e-08  1.08105543e-01 
 1.90000000e-08  1.06532144e-01 
 1.90200000e-08  1.04941850e-01 
 1.90400000e-08  1.03334912e-01 
 1.90600000e-08  1.01711581e-01 
 1.90800000e-08  1.00072112e-01 
 1.91000000e-08  9.84167621e-02 
 1.91200000e-08  9.67457918e-02 
 1.91400000e-08  9.50594635e-02 
 1.91600000e-08  9.33580426e-02 
 1.91800000e-08  9.16417966e-02 
 1.92000000e-08  8.99109958e-02 
 1.92200000e-08  8.81659127e-02 
 1.92400000e-08  8.64068223e-02 
 1.92600000e-08  8.46340019e-02 
 1.92800000e-08  8.28477309e-02 
 1.93000000e-08  8.10482912e-02 
 1.93200000e-08  7.92359669e-02 
 1.93400000e-08  7.74110441e-02 
 1.93600000e-08  7.55738110e-02 
 1.93800000e-08  7.37245581e-02 
 1.94000000e-08  7.18635777e-02 
 1.94200000e-08  6.99911641e-02 
 1.94400000e-08  6.81076136e-02 
 1.94600000e-08  6.62132244e-02 
 1.94800000e-08  6.43082964e-02 
 1.95000000e-08  6.23931314e-02 
 1.95200000e-08  6.04680329e-02 
 1.95400000e-08  5.85333060e-02 
 1.95600000e-08  5.65892575e-02 
 1.95800000e-08  5.46361959e-02 
 1.96000000e-08  5.26744310e-02 
 1.96200000e-08  5.07042743e-02 
 1.96400000e-08  4.87260385e-02 
 1.96600000e-08  4.67400379e-02 
 1.96800000e-08  4.47465881e-02 
 1.97000000e-08  4.27460058e-02 
 1.97200000e-08  4.07386091e-02 
 1.97400000e-08  3.87247171e-02 
 1.97600000e-08  3.67046501e-02 
 1.97800000e-08  3.46787296e-02 
 1.98000000e-08  3.26472778e-02 
 1.98200000e-08  3.06106182e-02 
 1.98400000e-08  2.85690749e-02 
 1.98600000e-08  2.65229730e-02 
 1.98800000e-08  2.44726384e-02 
 1.99000000e-08  2.24183975e-02 
 1.99200000e-08  2.03605777e-02 
 1.99400000e-08  1.82995069e-02 
 1.99600000e-08  1.62355134e-02 
 1.99800000e-08  1.41689262e-02 
 2.00000000e-08  1.21000748e-02 
 2.00200000e-08  1.00292889e-02 
 2.00400000e-08  7.95689856e-03 
 2.00600000e-08  5.88323430e-03 
 2.00800000e-08  3.80862673e-03 
 2.01000000e-08  1.73340665e-03 
 2.01200000e-08 -3.42095018e-04 
 2.01400000e-08 -2.41754730e-03 
 2.01600000e-08 -4.49261923e-03 
 2.01800000e-08 -6.56697989e-03 
 2.02000000e-08 -8.64029847e-03 
 2.02200000e-08 -1.07122443e-02 
 2.02400000e-08 -1.27824871e-02 
 2.02600000e-08 -1.48506967e-02 
 2.02800000e-08 -1.69165433e-02 
 2.03000000e-08 -1.89796975e-02 
 2.03200000e-08 -2.10398304e-02 
 2.03400000e-08 -2.30966136e-02 
 2.03600000e-08 -2.51497193e-02 
 2.03800000e-08 -2.71988203e-02 
 2.04000000e-08 -2.92435899e-02 
 2.04200000e-08 -3.12837025e-02 
 2.04400000e-08 -3.33188330e-02 
 2.04600000e-08 -3.53486571e-02 
 2.04800000e-08 -3.73728518e-02 
 2.05000000e-08 -3.93910946e-02 
 2.05200000e-08 -4.14030642e-02 
 2.05400000e-08 -4.34084405e-02 
 2.05600000e-08 -4.54069043e-02 
 2.05800000e-08 -4.73981376e-02 
 2.06000000e-08 -4.93818238e-02 
 2.06200000e-08 -5.13576474e-02 
 2.06400000e-08 -5.33252943e-02 
 2.06600000e-08 -5.52844518e-02 
 2.06800000e-08 -5.72348086e-02 
 2.07000000e-08 -5.91760549e-02 
 2.07200000e-08 -6.11078825e-02 
 2.07400000e-08 -6.30299847e-02 
 2.07600000e-08 -6.49420565e-02 
 2.07800000e-08 -6.68437946e-02 
 2.08000000e-08 -6.87348974e-02 
 2.08200000e-08 -7.06150651e-02 
 2.08400000e-08 -7.24839997e-02 
 2.08600000e-08 -7.43414053e-02 
 2.08800000e-08 -7.61869876e-02 
 2.09000000e-08 -7.80204546e-02 
 2.09200000e-08 -7.98415162e-02 
 2.09400000e-08 -8.16498843e-02 
 2.09600000e-08 -8.34452730e-02 
 2.09800000e-08 -8.52273987e-02 
 2.10000000e-08 -8.69959797e-02 
 2.10200000e-08 -8.87507370e-02 
 2.10400000e-08 -9.04913934e-02 
 2.10600000e-08 -9.22176745e-02 
 2.10800000e-08 -9.39293080e-02 
 2.11000000e-08 -9.56260242e-02 
 2.11200000e-08 -9.73075557e-02 
 2.11400000e-08 -9.89736378e-02 
 2.11600000e-08 -1.00624008e-01 
 2.11800000e-08 -1.02258408e-01 
 2.12000000e-08 -1.03876579e-01 
 2.12200000e-08 -1.05478267e-01 
 2.12400000e-08 -1.07063222e-01 
 2.12600000e-08 -1.08631193e-01 
 2.12800000e-08 -1.10181936e-01 
 2.13000000e-08 -1.11715206e-01 
 2.13200000e-08 -1.13230764e-01 
 2.13400000e-08 -1.14728371e-01 
 2.13600000e-08 -1.16207794e-01 
 2.13800000e-08 -1.17668802e-01 
 2.14000000e-08 -1.19111164e-01 
 2.14200000e-08 -1.20534656e-01 
 2.14400000e-08 -1.21939056e-01 
 2.14600000e-08 -1.23324144e-01 
 2.14800000e-08 -1.24689703e-01 
 2.15000000e-08 -1.26035522e-01 
 2.15200000e-08 -1.27361389e-01 
 2.15400000e-08 -1.28667098e-01 
 2.15600000e-08 -1.29952447e-01 
 2.15800000e-08 -1.31217234e-01 
 2.16000000e-08 -1.32461263e-01 
 2.16200000e-08 -1.33684340e-01 
 2.16400000e-08 -1.34886276e-01 
 2.16600000e-08 -1.36066883e-01 
 2.16800000e-08 -1.37225979e-01 
 2.17000000e-08 -1.38363383e-01 
 2.17200000e-08 -1.39478919e-01 
 2.17400000e-08 -1.40572413e-01 
 2.17600000e-08 -1.41643697e-01 
 2.17800000e-08 -1.42692605e-01 
 2.18000000e-08 -1.43718974e-01 
 2.18200000e-08 -1.44722645e-01 
 2.18400000e-08 -1.45703463e-01 
 2.18600000e-08 -1.46661277e-01 
 2.18800000e-08 -1.47595938e-01 
 2.19000000e-08 -1.48507302e-01 
 2.19200000e-08 -1.49395229e-01 
 2.19400000e-08 -1.50259581e-01 
 2.19600000e-08 -1.51100226e-01 
 2.19800000e-08 -1.51917033e-01 
 2.20000000e-08 -1.52709876e-01 
 2.20200000e-08 -1.53478635e-01 
 2.20400000e-08 -1.54223189e-01 
 2.20600000e-08 -1.54943426e-01 
 2.20800000e-08 -1.55639233e-01 
 2.21000000e-08 -1.56310505e-01 
 2.21200000e-08 -1.56957137e-01 
 2.21400000e-08 -1.57579030e-01 
 2.21600000e-08 -1.58176090e-01 
 2.21800000e-08 -1.58748224e-01 
 2.22000000e-08 -1.59295345e-01 
 2.22200000e-08 -1.59817368e-01 
 2.22400000e-08 -1.60314214e-01 
 2.22600000e-08 -1.60785807e-01 
 2.22800000e-08 -1.61232074e-01 
 2.23000000e-08 -1.61652947e-01 
 2.23200000e-08 -1.62048362e-01 
 2.23400000e-08 -1.62418257e-01 
 2.23600000e-08 -1.62762578e-01 
 2.23800000e-08 -1.63081270e-01 
 2.24000000e-08 -1.63374285e-01 
 2.24200000e-08 -1.63641579e-01 
 2.24400000e-08 -1.63883111e-01 
 2.24600000e-08 -1.64098844e-01 
 2.24800000e-08 -1.64288745e-01 
 2.25000000e-08 -1.64452785e-01 
 2.25200000e-08 -1.64590939e-01 
 2.25400000e-08 -1.64703187e-01 
 2.25600000e-08 -1.64789510e-01 
 2.25800000e-08 -1.64849898e-01 
 2.26000000e-08 -1.64884339e-01 
 2.26200000e-08 -1.64892829e-01 
 2.26400000e-08 -1.64875368e-01 
 2.26600000e-08 -1.64831957e-01 
 2.26800000e-08 -1.64762604e-01 
 2.27000000e-08 -1.64667320e-01 
 2.27200000e-08 -1.64546119e-01 
 2.27400000e-08 -1.64399020e-01 
 2.27600000e-08 -1.64226046e-01 
 2.27800000e-08 -1.64027224e-01 
 2.28000000e-08 -1.63802584e-01 
 2.28200000e-08 -1.63552160e-01 
 2.28400000e-08 -1.63275993e-01 
 2.28600000e-08 -1.62974122e-01 
 2.28800000e-08 -1.62646597e-01 
 2.29000000e-08 -1.62293466e-01 
 2.29200000e-08 -1.61914784e-01 
 2.29400000e-08 -1.61510609e-01 
 2.29600000e-08 -1.61081004e-01 
 2.29800000e-08 -1.60626034e-01 
 2.30000000e-08 -1.60145770e-01 
 2.30200000e-08 -1.59640286e-01 
 2.30400000e-08 -1.59109658e-01 
 2.30600000e-08 -1.58553969e-01 
 2.30800000e-08 -1.57973305e-01 
 2.31000000e-08 -1.57367754e-01 
 2.31200000e-08 -1.56737410e-01 
 2.31400000e-08 -1.56082370e-01 
 2.31600000e-08 -1.55402734e-01 
 2.31800000e-08 -1.54698608e-01 
 2.32000000e-08 -1.53970100e-01 
 2.32200000e-08 -1.53217322e-01 
 2.32400000e-08 -1.52440390e-01 
 2.32600000e-08 -1.51639423e-01 
 2.32800000e-08 -1.50814547e-01 
 2.33000000e-08 -1.49965887e-01 
 2.33200000e-08 -1.49093574e-01 
 2.33400000e-08 -1.48197744e-01 
 2.33600000e-08 -1.47278534e-01 
 2.33800000e-08 -1.46336087e-01 
 2.34000000e-08 -1.45370548e-01 
 2.34200000e-08 -1.44382066e-01 
 2.34400000e-08 -1.43370795e-01 
 2.34600000e-08 -1.42336890e-01 
 2.34800000e-08 -1.41280512e-01 
 2.35000000e-08 -1.40201825e-01 
 2.35200000e-08 -1.39100995e-01 
 2.35400000e-08 -1.37978192e-01 
 2.35600000e-08 -1.36833592e-01 
 2.35800000e-08 -1.35667371e-01 
 2.36000000e-08 -1.34479710e-01 
 2.36200000e-08 -1.33270795e-01 
 2.36400000e-08 -1.32040811e-01 
 2.36600000e-08 -1.30789952e-01 
 2.36800000e-08 -1.29518410e-01 
 2.37000000e-08 -1.28226384e-01 
 2.37200000e-08 -1.26914075e-01 
 2.37400000e-08 -1.25581687e-01 
 2.37600000e-08 -1.24229428e-01 
 2.37800000e-08 -1.22857508e-01 
 2.38000000e-08 -1.21466141e-01 
 2.38200000e-08 -1.20055544e-01 
 2.38400000e-08 -1.18625937e-01 
 2.38600000e-08 -1.17177544e-01 
 2.38800000e-08 -1.15710590e-01 
 2.39000000e-08 -1.14225305e-01 
 2.39200000e-08 -1.12721921e-01 
 2.39400000e-08 -1.11200674e-01 
 2.39600000e-08 -1.09661801e-01 
 2.39800000e-08 -1.08105543e-01 
 2.40000000e-08 -1.06532144e-01 
 2.40200000e-08 -1.04941850e-01 
 2.40400000e-08 -1.03334912e-01 
 2.40600000e-08 -1.01711581e-01 
 2.40800000e-08 -1.00072112e-01 
 2.41000000e-08 -9.84167621e-02 
 2.41200000e-08 -9.67457918e-02 
 2.41400000e-08 -9.50594635e-02 
 2.41600000e-08 -9.33580426e-02 
 2.41800000e-08 -9.16417966e-02 
 2.42000000e-08 -8.99109958e-02 
 2.42200000e-08 -8.81659128e-02 
 2.42400000e-08 -8.64068223e-02 
 2.42600000e-08 -8.46340019e-02 
 2.42800000e-08 -8.28477309e-02 
 2.43000000e-08 -8.10482912e-02 
 2.43200000e-08 -7.92359669e-02 
 2.43400000e-08 -7.74110441e-02 
 2.43600000e-08 -7.55738110e-02 
 2.43800000e-08 -7.37245581e-02 
 2.44000000e-08 -7.18635777e-02 
 2.44200000e-08 -6.99911641e-02 
 2.44400000e-08 -6.81076136e-02 
 2.44600000e-08 -6.62132244e-02 
 2.44800000e-08 -6.43082964e-02 
 2.45000000e-08 -6.23931314e-02 
 2.45200000e-08 -6.04680329e-02 
 2.45400000e-08 -5.85333060e-02 
 2.45600000e-08 -5.65892575e-02 
 2.45800000e-08 -5.46361959e-02 
 2.46000000e-08 -5.26744310e-02 
 2.46200000e-08 -5.07042743e-02 
 2.46400000e-08 -4.87260385e-02 
 2.46600000e-08 -4.67400379e-02 
 2.46800000e-08 -4.47465881e-02 
 2.47000000e-08 -4.27460058e-02 
 2.47200000e-08 -4.07386091e-02 
 2.47400000e-08 -3.87247171e-02 
 2.47600000e-08 -3.67046501e-02 
 2.47800000e-08 -3.46787296e-02 
 2.48000000e-08 -3.26472778e-02 
 2.48200000e-08 -3.06106182e-02 
 2.48400000e-08 -2.85690749e-02 
 2.48600000e-08 -2.65229730e-02 
 2.48800000e-08 -2.44726384e-02 
 2.49000000e-08 -2.24183975e-02 
 2.49200000e-08 -2.03605777e-02 
 2.49400000e-08 -1.82995069e-02 
 2.49600000e-08 -1.62355134e-02 
 2.49800000e-08 -1.41689262e-02 
 2.50000000e-08 -1.21000748e-02 
 2.50200000e-08 -1.00292889e-02 
 2.50400000e-08 -7.95689856e-03 
 2.50600000e-08 -5.88323430e-03 
 2.50800000e-08 -3.80862673e-03 
 2.51000000e-08 -1.73340665e-03 
 2.51200000e-08  3.42095018e-04 
 2.51400000e-08  2.41754730e-03 
 2.51600000e-08  4.49261923e-03 
 2.51800000e-08  6.56697988e-03 
 2.52000000e-08  8.64029847e-03 
 2.52200000e-08  1.07122443e-02 
 2.52400000e-08  1.27824871e-02 
 2.52600000e-08  1.48506967e-02 
 2.52800000e-08  1.69165433e-02 
 2.53000000e-08  1.89796975e-02 
 2.53200000e-08  2.10398304e-02 
 2.53400000e-08  2.30966136e-02 
 2.53600000e-08  2.51497193e-02 
 2.53800000e-08  2.71988203e-02 
 2.54000000e-08  2.92435899e-02 
 2.54200000e-08  3.12837025e-02 
 2.54400000e-08  3.33188330e-02 
 2.54600000e-08  3.53486571e-02 
 2.54800000e-08  3.73728518e-02 
 2.55000000e-08  3.93910946e-02 
 2.55200000e-08  4.14030642e-02 
 2.55400000e-08  4.34084405e-02 
 2.55600000e-08  4.54069043e-02 
 2.55800000e-08  4.73981376e-02 
 2.56000000e-08  4.93818238e-02 
 2.56200000e-08  5.13576474e-02 
 2.56400000e-08  5.33252943e-02 
 2.56600000e-08  5.52844518e-02 
 2.56800000e-08  5.72348086e-02 
 2.57000000e-08  5.91760549e-02 
 2.57200000e-08  6.11078825e-02 
 2.57400000e-08  6.30299847e-02 
 2.57600000e-08  6.49420565e-02 
 2.57800000e-08  6.68437946e-02 
 2.58000000e-08  6.87348974e-02 
 2.58200000e-08  7.06150651e-02 
 2.58400000e-08  7.24839997e-02 
 2.58600000e-08  7.43414053e-02 
 2.58800000e-08  7.61869876e-02 
 2.59000000e-08  7.80204546e-02 
 2.59200000e-08  7.98415162e-02 
 2.59400000e-08  8.16498843e-02 
 2.59600000e-08  8.34452730e-02 
 2.59800000e-08  8.52273987e-02 
 2.60000000e-08  8.69959797e-02 
 2.60200000e-08  8.87507370e-02 
 2.60400000e-08  9.04913934e-02 
 2.60600000e-08  9.22176745e-02 
 2.60800000e-08  9.39293080e-02 
 2.61000000e-08  9.56260242e-02 
 2.61200000e-08  9.73075557e-02 
 2.61400000e-08  9.89736378e-02 
 2.61600000e-08  1.00624008e-01 
 2.61800000e-08  1.02258408e-01 
 2.62000000e-08  1.03876579e-01 
 2.62200000e-08  1.05478267e-01 
 2.62400000e-08  1.07063222e-01 
 2.62600000e-08  1.08631193e-01 
 2.62800000e-08  1.10181936e-01 
 2.63000000e-08  1.11715206e-01 
 2.63200000e-08  1.13230764e-01 
 2.63400000e-08  1.14728371e-01 
 2.63600000e-08  1.16207794e-01 
 2.63800000e-08  1.17668802e-01 
 2.64000000e-08  1.19111164e-01 
 2.64200000e-08  1.20534656e-01 
 2.64400000e-08  1.21939056e-01 
 2.64600000e-08  1.23324144e-01 
 2.64800000e-08  1.24689703e-01 
 2.65000000e-08  1.26035522e-01 
 2.65200000e-08  1.27361389e-01 
 2.65400000e-08  1.28667098e-01 
 2.65600000e-08  1.29952447e-01 
 2.65800000e-08  1.31217234e-01 
 2.66000000e-08  1.32461263e-01 
 2.66200000e-08  1.33684340e-01 
 2.66400000e-08  1.34886276e-01 
 2.66600000e-08  1.36066883e-01 
 2.66800000e-08  1.37225979e-01 
 2.67000000e-08  1.38363383e-01 
 2.67200000e-08  1.39478919e-01 
 2.67400000e-08  1.40572413e-01 
 2.67600000e-08  1.41643697e-01 
 2.67800000e-08  1.42692605e-01 
 2.68000000e-08  1.43718974e-01 
 2.68200000e-08  1.44722645e-01 
 2.68400000e-08  1.45703463e-01 
 2.68600000e-08  1.46661277e-01 
 2.68800000e-08  1.47595938e-01 
 2.69000000e-08  1.48507302e-01 
 2.69200000e-08  1.49395229e-01 
 2.69400000e-08  1.50259581e-01 
 2.69600000e-08  1.51100226e-01 
 2.69800000e-08  1.51917033e-01 
 2.70000000e-08  1.52709876e-01 
 2.70200000e-08  1.53478635e-01 
 2.70400000e-08  1.54223189e-01 
 2.70600000e-08  1.54943426e-01 
 2.70800000e-08  1.55639233e-01 
 2.71000000e-08  1.56310505e-01 
 2.71200000e-08  1.56957137e-01 
 2.71400000e-08  1.57579030e-01 
 2.71600000e-08  1.58176090e-01 
 2.71800000e-08  1.58748224e-01 
 2.72000000e-08  1.59295345e-01 
 2.72200000e-08  1.59817368e-01 
 2.72400000e-08  1.60314214e-01 
 2.72600000e-08  1.60785807e-01 
 2.72800000e-08  1.61232074e-01 
 2.73000000e-08  1.61652947e-01 
 2.73200000e-08  1.62048362e-01 
 2.73400000e-08  1.62418257e-01 
 2.73600000e-08  1.62762578e-01 
 2.73800000e-08  1.63081270e-01 
 2.74000000e-08  1.63374285e-01 
 2.74200000e-08  1.63641579e-01 
 2.74400000e-08  1.63883111e-01 
 2.74600000e-08  1.64098844e-01 
 2.74800000e-08  1.64288745e-01 
 2.75000000e-08  1.64452785e-01 
 2.75200000e-08  1.64590939e-01 
 2.75400000e-08  1.64703187e-01 
 2.75600000e-08  1.64789510e-01 
 2.75800000e-08  1.64849898e-01 
 2.76000000e-08  1.64884339e-01 
 2.76200000e-08  1.64892829e-01 
 2.76400000e-08  1.64875368e-01 
 2.76600000e-08  1.64831957e-01 
 2.76800000e-08  1.64762604e-01 
 2.77000000e-08  1.64667320e-01 
 2.77200000e-08  1.64546119e-01 
 2.77400000e-08  1.64399020e-01 
 2.77600000e-08  1.64226046e-01 
 2.77800000e-08  1.64027224e-01 
 2.78000000e-08  1.63802584e-01 
 2.78200000e-08  1.63552160e-01 
 2.78400000e-08  1.63275993e-01 
 2.78600000e-08  1.62974122e-01 
 2.78800000e-08  1.62646597e-01 
 2.79000000e-08  1.62293466e-01 
 2.79200000e-08  1.61914784e-01 
 2.79400000e-08  1.61510609e-01 
 2.79600000e-08  1.61081004e-01 
 2.79800000e-08  1.60626034e-01 
 2.80000000e-08  1.60145770e-01 
 2.80200000e-08  1.59640286e-01 
 2.80400000e-08  1.59109658e-01 
 2.80600000e-08  1.58553969e-01 
 2.80800000e-08  1.57973305e-01 
 2.81000000e-08  1.57367754e-01 
 2.81200000e-08  1.56737410e-01 
 2.81400000e-08  1.56082370e-01 
 2.81600000e-08  1.55402734e-01 
 2.81800000e-08  1.54698608e-01 
 2.82000000e-08  1.53970100e-01 
 2.82200000e-08  1.53217322e-01 
 2.82400000e-08  1.52440390e-01 
 2.82600000e-08  1.51639423e-01 
 2.82800000e-08  1.50814547e-01 
 2.83000000e-08  1.49965887e-01 
 2.83200000e-08  1.49093574e-01 
 2.83400000e-08  1.48197744e-01 
 2.83600000e-08  1.47278534e-01 
 2.83800000e-08  1.46336087e-01 
 2.84000000e-08  1.45370548e-01 
 2.84200000e-08  1.44382066e-01 
 2.84400000e-08  1.43370795e-01 
 2.84600000e-08  1.42336890e-01 
 2.84800000e-08  1.41280512e-01 
 2.85000000e-08  1.40201825e-01 
 2.85200000e-08  1.39100995e-01 
 2.85400000e-08  1.37978192e-01 
 2.85600000e-08  1.36833592e-01 
 2.85800000e-08  1.35667371e-01 
 2.86000000e-08  1.34479710e-01 
 2.86200000e-08  1.33270795e-01 
 2.86400000e-08  1.32040811e-01 
 2.86600000e-08  1.30789952e-01 
 2.86800000e-08  1.29518410e-01 
 2.87000000e-08  1.28226384e-01 
 2.87200000e-08  1.26914075e-01 
 2.87400000e-08  1.25581687e-01 
 2.87600000e-08  1.24229428e-01 
 2.87800000e-08  1.22857508e-01 
 2.88000000e-08  1.21466141e-01 
 2.88200000e-08  1.20055544e-01 
 2.88400000e-08  1.18625937e-01 
 2.88600000e-08  1.17177544e-01 
 2.88800000e-08  1.15710590e-01 
 2.89000000e-08  1.14225305e-01 
 2.89200000e-08  1.12721921e-01 
 2.89400000e-08  1.11200674e-01 
 2.89600000e-08  1.09661801e-01 
 2.89800000e-08  1.08105543e-01 
 2.90000000e-08  1.06532144e-01 
 2.90200000e-08  1.04941850e-01 
 2.90400000e-08  1.03334912e-01 
 2.90600000e-08  1.01711581e-01 
 2.90800000e-08  1.00072112e-01 
 2.91000000e-08  9.84167621e-02 
 2.91200000e-08  9.67457918e-02 
 2.91400000e-08  9.50594635e-02 
 2.91600000e-08  9.33580426e-02 
 2.91800000e-08  9.16417966e-02 
 2.92000000e-08  8.99109958e-02 
 2.92200000e-08  8.81659127e-02 
 2.92400000e-08  8.64068223e-02 
 2.92600000e-08  8.46340019e-02 
 2.92800000e-08  8.28477309e-02 
 2.93000000e-08  8.10482912e-02 
 2.93200000e-08  7.92359669e-02 
 2.93400000e-08  7.74110441e-02 
 2.93600000e-08  7.55738110e-02 
 2.93800000e-08  7.37245581e-02 
 2.94000000e-08  7.18635777e-02 
 2.94200000e-08  6.99911641e-02 
 2.94400000e-08  6.81076136e-02 
 2.94600000e-08  6.62132244e-02 
 2.94800000e-08  6.43082964e-02 
 2.95000000e-08  6.23931314e-02 
 2.95200000e-08  6.04680329e-02 
 2.95400000e-08  5.85333060e-02 
 2.95600000e-08  5.65892575e-02 
 2.95800000e-08  5.46361959e-02 
 2.96000000e-08  5.26744310e-02 
 2.96200000e-08  5.07042743e-02 
 2.96400000e-08  4.87260385e-02 
 2.96600000e-08  4.67400379e-02 
 2.96800000e-08  4.47465881e-02 
 2.97000000e-08  4.27460058e-02 
 2.97200000e-08  4.07386091e-02 
 2.97400000e-08  3.87247171e-02 
 2.97600000e-08  3.67046501e-02 
 2.97800000e-08  3.46787296e-02 
 2.98000000e-08  3.26472778e-02 
 2.98200000e-08  3.06106182e-02 
 2.98400000e-08  2.85690749e-02 
 2.98600000e-08  2.65229730e-02 
 2.98800000e-08  2.44726384e-02 
 2.99000000e-08  2.24183975e-02 
 2.99200000e-08  2.03605777e-02 
 2.99400000e-08  1.82995069e-02 
 2.99600000e-08  1.62355134e-02 
 2.99800000e-08  1.41689262e-02 
 3.00000000e-08  1.21000748e-02 
 3.00200000e-08  1.00292889e-02 
 3.00400000e-08  7.95689856e-03 
 3.00600000e-08  5.88323430e-03 
 3.00800000e-08  3.80862673e-03 
 3.01000000e-08  1.73340665e-03 
 3.01200000e-08 -3.42095018e-04 
 3.01400000e-08 -2.41754730e-03 
 3.01600000e-08 -4.49261923e-03 
 3.01800000e-08 -6.56697989e-03 
 3.02000000e-08 -8.64029847e-03 
 3.02200000e-08 -1.07122443e-02 
 3.02400000e-08 -1.27824871e-02 
 3.02600000e-08 -1.48506967e-02 
 3.02800000e-08 -1.69165433e-02 
 3.03000000e-08 -1.89796975e-02 
 3.03200000e-08 -2.10398304e-02 
 3.03400000e-08 -2.30966136e-02 
 3.03600000e-08 -2.51497193e-02 
 3.03800000e-08 -2.71988203e-02 
 3.04000000e-08 -2.92435899e-02 
 3.04200000e-08 -3.12837025e-02 
 3.04400000e-08 -3.33188330e-02 
 3.04600000e-08 -3.53486571e-02 
 3.04800000e-08 -3.73728518e-02 
 3.05000000e-08 -3.93910946e-02 
 3.05200000e-08 -4.14030642e-02 
 3.05400000e-08 -4.34084405e-02 
 3.05600000e-08 -4.54069043e-02 
 3.05800000e-08 -4.73981376e-02 
 3.06000000e-08 -4.93818238e-02 
 3.06200000e-08 -5.13576474e-02 
 3.06400000e-08 -5.33252943e-02 
 3.06600000e-08 -5.52844518e-02 
 3.06800000e-08 -5.72348086e-02 
 3.07000000e-08 -5.91760549e-02 
 3.07200000e-08 -6.11078825e-02 
 3.07400000e-08 -6.30299847e-02 
 3.07600000e-08 -6.49420565e-02 
 3.07800000e-08 -6.68437946e-02 
 3.08000000e-08 -6.87348974e-02 
 3.08200000e-08 -7.06150651e-02 
 3.08400000e-08 -7.24839997e-02 
 3.08600000e-08 -7.43414053e-02 
 3.08800000e-08 -7.61869876e-02 
 3.09000000e-08 -7.80204546e-02 
 3.09200000e-08 -7.98415162e-02 
 3.09400000e-08 -8.16498843e-02 
 3.09600000e-08 -8.34452730e-02 
 3.09800000e-08 -8.52273987e-02 
 3.10000000e-08 -8.69959797e-02 
 3.10200000e-08 -8.87507370e-02 
 3.10400000e-08 -9.04913934e-02 
 3.10600000e-08 -9.22176745e-02 
 3.10800000e-08 -9.39293080e-02 
 3.11000000e-08 -9.56260242e-02 
 3.11200000e-08 -9.73075557e-02 
 3.11400000e-08 -9.89736378e-02 
 3.11600000e-08 -1.00624008e-01 
 3.11800000e-08 -1.02258408e-01 
 3.12000000e-08 -1.03876579e-01 
 3.12200000e-08 -1.05478267e-01 
 3.12400000e-08 -1.07063222e-01 
 3.12600000e-08 -1.08631193e-01 
 3.12800000e-08 -1.10181936e-01 
 3.13000000e-08 -1.11715206e-01 
 3.13200000e-08 -1.13230764e-01 
 3.13400000e-08 -1.14728371e-01 
 3.13600000e-08 -1.16207794e-01 
 3.13800000e-08 -1.17668802e-01 
 3.14000000e-08 -1.19111164e-01 
 3.14200000e-08 -1.20534656e-01 
 3.14400000e-08 -1.21939056e-01 
 3.14600000e-08 -1.23324144e-01 
 3.14800000e-08 -1.24689703e-01 
 3.15000000e-08 -1.26035522e-01 
 3.15200000e-08 -1.27361389e-01 
 3.15400000e-08 -1.28667098e-01 
 3.15600000e-08 -1.29952447e-01 
 3.15800000e-08 -1.31217234e-01 
 3.16000000e-08 -1.32461263e-01 
 3.16200000e-08 -1.33684340e-01 
 3.16400000e-08 -1.34886276e-01 
 3.16600000e-08 -1.36066883e-01 
 3.16800000e-08 -1.37225979e-01 
 3.17000000e-08 -1.38363383e-01 
 3.17200000e-08 -1.39478919e-01 
 3.17400000e-08 -1.40572413e-01 
 3.17600000e-08 -1.41643697e-01 
 3.17800000e-08 -1.42692605e-01 
 3.18000000e-08 -1.43718974e-01 
 3.18200000e-08 -1.44722645e-01 
 3.18400000e-08 -1.45703463e-01 
 3.18600000e-08 -1.46661277e-01 
 3.18800000e-08 -1.47595938e-01 
 3.19000000e-08 -1.48507302e-01 
 3.19200000e-08 -1.49395229e-01 
 3.19400000e-08 -1.50259581e-01 
 3.19600000e-08 -1.51100226e-01 
 3.19800000e-08 -1.51917033e-01 
 3.20000000e-08 -1.52709876e-01 
 3.20200000e-08 -1.53478635e-01 
 3.20400000e-08 -1.54223189e-01 
 3.20600000e-08 -1.54943426e-01 
 3.20800000e-08 -1.55639233e-01 
 3.21000000e-08 -1.56310505e-01 
 3.21200000e-08 -1.56957137e-01 
 3.21400000e-08 -1.57579030e-01 
 3.21600000e-08 -1.58176090e-01 
 3.21800000e-08 -1.58748224e-01 
 3.22000000e-08 -1.59295345e-01 
 3.22200000e-08 -1.59817368e-01 
 3.22400000e-08 -1.60314214e-01 
 3.22600000e-08 -1.60785807e-01 
 3.22800000e-08 -1.61232074e-01 
 3.23000000e-08 -1.61652947e-01 
 3.23200000e-08 -1.62048362e-01 
 3.23400000e-08 -1.62418257e-01 
 3.23600000e-08 -1.62762578e-01 
 3.23800000e-08 -1.63081270e-01 
 3.24000000e-08 -1.63374285e-01 
 3.24200000e-08 -1.63641579e-01 
 3.24400000e-08 -1.63883111e-01 
 3.24600000e-08 -1.64098844e-01 
 3.24800000e-08 -1.64288745e-01 
 3.25000000e-08 -1.64452785e-01 
 3.25200000e-08 -1.64590939e-01 
 3.25400000e-08 -1.64703187e-01 
 3.25600000e-08 -1.64789510e-01 
 3.25800000e-08 -1.64849898e-01 
 3.26000000e-08 -1.64884339e-01 
 3.26200000e-08 -1.64892829e-01 
 3.26400000e-08 -1.64875368e-01 
 3.26600000e-08 -1.64831957e-01 
 3.26800000e-08 -1.64762604e-01 
 3.27000000e-08 -1.64667320e-01 
 3.27200000e-08 -1.64546119e-01 
 3.27400000e-08 -1.64399020e-01 
 3.27600000e-08 -1.64226046e-01 
 3.27800000e-08 -1.64027224e-01 
 3.28000000e-08 -1.63802584e-01 
 3.28200000e-08 -1.63552160e-01 
 3.28400000e-08 -1.63275993e-01 
 3.28600000e-08 -1.62974122e-01 
 3.28800000e-08 -1.62646597e-01 
 3.29000000e-08 -1.62293466e-01 
 3.29200000e-08 -1.61914784e-01 
 3.29400000e-08 -1.61510609e-01 
 3.29600000e-08 -1.61081004e-01 
 3.29800000e-08 -1.60626034e-01 
 3.30000000e-08 -1.60145770e-01 
 3.30200000e-08 -1.59640286e-01 
 3.30400000e-08 -1.59109658e-01 
 3.30600000e-08 -1.58553969e-01 
 3.30800000e-08 -1.57973305e-01 
 3.31000000e-08 -1.57367754e-01 
 3.31200000e-08 -1.56737410e-01 
 3.31400000e-08 -1.56082370e-01 
 3.31600000e-08 -1.55402734e-01 
 3.31800000e-08 -1.54698608e-01 
 3.32000000e-08 -1.53970100e-01 
 3.32200000e-08 -1.53217322e-01 
 3.32400000e-08 -1.52440390e-01 
 3.32600000e-08 -1.51639423e-01 
 3.32800000e-08 -1.50814547e-01 
 3.33000000e-08 -1.49965887e-01 
 3.33200000e-08 -1.49093574e-01 
 3.33400000e-08 -1.48197744e-01 
 3.33600000e-08 -1.47278534e-01 
 3.33800000e-08 -1.46336087e-01 
 3.34000000e-08 -1.45370548e-01 
 3.34200000e-08 -1.44382066e-01 
 3.34400000e-08 -1.43370795e-01 
 3.34600000e-08 -1.42336890e-01 
 3.34800000e-08 -1.41280512e-01 
 3.35000000e-08 -1.40201825e-01 
 3.35200000e-08 -1.39100995e-01 
 3.35400000e-08 -1.37978192e-01 
 3.35600000e-08 -1.36833592e-01 
 3.35800000e-08 -1.35667371e-01 
 3.36000000e-08 -1.34479710e-01 
 3.36200000e-08 -1.33270795e-01 
 3.36400000e-08 -1.32040811e-01 
 3.36600000e-08 -1.30789952e-01 
 3.36800000e-08 -1.29518410e-01 
 3.37000000e-08 -1.28226384e-01 
 3.37200000e-08 -1.26914075e-01 
 3.37400000e-08 -1.25581687e-01 
 3.37600000e-08 -1.24229428e-01 
 3.37800000e-08 -1.22857508e-01 
 3.38000000e-08 -1.21466141e-01 
 3.38200000e-08 -1.20055544e-01 
 3.38400000e-08 -1.18625937e-01 
 3.38600000e-08 -1.17177544e-01 
 3.38800000e-08 -1.15710590e-01 
 3.39000000e-08 -1.14225305e-01 
 3.39200000e-08 -1.12721921e-01 
 3.39400000e-08 -1.11200674e-01 
 3.39600000e-08 -1.09661801e-01 
 3.39800000e-08 -1.08105543e-01 
 3.40000000e-08 -1.06532144e-01 
 3.40200000e-08 -1.04941850e-01 
 3.40400000e-08 -1.03334912e-01 
 3.40600000e-08 -1.01711581e-01 
 3.40800000e-08 -1.00072112e-01 
 3.41000000e-08 -9.84167621e-02 
 3.41200000e-08 -9.67457918e-02 
 3.41400000e-08 -9.50594635e-02 
 3.41600000e-08 -9.33580426e-02 
 3.41800000e-08 -9.16417966e-02 
 3.42000000e-08 -8.99109958e-02 
 3.42200000e-08 -8.81659128e-02 
 3.42400000e-08 -8.64068223e-02 
 3.42600000e-08 -8.46340019e-02 
 3.42800000e-08 -8.28477309e-02 
 3.43000000e-08 -8.10482912e-02 
 3.43200000e-08 -7.92359669e-02 
 3.43400000e-08 -7.74110441e-02 
 3.43600000e-08 -7.55738110e-02 
 3.43800000e-08 -7.37245581e-02 
 3.44000000e-08 -7.18635777e-02 
 3.44200000e-08 -6.99911641e-02 
 3.44400000e-08 -6.81076136e-02 
 3.44600000e-08 -6.62132244e-02 
 3.44800000e-08 -6.43082964e-02 
 3.45000000e-08 -6.23931314e-02 
 3.45200000e-08 -6.04680329e-02 
 3.45400000e-08 -5.85333060e-02 
 3.45600000e-08 -5.65892575e-02 
 3.45800000e-08 -5.46361959e-02 
 3.46000000e-08 -5.26744310e-02 
 3.46200000e-08 -5.07042743e-02 
 3.46400000e-08 -4.87260385e-02 
 3.46600000e-08 -4.67400379e-02 
 3.46800000e-08 -4.47465881e-02 
 3.47000000e-08 -4.27460058e-02 
 3.47200000e-08 -4.07386091e-02 
 3.47400000e-08 -3.87247171e-02 
 3.47600000e-08 -3.67046501e-02 
 3.47800000e-08 -3.46787296e-02 
 3.48000000e-08 -3.26472778e-02 
 3.48200000e-08 -3.06106182e-02 
 3.48400000e-08 -2.85690749e-02 
 3.48600000e-08 -2.65229730e-02 
 3.48800000e-08 -2.44726384e-02 
 3.49000000e-08 -2.24183975e-02 
 3.49200000e-08 -2.03605777e-02 
 3.49400000e-08 -1.82995069e-02 
 3.49600000e-08 -1.62355134e-02 
 3.49800000e-08 -1.41689262e-02 
 3.50000000e-08 -1.21000748e-02 
 3.50200000e-08 -1.00292889e-02 
 3.50400000e-08 -7.95689856e-03 
 3.50600000e-08 -5.88323430e-03 
 3.50800000e-08 -3.80862673e-03 
 3.51000000e-08 -1.73340665e-03 
 3.51200000e-08  3.42095019e-04 
 3.51400000e-08  2.41754730e-03 
 3.51600000e-08  4.49261923e-03 
 3.51800000e-08  6.56697989e-03 
 3.52000000e-08  8.64029847e-03 
 3.52200000e-08  1.07122443e-02 
 3.52400000e-08  1.27824871e-02 
 3.52600000e-08  1.48506967e-02 
 3.52800000e-08  1.69165433e-02 
 3.53000000e-08  1.89796975e-02 
 3.53200000e-08  2.10398304e-02 
 3.53400000e-08  2.30966136e-02 
 3.53600000e-08  2.51497193e-02 
 3.53800000e-08  2.71988203e-02 
 3.54000000e-08  2.92435899e-02 
 3.54200000e-08  3.12837025e-02 
 3.54400000e-08  3.33188330e-02 
 3.54600000e-08  3.53486571e-02 
 3.54800000e-08  3.73728518e-02 
 3.55000000e-08  3.93910946e-02 
 3.55200000e-08  4.14030642e-02 
 3.55400000e-08  4.34084405e-02 
 3.55600000e-08  4.54069043e-02 
 3.55800000e-08  4.73981376e-02 
 3.56000000e-08  4.93818238e-02 
 3.56200000e-08  5.13576474e-02 
 3.56400000e-08  5.33252943e-02 
 3.56600000e-08  5.52844518e-02 
 3.56800000e-08  5.72348086e-02 
 3.57000000e-08  5.91760549e-02 
 3.57200000e-08  6.11078825e-02 
 3.57400000e-08  6.30299847e-02 
 3.57600000e-08  6.49420565e-02 
 3.57800000e-08  6.68437946e-02 
 3.58000000e-08  6.87348974e-02 
 3.58200000e-08  7.06150651e-02 
 3.58400000e-08  7.24839997e-02 
 3.58600000e-08  7.43414053e-02 
 3.58800000e-08  7.61869876e-02 
 3.59000000e-08  7.80204546e-02 
 3.59200000e-08  7.98415162e-02 
 3.59400000e-08  8.16498843e-02 
 3.59600000e-08  8.34452730e-02 
 3.59800000e-08  8.52273987e-02 
 3.60000000e-08  8.69959797e-02 
 3.60200000e-08  8.87507370e-02 
 3.60400000e-08  9.04913934e-02 
 3.60600000e-08  9.22176745e-02 
 3.60800000e-08  9.39293080e-02 
 3.61000000e-08  9.56260242e-02 
 3.61200000e-08  9.73075557e-02 
 3.61400000e-08  9.89736378e-02 
 3.61600000e-08  1.00624008e-01 
 3.61800000e-08  1.02258408e-01 
 3.62000000e-08  1.03876579e-01 
 3.62200000e-08  1.05478267e-01 
 3.62400000e-08  1.07063222e-01 
 3.62600000e-08  1.08631193e-01 
 3.62800000e-08  1.10181936e-01 
 3.63000000e-08  1.11715206e-01 
 3.63200000e-08  1.13230764e-01 
 3.63400000e-08  1.14728371e-01 
 3.63600000e-08  1.16207794e-01 
 3.63800000e-08  1.17668802e-01 
 3.64000000e-08  1.19111164e-01 
 3.64200000e-08  1.20534656e-01 
 3.64400000e-08  1.21939056e-01 
 3.64600000e-08  1.23324144e-01 
 3.64800000e-08  1.24689703e-01 
 3.65000000e-08  1.26035522e-01 
 3.65200000e-08  1.27361389e-01 
 3.65400000e-08  1.28667098e-01 
 3.65600000e-08  1.29952447e-01 
 3.65800000e-08  1.31217234e-01 
 3.66000000e-08  1.32461263e-01 
 3.66200000e-08  1.33684340e-01 
 3.66400000e-08  1.34886276e-01 
 3.66600000e-08  1.36066883e-01 
 3.66800000e-08  1.37225979e-01 
 3.67000000e-08  1.38363383e-01 
 3.67200000e-08  1.39478919e-01 
 3.67400000e-08  1.40572413e-01 
 3.67600000e-08  1.41643697e-01 
 3.67800000e-08  1.42692605e-01 
 3.68000000e-08  1.43718974e-01 
 3.68200000e-08  1.44722645e-01 
 3.68400000e-08  1.45703463e-01 
 3.68600000e-08  1.46661277e-01 
 3.68800000e-08  1.47595938e-01 
 3.69000000e-08  1.48507302e-01 
 3.69200000e-08  1.49395229e-01 
 3.69400000e-08  1.50259581e-01 
 3.69600000e-08  1.51100226e-01 
 3.69800000e-08  1.51917033e-01 
 3.70000000e-08  1.52709876e-01 
 3.70200000e-08  1.53478635e-01 
 3.70400000e-08  1.54223189e-01 
 3.70600000e-08  1.54943426e-01 
 3.70800000e-08  1.55639233e-01 
 3.71000000e-08  1.56310505e-01 
 3.71200000e-08  1.56957137e-01 
 3.71400000e-08  1.57579030e-01 
 3.71600000e-08  1.58176090e-01 
 3.71800000e-08  1.58748224e-01 
 3.72000000e-08  1.59295345e-01 
 3.72200000e-08  1.59817368e-01 
 3.72400000e-08  1.60314214e-01 
 3.72600000e-08  1.60785807e-01 
 3.72800000e-08  1.61232074e-01 
 3.73000000e-08  1.61652947e-01 
 3.73200000e-08  1.62048362e-01 
 3.73400000e-08  1.62418257e-01 
 3.73600000e-08  1.62762578e-01 
 3.73800000e-08  1.63081270e-01 
 3.74000000e-08  1.63374285e-01 
 3.74200000e-08  1.63641579e-01 
 3.74400000e-08  1.63883111e-01 
 3.74600000e-08  1.64098844e-01 
 3.74800000e-08  1.64288745e-01 
 3.75000000e-08  1.64452785e-01 
 3.75200000e-08  1.64590939e-01 
 3.75400000e-08  1.64703187e-01 
 3.75600000e-08  1.64789510e-01 
 3.75800000e-08  1.64849898e-01 
 3.76000000e-08  1.64884339e-01 
 3.76200000e-08  1.64892829e-01 
 3.76400000e-08  1.64875368e-01 
 3.76600000e-08  1.64831957e-01 
 3.76800000e-08  1.64762604e-01 
 3.77000000e-08  1.64667320e-01 
 3.77200000e-08  1.64546119e-01 
 3.77400000e-08  1.64399020e-01 
 3.77600000e-08  1.64226046e-01 
 3.77800000e-08  1.64027224e-01 
 3.78000000e-08  1.63802584e-01 
 3.78200000e-08  1.63552160e-01 
 3.78400000e-08  1.63275993e-01 
 3.78600000e-08  1.62974122e-01 
 3.78800000e-08  1.62646597e-01 
 3.79000000e-08  1.62293466e-01 
 3.79200000e-08  1.61914784e-01 
 3.79400000e-08  1.61510609e-01 
 3.79600000e-08  1.61081004e-01 
 3.79800000e-08  1.60626034e-01 
 3.80000000e-08  1.60145770e-01 
 3.80200000e-08  1.59640286e-01 
 3.80400000e-08  1.59109658e-01 
 3.80600000e-08  1.58553969e-01 
 3.80800000e-08  1.57973305e-01 
 3.81000000e-08  1.57367754e-01 
 3.81200000e-08  1.56737410e-01 
 3.81400000e-08  1.56082370e-01 
 3.81600000e-08  1.55402734e-01 
 3.81800000e-08  1.54698608e-01 
 3.82000000e-08  1.53970100e-01 
 3.82200000e-08  1.53217322e-01 
 3.82400000e-08  1.52440390e-01 
 3.82600000e-08  1.51639423e-01 
 3.82800000e-08  1.50814547e-01 
 3.83000000e-08  1.49965887e-01 
 3.83200000e-08  1.49093574e-01 
 3.83400000e-08  1.48197744e-01 
 3.83600000e-08  1.47278534e-01 
 3.83800000e-08  1.46336087e-01 
 3.84000000e-08  1.45370548e-01 
 3.84200000e-08  1.44382066e-01 
 3.84400000e-08  1.43370795e-01 
 3.84600000e-08  1.42336890e-01 
 3.84800000e-08  1.41280512e-01 
 3.85000000e-08  1.40201825e-01 
 3.85200000e-08  1.39100995e-01 
 3.85400000e-08  1.37978192e-01 
 3.85600000e-08  1.36833592e-01 
 3.85800000e-08  1.35667371e-01 
 3.86000000e-08  1.34479710e-01 
 3.86200000e-08  1.33270795e-01 
 3.86400000e-08  1.32040811e-01 
 3.86600000e-08  1.30789952e-01 
 3.86800000e-08  1.29518410e-01 
 3.87000000e-08  1.28226384e-01 
 3.87200000e-08  1.26914075e-01 
 3.87400000e-08  1.25581687e-01 
 3.87600000e-08  1.24229428e-01 
 3.87800000e-08  1.22857508e-01 
 3.88000000e-08  1.21466141e-01 
 3.88200000e-08  1.20055544e-01 
 3.88400000e-08  1.18625937e-01 
 3.88600000e-08  1.17177544e-01 
 3.88800000e-08  1.15710590e-01 
 3.89000000e-08  1.14225305e-01 
 3.89200000e-08  1.12721921e-01 
 3.89400000e-08  1.11200674e-01 
 3.89600000e-08  1.09661801e-01 
 3.89800000e-08  1.08105543e-01 
 3.90000000e-08  1.06532144e-01 
 3.90200000e-08  1.04941850e-01 
 3.90400000e-08  1.03334912e-01 
 3.90600000e-08  1.01711581e-01 
 3.90800000e-08  1.00072112e-01 
 3.91000000e-08  9.84167621e-02 
 3.91200000e-08  9.67457918e-02 
 3.91400000e-08  9.50594635e-02 
 3.91600000e-08  9.33580426e-02 
 3.91800000e-08  9.16417966e-02 
 3.92000000e-08  8.99109958e-02 
 3.92200000e-08  8.81659127e-02 
 3.92400000e-08  8.64068223e-02 
 3.92600000e-08  8.46340019e-02 
 3.92800000e-08  8.28477309e-02 
 3.93000000e-08  8.10482912e-02 
 3.93200000e-08  7.92359669e-02 
 3.93400000e-08  7.74110441e-02 
 3.93600000e-08  7.55738110e-02 
 3.93800000e-08  7.37245581e-02 
 3.94000000e-08  7.18635777e-02 
 3.94200000e-08  6.99911641e-02 
 3.94400000e-08  6.81076136e-02 
 3.94600000e-08  6.62132244e-02 
 3.94800000e-08  6.43082964e-02 
 3.95000000e-08  6.23931314e-02 
 3.95200000e-08  6.04680329e-02 
 3.95400000e-08  5.85333060e-02 
 3.95600000e-08  5.65892575e-02 
 3.95800000e-08  5.46361959e-02 
 3.96000000e-08  5.26744310e-02 
 3.96200000e-08  5.07042743e-02 
 3.96400000e-08  4.87260385e-02 
 3.96600000e-08  4.67400379e-02 
 3.96800000e-08  4.47465881e-02 
 3.97000000e-08  4.27460058e-02 
 3.97200000e-08  4.07386091e-02 
 3.97400000e-08  3.87247171e-02 
 3.97600000e-08  3.67046501e-02 
 3.97800000e-08  3.46787296e-02 
 3.98000000e-08  3.26472778e-02 
 3.98200000e-08  3.06106182e-02 
 3.98400000e-08  2.85690749e-02 
 3.98600000e-08  2.65229730e-02 
 3.98800000e-08  2.44726384e-02 
 3.99000000e-08  2.24183975e-02 
 3.99200000e-08  2.03605777e-02 
 3.99400000e-08  1.82995069e-02 
 3.99600000e-08  1.62355134e-02 
 3.99800000e-08  1.41689262e-02 
 4.00000000e-08  1.21000748e-02 
 4.00200000e-08  1.00292889e-02 
 4.00400000e-08  7.95689856e-03 
 4.00600000e-08  5.88323430e-03 
 4.00800000e-08  3.80862673e-03 
 4.01000000e-08  1.73340665e-03 
 4.01200000e-08 -3.42095019e-04 
 4.01400000e-08 -2.41754730e-03 
 4.01600000e-08 -4.49261923e-03 
 4.01800000e-08 -6.56697989e-03 
 4.02000000e-08 -8.64029847e-03 
 4.02200000e-08 -1.07122443e-02 
 4.02400000e-08 -1.27824871e-02 
 4.02600000e-08 -1.48506967e-02 
 4.02800000e-08 -1.69165433e-02 
 4.03000000e-08 -1.89796975e-02 
 4.03200000e-08 -2.10398304e-02 
 4.03400000e-08 -2.30966136e-02 
 4.03600000e-08 -2.51497193e-02 
 4.03800000e-08 -2.71988203e-02 
 4.04000000e-08 -2.92435899e-02 
 4.04200000e-08 -3.12837025e-02 
 4.04400000e-08 -3.33188330e-02 
 4.04600000e-08 -3.53486571e-02 
 4.04800000e-08 -3.73728518e-02 
 4.05000000e-08 -3.93910946e-02 
 4.05200000e-08 -4.14030642e-02 
 4.05400000e-08 -4.34084405e-02 
 4.05600000e-08 -4.54069043e-02 
 4.05800000e-08 -4.73981376e-02 
 4.06000000e-08 -4.93818238e-02 
 4.06200000e-08 -5.13576474e-02 
 4.06400000e-08 -5.33252943e-02 
 4.06600000e-08 -5.52844518e-02 
 4.06800000e-08 -5.72348086e-02 
 4.07000000e-08 -5.91760549e-02 
 4.07200000e-08 -6.11078825e-02 
 4.07400000e-08 -6.30299847e-02 
 4.07600000e-08 -6.49420565e-02 
 4.07800000e-08 -6.68437946e-02 
 4.08000000e-08 -6.87348974e-02 
 4.08200000e-08 -7.06150651e-02 
 4.08400000e-08 -7.24839997e-02 
 4.08600000e-08 -7.43414053e-02 
 4.08800000e-08 -7.61869876e-02 
 4.09000000e-08 -7.80204546e-02 
 4.09200000e-08 -7.98415162e-02 
 4.09400000e-08 -8.16498843e-02 
 4.09600000e-08 -8.34452730e-02 
 4.09800000e-08 -8.52273987e-02 
 4.10000000e-08 -8.69959797e-02 
 4.10200000e-08 -8.87507370e-02 
 4.10400000e-08 -9.04913934e-02 
 4.10600000e-08 -9.22176745e-02 
 4.10800000e-08 -9.39293080e-02 
 4.11000000e-08 -9.56260242e-02 
 4.11200000e-08 -9.73075557e-02 
 4.11400000e-08 -9.89736378e-02 
 4.11600000e-08 -1.00624008e-01 
 4.11800000e-08 -1.02258408e-01 
 4.12000000e-08 -1.03876579e-01 
 4.12200000e-08 -1.05478267e-01 
 4.12400000e-08 -1.07063222e-01 
 4.12600000e-08 -1.08631193e-01 
 4.12800000e-08 -1.10181936e-01 
 4.13000000e-08 -1.11715206e-01 
 4.13200000e-08 -1.13230764e-01 
 4.13400000e-08 -1.14728371e-01 
 4.13600000e-08 -1.16207794e-01 
 4.13800000e-08 -1.17668802e-01 
 4.14000000e-08 -1.19111164e-01 
 4.14200000e-08 -1.20534656e-01 
 4.14400000e-08 -1.21939056e-01 
 4.14600000e-08 -1.23324144e-01 
 4.14800000e-08 -1.24689703e-01 
 4.15000000e-08 -1.26035522e-01 
 4.15200000e-08 -1.27361389e-01 
 4.15400000e-08 -1.28667098e-01 
 4.15600000e-08 -1.29952447e-01 
 4.15800000e-08 -1.31217234e-01 
 4.16000000e-08 -1.32461263e-01 
 4.16200000e-08 -1.33684340e-01 
 4.16400000e-08 -1.34886276e-01 
 4.16600000e-08 -1.36066883e-01 
 4.16800000e-08 -1.37225979e-01 
 4.17000000e-08 -1.38363383e-01 
 4.17200000e-08 -1.39478919e-01 
 4.17400000e-08 -1.40572413e-01 
 4.17600000e-08 -1.41643697e-01 
 4.17800000e-08 -1.42692605e-01 
 4.18000000e-08 -1.43718974e-01 
 4.18200000e-08 -1.44722645e-01 
 4.18400000e-08 -1.45703463e-01 
 4.18600000e-08 -1.46661277e-01 
 4.18800000e-08 -1.47595938e-01 
 4.19000000e-08 -1.48507302e-01 
 4.19200000e-08 -1.49395229e-01 
 4.19400000e-08 -1.50259581e-01 
 4.19600000e-08 -1.51100226e-01 
 4.19800000e-08 -1.51917033e-01 
 4.20000000e-08 -1.52709876e-01 
 4.20200000e-08 -1.53478635e-01 
 4.20400000e-08 -1.54223189e-01 
 4.20600000e-08 -1.54943426e-01 
 4.20800000e-08 -1.55639233e-01 
 4.21000000e-08 -1.56310505e-01 
 4.21200000e-08 -1.56957137e-01 
 4.21400000e-08 -1.57579030e-01 
 4.21600000e-08 -1.58176090e-01 
 4.21800000e-08 -1.58748224e-01 
 4.22000000e-08 -1.59295345e-01 
 4.22200000e-08 -1.59817368e-01 
 4.22400000e-08 -1.60314214e-01 
 4.22600000e-08 -1.60785807e-01 
 4.22800000e-08 -1.61232074e-01 
 4.23000000e-08 -1.61652947e-01 
 4.23200000e-08 -1.62048362e-01 
 4.23400000e-08 -1.62418257e-01 
 4.23600000e-08 -1.62762578e-01 
 4.23800000e-08 -1.63081270e-01 
 4.24000000e-08 -1.63374285e-01 
 4.24200000e-08 -1.63641579e-01 
 4.24400000e-08 -1.63883111e-01 
 4.24600000e-08 -1.64098844e-01 
 4.24800000e-08 -1.64288745e-01 
 4.25000000e-08 -1.64452785e-01 
 4.25200000e-08 -1.64590939e-01 
 4.25400000e-08 -1.64703187e-01 
 4.25600000e-08 -1.64789510e-01 
 4.25800000e-08 -1.64849898e-01 
 4.26000000e-08 -1.64884339e-01 
 4.26200000e-08 -1.64892829e-01 
 4.26400000e-08 -1.64875368e-01 
 4.26600000e-08 -1.64831957e-01 
 4.26800000e-08 -1.64762604e-01 
 4.27000000e-08 -1.64667320e-01 
 4.27200000e-08 -1.64546119e-01 
 4.27400000e-08 -1.64399020e-01 
 4.27600000e-08 -1.64226046e-01 
 4.27800000e-08 -1.64027224e-01 
 4.28000000e-08 -1.63802584e-01 
 4.28200000e-08 -1.63552160e-01 
 4.28400000e-08 -1.63275993e-01 
 4.28600000e-08 -1.62974122e-01 
 4.28800000e-08 -1.62646597e-01 
 4.29000000e-08 -1.62293466e-01 
 4.29200000e-08 -1.61914784e-01 
 4.29400000e-08 -1.61510609e-01 
 4.29600000e-08 -1.61081004e-01 
 4.29800000e-08 -1.60626034e-01 
 4.30000000e-08 -1.60145770e-01 
 4.30200000e-08 -1.59640286e-01 
 4.30400000e-08 -1.59109658e-01 
 4.30600000e-08 -1.58553969e-01 
 4.30800000e-08 -1.57973305e-01 
 4.31000000e-08 -1.57367754e-01 
 4.31200000e-08 -1.56737410e-01 
 4.31400000e-08 -1.56082370e-01 
 4.31600000e-08 -1.55402734e-01 
 4.31800000e-08 -1.54698608e-01 
 4.32000000e-08 -1.53970100e-01 
 4.32200000e-08 -1.53217322e-01 
 4.32400000e-08 -1.52440390e-01 
 4.32600000e-08 -1.51639423e-01 
 4.32800000e-08 -1.50814547e-01 
 4.33000000e-08 -1.49965887e-01 
 4.33200000e-08 -1.49093574e-01 
 4.33400000e-08 -1.48197744e-01 
 4.33600000e-08 -1.47278534e-01 
 4.33800000e-08 -1.46336087e-01 
 4.34000000e-08 -1.45370548e-01 
 4.34200000e-08 -1.44382066e-01 
 4.34400000e-08 -1.43370795e-01 
 4.34600000e-08 -1.42336890e-01 
 4.34800000e-08 -1.41280512e-01 
 4.35000000e-08 -1.40201825e-01 
 4.35200000e-08 -1.39100995e-01 
 4.35400000e-08 -1.37978192e-01 
 4.35600000e-08 -1.36833592e-01 
 4.35800000e-08 -1.35667371e-01 
 4.36000000e-08 -1.34479710e-01 
 4.36200000e-08 -1.33270795e-01 
 4.36400000e-08 -1.32040811e-01 
 4.36600000e-08 -1.30789952e-01 
 4.36800000e-08 -1.29518410e-01 
 4.37000000e-08 -1.28226384e-01 
 4.37200000e-08 -1.26914075e-01 
 4.37400000e-08 -1.25581687e-01 
 4.37600000e-08 -1.24229428e-01 
 4.37800000e-08 -1.22857508e-01 
 4.38000000e-08 -1.21466141e-01 
 4.38200000e-08 -1.20055544e-01 
 4.38400000e-08 -1.18625937e-01 
 4.38600000e-08 -1.17177544e-01 
 4.38800000e-08 -1.15710590e-01 
 4.39000000e-08 -1.14225305e-01 
 4.39200000e-08 -1.12721921e-01 
 4.39400000e-08 -1.11200674e-01 
 4.39600000e-08 -1.09661801e-01 
 4.39800000e-08 -1.08105543e-01 
 4.40000000e-08 -1.06532144e-01 
 4.40200000e-08 -1.04941850e-01 
 4.40400000e-08 -1.03334912e-01 
 4.40600000e-08 -1.01711581e-01 
 4.40800000e-08 -1.00072112e-01 
 4.41000000e-08 -9.84167621e-02 
 4.41200000e-08 -9.67457918e-02 
 4.41400000e-08 -9.50594635e-02 
 4.41600000e-08 -9.33580426e-02 
 4.41800000e-08 -9.16417966e-02 
 4.42000000e-08 -8.99109958e-02 
 4.42200000e-08 -8.81659127e-02 
 4.42400000e-08 -8.64068223e-02 
 4.42600000e-08 -8.46340019e-02 
 4.42800000e-08 -8.28477309e-02 
 4.43000000e-08 -8.10482912e-02 
 4.43200000e-08 -7.92359669e-02 
 4.43400000e-08 -7.74110441e-02 
 4.43600000e-08 -7.55738110e-02 
 4.43800000e-08 -7.37245581e-02 
 4.44000000e-08 -7.18635777e-02 
 4.44200000e-08 -6.99911641e-02 
 4.44400000e-08 -6.81076136e-02 
 4.44600000e-08 -6.62132244e-02 
 4.44800000e-08 -6.43082964e-02 
 4.45000000e-08 -6.23931314e-02 
 4.45200000e-08 -6.04680329e-02 
 4.45400000e-08 -5.85333060e-02 
 4.45600000e-08 -5.65892575e-02 
 4.45800000e-08 -5.46361959e-02 
 4.46000000e-08 -5.26744310e-02 
 4.46200000e-08 -5.07042743e-02 
 4.46400000e-08 -4.87260385e-02 
 4.46600000e-08 -4.67400379e-02 
 4.46800000e-08 -4.47465881e-02 
 4.47000000e-08 -4.27460058e-02 
 4.47200000e-08 -4.07386091e-02 
 4.47400000e-08 -3.87247171e-02 
 4.47600000e-08 -3.67046501e-02 
 4.47800000e-08 -3.46787296e-02 
 4.48000000e-08 -3.26472778e-02 
 4.48200000e-08 -3.06106182e-02 
 4.48400000e-08 -2.85690749e-02 
 4.48600000e-08 -2.65229730e-02 
 4.48800000e-08 -2.44726384e-02 
 4.49000000e-08 -2.24183975e-02 
 4.49200000e-08 -2.03605777e-02 
 4.49400000e-08 -1.82995069e-02 
 4.49600000e-08 -1.62355134e-02 
 4.49800000e-08 -1.41689262e-02 
 4.50000000e-08 -1.21000748e-02 
 4.50200000e-08 -1.00292889e-02 
 4.50400000e-08 -7.95689856e-03 
 4.50600000e-08 -5.88323430e-03 
 4.50800000e-08 -3.80862673e-03 
 4.51000000e-08 -1.73340665e-03 
 4.51200000e-08  3.42095019e-04 
 4.51400000e-08  2.41754730e-03 
 4.51600000e-08  4.49261923e-03 
 4.51800000e-08  6.56697988e-03 
 4.52000000e-08  8.64029847e-03 
 4.52200000e-08  1.07122443e-02 
 4.52400000e-08  1.27824871e-02 
 4.52600000e-08  1.48506967e-02 
 4.52800000e-08  1.69165433e-02 
 4.53000000e-08  1.89796975e-02 
 4.53200000e-08  2.10398304e-02 
 4.53400000e-08  2.30966136e-02 
 4.53600000e-08  2.51497193e-02 
 4.53800000e-08  2.71988203e-02 
 4.54000000e-08  2.92435899e-02 
 4.54200000e-08  3.12837025e-02 
 4.54400000e-08  3.33188330e-02 
 4.54600000e-08  3.53486571e-02 
 4.54800000e-08  3.73728518e-02 
 4.55000000e-08  3.93910946e-02 
 4.55200000e-08  4.14030642e-02 
 4.55400000e-08  4.34084405e-02 
 4.55600000e-08  4.54069043e-02 
 4.55800000e-08  4.73981376e-02 
 4.56000000e-08  4.93818238e-02 
 4.56200000e-08  5.13576474e-02 
 4.56400000e-08  5.33252943e-02 
 4.56600000e-08  5.52844518e-02 
 4.56800000e-08  5.72348086e-02 
 4.57000000e-08  5.91760549e-02 
 4.57200000e-08  6.11078825e-02 
 4.57400000e-08  6.30299847e-02 
 4.57600000e-08  6.49420565e-02 
 4.57800000e-08  6.68437946e-02 
 4.58000000e-08  6.87348974e-02 
 4.58200000e-08  7.06150651e-02 
 4.58400000e-08  7.24839997e-02 
 4.58600000e-08  7.43414053e-02 
 4.58800000e-08  7.61869876e-02 
 4.59000000e-08  7.80204546e-02 
 4.59200000e-08  7.98415162e-02 
 4.59400000e-08  8.16498843e-02 
 4.59600000e-08  8.34452730e-02 
 4.59800000e-08  8.52273987e-02 
 4.60000000e-08  8.69959797e-02 
 4.60200000e-08  8.87507370e-02 
 4.60400000e-08  9.04913934e-02 
 4.60600000e-08  9.22176745e-02 
 4.60800000e-08  9.39293080e-02 
 4.61000000e-08  9.56260242e-02 
 4.61200000e-08  9.73075557e-02 
 4.61400000e-08  9.89736378e-02 
 4.61600000e-08  1.00624008e-01 
 4.61800000e-08  1.02258408e-01 
 4.62000000e-08  1.03876579e-01 
 4.62200000e-08  1.05478267e-01 
 4.62400000e-08  1.07063222e-01 
 4.62600000e-08  1.08631193e-01 
 4.62800000e-08  1.10181936e-01 
 4.63000000e-08  1.11715206e-01 
 4.63200000e-08  1.13230764e-01 
 4.63400000e-08  1.14728371e-01 
 4.63600000e-08  1.16207794e-01 
 4.63800000e-08  1.17668802e-01 
 4.64000000e-08  1.19111164e-01 
 4.64200000e-08  1.20534656e-01 
 4.64400000e-08  1.21939056e-01 
 4.64600000e-08  1.23324144e-01 
 4.64800000e-08  1.24689703e-01 
 4.65000000e-08  1.26035522e-01 
 4.65200000e-08  1.27361389e-01 
 4.65400000e-08  1.28667098e-01 
 4.65600000e-08  1.29952447e-01 
 4.65800000e-08  1.31217234e-01 
 4.66000000e-08  1.32461263e-01 
 4.66200000e-08  1.33684340e-01 
 4.66400000e-08  1.34886276e-01 
 4.66600000e-08  1.36066883e-01 
 4.66800000e-08  1.37225979e-01 
 4.67000000e-08  1.38363383e-01 
 4.67200000e-08  1.39478919e-01 
 4.67400000e-08  1.40572413e-01 
 4.67600000e-08  1.41643697e-01 
 4.67800000e-08  1.42692605e-01 
 4.68000000e-08  1.43718974e-01 
 4.68200000e-08  1.44722645e-01 
 4.68400000e-08  1.45703463e-01 
 4.68600000e-08  1.46661277e-01 
 4.68800000e-08  1.47595938e-01 
 4.69000000e-08  1.48507302e-01 
 4.69200000e-08  1.49395229e-01 
 4.69400000e-08  1.50259581e-01 
 4.69600000e-08  1.51100226e-01 
 4.69800000e-08  1.51917033e-01 
 4.70000000e-08  1.52709876e-01 
 4.70200000e-08  1.53478635e-01 
 4.70400000e-08  1.54223189e-01 
 4.70600000e-08  1.54943426e-01 
 4.70800000e-08  1.55639233e-01 
 4.71000000e-08  1.56310505e-01 
 4.71200000e-08  1.56957137e-01 
 4.71400000e-08  1.57579030e-01 
 4.71600000e-08  1.58176090e-01 
 4.71800000e-08  1.58748224e-01 
 4.72000000e-08  1.59295345e-01 
 4.72200000e-08  1.59817368e-01 
 4.72400000e-08  1.60314214e-01 
 4.72600000e-08  1.60785807e-01 
 4.72800000e-08  1.61232074e-01 
 4.73000000e-08  1.61652947e-01 
 4.73200000e-08  1.62048362e-01 
 4.73400000e-08  1.62418257e-01 
 4.73600000e-08  1.62762578e-01 
 4.73800000e-08  1.63081270e-01 
 4.74000000e-08  1.63374285e-01 
 4.74200000e-08  1.63641579e-01 
 4.74400000e-08  1.63883111e-01 
 4.74600000e-08  1.64098844e-01 
 4.74800000e-08  1.64288745e-01 
 4.75000000e-08  1.64452785e-01 
 4.75200000e-08  1.64590939e-01 
 4.75400000e-08  1.64703187e-01 
 4.75600000e-08  1.64789510e-01 
 4.75800000e-08  1.64849898e-01 
 4.76000000e-08  1.64884339e-01 
 4.76200000e-08  1.64892829e-01 
 4.76400000e-08  1.64875368e-01 
 4.76600000e-08  1.64831957e-01 
 4.76800000e-08  1.64762604e-01 
 4.77000000e-08  1.64667320e-01 
 4.77200000e-08  1.64546119e-01 
 4.77400000e-08  1.64399020e-01 
 4.77600000e-08  1.64226046e-01 
 4.77800000e-08  1.64027224e-01 
 4.78000000e-08  1.63802584e-01 
 4.78200000e-08  1.63552160e-01 
 4.78400000e-08  1.63275993e-01 
 4.78600000e-08  1.62974122e-01 
 4.78800000e-08  1.62646597e-01 
 4.79000000e-08  1.62293466e-01 
 4.79200000e-08  1.61914784e-01 
 4.79400000e-08  1.61510609e-01 
 4.79600000e-08  1.61081004e-01 
 4.79800000e-08  1.60626034e-01 
 4.80000000e-08  1.60145770e-01 
 4.80200000e-08  1.59640286e-01 
 4.80400000e-08  1.59109658e-01 
 4.80600000e-08  1.58553969e-01 
 4.80800000e-08  1.57973305e-01 
 4.81000000e-08  1.57367754e-01 
 4.81200000e-08  1.56737410e-01 
 4.81400000e-08  1.56082370e-01 
 4.81600000e-08  1.55402734e-01 
 4.81800000e-08  1.54698608e-01 
 4.82000000e-08  1.53970100e-01 
 4.82200000e-08  1.53217322e-01 
 4.82400000e-08  1.52440390e-01 
 4.82600000e-08  1.51639423e-01 
 4.82800000e-08  1.50814547e-01 
 4.83000000e-08  1.49965887e-01 
 4.83200000e-08  1.49093574e-01 
 4.83400000e-08  1.48197744e-01 
 4.83600000e-08  1.47278534e-01 
 4.83800000e-08  1.46336087e-01 
 4.84000000e-08  1.45370548e-01 
 4.84200000e-08  1.44382066e-01 
 4.84400000e-08  1.43370795e-01 
 4.84600000e-08  1.42336890e-01 
 4.84800000e-08  1.41280512e-01 
 4.85000000e-08  1.40201825e-01 
 4.85200000e-08  1.39100995e-01 
 4.85400000e-08  1.37978192e-01 
 4.85600000e-08  1.36833592e-01 
 4.85800000e-08  1.35667371e-01 
 4.86000000e-08  1.34479710e-01 
 4.86200000e-08  1.33270795e-01 
 4.86400000e-08  1.32040811e-01 
 4.86600000e-08  1.30789952e-01 
 4.86800000e-08  1.29518410e-01 
 4.87000000e-08  1.28226384e-01 
 4.87200000e-08  1.26914075e-01 
 4.87400000e-08  1.25581687e-01 
 4.87600000e-08  1.24229428e-01 
 4.87800000e-08  1.22857508e-01 
 4.88000000e-08  1.21466141e-01 
 4.88200000e-08  1.20055544e-01 
 4.88400000e-08  1.18625937e-01 
 4.88600000e-08  1.17177544e-01 
 4.88800000e-08  1.15710590e-01 
 4.89000000e-08  1.14225305e-01 
 4.89200000e-08  1.12721921e-01 
 4.89400000e-08  1.11200674e-01 
 4.89600000e-08  1.09661801e-01 
 4.89800000e-08  1.08105543e-01 
 4.90000000e-08  1.06532144e-01 
 4.90200000e-08  1.04941850e-01 
 4.90400000e-08  1.03334912e-01 
 4.90600000e-08  1.01711581e-01 
 4.90800000e-08  1.00072112e-01 
 4.91000000e-08  9.84167621e-02 
 4.91200000e-08  9.67457918e-02 
 4.91400000e-08  9.50594635e-02 
 4.91600000e-08  9.33580426e-02 
 4.91800000e-08  9.16417966e-02 
 4.92000000e-08  8.99109958e-02 
 4.92200000e-08  8.81659127e-02 
 4.92400000e-08  8.64068223e-02 
 4.92600000e-08  8.46340019e-02 
 4.92800000e-08  8.28477309e-02 
 4.93000000e-08  8.10482912e-02 
 4.93200000e-08  7.92359669e-02 
 4.93400000e-08  7.74110441e-02 
 4.93600000e-08  7.55738110e-02 
 4.93800000e-08  7.37245581e-02 
 4.94000000e-08  7.18635777e-02 
 4.94200000e-08  6.99911641e-02 
 4.94400000e-08  6.81076136e-02 
 4.94600000e-08  6.62132244e-02 
 4.94800000e-08  6.43082964e-02 
 4.95000000e-08  6.23931314e-02 
 4.95200000e-08  6.04680329e-02 
 4.95400000e-08  5.85333060e-02 
 4.95600000e-08  5.65892575e-02 
 4.95800000e-08  5.46361959e-02 
 4.96000000e-08  5.26744310e-02 
 4.96200000e-08  5.07042743e-02 
 4.96400000e-08  4.87260385e-02 
 4.96600000e-08  4.67400379e-02 
 4.96800000e-08  4.47465881e-02 
 4.97000000e-08  4.27460058e-02 
 4.97200000e-08  4.07386091e-02 
 4.97400000e-08  3.87247171e-02 
 4.97600000e-08  3.67046501e-02 
 4.97800000e-08  3.46787296e-02 
 4.98000000e-08  3.26472778e-02 
 4.98200000e-08  3.06106182e-02 
 4.98400000e-08  2.85690749e-02 
 4.98600000e-08  2.65229730e-02 
 4.98800000e-08  2.44726384e-02 
 4.99000000e-08  2.24183975e-02 
 4.99200000e-08  2.03605777e-02 
 4.99400000e-08  1.82995069e-02 
 4.99600000e-08  1.62355134e-02 
 4.99800000e-08  1.41689262e-02 
 5.00000000e-08  1.21000748e-02 
 5.00200000e-08  1.00292889e-02 
 5.00400000e-08  7.95689856e-03 
 5.00600000e-08  5.88323430e-03 
 5.00800000e-08  3.80862673e-03 
 5.01000000e-08  1.73340665e-03 
 5.01200000e-08 -3.42095019e-04 
 5.01400000e-08 -2.41754730e-03 
 5.01600000e-08 -4.49261923e-03 
 5.01800000e-08 -6.56697989e-03 
 5.02000000e-08 -8.64029847e-03 
 5.02200000e-08 -1.07122443e-02 
 5.02400000e-08 -1.27824871e-02 
 5.02600000e-08 -1.48506967e-02 
 5.02800000e-08 -1.69165433e-02 
 5.03000000e-08 -1.89796975e-02 
 5.03200000e-08 -2.10398304e-02 
 5.03400000e-08 -2.30966136e-02 
 5.03600000e-08 -2.51497193e-02 
 5.03800000e-08 -2.71988203e-02 
 5.04000000e-08 -2.92435899e-02 
 5.04200000e-08 -3.12837025e-02 
 5.04400000e-08 -3.33188330e-02 
 5.04600000e-08 -3.53486571e-02 
 5.04800000e-08 -3.73728518e-02 
 5.05000000e-08 -3.93910946e-02 
 5.05200000e-08 -4.14030642e-02 
 5.05400000e-08 -4.34084405e-02 
 5.05600000e-08 -4.54069043e-02 
 5.05800000e-08 -4.73981376e-02 
 5.06000000e-08 -4.93818238e-02 
 5.06200000e-08 -5.13576474e-02 
 5.06400000e-08 -5.33252943e-02 
 5.06600000e-08 -5.52844518e-02 
 5.06800000e-08 -5.72348086e-02 
 5.07000000e-08 -5.91760549e-02 
 5.07200000e-08 -6.11078825e-02 
 5.07400000e-08 -6.30299847e-02 
 5.07600000e-08 -6.49420565e-02 
 5.07800000e-08 -6.68437946e-02 
 5.08000000e-08 -6.87348974e-02 
 5.08200000e-08 -7.06150651e-02 
 5.08400000e-08 -7.24839997e-02 
 5.08600000e-08 -7.43414053e-02 
 5.08800000e-08 -7.61869876e-02 
 5.09000000e-08 -7.80204546e-02 
 5.09200000e-08 -7.98415162e-02 
 5.09400000e-08 -8.16498843e-02 
 5.09600000e-08 -8.34452730e-02 
 5.09800000e-08 -8.52273987e-02 
 5.10000000e-08 -8.69959797e-02 
 5.10200000e-08 -8.87507370e-02 
 5.10400000e-08 -9.04913934e-02 
 5.10600000e-08 -9.22176745e-02 
 5.10800000e-08 -9.39293080e-02 
 5.11000000e-08 -9.56260242e-02 
 5.11200000e-08 -9.73075557e-02 
 5.11400000e-08 -9.89736378e-02 
 5.11600000e-08 -1.00624008e-01 
 5.11800000e-08 -1.02258408e-01 
 5.12000000e-08 -1.03876579e-01 
 5.12200000e-08 -1.05478267e-01 
 5.12400000e-08 -1.07063222e-01 
 5.12600000e-08 -1.08631193e-01 
 5.12800000e-08 -1.10181936e-01 
 5.13000000e-08 -1.11715206e-01 
 5.13200000e-08 -1.13230764e-01 
 5.13400000e-08 -1.14728371e-01 
 5.13600000e-08 -1.16207794e-01 
 5.13800000e-08 -1.17668802e-01 
 5.14000000e-08 -1.19111164e-01 
 5.14200000e-08 -1.20534656e-01 
 5.14400000e-08 -1.21939056e-01 
 5.14600000e-08 -1.23324144e-01 
 5.14800000e-08 -1.24689703e-01 
 5.15000000e-08 -1.26035522e-01 
 5.15200000e-08 -1.27361389e-01 
 5.15400000e-08 -1.28667098e-01 
 5.15600000e-08 -1.29952447e-01 
 5.15800000e-08 -1.31217234e-01 
 5.16000000e-08 -1.32461263e-01 
 5.16200000e-08 -1.33684340e-01 
 5.16400000e-08 -1.34886276e-01 
 5.16600000e-08 -1.36066883e-01 
 5.16800000e-08 -1.37225979e-01 
 5.17000000e-08 -1.38363383e-01 
 5.17200000e-08 -1.39478919e-01 
 5.17400000e-08 -1.40572413e-01 
 5.17600000e-08 -1.41643697e-01 
 5.17800000e-08 -1.42692605e-01 
 5.18000000e-08 -1.43718974e-01 
 5.18200000e-08 -1.44722645e-01 
 5.18400000e-08 -1.45703463e-01 
 5.18600000e-08 -1.46661277e-01 
 5.18800000e-08 -1.47595938e-01 
 5.19000000e-08 -1.48507302e-01 
 5.19200000e-08 -1.49395229e-01 
 5.19400000e-08 -1.50259581e-01 
 5.19600000e-08 -1.51100226e-01 
 5.19800000e-08 -1.51917033e-01 
 5.20000000e-08 -1.52709876e-01 
 5.20200000e-08 -1.53478635e-01 
 5.20400000e-08 -1.54223189e-01 
 5.20600000e-08 -1.54943426e-01 
 5.20800000e-08 -1.55639233e-01 
 5.21000000e-08 -1.56310505e-01 
 5.21200000e-08 -1.56957137e-01 
 5.21400000e-08 -1.57579030e-01 
 5.21600000e-08 -1.58176090e-01 
 5.21800000e-08 -1.58748224e-01 
 5.22000000e-08 -1.59295345e-01 
 5.22200000e-08 -1.59817368e-01 
 5.22400000e-08 -1.60314214e-01 
 5.22600000e-08 -1.60785807e-01 
 5.22800000e-08 -1.61232074e-01 
 5.23000000e-08 -1.61652947e-01 
 5.23200000e-08 -1.62048362e-01 
 5.23400000e-08 -1.62418257e-01 
 5.23600000e-08 -1.62762578e-01 
 5.23800000e-08 -1.63081270e-01 
 5.24000000e-08 -1.63374285e-01 
 5.24200000e-08 -1.63641579e-01 
 5.24400000e-08 -1.63883111e-01 
 5.24600000e-08 -1.64098844e-01 
 5.24800000e-08 -1.64288745e-01 
 5.25000000e-08 -1.64452785e-01 
 5.25200000e-08 -1.64590939e-01 
 5.25400000e-08 -1.64703187e-01 
 5.25600000e-08 -1.64789510e-01 
 5.25800000e-08 -1.64849898e-01 
 5.26000000e-08 -1.64884339e-01 
 5.26200000e-08 -1.64892829e-01 
 5.26400000e-08 -1.64875368e-01 
 5.26600000e-08 -1.64831957e-01 
 5.26800000e-08 -1.64762604e-01 
 5.27000000e-08 -1.64667320e-01 
 5.27200000e-08 -1.64546119e-01 
 5.27400000e-08 -1.64399020e-01 
 5.27600000e-08 -1.64226046e-01 
 5.27800000e-08 -1.64027224e-01 
 5.28000000e-08 -1.63802584e-01 
 5.28200000e-08 -1.63552160e-01 
 5.28400000e-08 -1.63275993e-01 
 5.28600000e-08 -1.62974122e-01 
 5.28800000e-08 -1.62646597e-01 
 5.29000000e-08 -1.62293466e-01 
 5.29200000e-08 -1.61914784e-01 
 5.29400000e-08 -1.61510609e-01 
 5.29600000e-08 -1.61081004e-01 
 5.29800000e-08 -1.60626034e-01 
 5.30000000e-08 -1.60145770e-01 
 5.30200000e-08 -1.59640286e-01 
 5.30400000e-08 -1.59109658e-01 
 5.30600000e-08 -1.58553969e-01 
 5.30800000e-08 -1.57973305e-01 
 5.31000000e-08 -1.57367754e-01 
 5.31200000e-08 -1.56737410e-01 
 5.31400000e-08 -1.56082370e-01 
 5.31600000e-08 -1.55402734e-01 
 5.31800000e-08 -1.54698608e-01 
 5.32000000e-08 -1.53970100e-01 
 5.32200000e-08 -1.53217322e-01 
 5.32400000e-08 -1.52440390e-01 
 5.32600000e-08 -1.51639423e-01 
 5.32800000e-08 -1.50814547e-01 
 5.33000000e-08 -1.49965887e-01 
 5.33200000e-08 -1.49093574e-01 
 5.33400000e-08 -1.48197744e-01 
 5.33600000e-08 -1.47278534e-01 
 5.33800000e-08 -1.46336087e-01 
 5.34000000e-08 -1.45370548e-01 
 5.34200000e-08 -1.44382066e-01 
 5.34400000e-08 -1.43370795e-01 
 5.34600000e-08 -1.42336890e-01 
 5.34800000e-08 -1.41280512e-01 
 5.35000000e-08 -1.40201825e-01 
 5.35200000e-08 -1.39100995e-01 
 5.35400000e-08 -1.37978192e-01 
 5.35600000e-08 -1.36833592e-01 
 5.35800000e-08 -1.35667371e-01 
 5.36000000e-08 -1.34479710e-01 
 5.36200000e-08 -1.33270795e-01 
 5.36400000e-08 -1.32040811e-01 
 5.36600000e-08 -1.30789952e-01 
 5.36800000e-08 -1.29518410e-01 
 5.37000000e-08 -1.28226384e-01 
 5.37200000e-08 -1.26914075e-01 
 5.37400000e-08 -1.25581687e-01 
 5.37600000e-08 -1.24229428e-01 
 5.37800000e-08 -1.22857508e-01 
 5.38000000e-08 -1.21466141e-01 
 5.38200000e-08 -1.20055544e-01 
 5.38400000e-08 -1.18625937e-01 
 5.38600000e-08 -1.17177544e-01 
 5.38800000e-08 -1.15710590e-01 
 5.39000000e-08 -1.14225305e-01 
 5.39200000e-08 -1.12721921e-01 
 5.39400000e-08 -1.11200674e-01 
 5.39600000e-08 -1.09661801e-01 
 5.39800000e-08 -1.08105543e-01 
 5.40000000e-08 -1.06532144e-01 
 5.40200000e-08 -1.04941850e-01 
 5.40400000e-08 -1.03334912e-01 
 5.40600000e-08 -1.01711581e-01 
 5.40800000e-08 -1.00072112e-01 
 5.41000000e-08 -9.84167621e-02 
 5.41200000e-08 -9.67457918e-02 
 5.41400000e-08 -9.50594635e-02 
 5.41600000e-08 -9.33580426e-02 
 5.41800000e-08 -9.16417966e-02 
 5.42000000e-08 -8.99109958e-02 
 5.42200000e-08 -8.81659128e-02 
 5.42400000e-08 -8.64068223e-02 
 5.42600000e-08 -8.46340018e-02 
 5.42800000e-08 -8.28477309e-02 
 5.43000000e-08 -8.10482912e-02 
 5.43200000e-08 -7.92359669e-02 
 5.43400000e-08 -7.74110441e-02 
 5.43600000e-08 -7.55738110e-02 
 5.43800000e-08 -7.37245581e-02 
 5.44000000e-08 -7.18635777e-02 
 5.44200000e-08 -6.99911641e-02 
 5.44400000e-08 -6.81076136e-02 
 5.44600000e-08 -6.62132244e-02 
 5.44800000e-08 -6.43082964e-02 
 5.45000000e-08 -6.23931314e-02 
 5.45200000e-08 -6.04680329e-02 
 5.45400000e-08 -5.85333060e-02 
 5.45600000e-08 -5.65892575e-02 
 5.45800000e-08 -5.46361959e-02 
 5.46000000e-08 -5.26744310e-02 
 5.46200000e-08 -5.07042743e-02 
 5.46400000e-08 -4.87260385e-02 
 5.46600000e-08 -4.67400379e-02 
 5.46800000e-08 -4.47465881e-02 
 5.47000000e-08 -4.27460058e-02 
 5.47200000e-08 -4.07386091e-02 
 5.47400000e-08 -3.87247171e-02 
 5.47600000e-08 -3.67046501e-02 
 5.47800000e-08 -3.46787296e-02 
 5.48000000e-08 -3.26472778e-02 
 5.48200000e-08 -3.06106182e-02 
 5.48400000e-08 -2.85690749e-02 
 5.48600000e-08 -2.65229730e-02 
 5.48800000e-08 -2.44726384e-02 
 5.49000000e-08 -2.24183975e-02 
 5.49200000e-08 -2.03605777e-02 
 5.49400000e-08 -1.82995069e-02 
 5.49600000e-08 -1.62355134e-02 
 5.49800000e-08 -1.41689262e-02 
 5.50000000e-08 -1.21000748e-02 
 5.50200000e-08 -1.00292889e-02 
 5.50400000e-08 -7.95689856e-03 
 5.50600000e-08 -5.88323430e-03 
 5.50800000e-08 -3.80862673e-03 
 5.51000000e-08 -1.73340665e-03 
 5.51200000e-08  3.42095019e-04 
 5.51400000e-08  2.41754730e-03 
 5.51600000e-08  4.49261923e-03 
 5.51800000e-08  6.56697989e-03 
 5.52000000e-08  8.64029847e-03 
 5.52200000e-08  1.07122443e-02 
 5.52400000e-08  1.27824871e-02 
 5.52600000e-08  1.48506967e-02 
 5.52800000e-08  1.69165433e-02 
 5.53000000e-08  1.89796975e-02 
 5.53200000e-08  2.10398304e-02 
 5.53400000e-08  2.30966136e-02 
 5.53600000e-08  2.51497193e-02 
 5.53800000e-08  2.71988203e-02 
 5.54000000e-08  2.92435899e-02 
 5.54200000e-08  3.12837025e-02 
 5.54400000e-08  3.33188330e-02 
 5.54600000e-08  3.53486571e-02 
 5.54800000e-08  3.73728518e-02 
 5.55000000e-08  3.93910946e-02 
 5.55200000e-08  4.14030642e-02 
 5.55400000e-08  4.34084405e-02 
 5.55600000e-08  4.54069043e-02 
 5.55800000e-08  4.73981376e-02 
 5.56000000e-08  4.93818238e-02 
 5.56200000e-08  5.13576474e-02 
 5.56400000e-08  5.33252943e-02 
 5.56600000e-08  5.52844518e-02 
 5.56800000e-08  5.72348086e-02 
 5.57000000e-08  5.91760549e-02 
 5.57200000e-08  6.11078825e-02 
 5.57400000e-08  6.30299847e-02 
 5.57600000e-08  6.49420565e-02 
 5.57800000e-08  6.68437946e-02 
 5.58000000e-08  6.87348974e-02 
 5.58200000e-08  7.06150651e-02 
 5.58400000e-08  7.24839997e-02 
 5.58600000e-08  7.43414053e-02 
 5.58800000e-08  7.61869876e-02 
 5.59000000e-08  7.80204546e-02 
 5.59200000e-08  7.98415162e-02 
 5.59400000e-08  8.16498843e-02 
 5.59600000e-08  8.34452730e-02 
 5.59800000e-08  8.52273987e-02 
 5.60000000e-08  8.69959797e-02 
 5.60200000e-08  8.87507370e-02 
 5.60400000e-08  9.04913934e-02 
 5.60600000e-08  9.22176745e-02 
 5.60800000e-08  9.39293080e-02 
 5.61000000e-08  9.56260242e-02 
 5.61200000e-08  9.73075557e-02 
 5.61400000e-08  9.89736378e-02 
 5.61600000e-08  1.00624008e-01 
 5.61800000e-08  1.02258408e-01 
 5.62000000e-08  1.03876579e-01 
 5.62200000e-08  1.05478267e-01 
 5.62400000e-08  1.07063222e-01 
 5.62600000e-08  1.08631193e-01 
 5.62800000e-08  1.10181936e-01 
 5.63000000e-08  1.11715206e-01 
 5.63200000e-08  1.13230764e-01 
 5.63400000e-08  1.14728371e-01 
 5.63600000e-08  1.16207794e-01 
 5.63800000e-08  1.17668802e-01 
 5.64000000e-08  1.19111164e-01 
 5.64200000e-08  1.20534656e-01 
 5.64400000e-08  1.21939056e-01 
 5.64600000e-08  1.23324144e-01 
 5.64800000e-08  1.24689703e-01 
 5.65000000e-08  1.26035522e-01 
 5.65200000e-08  1.27361389e-01 
 5.65400000e-08  1.28667098e-01 
 5.65600000e-08  1.29952447e-01 
 5.65800000e-08  1.31217234e-01 
 5.66000000e-08  1.32461263e-01 
 5.66200000e-08  1.33684340e-01 
 5.66400000e-08  1.34886276e-01 
 5.66600000e-08  1.36066883e-01 
 5.66800000e-08  1.37225979e-01 
 5.67000000e-08  1.38363383e-01 
 5.67200000e-08  1.39478919e-01 
 5.67400000e-08  1.40572413e-01 
 5.67600000e-08  1.41643697e-01 
 5.67800000e-08  1.42692605e-01 
 5.68000000e-08  1.43718974e-01 
 5.68200000e-08  1.44722645e-01 
 5.68400000e-08  1.45703463e-01 
 5.68600000e-08  1.46661277e-01 
 5.68800000e-08  1.47595938e-01 
 5.69000000e-08  1.48507302e-01 
 5.69200000e-08  1.49395229e-01 
 5.69400000e-08  1.50259581e-01 
 5.69600000e-08  1.51100226e-01 
 5.69800000e-08  1.51917033e-01 
 5.70000000e-08  1.52709876e-01 
 5.70200000e-08  1.53478635e-01 
 5.70400000e-08  1.54223189e-01 
 5.70600000e-08  1.54943426e-01 
 5.70800000e-08  1.55639233e-01 
 5.71000000e-08  1.56310505e-01 
 5.71200000e-08  1.56957137e-01 
 5.71400000e-08  1.57579030e-01 
 5.71600000e-08  1.58176090e-01 
 5.71800000e-08  1.58748224e-01 
 5.72000000e-08  1.59295345e-01 
 5.72200000e-08  1.59817368e-01 
 5.72400000e-08  1.60314214e-01 
 5.72600000e-08  1.60785807e-01 
 5.72800000e-08  1.61232074e-01 
 5.73000000e-08  1.61652947e-01 
 5.73200000e-08  1.62048362e-01 
 5.73400000e-08  1.62418257e-01 
 5.73600000e-08  1.62762578e-01 
 5.73800000e-08  1.63081270e-01 
 5.74000000e-08  1.63374285e-01 
 5.74200000e-08  1.63641579e-01 
 5.74400000e-08  1.63883111e-01 
 5.74600000e-08  1.64098844e-01 
 5.74800000e-08  1.64288745e-01 
 5.75000000e-08  1.64452785e-01 
 5.75200000e-08  1.64590939e-01 
 5.75400000e-08  1.64703187e-01 
 5.75600000e-08  1.64789510e-01 
 5.75800000e-08  1.64849898e-01 
 5.76000000e-08  1.64884339e-01 
 5.76200000e-08  1.64892829e-01 
 5.76400000e-08  1.64875368e-01 
 5.76600000e-08  1.64831957e-01 
 5.76800000e-08  1.64762604e-01 
 5.77000000e-08  1.64667320e-01 
 5.77200000e-08  1.64546119e-01 
 5.77400000e-08  1.64399020e-01 
 5.77600000e-08  1.64226046e-01 
 5.77800000e-08  1.64027224e-01 
 5.78000000e-08  1.63802584e-01 
 5.78200000e-08  1.63552160e-01 
 5.78400000e-08  1.63275993e-01 
 5.78600000e-08  1.62974122e-01 
 5.78800000e-08  1.62646597e-01 
 5.79000000e-08  1.62293466e-01 
 5.79200000e-08  1.61914784e-01 
 5.79400000e-08  1.61510609e-01 
 5.79600000e-08  1.61081004e-01 
 5.79800000e-08  1.60626034e-01 
 5.80000000e-08  1.60145770e-01 
 5.80200000e-08  1.59640286e-01 
 5.80400000e-08  1.59109658e-01 
 5.80600000e-08  1.58553969e-01 
 5.80800000e-08  1.57973305e-01 
 5.81000000e-08  1.57367754e-01 
 5.81200000e-08  1.56737410e-01 
 5.81400000e-08  1.56082370e-01 
 5.81600000e-08  1.55402734e-01 
 5.81800000e-08  1.54698608e-01 
 5.82000000e-08  1.53970100e-01 
 5.82200000e-08  1.53217322e-01 
 5.82400000e-08  1.52440390e-01 
 5.82600000e-08  1.51639423e-01 
 5.82800000e-08  1.50814547e-01 
 5.83000000e-08  1.49965887e-01 
 5.83200000e-08  1.49093574e-01 
 5.83400000e-08  1.48197744e-01 
 5.83600000e-08  1.47278534e-01 
 5.83800000e-08  1.46336087e-01 
 5.84000000e-08  1.45370548e-01 
 5.84200000e-08  1.44382066e-01 
 5.84400000e-08  1.43370795e-01 
 5.84600000e-08  1.42336890e-01 
 5.84800000e-08  1.41280512e-01 
 5.85000000e-08  1.40201825e-01 
 5.85200000e-08  1.39100995e-01 
 5.85400000e-08  1.37978192e-01 
 5.85600000e-08  1.36833592e-01 
 5.85800000e-08  1.35667371e-01 
 5.86000000e-08  1.34479710e-01 
 5.86200000e-08  1.33270795e-01 
 5.86400000e-08  1.32040811e-01 
 5.86600000e-08  1.30789952e-01 
 5.86800000e-08  1.29518410e-01 
 5.87000000e-08  1.28226384e-01 
 5.87200000e-08  1.26914075e-01 
 5.87400000e-08  1.25581687e-01 
 5.87600000e-08  1.24229428e-01 
 5.87800000e-08  1.22857508e-01 
 5.88000000e-08  1.21466141e-01 
 5.88200000e-08  1.20055544e-01 
 5.88400000e-08  1.18625937e-01 
 5.88600000e-08  1.17177544e-01 
 5.88800000e-08  1.15710590e-01 
 5.89000000e-08  1.14225305e-01 
 5.89200000e-08  1.12721921e-01 
 5.89400000e-08  1.11200674e-01 
 5.89600000e-08  1.09661801e-01 
 5.89800000e-08  1.08105543e-01 
 5.90000000e-08  1.06532144e-01 
 5.90200000e-08  1.04941850e-01 
 5.90400000e-08  1.03334912e-01 
 5.90600000e-08  1.01711581e-01 
 5.90800000e-08  1.00072112e-01 
 5.91000000e-08  9.84167621e-02 
 5.91200000e-08  9.67457918e-02 
 5.91400000e-08  9.50594635e-02 
 5.91600000e-08  9.33580426e-02 
 5.91800000e-08  9.16417966e-02 
 5.92000000e-08  8.99109958e-02 
 5.92200000e-08  8.81659128e-02 
 5.92400000e-08  8.64068223e-02 
 5.92600000e-08  8.46340019e-02 
 5.92800000e-08  8.28477309e-02 
 5.93000000e-08  8.10482912e-02 
 5.93200000e-08  7.92359669e-02 
 5.93400000e-08  7.74110441e-02 
 5.93600000e-08  7.55738110e-02 
 5.93800000e-08  7.37245581e-02 
 5.94000000e-08  7.18635777e-02 
 5.94200000e-08  6.99911641e-02 
 5.94400000e-08  6.81076136e-02 
 5.94600000e-08  6.62132244e-02 
 5.94800000e-08  6.43082964e-02 
 5.95000000e-08  6.23931314e-02 
 5.95200000e-08  6.04680329e-02 
 5.95400000e-08  5.85333060e-02 
 5.95600000e-08  5.65892575e-02 
 5.95800000e-08  5.46361959e-02 
 5.96000000e-08  5.26744310e-02 
 5.96200000e-08  5.07042743e-02 
 5.96400000e-08  4.87260385e-02 
 5.96600000e-08  4.67400379e-02 
 5.96800000e-08  4.47465881e-02 
 5.97000000e-08  4.27460058e-02 
 5.97200000e-08  4.07386091e-02 
 5.97400000e-08  3.87247171e-02 
 5.97600000e-08  3.67046501e-02 
 5.97800000e-08  3.46787296e-02 
 5.98000000e-08  3.26472778e-02 
 5.98200000e-08  3.06106182e-02 
 5.98400000e-08  2.85690749e-02 
 5.98600000e-08  2.65229730e-02 
 5.98800000e-08  2.44726384e-02 
 5.99000000e-08  2.24183975e-02 
 5.99200000e-08  2.03605777e-02 
 5.99400000e-08  1.82995069e-02 
 5.99600000e-08  1.62355134e-02 
 5.99800000e-08  1.41689262e-02 
 6.00000000e-08  1.21002655e-02 
