 1.00000000e+06 -8.29544239e-01  1.96702790e-04 
 1.05932636e+06 -8.29544272e-01  2.08372514e-04 
 1.12217233e+06 -8.29544309e-01  2.20734572e-04 
 1.18874673e+06 -8.29544350e-01  2.33830040e-04 
 1.25927075e+06 -8.29544397e-01  2.47702431e-04 
 1.33397869e+06 -8.29544449e-01  2.62397842e-04 
 1.41311879e+06 -8.29544508e-01  2.77965101e-04 
 1.49695398e+06 -8.29544574e-01  2.94455937e-04 
 1.58576281e+06 -8.29544648e-01  3.11925149e-04 
 1.67984034e+06 -8.29544731e-01  3.30430786e-04 
 1.77949915e+06 -8.29544824e-01  3.50034343e-04 
 1.88507036e+06 -8.29544929e-01  3.70800964e-04 
 1.99690471e+06 -8.29545046e-01  3.92799660e-04 
 2.11537380e+06 -8.29545178e-01  4.16103540e-04 
 2.24087122e+06 -8.29545326e-01  4.40790050e-04 
 2.37381395e+06 -8.29545491e-01  4.66941234e-04 
 2.51464369e+06 -8.29545677e-01  4.94644007e-04 
 2.66382834e+06 -8.29545886e-01  5.23990446e-04 
 2.82186357e+06 -8.29546121e-01  5.55078093e-04 
 2.98927446e+06 -8.29546384e-01  5.88010284e-04 
 3.16661723e+06 -8.29546679e-01  6.22896492e-04 
 3.35448110e+06 -8.29547010e-01  6.59852691e-04 
 3.55349024e+06 -8.29547381e-01  6.99001749e-04 
 3.76430588e+06 -8.29547798e-01  7.40473831e-04 
 3.98762844e+06 -8.29548266e-01  7.84406839e-04 
 4.22419991e+06 -8.29548791e-01  8.30946872e-04 
 4.47480631e+06 -8.29549380e-01  8.80248717e-04 
 4.74028027e+06 -8.29550041e-01  9.32476366e-04 
 5.02150383e+06 -8.29550783e-01  9.87803567e-04 
 5.31941137e+06 -8.29551616e-01  1.04641441e-03 
 5.63499267e+06 -8.29552550e-01  1.10850394e-03 
 5.96929627e+06 -8.29553599e-01  1.17427882e-03 
 6.32343288e+06 -8.29554775e-01  1.24395803e-03 
 6.69857912e+06 -8.29556095e-01  1.31777361e-03 
 7.09598142e+06 -8.29557577e-01  1.39597143e-03 
 7.51696016e+06 -8.29559239e-01  1.47881205e-03 
 7.96291403e+06 -8.29561104e-01  1.56657159e-03 
 8.43532472e+06 -8.29563197e-01  1.65954269e-03 
 8.93576181e+06 -8.29565546e-01  1.75803548e-03 
 9.46588802e+06 -8.29568182e-01  1.86237869e-03 
 1.00274647e+07 -8.29571140e-01  1.97292076e-03 
 1.06223576e+07 -8.29574459e-01  2.09003107e-03 
 1.12525434e+07 -8.29578183e-01  2.21410121e-03 
 1.19201159e+07 -8.29582361e-01  2.34554636e-03 
 1.26272929e+07 -8.29587050e-01  2.48480676e-03 
 1.33764242e+07 -8.29592312e-01  2.63234929e-03 
 1.41699988e+07 -8.29598215e-01  2.78866914e-03 
 1.50106532e+07 -8.29604840e-01  2.95429158e-03 
 1.59011806e+07 -8.29612273e-01  3.12977393e-03 
 1.68445397e+07 -8.29620613e-01  3.31570756e-03 
 1.78438649e+07 -8.29629970e-01  3.51272016e-03 
 1.89024764e+07 -8.29640469e-01  3.72147811e-03 
 2.00238915e+07 -8.29652249e-01  3.94268901e-03 
 2.12118361e+07 -8.29665465e-01  4.17710450e-03 
 2.24702570e+07 -8.29680293e-01  4.42552321e-03 
 2.38033356e+07 -8.29696928e-01  4.68879405e-03 
 2.52155008e+07 -8.29715591e-01  4.96781967e-03 
 2.67114446e+07 -8.29736527e-01  5.26356037e-03 
 2.82961373e+07 -8.29760012e-01  5.57703821e-03 
 2.99748441e+07 -8.29786357e-01  5.90934161e-03 
 3.17531424e+07 -8.29815907e-01  6.26163038e-03 
 3.36369407e+07 -8.29849051e-01  6.63514119e-03 
 3.56324979e+07 -8.29886224e-01  7.03119367e-03 
 3.77464443e+07 -8.29927913e-01  7.45119710e-03 
 3.99858033e+07 -8.29974662e-01  7.89665790e-03 
 4.23580154e+07 -8.30027081e-01  8.36918785e-03 
 4.48709622e+07 -8.30085854e-01  8.87051341e-03 
 4.75329930e+07 -8.30151742e-01  9.40248597e-03 
 5.03529523e+07 -8.30225598e-01  9.96709354e-03 
 5.33402096e+07 -8.30308375e-01  1.05664738e-02 
 5.65046900e+07 -8.30401135e-01  1.12029288e-02 
 5.98569075e+07 -8.30505066e-01  1.18789416e-02 
 6.34079998e+07 -8.30621489e-01  1.25971956e-02 
 6.71697655e+07 -8.30751880e-01  1.33605954e-02 
 7.11547031e+07 -8.30897877e-01  1.41722921e-02 
 7.53760525e+07 -8.31061304e-01  1.50357110e-02 
 7.98478392e+07 -8.31244186e-01  1.59545836e-02 
 8.45849207e+07 -8.31448770e-01  1.69329846e-02 
 8.96030360e+07 -8.31677541e-01  1.79753743e-02 
 9.49188578e+07 -8.31933247e-01  1.90866467e-02 
 1.00550048e+08 -8.32218920e-01  2.02721856e-02 
 1.06515316e+08 -8.32537897e-01  2.15379285e-02 
 1.12834482e+08 -8.32893837e-01  2.28904405e-02 
 1.19528541e+08 -8.33290747e-01  2.43369983e-02 
 1.26619734e+08 -8.33732993e-01  2.58856882e-02 
 1.34131621e+08 -8.34225315e-01  2.75455167e-02 
 1.42089162e+08 -8.34772833e-01  2.93265382e-02 
 1.50518795e+08 -8.35381044e-01  3.12400005e-02 
 1.59448526e+08 -8.36055810e-01  3.32985096e-02 
 1.68908027e+08 -8.36803327e-01  3.55162175e-02 
 1.78928725e+08 -8.37630074e-01  3.79090330e-02 
 1.89543915e+08 -8.38542743e-01  4.04948590e-02 
 2.00788865e+08 -8.39548124e-01  4.32938556e-02 
 2.12700937e+08 -8.40652956e-01  4.63287306e-02 
 2.25319709e+08 -8.41863726e-01  4.96250570e-02 
 2.38687107e+08 -8.43186399e-01  5.32116139e-02 
 2.52847543e+08 -8.44626075e-01  5.71207477e-02 
 2.67848067e+08 -8.46186547e-01  6.13887448e-02 
 2.83738518e+08 -8.47869761e-01  6.60562061e-02 
 3.00571690e+08 -8.49675129e-01  7.11684053e-02 
 3.18403514e+08 -8.51598713e-01  7.67756104e-02 
 3.37293235e+08 -8.53632233e-01  8.29333375e-02 
 3.57303614e+08 -8.55761897e-01  8.97024994e-02 
 3.78501137e+08 -8.57967048e-01  9.71494008e-02 
 4.00956231e+08 -8.60218603e-01  1.05345522e-01 
 4.24743504e+08 -8.62477326e-01  1.14367024e-01 
 4.49941989e+08 -8.64691932e-01  1.24293891e-01 
 4.76635408e+08 -8.66797085e-01  1.35208636e-01 
 5.04912451e+08 -8.68711367e-01  1.47194473e-01 
 5.34867068e+08 -8.70335315e-01  1.60332877e-01 
 5.66598783e+08 -8.71549689e-01  1.74700463e-01 
 6.00213026e+08 -8.72214142e-01  1.90365155e-01 
 6.35821479e+08 -8.72166514e-01  2.07381629e-01 
 6.73542451e+08 -8.71223012e-01  2.25786114e-01 
 7.13501272e+08 -8.69179519e-01  2.45590695e-01 
 7.55830704e+08 -8.65814293e-01  2.66777331e-01 
 8.00671387e+08 -8.60892271e-01  2.89291963e-01 
 8.48172305e+08 -8.54171094e-01  3.13039101e-01 
 8.98491278e+08 -8.45408862e-01  3.37877439e-01 
 9.51795494e+08 -8.34373481e-01  3.63617024e-01 
 1.00826205e+09 -8.20853251e-01  3.90018542e-01 
 1.06807857e+09 -8.04668173e-01  4.16795178e-01 
 1.13144378e+09 -7.85681261e-01  4.43617381e-01 
 1.19856822e+09 -7.63809042e-01  4.70120626e-01 
 1.26967491e+09 -7.39030325e-01  4.95916011e-01 
 1.34500010e+09 -7.11392432e-01  5.20603229e-01 
 1.42479405e+09 -6.81014163e-01  5.43785178e-01 
 1.50932190e+09 -6.48085072e-01  5.65083258e-01 
 1.59886447e+09 -6.12860921e-01  5.84152280e-01 
 1.69371927e+09 -5.75655523e-01  6.00693912e-01 
 1.79420147e+09 -5.36829538e-01  6.14467704e-01 
 1.90064491e+09 -4.96777038e-01  6.25298958e-01 
 2.01340325e+09 -4.55910830e-01  6.33083016e-01 
 2.13285113e+09 -4.14647588e-01  6.37785872e-01 
 2.25938542e+09 -3.73393768e-01  6.39441325e-01 
 2.39342653e+09 -3.32533146e-01  6.38145159e-01 
 2.53541981e+09 -2.92416580e-01  6.34047036e-01 
 2.68583703e+09 -2.53354335e-01  6.27340846e-01 
 2.84517796e+09 -2.15611101e-01  6.18254307e-01 
 3.01397201e+09 -1.79403568e-01  6.07038502e-01 
 3.19277999e+09 -1.44900301e-01  5.93957955e-01 
 3.38219600e+09 -1.12223522e-01  5.79281680e-01 
 3.58284937e+09 -8.14523613e-02  5.63275477e-01 
 3.79540678e+09 -5.26271465e-02  5.46195657e-01 
 4.02057444e+09 -2.57543061e-02  5.28284178e-01 
 4.25910048e+09 -8.11541034e-04  5.09765159e-01 
 4.51177740e+09  2.22470266e-02  4.90842626e-01 
 4.77944472e+09  4.34859469e-02  4.71699323e-01 
 5.06299177e+09  6.29839264e-02  4.52496402e-01 
 5.36336063e+09  8.08297985e-02  4.33373810e-01 
 5.68154929e+09  9.71190232e-02  4.14451189e-01 
 6.01861492e+09  1.11950724e-01  3.95829155e-01 
 6.37567742e+09  1.25425242e-01  3.77590801e-01 
 6.75392314e+09  1.37642173e-01  3.59803333e-01 
 7.15460881e+09  1.48698829e-01  3.42519751e-01 
 7.57906569e+09  1.58689087e-01  3.25780508e-01 
 8.02870406e+09  1.67702546e-01  3.09615104e-01 
 8.50501783e+09  1.75823972e-01  2.94043579e-01 
 9.00958956e+09  1.83132946e-01  2.79077897e-01 
 9.54409570e+09  1.89703705e-01  2.64723193e-01 
 1.01103121e+10  1.95605112e-01  2.50978905e-01 
 1.07101201e+10  2.00900738e-01  2.37839762e-01 
 1.13455126e+10  2.05649022e-01  2.25296667e-01 
 1.20186005e+10  2.09903490e-01  2.13337451e-01 
 1.27316203e+10  2.13713006e-01  2.01947541e-01 
 1.34869410e+10  2.17122057e-01  1.91110514e-01 
 1.42870721e+10  2.20171039e-01  1.80808585e-01 
 1.51346720e+10  2.22896554e-01  1.71023003e-01 
 1.60325570e+10  2.25331700e-01  1.61734400e-01 
 1.69837102e+10  2.27506354e-01  1.52923063e-01 
 1.79912919e+10  2.29447443e-01  1.44569177e-01 
 1.90586497e+10  2.31179201e-01  1.36653005e-01 
 2.01893300e+10  2.32723409e-01  1.29155052e-01 
 2.13870894e+10  2.34099623e-01  1.22056179e-01 
 2.26559075e+10  2.35325381e-01  1.15337705e-01 
 2.40000000e+10  2.36416396e-01  1.08981483e-01 
