 0.00000000e+00  2.22044605e-16 
 2.00000000e-11  7.05064500e-05 
 4.00000000e-11 -1.30132590e-04 
 6.00000000e-11 -5.28663442e-04 
 8.00000000e-11 -1.08726076e-03 
 1.00000000e-10 -1.76450843e-03 
 1.20000000e-10 -2.52885305e-03 
 1.40000000e-10 -3.35628649e-03 
 1.60000000e-10 -4.22852747e-03 
 1.80000000e-10 -5.13168530e-03 
 2.00000000e-10 -6.05519178e-03 
 2.20000000e-10 -6.99103498e-03 
 2.40000000e-10 -7.93312767e-03 
 2.60000000e-10 -8.87687217e-03 
 2.80000000e-10 -9.81878312e-03 
 3.00000000e-10 -1.07562442e-02 
 3.20000000e-10 -1.16872795e-02 
 3.40000000e-10 -1.26104212e-02 
 3.60000000e-10 -1.35245675e-02 
 3.80000000e-10 -1.44289151e-02 
 4.00000000e-10 -1.53228672e-02 
 4.20000000e-10 -1.62060035e-02 
 4.40000000e-10 -1.70780181e-02 
 4.60000000e-10 -1.79387101e-02 
 4.80000000e-10 -1.87879399e-02 
 5.00000000e-10 -1.96256312e-02 
 5.20000000e-10 -2.04517383e-02 
 5.40000000e-10 -2.12662549e-02 
 5.60000000e-10 -2.20691872e-02 
 5.80000000e-10 -2.28605668e-02 
 6.00000000e-10 -2.36404279e-02 
 6.20000000e-10 -2.44088215e-02 
 6.40000000e-10 -2.51657960e-02 
 6.60000000e-10 -2.59114114e-02 
 6.80000000e-10 -2.66457220e-02 
 7.00000000e-10 -2.73687911e-02 
 7.20000000e-10 -2.80806746e-02 
 7.40000000e-10 -2.87814354e-02 
 7.60000000e-10 -2.94711285e-02 
 7.80000000e-10 -3.01498149e-02 
 8.00000000e-10 -3.08175473e-02 
 8.20000000e-10 -3.14743838e-02 
 8.40000000e-10 -3.21203743e-02 
 8.60000000e-10 -3.27555735e-02 
 8.80000000e-10 -3.33800281e-02 
 9.00000000e-10 -3.39937895e-02 
 9.20000000e-10 -3.45969013e-02 
 9.40000000e-10 -3.51894114e-02 
 9.60000000e-10 -3.57713602e-02 
 9.80000000e-10 -3.63427927e-02 
 1.00000000e-09 -3.69037462e-02 
 1.02000000e-09 -3.74542625e-02 
 1.04000000e-09 -3.79943764e-02 
 1.06000000e-09 -3.85241269e-02 
 1.08000000e-09 -3.90435462e-02 
 1.10000000e-09 -3.95526705e-02 
 1.12000000e-09 -4.00515298e-02 
 1.14000000e-09 -4.05401581e-02 
 1.16000000e-09 -4.10185832e-02 
 1.18000000e-09 -4.14868368e-02 
 1.20000000e-09 -4.19449449e-02 
 1.22000000e-09 -4.23929371e-02 
 1.24000000e-09 -4.28308378e-02 
 1.26000000e-09 -4.32586749e-02 
 1.28000000e-09 -4.36764712e-02 
 1.30000000e-09 -4.40842529e-02 
 1.32000000e-09 -4.44820417e-02 
 1.34000000e-09 -4.48698623e-02 
 1.36000000e-09 -4.52477351e-02 
 1.38000000e-09 -4.56156838e-02 
 1.40000000e-09 -4.59737277e-02 
 1.42000000e-09 -4.63218894e-02 
 1.44000000e-09 -4.66601875e-02 
 1.46000000e-09 -4.69886435e-02 
 1.48000000e-09 -4.73072754e-02 
 1.50000000e-09 -4.76161041e-02 
 1.52000000e-09 -4.79151468e-02 
 1.54000000e-09 -4.82044239e-02 
 1.56000000e-09 -4.84839523e-02 
 1.58000000e-09 -4.87537517e-02 
 1.60000000e-09 -4.90138389e-02 
 1.62000000e-09 -4.92642333e-02 
 1.64000000e-09 -4.95049513e-02 
 1.66000000e-09 -4.97360123e-02 
 1.68000000e-09 -4.99574327e-02 
 1.70000000e-09 -5.01692316e-02 
 1.72000000e-09 -5.03714255e-02 
 1.74000000e-09 -5.05640336e-02 
 1.76000000e-09 -5.07470727e-02 
 1.78000000e-09 -5.09205619e-02 
 1.80000000e-09 -5.10845184e-02 
 1.82000000e-09 -5.12389616e-02 
 1.84000000e-09 -5.13839089e-02 
 1.86000000e-09 -5.15193801e-02 
 1.88000000e-09 -5.16453932e-02 
 1.90000000e-09 -5.17619684e-02 
 1.92000000e-09 -5.18691241e-02 
 1.94000000e-09 -5.19668811e-02 
 1.96000000e-09 -5.20552586e-02 
 1.98000000e-09 -5.21342779e-02 
 2.00000000e-09 -5.22039589e-02 
 2.02000000e-09 -5.22643237e-02 
 2.04000000e-09 -5.23153929e-02 
 2.06000000e-09 -5.23571895e-02 
 2.08000000e-09 -5.23897350e-02 
 2.10000000e-09 -5.24130532e-02 
 2.12000000e-09 -5.24271666e-02 
 2.14000000e-09 -5.24321000e-02 
 2.16000000e-09 -5.24278769e-02 
 2.18000000e-09 -5.24145230e-02 
 2.20000000e-09 -5.23920632e-02 
 2.22000000e-09 -5.23605242e-02 
 2.24000000e-09 -5.23199318e-02 
 2.26000000e-09 -5.22703143e-02 
 2.28000000e-09 -5.22116985e-02 
 2.30000000e-09 -5.21441140e-02 
 2.32000000e-09 -5.20675890e-02 
 2.34000000e-09 -5.19821541e-02 
 2.36000000e-09 -5.18878393e-02 
 2.38000000e-09 -5.17846764e-02 
 2.40000000e-09 -5.16726967e-02 
 2.42000000e-09 -5.15519336e-02 
 2.44000000e-09 -5.14224199e-02 
 2.46000000e-09 -5.12841904e-02 
 2.48000000e-09 -5.11372795e-02 
 2.50000000e-09 -5.09817236e-02 
 2.52000000e-09 -5.08175586e-02 
 2.54000000e-09 -5.06448226e-02 
 2.56000000e-09 -5.04635531e-02 
 2.58000000e-09 -5.02737898e-02 
 2.60000000e-09 -5.00755722e-02 
 2.62000000e-09 -4.98689414e-02 
 2.64000000e-09 -4.96539387e-02 
 2.66000000e-09 -4.94306072e-02 
 2.68000000e-09 -4.91989897e-02 
 2.70000000e-09 -4.89591312e-02 
 2.72000000e-09 -4.87110764e-02 
 2.74000000e-09 -4.84548721e-02 
 2.76000000e-09 -4.81905650e-02 
 2.78000000e-09 -4.79182036e-02 
 2.80000000e-09 -4.76378365e-02 
 2.82000000e-09 -4.73495143e-02 
 2.84000000e-09 -4.70532876e-02 
 2.86000000e-09 -4.67492087e-02 
 2.88000000e-09 -4.64373302e-02 
 2.90000000e-09 -4.61177066e-02 
 2.92000000e-09 -4.57903925e-02 
 2.94000000e-09 -4.54554442e-02 
 2.96000000e-09 -4.51129184e-02 
 2.98000000e-09 -4.47628735e-02 
 3.00000000e-09 -4.44053682e-02 
 3.02000000e-09 -4.40404631e-02 
 3.04000000e-09 -4.36682188e-02 
 3.06000000e-09 -4.32886979e-02 
 3.08000000e-09 -4.29019634e-02 
 3.10000000e-09 -4.25080797e-02 
 3.12000000e-09 -4.21071119e-02 
 3.14000000e-09 -4.16991266e-02 
 3.16000000e-09 -4.12841909e-02 
 3.18000000e-09 -4.08623737e-02 
 3.20000000e-09 -4.04337440e-02 
 3.22000000e-09 -3.99983727e-02 
 3.24000000e-09 -3.95563312e-02 
 3.26000000e-09 -3.91076923e-02 
 3.28000000e-09 -3.86525294e-02 
 3.30000000e-09 -3.81909176e-02 
 3.32000000e-09 -3.77229323e-02 
 3.34000000e-09 -3.72486505e-02 
 3.36000000e-09 -3.67681499e-02 
 3.38000000e-09 -3.62815094e-02 
 3.40000000e-09 -3.57888087e-02 
 3.42000000e-09 -3.52901290e-02 
 3.44000000e-09 -3.47855518e-02 
 3.46000000e-09 -3.42751602e-02 
 3.48000000e-09 -3.37590379e-02 
 3.50000000e-09 -3.32372699e-02 
 3.52000000e-09 -3.27099418e-02 
 3.54000000e-09 -3.21771407e-02 
 3.56000000e-09 -3.16389539e-02 
 3.58000000e-09 -3.10954705e-02 
 3.60000000e-09 -3.05467798e-02 
 3.62000000e-09 -2.99929726e-02 
 3.64000000e-09 -2.94341400e-02 
 3.66000000e-09 -2.88703747e-02 
 3.68000000e-09 -2.83017696e-02 
 3.70000000e-09 -2.77284191e-02 
 3.72000000e-09 -2.71504179e-02 
 3.74000000e-09 -2.65678620e-02 
 3.76000000e-09 -2.59808479e-02 
 3.78000000e-09 -2.53894731e-02 
 3.80000000e-09 -2.47938358e-02 
 3.82000000e-09 -2.41940351e-02 
 3.84000000e-09 -2.35901706e-02 
 3.86000000e-09 -2.29823432e-02 
 3.88000000e-09 -2.23706537e-02 
 3.90000000e-09 -2.17552045e-02 
 3.92000000e-09 -2.11360980e-02 
 3.94000000e-09 -2.05134378e-02 
 3.96000000e-09 -1.98873276e-02 
 3.98000000e-09 -1.92578723e-02 
 4.00000000e-09 -1.86251770e-02 
 4.02000000e-09 -1.79893478e-02 
 4.04000000e-09 -1.73504908e-02 
 4.06000000e-09 -1.67087133e-02 
 4.08000000e-09 -1.60641227e-02 
 4.10000000e-09 -1.54168271e-02 
 4.12000000e-09 -1.47669349e-02 
 4.14000000e-09 -1.41145553e-02 
 4.16000000e-09 -1.34597977e-02 
 4.18000000e-09 -1.28027720e-02 
 4.20000000e-09 -1.21435883e-02 
 4.22000000e-09 -1.14823576e-02 
 4.24000000e-09 -1.08191906e-02 
 4.26000000e-09 -1.01541990e-02 
 4.28000000e-09 -9.48749415e-03 
 4.30000000e-09 -8.81918824e-03 
 4.32000000e-09 -8.14939336e-03 
 4.34000000e-09 -7.47822207e-03 
 4.36000000e-09 -6.80578696e-03 
 4.38000000e-09 -6.13220100e-03 
 4.40000000e-09 -5.45757714e-03 
 4.42000000e-09 -4.78202864e-03 
 4.44000000e-09 -4.10566872e-03 
 4.46000000e-09 -3.42861087e-03 
 4.48000000e-09 -2.75096847e-03 
 4.50000000e-09 -2.07285512e-03 
 4.52000000e-09 -1.39438427e-03 
 4.54000000e-09 -7.15669531e-04 
 4.56000000e-09 -3.68243336e-05 
 4.58000000e-09  6.42037788e-04 
 4.60000000e-09  1.32080353e-03 
 4.62000000e-09  1.99935954e-03 
 4.64000000e-09  2.67759274e-03 
 4.66000000e-09  3.35539004e-03 
 4.68000000e-09  4.03263868e-03 
 4.70000000e-09  4.70922594e-03 
 4.72000000e-09  5.38503947e-03 
 4.74000000e-09  6.05996702e-03 
 4.76000000e-09  6.73389674e-03 
 4.78000000e-09  7.40671695e-03 
 4.80000000e-09  8.07831639e-03 
 4.82000000e-09  8.74858401e-03 
 4.84000000e-09  9.41740926e-03 
 4.86000000e-09  1.00846818e-02 
 4.88000000e-09  1.07502919e-02 
 4.90000000e-09  1.14141301e-02 
 4.92000000e-09  1.20760874e-02 
 4.94000000e-09  1.27360553e-02 
 4.96000000e-09  1.33939258e-02 
 4.98000000e-09  1.40495913e-02 
 5.00000000e-09  1.47029450e-02 
 5.02000000e-09  1.53538803e-02 
 5.04000000e-09  1.60022914e-02 
 5.06000000e-09  1.66480729e-02 
 5.08000000e-09  1.72911204e-02 
 5.10000000e-09  1.79313296e-02 
 5.12000000e-09  1.85685973e-02 
 5.14000000e-09  1.92028206e-02 
 5.16000000e-09  1.98338976e-02 
 5.18000000e-09  2.04617268e-02 
 5.20000000e-09  2.10862076e-02 
 5.22000000e-09  2.17072402e-02 
 5.24000000e-09  2.23247254e-02 
 5.26000000e-09  2.29385648e-02 
 5.28000000e-09  2.35486608e-02 
 5.30000000e-09  2.41549166e-02 
 5.32000000e-09  2.47572362e-02 
 5.34000000e-09  2.53555244e-02 
 5.36000000e-09  2.59496870e-02 
 5.38000000e-09  2.65396304e-02 
 5.40000000e-09  2.71252621e-02 
 5.42000000e-09  2.77064903e-02 
 5.44000000e-09  2.82832242e-02 
 5.46000000e-09  2.88553740e-02 
 5.48000000e-09  2.94228505e-02 
 5.50000000e-09  2.99855658e-02 
 5.52000000e-09  3.05434328e-02 
 5.54000000e-09  3.10963652e-02 
 5.56000000e-09  3.16442779e-02 
 5.58000000e-09  3.21870865e-02 
 5.60000000e-09  3.27247080e-02 
 5.62000000e-09  3.32570600e-02 
 5.64000000e-09  3.37840612e-02 
 5.66000000e-09  3.43056314e-02 
 5.68000000e-09  3.48216914e-02 
 5.70000000e-09  3.53321629e-02 
 5.72000000e-09  3.58369689e-02 
 5.74000000e-09  3.63360330e-02 
 5.76000000e-09  3.68292804e-02 
 5.78000000e-09  3.73166368e-02 
 5.80000000e-09  3.77980294e-02 
 5.82000000e-09  3.82733861e-02 
 5.84000000e-09  3.87426363e-02 
 5.86000000e-09  3.92057100e-02 
 5.88000000e-09  3.96625386e-02 
 5.90000000e-09  4.01130545e-02 
 5.92000000e-09  4.05571911e-02 
 5.94000000e-09  4.09948830e-02 
 5.96000000e-09  4.14260659e-02 
 5.98000000e-09  4.18506764e-02 
 6.00000000e-09  4.22686526e-02 
 6.02000000e-09  4.26799332e-02 
 6.04000000e-09  4.30844584e-02 
 6.06000000e-09  4.34821694e-02 
 6.08000000e-09  4.38730083e-02 
 6.10000000e-09  4.42569186e-02 
 6.12000000e-09  4.46338448e-02 
 6.14000000e-09  4.50037325e-02 
 6.16000000e-09  4.53665284e-02 
 6.18000000e-09  4.57221803e-02 
 6.20000000e-09  4.60706372e-02 
 6.22000000e-09  4.64118492e-02 
 6.24000000e-09  4.67457674e-02 
 6.26000000e-09  4.70723442e-02 
 6.28000000e-09  4.73915329e-02 
 6.30000000e-09  4.77032881e-02 
 6.32000000e-09  4.80075655e-02 
 6.34000000e-09  4.83043218e-02 
 6.36000000e-09  4.85935148e-02 
 6.38000000e-09  4.88751037e-02 
 6.40000000e-09  4.91490484e-02 
 6.42000000e-09  4.94153103e-02 
 6.44000000e-09  4.96738516e-02 
 6.46000000e-09  4.99246359e-02 
 6.48000000e-09  5.01676276e-02 
 6.50000000e-09  5.04027925e-02 
 6.52000000e-09  5.06300973e-02 
 6.54000000e-09  5.08495099e-02 
 6.56000000e-09  5.10609994e-02 
 6.58000000e-09  5.12645359e-02 
 6.60000000e-09  5.14600906e-02 
 6.62000000e-09  5.16476357e-02 
 6.64000000e-09  5.18271448e-02 
 6.66000000e-09  5.19985925e-02 
 6.68000000e-09  5.21619542e-02 
 6.70000000e-09  5.23172069e-02 
 6.72000000e-09  5.24643283e-02 
 6.74000000e-09  5.26032975e-02 
 6.76000000e-09  5.27340945e-02 
 6.78000000e-09  5.28567004e-02 
 6.80000000e-09  5.29710976e-02 
 6.82000000e-09  5.30772694e-02 
 6.84000000e-09  5.31752004e-02 
 6.86000000e-09  5.32648761e-02 
 6.88000000e-09  5.33462831e-02 
 6.90000000e-09  5.34194094e-02 
 6.92000000e-09  5.34842439e-02 
 6.94000000e-09  5.35407765e-02 
 6.96000000e-09  5.35889984e-02 
 6.98000000e-09  5.36289017e-02 
 7.00000000e-09  5.36604800e-02 
 7.02000000e-09  5.36837276e-02 
 7.04000000e-09  5.36986400e-02 
 7.06000000e-09  5.37052141e-02 
 7.08000000e-09  5.37034475e-02 
 7.10000000e-09  5.36933393e-02 
 7.12000000e-09  5.36748894e-02 
 7.14000000e-09  5.36480990e-02 
 7.16000000e-09  5.36129704e-02 
 7.18000000e-09  5.35695070e-02 
 7.20000000e-09  5.35177134e-02 
 7.22000000e-09  5.34575952e-02 
 7.24000000e-09  5.33891593e-02 
 7.26000000e-09  5.33124135e-02 
 7.28000000e-09  5.32273671e-02 
 7.30000000e-09  5.31340301e-02 
 7.32000000e-09  5.30324141e-02 
 7.34000000e-09  5.29225314e-02 
 7.36000000e-09  5.28043958e-02 
 7.38000000e-09  5.26780221e-02 
 7.40000000e-09  5.25434262e-02 
 7.42000000e-09  5.24006254e-02 
 7.44000000e-09  5.22496380e-02 
 7.46000000e-09  5.20904833e-02 
 7.48000000e-09  5.19231821e-02 
 7.50000000e-09  5.17477562e-02 
 7.52000000e-09  5.15642286e-02 
 7.54000000e-09  5.13726234e-02 
 7.56000000e-09  5.11729660e-02 
 7.58000000e-09  5.09652830e-02 
 7.60000000e-09  5.07496020e-02 
 7.62000000e-09  5.05259521e-02 
 7.64000000e-09  5.02943633e-02 
 7.66000000e-09  5.00548669e-02 
 7.68000000e-09  4.98074955e-02 
 7.70000000e-09  4.95522829e-02 
 7.72000000e-09  4.92892638e-02 
 7.74000000e-09  4.90184745e-02 
 7.76000000e-09  4.87399524e-02 
 7.78000000e-09  4.84537359e-02 
 7.80000000e-09  4.81598648e-02 
 7.82000000e-09  4.78583802e-02 
 7.84000000e-09  4.75493243e-02 
 7.86000000e-09  4.72327404e-02 
 7.88000000e-09  4.69086732e-02 
 7.90000000e-09  4.65771686e-02 
 7.92000000e-09  4.62382736e-02 
 7.94000000e-09  4.58920366e-02 
 7.96000000e-09  4.55385071e-02 
 7.98000000e-09  4.51777359e-02 
 8.00000000e-09  4.48097748e-02 
 8.02000000e-09  4.44346772e-02 
 8.04000000e-09  4.40524973e-02 
 8.06000000e-09  4.36632908e-02 
 8.08000000e-09  4.32671146e-02 
 8.10000000e-09  4.28640266e-02 
 8.12000000e-09  4.24540862e-02 
 8.14000000e-09  4.20373538e-02 
 8.16000000e-09  4.16138910e-02 
 8.18000000e-09  4.11837607e-02 
 8.20000000e-09  4.07470270e-02 
 8.22000000e-09  4.03037551e-02 
 8.24000000e-09  3.98540114e-02 
 8.26000000e-09  3.93978636e-02 
 8.28000000e-09  3.89353803e-02 
 8.30000000e-09  3.84666316e-02 
 8.32000000e-09  3.79916886e-02 
 8.34000000e-09  3.75106234e-02 
 8.36000000e-09  3.70235097e-02 
 8.38000000e-09  3.65304217e-02 
 8.40000000e-09  3.60314353e-02 
 8.42000000e-09  3.55266273e-02 
 8.44000000e-09  3.50160754e-02 
 8.46000000e-09  3.44998588e-02 
 8.48000000e-09  3.39780575e-02 
 8.50000000e-09  3.34507527e-02 
 8.52000000e-09  3.29180266e-02 
 8.54000000e-09  3.23799626e-02 
 8.56000000e-09  3.18366449e-02 
 8.58000000e-09  3.12881589e-02 
 8.60000000e-09  3.07345911e-02 
 8.62000000e-09  3.01760288e-02 
 8.64000000e-09  2.96125603e-02 
 8.66000000e-09  2.90442752e-02 
 8.68000000e-09  2.84712636e-02 
 8.70000000e-09  2.78936169e-02 
 8.72000000e-09  2.73114272e-02 
 8.74000000e-09  2.67247877e-02 
 8.76000000e-09  2.61337924e-02 
 8.78000000e-09  2.55385361e-02 
 8.80000000e-09  2.49391147e-02 
 8.82000000e-09  2.43356246e-02 
 8.84000000e-09  2.37281634e-02 
 8.86000000e-09  2.31168293e-02 
 8.88000000e-09  2.25017213e-02 
 8.90000000e-09  2.18829392e-02 
 8.92000000e-09  2.12605835e-02 
 8.94000000e-09  2.06347555e-02 
 8.96000000e-09  2.00055572e-02 
 8.98000000e-09  1.93730913e-02 
 9.00000000e-09  1.87374611e-02 
 9.02000000e-09  1.80987705e-02 
 9.04000000e-09  1.74571243e-02 
 9.06000000e-09  1.68126275e-02 
 9.08000000e-09  1.61653861e-02 
 9.10000000e-09  1.55155063e-02 
 9.12000000e-09  1.48630951e-02 
 9.14000000e-09  1.42082597e-02 
 9.16000000e-09  1.35511082e-02 
 9.18000000e-09  1.28917489e-02 
 9.20000000e-09  1.22302905e-02 
 9.22000000e-09  1.15668423e-02 
 9.24000000e-09  1.09015139e-02 
 9.26000000e-09  1.02344152e-02 
 9.28000000e-09  9.56565656e-03 
 9.30000000e-09  8.89534866e-03 
 9.32000000e-09  8.22360241e-03 
 9.34000000e-09  7.55052901e-03 
 9.36000000e-09  6.87623993e-03 
 9.38000000e-09  6.20084683e-03 
 9.40000000e-09  5.52446160e-03 
 9.42000000e-09  4.84719627e-03 
 9.44000000e-09  4.16916305e-03 
 9.46000000e-09  3.49047425e-03 
 9.48000000e-09  2.81124227e-03 
 9.50000000e-09  2.13157962e-03 
 9.52000000e-09  1.45159881e-03 
 9.54000000e-09  7.71412405e-04 
 9.56000000e-09  9.11329556e-05 
 9.58000000e-09 -5.89127019e-04 
 9.60000000e-09 -1.26925504e-03 
 9.62000000e-09 -1.94913873e-03 
 9.64000000e-09 -2.62866577e-03 
 9.66000000e-09 -3.30772402e-03 
 9.68000000e-09 -3.98620146e-03 
 9.70000000e-09 -4.66398624e-03 
 9.72000000e-09 -5.34096673e-03 
 9.74000000e-09 -6.01703150e-03 
 9.76000000e-09 -6.69206939e-03 
 9.78000000e-09 -7.36596950e-03 
 9.80000000e-09 -8.03862122e-03 
 9.82000000e-09 -8.70991427e-03 
 9.84000000e-09 -9.37973868e-03 
 9.86000000e-09 -1.00479849e-02 
 9.88000000e-09 -1.07145437e-02 
 9.90000000e-09 -1.13793063e-02 
 9.92000000e-09 -1.20421643e-02 
 9.94000000e-09 -1.27030098e-02 
 9.96000000e-09 -1.33617354e-02 
 9.98000000e-09 -1.40182341e-02 
 1.00000000e-08 -1.46723995e-02 
 1.00200000e-08 -1.53241258e-02 
 1.00400000e-08 -1.59733075e-02 
 1.00600000e-08 -1.66198399e-02 
 1.00800000e-08 -1.72636188e-02 
 1.01000000e-08 -1.79045407e-02 
 1.01200000e-08 -1.85425027e-02 
 1.01400000e-08 -1.91774024e-02 
 1.01600000e-08 -1.98091384e-02 
 1.01800000e-08 -2.04376096e-02 
 1.02000000e-08 -2.10627159e-02 
 1.02200000e-08 -2.16843578e-02 
 1.02400000e-08 -2.23024366e-02 
 1.02600000e-08 -2.29168542e-02 
 1.02800000e-08 -2.35275135e-02 
 1.03000000e-08 -2.41343180e-02 
 1.03200000e-08 -2.47371722e-02 
 1.03400000e-08 -2.53359811e-02 
 1.03600000e-08 -2.59306509e-02 
 1.03800000e-08 -2.65210885e-02 
 1.04000000e-08 -2.71072015e-02 
 1.04200000e-08 -2.76888985e-02 
 1.04400000e-08 -2.82660892e-02 
 1.04600000e-08 -2.88386838e-02 
 1.04800000e-08 -2.94065937e-02 
 1.05000000e-08 -2.99697311e-02 
 1.05200000e-08 -3.05280091e-02 
 1.05400000e-08 -3.10813420e-02 
 1.05600000e-08 -3.16296447e-02 
 1.05800000e-08 -3.21728333e-02 
 1.06000000e-08 -3.27108248e-02 
 1.06200000e-08 -3.32435372e-02 
 1.06400000e-08 -3.37708894e-02 
 1.06600000e-08 -3.42928016e-02 
 1.06800000e-08 -3.48091946e-02 
 1.07000000e-08 -3.53199905e-02 
 1.07200000e-08 -3.58251123e-02 
 1.07400000e-08 -3.63244842e-02 
 1.07600000e-08 -3.68180312e-02 
 1.07800000e-08 -3.73056795e-02 
 1.08000000e-08 -3.77873563e-02 
 1.08200000e-08 -3.82629899e-02 
 1.08400000e-08 -3.87325097e-02 
 1.08600000e-08 -3.91958461e-02 
 1.08800000e-08 -3.96529304e-02 
 1.09000000e-08 -4.01036954e-02 
 1.09200000e-08 -4.05480746e-02 
 1.09400000e-08 -4.09860028e-02 
 1.09600000e-08 -4.14174158e-02 
 1.09800000e-08 -4.18422505e-02 
 1.10000000e-08 -4.22604449e-02 
 1.10200000e-08 -4.26719381e-02 
 1.10400000e-08 -4.30766703e-02 
 1.10600000e-08 -4.34745828e-02 
 1.10800000e-08 -4.38656181e-02 
 1.11000000e-08 -4.42497197e-02 
 1.11200000e-08 -4.46268321e-02 
 1.11400000e-08 -4.49969011e-02 
 1.11600000e-08 -4.53598737e-02 
 1.11800000e-08 -4.57156976e-02 
 1.12000000e-08 -4.60643221e-02 
 1.12200000e-08 -4.64056972e-02 
 1.12400000e-08 -4.67397744e-02 
 1.12600000e-08 -4.70665059e-02 
 1.12800000e-08 -4.73858454e-02 
 1.13000000e-08 -4.76977474e-02 
 1.13200000e-08 -4.80021677e-02 
 1.13400000e-08 -4.82990632e-02 
 1.13600000e-08 -4.85883919e-02 
 1.13800000e-08 -4.88701128e-02 
 1.14000000e-08 -4.91441861e-02 
 1.14200000e-08 -4.94105733e-02 
 1.14400000e-08 -4.96692366e-02 
 1.14600000e-08 -4.99201397e-02 
 1.14800000e-08 -5.01632471e-02 
 1.15000000e-08 -5.03985247e-02 
 1.15200000e-08 -5.06259393e-02 
 1.15400000e-08 -5.08454589e-02 
 1.15600000e-08 -5.10570525e-02 
 1.15800000e-08 -5.12606904e-02 
 1.16000000e-08 -5.14563438e-02 
 1.16200000e-08 -5.16439852e-02 
 1.16400000e-08 -5.18235880e-02 
 1.16600000e-08 -5.19951269e-02 
 1.16800000e-08 -5.21585776e-02 
 1.17000000e-08 -5.23139168e-02 
 1.17200000e-08 -5.24611226e-02 
 1.17400000e-08 -5.26001739e-02 
 1.17600000e-08 -5.27310509e-02 
 1.17800000e-08 -5.28537348e-02 
 1.18000000e-08 -5.29682079e-02 
 1.18200000e-08 -5.30744536e-02 
 1.18400000e-08 -5.31724566e-02 
 1.18600000e-08 -5.32622024e-02 
 1.18800000e-08 -5.33436779e-02 
 1.19000000e-08 -5.34168708e-02 
 1.19200000e-08 -5.34817701e-02 
 1.19400000e-08 -5.35383658e-02 
 1.19600000e-08 -5.35866492e-02 
 1.19800000e-08 -5.36266126e-02 
 1.20000000e-08 -5.36582492e-02 
 1.20200000e-08 -5.36815537e-02 
 1.20400000e-08 -5.36965216e-02 
 1.20600000e-08 -5.37031496e-02 
 1.20800000e-08 -5.37014356e-02 
 1.21000000e-08 -5.36913786e-02 
 1.21200000e-08 -5.36729786e-02 
 1.21400000e-08 -5.36462369e-02 
 1.21600000e-08 -5.36111557e-02 
 1.21800000e-08 -5.35677384e-02 
 1.22000000e-08 -5.35159898e-02 
 1.22200000e-08 -5.34559154e-02 
 1.22400000e-08 -5.33875222e-02 
 1.22600000e-08 -5.33108181e-02 
 1.22800000e-08 -5.32258121e-02 
 1.23000000e-08 -5.31325147e-02 
 1.23200000e-08 -5.30309371e-02 
 1.23400000e-08 -5.29210919e-02 
 1.23600000e-08 -5.28029928e-02 
 1.23800000e-08 -5.26766547e-02 
 1.24000000e-08 -5.25420935e-02 
 1.24200000e-08 -5.23993265e-02 
 1.24400000e-08 -5.22483720e-02 
 1.24600000e-08 -5.20892494e-02 
 1.24800000e-08 -5.19219795e-02 
 1.25000000e-08 -5.17465841e-02 
 1.25200000e-08 -5.15630861e-02 
 1.25400000e-08 -5.13715098e-02 
 1.25600000e-08 -5.11718807e-02 
 1.25800000e-08 -5.09642251e-02 
 1.26000000e-08 -5.07485709e-02 
 1.26200000e-08 -5.05249471e-02 
 1.26400000e-08 -5.02933837e-02 
 1.26600000e-08 -5.00539121e-02 
 1.26800000e-08 -4.98065649e-02 
 1.27000000e-08 -4.95513758e-02 
 1.27200000e-08 -4.92883797e-02 
 1.27400000e-08 -4.90176128e-02 
 1.27600000e-08 -4.87391124e-02 
 1.27800000e-08 -4.84529171e-02 
 1.28000000e-08 -4.81590668e-02 
 1.28200000e-08 -4.78576024e-02 
 1.28400000e-08 -4.75485661e-02 
 1.28600000e-08 -4.72320013e-02 
 1.28800000e-08 -4.69079528e-02 
 1.29000000e-08 -4.65764664e-02 
 1.29200000e-08 -4.62375892e-02 
 1.29400000e-08 -4.58913695e-02 
 1.29600000e-08 -4.55378569e-02 
 1.29800000e-08 -4.51771021e-02 
 1.30000000e-08 -4.48091571e-02 
 1.30200000e-08 -4.44340750e-02 
 1.30400000e-08 -4.40519104e-02 
 1.30600000e-08 -4.36627187e-02 
 1.30800000e-08 -4.32665570e-02 
 1.31000000e-08 -4.28634831e-02 
 1.31200000e-08 -4.24535565e-02 
 1.31400000e-08 -4.20368374e-02 
 1.31600000e-08 -4.16133877e-02 
 1.31800000e-08 -4.11832702e-02 
 1.32000000e-08 -4.07465489e-02 
 1.32200000e-08 -4.03032890e-02 
 1.32400000e-08 -3.98535571e-02 
 1.32600000e-08 -3.93974208e-02 
 1.32800000e-08 -3.89349487e-02 
 1.33000000e-08 -3.84662110e-02 
 1.33200000e-08 -3.79912786e-02 
 1.33400000e-08 -3.75102238e-02 
 1.33600000e-08 -3.70231202e-02 
 1.33800000e-08 -3.65300421e-02 
 1.34000000e-08 -3.60310653e-02 
 1.34200000e-08 -3.55262666e-02 
 1.34400000e-08 -3.50157239e-02 
 1.34600000e-08 -3.44995162e-02 
 1.34800000e-08 -3.39777236e-02 
 1.35000000e-08 -3.34504273e-02 
 1.35200000e-08 -3.29177095e-02 
 1.35400000e-08 -3.23796535e-02 
 1.35600000e-08 -3.18363436e-02 
 1.35800000e-08 -3.12878653e-02 
 1.36000000e-08 -3.07343050e-02 
 1.36200000e-08 -3.01757499e-02 
 1.36400000e-08 -2.96122886e-02 
 1.36600000e-08 -2.90440103e-02 
 1.36800000e-08 -2.84710055e-02 
 1.37000000e-08 -2.78933653e-02 
 1.37200000e-08 -2.73111821e-02 
 1.37400000e-08 -2.67245488e-02 
 1.37600000e-08 -2.61335595e-02 
 1.37800000e-08 -2.55383092e-02 
 1.38000000e-08 -2.49388935e-02 
 1.38200000e-08 -2.43354091e-02 
 1.38400000e-08 -2.37279534e-02 
 1.38600000e-08 -2.31166247e-02 
 1.38800000e-08 -2.25015219e-02 
 1.39000000e-08 -2.18827449e-02 
 1.39200000e-08 -2.12603941e-02 
 1.39400000e-08 -2.06345710e-02 
 1.39600000e-08 -2.00053774e-02 
 1.39800000e-08 -1.93729161e-02 
 1.40000000e-08 -1.87372903e-02 
 1.40200000e-08 -1.80986042e-02 
 1.40400000e-08 -1.74569622e-02 
 1.40600000e-08 -1.68124696e-02 
 1.40800000e-08 -1.61652322e-02 
 1.41000000e-08 -1.55153563e-02 
 1.41200000e-08 -1.48629489e-02 
 1.41400000e-08 -1.42081173e-02 
 1.41600000e-08 -1.35509695e-02 
 1.41800000e-08 -1.28916137e-02 
 1.42000000e-08 -1.22301588e-02 
 1.42200000e-08 -1.15667139e-02 
 1.42400000e-08 -1.09013888e-02 
 1.42600000e-08 -1.02342933e-02 
 1.42800000e-08 -9.56553786e-03 
 1.43000000e-08 -8.89523301e-03 
 1.43200000e-08 -8.22348973e-03 
 1.43400000e-08 -7.55041923e-03 
 1.43600000e-08 -6.87613297e-03 
 1.43800000e-08 -6.20074263e-03 
 1.44000000e-08 -5.52436008e-03 
 1.44200000e-08 -4.84709737e-03 
 1.44400000e-08 -4.16906669e-03 
 1.44600000e-08 -3.49038037e-03 
 1.44800000e-08 -2.81115082e-03 
 1.45000000e-08 -2.13149052e-03 
 1.45200000e-08 -1.45151201e-03 
 1.45400000e-08 -7.71327848e-04 
 1.45600000e-08 -9.10505799e-05 
 1.45800000e-08  5.89207266e-04 
 1.46000000e-08  1.26933322e-03 
 1.46200000e-08  1.94921488e-03 
 1.46400000e-08  2.62873996e-03 
 1.46600000e-08  3.30779629e-03 
 1.46800000e-08  3.98627186e-03 
 1.47000000e-08  4.66405482e-03 
 1.47200000e-08  5.34103353e-03 
 1.47400000e-08  6.01709658e-03 
 1.47600000e-08  6.69213279e-03 
 1.47800000e-08  7.36603125e-03 
 1.48000000e-08  8.03868138e-03 
 1.48200000e-08  8.70997286e-03 
 1.48400000e-08  9.37979576e-03 
 1.48600000e-08  1.00480405e-02 
 1.48800000e-08  1.07145978e-02 
 1.49000000e-08  1.13793590e-02 
 1.49200000e-08  1.20422156e-02 
 1.49400000e-08  1.27030598e-02 
 1.49600000e-08  1.33617841e-02 
 1.49800000e-08  1.40182816e-02 
 1.50000000e-08  1.46724458e-02 
 1.50200000e-08  1.53241708e-02 
 1.50400000e-08  1.59733514e-02 
 1.50600000e-08  1.66198826e-02 
 1.50800000e-08  1.72636604e-02 
 1.51000000e-08  1.79045813e-02 
 1.51200000e-08  1.85425422e-02 
 1.51400000e-08  1.91774409e-02 
 1.51600000e-08  1.98091758e-02 
 1.51800000e-08  2.04376461e-02 
 1.52000000e-08  2.10627514e-02 
 1.52200000e-08  2.16843924e-02 
 1.52400000e-08  2.23024703e-02 
 1.52600000e-08  2.29168870e-02 
 1.52800000e-08  2.35275455e-02 
 1.53000000e-08  2.41343492e-02 
 1.53200000e-08  2.47372025e-02 
 1.53400000e-08  2.53360107e-02 
 1.53600000e-08  2.59306797e-02 
 1.53800000e-08  2.65211165e-02 
 1.54000000e-08  2.71072288e-02 
 1.54200000e-08  2.76889252e-02 
 1.54400000e-08  2.82661151e-02 
 1.54600000e-08  2.88387090e-02 
 1.54800000e-08  2.94066183e-02 
 1.55000000e-08  2.99697550e-02 
 1.55200000e-08  3.05280325e-02 
 1.55400000e-08  3.10813647e-02 
 1.55600000e-08  3.16296668e-02 
 1.55800000e-08  3.21728549e-02 
 1.56000000e-08  3.27108458e-02 
 1.56200000e-08  3.32435576e-02 
 1.56400000e-08  3.37709094e-02 
 1.56600000e-08  3.42928210e-02 
 1.56800000e-08  3.48092135e-02 
 1.57000000e-08  3.53200089e-02 
 1.57200000e-08  3.58251302e-02 
 1.57400000e-08  3.63245016e-02 
 1.57600000e-08  3.68180482e-02 
 1.57800000e-08  3.73056960e-02 
 1.58000000e-08  3.77873724e-02 
 1.58200000e-08  3.82630057e-02 
 1.58400000e-08  3.87325250e-02 
 1.58600000e-08  3.91958610e-02 
 1.58800000e-08  3.96529450e-02 
 1.59000000e-08  4.01037096e-02 
 1.59200000e-08  4.05480884e-02 
 1.59400000e-08  4.09860162e-02 
 1.59600000e-08  4.14174289e-02 
 1.59800000e-08  4.18422632e-02 
 1.60000000e-08  4.22604573e-02 
 1.60200000e-08  4.26719501e-02 
 1.60400000e-08  4.30766821e-02 
 1.60600000e-08  4.34745943e-02 
 1.60800000e-08  4.38656293e-02 
 1.61000000e-08  4.42497305e-02 
 1.61200000e-08  4.46268427e-02 
 1.61400000e-08  4.49969115e-02 
 1.61600000e-08  4.53598837e-02 
 1.61800000e-08  4.57157074e-02 
 1.62000000e-08  4.60643316e-02 
 1.62200000e-08  4.64057065e-02 
 1.62400000e-08  4.67397834e-02 
 1.62600000e-08  4.70665147e-02 
 1.62800000e-08  4.73858540e-02 
 1.63000000e-08  4.76977558e-02 
 1.63200000e-08  4.80021759e-02 
 1.63400000e-08  4.82990712e-02 
 1.63600000e-08  4.85883996e-02 
 1.63800000e-08  4.88701203e-02 
 1.64000000e-08  4.91441935e-02 
 1.64200000e-08  4.94105804e-02 
 1.64400000e-08  4.96692436e-02 
 1.64600000e-08  4.99201465e-02 
 1.64800000e-08  5.01632537e-02 
 1.65000000e-08  5.03985312e-02 
 1.65200000e-08  5.06259456e-02 
 1.65400000e-08  5.08454650e-02 
 1.65600000e-08  5.10570585e-02 
 1.65800000e-08  5.12606962e-02 
 1.66000000e-08  5.14563495e-02 
 1.66200000e-08  5.16439907e-02 
 1.66400000e-08  5.18235934e-02 
 1.66600000e-08  5.19951321e-02 
 1.66800000e-08  5.21585827e-02 
 1.67000000e-08  5.23139218e-02 
 1.67200000e-08  5.24611274e-02 
 1.67400000e-08  5.26001786e-02 
 1.67600000e-08  5.27310555e-02 
 1.67800000e-08  5.28537392e-02 
 1.68000000e-08  5.29682122e-02 
 1.68200000e-08  5.30744579e-02 
 1.68400000e-08  5.31724608e-02 
 1.68600000e-08  5.32622065e-02 
 1.68800000e-08  5.33436818e-02 
 1.69000000e-08  5.34168746e-02 
 1.69200000e-08  5.34817738e-02 
 1.69400000e-08  5.35383695e-02 
 1.69600000e-08  5.35866528e-02 
 1.69800000e-08  5.36266160e-02 
 1.70000000e-08  5.36582526e-02 
 1.70200000e-08  5.36815570e-02 
 1.70400000e-08  5.36965248e-02 
 1.70600000e-08  5.37031527e-02 
 1.70800000e-08  5.37014387e-02 
 1.71000000e-08  5.36913816e-02 
 1.71200000e-08  5.36729815e-02 
 1.71400000e-08  5.36462397e-02 
 1.71600000e-08  5.36111584e-02 
 1.71800000e-08  5.35677411e-02 
 1.72000000e-08  5.35159924e-02 
 1.72200000e-08  5.34559180e-02 
 1.72400000e-08  5.33875247e-02 
 1.72600000e-08  5.33108205e-02 
 1.72800000e-08  5.32258145e-02 
 1.73000000e-08  5.31325170e-02 
 1.73200000e-08  5.30309393e-02 
 1.73400000e-08  5.29210941e-02 
 1.73600000e-08  5.28029949e-02 
 1.73800000e-08  5.26766568e-02 
 1.74000000e-08  5.25420956e-02 
 1.74200000e-08  5.23993285e-02 
 1.74400000e-08  5.22483739e-02 
 1.74600000e-08  5.20892513e-02 
 1.74800000e-08  5.19219813e-02 
 1.75000000e-08  5.17465858e-02 
 1.75200000e-08  5.15630878e-02 
 1.75400000e-08  5.13715115e-02 
 1.75600000e-08  5.11718823e-02 
 1.75800000e-08  5.09642267e-02 
 1.76000000e-08  5.07485725e-02 
 1.76200000e-08  5.05249486e-02 
 1.76400000e-08  5.02933852e-02 
 1.76600000e-08  5.00539136e-02 
 1.76800000e-08  4.98065663e-02 
 1.77000000e-08  4.95513772e-02 
 1.77200000e-08  4.92883810e-02 
 1.77400000e-08  4.90176141e-02 
 1.77600000e-08  4.87391137e-02 
 1.77800000e-08  4.84529184e-02 
 1.78000000e-08  4.81590680e-02 
 1.78200000e-08  4.78576035e-02 
 1.78400000e-08  4.75485672e-02 
 1.78600000e-08  4.72320025e-02 
 1.78800000e-08  4.69079539e-02 
 1.79000000e-08  4.65764675e-02 
 1.79200000e-08  4.62375903e-02 
 1.79400000e-08  4.58913706e-02 
 1.79600000e-08  4.55378579e-02 
 1.79800000e-08  4.51771031e-02 
 1.80000000e-08  4.48091580e-02 
 1.80200000e-08  4.44340759e-02 
 1.80400000e-08  4.40519113e-02 
 1.80600000e-08  4.36627196e-02 
 1.80800000e-08  4.32665578e-02 
 1.81000000e-08  4.28634840e-02 
 1.81200000e-08  4.24535573e-02 
 1.81400000e-08  4.20368382e-02 
 1.81600000e-08  4.16133885e-02 
 1.81800000e-08  4.11832709e-02 
 1.82000000e-08  4.07465496e-02 
 1.82200000e-08  4.03032898e-02 
 1.82400000e-08  3.98535578e-02 
 1.82600000e-08  3.93974215e-02 
 1.82800000e-08  3.89349494e-02 
 1.83000000e-08  3.84662116e-02 
 1.83200000e-08  3.79912792e-02 
 1.83400000e-08  3.75102245e-02 
 1.83600000e-08  3.70231208e-02 
 1.83800000e-08  3.65300427e-02 
 1.84000000e-08  3.60310659e-02 
 1.84200000e-08  3.55262672e-02 
 1.84400000e-08  3.50157245e-02 
 1.84600000e-08  3.44995168e-02 
 1.84800000e-08  3.39777242e-02 
 1.85000000e-08  3.34504278e-02 
 1.85200000e-08  3.29177100e-02 
 1.85400000e-08  3.23796540e-02 
 1.85600000e-08  3.18363441e-02 
 1.85800000e-08  3.12878658e-02 
 1.86000000e-08  3.07343054e-02 
 1.86200000e-08  3.01757503e-02 
 1.86400000e-08  2.96122890e-02 
 1.86600000e-08  2.90440107e-02 
 1.86800000e-08  2.84710059e-02 
 1.87000000e-08  2.78933657e-02 
 1.87200000e-08  2.73111824e-02 
 1.87400000e-08  2.67245492e-02 
 1.87600000e-08  2.61335599e-02 
 1.87800000e-08  2.55383095e-02 
 1.88000000e-08  2.49388939e-02 
 1.88200000e-08  2.43354095e-02 
 1.88400000e-08  2.37279538e-02 
 1.88600000e-08  2.31166250e-02 
 1.88800000e-08  2.25015222e-02 
 1.89000000e-08  2.18827452e-02 
 1.89200000e-08  2.12603944e-02 
 1.89400000e-08  2.06345713e-02 
 1.89600000e-08  2.00053777e-02 
 1.89800000e-08  1.93729164e-02 
 1.90000000e-08  1.87372906e-02 
 1.90200000e-08  1.80986044e-02 
 1.90400000e-08  1.74569624e-02 
 1.90600000e-08  1.68124698e-02 
 1.90800000e-08  1.61652324e-02 
 1.91000000e-08  1.55153566e-02 
 1.91200000e-08  1.48629491e-02 
 1.91400000e-08  1.42081175e-02 
 1.91600000e-08  1.35509697e-02 
 1.91800000e-08  1.28916139e-02 
 1.92000000e-08  1.22301590e-02 
 1.92200000e-08  1.15667141e-02 
 1.92400000e-08  1.09013890e-02 
 1.92600000e-08  1.02342935e-02 
 1.92800000e-08  9.56553804e-03 
 1.93000000e-08  8.89523319e-03 
 1.93200000e-08  8.22348991e-03 
 1.93400000e-08  7.55041940e-03 
 1.93600000e-08  6.87613314e-03 
 1.93800000e-08  6.20074279e-03 
 1.94000000e-08  5.52436023e-03 
 1.94200000e-08  4.84709752e-03 
 1.94400000e-08  4.16906684e-03 
 1.94600000e-08  3.49038052e-03 
 1.94800000e-08  2.81115096e-03 
 1.95000000e-08  2.13149066e-03 
 1.95200000e-08  1.45151215e-03 
 1.95400000e-08  7.71327979e-04 
 1.95600000e-08  9.10507075e-05 
 1.95800000e-08 -5.89207142e-04 
 1.96000000e-08 -1.26933310e-03 
 1.96200000e-08 -1.94921476e-03 
 1.96400000e-08 -2.62873985e-03 
 1.96600000e-08 -3.30779618e-03 
 1.96800000e-08 -3.98627175e-03 
 1.97000000e-08 -4.66405471e-03 
 1.97200000e-08 -5.34103343e-03 
 1.97400000e-08 -6.01709648e-03 
 1.97600000e-08 -6.69213269e-03 
 1.97800000e-08 -7.36603116e-03 
 1.98000000e-08 -8.03868128e-03 
 1.98200000e-08 -8.70997277e-03 
 1.98400000e-08 -9.37979567e-03 
 1.98600000e-08 -1.00480404e-02 
 1.98800000e-08 -1.07145977e-02 
 1.99000000e-08 -1.13793589e-02 
 1.99200000e-08 -1.20422156e-02 
 1.99400000e-08 -1.27030598e-02 
 1.99600000e-08 -1.33617841e-02 
 1.99800000e-08 -1.40182815e-02 
 2.00000000e-08 -1.46724457e-02 
 2.00200000e-08 -1.53241708e-02 
 2.00400000e-08 -1.59733513e-02 
 2.00600000e-08 -1.66198825e-02 
 2.00800000e-08 -1.72636604e-02 
 2.01000000e-08 -1.79045812e-02 
 2.01200000e-08 -1.85425421e-02 
 2.01400000e-08 -1.91774408e-02 
 2.01600000e-08 -1.98091758e-02 
 2.01800000e-08 -2.04376460e-02 
 2.02000000e-08 -2.10627514e-02 
 2.02200000e-08 -2.16843924e-02 
 2.02400000e-08 -2.23024702e-02 
 2.02600000e-08 -2.29168870e-02 
 2.02800000e-08 -2.35275454e-02 
 2.03000000e-08 -2.41343491e-02 
 2.03200000e-08 -2.47372025e-02 
 2.03400000e-08 -2.53360107e-02 
 2.03600000e-08 -2.59306797e-02 
 2.03800000e-08 -2.65211165e-02 
 2.04000000e-08 -2.71072288e-02 
 2.04200000e-08 -2.76889251e-02 
 2.04400000e-08 -2.82661151e-02 
 2.04600000e-08 -2.88387090e-02 
 2.04800000e-08 -2.94066182e-02 
 2.05000000e-08 -2.99697550e-02 
 2.05200000e-08 -3.05280324e-02 
 2.05400000e-08 -3.10813647e-02 
 2.05600000e-08 -3.16296668e-02 
 2.05800000e-08 -3.21728548e-02 
 2.06000000e-08 -3.27108458e-02 
 2.06200000e-08 -3.32435576e-02 
 2.06400000e-08 -3.37709093e-02 
 2.06600000e-08 -3.42928209e-02 
 2.06800000e-08 -3.48092134e-02 
 2.07000000e-08 -3.53200089e-02 
 2.07200000e-08 -3.58251302e-02 
 2.07400000e-08 -3.63245016e-02 
 2.07600000e-08 -3.68180482e-02 
 2.07800000e-08 -3.73056960e-02 
 2.08000000e-08 -3.77873724e-02 
 2.08200000e-08 -3.82630056e-02 
 2.08400000e-08 -3.87325250e-02 
 2.08600000e-08 -3.91958609e-02 
 2.08800000e-08 -3.96529449e-02 
 2.09000000e-08 -4.01037095e-02 
 2.09200000e-08 -4.05480884e-02 
 2.09400000e-08 -4.09860162e-02 
 2.09600000e-08 -4.14174288e-02 
 2.09800000e-08 -4.18422632e-02 
 2.10000000e-08 -4.22604572e-02 
 2.10200000e-08 -4.26719501e-02 
 2.10400000e-08 -4.30766820e-02 
 2.10600000e-08 -4.34745943e-02 
 2.10800000e-08 -4.38656293e-02 
 2.11000000e-08 -4.42497305e-02 
 2.11200000e-08 -4.46268427e-02 
 2.11400000e-08 -4.49969115e-02 
 2.11600000e-08 -4.53598837e-02 
 2.11800000e-08 -4.57157074e-02 
 2.12000000e-08 -4.60643316e-02 
 2.12200000e-08 -4.64057065e-02 
 2.12400000e-08 -4.67397834e-02 
 2.12600000e-08 -4.70665147e-02 
 2.12800000e-08 -4.73858540e-02 
 2.13000000e-08 -4.76977557e-02 
 2.13200000e-08 -4.80021759e-02 
 2.13400000e-08 -4.82990711e-02 
 2.13600000e-08 -4.85883996e-02 
 2.13800000e-08 -4.88701203e-02 
 2.14000000e-08 -4.91441935e-02 
 2.14200000e-08 -4.94105804e-02 
 2.14400000e-08 -4.96692436e-02 
 2.14600000e-08 -4.99201465e-02 
 2.14800000e-08 -5.01632537e-02 
 2.15000000e-08 -5.03985311e-02 
 2.15200000e-08 -5.06259456e-02 
 2.15400000e-08 -5.08454650e-02 
 2.15600000e-08 -5.10570585e-02 
 2.15800000e-08 -5.12606962e-02 
 2.16000000e-08 -5.14563495e-02 
 2.16200000e-08 -5.16439907e-02 
 2.16400000e-08 -5.18235934e-02 
 2.16600000e-08 -5.19951321e-02 
 2.16800000e-08 -5.21585827e-02 
 2.17000000e-08 -5.23139218e-02 
 2.17200000e-08 -5.24611274e-02 
 2.17400000e-08 -5.26001786e-02 
 2.17600000e-08 -5.27310555e-02 
 2.17800000e-08 -5.28537392e-02 
 2.18000000e-08 -5.29682122e-02 
 2.18200000e-08 -5.30744579e-02 
 2.18400000e-08 -5.31724608e-02 
 2.18600000e-08 -5.32622065e-02 
 2.18800000e-08 -5.33436818e-02 
 2.19000000e-08 -5.34168746e-02 
 2.19200000e-08 -5.34817738e-02 
 2.19400000e-08 -5.35383695e-02 
 2.19600000e-08 -5.35866528e-02 
 2.19800000e-08 -5.36266160e-02 
 2.20000000e-08 -5.36582526e-02 
 2.20200000e-08 -5.36815570e-02 
 2.20400000e-08 -5.36965248e-02 
 2.20600000e-08 -5.37031527e-02 
 2.20800000e-08 -5.37014387e-02 
 2.21000000e-08 -5.36913816e-02 
 2.21200000e-08 -5.36729815e-02 
 2.21400000e-08 -5.36462397e-02 
 2.21600000e-08 -5.36111584e-02 
 2.21800000e-08 -5.35677411e-02 
 2.22000000e-08 -5.35159924e-02 
 2.22200000e-08 -5.34559180e-02 
 2.22400000e-08 -5.33875247e-02 
 2.22600000e-08 -5.33108205e-02 
 2.22800000e-08 -5.32258145e-02 
 2.23000000e-08 -5.31325170e-02 
 2.23200000e-08 -5.30309393e-02 
 2.23400000e-08 -5.29210940e-02 
 2.23600000e-08 -5.28029949e-02 
 2.23800000e-08 -5.26766568e-02 
 2.24000000e-08 -5.25420956e-02 
 2.24200000e-08 -5.23993285e-02 
 2.24400000e-08 -5.22483739e-02 
 2.24600000e-08 -5.20892513e-02 
 2.24800000e-08 -5.19219813e-02 
 2.25000000e-08 -5.17465858e-02 
 2.25200000e-08 -5.15630878e-02 
 2.25400000e-08 -5.13715115e-02 
 2.25600000e-08 -5.11718823e-02 
 2.25800000e-08 -5.09642267e-02 
 2.26000000e-08 -5.07485725e-02 
 2.26200000e-08 -5.05249486e-02 
 2.26400000e-08 -5.02933852e-02 
 2.26600000e-08 -5.00539136e-02 
 2.26800000e-08 -4.98065663e-02 
 2.27000000e-08 -4.95513772e-02 
 2.27200000e-08 -4.92883810e-02 
 2.27400000e-08 -4.90176141e-02 
 2.27600000e-08 -4.87391137e-02 
 2.27800000e-08 -4.84529184e-02 
 2.28000000e-08 -4.81590680e-02 
 2.28200000e-08 -4.78576035e-02 
 2.28400000e-08 -4.75485672e-02 
 2.28600000e-08 -4.72320024e-02 
 2.28800000e-08 -4.69079539e-02 
 2.29000000e-08 -4.65764675e-02 
 2.29200000e-08 -4.62375903e-02 
 2.29400000e-08 -4.58913706e-02 
 2.29600000e-08 -4.55378579e-02 
 2.29800000e-08 -4.51771031e-02 
 2.30000000e-08 -4.48091580e-02 
 2.30200000e-08 -4.44340759e-02 
 2.30400000e-08 -4.40519113e-02 
 2.30600000e-08 -4.36627196e-02 
 2.30800000e-08 -4.32665578e-02 
 2.31000000e-08 -4.28634840e-02 
 2.31200000e-08 -4.24535573e-02 
 2.31400000e-08 -4.20368382e-02 
 2.31600000e-08 -4.16133885e-02 
 2.31800000e-08 -4.11832709e-02 
 2.32000000e-08 -4.07465496e-02 
 2.32200000e-08 -4.03032898e-02 
 2.32400000e-08 -3.98535578e-02 
 2.32600000e-08 -3.93974215e-02 
 2.32800000e-08 -3.89349494e-02 
 2.33000000e-08 -3.84662116e-02 
 2.33200000e-08 -3.79912792e-02 
 2.33400000e-08 -3.75102245e-02 
 2.33600000e-08 -3.70231208e-02 
 2.33800000e-08 -3.65300427e-02 
 2.34000000e-08 -3.60310659e-02 
 2.34200000e-08 -3.55262672e-02 
 2.34400000e-08 -3.50157245e-02 
 2.34600000e-08 -3.44995168e-02 
 2.34800000e-08 -3.39777242e-02 
 2.35000000e-08 -3.34504278e-02 
 2.35200000e-08 -3.29177100e-02 
 2.35400000e-08 -3.23796540e-02 
 2.35600000e-08 -3.18363441e-02 
 2.35800000e-08 -3.12878658e-02 
 2.36000000e-08 -3.07343054e-02 
 2.36200000e-08 -3.01757503e-02 
 2.36400000e-08 -2.96122890e-02 
 2.36600000e-08 -2.90440107e-02 
 2.36800000e-08 -2.84710059e-02 
 2.37000000e-08 -2.78933657e-02 
 2.37200000e-08 -2.73111824e-02 
 2.37400000e-08 -2.67245492e-02 
 2.37600000e-08 -2.61335599e-02 
 2.37800000e-08 -2.55383095e-02 
 2.38000000e-08 -2.49388939e-02 
 2.38200000e-08 -2.43354095e-02 
 2.38400000e-08 -2.37279538e-02 
 2.38600000e-08 -2.31166250e-02 
 2.38800000e-08 -2.25015222e-02 
 2.39000000e-08 -2.18827452e-02 
 2.39200000e-08 -2.12603944e-02 
 2.39400000e-08 -2.06345713e-02 
 2.39600000e-08 -2.00053777e-02 
 2.39800000e-08 -1.93729164e-02 
 2.40000000e-08 -1.87372906e-02 
 2.40200000e-08 -1.80986044e-02 
 2.40400000e-08 -1.74569624e-02 
 2.40600000e-08 -1.68124698e-02 
 2.40800000e-08 -1.61652324e-02 
 2.41000000e-08 -1.55153566e-02 
 2.41200000e-08 -1.48629491e-02 
 2.41400000e-08 -1.42081175e-02 
 2.41600000e-08 -1.35509697e-02 
 2.41800000e-08 -1.28916139e-02 
 2.42000000e-08 -1.22301590e-02 
 2.42200000e-08 -1.15667141e-02 
 2.42400000e-08 -1.09013890e-02 
 2.42600000e-08 -1.02342935e-02 
 2.42800000e-08 -9.56553804e-03 
 2.43000000e-08 -8.89523319e-03 
 2.43200000e-08 -8.22348991e-03 
 2.43400000e-08 -7.55041940e-03 
 2.43600000e-08 -6.87613314e-03 
 2.43800000e-08 -6.20074279e-03 
 2.44000000e-08 -5.52436023e-03 
 2.44200000e-08 -4.84709752e-03 
 2.44400000e-08 -4.16906684e-03 
 2.44600000e-08 -3.49038052e-03 
 2.44800000e-08 -2.81115096e-03 
 2.45000000e-08 -2.13149066e-03 
 2.45200000e-08 -1.45151215e-03 
 2.45400000e-08 -7.71327979e-04 
 2.45600000e-08 -9.10507077e-05 
 2.45800000e-08  5.89207142e-04 
 2.46000000e-08  1.26933310e-03 
 2.46200000e-08  1.94921476e-03 
 2.46400000e-08  2.62873985e-03 
 2.46600000e-08  3.30779618e-03 
 2.46800000e-08  3.98627175e-03 
 2.47000000e-08  4.66405471e-03 
 2.47200000e-08  5.34103343e-03 
 2.47400000e-08  6.01709648e-03 
 2.47600000e-08  6.69213269e-03 
 2.47800000e-08  7.36603116e-03 
 2.48000000e-08  8.03868128e-03 
 2.48200000e-08  8.70997277e-03 
 2.48400000e-08  9.37979567e-03 
 2.48600000e-08  1.00480404e-02 
 2.48800000e-08  1.07145977e-02 
 2.49000000e-08  1.13793589e-02 
 2.49200000e-08  1.20422156e-02 
 2.49400000e-08  1.27030598e-02 
 2.49600000e-08  1.33617841e-02 
 2.49800000e-08  1.40182815e-02 
 2.50000000e-08  1.46724457e-02 
 2.50200000e-08  1.53241708e-02 
 2.50400000e-08  1.59733513e-02 
 2.50600000e-08  1.66198825e-02 
 2.50800000e-08  1.72636604e-02 
 2.51000000e-08  1.79045812e-02 
 2.51200000e-08  1.85425421e-02 
 2.51400000e-08  1.91774408e-02 
 2.51600000e-08  1.98091758e-02 
 2.51800000e-08  2.04376460e-02 
 2.52000000e-08  2.10627514e-02 
 2.52200000e-08  2.16843924e-02 
 2.52400000e-08  2.23024702e-02 
 2.52600000e-08  2.29168870e-02 
 2.52800000e-08  2.35275454e-02 
 2.53000000e-08  2.41343491e-02 
 2.53200000e-08  2.47372025e-02 
 2.53400000e-08  2.53360107e-02 
 2.53600000e-08  2.59306797e-02 
 2.53800000e-08  2.65211165e-02 
 2.54000000e-08  2.71072288e-02 
 2.54200000e-08  2.76889251e-02 
 2.54400000e-08  2.82661151e-02 
 2.54600000e-08  2.88387090e-02 
 2.54800000e-08  2.94066182e-02 
 2.55000000e-08  2.99697550e-02 
 2.55200000e-08  3.05280324e-02 
 2.55400000e-08  3.10813647e-02 
 2.55600000e-08  3.16296668e-02 
 2.55800000e-08  3.21728548e-02 
 2.56000000e-08  3.27108458e-02 
 2.56200000e-08  3.32435576e-02 
 2.56400000e-08  3.37709093e-02 
 2.56600000e-08  3.42928209e-02 
 2.56800000e-08  3.48092134e-02 
 2.57000000e-08  3.53200089e-02 
 2.57200000e-08  3.58251302e-02 
 2.57400000e-08  3.63245016e-02 
 2.57600000e-08  3.68180482e-02 
 2.57800000e-08  3.73056960e-02 
 2.58000000e-08  3.77873724e-02 
 2.58200000e-08  3.82630056e-02 
 2.58400000e-08  3.87325250e-02 
 2.58600000e-08  3.91958609e-02 
 2.58800000e-08  3.96529449e-02 
 2.59000000e-08  4.01037095e-02 
 2.59200000e-08  4.05480884e-02 
 2.59400000e-08  4.09860162e-02 
 2.59600000e-08  4.14174288e-02 
 2.59800000e-08  4.18422632e-02 
 2.60000000e-08  4.22604572e-02 
 2.60200000e-08  4.26719501e-02 
 2.60400000e-08  4.30766820e-02 
 2.60600000e-08  4.34745943e-02 
 2.60800000e-08  4.38656293e-02 
 2.61000000e-08  4.42497305e-02 
 2.61200000e-08  4.46268427e-02 
 2.61400000e-08  4.49969115e-02 
 2.61600000e-08  4.53598837e-02 
 2.61800000e-08  4.57157074e-02 
 2.62000000e-08  4.60643316e-02 
 2.62200000e-08  4.64057065e-02 
 2.62400000e-08  4.67397834e-02 
 2.62600000e-08  4.70665147e-02 
 2.62800000e-08  4.73858540e-02 
 2.63000000e-08  4.76977557e-02 
 2.63200000e-08  4.80021759e-02 
 2.63400000e-08  4.82990711e-02 
 2.63600000e-08  4.85883996e-02 
 2.63800000e-08  4.88701203e-02 
 2.64000000e-08  4.91441935e-02 
 2.64200000e-08  4.94105804e-02 
 2.64400000e-08  4.96692436e-02 
 2.64600000e-08  4.99201465e-02 
 2.64800000e-08  5.01632537e-02 
 2.65000000e-08  5.03985311e-02 
 2.65200000e-08  5.06259456e-02 
 2.65400000e-08  5.08454650e-02 
 2.65600000e-08  5.10570585e-02 
 2.65800000e-08  5.12606962e-02 
 2.66000000e-08  5.14563495e-02 
 2.66200000e-08  5.16439907e-02 
 2.66400000e-08  5.18235934e-02 
 2.66600000e-08  5.19951321e-02 
 2.66800000e-08  5.21585827e-02 
 2.67000000e-08  5.23139218e-02 
 2.67200000e-08  5.24611274e-02 
 2.67400000e-08  5.26001786e-02 
 2.67600000e-08  5.27310555e-02 
 2.67800000e-08  5.28537392e-02 
 2.68000000e-08  5.29682122e-02 
 2.68200000e-08  5.30744579e-02 
 2.68400000e-08  5.31724608e-02 
 2.68600000e-08  5.32622065e-02 
 2.68800000e-08  5.33436818e-02 
 2.69000000e-08  5.34168746e-02 
 2.69200000e-08  5.34817738e-02 
 2.69400000e-08  5.35383695e-02 
 2.69600000e-08  5.35866528e-02 
 2.69800000e-08  5.36266160e-02 
 2.70000000e-08  5.36582526e-02 
 2.70200000e-08  5.36815570e-02 
 2.70400000e-08  5.36965248e-02 
 2.70600000e-08  5.37031527e-02 
 2.70800000e-08  5.37014387e-02 
 2.71000000e-08  5.36913816e-02 
 2.71200000e-08  5.36729815e-02 
 2.71400000e-08  5.36462397e-02 
 2.71600000e-08  5.36111584e-02 
 2.71800000e-08  5.35677411e-02 
 2.72000000e-08  5.35159924e-02 
 2.72200000e-08  5.34559180e-02 
 2.72400000e-08  5.33875247e-02 
 2.72600000e-08  5.33108205e-02 
 2.72800000e-08  5.32258145e-02 
 2.73000000e-08  5.31325170e-02 
 2.73200000e-08  5.30309393e-02 
 2.73400000e-08  5.29210941e-02 
 2.73600000e-08  5.28029949e-02 
 2.73800000e-08  5.26766567e-02 
 2.74000000e-08  5.25420956e-02 
 2.74200000e-08  5.23993285e-02 
 2.74400000e-08  5.22483739e-02 
 2.74600000e-08  5.20892513e-02 
 2.74800000e-08  5.19219813e-02 
 2.75000000e-08  5.17465858e-02 
 2.75200000e-08  5.15630878e-02 
 2.75400000e-08  5.13715115e-02 
 2.75600000e-08  5.11718823e-02 
 2.75800000e-08  5.09642267e-02 
 2.76000000e-08  5.07485725e-02 
 2.76200000e-08  5.05249486e-02 
 2.76400000e-08  5.02933852e-02 
 2.76600000e-08  5.00539136e-02 
 2.76800000e-08  4.98065663e-02 
 2.77000000e-08  4.95513772e-02 
 2.77200000e-08  4.92883810e-02 
 2.77400000e-08  4.90176141e-02 
 2.77600000e-08  4.87391137e-02 
 2.77800000e-08  4.84529184e-02 
 2.78000000e-08  4.81590680e-02 
 2.78200000e-08  4.78576035e-02 
 2.78400000e-08  4.75485672e-02 
 2.78600000e-08  4.72320024e-02 
 2.78800000e-08  4.69079539e-02 
 2.79000000e-08  4.65764675e-02 
 2.79200000e-08  4.62375903e-02 
 2.79400000e-08  4.58913706e-02 
 2.79600000e-08  4.55378579e-02 
 2.79800000e-08  4.51771031e-02 
 2.80000000e-08  4.48091580e-02 
 2.80200000e-08  4.44340759e-02 
 2.80400000e-08  4.40519113e-02 
 2.80600000e-08  4.36627196e-02 
 2.80800000e-08  4.32665578e-02 
 2.81000000e-08  4.28634840e-02 
 2.81200000e-08  4.24535573e-02 
 2.81400000e-08  4.20368382e-02 
 2.81600000e-08  4.16133885e-02 
 2.81800000e-08  4.11832709e-02 
 2.82000000e-08  4.07465496e-02 
 2.82200000e-08  4.03032898e-02 
 2.82400000e-08  3.98535578e-02 
 2.82600000e-08  3.93974215e-02 
 2.82800000e-08  3.89349494e-02 
 2.83000000e-08  3.84662116e-02 
 2.83200000e-08  3.79912792e-02 
 2.83400000e-08  3.75102245e-02 
 2.83600000e-08  3.70231208e-02 
 2.83800000e-08  3.65300427e-02 
 2.84000000e-08  3.60310659e-02 
 2.84200000e-08  3.55262672e-02 
 2.84400000e-08  3.50157245e-02 
 2.84600000e-08  3.44995168e-02 
 2.84800000e-08  3.39777242e-02 
 2.85000000e-08  3.34504278e-02 
 2.85200000e-08  3.29177100e-02 
 2.85400000e-08  3.23796540e-02 
 2.85600000e-08  3.18363441e-02 
 2.85800000e-08  3.12878658e-02 
 2.86000000e-08  3.07343054e-02 
 2.86200000e-08  3.01757503e-02 
 2.86400000e-08  2.96122890e-02 
 2.86600000e-08  2.90440107e-02 
 2.86800000e-08  2.84710059e-02 
 2.87000000e-08  2.78933657e-02 
 2.87200000e-08  2.73111824e-02 
 2.87400000e-08  2.67245492e-02 
 2.87600000e-08  2.61335599e-02 
 2.87800000e-08  2.55383095e-02 
 2.88000000e-08  2.49388939e-02 
 2.88200000e-08  2.43354095e-02 
 2.88400000e-08  2.37279538e-02 
 2.88600000e-08  2.31166250e-02 
 2.88800000e-08  2.25015222e-02 
 2.89000000e-08  2.18827452e-02 
 2.89200000e-08  2.12603944e-02 
 2.89400000e-08  2.06345713e-02 
 2.89600000e-08  2.00053777e-02 
 2.89800000e-08  1.93729164e-02 
 2.90000000e-08  1.87372906e-02 
 2.90200000e-08  1.80986044e-02 
 2.90400000e-08  1.74569624e-02 
 2.90600000e-08  1.68124698e-02 
 2.90800000e-08  1.61652324e-02 
 2.91000000e-08  1.55153566e-02 
 2.91200000e-08  1.48629491e-02 
 2.91400000e-08  1.42081175e-02 
 2.91600000e-08  1.35509697e-02 
 2.91800000e-08  1.28916139e-02 
 2.92000000e-08  1.22301590e-02 
 2.92200000e-08  1.15667141e-02 
 2.92400000e-08  1.09013890e-02 
 2.92600000e-08  1.02342935e-02 
 2.92800000e-08  9.56553804e-03 
 2.93000000e-08  8.89523319e-03 
 2.93200000e-08  8.22348991e-03 
 2.93400000e-08  7.55041940e-03 
 2.93600000e-08  6.87613314e-03 
 2.93800000e-08  6.20074279e-03 
 2.94000000e-08  5.52436023e-03 
 2.94200000e-08  4.84709752e-03 
 2.94400000e-08  4.16906684e-03 
 2.94600000e-08  3.49038052e-03 
 2.94800000e-08  2.81115096e-03 
 2.95000000e-08  2.13149066e-03 
 2.95200000e-08  1.45151215e-03 
 2.95400000e-08  7.71327979e-04 
 2.95600000e-08  9.10507076e-05 
 2.95800000e-08 -5.89207142e-04 
 2.96000000e-08 -1.26933310e-03 
 2.96200000e-08 -1.94921476e-03 
 2.96400000e-08 -2.62873985e-03 
 2.96600000e-08 -3.30779618e-03 
 2.96800000e-08 -3.98627175e-03 
 2.97000000e-08 -4.66405471e-03 
 2.97200000e-08 -5.34103343e-03 
 2.97400000e-08 -6.01709648e-03 
 2.97600000e-08 -6.69213269e-03 
 2.97800000e-08 -7.36603116e-03 
 2.98000000e-08 -8.03868128e-03 
 2.98200000e-08 -8.70997277e-03 
 2.98400000e-08 -9.37979567e-03 
 2.98600000e-08 -1.00480404e-02 
 2.98800000e-08 -1.07145977e-02 
 2.99000000e-08 -1.13793589e-02 
 2.99200000e-08 -1.20422156e-02 
 2.99400000e-08 -1.27030598e-02 
 2.99600000e-08 -1.33617841e-02 
 2.99800000e-08 -1.40182815e-02 
 3.00000000e-08 -1.46724457e-02 
 3.00200000e-08 -1.53241708e-02 
 3.00400000e-08 -1.59733513e-02 
 3.00600000e-08 -1.66198825e-02 
 3.00800000e-08 -1.72636604e-02 
 3.01000000e-08 -1.79045812e-02 
 3.01200000e-08 -1.85425421e-02 
 3.01400000e-08 -1.91774408e-02 
 3.01600000e-08 -1.98091758e-02 
 3.01800000e-08 -2.04376460e-02 
 3.02000000e-08 -2.10627514e-02 
 3.02200000e-08 -2.16843924e-02 
 3.02400000e-08 -2.23024702e-02 
 3.02600000e-08 -2.29168870e-02 
 3.02800000e-08 -2.35275454e-02 
 3.03000000e-08 -2.41343491e-02 
 3.03200000e-08 -2.47372025e-02 
 3.03400000e-08 -2.53360107e-02 
 3.03600000e-08 -2.59306797e-02 
 3.03800000e-08 -2.65211165e-02 
 3.04000000e-08 -2.71072288e-02 
 3.04200000e-08 -2.76889251e-02 
 3.04400000e-08 -2.82661151e-02 
 3.04600000e-08 -2.88387090e-02 
 3.04800000e-08 -2.94066182e-02 
 3.05000000e-08 -2.99697550e-02 
 3.05200000e-08 -3.05280324e-02 
 3.05400000e-08 -3.10813647e-02 
 3.05600000e-08 -3.16296668e-02 
 3.05800000e-08 -3.21728548e-02 
 3.06000000e-08 -3.27108458e-02 
 3.06200000e-08 -3.32435576e-02 
 3.06400000e-08 -3.37709093e-02 
 3.06600000e-08 -3.42928209e-02 
 3.06800000e-08 -3.48092134e-02 
 3.07000000e-08 -3.53200089e-02 
 3.07200000e-08 -3.58251302e-02 
 3.07400000e-08 -3.63245016e-02 
 3.07600000e-08 -3.68180482e-02 
 3.07800000e-08 -3.73056960e-02 
 3.08000000e-08 -3.77873724e-02 
 3.08200000e-08 -3.82630056e-02 
 3.08400000e-08 -3.87325250e-02 
 3.08600000e-08 -3.91958609e-02 
 3.08800000e-08 -3.96529449e-02 
 3.09000000e-08 -4.01037095e-02 
 3.09200000e-08 -4.05480884e-02 
 3.09400000e-08 -4.09860162e-02 
 3.09600000e-08 -4.14174288e-02 
 3.09800000e-08 -4.18422632e-02 
 3.10000000e-08 -4.22604572e-02 
 3.10200000e-08 -4.26719501e-02 
 3.10400000e-08 -4.30766820e-02 
 3.10600000e-08 -4.34745943e-02 
 3.10800000e-08 -4.38656293e-02 
 3.11000000e-08 -4.42497305e-02 
 3.11200000e-08 -4.46268427e-02 
 3.11400000e-08 -4.49969115e-02 
 3.11600000e-08 -4.53598837e-02 
 3.11800000e-08 -4.57157074e-02 
 3.12000000e-08 -4.60643316e-02 
 3.12200000e-08 -4.64057065e-02 
 3.12400000e-08 -4.67397834e-02 
 3.12600000e-08 -4.70665147e-02 
 3.12800000e-08 -4.73858540e-02 
 3.13000000e-08 -4.76977557e-02 
 3.13200000e-08 -4.80021759e-02 
 3.13400000e-08 -4.82990711e-02 
 3.13600000e-08 -4.85883996e-02 
 3.13800000e-08 -4.88701203e-02 
 3.14000000e-08 -4.91441935e-02 
 3.14200000e-08 -4.94105804e-02 
 3.14400000e-08 -4.96692436e-02 
 3.14600000e-08 -4.99201465e-02 
 3.14800000e-08 -5.01632537e-02 
 3.15000000e-08 -5.03985311e-02 
 3.15200000e-08 -5.06259456e-02 
 3.15400000e-08 -5.08454650e-02 
 3.15600000e-08 -5.10570585e-02 
 3.15800000e-08 -5.12606962e-02 
 3.16000000e-08 -5.14563495e-02 
 3.16200000e-08 -5.16439907e-02 
 3.16400000e-08 -5.18235934e-02 
 3.16600000e-08 -5.19951321e-02 
 3.16800000e-08 -5.21585827e-02 
 3.17000000e-08 -5.23139218e-02 
 3.17200000e-08 -5.24611274e-02 
 3.17400000e-08 -5.26001786e-02 
 3.17600000e-08 -5.27310555e-02 
 3.17800000e-08 -5.28537392e-02 
 3.18000000e-08 -5.29682122e-02 
 3.18200000e-08 -5.30744579e-02 
 3.18400000e-08 -5.31724608e-02 
 3.18600000e-08 -5.32622065e-02 
 3.18800000e-08 -5.33436818e-02 
 3.19000000e-08 -5.34168746e-02 
 3.19200000e-08 -5.34817738e-02 
 3.19400000e-08 -5.35383695e-02 
 3.19600000e-08 -5.35866528e-02 
 3.19800000e-08 -5.36266160e-02 
 3.20000000e-08 -5.36582526e-02 
 3.20200000e-08 -5.36815570e-02 
 3.20400000e-08 -5.36965248e-02 
 3.20600000e-08 -5.37031527e-02 
 3.20800000e-08 -5.37014387e-02 
 3.21000000e-08 -5.36913816e-02 
 3.21200000e-08 -5.36729815e-02 
 3.21400000e-08 -5.36462397e-02 
 3.21600000e-08 -5.36111584e-02 
 3.21800000e-08 -5.35677411e-02 
 3.22000000e-08 -5.35159924e-02 
 3.22200000e-08 -5.34559180e-02 
 3.22400000e-08 -5.33875247e-02 
 3.22600000e-08 -5.33108205e-02 
 3.22800000e-08 -5.32258145e-02 
 3.23000000e-08 -5.31325170e-02 
 3.23200000e-08 -5.30309393e-02 
 3.23400000e-08 -5.29210940e-02 
 3.23600000e-08 -5.28029949e-02 
 3.23800000e-08 -5.26766567e-02 
 3.24000000e-08 -5.25420956e-02 
 3.24200000e-08 -5.23993285e-02 
 3.24400000e-08 -5.22483739e-02 
 3.24600000e-08 -5.20892513e-02 
 3.24800000e-08 -5.19219813e-02 
 3.25000000e-08 -5.17465858e-02 
 3.25200000e-08 -5.15630878e-02 
 3.25400000e-08 -5.13715115e-02 
 3.25600000e-08 -5.11718823e-02 
 3.25800000e-08 -5.09642267e-02 
 3.26000000e-08 -5.07485725e-02 
 3.26200000e-08 -5.05249486e-02 
 3.26400000e-08 -5.02933852e-02 
 3.26600000e-08 -5.00539136e-02 
 3.26800000e-08 -4.98065663e-02 
 3.27000000e-08 -4.95513772e-02 
 3.27200000e-08 -4.92883810e-02 
 3.27400000e-08 -4.90176141e-02 
 3.27600000e-08 -4.87391137e-02 
 3.27800000e-08 -4.84529184e-02 
 3.28000000e-08 -4.81590680e-02 
 3.28200000e-08 -4.78576035e-02 
 3.28400000e-08 -4.75485672e-02 
 3.28600000e-08 -4.72320024e-02 
 3.28800000e-08 -4.69079539e-02 
 3.29000000e-08 -4.65764675e-02 
 3.29200000e-08 -4.62375903e-02 
 3.29400000e-08 -4.58913706e-02 
 3.29600000e-08 -4.55378579e-02 
 3.29800000e-08 -4.51771031e-02 
 3.30000000e-08 -4.48091580e-02 
 3.30200000e-08 -4.44340759e-02 
 3.30400000e-08 -4.40519113e-02 
 3.30600000e-08 -4.36627196e-02 
 3.30800000e-08 -4.32665578e-02 
 3.31000000e-08 -4.28634840e-02 
 3.31200000e-08 -4.24535573e-02 
 3.31400000e-08 -4.20368382e-02 
 3.31600000e-08 -4.16133885e-02 
 3.31800000e-08 -4.11832709e-02 
 3.32000000e-08 -4.07465496e-02 
 3.32200000e-08 -4.03032898e-02 
 3.32400000e-08 -3.98535578e-02 
 3.32600000e-08 -3.93974215e-02 
 3.32800000e-08 -3.89349494e-02 
 3.33000000e-08 -3.84662116e-02 
 3.33200000e-08 -3.79912792e-02 
 3.33400000e-08 -3.75102245e-02 
 3.33600000e-08 -3.70231208e-02 
 3.33800000e-08 -3.65300427e-02 
 3.34000000e-08 -3.60310659e-02 
 3.34200000e-08 -3.55262672e-02 
 3.34400000e-08 -3.50157245e-02 
 3.34600000e-08 -3.44995168e-02 
 3.34800000e-08 -3.39777242e-02 
 3.35000000e-08 -3.34504278e-02 
 3.35200000e-08 -3.29177100e-02 
 3.35400000e-08 -3.23796540e-02 
 3.35600000e-08 -3.18363441e-02 
 3.35800000e-08 -3.12878658e-02 
 3.36000000e-08 -3.07343054e-02 
 3.36200000e-08 -3.01757503e-02 
 3.36400000e-08 -2.96122890e-02 
 3.36600000e-08 -2.90440107e-02 
 3.36800000e-08 -2.84710059e-02 
 3.37000000e-08 -2.78933657e-02 
 3.37200000e-08 -2.73111824e-02 
 3.37400000e-08 -2.67245492e-02 
 3.37600000e-08 -2.61335599e-02 
 3.37800000e-08 -2.55383095e-02 
 3.38000000e-08 -2.49388939e-02 
 3.38200000e-08 -2.43354095e-02 
 3.38400000e-08 -2.37279538e-02 
 3.38600000e-08 -2.31166250e-02 
 3.38800000e-08 -2.25015222e-02 
 3.39000000e-08 -2.18827452e-02 
 3.39200000e-08 -2.12603944e-02 
 3.39400000e-08 -2.06345713e-02 
 3.39600000e-08 -2.00053777e-02 
 3.39800000e-08 -1.93729164e-02 
 3.40000000e-08 -1.87372906e-02 
 3.40200000e-08 -1.80986044e-02 
 3.40400000e-08 -1.74569624e-02 
 3.40600000e-08 -1.68124698e-02 
 3.40800000e-08 -1.61652324e-02 
 3.41000000e-08 -1.55153566e-02 
 3.41200000e-08 -1.48629491e-02 
 3.41400000e-08 -1.42081175e-02 
 3.41600000e-08 -1.35509697e-02 
 3.41800000e-08 -1.28916139e-02 
 3.42000000e-08 -1.22301590e-02 
 3.42200000e-08 -1.15667141e-02 
 3.42400000e-08 -1.09013890e-02 
 3.42600000e-08 -1.02342935e-02 
 3.42800000e-08 -9.56553804e-03 
 3.43000000e-08 -8.89523319e-03 
 3.43200000e-08 -8.22348991e-03 
 3.43400000e-08 -7.55041940e-03 
 3.43600000e-08 -6.87613314e-03 
 3.43800000e-08 -6.20074279e-03 
 3.44000000e-08 -5.52436023e-03 
 3.44200000e-08 -4.84709752e-03 
 3.44400000e-08 -4.16906684e-03 
 3.44600000e-08 -3.49038052e-03 
 3.44800000e-08 -2.81115096e-03 
 3.45000000e-08 -2.13149066e-03 
 3.45200000e-08 -1.45151215e-03 
 3.45400000e-08 -7.71327979e-04 
 3.45600000e-08 -9.10507071e-05 
 3.45800000e-08  5.89207142e-04 
 3.46000000e-08  1.26933310e-03 
 3.46200000e-08  1.94921476e-03 
 3.46400000e-08  2.62873985e-03 
 3.46600000e-08  3.30779618e-03 
 3.46800000e-08  3.98627175e-03 
 3.47000000e-08  4.66405471e-03 
 3.47200000e-08  5.34103343e-03 
 3.47400000e-08  6.01709648e-03 
 3.47600000e-08  6.69213269e-03 
 3.47800000e-08  7.36603116e-03 
 3.48000000e-08  8.03868128e-03 
 3.48200000e-08  8.70997277e-03 
 3.48400000e-08  9.37979567e-03 
 3.48600000e-08  1.00480404e-02 
 3.48800000e-08  1.07145977e-02 
 3.49000000e-08  1.13793589e-02 
 3.49200000e-08  1.20422156e-02 
 3.49400000e-08  1.27030598e-02 
 3.49600000e-08  1.33617841e-02 
 3.49800000e-08  1.40182815e-02 
 3.50000000e-08  1.46724457e-02 
 3.50200000e-08  1.53241708e-02 
 3.50400000e-08  1.59733513e-02 
 3.50600000e-08  1.66198825e-02 
 3.50800000e-08  1.72636604e-02 
 3.51000000e-08  1.79045812e-02 
 3.51200000e-08  1.85425421e-02 
 3.51400000e-08  1.91774408e-02 
 3.51600000e-08  1.98091758e-02 
 3.51800000e-08  2.04376460e-02 
 3.52000000e-08  2.10627514e-02 
 3.52200000e-08  2.16843924e-02 
 3.52400000e-08  2.23024702e-02 
 3.52600000e-08  2.29168870e-02 
 3.52800000e-08  2.35275454e-02 
 3.53000000e-08  2.41343491e-02 
 3.53200000e-08  2.47372025e-02 
 3.53400000e-08  2.53360107e-02 
 3.53600000e-08  2.59306797e-02 
 3.53800000e-08  2.65211165e-02 
 3.54000000e-08  2.71072288e-02 
 3.54200000e-08  2.76889251e-02 
 3.54400000e-08  2.82661151e-02 
 3.54600000e-08  2.88387090e-02 
 3.54800000e-08  2.94066182e-02 
 3.55000000e-08  2.99697550e-02 
 3.55200000e-08  3.05280324e-02 
 3.55400000e-08  3.10813647e-02 
 3.55600000e-08  3.16296668e-02 
 3.55800000e-08  3.21728548e-02 
 3.56000000e-08  3.27108458e-02 
 3.56200000e-08  3.32435576e-02 
 3.56400000e-08  3.37709093e-02 
 3.56600000e-08  3.42928209e-02 
 3.56800000e-08  3.48092134e-02 
 3.57000000e-08  3.53200089e-02 
 3.57200000e-08  3.58251302e-02 
 3.57400000e-08  3.63245016e-02 
 3.57600000e-08  3.68180482e-02 
 3.57800000e-08  3.73056960e-02 
 3.58000000e-08  3.77873724e-02 
 3.58200000e-08  3.82630056e-02 
 3.58400000e-08  3.87325250e-02 
 3.58600000e-08  3.91958609e-02 
 3.58800000e-08  3.96529449e-02 
 3.59000000e-08  4.01037095e-02 
 3.59200000e-08  4.05480884e-02 
 3.59400000e-08  4.09860162e-02 
 3.59600000e-08  4.14174288e-02 
 3.59800000e-08  4.18422632e-02 
 3.60000000e-08  4.22604572e-02 
 3.60200000e-08  4.26719501e-02 
 3.60400000e-08  4.30766820e-02 
 3.60600000e-08  4.34745943e-02 
 3.60800000e-08  4.38656293e-02 
 3.61000000e-08  4.42497305e-02 
 3.61200000e-08  4.46268427e-02 
 3.61400000e-08  4.49969115e-02 
 3.61600000e-08  4.53598837e-02 
 3.61800000e-08  4.57157074e-02 
 3.62000000e-08  4.60643316e-02 
 3.62200000e-08  4.64057065e-02 
 3.62400000e-08  4.67397834e-02 
 3.62600000e-08  4.70665147e-02 
 3.62800000e-08  4.73858540e-02 
 3.63000000e-08  4.76977557e-02 
 3.63200000e-08  4.80021759e-02 
 3.63400000e-08  4.82990711e-02 
 3.63600000e-08  4.85883996e-02 
 3.63800000e-08  4.88701203e-02 
 3.64000000e-08  4.91441935e-02 
 3.64200000e-08  4.94105804e-02 
 3.64400000e-08  4.96692436e-02 
 3.64600000e-08  4.99201465e-02 
 3.64800000e-08  5.01632537e-02 
 3.65000000e-08  5.03985311e-02 
 3.65200000e-08  5.06259456e-02 
 3.65400000e-08  5.08454650e-02 
 3.65600000e-08  5.10570585e-02 
 3.65800000e-08  5.12606962e-02 
 3.66000000e-08  5.14563495e-02 
 3.66200000e-08  5.16439907e-02 
 3.66400000e-08  5.18235934e-02 
 3.66600000e-08  5.19951321e-02 
 3.66800000e-08  5.21585827e-02 
 3.67000000e-08  5.23139218e-02 
 3.67200000e-08  5.24611274e-02 
 3.67400000e-08  5.26001786e-02 
 3.67600000e-08  5.27310555e-02 
 3.67800000e-08  5.28537392e-02 
 3.68000000e-08  5.29682122e-02 
 3.68200000e-08  5.30744579e-02 
 3.68400000e-08  5.31724608e-02 
 3.68600000e-08  5.32622065e-02 
 3.68800000e-08  5.33436818e-02 
 3.69000000e-08  5.34168746e-02 
 3.69200000e-08  5.34817738e-02 
 3.69400000e-08  5.35383695e-02 
 3.69600000e-08  5.35866528e-02 
 3.69800000e-08  5.36266160e-02 
 3.70000000e-08  5.36582526e-02 
 3.70200000e-08  5.36815570e-02 
 3.70400000e-08  5.36965248e-02 
 3.70600000e-08  5.37031527e-02 
 3.70800000e-08  5.37014387e-02 
 3.71000000e-08  5.36913816e-02 
 3.71200000e-08  5.36729815e-02 
 3.71400000e-08  5.36462397e-02 
 3.71600000e-08  5.36111584e-02 
 3.71800000e-08  5.35677411e-02 
 3.72000000e-08  5.35159924e-02 
 3.72200000e-08  5.34559180e-02 
 3.72400000e-08  5.33875247e-02 
 3.72600000e-08  5.33108205e-02 
 3.72800000e-08  5.32258145e-02 
 3.73000000e-08  5.31325170e-02 
 3.73200000e-08  5.30309393e-02 
 3.73400000e-08  5.29210940e-02 
 3.73600000e-08  5.28029949e-02 
 3.73800000e-08  5.26766567e-02 
 3.74000000e-08  5.25420956e-02 
 3.74200000e-08  5.23993285e-02 
 3.74400000e-08  5.22483739e-02 
 3.74600000e-08  5.20892513e-02 
 3.74800000e-08  5.19219813e-02 
 3.75000000e-08  5.17465858e-02 
 3.75200000e-08  5.15630878e-02 
 3.75400000e-08  5.13715115e-02 
 3.75600000e-08  5.11718823e-02 
 3.75800000e-08  5.09642267e-02 
 3.76000000e-08  5.07485725e-02 
 3.76200000e-08  5.05249486e-02 
 3.76400000e-08  5.02933852e-02 
 3.76600000e-08  5.00539136e-02 
 3.76800000e-08  4.98065663e-02 
 3.77000000e-08  4.95513772e-02 
 3.77200000e-08  4.92883810e-02 
 3.77400000e-08  4.90176141e-02 
 3.77600000e-08  4.87391137e-02 
 3.77800000e-08  4.84529184e-02 
 3.78000000e-08  4.81590680e-02 
 3.78200000e-08  4.78576035e-02 
 3.78400000e-08  4.75485672e-02 
 3.78600000e-08  4.72320024e-02 
 3.78800000e-08  4.69079539e-02 
 3.79000000e-08  4.65764675e-02 
 3.79200000e-08  4.62375903e-02 
 3.79400000e-08  4.58913706e-02 
 3.79600000e-08  4.55378579e-02 
 3.79800000e-08  4.51771031e-02 
 3.80000000e-08  4.48091580e-02 
 3.80200000e-08  4.44340759e-02 
 3.80400000e-08  4.40519113e-02 
 3.80600000e-08  4.36627196e-02 
 3.80800000e-08  4.32665578e-02 
 3.81000000e-08  4.28634840e-02 
 3.81200000e-08  4.24535573e-02 
 3.81400000e-08  4.20368382e-02 
 3.81600000e-08  4.16133885e-02 
 3.81800000e-08  4.11832709e-02 
 3.82000000e-08  4.07465496e-02 
 3.82200000e-08  4.03032898e-02 
 3.82400000e-08  3.98535578e-02 
 3.82600000e-08  3.93974215e-02 
 3.82800000e-08  3.89349494e-02 
 3.83000000e-08  3.84662116e-02 
 3.83200000e-08  3.79912792e-02 
 3.83400000e-08  3.75102245e-02 
 3.83600000e-08  3.70231208e-02 
 3.83800000e-08  3.65300427e-02 
 3.84000000e-08  3.60310659e-02 
 3.84200000e-08  3.55262672e-02 
 3.84400000e-08  3.50157245e-02 
 3.84600000e-08  3.44995168e-02 
 3.84800000e-08  3.39777242e-02 
 3.85000000e-08  3.34504278e-02 
 3.85200000e-08  3.29177100e-02 
 3.85400000e-08  3.23796540e-02 
 3.85600000e-08  3.18363441e-02 
 3.85800000e-08  3.12878658e-02 
 3.86000000e-08  3.07343054e-02 
 3.86200000e-08  3.01757503e-02 
 3.86400000e-08  2.96122890e-02 
 3.86600000e-08  2.90440107e-02 
 3.86800000e-08  2.84710059e-02 
 3.87000000e-08  2.78933657e-02 
 3.87200000e-08  2.73111824e-02 
 3.87400000e-08  2.67245492e-02 
 3.87600000e-08  2.61335599e-02 
 3.87800000e-08  2.55383095e-02 
 3.88000000e-08  2.49388939e-02 
 3.88200000e-08  2.43354095e-02 
 3.88400000e-08  2.37279538e-02 
 3.88600000e-08  2.31166250e-02 
 3.88800000e-08  2.25015222e-02 
 3.89000000e-08  2.18827452e-02 
 3.89200000e-08  2.12603944e-02 
 3.89400000e-08  2.06345713e-02 
 3.89600000e-08  2.00053777e-02 
 3.89800000e-08  1.93729164e-02 
 3.90000000e-08  1.87372906e-02 
 3.90200000e-08  1.80986044e-02 
 3.90400000e-08  1.74569624e-02 
 3.90600000e-08  1.68124698e-02 
 3.90800000e-08  1.61652324e-02 
 3.91000000e-08  1.55153566e-02 
 3.91200000e-08  1.48629491e-02 
 3.91400000e-08  1.42081175e-02 
 3.91600000e-08  1.35509697e-02 
 3.91800000e-08  1.28916139e-02 
 3.92000000e-08  1.22301590e-02 
 3.92200000e-08  1.15667141e-02 
 3.92400000e-08  1.09013890e-02 
 3.92600000e-08  1.02342935e-02 
 3.92800000e-08  9.56553804e-03 
 3.93000000e-08  8.89523319e-03 
 3.93200000e-08  8.22348991e-03 
 3.93400000e-08  7.55041940e-03 
 3.93600000e-08  6.87613314e-03 
 3.93800000e-08  6.20074279e-03 
 3.94000000e-08  5.52436023e-03 
 3.94200000e-08  4.84709752e-03 
 3.94400000e-08  4.16906684e-03 
 3.94600000e-08  3.49038052e-03 
 3.94800000e-08  2.81115096e-03 
 3.95000000e-08  2.13149066e-03 
 3.95200000e-08  1.45151215e-03 
 3.95400000e-08  7.71327979e-04 
 3.95600000e-08  9.10507070e-05 
 3.95800000e-08 -5.89207142e-04 
 3.96000000e-08 -1.26933310e-03 
 3.96200000e-08 -1.94921476e-03 
 3.96400000e-08 -2.62873985e-03 
 3.96600000e-08 -3.30779618e-03 
 3.96800000e-08 -3.98627175e-03 
 3.97000000e-08 -4.66405471e-03 
 3.97200000e-08 -5.34103343e-03 
 3.97400000e-08 -6.01709648e-03 
 3.97600000e-08 -6.69213269e-03 
 3.97800000e-08 -7.36603116e-03 
 3.98000000e-08 -8.03868128e-03 
 3.98200000e-08 -8.70997277e-03 
 3.98400000e-08 -9.37979567e-03 
 3.98600000e-08 -1.00480404e-02 
 3.98800000e-08 -1.07145977e-02 
 3.99000000e-08 -1.13793589e-02 
 3.99200000e-08 -1.20422156e-02 
 3.99400000e-08 -1.27030598e-02 
 3.99600000e-08 -1.33617841e-02 
 3.99800000e-08 -1.40182815e-02 
 4.00000000e-08 -1.46724457e-02 
 4.00200000e-08 -1.53241708e-02 
 4.00400000e-08 -1.59733513e-02 
 4.00600000e-08 -1.66198825e-02 
 4.00800000e-08 -1.72636604e-02 
 4.01000000e-08 -1.79045812e-02 
 4.01200000e-08 -1.85425421e-02 
 4.01400000e-08 -1.91774408e-02 
 4.01600000e-08 -1.98091758e-02 
 4.01800000e-08 -2.04376460e-02 
 4.02000000e-08 -2.10627514e-02 
 4.02200000e-08 -2.16843924e-02 
 4.02400000e-08 -2.23024702e-02 
 4.02600000e-08 -2.29168870e-02 
 4.02800000e-08 -2.35275454e-02 
 4.03000000e-08 -2.41343491e-02 
 4.03200000e-08 -2.47372025e-02 
 4.03400000e-08 -2.53360107e-02 
 4.03600000e-08 -2.59306797e-02 
 4.03800000e-08 -2.65211165e-02 
 4.04000000e-08 -2.71072288e-02 
 4.04200000e-08 -2.76889251e-02 
 4.04400000e-08 -2.82661151e-02 
 4.04600000e-08 -2.88387090e-02 
 4.04800000e-08 -2.94066182e-02 
 4.05000000e-08 -2.99697550e-02 
 4.05200000e-08 -3.05280324e-02 
 4.05400000e-08 -3.10813647e-02 
 4.05600000e-08 -3.16296668e-02 
 4.05800000e-08 -3.21728548e-02 
 4.06000000e-08 -3.27108458e-02 
 4.06200000e-08 -3.32435576e-02 
 4.06400000e-08 -3.37709093e-02 
 4.06600000e-08 -3.42928209e-02 
 4.06800000e-08 -3.48092134e-02 
 4.07000000e-08 -3.53200089e-02 
 4.07200000e-08 -3.58251302e-02 
 4.07400000e-08 -3.63245016e-02 
 4.07600000e-08 -3.68180482e-02 
 4.07800000e-08 -3.73056960e-02 
 4.08000000e-08 -3.77873724e-02 
 4.08200000e-08 -3.82630056e-02 
 4.08400000e-08 -3.87325250e-02 
 4.08600000e-08 -3.91958609e-02 
 4.08800000e-08 -3.96529449e-02 
 4.09000000e-08 -4.01037095e-02 
 4.09200000e-08 -4.05480884e-02 
 4.09400000e-08 -4.09860162e-02 
 4.09600000e-08 -4.14174288e-02 
 4.09800000e-08 -4.18422632e-02 
 4.10000000e-08 -4.22604572e-02 
 4.10200000e-08 -4.26719501e-02 
 4.10400000e-08 -4.30766820e-02 
 4.10600000e-08 -4.34745943e-02 
 4.10800000e-08 -4.38656293e-02 
 4.11000000e-08 -4.42497305e-02 
 4.11200000e-08 -4.46268427e-02 
 4.11400000e-08 -4.49969115e-02 
 4.11600000e-08 -4.53598837e-02 
 4.11800000e-08 -4.57157074e-02 
 4.12000000e-08 -4.60643316e-02 
 4.12200000e-08 -4.64057065e-02 
 4.12400000e-08 -4.67397834e-02 
 4.12600000e-08 -4.70665147e-02 
 4.12800000e-08 -4.73858540e-02 
 4.13000000e-08 -4.76977557e-02 
 4.13200000e-08 -4.80021759e-02 
 4.13400000e-08 -4.82990711e-02 
 4.13600000e-08 -4.85883996e-02 
 4.13800000e-08 -4.88701203e-02 
 4.14000000e-08 -4.91441935e-02 
 4.14200000e-08 -4.94105804e-02 
 4.14400000e-08 -4.96692436e-02 
 4.14600000e-08 -4.99201465e-02 
 4.14800000e-08 -5.01632537e-02 
 4.15000000e-08 -5.03985311e-02 
 4.15200000e-08 -5.06259456e-02 
 4.15400000e-08 -5.08454650e-02 
 4.15600000e-08 -5.10570585e-02 
 4.15800000e-08 -5.12606962e-02 
 4.16000000e-08 -5.14563495e-02 
 4.16200000e-08 -5.16439907e-02 
 4.16400000e-08 -5.18235934e-02 
 4.16600000e-08 -5.19951321e-02 
 4.16800000e-08 -5.21585827e-02 
 4.17000000e-08 -5.23139218e-02 
 4.17200000e-08 -5.24611274e-02 
 4.17400000e-08 -5.26001786e-02 
 4.17600000e-08 -5.27310555e-02 
 4.17800000e-08 -5.28537392e-02 
 4.18000000e-08 -5.29682122e-02 
 4.18200000e-08 -5.30744579e-02 
 4.18400000e-08 -5.31724608e-02 
 4.18600000e-08 -5.32622065e-02 
 4.18800000e-08 -5.33436818e-02 
 4.19000000e-08 -5.34168746e-02 
 4.19200000e-08 -5.34817738e-02 
 4.19400000e-08 -5.35383695e-02 
 4.19600000e-08 -5.35866528e-02 
 4.19800000e-08 -5.36266160e-02 
 4.20000000e-08 -5.36582526e-02 
 4.20200000e-08 -5.36815570e-02 
 4.20400000e-08 -5.36965248e-02 
 4.20600000e-08 -5.37031527e-02 
 4.20800000e-08 -5.37014387e-02 
 4.21000000e-08 -5.36913816e-02 
 4.21200000e-08 -5.36729815e-02 
 4.21400000e-08 -5.36462397e-02 
 4.21600000e-08 -5.36111584e-02 
 4.21800000e-08 -5.35677411e-02 
 4.22000000e-08 -5.35159924e-02 
 4.22200000e-08 -5.34559180e-02 
 4.22400000e-08 -5.33875247e-02 
 4.22600000e-08 -5.33108205e-02 
 4.22800000e-08 -5.32258145e-02 
 4.23000000e-08 -5.31325170e-02 
 4.23200000e-08 -5.30309393e-02 
 4.23400000e-08 -5.29210941e-02 
 4.23600000e-08 -5.28029949e-02 
 4.23800000e-08 -5.26766567e-02 
 4.24000000e-08 -5.25420956e-02 
 4.24200000e-08 -5.23993285e-02 
 4.24400000e-08 -5.22483739e-02 
 4.24600000e-08 -5.20892513e-02 
 4.24800000e-08 -5.19219813e-02 
 4.25000000e-08 -5.17465858e-02 
 4.25200000e-08 -5.15630878e-02 
 4.25400000e-08 -5.13715115e-02 
 4.25600000e-08 -5.11718823e-02 
 4.25800000e-08 -5.09642267e-02 
 4.26000000e-08 -5.07485725e-02 
 4.26200000e-08 -5.05249486e-02 
 4.26400000e-08 -5.02933852e-02 
 4.26600000e-08 -5.00539136e-02 
 4.26800000e-08 -4.98065663e-02 
 4.27000000e-08 -4.95513772e-02 
 4.27200000e-08 -4.92883810e-02 
 4.27400000e-08 -4.90176141e-02 
 4.27600000e-08 -4.87391137e-02 
 4.27800000e-08 -4.84529184e-02 
 4.28000000e-08 -4.81590680e-02 
 4.28200000e-08 -4.78576035e-02 
 4.28400000e-08 -4.75485672e-02 
 4.28600000e-08 -4.72320024e-02 
 4.28800000e-08 -4.69079539e-02 
 4.29000000e-08 -4.65764675e-02 
 4.29200000e-08 -4.62375903e-02 
 4.29400000e-08 -4.58913706e-02 
 4.29600000e-08 -4.55378579e-02 
 4.29800000e-08 -4.51771031e-02 
 4.30000000e-08 -4.48091580e-02 
 4.30200000e-08 -4.44340759e-02 
 4.30400000e-08 -4.40519113e-02 
 4.30600000e-08 -4.36627196e-02 
 4.30800000e-08 -4.32665578e-02 
 4.31000000e-08 -4.28634840e-02 
 4.31200000e-08 -4.24535573e-02 
 4.31400000e-08 -4.20368382e-02 
 4.31600000e-08 -4.16133885e-02 
 4.31800000e-08 -4.11832709e-02 
 4.32000000e-08 -4.07465496e-02 
 4.32200000e-08 -4.03032898e-02 
 4.32400000e-08 -3.98535578e-02 
 4.32600000e-08 -3.93974215e-02 
 4.32800000e-08 -3.89349494e-02 
 4.33000000e-08 -3.84662116e-02 
 4.33200000e-08 -3.79912792e-02 
 4.33400000e-08 -3.75102245e-02 
 4.33600000e-08 -3.70231208e-02 
 4.33800000e-08 -3.65300427e-02 
 4.34000000e-08 -3.60310659e-02 
 4.34200000e-08 -3.55262672e-02 
 4.34400000e-08 -3.50157245e-02 
 4.34600000e-08 -3.44995168e-02 
 4.34800000e-08 -3.39777242e-02 
 4.35000000e-08 -3.34504278e-02 
 4.35200000e-08 -3.29177100e-02 
 4.35400000e-08 -3.23796540e-02 
 4.35600000e-08 -3.18363441e-02 
 4.35800000e-08 -3.12878658e-02 
 4.36000000e-08 -3.07343054e-02 
 4.36200000e-08 -3.01757503e-02 
 4.36400000e-08 -2.96122890e-02 
 4.36600000e-08 -2.90440107e-02 
 4.36800000e-08 -2.84710059e-02 
 4.37000000e-08 -2.78933657e-02 
 4.37200000e-08 -2.73111824e-02 
 4.37400000e-08 -2.67245492e-02 
 4.37600000e-08 -2.61335599e-02 
 4.37800000e-08 -2.55383095e-02 
 4.38000000e-08 -2.49388939e-02 
 4.38200000e-08 -2.43354095e-02 
 4.38400000e-08 -2.37279538e-02 
 4.38600000e-08 -2.31166250e-02 
 4.38800000e-08 -2.25015222e-02 
 4.39000000e-08 -2.18827452e-02 
 4.39200000e-08 -2.12603944e-02 
 4.39400000e-08 -2.06345713e-02 
 4.39600000e-08 -2.00053777e-02 
 4.39800000e-08 -1.93729164e-02 
 4.40000000e-08 -1.87372906e-02 
 4.40200000e-08 -1.80986044e-02 
 4.40400000e-08 -1.74569624e-02 
 4.40600000e-08 -1.68124698e-02 
 4.40800000e-08 -1.61652324e-02 
 4.41000000e-08 -1.55153566e-02 
 4.41200000e-08 -1.48629491e-02 
 4.41400000e-08 -1.42081175e-02 
 4.41600000e-08 -1.35509697e-02 
 4.41800000e-08 -1.28916139e-02 
 4.42000000e-08 -1.22301590e-02 
 4.42200000e-08 -1.15667141e-02 
 4.42400000e-08 -1.09013890e-02 
 4.42600000e-08 -1.02342935e-02 
 4.42800000e-08 -9.56553804e-03 
 4.43000000e-08 -8.89523319e-03 
 4.43200000e-08 -8.22348991e-03 
 4.43400000e-08 -7.55041940e-03 
 4.43600000e-08 -6.87613314e-03 
 4.43800000e-08 -6.20074279e-03 
 4.44000000e-08 -5.52436023e-03 
 4.44200000e-08 -4.84709752e-03 
 4.44400000e-08 -4.16906684e-03 
 4.44600000e-08 -3.49038052e-03 
 4.44800000e-08 -2.81115096e-03 
 4.45000000e-08 -2.13149066e-03 
 4.45200000e-08 -1.45151215e-03 
 4.45400000e-08 -7.71327979e-04 
 4.45600000e-08 -9.10507074e-05 
 4.45800000e-08  5.89207143e-04 
 4.46000000e-08  1.26933310e-03 
 4.46200000e-08  1.94921476e-03 
 4.46400000e-08  2.62873985e-03 
 4.46600000e-08  3.30779618e-03 
 4.46800000e-08  3.98627175e-03 
 4.47000000e-08  4.66405472e-03 
 4.47200000e-08  5.34103343e-03 
 4.47400000e-08  6.01709648e-03 
 4.47600000e-08  6.69213269e-03 
 4.47800000e-08  7.36603116e-03 
 4.48000000e-08  8.03868128e-03 
 4.48200000e-08  8.70997277e-03 
 4.48400000e-08  9.37979567e-03 
 4.48600000e-08  1.00480404e-02 
 4.48800000e-08  1.07145977e-02 
 4.49000000e-08  1.13793589e-02 
 4.49200000e-08  1.20422156e-02 
 4.49400000e-08  1.27030598e-02 
 4.49600000e-08  1.33617841e-02 
 4.49800000e-08  1.40182815e-02 
 4.50000000e-08  1.46724457e-02 
 4.50200000e-08  1.53241708e-02 
 4.50400000e-08  1.59733513e-02 
 4.50600000e-08  1.66198825e-02 
 4.50800000e-08  1.72636604e-02 
 4.51000000e-08  1.79045812e-02 
 4.51200000e-08  1.85425421e-02 
 4.51400000e-08  1.91774408e-02 
 4.51600000e-08  1.98091758e-02 
 4.51800000e-08  2.04376460e-02 
 4.52000000e-08  2.10627514e-02 
 4.52200000e-08  2.16843924e-02 
 4.52400000e-08  2.23024702e-02 
 4.52600000e-08  2.29168870e-02 
 4.52800000e-08  2.35275454e-02 
 4.53000000e-08  2.41343491e-02 
 4.53200000e-08  2.47372025e-02 
 4.53400000e-08  2.53360107e-02 
 4.53600000e-08  2.59306797e-02 
 4.53800000e-08  2.65211165e-02 
 4.54000000e-08  2.71072288e-02 
 4.54200000e-08  2.76889251e-02 
 4.54400000e-08  2.82661151e-02 
 4.54600000e-08  2.88387090e-02 
 4.54800000e-08  2.94066182e-02 
 4.55000000e-08  2.99697550e-02 
 4.55200000e-08  3.05280324e-02 
 4.55400000e-08  3.10813647e-02 
 4.55600000e-08  3.16296668e-02 
 4.55800000e-08  3.21728548e-02 
 4.56000000e-08  3.27108458e-02 
 4.56200000e-08  3.32435576e-02 
 4.56400000e-08  3.37709093e-02 
 4.56600000e-08  3.42928209e-02 
 4.56800000e-08  3.48092134e-02 
 4.57000000e-08  3.53200089e-02 
 4.57200000e-08  3.58251302e-02 
 4.57400000e-08  3.63245016e-02 
 4.57600000e-08  3.68180482e-02 
 4.57800000e-08  3.73056960e-02 
 4.58000000e-08  3.77873724e-02 
 4.58200000e-08  3.82630056e-02 
 4.58400000e-08  3.87325250e-02 
 4.58600000e-08  3.91958609e-02 
 4.58800000e-08  3.96529449e-02 
 4.59000000e-08  4.01037095e-02 
 4.59200000e-08  4.05480884e-02 
 4.59400000e-08  4.09860162e-02 
 4.59600000e-08  4.14174288e-02 
 4.59800000e-08  4.18422632e-02 
 4.60000000e-08  4.22604572e-02 
 4.60200000e-08  4.26719501e-02 
 4.60400000e-08  4.30766820e-02 
 4.60600000e-08  4.34745943e-02 
 4.60800000e-08  4.38656293e-02 
 4.61000000e-08  4.42497305e-02 
 4.61200000e-08  4.46268427e-02 
 4.61400000e-08  4.49969115e-02 
 4.61600000e-08  4.53598837e-02 
 4.61800000e-08  4.57157074e-02 
 4.62000000e-08  4.60643316e-02 
 4.62200000e-08  4.64057065e-02 
 4.62400000e-08  4.67397834e-02 
 4.62600000e-08  4.70665147e-02 
 4.62800000e-08  4.73858540e-02 
 4.63000000e-08  4.76977557e-02 
 4.63200000e-08  4.80021759e-02 
 4.63400000e-08  4.82990711e-02 
 4.63600000e-08  4.85883996e-02 
 4.63800000e-08  4.88701203e-02 
 4.64000000e-08  4.91441935e-02 
 4.64200000e-08  4.94105804e-02 
 4.64400000e-08  4.96692436e-02 
 4.64600000e-08  4.99201465e-02 
 4.64800000e-08  5.01632537e-02 
 4.65000000e-08  5.03985311e-02 
 4.65200000e-08  5.06259456e-02 
 4.65400000e-08  5.08454650e-02 
 4.65600000e-08  5.10570585e-02 
 4.65800000e-08  5.12606962e-02 
 4.66000000e-08  5.14563495e-02 
 4.66200000e-08  5.16439907e-02 
 4.66400000e-08  5.18235934e-02 
 4.66600000e-08  5.19951321e-02 
 4.66800000e-08  5.21585827e-02 
 4.67000000e-08  5.23139218e-02 
 4.67200000e-08  5.24611274e-02 
 4.67400000e-08  5.26001786e-02 
 4.67600000e-08  5.27310555e-02 
 4.67800000e-08  5.28537392e-02 
 4.68000000e-08  5.29682122e-02 
 4.68200000e-08  5.30744579e-02 
 4.68400000e-08  5.31724608e-02 
 4.68600000e-08  5.32622065e-02 
 4.68800000e-08  5.33436818e-02 
 4.69000000e-08  5.34168746e-02 
 4.69200000e-08  5.34817738e-02 
 4.69400000e-08  5.35383695e-02 
 4.69600000e-08  5.35866528e-02 
 4.69800000e-08  5.36266160e-02 
 4.70000000e-08  5.36582526e-02 
 4.70200000e-08  5.36815570e-02 
 4.70400000e-08  5.36965248e-02 
 4.70600000e-08  5.37031527e-02 
 4.70800000e-08  5.37014387e-02 
 4.71000000e-08  5.36913816e-02 
 4.71200000e-08  5.36729815e-02 
 4.71400000e-08  5.36462397e-02 
 4.71600000e-08  5.36111584e-02 
 4.71800000e-08  5.35677411e-02 
 4.72000000e-08  5.35159924e-02 
 4.72200000e-08  5.34559180e-02 
 4.72400000e-08  5.33875247e-02 
 4.72600000e-08  5.33108205e-02 
 4.72800000e-08  5.32258145e-02 
 4.73000000e-08  5.31325170e-02 
 4.73200000e-08  5.30309393e-02 
 4.73400000e-08  5.29210941e-02 
 4.73600000e-08  5.28029949e-02 
 4.73800000e-08  5.26766567e-02 
 4.74000000e-08  5.25420956e-02 
 4.74200000e-08  5.23993285e-02 
 4.74400000e-08  5.22483739e-02 
 4.74600000e-08  5.20892513e-02 
 4.74800000e-08  5.19219813e-02 
 4.75000000e-08  5.17465858e-02 
 4.75200000e-08  5.15630878e-02 
 4.75400000e-08  5.13715115e-02 
 4.75600000e-08  5.11718823e-02 
 4.75800000e-08  5.09642267e-02 
 4.76000000e-08  5.07485725e-02 
 4.76200000e-08  5.05249486e-02 
 4.76400000e-08  5.02933852e-02 
 4.76600000e-08  5.00539136e-02 
 4.76800000e-08  4.98065663e-02 
 4.77000000e-08  4.95513772e-02 
 4.77200000e-08  4.92883810e-02 
 4.77400000e-08  4.90176141e-02 
 4.77600000e-08  4.87391137e-02 
 4.77800000e-08  4.84529184e-02 
 4.78000000e-08  4.81590680e-02 
 4.78200000e-08  4.78576035e-02 
 4.78400000e-08  4.75485672e-02 
 4.78600000e-08  4.72320024e-02 
 4.78800000e-08  4.69079539e-02 
 4.79000000e-08  4.65764675e-02 
 4.79200000e-08  4.62375903e-02 
 4.79400000e-08  4.58913706e-02 
 4.79600000e-08  4.55378579e-02 
 4.79800000e-08  4.51771031e-02 
 4.80000000e-08  4.48091580e-02 
 4.80200000e-08  4.44340759e-02 
 4.80400000e-08  4.40519113e-02 
 4.80600000e-08  4.36627196e-02 
 4.80800000e-08  4.32665578e-02 
 4.81000000e-08  4.28634840e-02 
 4.81200000e-08  4.24535573e-02 
 4.81400000e-08  4.20368382e-02 
 4.81600000e-08  4.16133885e-02 
 4.81800000e-08  4.11832709e-02 
 4.82000000e-08  4.07465496e-02 
 4.82200000e-08  4.03032898e-02 
 4.82400000e-08  3.98535578e-02 
 4.82600000e-08  3.93974215e-02 
 4.82800000e-08  3.89349494e-02 
 4.83000000e-08  3.84662116e-02 
 4.83200000e-08  3.79912792e-02 
 4.83400000e-08  3.75102245e-02 
 4.83600000e-08  3.70231208e-02 
 4.83800000e-08  3.65300427e-02 
 4.84000000e-08  3.60310659e-02 
 4.84200000e-08  3.55262672e-02 
 4.84400000e-08  3.50157245e-02 
 4.84600000e-08  3.44995168e-02 
 4.84800000e-08  3.39777242e-02 
 4.85000000e-08  3.34504278e-02 
 4.85200000e-08  3.29177100e-02 
 4.85400000e-08  3.23796540e-02 
 4.85600000e-08  3.18363441e-02 
 4.85800000e-08  3.12878658e-02 
 4.86000000e-08  3.07343054e-02 
 4.86200000e-08  3.01757503e-02 
 4.86400000e-08  2.96122890e-02 
 4.86600000e-08  2.90440107e-02 
 4.86800000e-08  2.84710059e-02 
 4.87000000e-08  2.78933657e-02 
 4.87200000e-08  2.73111824e-02 
 4.87400000e-08  2.67245492e-02 
 4.87600000e-08  2.61335599e-02 
 4.87800000e-08  2.55383095e-02 
 4.88000000e-08  2.49388939e-02 
 4.88200000e-08  2.43354095e-02 
 4.88400000e-08  2.37279538e-02 
 4.88600000e-08  2.31166250e-02 
 4.88800000e-08  2.25015222e-02 
 4.89000000e-08  2.18827452e-02 
 4.89200000e-08  2.12603944e-02 
 4.89400000e-08  2.06345713e-02 
 4.89600000e-08  2.00053777e-02 
 4.89800000e-08  1.93729164e-02 
 4.90000000e-08  1.87372906e-02 
 4.90200000e-08  1.80986044e-02 
 4.90400000e-08  1.74569624e-02 
 4.90600000e-08  1.68124698e-02 
 4.90800000e-08  1.61652324e-02 
 4.91000000e-08  1.55153566e-02 
 4.91200000e-08  1.48629491e-02 
 4.91400000e-08  1.42081175e-02 
 4.91600000e-08  1.35509697e-02 
 4.91800000e-08  1.28916139e-02 
 4.92000000e-08  1.22301590e-02 
 4.92200000e-08  1.15667141e-02 
 4.92400000e-08  1.09013890e-02 
 4.92600000e-08  1.02342935e-02 
 4.92800000e-08  9.56553804e-03 
 4.93000000e-08  8.89523319e-03 
 4.93200000e-08  8.22348991e-03 
 4.93400000e-08  7.55041940e-03 
 4.93600000e-08  6.87613314e-03 
 4.93800000e-08  6.20074279e-03 
 4.94000000e-08  5.52436023e-03 
 4.94200000e-08  4.84709752e-03 
 4.94400000e-08  4.16906684e-03 
 4.94600000e-08  3.49038052e-03 
 4.94800000e-08  2.81115096e-03 
 4.95000000e-08  2.13149066e-03 
 4.95200000e-08  1.45151215e-03 
 4.95400000e-08  7.71327979e-04 
 4.95600000e-08  9.10507067e-05 
 4.95800000e-08 -5.89207142e-04 
 4.96000000e-08 -1.26933310e-03 
 4.96200000e-08 -1.94921476e-03 
 4.96400000e-08 -2.62873985e-03 
 4.96600000e-08 -3.30779618e-03 
 4.96800000e-08 -3.98627175e-03 
 4.97000000e-08 -4.66405471e-03 
 4.97200000e-08 -5.34103343e-03 
 4.97400000e-08 -6.01709648e-03 
 4.97600000e-08 -6.69213269e-03 
 4.97800000e-08 -7.36603116e-03 
 4.98000000e-08 -8.03868128e-03 
 4.98200000e-08 -8.70997277e-03 
 4.98400000e-08 -9.37979567e-03 
 4.98600000e-08 -1.00480404e-02 
 4.98800000e-08 -1.07145977e-02 
 4.99000000e-08 -1.13793589e-02 
 4.99200000e-08 -1.20422156e-02 
 4.99400000e-08 -1.27030598e-02 
 4.99600000e-08 -1.33617841e-02 
 4.99800000e-08 -1.40182815e-02 
 5.00000000e-08 -1.46724457e-02 
 5.00200000e-08 -1.53241708e-02 
 5.00400000e-08 -1.59733513e-02 
 5.00600000e-08 -1.66198825e-02 
 5.00800000e-08 -1.72636604e-02 
 5.01000000e-08 -1.79045812e-02 
 5.01200000e-08 -1.85425421e-02 
 5.01400000e-08 -1.91774408e-02 
 5.01600000e-08 -1.98091758e-02 
 5.01800000e-08 -2.04376460e-02 
 5.02000000e-08 -2.10627514e-02 
 5.02200000e-08 -2.16843924e-02 
 5.02400000e-08 -2.23024702e-02 
 5.02600000e-08 -2.29168870e-02 
 5.02800000e-08 -2.35275454e-02 
 5.03000000e-08 -2.41343491e-02 
 5.03200000e-08 -2.47372025e-02 
 5.03400000e-08 -2.53360107e-02 
 5.03600000e-08 -2.59306797e-02 
 5.03800000e-08 -2.65211165e-02 
 5.04000000e-08 -2.71072288e-02 
 5.04200000e-08 -2.76889251e-02 
 5.04400000e-08 -2.82661151e-02 
 5.04600000e-08 -2.88387090e-02 
 5.04800000e-08 -2.94066182e-02 
 5.05000000e-08 -2.99697550e-02 
 5.05200000e-08 -3.05280324e-02 
 5.05400000e-08 -3.10813647e-02 
 5.05600000e-08 -3.16296668e-02 
 5.05800000e-08 -3.21728548e-02 
 5.06000000e-08 -3.27108458e-02 
 5.06200000e-08 -3.32435576e-02 
 5.06400000e-08 -3.37709093e-02 
 5.06600000e-08 -3.42928209e-02 
 5.06800000e-08 -3.48092134e-02 
 5.07000000e-08 -3.53200089e-02 
 5.07200000e-08 -3.58251302e-02 
 5.07400000e-08 -3.63245016e-02 
 5.07600000e-08 -3.68180482e-02 
 5.07800000e-08 -3.73056960e-02 
 5.08000000e-08 -3.77873724e-02 
 5.08200000e-08 -3.82630056e-02 
 5.08400000e-08 -3.87325250e-02 
 5.08600000e-08 -3.91958609e-02 
 5.08800000e-08 -3.96529449e-02 
 5.09000000e-08 -4.01037095e-02 
 5.09200000e-08 -4.05480884e-02 
 5.09400000e-08 -4.09860162e-02 
 5.09600000e-08 -4.14174288e-02 
 5.09800000e-08 -4.18422632e-02 
 5.10000000e-08 -4.22604572e-02 
 5.10200000e-08 -4.26719501e-02 
 5.10400000e-08 -4.30766820e-02 
 5.10600000e-08 -4.34745943e-02 
 5.10800000e-08 -4.38656293e-02 
 5.11000000e-08 -4.42497305e-02 
 5.11200000e-08 -4.46268427e-02 
 5.11400000e-08 -4.49969115e-02 
 5.11600000e-08 -4.53598837e-02 
 5.11800000e-08 -4.57157074e-02 
 5.12000000e-08 -4.60643316e-02 
 5.12200000e-08 -4.64057065e-02 
 5.12400000e-08 -4.67397834e-02 
 5.12600000e-08 -4.70665147e-02 
 5.12800000e-08 -4.73858540e-02 
 5.13000000e-08 -4.76977557e-02 
 5.13200000e-08 -4.80021759e-02 
 5.13400000e-08 -4.82990711e-02 
 5.13600000e-08 -4.85883996e-02 
 5.13800000e-08 -4.88701203e-02 
 5.14000000e-08 -4.91441935e-02 
 5.14200000e-08 -4.94105804e-02 
 5.14400000e-08 -4.96692436e-02 
 5.14600000e-08 -4.99201465e-02 
 5.14800000e-08 -5.01632537e-02 
 5.15000000e-08 -5.03985311e-02 
 5.15200000e-08 -5.06259456e-02 
 5.15400000e-08 -5.08454650e-02 
 5.15600000e-08 -5.10570585e-02 
 5.15800000e-08 -5.12606962e-02 
 5.16000000e-08 -5.14563495e-02 
 5.16200000e-08 -5.16439907e-02 
 5.16400000e-08 -5.18235934e-02 
 5.16600000e-08 -5.19951321e-02 
 5.16800000e-08 -5.21585827e-02 
 5.17000000e-08 -5.23139218e-02 
 5.17200000e-08 -5.24611274e-02 
 5.17400000e-08 -5.26001786e-02 
 5.17600000e-08 -5.27310555e-02 
 5.17800000e-08 -5.28537392e-02 
 5.18000000e-08 -5.29682122e-02 
 5.18200000e-08 -5.30744579e-02 
 5.18400000e-08 -5.31724608e-02 
 5.18600000e-08 -5.32622065e-02 
 5.18800000e-08 -5.33436818e-02 
 5.19000000e-08 -5.34168746e-02 
 5.19200000e-08 -5.34817738e-02 
 5.19400000e-08 -5.35383695e-02 
 5.19600000e-08 -5.35866528e-02 
 5.19800000e-08 -5.36266160e-02 
 5.20000000e-08 -5.36582526e-02 
 5.20200000e-08 -5.36815570e-02 
 5.20400000e-08 -5.36965248e-02 
 5.20600000e-08 -5.37031527e-02 
 5.20800000e-08 -5.37014387e-02 
 5.21000000e-08 -5.36913816e-02 
 5.21200000e-08 -5.36729815e-02 
 5.21400000e-08 -5.36462397e-02 
 5.21600000e-08 -5.36111584e-02 
 5.21800000e-08 -5.35677411e-02 
 5.22000000e-08 -5.35159924e-02 
 5.22200000e-08 -5.34559180e-02 
 5.22400000e-08 -5.33875247e-02 
 5.22600000e-08 -5.33108205e-02 
 5.22800000e-08 -5.32258145e-02 
 5.23000000e-08 -5.31325170e-02 
 5.23200000e-08 -5.30309393e-02 
 5.23400000e-08 -5.29210940e-02 
 5.23600000e-08 -5.28029949e-02 
 5.23800000e-08 -5.26766567e-02 
 5.24000000e-08 -5.25420956e-02 
 5.24200000e-08 -5.23993285e-02 
 5.24400000e-08 -5.22483739e-02 
 5.24600000e-08 -5.20892513e-02 
 5.24800000e-08 -5.19219813e-02 
 5.25000000e-08 -5.17465858e-02 
 5.25200000e-08 -5.15630878e-02 
 5.25400000e-08 -5.13715115e-02 
 5.25600000e-08 -5.11718823e-02 
 5.25800000e-08 -5.09642267e-02 
 5.26000000e-08 -5.07485725e-02 
 5.26200000e-08 -5.05249486e-02 
 5.26400000e-08 -5.02933852e-02 
 5.26600000e-08 -5.00539136e-02 
 5.26800000e-08 -4.98065663e-02 
 5.27000000e-08 -4.95513772e-02 
 5.27200000e-08 -4.92883810e-02 
 5.27400000e-08 -4.90176141e-02 
 5.27600000e-08 -4.87391137e-02 
 5.27800000e-08 -4.84529184e-02 
 5.28000000e-08 -4.81590680e-02 
 5.28200000e-08 -4.78576035e-02 
 5.28400000e-08 -4.75485672e-02 
 5.28600000e-08 -4.72320024e-02 
 5.28800000e-08 -4.69079539e-02 
 5.29000000e-08 -4.65764675e-02 
 5.29200000e-08 -4.62375903e-02 
 5.29400000e-08 -4.58913706e-02 
 5.29600000e-08 -4.55378579e-02 
 5.29800000e-08 -4.51771031e-02 
 5.30000000e-08 -4.48091580e-02 
 5.30200000e-08 -4.44340759e-02 
 5.30400000e-08 -4.40519113e-02 
 5.30600000e-08 -4.36627196e-02 
 5.30800000e-08 -4.32665578e-02 
 5.31000000e-08 -4.28634840e-02 
 5.31200000e-08 -4.24535573e-02 
 5.31400000e-08 -4.20368382e-02 
 5.31600000e-08 -4.16133885e-02 
 5.31800000e-08 -4.11832709e-02 
 5.32000000e-08 -4.07465496e-02 
 5.32200000e-08 -4.03032898e-02 
 5.32400000e-08 -3.98535578e-02 
 5.32600000e-08 -3.93974215e-02 
 5.32800000e-08 -3.89349494e-02 
 5.33000000e-08 -3.84662116e-02 
 5.33200000e-08 -3.79912792e-02 
 5.33400000e-08 -3.75102245e-02 
 5.33600000e-08 -3.70231208e-02 
 5.33800000e-08 -3.65300427e-02 
 5.34000000e-08 -3.60310659e-02 
 5.34200000e-08 -3.55262672e-02 
 5.34400000e-08 -3.50157245e-02 
 5.34600000e-08 -3.44995168e-02 
 5.34800000e-08 -3.39777242e-02 
 5.35000000e-08 -3.34504278e-02 
 5.35200000e-08 -3.29177100e-02 
 5.35400000e-08 -3.23796540e-02 
 5.35600000e-08 -3.18363441e-02 
 5.35800000e-08 -3.12878658e-02 
 5.36000000e-08 -3.07343054e-02 
 5.36200000e-08 -3.01757503e-02 
 5.36400000e-08 -2.96122890e-02 
 5.36600000e-08 -2.90440107e-02 
 5.36800000e-08 -2.84710059e-02 
 5.37000000e-08 -2.78933657e-02 
 5.37200000e-08 -2.73111824e-02 
 5.37400000e-08 -2.67245492e-02 
 5.37600000e-08 -2.61335599e-02 
 5.37800000e-08 -2.55383095e-02 
 5.38000000e-08 -2.49388939e-02 
 5.38200000e-08 -2.43354095e-02 
 5.38400000e-08 -2.37279538e-02 
 5.38600000e-08 -2.31166250e-02 
 5.38800000e-08 -2.25015222e-02 
 5.39000000e-08 -2.18827452e-02 
 5.39200000e-08 -2.12603944e-02 
 5.39400000e-08 -2.06345713e-02 
 5.39600000e-08 -2.00053777e-02 
 5.39800000e-08 -1.93729164e-02 
 5.40000000e-08 -1.87372906e-02 
 5.40200000e-08 -1.80986044e-02 
 5.40400000e-08 -1.74569624e-02 
 5.40600000e-08 -1.68124698e-02 
 5.40800000e-08 -1.61652324e-02 
 5.41000000e-08 -1.55153566e-02 
 5.41200000e-08 -1.48629491e-02 
 5.41400000e-08 -1.42081175e-02 
 5.41600000e-08 -1.35509697e-02 
 5.41800000e-08 -1.28916139e-02 
 5.42000000e-08 -1.22301590e-02 
 5.42200000e-08 -1.15667141e-02 
 5.42400000e-08 -1.09013890e-02 
 5.42600000e-08 -1.02342935e-02 
 5.42800000e-08 -9.56553804e-03 
 5.43000000e-08 -8.89523319e-03 
 5.43200000e-08 -8.22348991e-03 
 5.43400000e-08 -7.55041940e-03 
 5.43600000e-08 -6.87613314e-03 
 5.43800000e-08 -6.20074279e-03 
 5.44000000e-08 -5.52436023e-03 
 5.44200000e-08 -4.84709752e-03 
 5.44400000e-08 -4.16906684e-03 
 5.44600000e-08 -3.49038052e-03 
 5.44800000e-08 -2.81115096e-03 
 5.45000000e-08 -2.13149066e-03 
 5.45200000e-08 -1.45151215e-03 
 5.45400000e-08 -7.71327979e-04 
 5.45600000e-08 -9.10507070e-05 
 5.45800000e-08  5.89207142e-04 
 5.46000000e-08  1.26933310e-03 
 5.46200000e-08  1.94921476e-03 
 5.46400000e-08  2.62873985e-03 
 5.46600000e-08  3.30779618e-03 
 5.46800000e-08  3.98627175e-03 
 5.47000000e-08  4.66405471e-03 
 5.47200000e-08  5.34103343e-03 
 5.47400000e-08  6.01709648e-03 
 5.47600000e-08  6.69213269e-03 
 5.47800000e-08  7.36603116e-03 
 5.48000000e-08  8.03868128e-03 
 5.48200000e-08  8.70997277e-03 
 5.48400000e-08  9.37979567e-03 
 5.48600000e-08  1.00480404e-02 
 5.48800000e-08  1.07145977e-02 
 5.49000000e-08  1.13793589e-02 
 5.49200000e-08  1.20422156e-02 
 5.49400000e-08  1.27030598e-02 
 5.49600000e-08  1.33617841e-02 
 5.49800000e-08  1.40182815e-02 
 5.50000000e-08  1.46724457e-02 
 5.50200000e-08  1.53241708e-02 
 5.50400000e-08  1.59733513e-02 
 5.50600000e-08  1.66198825e-02 
 5.50800000e-08  1.72636604e-02 
 5.51000000e-08  1.79045812e-02 
 5.51200000e-08  1.85425421e-02 
 5.51400000e-08  1.91774408e-02 
 5.51600000e-08  1.98091758e-02 
 5.51800000e-08  2.04376460e-02 
 5.52000000e-08  2.10627514e-02 
 5.52200000e-08  2.16843924e-02 
 5.52400000e-08  2.23024702e-02 
 5.52600000e-08  2.29168870e-02 
 5.52800000e-08  2.35275454e-02 
 5.53000000e-08  2.41343491e-02 
 5.53200000e-08  2.47372025e-02 
 5.53400000e-08  2.53360107e-02 
 5.53600000e-08  2.59306797e-02 
 5.53800000e-08  2.65211165e-02 
 5.54000000e-08  2.71072288e-02 
 5.54200000e-08  2.76889251e-02 
 5.54400000e-08  2.82661151e-02 
 5.54600000e-08  2.88387090e-02 
 5.54800000e-08  2.94066182e-02 
 5.55000000e-08  2.99697550e-02 
 5.55200000e-08  3.05280324e-02 
 5.55400000e-08  3.10813647e-02 
 5.55600000e-08  3.16296668e-02 
 5.55800000e-08  3.21728548e-02 
 5.56000000e-08  3.27108458e-02 
 5.56200000e-08  3.32435576e-02 
 5.56400000e-08  3.37709093e-02 
 5.56600000e-08  3.42928209e-02 
 5.56800000e-08  3.48092134e-02 
 5.57000000e-08  3.53200089e-02 
 5.57200000e-08  3.58251302e-02 
 5.57400000e-08  3.63245016e-02 
 5.57600000e-08  3.68180482e-02 
 5.57800000e-08  3.73056960e-02 
 5.58000000e-08  3.77873724e-02 
 5.58200000e-08  3.82630056e-02 
 5.58400000e-08  3.87325250e-02 
 5.58600000e-08  3.91958609e-02 
 5.58800000e-08  3.96529449e-02 
 5.59000000e-08  4.01037095e-02 
 5.59200000e-08  4.05480884e-02 
 5.59400000e-08  4.09860162e-02 
 5.59600000e-08  4.14174288e-02 
 5.59800000e-08  4.18422632e-02 
 5.60000000e-08  4.22604572e-02 
 5.60200000e-08  4.26719501e-02 
 5.60400000e-08  4.30766820e-02 
 5.60600000e-08  4.34745943e-02 
 5.60800000e-08  4.38656293e-02 
 5.61000000e-08  4.42497305e-02 
 5.61200000e-08  4.46268427e-02 
 5.61400000e-08  4.49969115e-02 
 5.61600000e-08  4.53598837e-02 
 5.61800000e-08  4.57157074e-02 
 5.62000000e-08  4.60643316e-02 
 5.62200000e-08  4.64057065e-02 
 5.62400000e-08  4.67397834e-02 
 5.62600000e-08  4.70665147e-02 
 5.62800000e-08  4.73858540e-02 
 5.63000000e-08  4.76977557e-02 
 5.63200000e-08  4.80021759e-02 
 5.63400000e-08  4.82990711e-02 
 5.63600000e-08  4.85883996e-02 
 5.63800000e-08  4.88701203e-02 
 5.64000000e-08  4.91441935e-02 
 5.64200000e-08  4.94105804e-02 
 5.64400000e-08  4.96692436e-02 
 5.64600000e-08  4.99201465e-02 
 5.64800000e-08  5.01632537e-02 
 5.65000000e-08  5.03985311e-02 
 5.65200000e-08  5.06259456e-02 
 5.65400000e-08  5.08454650e-02 
 5.65600000e-08  5.10570585e-02 
 5.65800000e-08  5.12606962e-02 
 5.66000000e-08  5.14563495e-02 
 5.66200000e-08  5.16439907e-02 
 5.66400000e-08  5.18235934e-02 
 5.66600000e-08  5.19951321e-02 
 5.66800000e-08  5.21585827e-02 
 5.67000000e-08  5.23139218e-02 
 5.67200000e-08  5.24611274e-02 
 5.67400000e-08  5.26001786e-02 
 5.67600000e-08  5.27310555e-02 
 5.67800000e-08  5.28537392e-02 
 5.68000000e-08  5.29682122e-02 
 5.68200000e-08  5.30744579e-02 
 5.68400000e-08  5.31724608e-02 
 5.68600000e-08  5.32622065e-02 
 5.68800000e-08  5.33436818e-02 
 5.69000000e-08  5.34168746e-02 
 5.69200000e-08  5.34817738e-02 
 5.69400000e-08  5.35383695e-02 
 5.69600000e-08  5.35866528e-02 
 5.69800000e-08  5.36266160e-02 
 5.70000000e-08  5.36582526e-02 
 5.70200000e-08  5.36815570e-02 
 5.70400000e-08  5.36965248e-02 
 5.70600000e-08  5.37031527e-02 
 5.70800000e-08  5.37014387e-02 
 5.71000000e-08  5.36913816e-02 
 5.71200000e-08  5.36729815e-02 
 5.71400000e-08  5.36462397e-02 
 5.71600000e-08  5.36111584e-02 
 5.71800000e-08  5.35677411e-02 
 5.72000000e-08  5.35159924e-02 
 5.72200000e-08  5.34559180e-02 
 5.72400000e-08  5.33875247e-02 
 5.72600000e-08  5.33108205e-02 
 5.72800000e-08  5.32258145e-02 
 5.73000000e-08  5.31325170e-02 
 5.73200000e-08  5.30309393e-02 
 5.73400000e-08  5.29210940e-02 
 5.73600000e-08  5.28029949e-02 
 5.73800000e-08  5.26766568e-02 
 5.74000000e-08  5.25420956e-02 
 5.74200000e-08  5.23993285e-02 
 5.74400000e-08  5.22483739e-02 
 5.74600000e-08  5.20892513e-02 
 5.74800000e-08  5.19219813e-02 
 5.75000000e-08  5.17465858e-02 
 5.75200000e-08  5.15630878e-02 
 5.75400000e-08  5.13715115e-02 
 5.75600000e-08  5.11718823e-02 
 5.75800000e-08  5.09642267e-02 
 5.76000000e-08  5.07485725e-02 
 5.76200000e-08  5.05249486e-02 
 5.76400000e-08  5.02933852e-02 
 5.76600000e-08  5.00539136e-02 
 5.76800000e-08  4.98065663e-02 
 5.77000000e-08  4.95513772e-02 
 5.77200000e-08  4.92883810e-02 
 5.77400000e-08  4.90176141e-02 
 5.77600000e-08  4.87391137e-02 
 5.77800000e-08  4.84529184e-02 
 5.78000000e-08  4.81590680e-02 
 5.78200000e-08  4.78576035e-02 
 5.78400000e-08  4.75485672e-02 
 5.78600000e-08  4.72320024e-02 
 5.78800000e-08  4.69079539e-02 
 5.79000000e-08  4.65764675e-02 
 5.79200000e-08  4.62375903e-02 
 5.79400000e-08  4.58913706e-02 
 5.79600000e-08  4.55378579e-02 
 5.79800000e-08  4.51771031e-02 
 5.80000000e-08  4.48091580e-02 
 5.80200000e-08  4.44340759e-02 
 5.80400000e-08  4.40519113e-02 
 5.80600000e-08  4.36627196e-02 
 5.80800000e-08  4.32665578e-02 
 5.81000000e-08  4.28634840e-02 
 5.81200000e-08  4.24535573e-02 
 5.81400000e-08  4.20368382e-02 
 5.81600000e-08  4.16133885e-02 
 5.81800000e-08  4.11832709e-02 
 5.82000000e-08  4.07465496e-02 
 5.82200000e-08  4.03032898e-02 
 5.82400000e-08  3.98535578e-02 
 5.82600000e-08  3.93974215e-02 
 5.82800000e-08  3.89349494e-02 
 5.83000000e-08  3.84662116e-02 
 5.83200000e-08  3.79912792e-02 
 5.83400000e-08  3.75102245e-02 
 5.83600000e-08  3.70231208e-02 
 5.83800000e-08  3.65300427e-02 
 5.84000000e-08  3.60310659e-02 
 5.84200000e-08  3.55262672e-02 
 5.84400000e-08  3.50157245e-02 
 5.84600000e-08  3.44995168e-02 
 5.84800000e-08  3.39777242e-02 
 5.85000000e-08  3.34504278e-02 
 5.85200000e-08  3.29177100e-02 
 5.85400000e-08  3.23796540e-02 
 5.85600000e-08  3.18363441e-02 
 5.85800000e-08  3.12878658e-02 
 5.86000000e-08  3.07343054e-02 
 5.86200000e-08  3.01757503e-02 
 5.86400000e-08  2.96122890e-02 
 5.86600000e-08  2.90440107e-02 
 5.86800000e-08  2.84710059e-02 
 5.87000000e-08  2.78933657e-02 
 5.87200000e-08  2.73111824e-02 
 5.87400000e-08  2.67245492e-02 
 5.87600000e-08  2.61335599e-02 
 5.87800000e-08  2.55383095e-02 
 5.88000000e-08  2.49388939e-02 
 5.88200000e-08  2.43354095e-02 
 5.88400000e-08  2.37279538e-02 
 5.88600000e-08  2.31166250e-02 
 5.88800000e-08  2.25015222e-02 
 5.89000000e-08  2.18827452e-02 
 5.89200000e-08  2.12603944e-02 
 5.89400000e-08  2.06345713e-02 
 5.89600000e-08  2.00053777e-02 
 5.89800000e-08  1.93729164e-02 
 5.90000000e-08  1.87372906e-02 
 5.90200000e-08  1.80986044e-02 
 5.90400000e-08  1.74569624e-02 
 5.90600000e-08  1.68124698e-02 
 5.90800000e-08  1.61652324e-02 
 5.91000000e-08  1.55153566e-02 
 5.91200000e-08  1.48629491e-02 
 5.91400000e-08  1.42081175e-02 
 5.91600000e-08  1.35509697e-02 
 5.91800000e-08  1.28916139e-02 
 5.92000000e-08  1.22301590e-02 
 5.92200000e-08  1.15667141e-02 
 5.92400000e-08  1.09013890e-02 
 5.92600000e-08  1.02342935e-02 
 5.92800000e-08  9.56553804e-03 
 5.93000000e-08  8.89523319e-03 
 5.93200000e-08  8.22348991e-03 
 5.93400000e-08  7.55041940e-03 
 5.93600000e-08  6.87613314e-03 
 5.93800000e-08  6.20074279e-03 
 5.94000000e-08  5.52436023e-03 
 5.94200000e-08  4.84709752e-03 
 5.94400000e-08  4.16906684e-03 
 5.94600000e-08  3.49038052e-03 
 5.94800000e-08  2.81115096e-03 
 5.95000000e-08  2.13149066e-03 
 5.95200000e-08  1.45151215e-03 
 5.95400000e-08  7.71327979e-04 
 5.95600000e-08  9.10507070e-05 
 5.95800000e-08 -5.89207143e-04 
 5.96000000e-08 -1.26933310e-03 
 5.96200000e-08 -1.94921476e-03 
 5.96400000e-08 -2.62873985e-03 
 5.96600000e-08 -3.30779618e-03 
 5.96800000e-08 -3.98627175e-03 
 5.97000000e-08 -4.66405471e-03 
 5.97200000e-08 -5.34103343e-03 
 5.97400000e-08 -6.01709648e-03 
 5.97600000e-08 -6.69213269e-03 
 5.97800000e-08 -7.36603116e-03 
 5.98000000e-08 -8.03868128e-03 
 5.98200000e-08 -8.70997277e-03 
 5.98400000e-08 -9.37979567e-03 
 5.98600000e-08 -1.00480404e-02 
 5.98800000e-08 -1.07145977e-02 
 5.99000000e-08 -1.13793589e-02 
 5.99200000e-08 -1.20422156e-02 
 5.99400000e-08 -1.27030598e-02 
 5.99600000e-08 -1.33617841e-02 
 5.99800000e-08 -1.40182815e-02 
 6.00000000e-08 -1.46726937e-02 
