 1.00000000e+06 -6.86555839e-02  1.20143643e-04 
 1.05932636e+06 -6.86555064e-02  1.27270860e-04 
 1.12217233e+06 -6.86554195e-02  1.34820821e-04 
 1.18874673e+06 -6.86553219e-02  1.42818588e-04 
 1.25927075e+06 -6.86552124e-02  1.51290709e-04 
 1.33397869e+06 -6.86550896e-02  1.60265301e-04 
 1.41311879e+06 -6.86549517e-02  1.69772148e-04 
 1.49695398e+06 -6.86547970e-02  1.79842791e-04 
 1.58576281e+06 -6.86546234e-02  1.90510639e-04 
 1.67984034e+06 -6.86544287e-02  2.01811076e-04 
 1.77949915e+06 -6.86542101e-02  2.13781575e-04 
 1.88507036e+06 -6.86539648e-02  2.26461821e-04 
 1.99690471e+06 -6.86536895e-02  2.39893843e-04 
 2.11537380e+06 -6.86533807e-02  2.54122146e-04 
 2.24087122e+06 -6.86530341e-02  2.69193860e-04 
 2.37381395e+06 -6.86526452e-02  2.85158888e-04 
 2.51464369e+06 -6.86522088e-02  3.02070070e-04 
 2.66382834e+06 -6.86517191e-02  3.19983351e-04 
 2.82186357e+06 -6.86511695e-02  3.38957958e-04 
 2.98927446e+06 -6.86505529e-02  3.59056591e-04 
 3.16661723e+06 -6.86498611e-02  3.80345620e-04 
 3.35448110e+06 -6.86490847e-02  4.02895294e-04 
 3.55349024e+06 -6.86482136e-02  4.26779957e-04 
 3.76430588e+06 -6.86472361e-02  4.52078281e-04 
 3.98762844e+06 -6.86461393e-02  4.78873506e-04 
 4.22419991e+06 -6.86449087e-02  5.07253692e-04 
 4.47480631e+06 -6.86435279e-02  5.37311982e-04 
 4.74028027e+06 -6.86419787e-02  5.69146879e-04 
 5.02150383e+06 -6.86402404e-02  6.02862530e-04 
 5.31941137e+06 -6.86382902e-02  6.38569027e-04 
 5.63499267e+06 -6.86361022e-02  6.76382713e-04 
 5.96929627e+06 -6.86336474e-02  7.16426500e-04 
 6.32343288e+06 -6.86308935e-02  7.58830199e-04 
 6.69857912e+06 -6.86278041e-02  8.03730852e-04 
 7.09598142e+06 -6.86243383e-02  8.51273076e-04 
 7.51696016e+06 -6.86204507e-02  9.01609408e-04 
 7.96291403e+06 -6.86160899e-02  9.54900650e-04 
 8.43532472e+06 -6.86111986e-02  1.01131621e-03 
 8.93576181e+06 -6.86057128e-02  1.07103446e-03 
 9.46588802e+06 -6.85995603e-02  1.13424303e-03 
 1.00274647e+07 -6.85926609e-02  1.20113913e-03 
 1.06223576e+07 -6.85849243e-02  1.27192984e-03 
 1.12525434e+07 -6.85762499e-02  1.34683235e-03 
 1.19201159e+07 -6.85665250e-02  1.42607414e-03 
 1.26272929e+07 -6.85556235e-02  1.50989317e-03 
 1.33764242e+07 -6.85434047e-02  1.59853786e-03 
 1.41699988e+07 -6.85297114e-02  1.69226713e-03 
 1.50106532e+07 -6.85143682e-02  1.79135020e-03 
 1.59011806e+07 -6.84971794e-02  1.89606631e-03 
 1.68445397e+07 -6.84779268e-02  2.00670423e-03 
 1.78438649e+07 -6.84563677e-02  2.12356158e-03 
 1.89024764e+07 -6.84322319e-02  2.24694387e-03 
 2.00238915e+07 -6.84052191e-02  2.37716327e-03 
 2.12118361e+07 -6.83749960e-02  2.51453698e-03 
 2.24702570e+07 -6.83411933e-02  2.65938520e-03 
 2.38033356e+07 -6.83034021e-02  2.81202862e-03 
 2.52155008e+07 -6.82611707e-02  2.97278531e-03 
 2.67114446e+07 -6.82140009e-02  3.14196697e-03 
 2.82961373e+07 -6.81613448e-02  3.31987442e-03 
 2.99748441e+07 -6.81026008e-02  3.50679228e-03 
 3.17531424e+07 -6.80371107e-02  3.70298261e-03 
 3.36369407e+07 -6.79641563e-02  3.90867760e-03 
 3.56324979e+07 -6.78829570e-02  4.12407100e-03 
 3.77464443e+07 -6.77926678e-02  4.34930844e-03 
 3.99858033e+07 -6.76923785e-02  4.58447631e-03 
 4.23580154e+07 -6.75811136e-02  4.82958939e-03 
 4.48709622e+07 -6.74578344e-02  5.08457710e-03 
 4.75329930e+07 -6.73214427e-02  5.34926856e-03 
 5.03529523e+07 -6.71707871e-02  5.62337647e-03 
 5.33402096e+07 -6.70046723e-02  5.90648021e-03 
 5.65046900e+07 -6.68218717e-02  6.19800852e-03 
 5.98569075e+07 -6.66211435e-02  6.49722223e-03 
 6.34079998e+07 -6.64012524e-02  6.80319788e-03 
 6.71697655e+07 -6.61609945e-02  7.11481306e-03 
 7.11547031e+07 -6.58992281e-02  7.43073458e-03 
 7.53760525e+07 -6.56149088e-02  7.74941084e-03 
 7.98478392e+07 -6.53071297e-02  8.06906962e-03 
 8.45849207e+07 -6.49751648e-02  8.38772310e-03 
 8.96030360e+07 -6.46185150e-02  8.70318121e-03 
 9.49188578e+07 -6.42369558e-02  9.01307503e-03 
 1.00550048e+08 -6.38305828e-02  9.31489088e-03 
 1.06515316e+08 -6.33998539e-02  9.60601594e-03 
 1.12834482e+08 -6.29456249e-02  9.88379501e-03 
 1.19528541e+08 -6.24691744e-02  1.01455976e-02 
 1.26619734e+08 -6.19722166e-02  1.03888933e-02 
 1.34131621e+08 -6.14568981e-02  1.06113327e-02 
 1.42089162e+08 -6.09257773e-02  1.08108300e-02 
 1.50518795e+08 -6.03817855e-02  1.09856428e-02 
 1.59448526e+08 -5.98281701e-02  1.11344449e-02 
 1.68908027e+08 -5.92684217e-02  1.12563869e-02 
 1.78928725e+08 -5.87061882e-02  1.13511403e-02 
 1.89543915e+08 -5.81451805e-02  1.14189229e-02 
 2.00788865e+08 -5.75890738e-02  1.14605032e-02 
 2.12700937e+08 -5.70414124e-02  1.14771831e-02 
 2.25319709e+08 -5.65055198e-02  1.14707610e-02 
 2.38687107e+08 -5.59844218e-02  1.14434782e-02 
 2.52847543e+08 -5.54807846e-02  1.13979510e-02 
 2.67848067e+08 -5.49968700e-02  1.13370945e-02 
 2.83738518e+08 -5.45345093e-02  1.12640431e-02 
 3.00571690e+08 -5.40950948e-02  1.11820700e-02 
 3.18403514e+08 -5.36795879e-02  1.10945124e-02 
 3.37293235e+08 -5.32885402e-02  1.10047041e-02 
 3.57303614e+08 -5.29221261e-02  1.09159174e-02 
 3.78501137e+08 -5.25801827e-02  1.08313167e-02 
 4.00956231e+08 -5.22622546e-02  1.07539233e-02 
 4.24743504e+08 -5.19676404e-02  1.06865916e-02 
 4.49941989e+08 -5.16954389e-02  1.06319953e-02 
 4.76635408e+08 -5.14445932e-02  1.05926227e-02 
 5.04912451e+08 -5.12139309e-02  1.05707802e-02 
 5.34867068e+08 -5.10022003e-02  1.05686006e-02 
 5.66598783e+08 -5.08081013e-02  1.05880579e-02 
 6.00213026e+08 -5.06303117e-02  1.06309836e-02 
 6.35821479e+08 -5.04675084e-02  1.06990864e-02 
 6.73542451e+08 -5.03183840e-02  1.07939730e-02 
 7.13501272e+08 -5.01816589e-02  1.09171686e-02 
 7.55830704e+08 -5.00560906e-02  1.10701386e-02 
 8.00671387e+08 -4.99404786e-02  1.12543080e-02 
 8.48172305e+08 -4.98336671e-02  1.14710821e-02 
 8.98491278e+08 -4.97345454e-02  1.17218641e-02 
 9.51795494e+08 -4.96420461e-02  1.20080728e-02 
 1.00826205e+09 -4.95551419e-02  1.23311591e-02 
 1.06807857e+09 -4.94728408e-02  1.26926209e-02 
 1.13144378e+09 -4.93941802e-02  1.30940173e-02 
 1.19856822e+09 -4.93182205e-02  1.35369821e-02 
 1.26967491e+09 -4.92440375e-02  1.40232355e-02 
 1.34500010e+09 -4.91707140e-02  1.45545962e-02 
 1.42479405e+09 -4.90973313e-02  1.51329921e-02 
 1.50932190e+09 -4.90229593e-02  1.57604705e-02 
 1.59886447e+09 -4.89466468e-02  1.64392085e-02 
 1.69371927e+09 -4.88674107e-02  1.71715218e-02 
 1.79420147e+09 -4.87842242e-02  1.79598742e-02 
 1.90064491e+09 -4.86960048e-02  1.88068866e-02 
 2.01340325e+09 -4.86016013e-02  1.97153451e-02 
 2.13285113e+09 -4.84997791e-02  2.06882095e-02 
 2.25938542e+09 -4.83892054e-02  2.17286213e-02 
 2.39342653e+09 -4.82684323e-02  2.28399115e-02 
 2.53541981e+09 -4.81358789e-02  2.40256078e-02 
 2.68583703e+09 -4.79898114e-02  2.52894414e-02 
 2.84517796e+09 -4.78283219e-02  2.66353534e-02 
 3.01397201e+09 -4.76493044e-02  2.80675003e-02 
 3.19277999e+09 -4.74504296e-02  2.95902589e-02 
 3.38219600e+09 -4.72291159e-02  3.12082292e-02 
 3.58284937e+09 -4.69824990e-02  3.29262373e-02 
 3.79540678e+09 -4.67073976e-02  3.47493350e-02 
 4.02057444e+09 -4.64002764e-02  3.66827981e-02 
 4.25910048e+09 -4.60572052e-02  3.87321220e-02 
 4.51177740e+09 -4.56738146e-02  4.09030135e-02 
 4.77944472e+09 -4.52452482e-02  4.32013793e-02 
 5.06299177e+09 -4.47661099e-02  4.56333094e-02 
 5.36336063e+09 -4.42304076e-02  4.82050548e-02 
 5.68154929e+09 -4.36314929e-02  5.09229988e-02 
 6.01861492e+09 -4.29619959e-02  5.37936206e-02 
 6.37567742e+09 -4.22137571e-02  5.68234491e-02 
 6.75392314e+09 -4.13777552e-02  6.00190065e-02 
 7.15460881e+09 -4.04440322e-02  6.33867396e-02 
 7.57906569e+09 -3.94016167e-02  6.69329366e-02 
 8.02870406e+09 -3.82384462e-02  7.06636282e-02 
 8.50501783e+09 -3.69412911e-02  7.45844702e-02 
 9.00958956e+09 -3.54956811e-02  7.87006059e-02 
 9.54409570e+09 -3.38858389e-02  8.30165065e-02 
 1.01103121e+10 -3.20946223e-02  8.75357865e-02 
 1.07101201e+10 -3.01034812e-02  9.22609931e-02 
 1.13455126e+10 -2.78924336e-02  9.71933684e-02 
 1.20186005e+10 -2.54400669e-02  1.02332583e-01 
 1.27316203e+10 -2.27235721e-02  1.07676441e-01 
 1.34869410e+10 -1.97188184e-02  1.13220560e-01 
 1.42870721e+10 -1.64004780e-02  1.18958024e-01 
 1.51346720e+10 -1.27422107e-02  1.24879023e-01 
 1.60325570e+10 -8.71691763e-03  1.30970476e-01 
 1.69837102e+10 -4.29707596e-03  1.37215654e-01 
 1.79912919e+10  5.44837451e-04  1.43593823e-01 
 1.90586497e+10  5.83582493e-03  1.50079910e-01 
 2.01893300e+10  1.16017446e-02  1.56644225e-01 
 2.13870894e+10  1.78665835e-02  1.63252262e-01 
 2.26559075e+10  2.46516323e-02  1.69864610e-01 
 2.40000000e+10  3.19745733e-02  1.76436992e-01 
