 1.00000000e+06 -1.48557680e+00  4.33796723e-04 
 1.05932636e+06 -1.48557837e+00  4.59540099e-04 
 1.12217233e+06 -1.48558014e+00  4.86812208e-04 
 1.18874673e+06 -1.48558213e+00  5.15704020e-04 
 1.25927075e+06 -1.48558436e+00  5.46311959e-04 
 1.33397869e+06 -1.48558686e+00  5.78738227e-04 
 1.41311879e+06 -1.48558966e+00  6.13091165e-04 
 1.49695398e+06 -1.48559281e+00  6.49485632e-04 
 1.58576281e+06 -1.48559634e+00  6.88043402e-04 
 1.67984034e+06 -1.48560031e+00  7.28893600e-04 
 1.77949915e+06 -1.48560476e+00  7.72173159e-04 
 1.88507036e+06 -1.48560975e+00  8.18027312e-04 
 1.99690471e+06 -1.48561535e+00  8.66610116e-04 
 2.11537380e+06 -1.48562163e+00  9.18085018e-04 
 2.24087122e+06 -1.48562869e+00  9.72625455e-04 
 2.37381395e+06 -1.48563660e+00  1.03041550e-03 
 2.51464369e+06 -1.48564549e+00  1.09165058e-03 
 2.66382834e+06 -1.48565545e+00  1.15653820e-03 
 2.82186357e+06 -1.48566664e+00  1.22529875e-03 
 2.98927446e+06 -1.48567919e+00  1.29816643e-03 
 3.16661723e+06 -1.48569327e+00  1.37539013e-03 
 3.35448110e+06 -1.48570908e+00  1.45723454e-03 
 3.55349024e+06 -1.48572681e+00  1.54398118e-03 
 3.76430588e+06 -1.48574671e+00  1.63592971e-03 
 3.98762844e+06 -1.48576904e+00  1.73339921e-03 
 4.22419991e+06 -1.48579410e+00  1.83672967e-03 
 4.47480631e+06 -1.48582221e+00  1.94628361e-03 
 4.74028027e+06 -1.48585376e+00  2.06244783e-03 
 5.02150383e+06 -1.48588916e+00  2.18563540e-03 
 5.31941137e+06 -1.48592888e+00  2.31628785e-03 
 5.63499267e+06 -1.48597345e+00  2.45487758e-03 
 5.96929627e+06 -1.48602345e+00  2.60191060e-03 
 6.32343288e+06 -1.48607956e+00  2.75792952e-03 
 6.69857912e+06 -1.48614252e+00  2.92351705e-03 
 7.09598142e+06 -1.48621315e+00  3.09929979e-03 
 7.51696016e+06 -1.48629240e+00  3.28595261e-03 
 7.96291403e+06 -1.48638131e+00  3.48420361e-03 
 8.43532472e+06 -1.48648106e+00  3.69483978e-03 
 8.93576181e+06 -1.48659297e+00  3.91871337e-03 
 9.46588802e+06 -1.48671851e+00  4.15674935e-03 
 1.00274647e+07 -1.48685935e+00  4.40995379e-03 
 1.06223576e+07 -1.48701733e+00  4.67942364e-03 
 1.12525434e+07 -1.48719454e+00  4.96635798e-03 
 1.19201159e+07 -1.48739330e+00  5.27207098e-03 
 1.26272929e+07 -1.48761623e+00  5.59800699e-03 
 1.33764242e+07 -1.48786624e+00  5.94575797e-03 
 1.41699988e+07 -1.48814662e+00  6.31708389e-03 
 1.50106532e+07 -1.48846101e+00  6.71393631e-03 
 1.59011806e+07 -1.48881352e+00  7.13848608e-03 
 1.68445397e+07 -1.48920872e+00  7.59315550e-03 
 1.78438649e+07 -1.48965173e+00  8.08065602e-03 
 1.89024764e+07 -1.49014827e+00  8.60403234e-03 
 2.00238915e+07 -1.49070474e+00  9.16671397e-03 
 2.12118361e+07 -1.49132826e+00  9.77257564e-03 
 2.24702570e+07 -1.49202678e+00  1.04260081e-02 
 2.38033356e+07 -1.49280917e+00  1.11320012e-02 
 2.52155008e+07 -1.49368528e+00  1.18962408e-02 
 2.67114446e+07 -1.49466610e+00  1.27252230e-02 
 2.82961373e+07 -1.49576381e+00  1.36263870e-02 
 2.99748441e+07 -1.49699196e+00  1.46082719e-02 
 3.17531424e+07 -1.49836551e+00  1.56806985e-02 
 3.36369407e+07 -1.49990107e+00  1.68549831e-02 
 3.56324979e+07 -1.50161695e+00  1.81441860e-02 
 3.77464443e+07 -1.50353330e+00  1.95634015e-02 
 3.99858033e+07 -1.50567232e+00  2.11300950e-02 
 4.23580154e+07 -1.50805828e+00  2.28644943e-02 
 4.48709622e+07 -1.51071773e+00  2.47900418e-02 
 4.75329930e+07 -1.51367954e+00  2.69339175e-02 
 5.03529523e+07 -1.51697500e+00  2.93276389e-02 
 5.33402096e+07 -1.52063781e+00  3.20077489e-02 
 5.65046900e+07 -1.52470409e+00  3.50165993e-02 
 5.98569075e+07 -1.52921221e+00  3.84032386e-02 
 6.34079998e+07 -1.53420264e+00  4.22244111e-02 
 6.71697655e+07 -1.53971754e+00  4.65456724e-02 
 7.11547031e+07 -1.54580029e+00  5.14426236e-02 
 7.53760525e+07 -1.55249473e+00  5.70022598e-02 
 7.98478392e+07 -1.55984421e+00  6.33244242e-02 
 8.45849207e+07 -1.56789027e+00  7.05233480e-02 
 8.96030360e+07 -1.57667093e+00  7.87292426e-02 
 9.49188578e+07 -1.58621864e+00  8.80898989e-02 
 1.00550048e+08 -1.59655760e+00  9.87722219e-02 
 1.06515316e+08 -1.60770054e+00  1.10963611e-01 
 1.12834482e+08 -1.61964487e+00  1.24873059e-01 
 1.19528541e+08 -1.63236809e+00  1.40731825e-01 
 1.26619734e+08 -1.64582250e+00  1.58793470e-01 
 1.34131621e+08 -1.65992918e+00  1.79333050e-01 
 1.42089162e+08 -1.67457129e+00  2.02645185e-01 
 1.50518795e+08 -1.68958690e+00  2.29040716e-01 
 1.59448526e+08 -1.70476137e+00  2.58841650e-01 
 1.68908027e+08 -1.71981993e+00  2.92374078e-01 
 1.78928725e+08 -1.73442049e+00  3.29958813e-01 
 1.89543915e+08 -1.74814768e+00  3.71899561e-01 
 2.00788865e+08 -1.76050843e+00  4.18468553e-01 
 2.12700937e+08 -1.77093021e+00  4.69889763e-01 
 2.25319709e+08 -1.77876261e+00  5.26320067e-01 
 2.38687107e+08 -1.78328314e+00  5.87828986e-01 
 2.52847543e+08 -1.78370816e+00  6.54377959e-01 
 2.67848067e+08 -1.77920926e+00  7.25800433e-01 
 2.83738518e+08 -1.76893561e+00  8.01784300e-01 
 3.00571690e+08 -1.75204177e+00  8.81858445e-01 
 3.18403514e+08 -1.72772040e+00  9.65385166e-01 
 3.37293235e+08 -1.69523844e+00  1.05156013e+00 
 3.57303614e+08 -1.65397470e+00  1.13942114e+00 
 3.78501137e+08 -1.60345661e+00  1.22786646e+00 
 4.00956231e+08 -1.54339334e+00  1.31568266e+00 
 4.24743504e+08 -1.47370250e+00  1.40158112e+00 
 4.49941989e+08 -1.39452798e+00  1.48424133e+00 
 4.76635408e+08 -1.30624714e+00  1.56235870e+00 
 5.04912451e+08 -1.20946602e+00  1.63469353e+00 
 5.34867068e+08 -1.10500279e+00  1.70011794e+00 
 5.66598783e+08 -9.93860177e-01  1.75765768e+00 
 6.00213026e+08 -8.77188816e-01  1.80652566e+00 
 6.35821479e+08 -7.56244246e-01  1.84614565e+00 
 6.73542451e+08 -6.32340461e-01  1.87616460e+00 
 7.13501272e+08 -5.06803289e-01  1.89645368e+00 
 7.55830704e+08 -3.80926466e-01  1.90709878e+00 
 8.00671387e+08 -2.55932885e-01  1.90838199e+00 
 8.48172305e+08 -1.32942759e-01  1.90075608e+00 
 8.98491278e+08 -1.29497452e-02  1.88481444e+00 
 9.51795494e+08  1.03194699e-01  1.86125865e+00 
 1.00826205e+09  2.14789049e-01  1.83086592e+00 
 1.06807857e+09  3.21282384e-01  1.79445812e+00 
 1.13144378e+09  4.22269146e-01  1.75287382e+00 
 1.19856822e+09  5.17479310e-01  1.70694407e+00 
 1.26967491e+09  6.06765306e-01  1.65747259e+00 
 1.34500010e+09  6.90086946e-01  1.60522034e+00 
 1.42479405e+09  7.67495457e-01  1.55089426e+00 
 1.50932190e+09  8.39117513e-01  1.49513996e+00 
 1.59886447e+09  9.05139942e-01  1.43853762e+00 
 1.69371927e+09  9.65795607e-01  1.38160075e+00 
 1.79420147e+09  1.02135074e+00  1.32477710e+00 
 1.90064491e+09  1.07209393e+00  1.26845128e+00 
 2.01340325e+09  1.11832669e+00  1.21294853e+00 
 2.13285113e+09  1.16035572e+00  1.15853928e+00 
 2.25938542e+09  1.19848663e+00  1.10544412e+00 
 2.39342653e+09  1.23301897e+00  1.05383902e+00 
 2.53541981e+09  1.26424250e+00  1.00386042e+00 
 2.68583703e+09  1.29243449e+00  9.55610194e-01 
 2.84517796e+09  1.31785779e+00  9.09160309e-01 
 3.01397201e+09  1.34075974e+00  8.64557143e-01 
 3.19277999e+09  1.36137151e+00  8.21825407e-01 
 3.38219600e+09  1.37990800e+00  7.80971678e-01 
 3.58284937e+09  1.39656800e+00  7.41987539e-01 
 3.79540678e+09  1.41153469e+00  7.04852338e-01 
 4.02057444e+09  1.42497627e+00  6.69535598e-01 
 4.25910048e+09  1.43704674e+00  6.35999099e-01 
 4.51177740e+09  1.44788677e+00  6.04198660e-01 
 4.77944472e+09  1.45762460e+00  5.74085665e-01 
 5.06299177e+09  1.46637695e+00  5.45608343e-01 
 5.36336063e+09  1.47424999e+00  5.18712840e-01 
 5.68154929e+09  1.48134016e+00  4.93344114e-01 
 6.01861492e+09  1.48773513e+00  4.69446666e-01 
 6.37567742e+09  1.49351455e+00  4.46965132e-01 
 6.75392314e+09  1.49875089e+00  4.25844756e-01 
 7.15460881e+09  1.50351014e+00  4.06031761e-01 
 7.57906569e+09  1.50785253e+00  3.87473630e-01 
 8.02870406e+09  1.51183315e+00  3.70119309e-01 
 8.50501783e+09  1.51550258e+00  3.53919342e-01 
 9.00958956e+09  1.51890738e+00  3.38825949e-01 
 9.54409570e+09  1.52209068e+00  3.24793053e-01 
 1.01103121e+10  1.52509256e+00  3.11776264e-01 
 1.07101201e+10  1.52795054e+00  2.99732814e-01 
 1.13455126e+10  1.53069993e+00  2.88621467e-01 
 1.20186005e+10  1.53337418e+00  2.78402382e-01 
 1.27316203e+10  1.53600519e+00  2.69036959e-01 
 1.34869410e+10  1.53862356e+00  2.60487644e-01 
 1.42870721e+10  1.54125883e+00  2.52717715e-01 
 1.51346720e+10  1.54393962e+00  2.45691044e-01 
 1.60325570e+10  1.54669379e+00  2.39371828e-01 
 1.69837102e+10  1.54954849e+00  2.33724322e-01 
 1.79912919e+10  1.55253018e+00  2.28712542e-01 
 1.90586497e+10  1.55566460e+00  2.24299972e-01 
 2.01893300e+10  1.55897661e+00  2.20449276e-01 
 2.13870894e+10  1.56249006e+00  2.17122023e-01 
 2.26559075e+10  1.56622748e+00  2.14278437e-01 
 2.40000000e+10  1.57020976e+00  2.11877198e-01 
