 0.00000000e+00  0.00000000e+00 
 2.00000000e-11  1.13452781e-04 
 4.00000000e-11 -5.14076870e-05 
 6.00000000e-11 -4.53095902e-04 
 8.00000000e-11 -1.07377293e-03 
 1.00000000e-10 -1.88377630e-03 
 1.20000000e-10 -2.85737977e-03 
 1.40000000e-10 -3.97230290e-03 
 1.60000000e-10 -5.20921653e-03 
 1.80000000e-10 -6.55137068e-03 
 2.00000000e-10 -7.98422101e-03 
 2.20000000e-10 -9.49515562e-03 
 2.40000000e-10 -1.10732102e-02 
 2.60000000e-10 -1.27088691e-02 
 2.80000000e-10 -1.43938468e-02 
 3.00000000e-10 -1.61209442e-02 
 3.20000000e-10 -1.78838806e-02 
 3.40000000e-10 -1.96771904e-02 
 3.60000000e-10 -2.14960930e-02 
 3.80000000e-10 -2.33364204e-02 
 4.00000000e-10 -2.51945150e-02 
 4.20000000e-10 -2.70671797e-02 
 4.40000000e-10 -2.89515976e-02 
 4.60000000e-10 -3.08452987e-02 
 4.80000000e-10 -3.27460958e-02 
 5.00000000e-10 -3.46520633e-02 
 5.20000000e-10 -3.65614857e-02 
 5.40000000e-10 -3.84728453e-02 
 5.60000000e-10 -4.03847804e-02 
 5.80000000e-10 -4.22960793e-02 
 6.00000000e-10 -4.42056452e-02 
 6.20000000e-10 -4.61124963e-02 
 6.40000000e-10 -4.80157353e-02 
 6.60000000e-10 -4.99145525e-02 
 6.80000000e-10 -5.18082008e-02 
 7.00000000e-10 -5.36960006e-02 
 7.20000000e-10 -5.55773177e-02 
 7.40000000e-10 -5.74515705e-02 
 7.60000000e-10 -5.93182106e-02 
 7.80000000e-10 -6.11767306e-02 
 8.00000000e-10 -6.30266472e-02 
 8.20000000e-10 -6.48675096e-02 
 8.40000000e-10 -6.66988841e-02 
 8.60000000e-10 -6.85203634e-02 
 8.80000000e-10 -7.03315519e-02 
 9.00000000e-10 -7.21320759e-02 
 9.20000000e-10 -7.39215697e-02 
 9.40000000e-10 -7.56996855e-02 
 9.60000000e-10 -7.74660814e-02 
 9.80000000e-10 -7.92204303e-02 
 1.00000000e-09 -8.09624088e-02 
 1.02000000e-09 -8.26917067e-02 
 1.04000000e-09 -8.44080162e-02 
 1.06000000e-09 -8.61110404e-02 
 1.08000000e-09 -8.78004845e-02 
 1.10000000e-09 -8.94760633e-02 
 1.12000000e-09 -9.11374926e-02 
 1.14000000e-09 -9.27844974e-02 
 1.16000000e-09 -9.44168030e-02 
 1.18000000e-09 -9.60341432e-02 
 1.20000000e-09 -9.76362520e-02 
 1.22000000e-09 -9.92228710e-02 
 1.24000000e-09 -1.00793742e-01 
 1.26000000e-09 -1.02348614e-01 
 1.28000000e-09 -1.03887237e-01 
 1.30000000e-09 -1.05409366e-01 
 1.32000000e-09 -1.06914758e-01 
 1.34000000e-09 -1.08403175e-01 
 1.36000000e-09 -1.09874381e-01 
 1.38000000e-09 -1.11328146e-01 
 1.40000000e-09 -1.12764237e-01 
 1.42000000e-09 -1.14182433e-01 
 1.44000000e-09 -1.15582508e-01 
 1.46000000e-09 -1.16964246e-01 
 1.48000000e-09 -1.18327428e-01 
 1.50000000e-09 -1.19671845e-01 
 1.52000000e-09 -1.20997284e-01 
 1.54000000e-09 -1.22303542e-01 
 1.56000000e-09 -1.23590414e-01 
 1.58000000e-09 -1.24857702e-01 
 1.60000000e-09 -1.26105209e-01 
 1.62000000e-09 -1.27332742e-01 
 1.64000000e-09 -1.28540110e-01 
 1.66000000e-09 -1.29727130e-01 
 1.68000000e-09 -1.30893615e-01 
 1.70000000e-09 -1.32039389e-01 
 1.72000000e-09 -1.33164273e-01 
 1.74000000e-09 -1.34268096e-01 
 1.76000000e-09 -1.35350687e-01 
 1.78000000e-09 -1.36411881e-01 
 1.80000000e-09 -1.37451515e-01 
 1.82000000e-09 -1.38469429e-01 
 1.84000000e-09 -1.39465468e-01 
 1.86000000e-09 -1.40439481e-01 
 1.88000000e-09 -1.41391317e-01 
 1.90000000e-09 -1.42320832e-01 
 1.92000000e-09 -1.43227884e-01 
 1.94000000e-09 -1.44112336e-01 
 1.96000000e-09 -1.44974051e-01 
 1.98000000e-09 -1.45812900e-01 
 2.00000000e-09 -1.46628754e-01 
 2.02000000e-09 -1.47421490e-01 
 2.04000000e-09 -1.48190988e-01 
 2.06000000e-09 -1.48937131e-01 
 2.08000000e-09 -1.49659806e-01 
 2.10000000e-09 -1.50358903e-01 
 2.12000000e-09 -1.51034317e-01 
 2.14000000e-09 -1.51685946e-01 
 2.16000000e-09 -1.52313691e-01 
 2.18000000e-09 -1.52917457e-01 
 2.20000000e-09 -1.53497154e-01 
 2.22000000e-09 -1.54052694e-01 
 2.24000000e-09 -1.54583993e-01 
 2.26000000e-09 -1.55090971e-01 
 2.28000000e-09 -1.55573553e-01 
 2.30000000e-09 -1.56031665e-01 
 2.32000000e-09 -1.56465239e-01 
 2.34000000e-09 -1.56874209e-01 
 2.36000000e-09 -1.57258515e-01 
 2.38000000e-09 -1.57618098e-01 
 2.40000000e-09 -1.57952905e-01 
 2.42000000e-09 -1.58262887e-01 
 2.44000000e-09 -1.58547995e-01 
 2.46000000e-09 -1.58808188e-01 
 2.48000000e-09 -1.59043427e-01 
 2.50000000e-09 -1.59253677e-01 
 2.52000000e-09 -1.59438906e-01 
 2.54000000e-09 -1.59599088e-01 
 2.56000000e-09 -1.59734198e-01 
 2.58000000e-09 -1.59844216e-01 
 2.60000000e-09 -1.59929126e-01 
 2.62000000e-09 -1.59988916e-01 
 2.64000000e-09 -1.60023576e-01 
 2.66000000e-09 -1.60033103e-01 
 2.68000000e-09 -1.60017495e-01 
 2.70000000e-09 -1.59976755e-01 
 2.72000000e-09 -1.59910888e-01 
 2.74000000e-09 -1.59819906e-01 
 2.76000000e-09 -1.59703822e-01 
 2.78000000e-09 -1.59562655e-01 
 2.80000000e-09 -1.59396424e-01 
 2.82000000e-09 -1.59205157e-01 
 2.84000000e-09 -1.58988882e-01 
 2.86000000e-09 -1.58747631e-01 
 2.88000000e-09 -1.58481442e-01 
 2.90000000e-09 -1.58190354e-01 
 2.92000000e-09 -1.57874412e-01 
 2.94000000e-09 -1.57533664e-01 
 2.96000000e-09 -1.57168160e-01 
 2.98000000e-09 -1.56777957e-01 
 3.00000000e-09 -1.56363114e-01 
 3.02000000e-09 -1.55923692e-01 
 3.04000000e-09 -1.55459760e-01 
 3.06000000e-09 -1.54971386e-01 
 3.08000000e-09 -1.54458645e-01 
 3.10000000e-09 -1.53921614e-01 
 3.12000000e-09 -1.53360375e-01 
 3.14000000e-09 -1.52775013e-01 
 3.16000000e-09 -1.52165616e-01 
 3.18000000e-09 -1.51532276e-01 
 3.20000000e-09 -1.50875090e-01 
 3.22000000e-09 -1.50194158e-01 
 3.24000000e-09 -1.49489581e-01 
 3.26000000e-09 -1.48761468e-01 
 3.28000000e-09 -1.48009929e-01 
 3.30000000e-09 -1.47235078e-01 
 3.32000000e-09 -1.46437033e-01 
 3.34000000e-09 -1.45615914e-01 
 3.36000000e-09 -1.44771848e-01 
 3.38000000e-09 -1.43904962e-01 
 3.40000000e-09 -1.43015388e-01 
 3.42000000e-09 -1.42103261e-01 
 3.44000000e-09 -1.41168722e-01 
 3.46000000e-09 -1.40211912e-01 
 3.48000000e-09 -1.39232977e-01 
 3.50000000e-09 -1.38232067e-01 
 3.52000000e-09 -1.37209335e-01 
 3.54000000e-09 -1.36164937e-01 
 3.56000000e-09 -1.35099033e-01 
 3.58000000e-09 -1.34011786e-01 
 3.60000000e-09 -1.32903363e-01 
 3.62000000e-09 -1.31773933e-01 
 3.64000000e-09 -1.30623671e-01 
 3.66000000e-09 -1.29452752e-01 
 3.68000000e-09 -1.28261356e-01 
 3.70000000e-09 -1.27049668e-01 
 3.72000000e-09 -1.25817872e-01 
 3.74000000e-09 -1.24566160e-01 
 3.76000000e-09 -1.23294723e-01 
 3.78000000e-09 -1.22003758e-01 
 3.80000000e-09 -1.20693465e-01 
 3.82000000e-09 -1.19364045e-01 
 3.84000000e-09 -1.18015705e-01 
 3.86000000e-09 -1.16648652e-01 
 3.88000000e-09 -1.15263099e-01 
 3.90000000e-09 -1.13859261e-01 
 3.92000000e-09 -1.12437354e-01 
 3.94000000e-09 -1.10997600e-01 
 3.96000000e-09 -1.09540223e-01 
 3.98000000e-09 -1.08065449e-01 
 4.00000000e-09 -1.06573507e-01 
 4.02000000e-09 -1.05064630e-01 
 4.04000000e-09 -1.03539054e-01 
 4.06000000e-09 -1.01997015e-01 
 4.08000000e-09 -1.00438755e-01 
 4.10000000e-09 -9.88645174e-02 
 4.12000000e-09 -9.72745481e-02 
 4.14000000e-09 -9.56690960e-02 
 4.16000000e-09 -9.40484124e-02 
 4.18000000e-09 -9.24127513e-02 
 4.20000000e-09 -9.07623694e-02 
 4.22000000e-09 -8.90975255e-02 
 4.24000000e-09 -8.74184813e-02 
 4.26000000e-09 -8.57255007e-02 
 4.28000000e-09 -8.40188501e-02 
 4.30000000e-09 -8.22987980e-02 
 4.32000000e-09 -8.05656155e-02 
 4.34000000e-09 -7.88195758e-02 
 4.36000000e-09 -7.70609544e-02 
 4.38000000e-09 -7.52900290e-02 
 4.40000000e-09 -7.35070793e-02 
 4.42000000e-09 -7.17123872e-02 
 4.44000000e-09 -6.99062366e-02 
 4.46000000e-09 -6.80889136e-02 
 4.48000000e-09 -6.62607058e-02 
 4.50000000e-09 -6.44219031e-02 
 4.52000000e-09 -6.25727972e-02 
 4.54000000e-09 -6.07136815e-02 
 4.56000000e-09 -5.88448513e-02 
 4.58000000e-09 -5.69666033e-02 
 4.60000000e-09 -5.50792364e-02 
 4.62000000e-09 -5.31830506e-02 
 4.64000000e-09 -5.12783477e-02 
 4.66000000e-09 -4.93654311e-02 
 4.68000000e-09 -4.74446054e-02 
 4.70000000e-09 -4.55161769e-02 
 4.72000000e-09 -4.35804530e-02 
 4.74000000e-09 -4.16377426e-02 
 4.76000000e-09 -3.96883558e-02 
 4.78000000e-09 -3.77326038e-02 
 4.80000000e-09 -3.57707990e-02 
 4.82000000e-09 -3.38032549e-02 
 4.84000000e-09 -3.18302862e-02 
 4.86000000e-09 -2.98522082e-02 
 4.88000000e-09 -2.78693375e-02 
 4.90000000e-09 -2.58819914e-02 
 4.92000000e-09 -2.38904879e-02 
 4.94000000e-09 -2.18951460e-02 
 4.96000000e-09 -1.98962852e-02 
 4.98000000e-09 -1.78942257e-02 
 5.00000000e-09 -1.58892885e-02 
 5.02000000e-09 -1.38817947e-02 
 5.04000000e-09 -1.18720662e-02 
 5.06000000e-09 -9.86042531e-03 
 5.08000000e-09 -7.84719446e-03 
 5.10000000e-09 -5.83269658e-03 
 5.12000000e-09 -3.81725477e-03 
 5.14000000e-09 -1.80119234e-03 
 5.16000000e-09  2.15167311e-04 
 5.18000000e-09  2.23150069e-03 
 5.20000000e-09  4.24748432e-03 
 5.22000000e-09  6.26279476e-03 
 5.24000000e-09  8.27710869e-03 
 5.26000000e-09  1.02901029e-02 
 5.28000000e-09  1.23014546e-02 
 5.30000000e-09  1.43108410e-02 
 5.32000000e-09  1.63179398e-02 
 5.34000000e-09  1.83224291e-02 
 5.36000000e-09  2.03239876e-02 
 5.38000000e-09  2.23222942e-02 
 5.40000000e-09  2.43170286e-02 
 5.42000000e-09  2.63078710e-02 
 5.44000000e-09  2.82945025e-02 
 5.46000000e-09  3.02766047e-02 
 5.48000000e-09  3.22538602e-02 
 5.50000000e-09  3.42259523e-02 
 5.52000000e-09  3.61925652e-02 
 5.54000000e-09  3.81533843e-02 
 5.56000000e-09  4.01080958e-02 
 5.58000000e-09  4.20563871e-02 
 5.60000000e-09  4.39979466e-02 
 5.62000000e-09  4.59324641e-02 
 5.64000000e-09  4.78596305e-02 
 5.66000000e-09  4.97791379e-02 
 5.68000000e-09  5.16906801e-02 
 5.70000000e-09  5.35939519e-02 
 5.72000000e-09  5.54886498e-02 
 5.74000000e-09  5.73744718e-02 
 5.76000000e-09  5.92511174e-02 
 5.78000000e-09  6.11182877e-02 
 5.80000000e-09  6.29756855e-02 
 5.82000000e-09  6.48230153e-02 
 5.84000000e-09  6.66599835e-02 
 5.86000000e-09  6.84862980e-02 
 5.88000000e-09  7.03016689e-02 
 5.90000000e-09  7.21058080e-02 
 5.92000000e-09  7.38984290e-02 
 5.94000000e-09  7.56792480e-02 
 5.96000000e-09  7.74479826e-02 
 5.98000000e-09  7.92043530e-02 
 6.00000000e-09  8.09480811e-02 
 6.02000000e-09  8.26788914e-02 
 6.04000000e-09  8.43965103e-02 
 6.06000000e-09  8.61006667e-02 
 6.08000000e-09  8.77910917e-02 
 6.10000000e-09  8.94675187e-02 
 6.12000000e-09  9.11296837e-02 
 6.14000000e-09  9.27773250e-02 
 6.16000000e-09  9.44101835e-02 
 6.18000000e-09  9.60280023e-02 
 6.20000000e-09  9.76305276e-02 
 6.22000000e-09  9.92175076e-02 
 6.24000000e-09  1.00788694e-01 
 6.26000000e-09  1.02343840e-01 
 6.28000000e-09  1.03882702e-01 
 6.30000000e-09  1.05405039e-01 
 6.32000000e-09  1.06910615e-01 
 6.34000000e-09  1.08399192e-01 
 6.36000000e-09  1.09870540e-01 
 6.38000000e-09  1.11324429e-01 
 6.40000000e-09  1.12760632e-01 
 6.42000000e-09  1.14178926e-01 
 6.44000000e-09  1.15579090e-01 
 6.46000000e-09  1.16960906e-01 
 6.48000000e-09  1.18324160e-01 
 6.50000000e-09  1.19668641e-01 
 6.52000000e-09  1.20994140e-01 
 6.54000000e-09  1.22300452e-01 
 6.56000000e-09  1.23587375e-01 
 6.58000000e-09  1.24854710e-01 
 6.60000000e-09  1.26102260e-01 
 6.62000000e-09  1.27329834e-01 
 6.64000000e-09  1.28537242e-01 
 6.66000000e-09  1.29724299e-01 
 6.68000000e-09  1.30890821e-01 
 6.70000000e-09  1.32036629e-01 
 6.72000000e-09  1.33161547e-01 
 6.74000000e-09  1.34265402e-01 
 6.76000000e-09  1.35348025e-01 
 6.78000000e-09  1.36409250e-01 
 6.80000000e-09  1.37448914e-01 
 6.82000000e-09  1.38466859e-01 
 6.84000000e-09  1.39462928e-01 
 6.86000000e-09  1.40436970e-01 
 6.88000000e-09  1.41388836e-01 
 6.90000000e-09  1.42318380e-01 
 6.92000000e-09  1.43225462e-01 
 6.94000000e-09  1.44109942e-01 
 6.96000000e-09  1.44971686e-01 
 6.98000000e-09  1.45810563e-01 
 7.00000000e-09  1.46626447e-01 
 7.02000000e-09  1.47419211e-01 
 7.04000000e-09  1.48188738e-01 
 7.06000000e-09  1.48934909e-01 
 7.08000000e-09  1.49657613e-01 
 7.10000000e-09  1.50356738e-01 
 7.12000000e-09  1.51032181e-01 
 7.14000000e-09  1.51683838e-01 
 7.16000000e-09  1.52311611e-01 
 7.18000000e-09  1.52915405e-01 
 7.20000000e-09  1.53495130e-01 
 7.22000000e-09  1.54050698e-01 
 7.24000000e-09  1.54582025e-01 
 7.26000000e-09  1.55089031e-01 
 7.28000000e-09  1.55571641e-01 
 7.30000000e-09  1.56029781e-01 
 7.32000000e-09  1.56463382e-01 
 7.34000000e-09  1.56872380e-01 
 7.36000000e-09  1.57256713e-01 
 7.38000000e-09  1.57616324e-01 
 7.40000000e-09  1.57951158e-01 
 7.42000000e-09  1.58261166e-01 
 7.44000000e-09  1.58546301e-01 
 7.46000000e-09  1.58806521e-01 
 7.48000000e-09  1.59041786e-01 
 7.50000000e-09  1.59252063e-01 
 7.52000000e-09  1.59437318e-01 
 7.54000000e-09  1.59597526e-01 
 7.56000000e-09  1.59732661e-01 
 7.58000000e-09  1.59842705e-01 
 7.60000000e-09  1.59927641e-01 
 7.62000000e-09  1.59987456e-01 
 7.64000000e-09  1.60022142e-01 
 7.66000000e-09  1.60031693e-01 
 7.68000000e-09  1.60016110e-01 
 7.70000000e-09  1.59975394e-01 
 7.72000000e-09  1.59909552e-01 
 7.74000000e-09  1.59818593e-01 
 7.76000000e-09  1.59702533e-01 
 7.78000000e-09  1.59561389e-01 
 7.80000000e-09  1.59395182e-01 
 7.82000000e-09  1.59203938e-01 
 7.84000000e-09  1.58987685e-01 
 7.86000000e-09  1.58746457e-01 
 7.88000000e-09  1.58480290e-01 
 7.90000000e-09  1.58189225e-01 
 7.92000000e-09  1.57873304e-01 
 7.94000000e-09  1.57532578e-01 
 7.96000000e-09  1.57167096e-01 
 7.98000000e-09  1.56776914e-01 
 8.00000000e-09  1.56362091e-01 
 8.02000000e-09  1.55922691e-01 
 8.04000000e-09  1.55458778e-01 
 8.06000000e-09  1.54970425e-01 
 8.08000000e-09  1.54457703e-01 
 8.10000000e-09  1.53920692e-01 
 8.12000000e-09  1.53359473e-01 
 8.14000000e-09  1.52774130e-01 
 8.16000000e-09  1.52164751e-01 
 8.18000000e-09  1.51531431e-01 
 8.20000000e-09  1.50874263e-01 
 8.22000000e-09  1.50193348e-01 
 8.24000000e-09  1.49488790e-01 
 8.26000000e-09  1.48760695e-01 
 8.28000000e-09  1.48009173e-01 
 8.30000000e-09  1.47234339e-01 
 8.32000000e-09  1.46436310e-01 
 8.34000000e-09  1.45615208e-01 
 8.36000000e-09  1.44771158e-01 
 8.38000000e-09  1.43904288e-01 
 8.40000000e-09  1.43014730e-01 
 8.42000000e-09  1.42102619e-01 
 8.44000000e-09  1.41168095e-01 
 8.46000000e-09  1.40211300e-01 
 8.48000000e-09  1.39232381e-01 
 8.50000000e-09  1.38231485e-01 
 8.52000000e-09  1.37208768e-01 
 8.54000000e-09  1.36164384e-01 
 8.56000000e-09  1.35098494e-01 
 8.58000000e-09  1.34011260e-01 
 8.60000000e-09  1.32902851e-01 
 8.62000000e-09  1.31773434e-01 
 8.64000000e-09  1.30623185e-01 
 8.66000000e-09  1.29452279e-01 
 8.68000000e-09  1.28260896e-01 
 8.70000000e-09  1.27049219e-01 
 8.72000000e-09  1.25817436e-01 
 8.74000000e-09  1.24565736e-01 
 8.76000000e-09  1.23294311e-01 
 8.78000000e-09  1.22003357e-01 
 8.80000000e-09  1.20693075e-01 
 8.82000000e-09  1.19363667e-01 
 8.84000000e-09  1.18015337e-01 
 8.86000000e-09  1.16648295e-01 
 8.88000000e-09  1.15262752e-01 
 8.90000000e-09  1.13858924e-01 
 8.92000000e-09  1.12437028e-01 
 8.94000000e-09  1.10997284e-01 
 8.96000000e-09  1.09539916e-01 
 8.98000000e-09  1.08065151e-01 
 9.00000000e-09  1.06573219e-01 
 9.02000000e-09  1.05064351e-01 
 9.04000000e-09  1.03538783e-01 
 9.06000000e-09  1.01996753e-01 
 9.08000000e-09  1.00438502e-01 
 9.10000000e-09  9.88642728e-02 
 9.12000000e-09  9.72743117e-02 
 9.14000000e-09  9.56688676e-02 
 9.16000000e-09  9.40481918e-02 
 9.18000000e-09  9.24125384e-02 
 9.20000000e-09  9.07621640e-02 
 9.22000000e-09  8.90973275e-02 
 9.24000000e-09  8.74182904e-02 
 9.26000000e-09  8.57253169e-02 
 9.28000000e-09  8.40186730e-02 
 9.30000000e-09  8.22986276e-02 
 9.32000000e-09  8.05654517e-02 
 9.34000000e-09  7.88194184e-02 
 9.36000000e-09  7.70608033e-02 
 9.38000000e-09  7.52898839e-02 
 9.40000000e-09  7.35069402e-02 
 9.42000000e-09  7.17122539e-02 
 9.44000000e-09  6.99061090e-02 
 9.46000000e-09  6.80887915e-02 
 9.48000000e-09  6.62605891e-02 
 9.50000000e-09  6.44217917e-02 
 9.52000000e-09  6.25726910e-02 
 9.54000000e-09  6.07135803e-02 
 9.56000000e-09  5.88447549e-02 
 9.58000000e-09  5.69665117e-02 
 9.60000000e-09  5.50791494e-02 
 9.62000000e-09  5.31829681e-02 
 9.64000000e-09  5.12782697e-02 
 9.66000000e-09  4.93653573e-02 
 9.68000000e-09  4.74445358e-02 
 9.70000000e-09  4.55161113e-02 
 9.72000000e-09  4.35803914e-02 
 9.74000000e-09  4.16376849e-02 
 9.76000000e-09  3.96883018e-02 
 9.78000000e-09  3.77325534e-02 
 9.80000000e-09  3.57707521e-02 
 9.82000000e-09  3.38032115e-02 
 9.84000000e-09  3.18302461e-02 
 9.86000000e-09  2.98521714e-02 
 9.88000000e-09  2.78693038e-02 
 9.90000000e-09  2.58819607e-02 
 9.92000000e-09  2.38904601e-02 
 9.94000000e-09  2.18951211e-02 
 9.96000000e-09  1.98962631e-02 
 9.98000000e-09  1.78942064e-02 
 1.00000000e-08  1.58892717e-02 
 1.00200000e-08  1.38817805e-02 
 1.00400000e-08  1.18720544e-02 
 1.00600000e-08  9.86041587e-03 
 1.00800000e-08  7.84718732e-03 
 1.01000000e-08  5.83269165e-03 
 1.01200000e-08  3.81725199e-03 
 1.01400000e-08  1.80119162e-03 
 1.01600000e-08 -2.15166025e-04 
 1.01800000e-08 -2.23149748e-03 
 1.02000000e-08 -4.24747925e-03 
 1.02200000e-08 -6.26278789e-03 
 1.02400000e-08 -8.27710008e-03 
 1.02600000e-08 -1.02900927e-02 
 1.02800000e-08 -1.23014427e-02 
 1.03000000e-08 -1.43108275e-02 
 1.03200000e-08 -1.63179249e-02 
 1.03400000e-08 -1.83224128e-02 
 1.03600000e-08 -2.03239699e-02 
 1.03800000e-08 -2.23222752e-02 
 1.04000000e-08 -2.43170083e-02 
 1.04200000e-08 -2.63078495e-02 
 1.04400000e-08 -2.82944799e-02 
 1.04600000e-08 -3.02765810e-02 
 1.04800000e-08 -3.22538354e-02 
 1.05000000e-08 -3.42259264e-02 
 1.05200000e-08 -3.61925384e-02 
 1.05400000e-08 -3.81533566e-02 
 1.05600000e-08 -4.01080672e-02 
 1.05800000e-08 -4.20563577e-02 
 1.06000000e-08 -4.39979164e-02 
 1.06200000e-08 -4.59324331e-02 
 1.06400000e-08 -4.78595988e-02 
 1.06600000e-08 -4.97791055e-02 
 1.06800000e-08 -5.16906470e-02 
 1.07000000e-08 -5.35939183e-02 
 1.07200000e-08 -5.54886156e-02 
 1.07400000e-08 -5.73744371e-02 
 1.07600000e-08 -5.92510822e-02 
 1.07800000e-08 -6.11182520e-02 
 1.08000000e-08 -6.29756494e-02 
 1.08200000e-08 -6.48229788e-02 
 1.08400000e-08 -6.66599466e-02 
 1.08600000e-08 -6.84862608e-02 
 1.08800000e-08 -7.03016314e-02 
 1.09000000e-08 -7.21057702e-02 
 1.09200000e-08 -7.38983910e-02 
 1.09400000e-08 -7.56792097e-02 
 1.09600000e-08 -7.74479441e-02 
 1.09800000e-08 -7.92043143e-02 
 1.10000000e-08 -8.09480423e-02 
 1.10200000e-08 -8.26788524e-02 
 1.10400000e-08 -8.43964712e-02 
 1.10600000e-08 -8.61006275e-02 
 1.10800000e-08 -8.77910524e-02 
 1.11000000e-08 -8.94674794e-02 
 1.11200000e-08 -9.11296444e-02 
 1.11400000e-08 -9.27772857e-02 
 1.11600000e-08 -9.44101441e-02 
 1.11800000e-08 -9.60279630e-02 
 1.12000000e-08 -9.76304883e-02 
 1.12200000e-08 -9.92174684e-02 
 1.12400000e-08 -1.00788655e-01 
 1.12600000e-08 -1.02343800e-01 
 1.12800000e-08 -1.03882663e-01 
 1.13000000e-08 -1.05405001e-01 
 1.13200000e-08 -1.06910576e-01 
 1.13400000e-08 -1.08399154e-01 
 1.13600000e-08 -1.09870502e-01 
 1.13800000e-08 -1.11324391e-01 
 1.14000000e-08 -1.12760594e-01 
 1.14200000e-08 -1.14178888e-01 
 1.14400000e-08 -1.15579052e-01 
 1.14600000e-08 -1.16960869e-01 
 1.14800000e-08 -1.18324123e-01 
 1.15000000e-08 -1.19668604e-01 
 1.15200000e-08 -1.20994104e-01 
 1.15400000e-08 -1.22300416e-01 
 1.15600000e-08 -1.23587339e-01 
 1.15800000e-08 -1.24854674e-01 
 1.16000000e-08 -1.26102224e-01 
 1.16200000e-08 -1.27329799e-01 
 1.16400000e-08 -1.28537207e-01 
 1.16600000e-08 -1.29724264e-01 
 1.16800000e-08 -1.30890786e-01 
 1.17000000e-08 -1.32036594e-01 
 1.17200000e-08 -1.33161513e-01 
 1.17400000e-08 -1.34265368e-01 
 1.17600000e-08 -1.35347991e-01 
 1.17800000e-08 -1.36409217e-01 
 1.18000000e-08 -1.37448882e-01 
 1.18200000e-08 -1.38466827e-01 
 1.18400000e-08 -1.39462896e-01 
 1.18600000e-08 -1.40436939e-01 
 1.18800000e-08 -1.41388805e-01 
 1.19000000e-08 -1.42318349e-01 
 1.19200000e-08 -1.43225431e-01 
 1.19400000e-08 -1.44109911e-01 
 1.19600000e-08 -1.44971656e-01 
 1.19800000e-08 -1.45810534e-01 
 1.20000000e-08 -1.46626417e-01 
 1.20200000e-08 -1.47419182e-01 
 1.20400000e-08 -1.48188709e-01 
 1.20600000e-08 -1.48934881e-01 
 1.20800000e-08 -1.49657585e-01 
 1.21000000e-08 -1.50356711e-01 
 1.21200000e-08 -1.51032153e-01 
 1.21400000e-08 -1.51683811e-01 
 1.21600000e-08 -1.52311584e-01 
 1.21800000e-08 -1.52915379e-01 
 1.22000000e-08 -1.53495104e-01 
 1.22200000e-08 -1.54050673e-01 
 1.22400000e-08 -1.54582000e-01 
 1.22600000e-08 -1.55089007e-01 
 1.22800000e-08 -1.55571616e-01 
 1.23000000e-08 -1.56029757e-01 
 1.23200000e-08 -1.56463358e-01 
 1.23400000e-08 -1.56872357e-01 
 1.23600000e-08 -1.57256690e-01 
 1.23800000e-08 -1.57616301e-01 
 1.24000000e-08 -1.57951136e-01 
 1.24200000e-08 -1.58261144e-01 
 1.24400000e-08 -1.58546280e-01 
 1.24600000e-08 -1.58806500e-01 
 1.24800000e-08 -1.59041766e-01 
 1.25000000e-08 -1.59252042e-01 
 1.25200000e-08 -1.59437298e-01 
 1.25400000e-08 -1.59597506e-01 
 1.25600000e-08 -1.59732642e-01 
 1.25800000e-08 -1.59842686e-01 
 1.26000000e-08 -1.59927622e-01 
 1.26200000e-08 -1.59987437e-01 
 1.26400000e-08 -1.60022123e-01 
 1.26600000e-08 -1.60031675e-01 
 1.26800000e-08 -1.60016092e-01 
 1.27000000e-08 -1.59975376e-01 
 1.27200000e-08 -1.59909534e-01 
 1.27400000e-08 -1.59818577e-01 
 1.27600000e-08 -1.59702517e-01 
 1.27800000e-08 -1.59561373e-01 
 1.28000000e-08 -1.59395166e-01 
 1.28200000e-08 -1.59203922e-01 
 1.28400000e-08 -1.58987670e-01 
 1.28600000e-08 -1.58746442e-01 
 1.28800000e-08 -1.58480276e-01 
 1.29000000e-08 -1.58189210e-01 
 1.29200000e-08 -1.57873290e-01 
 1.29400000e-08 -1.57532564e-01 
 1.29600000e-08 -1.57167082e-01 
 1.29800000e-08 -1.56776901e-01 
 1.30000000e-08 -1.56362078e-01 
 1.30200000e-08 -1.55922678e-01 
 1.30400000e-08 -1.55458766e-01 
 1.30600000e-08 -1.54970412e-01 
 1.30800000e-08 -1.54457691e-01 
 1.31000000e-08 -1.53920681e-01 
 1.31200000e-08 -1.53359461e-01 
 1.31400000e-08 -1.52774118e-01 
 1.31600000e-08 -1.52164740e-01 
 1.31800000e-08 -1.51531420e-01 
 1.32000000e-08 -1.50874252e-01 
 1.32200000e-08 -1.50193338e-01 
 1.32400000e-08 -1.49488780e-01 
 1.32600000e-08 -1.48760685e-01 
 1.32800000e-08 -1.48009163e-01 
 1.33000000e-08 -1.47234329e-01 
 1.33200000e-08 -1.46436301e-01 
 1.33400000e-08 -1.45615199e-01 
 1.33600000e-08 -1.44771149e-01 
 1.33800000e-08 -1.43904280e-01 
 1.34000000e-08 -1.43014722e-01 
 1.34200000e-08 -1.42102611e-01 
 1.34400000e-08 -1.41168087e-01 
 1.34600000e-08 -1.40211293e-01 
 1.34800000e-08 -1.39232373e-01 
 1.35000000e-08 -1.38231478e-01 
 1.35200000e-08 -1.37208760e-01 
 1.35400000e-08 -1.36164377e-01 
 1.35600000e-08 -1.35098487e-01 
 1.35800000e-08 -1.34011254e-01 
 1.36000000e-08 -1.32902844e-01 
 1.36200000e-08 -1.31773428e-01 
 1.36400000e-08 -1.30623179e-01 
 1.36600000e-08 -1.29452273e-01 
 1.36800000e-08 -1.28260890e-01 
 1.37000000e-08 -1.27049214e-01 
 1.37200000e-08 -1.25817431e-01 
 1.37400000e-08 -1.24565730e-01 
 1.37600000e-08 -1.23294305e-01 
 1.37800000e-08 -1.22003352e-01 
 1.38000000e-08 -1.20693070e-01 
 1.38200000e-08 -1.19363662e-01 
 1.38400000e-08 -1.18015332e-01 
 1.38600000e-08 -1.16648290e-01 
 1.38800000e-08 -1.15262748e-01 
 1.39000000e-08 -1.13858920e-01 
 1.39200000e-08 -1.12437023e-01 
 1.39400000e-08 -1.10997280e-01 
 1.39600000e-08 -1.09539912e-01 
 1.39800000e-08 -1.08065147e-01 
 1.40000000e-08 -1.06573215e-01 
 1.40200000e-08 -1.05064348e-01 
 1.40400000e-08 -1.03538780e-01 
 1.40600000e-08 -1.01996750e-01 
 1.40800000e-08 -1.00438499e-01 
 1.41000000e-08 -9.88642697e-02 
 1.41200000e-08 -9.72743087e-02 
 1.41400000e-08 -9.56688647e-02 
 1.41600000e-08 -9.40481890e-02 
 1.41800000e-08 -9.24125357e-02 
 1.42000000e-08 -9.07621613e-02 
 1.42200000e-08 -8.90973249e-02 
 1.42400000e-08 -8.74182880e-02 
 1.42600000e-08 -8.57253145e-02 
 1.42800000e-08 -8.40186708e-02 
 1.43000000e-08 -8.22986255e-02 
 1.43200000e-08 -8.05654496e-02 
 1.43400000e-08 -7.88194164e-02 
 1.43600000e-08 -7.70608013e-02 
 1.43800000e-08 -7.52898821e-02 
 1.44000000e-08 -7.35069384e-02 
 1.44200000e-08 -7.17122522e-02 
 1.44400000e-08 -6.99061074e-02 
 1.44600000e-08 -6.80887899e-02 
 1.44800000e-08 -6.62605876e-02 
 1.45000000e-08 -6.44217903e-02 
 1.45200000e-08 -6.25726896e-02 
 1.45400000e-08 -6.07135790e-02 
 1.45600000e-08 -5.88447537e-02 
 1.45800000e-08 -5.69665106e-02 
 1.46000000e-08 -5.50791483e-02 
 1.46200000e-08 -5.31829671e-02 
 1.46400000e-08 -5.12782687e-02 
 1.46600000e-08 -4.93653564e-02 
 1.46800000e-08 -4.74445349e-02 
 1.47000000e-08 -4.55161105e-02 
 1.47200000e-08 -4.35803906e-02 
 1.47400000e-08 -4.16376841e-02 
 1.47600000e-08 -3.96883011e-02 
 1.47800000e-08 -3.77325527e-02 
 1.48000000e-08 -3.57707515e-02 
 1.48200000e-08 -3.38032109e-02 
 1.48400000e-08 -3.18302456e-02 
 1.48600000e-08 -2.98521709e-02 
 1.48800000e-08 -2.78693033e-02 
 1.49000000e-08 -2.58819603e-02 
 1.49200000e-08 -2.38904598e-02 
 1.49400000e-08 -2.18951208e-02 
 1.49600000e-08 -1.98962628e-02 
 1.49800000e-08 -1.78942061e-02 
 1.50000000e-08 -1.58892715e-02 
 1.50200000e-08 -1.38817803e-02 
 1.50400000e-08 -1.18720543e-02 
 1.50600000e-08 -9.86041575e-03 
 1.50800000e-08 -7.84718723e-03 
 1.51000000e-08 -5.83269159e-03 
 1.51200000e-08 -3.81725195e-03 
 1.51400000e-08 -1.80119162e-03 
 1.51600000e-08  2.15166009e-04 
 1.51800000e-08  2.23149744e-03 
 1.52000000e-08  4.24747918e-03 
 1.52200000e-08  6.26278780e-03 
 1.52400000e-08  8.27709997e-03 
 1.52600000e-08  1.02900925e-02 
 1.52800000e-08  1.23014425e-02 
 1.53000000e-08  1.43108274e-02 
 1.53200000e-08  1.63179247e-02 
 1.53400000e-08  1.83224126e-02 
 1.53600000e-08  2.03239696e-02 
 1.53800000e-08  2.23222749e-02 
 1.54000000e-08  2.43170080e-02 
 1.54200000e-08  2.63078493e-02 
 1.54400000e-08  2.82944796e-02 
 1.54600000e-08  3.02765807e-02 
 1.54800000e-08  3.22538351e-02 
 1.55000000e-08  3.42259261e-02 
 1.55200000e-08  3.61925381e-02 
 1.55400000e-08  3.81533562e-02 
 1.55600000e-08  4.01080669e-02 
 1.55800000e-08  4.20563573e-02 
 1.56000000e-08  4.39979160e-02 
 1.56200000e-08  4.59324327e-02 
 1.56400000e-08  4.78595984e-02 
 1.56600000e-08  4.97791051e-02 
 1.56800000e-08  5.16906466e-02 
 1.57000000e-08  5.35939178e-02 
 1.57200000e-08  5.54886152e-02 
 1.57400000e-08  5.73744366e-02 
 1.57600000e-08  5.92510817e-02 
 1.57800000e-08  6.11182516e-02 
 1.58000000e-08  6.29756489e-02 
 1.58200000e-08  6.48229784e-02 
 1.58400000e-08  6.66599462e-02 
 1.58600000e-08  6.84862603e-02 
 1.58800000e-08  7.03016309e-02 
 1.59000000e-08  7.21057697e-02 
 1.59200000e-08  7.38983905e-02 
 1.59400000e-08  7.56792092e-02 
 1.59600000e-08  7.74479437e-02 
 1.59800000e-08  7.92043138e-02 
 1.60000000e-08  8.09480418e-02 
 1.60200000e-08  8.26788519e-02 
 1.60400000e-08  8.43964707e-02 
 1.60600000e-08  8.61006270e-02 
 1.60800000e-08  8.77910519e-02 
 1.61000000e-08  8.94674789e-02 
 1.61200000e-08  9.11296439e-02 
 1.61400000e-08  9.27772852e-02 
 1.61600000e-08  9.44101436e-02 
 1.61800000e-08  9.60279625e-02 
 1.62000000e-08  9.76304878e-02 
 1.62200000e-08  9.92174679e-02 
 1.62400000e-08  1.00788654e-01 
 1.62600000e-08  1.02343800e-01 
 1.62800000e-08  1.03882662e-01 
 1.63000000e-08  1.05405000e-01 
 1.63200000e-08  1.06910575e-01 
 1.63400000e-08  1.08399153e-01 
 1.63600000e-08  1.09870502e-01 
 1.63800000e-08  1.11324390e-01 
 1.64000000e-08  1.12760594e-01 
 1.64200000e-08  1.14178888e-01 
 1.64400000e-08  1.15579052e-01 
 1.64600000e-08  1.16960868e-01 
 1.64800000e-08  1.18324123e-01 
 1.65000000e-08  1.19668604e-01 
 1.65200000e-08  1.20994103e-01 
 1.65400000e-08  1.22300415e-01 
 1.65600000e-08  1.23587338e-01 
 1.65800000e-08  1.24854673e-01 
 1.66000000e-08  1.26102224e-01 
 1.66200000e-08  1.27329798e-01 
 1.66400000e-08  1.28537207e-01 
 1.66600000e-08  1.29724263e-01 
 1.66800000e-08  1.30890786e-01 
 1.67000000e-08  1.32036594e-01 
 1.67200000e-08  1.33161512e-01 
 1.67400000e-08  1.34265368e-01 
 1.67600000e-08  1.35347991e-01 
 1.67800000e-08  1.36409216e-01 
 1.68000000e-08  1.37448881e-01 
 1.68200000e-08  1.38466826e-01 
 1.68400000e-08  1.39462896e-01 
 1.68600000e-08  1.40436938e-01 
 1.68800000e-08  1.41388804e-01 
 1.69000000e-08  1.42318349e-01 
 1.69200000e-08  1.43225431e-01 
 1.69400000e-08  1.44109911e-01 
 1.69600000e-08  1.44971656e-01 
 1.69800000e-08  1.45810533e-01 
 1.70000000e-08  1.46626417e-01 
 1.70200000e-08  1.47419182e-01 
 1.70400000e-08  1.48188709e-01 
 1.70600000e-08  1.48934881e-01 
 1.70800000e-08  1.49657584e-01 
 1.71000000e-08  1.50356710e-01 
 1.71200000e-08  1.51032153e-01 
 1.71400000e-08  1.51683810e-01 
 1.71600000e-08  1.52311584e-01 
 1.71800000e-08  1.52915379e-01 
 1.72000000e-08  1.53495104e-01 
 1.72200000e-08  1.54050672e-01 
 1.72400000e-08  1.54582000e-01 
 1.72600000e-08  1.55089006e-01 
 1.72800000e-08  1.55571616e-01 
 1.73000000e-08  1.56029756e-01 
 1.73200000e-08  1.56463358e-01 
 1.73400000e-08  1.56872356e-01 
 1.73600000e-08  1.57256690e-01 
 1.73800000e-08  1.57616301e-01 
 1.74000000e-08  1.57951136e-01 
 1.74200000e-08  1.58261144e-01 
 1.74400000e-08  1.58546279e-01 
 1.74600000e-08  1.58806499e-01 
 1.74800000e-08  1.59041765e-01 
 1.75000000e-08  1.59252042e-01 
 1.75200000e-08  1.59437298e-01 
 1.75400000e-08  1.59597506e-01 
 1.75600000e-08  1.59732642e-01 
 1.75800000e-08  1.59842686e-01 
 1.76000000e-08  1.59927622e-01 
 1.76200000e-08  1.59987437e-01 
 1.76400000e-08  1.60022123e-01 
 1.76600000e-08  1.60031675e-01 
 1.76800000e-08  1.60016092e-01 
 1.77000000e-08  1.59975376e-01 
 1.77200000e-08  1.59909534e-01 
 1.77400000e-08  1.59818576e-01 
 1.77600000e-08  1.59702517e-01 
 1.77800000e-08  1.59561373e-01 
 1.78000000e-08  1.59395166e-01 
 1.78200000e-08  1.59203922e-01 
 1.78400000e-08  1.58987670e-01 
 1.78600000e-08  1.58746442e-01 
 1.78800000e-08  1.58480275e-01 
 1.79000000e-08  1.58189210e-01 
 1.79200000e-08  1.57873290e-01 
 1.79400000e-08  1.57532564e-01 
 1.79600000e-08  1.57167082e-01 
 1.79800000e-08  1.56776900e-01 
 1.80000000e-08  1.56362078e-01 
 1.80200000e-08  1.55922678e-01 
 1.80400000e-08  1.55458766e-01 
 1.80600000e-08  1.54970412e-01 
 1.80800000e-08  1.54457691e-01 
 1.81000000e-08  1.53920681e-01 
 1.81200000e-08  1.53359461e-01 
 1.81400000e-08  1.52774118e-01 
 1.81600000e-08  1.52164740e-01 
 1.81800000e-08  1.51531420e-01 
 1.82000000e-08  1.50874252e-01 
 1.82200000e-08  1.50193338e-01 
 1.82400000e-08  1.49488780e-01 
 1.82600000e-08  1.48760685e-01 
 1.82800000e-08  1.48009163e-01 
 1.83000000e-08  1.47234329e-01 
 1.83200000e-08  1.46436301e-01 
 1.83400000e-08  1.45615199e-01 
 1.83600000e-08  1.44771149e-01 
 1.83800000e-08  1.43904279e-01 
 1.84000000e-08  1.43014722e-01 
 1.84200000e-08  1.42102611e-01 
 1.84400000e-08  1.41168087e-01 
 1.84600000e-08  1.40211293e-01 
 1.84800000e-08  1.39232373e-01 
 1.85000000e-08  1.38231478e-01 
 1.85200000e-08  1.37208760e-01 
 1.85400000e-08  1.36164377e-01 
 1.85600000e-08  1.35098487e-01 
 1.85800000e-08  1.34011254e-01 
 1.86000000e-08  1.32902844e-01 
 1.86200000e-08  1.31773428e-01 
 1.86400000e-08  1.30623179e-01 
 1.86600000e-08  1.29452273e-01 
 1.86800000e-08  1.28260890e-01 
 1.87000000e-08  1.27049214e-01 
 1.87200000e-08  1.25817431e-01 
 1.87400000e-08  1.24565730e-01 
 1.87600000e-08  1.23294305e-01 
 1.87800000e-08  1.22003352e-01 
 1.88000000e-08  1.20693070e-01 
 1.88200000e-08  1.19363662e-01 
 1.88400000e-08  1.18015332e-01 
 1.88600000e-08  1.16648290e-01 
 1.88800000e-08  1.15262748e-01 
 1.89000000e-08  1.13858920e-01 
 1.89200000e-08  1.12437023e-01 
 1.89400000e-08  1.10997279e-01 
 1.89600000e-08  1.09539912e-01 
 1.89800000e-08  1.08065147e-01 
 1.90000000e-08  1.06573215e-01 
 1.90200000e-08  1.05064348e-01 
 1.90400000e-08  1.03538780e-01 
 1.90600000e-08  1.01996750e-01 
 1.90800000e-08  1.00438499e-01 
 1.91000000e-08  9.88642697e-02 
 1.91200000e-08  9.72743087e-02 
 1.91400000e-08  9.56688646e-02 
 1.91600000e-08  9.40481890e-02 
 1.91800000e-08  9.24125357e-02 
 1.92000000e-08  9.07621613e-02 
 1.92200000e-08  8.90973249e-02 
 1.92400000e-08  8.74182880e-02 
 1.92600000e-08  8.57253145e-02 
 1.92800000e-08  8.40186707e-02 
 1.93000000e-08  8.22986254e-02 
 1.93200000e-08  8.05654496e-02 
 1.93400000e-08  7.88194164e-02 
 1.93600000e-08  7.70608013e-02 
 1.93800000e-08  7.52898821e-02 
 1.94000000e-08  7.35069384e-02 
 1.94200000e-08  7.17122522e-02 
 1.94400000e-08  6.99061074e-02 
 1.94600000e-08  6.80887899e-02 
 1.94800000e-08  6.62605876e-02 
 1.95000000e-08  6.44217903e-02 
 1.95200000e-08  6.25726896e-02 
 1.95400000e-08  6.07135790e-02 
 1.95600000e-08  5.88447537e-02 
 1.95800000e-08  5.69665106e-02 
 1.96000000e-08  5.50791483e-02 
 1.96200000e-08  5.31829671e-02 
 1.96400000e-08  5.12782686e-02 
 1.96600000e-08  4.93653563e-02 
 1.96800000e-08  4.74445349e-02 
 1.97000000e-08  4.55161105e-02 
 1.97200000e-08  4.35803906e-02 
 1.97400000e-08  4.16376841e-02 
 1.97600000e-08  3.96883011e-02 
 1.97800000e-08  3.77325527e-02 
 1.98000000e-08  3.57707515e-02 
 1.98200000e-08  3.38032109e-02 
 1.98400000e-08  3.18302456e-02 
 1.98600000e-08  2.98521709e-02 
 1.98800000e-08  2.78693033e-02 
 1.99000000e-08  2.58819603e-02 
 1.99200000e-08  2.38904598e-02 
 1.99400000e-08  2.18951208e-02 
 1.99600000e-08  1.98962628e-02 
 1.99800000e-08  1.78942061e-02 
 2.00000000e-08  1.58892715e-02 
 2.00200000e-08  1.38817803e-02 
 2.00400000e-08  1.18720543e-02 
 2.00600000e-08  9.86041575e-03 
 2.00800000e-08  7.84718722e-03 
 2.01000000e-08  5.83269159e-03 
 2.01200000e-08  3.81725195e-03 
 2.01400000e-08  1.80119162e-03 
 2.01600000e-08 -2.15166009e-04 
 2.01800000e-08 -2.23149744e-03 
 2.02000000e-08 -4.24747918e-03 
 2.02200000e-08 -6.26278780e-03 
 2.02400000e-08 -8.27709997e-03 
 2.02600000e-08 -1.02900925e-02 
 2.02800000e-08 -1.23014425e-02 
 2.03000000e-08 -1.43108274e-02 
 2.03200000e-08 -1.63179247e-02 
 2.03400000e-08 -1.83224126e-02 
 2.03600000e-08 -2.03239696e-02 
 2.03800000e-08 -2.23222749e-02 
 2.04000000e-08 -2.43170080e-02 
 2.04200000e-08 -2.63078493e-02 
 2.04400000e-08 -2.82944796e-02 
 2.04600000e-08 -3.02765807e-02 
 2.04800000e-08 -3.22538351e-02 
 2.05000000e-08 -3.42259261e-02 
 2.05200000e-08 -3.61925381e-02 
 2.05400000e-08 -3.81533562e-02 
 2.05600000e-08 -4.01080669e-02 
 2.05800000e-08 -4.20563573e-02 
 2.06000000e-08 -4.39979160e-02 
 2.06200000e-08 -4.59324327e-02 
 2.06400000e-08 -4.78595984e-02 
 2.06600000e-08 -4.97791051e-02 
 2.06800000e-08 -5.16906466e-02 
 2.07000000e-08 -5.35939178e-02 
 2.07200000e-08 -5.54886152e-02 
 2.07400000e-08 -5.73744366e-02 
 2.07600000e-08 -5.92510817e-02 
 2.07800000e-08 -6.11182516e-02 
 2.08000000e-08 -6.29756489e-02 
 2.08200000e-08 -6.48229784e-02 
 2.08400000e-08 -6.66599461e-02 
 2.08600000e-08 -6.84862603e-02 
 2.08800000e-08 -7.03016309e-02 
 2.09000000e-08 -7.21057697e-02 
 2.09200000e-08 -7.38983905e-02 
 2.09400000e-08 -7.56792092e-02 
 2.09600000e-08 -7.74479436e-02 
 2.09800000e-08 -7.92043138e-02 
 2.10000000e-08 -8.09480418e-02 
 2.10200000e-08 -8.26788519e-02 
 2.10400000e-08 -8.43964707e-02 
 2.10600000e-08 -8.61006270e-02 
 2.10800000e-08 -8.77910519e-02 
 2.11000000e-08 -8.94674789e-02 
 2.11200000e-08 -9.11296439e-02 
 2.11400000e-08 -9.27772852e-02 
 2.11600000e-08 -9.44101436e-02 
 2.11800000e-08 -9.60279625e-02 
 2.12000000e-08 -9.76304878e-02 
 2.12200000e-08 -9.92174679e-02 
 2.12400000e-08 -1.00788654e-01 
 2.12600000e-08 -1.02343800e-01 
 2.12800000e-08 -1.03882662e-01 
 2.13000000e-08 -1.05405000e-01 
 2.13200000e-08 -1.06910575e-01 
 2.13400000e-08 -1.08399153e-01 
 2.13600000e-08 -1.09870502e-01 
 2.13800000e-08 -1.11324390e-01 
 2.14000000e-08 -1.12760594e-01 
 2.14200000e-08 -1.14178888e-01 
 2.14400000e-08 -1.15579052e-01 
 2.14600000e-08 -1.16960868e-01 
 2.14800000e-08 -1.18324123e-01 
 2.15000000e-08 -1.19668604e-01 
 2.15200000e-08 -1.20994103e-01 
 2.15400000e-08 -1.22300415e-01 
 2.15600000e-08 -1.23587338e-01 
 2.15800000e-08 -1.24854673e-01 
 2.16000000e-08 -1.26102224e-01 
 2.16200000e-08 -1.27329798e-01 
 2.16400000e-08 -1.28537207e-01 
 2.16600000e-08 -1.29724263e-01 
 2.16800000e-08 -1.30890786e-01 
 2.17000000e-08 -1.32036594e-01 
 2.17200000e-08 -1.33161512e-01 
 2.17400000e-08 -1.34265368e-01 
 2.17600000e-08 -1.35347991e-01 
 2.17800000e-08 -1.36409216e-01 
 2.18000000e-08 -1.37448881e-01 
 2.18200000e-08 -1.38466826e-01 
 2.18400000e-08 -1.39462896e-01 
 2.18600000e-08 -1.40436938e-01 
 2.18800000e-08 -1.41388804e-01 
 2.19000000e-08 -1.42318349e-01 
 2.19200000e-08 -1.43225431e-01 
 2.19400000e-08 -1.44109911e-01 
 2.19600000e-08 -1.44971656e-01 
 2.19800000e-08 -1.45810533e-01 
 2.20000000e-08 -1.46626417e-01 
 2.20200000e-08 -1.47419182e-01 
 2.20400000e-08 -1.48188709e-01 
 2.20600000e-08 -1.48934881e-01 
 2.20800000e-08 -1.49657584e-01 
 2.21000000e-08 -1.50356710e-01 
 2.21200000e-08 -1.51032153e-01 
 2.21400000e-08 -1.51683810e-01 
 2.21600000e-08 -1.52311584e-01 
 2.21800000e-08 -1.52915379e-01 
 2.22000000e-08 -1.53495104e-01 
 2.22200000e-08 -1.54050672e-01 
 2.22400000e-08 -1.54582000e-01 
 2.22600000e-08 -1.55089006e-01 
 2.22800000e-08 -1.55571616e-01 
 2.23000000e-08 -1.56029756e-01 
 2.23200000e-08 -1.56463358e-01 
 2.23400000e-08 -1.56872356e-01 
 2.23600000e-08 -1.57256690e-01 
 2.23800000e-08 -1.57616301e-01 
 2.24000000e-08 -1.57951136e-01 
 2.24200000e-08 -1.58261144e-01 
 2.24400000e-08 -1.58546279e-01 
 2.24600000e-08 -1.58806499e-01 
 2.24800000e-08 -1.59041765e-01 
 2.25000000e-08 -1.59252042e-01 
 2.25200000e-08 -1.59437298e-01 
 2.25400000e-08 -1.59597506e-01 
 2.25600000e-08 -1.59732642e-01 
 2.25800000e-08 -1.59842686e-01 
 2.26000000e-08 -1.59927622e-01 
 2.26200000e-08 -1.59987437e-01 
 2.26400000e-08 -1.60022123e-01 
 2.26600000e-08 -1.60031675e-01 
 2.26800000e-08 -1.60016092e-01 
 2.27000000e-08 -1.59975376e-01 
 2.27200000e-08 -1.59909534e-01 
 2.27400000e-08 -1.59818576e-01 
 2.27600000e-08 -1.59702517e-01 
 2.27800000e-08 -1.59561373e-01 
 2.28000000e-08 -1.59395166e-01 
 2.28200000e-08 -1.59203922e-01 
 2.28400000e-08 -1.58987670e-01 
 2.28600000e-08 -1.58746442e-01 
 2.28800000e-08 -1.58480275e-01 
 2.29000000e-08 -1.58189210e-01 
 2.29200000e-08 -1.57873290e-01 
 2.29400000e-08 -1.57532564e-01 
 2.29600000e-08 -1.57167082e-01 
 2.29800000e-08 -1.56776900e-01 
 2.30000000e-08 -1.56362078e-01 
 2.30200000e-08 -1.55922678e-01 
 2.30400000e-08 -1.55458766e-01 
 2.30600000e-08 -1.54970412e-01 
 2.30800000e-08 -1.54457691e-01 
 2.31000000e-08 -1.53920681e-01 
 2.31200000e-08 -1.53359461e-01 
 2.31400000e-08 -1.52774118e-01 
 2.31600000e-08 -1.52164740e-01 
 2.31800000e-08 -1.51531420e-01 
 2.32000000e-08 -1.50874252e-01 
 2.32200000e-08 -1.50193338e-01 
 2.32400000e-08 -1.49488780e-01 
 2.32600000e-08 -1.48760685e-01 
 2.32800000e-08 -1.48009163e-01 
 2.33000000e-08 -1.47234329e-01 
 2.33200000e-08 -1.46436301e-01 
 2.33400000e-08 -1.45615199e-01 
 2.33600000e-08 -1.44771149e-01 
 2.33800000e-08 -1.43904279e-01 
 2.34000000e-08 -1.43014722e-01 
 2.34200000e-08 -1.42102611e-01 
 2.34400000e-08 -1.41168087e-01 
 2.34600000e-08 -1.40211293e-01 
 2.34800000e-08 -1.39232373e-01 
 2.35000000e-08 -1.38231478e-01 
 2.35200000e-08 -1.37208760e-01 
 2.35400000e-08 -1.36164377e-01 
 2.35600000e-08 -1.35098487e-01 
 2.35800000e-08 -1.34011254e-01 
 2.36000000e-08 -1.32902844e-01 
 2.36200000e-08 -1.31773428e-01 
 2.36400000e-08 -1.30623179e-01 
 2.36600000e-08 -1.29452273e-01 
 2.36800000e-08 -1.28260890e-01 
 2.37000000e-08 -1.27049214e-01 
 2.37200000e-08 -1.25817431e-01 
 2.37400000e-08 -1.24565730e-01 
 2.37600000e-08 -1.23294305e-01 
 2.37800000e-08 -1.22003352e-01 
 2.38000000e-08 -1.20693070e-01 
 2.38200000e-08 -1.19363662e-01 
 2.38400000e-08 -1.18015332e-01 
 2.38600000e-08 -1.16648290e-01 
 2.38800000e-08 -1.15262748e-01 
 2.39000000e-08 -1.13858920e-01 
 2.39200000e-08 -1.12437023e-01 
 2.39400000e-08 -1.10997279e-01 
 2.39600000e-08 -1.09539912e-01 
 2.39800000e-08 -1.08065147e-01 
 2.40000000e-08 -1.06573215e-01 
 2.40200000e-08 -1.05064348e-01 
 2.40400000e-08 -1.03538780e-01 
 2.40600000e-08 -1.01996750e-01 
 2.40800000e-08 -1.00438499e-01 
 2.41000000e-08 -9.88642697e-02 
 2.41200000e-08 -9.72743087e-02 
 2.41400000e-08 -9.56688646e-02 
 2.41600000e-08 -9.40481890e-02 
 2.41800000e-08 -9.24125357e-02 
 2.42000000e-08 -9.07621613e-02 
 2.42200000e-08 -8.90973249e-02 
 2.42400000e-08 -8.74182880e-02 
 2.42600000e-08 -8.57253145e-02 
 2.42800000e-08 -8.40186707e-02 
 2.43000000e-08 -8.22986254e-02 
 2.43200000e-08 -8.05654496e-02 
 2.43400000e-08 -7.88194164e-02 
 2.43600000e-08 -7.70608013e-02 
 2.43800000e-08 -7.52898821e-02 
 2.44000000e-08 -7.35069384e-02 
 2.44200000e-08 -7.17122522e-02 
 2.44400000e-08 -6.99061074e-02 
 2.44600000e-08 -6.80887899e-02 
 2.44800000e-08 -6.62605876e-02 
 2.45000000e-08 -6.44217903e-02 
 2.45200000e-08 -6.25726896e-02 
 2.45400000e-08 -6.07135790e-02 
 2.45600000e-08 -5.88447537e-02 
 2.45800000e-08 -5.69665106e-02 
 2.46000000e-08 -5.50791483e-02 
 2.46200000e-08 -5.31829671e-02 
 2.46400000e-08 -5.12782686e-02 
 2.46600000e-08 -4.93653563e-02 
 2.46800000e-08 -4.74445349e-02 
 2.47000000e-08 -4.55161105e-02 
 2.47200000e-08 -4.35803906e-02 
 2.47400000e-08 -4.16376841e-02 
 2.47600000e-08 -3.96883011e-02 
 2.47800000e-08 -3.77325527e-02 
 2.48000000e-08 -3.57707515e-02 
 2.48200000e-08 -3.38032109e-02 
 2.48400000e-08 -3.18302456e-02 
 2.48600000e-08 -2.98521709e-02 
 2.48800000e-08 -2.78693033e-02 
 2.49000000e-08 -2.58819603e-02 
 2.49200000e-08 -2.38904598e-02 
 2.49400000e-08 -2.18951208e-02 
 2.49600000e-08 -1.98962628e-02 
 2.49800000e-08 -1.78942061e-02 
 2.50000000e-08 -1.58892715e-02 
 2.50200000e-08 -1.38817803e-02 
 2.50400000e-08 -1.18720543e-02 
 2.50600000e-08 -9.86041575e-03 
 2.50800000e-08 -7.84718722e-03 
 2.51000000e-08 -5.83269159e-03 
 2.51200000e-08 -3.81725195e-03 
 2.51400000e-08 -1.80119162e-03 
 2.51600000e-08  2.15166009e-04 
 2.51800000e-08  2.23149744e-03 
 2.52000000e-08  4.24747918e-03 
 2.52200000e-08  6.26278780e-03 
 2.52400000e-08  8.27709997e-03 
 2.52600000e-08  1.02900925e-02 
 2.52800000e-08  1.23014425e-02 
 2.53000000e-08  1.43108274e-02 
 2.53200000e-08  1.63179247e-02 
 2.53400000e-08  1.83224126e-02 
 2.53600000e-08  2.03239696e-02 
 2.53800000e-08  2.23222749e-02 
 2.54000000e-08  2.43170080e-02 
 2.54200000e-08  2.63078493e-02 
 2.54400000e-08  2.82944796e-02 
 2.54600000e-08  3.02765807e-02 
 2.54800000e-08  3.22538351e-02 
 2.55000000e-08  3.42259261e-02 
 2.55200000e-08  3.61925381e-02 
 2.55400000e-08  3.81533562e-02 
 2.55600000e-08  4.01080669e-02 
 2.55800000e-08  4.20563573e-02 
 2.56000000e-08  4.39979160e-02 
 2.56200000e-08  4.59324327e-02 
 2.56400000e-08  4.78595984e-02 
 2.56600000e-08  4.97791051e-02 
 2.56800000e-08  5.16906466e-02 
 2.57000000e-08  5.35939178e-02 
 2.57200000e-08  5.54886152e-02 
 2.57400000e-08  5.73744366e-02 
 2.57600000e-08  5.92510817e-02 
 2.57800000e-08  6.11182516e-02 
 2.58000000e-08  6.29756489e-02 
 2.58200000e-08  6.48229784e-02 
 2.58400000e-08  6.66599461e-02 
 2.58600000e-08  6.84862603e-02 
 2.58800000e-08  7.03016309e-02 
 2.59000000e-08  7.21057697e-02 
 2.59200000e-08  7.38983905e-02 
 2.59400000e-08  7.56792092e-02 
 2.59600000e-08  7.74479436e-02 
 2.59800000e-08  7.92043138e-02 
 2.60000000e-08  8.09480418e-02 
 2.60200000e-08  8.26788519e-02 
 2.60400000e-08  8.43964707e-02 
 2.60600000e-08  8.61006270e-02 
 2.60800000e-08  8.77910519e-02 
 2.61000000e-08  8.94674789e-02 
 2.61200000e-08  9.11296439e-02 
 2.61400000e-08  9.27772852e-02 
 2.61600000e-08  9.44101436e-02 
 2.61800000e-08  9.60279625e-02 
 2.62000000e-08  9.76304878e-02 
 2.62200000e-08  9.92174679e-02 
 2.62400000e-08  1.00788654e-01 
 2.62600000e-08  1.02343800e-01 
 2.62800000e-08  1.03882662e-01 
 2.63000000e-08  1.05405000e-01 
 2.63200000e-08  1.06910575e-01 
 2.63400000e-08  1.08399153e-01 
 2.63600000e-08  1.09870502e-01 
 2.63800000e-08  1.11324390e-01 
 2.64000000e-08  1.12760594e-01 
 2.64200000e-08  1.14178888e-01 
 2.64400000e-08  1.15579052e-01 
 2.64600000e-08  1.16960868e-01 
 2.64800000e-08  1.18324123e-01 
 2.65000000e-08  1.19668604e-01 
 2.65200000e-08  1.20994103e-01 
 2.65400000e-08  1.22300415e-01 
 2.65600000e-08  1.23587338e-01 
 2.65800000e-08  1.24854673e-01 
 2.66000000e-08  1.26102224e-01 
 2.66200000e-08  1.27329798e-01 
 2.66400000e-08  1.28537207e-01 
 2.66600000e-08  1.29724263e-01 
 2.66800000e-08  1.30890786e-01 
 2.67000000e-08  1.32036594e-01 
 2.67200000e-08  1.33161512e-01 
 2.67400000e-08  1.34265368e-01 
 2.67600000e-08  1.35347991e-01 
 2.67800000e-08  1.36409216e-01 
 2.68000000e-08  1.37448881e-01 
 2.68200000e-08  1.38466826e-01 
 2.68400000e-08  1.39462896e-01 
 2.68600000e-08  1.40436938e-01 
 2.68800000e-08  1.41388804e-01 
 2.69000000e-08  1.42318349e-01 
 2.69200000e-08  1.43225431e-01 
 2.69400000e-08  1.44109911e-01 
 2.69600000e-08  1.44971656e-01 
 2.69800000e-08  1.45810533e-01 
 2.70000000e-08  1.46626417e-01 
 2.70200000e-08  1.47419182e-01 
 2.70400000e-08  1.48188709e-01 
 2.70600000e-08  1.48934881e-01 
 2.70800000e-08  1.49657584e-01 
 2.71000000e-08  1.50356710e-01 
 2.71200000e-08  1.51032153e-01 
 2.71400000e-08  1.51683810e-01 
 2.71600000e-08  1.52311584e-01 
 2.71800000e-08  1.52915379e-01 
 2.72000000e-08  1.53495104e-01 
 2.72200000e-08  1.54050672e-01 
 2.72400000e-08  1.54582000e-01 
 2.72600000e-08  1.55089006e-01 
 2.72800000e-08  1.55571616e-01 
 2.73000000e-08  1.56029756e-01 
 2.73200000e-08  1.56463358e-01 
 2.73400000e-08  1.56872356e-01 
 2.73600000e-08  1.57256690e-01 
 2.73800000e-08  1.57616301e-01 
 2.74000000e-08  1.57951136e-01 
 2.74200000e-08  1.58261144e-01 
 2.74400000e-08  1.58546279e-01 
 2.74600000e-08  1.58806499e-01 
 2.74800000e-08  1.59041765e-01 
 2.75000000e-08  1.59252042e-01 
 2.75200000e-08  1.59437298e-01 
 2.75400000e-08  1.59597506e-01 
 2.75600000e-08  1.59732642e-01 
 2.75800000e-08  1.59842686e-01 
 2.76000000e-08  1.59927622e-01 
 2.76200000e-08  1.59987437e-01 
 2.76400000e-08  1.60022123e-01 
 2.76600000e-08  1.60031675e-01 
 2.76800000e-08  1.60016092e-01 
 2.77000000e-08  1.59975376e-01 
 2.77200000e-08  1.59909534e-01 
 2.77400000e-08  1.59818576e-01 
 2.77600000e-08  1.59702517e-01 
 2.77800000e-08  1.59561373e-01 
 2.78000000e-08  1.59395166e-01 
 2.78200000e-08  1.59203922e-01 
 2.78400000e-08  1.58987670e-01 
 2.78600000e-08  1.58746442e-01 
 2.78800000e-08  1.58480275e-01 
 2.79000000e-08  1.58189210e-01 
 2.79200000e-08  1.57873290e-01 
 2.79400000e-08  1.57532564e-01 
 2.79600000e-08  1.57167082e-01 
 2.79800000e-08  1.56776900e-01 
 2.80000000e-08  1.56362078e-01 
 2.80200000e-08  1.55922678e-01 
 2.80400000e-08  1.55458766e-01 
 2.80600000e-08  1.54970412e-01 
 2.80800000e-08  1.54457691e-01 
 2.81000000e-08  1.53920681e-01 
 2.81200000e-08  1.53359461e-01 
 2.81400000e-08  1.52774118e-01 
 2.81600000e-08  1.52164740e-01 
 2.81800000e-08  1.51531420e-01 
 2.82000000e-08  1.50874252e-01 
 2.82200000e-08  1.50193338e-01 
 2.82400000e-08  1.49488780e-01 
 2.82600000e-08  1.48760685e-01 
 2.82800000e-08  1.48009163e-01 
 2.83000000e-08  1.47234329e-01 
 2.83200000e-08  1.46436301e-01 
 2.83400000e-08  1.45615199e-01 
 2.83600000e-08  1.44771149e-01 
 2.83800000e-08  1.43904279e-01 
 2.84000000e-08  1.43014722e-01 
 2.84200000e-08  1.42102611e-01 
 2.84400000e-08  1.41168087e-01 
 2.84600000e-08  1.40211293e-01 
 2.84800000e-08  1.39232373e-01 
 2.85000000e-08  1.38231478e-01 
 2.85200000e-08  1.37208760e-01 
 2.85400000e-08  1.36164377e-01 
 2.85600000e-08  1.35098487e-01 
 2.85800000e-08  1.34011254e-01 
 2.86000000e-08  1.32902844e-01 
 2.86200000e-08  1.31773428e-01 
 2.86400000e-08  1.30623179e-01 
 2.86600000e-08  1.29452273e-01 
 2.86800000e-08  1.28260890e-01 
 2.87000000e-08  1.27049214e-01 
 2.87200000e-08  1.25817431e-01 
 2.87400000e-08  1.24565730e-01 
 2.87600000e-08  1.23294305e-01 
 2.87800000e-08  1.22003352e-01 
 2.88000000e-08  1.20693070e-01 
 2.88200000e-08  1.19363662e-01 
 2.88400000e-08  1.18015332e-01 
 2.88600000e-08  1.16648290e-01 
 2.88800000e-08  1.15262748e-01 
 2.89000000e-08  1.13858920e-01 
 2.89200000e-08  1.12437023e-01 
 2.89400000e-08  1.10997279e-01 
 2.89600000e-08  1.09539912e-01 
 2.89800000e-08  1.08065147e-01 
 2.90000000e-08  1.06573215e-01 
 2.90200000e-08  1.05064348e-01 
 2.90400000e-08  1.03538780e-01 
 2.90600000e-08  1.01996750e-01 
 2.90800000e-08  1.00438499e-01 
 2.91000000e-08  9.88642697e-02 
 2.91200000e-08  9.72743087e-02 
 2.91400000e-08  9.56688646e-02 
 2.91600000e-08  9.40481890e-02 
 2.91800000e-08  9.24125357e-02 
 2.92000000e-08  9.07621613e-02 
 2.92200000e-08  8.90973249e-02 
 2.92400000e-08  8.74182880e-02 
 2.92600000e-08  8.57253145e-02 
 2.92800000e-08  8.40186707e-02 
 2.93000000e-08  8.22986254e-02 
 2.93200000e-08  8.05654496e-02 
 2.93400000e-08  7.88194164e-02 
 2.93600000e-08  7.70608013e-02 
 2.93800000e-08  7.52898821e-02 
 2.94000000e-08  7.35069384e-02 
 2.94200000e-08  7.17122522e-02 
 2.94400000e-08  6.99061074e-02 
 2.94600000e-08  6.80887899e-02 
 2.94800000e-08  6.62605876e-02 
 2.95000000e-08  6.44217903e-02 
 2.95200000e-08  6.25726896e-02 
 2.95400000e-08  6.07135790e-02 
 2.95600000e-08  5.88447537e-02 
 2.95800000e-08  5.69665106e-02 
 2.96000000e-08  5.50791483e-02 
 2.96200000e-08  5.31829671e-02 
 2.96400000e-08  5.12782686e-02 
 2.96600000e-08  4.93653563e-02 
 2.96800000e-08  4.74445349e-02 
 2.97000000e-08  4.55161105e-02 
 2.97200000e-08  4.35803906e-02 
 2.97400000e-08  4.16376841e-02 
 2.97600000e-08  3.96883011e-02 
 2.97800000e-08  3.77325527e-02 
 2.98000000e-08  3.57707515e-02 
 2.98200000e-08  3.38032109e-02 
 2.98400000e-08  3.18302456e-02 
 2.98600000e-08  2.98521709e-02 
 2.98800000e-08  2.78693033e-02 
 2.99000000e-08  2.58819603e-02 
 2.99200000e-08  2.38904598e-02 
 2.99400000e-08  2.18951208e-02 
 2.99600000e-08  1.98962628e-02 
 2.99800000e-08  1.78942061e-02 
 3.00000000e-08  1.58892715e-02 
 3.00200000e-08  1.38817803e-02 
 3.00400000e-08  1.18720543e-02 
 3.00600000e-08  9.86041575e-03 
 3.00800000e-08  7.84718722e-03 
 3.01000000e-08  5.83269159e-03 
 3.01200000e-08  3.81725195e-03 
 3.01400000e-08  1.80119162e-03 
 3.01600000e-08 -2.15166009e-04 
 3.01800000e-08 -2.23149744e-03 
 3.02000000e-08 -4.24747918e-03 
 3.02200000e-08 -6.26278780e-03 
 3.02400000e-08 -8.27709997e-03 
 3.02600000e-08 -1.02900925e-02 
 3.02800000e-08 -1.23014425e-02 
 3.03000000e-08 -1.43108274e-02 
 3.03200000e-08 -1.63179247e-02 
 3.03400000e-08 -1.83224126e-02 
 3.03600000e-08 -2.03239696e-02 
 3.03800000e-08 -2.23222749e-02 
 3.04000000e-08 -2.43170080e-02 
 3.04200000e-08 -2.63078493e-02 
 3.04400000e-08 -2.82944796e-02 
 3.04600000e-08 -3.02765807e-02 
 3.04800000e-08 -3.22538351e-02 
 3.05000000e-08 -3.42259261e-02 
 3.05200000e-08 -3.61925381e-02 
 3.05400000e-08 -3.81533562e-02 
 3.05600000e-08 -4.01080669e-02 
 3.05800000e-08 -4.20563573e-02 
 3.06000000e-08 -4.39979160e-02 
 3.06200000e-08 -4.59324327e-02 
 3.06400000e-08 -4.78595984e-02 
 3.06600000e-08 -4.97791051e-02 
 3.06800000e-08 -5.16906466e-02 
 3.07000000e-08 -5.35939178e-02 
 3.07200000e-08 -5.54886152e-02 
 3.07400000e-08 -5.73744366e-02 
 3.07600000e-08 -5.92510817e-02 
 3.07800000e-08 -6.11182516e-02 
 3.08000000e-08 -6.29756489e-02 
 3.08200000e-08 -6.48229784e-02 
 3.08400000e-08 -6.66599461e-02 
 3.08600000e-08 -6.84862603e-02 
 3.08800000e-08 -7.03016309e-02 
 3.09000000e-08 -7.21057697e-02 
 3.09200000e-08 -7.38983905e-02 
 3.09400000e-08 -7.56792092e-02 
 3.09600000e-08 -7.74479436e-02 
 3.09800000e-08 -7.92043138e-02 
 3.10000000e-08 -8.09480418e-02 
 3.10200000e-08 -8.26788519e-02 
 3.10400000e-08 -8.43964707e-02 
 3.10600000e-08 -8.61006270e-02 
 3.10800000e-08 -8.77910519e-02 
 3.11000000e-08 -8.94674789e-02 
 3.11200000e-08 -9.11296439e-02 
 3.11400000e-08 -9.27772852e-02 
 3.11600000e-08 -9.44101436e-02 
 3.11800000e-08 -9.60279625e-02 
 3.12000000e-08 -9.76304878e-02 
 3.12200000e-08 -9.92174679e-02 
 3.12400000e-08 -1.00788654e-01 
 3.12600000e-08 -1.02343800e-01 
 3.12800000e-08 -1.03882662e-01 
 3.13000000e-08 -1.05405000e-01 
 3.13200000e-08 -1.06910575e-01 
 3.13400000e-08 -1.08399153e-01 
 3.13600000e-08 -1.09870502e-01 
 3.13800000e-08 -1.11324390e-01 
 3.14000000e-08 -1.12760594e-01 
 3.14200000e-08 -1.14178888e-01 
 3.14400000e-08 -1.15579052e-01 
 3.14600000e-08 -1.16960868e-01 
 3.14800000e-08 -1.18324123e-01 
 3.15000000e-08 -1.19668604e-01 
 3.15200000e-08 -1.20994103e-01 
 3.15400000e-08 -1.22300415e-01 
 3.15600000e-08 -1.23587338e-01 
 3.15800000e-08 -1.24854673e-01 
 3.16000000e-08 -1.26102224e-01 
 3.16200000e-08 -1.27329798e-01 
 3.16400000e-08 -1.28537207e-01 
 3.16600000e-08 -1.29724263e-01 
 3.16800000e-08 -1.30890786e-01 
 3.17000000e-08 -1.32036594e-01 
 3.17200000e-08 -1.33161512e-01 
 3.17400000e-08 -1.34265368e-01 
 3.17600000e-08 -1.35347991e-01 
 3.17800000e-08 -1.36409216e-01 
 3.18000000e-08 -1.37448881e-01 
 3.18200000e-08 -1.38466826e-01 
 3.18400000e-08 -1.39462896e-01 
 3.18600000e-08 -1.40436938e-01 
 3.18800000e-08 -1.41388804e-01 
 3.19000000e-08 -1.42318349e-01 
 3.19200000e-08 -1.43225431e-01 
 3.19400000e-08 -1.44109911e-01 
 3.19600000e-08 -1.44971656e-01 
 3.19800000e-08 -1.45810533e-01 
 3.20000000e-08 -1.46626417e-01 
 3.20200000e-08 -1.47419182e-01 
 3.20400000e-08 -1.48188709e-01 
 3.20600000e-08 -1.48934881e-01 
 3.20800000e-08 -1.49657584e-01 
 3.21000000e-08 -1.50356710e-01 
 3.21200000e-08 -1.51032153e-01 
 3.21400000e-08 -1.51683810e-01 
 3.21600000e-08 -1.52311584e-01 
 3.21800000e-08 -1.52915379e-01 
 3.22000000e-08 -1.53495104e-01 
 3.22200000e-08 -1.54050672e-01 
 3.22400000e-08 -1.54582000e-01 
 3.22600000e-08 -1.55089006e-01 
 3.22800000e-08 -1.55571616e-01 
 3.23000000e-08 -1.56029756e-01 
 3.23200000e-08 -1.56463358e-01 
 3.23400000e-08 -1.56872356e-01 
 3.23600000e-08 -1.57256690e-01 
 3.23800000e-08 -1.57616301e-01 
 3.24000000e-08 -1.57951136e-01 
 3.24200000e-08 -1.58261144e-01 
 3.24400000e-08 -1.58546279e-01 
 3.24600000e-08 -1.58806499e-01 
 3.24800000e-08 -1.59041765e-01 
 3.25000000e-08 -1.59252042e-01 
 3.25200000e-08 -1.59437298e-01 
 3.25400000e-08 -1.59597506e-01 
 3.25600000e-08 -1.59732642e-01 
 3.25800000e-08 -1.59842686e-01 
 3.26000000e-08 -1.59927622e-01 
 3.26200000e-08 -1.59987437e-01 
 3.26400000e-08 -1.60022123e-01 
 3.26600000e-08 -1.60031675e-01 
 3.26800000e-08 -1.60016092e-01 
 3.27000000e-08 -1.59975376e-01 
 3.27200000e-08 -1.59909534e-01 
 3.27400000e-08 -1.59818576e-01 
 3.27600000e-08 -1.59702517e-01 
 3.27800000e-08 -1.59561373e-01 
 3.28000000e-08 -1.59395166e-01 
 3.28200000e-08 -1.59203922e-01 
 3.28400000e-08 -1.58987670e-01 
 3.28600000e-08 -1.58746442e-01 
 3.28800000e-08 -1.58480275e-01 
 3.29000000e-08 -1.58189210e-01 
 3.29200000e-08 -1.57873290e-01 
 3.29400000e-08 -1.57532564e-01 
 3.29600000e-08 -1.57167082e-01 
 3.29800000e-08 -1.56776900e-01 
 3.30000000e-08 -1.56362078e-01 
 3.30200000e-08 -1.55922678e-01 
 3.30400000e-08 -1.55458766e-01 
 3.30600000e-08 -1.54970412e-01 
 3.30800000e-08 -1.54457691e-01 
 3.31000000e-08 -1.53920681e-01 
 3.31200000e-08 -1.53359461e-01 
 3.31400000e-08 -1.52774118e-01 
 3.31600000e-08 -1.52164740e-01 
 3.31800000e-08 -1.51531420e-01 
 3.32000000e-08 -1.50874252e-01 
 3.32200000e-08 -1.50193338e-01 
 3.32400000e-08 -1.49488780e-01 
 3.32600000e-08 -1.48760685e-01 
 3.32800000e-08 -1.48009163e-01 
 3.33000000e-08 -1.47234329e-01 
 3.33200000e-08 -1.46436301e-01 
 3.33400000e-08 -1.45615199e-01 
 3.33600000e-08 -1.44771149e-01 
 3.33800000e-08 -1.43904279e-01 
 3.34000000e-08 -1.43014722e-01 
 3.34200000e-08 -1.42102611e-01 
 3.34400000e-08 -1.41168087e-01 
 3.34600000e-08 -1.40211293e-01 
 3.34800000e-08 -1.39232373e-01 
 3.35000000e-08 -1.38231478e-01 
 3.35200000e-08 -1.37208760e-01 
 3.35400000e-08 -1.36164377e-01 
 3.35600000e-08 -1.35098487e-01 
 3.35800000e-08 -1.34011254e-01 
 3.36000000e-08 -1.32902844e-01 
 3.36200000e-08 -1.31773428e-01 
 3.36400000e-08 -1.30623179e-01 
 3.36600000e-08 -1.29452273e-01 
 3.36800000e-08 -1.28260890e-01 
 3.37000000e-08 -1.27049214e-01 
 3.37200000e-08 -1.25817431e-01 
 3.37400000e-08 -1.24565730e-01 
 3.37600000e-08 -1.23294305e-01 
 3.37800000e-08 -1.22003352e-01 
 3.38000000e-08 -1.20693070e-01 
 3.38200000e-08 -1.19363662e-01 
 3.38400000e-08 -1.18015332e-01 
 3.38600000e-08 -1.16648290e-01 
 3.38800000e-08 -1.15262748e-01 
 3.39000000e-08 -1.13858920e-01 
 3.39200000e-08 -1.12437023e-01 
 3.39400000e-08 -1.10997279e-01 
 3.39600000e-08 -1.09539912e-01 
 3.39800000e-08 -1.08065147e-01 
 3.40000000e-08 -1.06573215e-01 
 3.40200000e-08 -1.05064348e-01 
 3.40400000e-08 -1.03538780e-01 
 3.40600000e-08 -1.01996750e-01 
 3.40800000e-08 -1.00438499e-01 
 3.41000000e-08 -9.88642697e-02 
 3.41200000e-08 -9.72743087e-02 
 3.41400000e-08 -9.56688646e-02 
 3.41600000e-08 -9.40481890e-02 
 3.41800000e-08 -9.24125357e-02 
 3.42000000e-08 -9.07621613e-02 
 3.42200000e-08 -8.90973249e-02 
 3.42400000e-08 -8.74182880e-02 
 3.42600000e-08 -8.57253145e-02 
 3.42800000e-08 -8.40186707e-02 
 3.43000000e-08 -8.22986254e-02 
 3.43200000e-08 -8.05654496e-02 
 3.43400000e-08 -7.88194164e-02 
 3.43600000e-08 -7.70608013e-02 
 3.43800000e-08 -7.52898821e-02 
 3.44000000e-08 -7.35069384e-02 
 3.44200000e-08 -7.17122522e-02 
 3.44400000e-08 -6.99061074e-02 
 3.44600000e-08 -6.80887899e-02 
 3.44800000e-08 -6.62605876e-02 
 3.45000000e-08 -6.44217903e-02 
 3.45200000e-08 -6.25726896e-02 
 3.45400000e-08 -6.07135790e-02 
 3.45600000e-08 -5.88447537e-02 
 3.45800000e-08 -5.69665106e-02 
 3.46000000e-08 -5.50791483e-02 
 3.46200000e-08 -5.31829671e-02 
 3.46400000e-08 -5.12782686e-02 
 3.46600000e-08 -4.93653563e-02 
 3.46800000e-08 -4.74445349e-02 
 3.47000000e-08 -4.55161105e-02 
 3.47200000e-08 -4.35803906e-02 
 3.47400000e-08 -4.16376841e-02 
 3.47600000e-08 -3.96883011e-02 
 3.47800000e-08 -3.77325527e-02 
 3.48000000e-08 -3.57707515e-02 
 3.48200000e-08 -3.38032109e-02 
 3.48400000e-08 -3.18302456e-02 
 3.48600000e-08 -2.98521709e-02 
 3.48800000e-08 -2.78693033e-02 
 3.49000000e-08 -2.58819603e-02 
 3.49200000e-08 -2.38904598e-02 
 3.49400000e-08 -2.18951208e-02 
 3.49600000e-08 -1.98962628e-02 
 3.49800000e-08 -1.78942061e-02 
 3.50000000e-08 -1.58892715e-02 
 3.50200000e-08 -1.38817803e-02 
 3.50400000e-08 -1.18720543e-02 
 3.50600000e-08 -9.86041575e-03 
 3.50800000e-08 -7.84718722e-03 
 3.51000000e-08 -5.83269159e-03 
 3.51200000e-08 -3.81725195e-03 
 3.51400000e-08 -1.80119162e-03 
 3.51600000e-08  2.15166009e-04 
 3.51800000e-08  2.23149744e-03 
 3.52000000e-08  4.24747918e-03 
 3.52200000e-08  6.26278780e-03 
 3.52400000e-08  8.27709997e-03 
 3.52600000e-08  1.02900925e-02 
 3.52800000e-08  1.23014425e-02 
 3.53000000e-08  1.43108274e-02 
 3.53200000e-08  1.63179247e-02 
 3.53400000e-08  1.83224126e-02 
 3.53600000e-08  2.03239696e-02 
 3.53800000e-08  2.23222749e-02 
 3.54000000e-08  2.43170080e-02 
 3.54200000e-08  2.63078493e-02 
 3.54400000e-08  2.82944796e-02 
 3.54600000e-08  3.02765807e-02 
 3.54800000e-08  3.22538351e-02 
 3.55000000e-08  3.42259261e-02 
 3.55200000e-08  3.61925381e-02 
 3.55400000e-08  3.81533562e-02 
 3.55600000e-08  4.01080669e-02 
 3.55800000e-08  4.20563573e-02 
 3.56000000e-08  4.39979160e-02 
 3.56200000e-08  4.59324327e-02 
 3.56400000e-08  4.78595984e-02 
 3.56600000e-08  4.97791051e-02 
 3.56800000e-08  5.16906466e-02 
 3.57000000e-08  5.35939178e-02 
 3.57200000e-08  5.54886152e-02 
 3.57400000e-08  5.73744366e-02 
 3.57600000e-08  5.92510817e-02 
 3.57800000e-08  6.11182516e-02 
 3.58000000e-08  6.29756489e-02 
 3.58200000e-08  6.48229784e-02 
 3.58400000e-08  6.66599461e-02 
 3.58600000e-08  6.84862603e-02 
 3.58800000e-08  7.03016309e-02 
 3.59000000e-08  7.21057697e-02 
 3.59200000e-08  7.38983905e-02 
 3.59400000e-08  7.56792092e-02 
 3.59600000e-08  7.74479436e-02 
 3.59800000e-08  7.92043138e-02 
 3.60000000e-08  8.09480418e-02 
 3.60200000e-08  8.26788519e-02 
 3.60400000e-08  8.43964707e-02 
 3.60600000e-08  8.61006270e-02 
 3.60800000e-08  8.77910519e-02 
 3.61000000e-08  8.94674789e-02 
 3.61200000e-08  9.11296439e-02 
 3.61400000e-08  9.27772852e-02 
 3.61600000e-08  9.44101436e-02 
 3.61800000e-08  9.60279625e-02 
 3.62000000e-08  9.76304878e-02 
 3.62200000e-08  9.92174679e-02 
 3.62400000e-08  1.00788654e-01 
 3.62600000e-08  1.02343800e-01 
 3.62800000e-08  1.03882662e-01 
 3.63000000e-08  1.05405000e-01 
 3.63200000e-08  1.06910575e-01 
 3.63400000e-08  1.08399153e-01 
 3.63600000e-08  1.09870502e-01 
 3.63800000e-08  1.11324390e-01 
 3.64000000e-08  1.12760594e-01 
 3.64200000e-08  1.14178888e-01 
 3.64400000e-08  1.15579052e-01 
 3.64600000e-08  1.16960868e-01 
 3.64800000e-08  1.18324123e-01 
 3.65000000e-08  1.19668604e-01 
 3.65200000e-08  1.20994103e-01 
 3.65400000e-08  1.22300415e-01 
 3.65600000e-08  1.23587338e-01 
 3.65800000e-08  1.24854673e-01 
 3.66000000e-08  1.26102224e-01 
 3.66200000e-08  1.27329798e-01 
 3.66400000e-08  1.28537207e-01 
 3.66600000e-08  1.29724263e-01 
 3.66800000e-08  1.30890786e-01 
 3.67000000e-08  1.32036594e-01 
 3.67200000e-08  1.33161512e-01 
 3.67400000e-08  1.34265368e-01 
 3.67600000e-08  1.35347991e-01 
 3.67800000e-08  1.36409216e-01 
 3.68000000e-08  1.37448881e-01 
 3.68200000e-08  1.38466826e-01 
 3.68400000e-08  1.39462896e-01 
 3.68600000e-08  1.40436938e-01 
 3.68800000e-08  1.41388804e-01 
 3.69000000e-08  1.42318349e-01 
 3.69200000e-08  1.43225431e-01 
 3.69400000e-08  1.44109911e-01 
 3.69600000e-08  1.44971656e-01 
 3.69800000e-08  1.45810533e-01 
 3.70000000e-08  1.46626417e-01 
 3.70200000e-08  1.47419182e-01 
 3.70400000e-08  1.48188709e-01 
 3.70600000e-08  1.48934881e-01 
 3.70800000e-08  1.49657584e-01 
 3.71000000e-08  1.50356710e-01 
 3.71200000e-08  1.51032153e-01 
 3.71400000e-08  1.51683810e-01 
 3.71600000e-08  1.52311584e-01 
 3.71800000e-08  1.52915379e-01 
 3.72000000e-08  1.53495104e-01 
 3.72200000e-08  1.54050672e-01 
 3.72400000e-08  1.54582000e-01 
 3.72600000e-08  1.55089006e-01 
 3.72800000e-08  1.55571616e-01 
 3.73000000e-08  1.56029756e-01 
 3.73200000e-08  1.56463358e-01 
 3.73400000e-08  1.56872356e-01 
 3.73600000e-08  1.57256690e-01 
 3.73800000e-08  1.57616301e-01 
 3.74000000e-08  1.57951136e-01 
 3.74200000e-08  1.58261144e-01 
 3.74400000e-08  1.58546279e-01 
 3.74600000e-08  1.58806499e-01 
 3.74800000e-08  1.59041765e-01 
 3.75000000e-08  1.59252042e-01 
 3.75200000e-08  1.59437298e-01 
 3.75400000e-08  1.59597506e-01 
 3.75600000e-08  1.59732642e-01 
 3.75800000e-08  1.59842686e-01 
 3.76000000e-08  1.59927622e-01 
 3.76200000e-08  1.59987437e-01 
 3.76400000e-08  1.60022123e-01 
 3.76600000e-08  1.60031675e-01 
 3.76800000e-08  1.60016092e-01 
 3.77000000e-08  1.59975376e-01 
 3.77200000e-08  1.59909534e-01 
 3.77400000e-08  1.59818576e-01 
 3.77600000e-08  1.59702517e-01 
 3.77800000e-08  1.59561373e-01 
 3.78000000e-08  1.59395166e-01 
 3.78200000e-08  1.59203922e-01 
 3.78400000e-08  1.58987670e-01 
 3.78600000e-08  1.58746442e-01 
 3.78800000e-08  1.58480275e-01 
 3.79000000e-08  1.58189210e-01 
 3.79200000e-08  1.57873290e-01 
 3.79400000e-08  1.57532564e-01 
 3.79600000e-08  1.57167082e-01 
 3.79800000e-08  1.56776900e-01 
 3.80000000e-08  1.56362078e-01 
 3.80200000e-08  1.55922678e-01 
 3.80400000e-08  1.55458766e-01 
 3.80600000e-08  1.54970412e-01 
 3.80800000e-08  1.54457691e-01 
 3.81000000e-08  1.53920681e-01 
 3.81200000e-08  1.53359461e-01 
 3.81400000e-08  1.52774118e-01 
 3.81600000e-08  1.52164740e-01 
 3.81800000e-08  1.51531420e-01 
 3.82000000e-08  1.50874252e-01 
 3.82200000e-08  1.50193338e-01 
 3.82400000e-08  1.49488780e-01 
 3.82600000e-08  1.48760685e-01 
 3.82800000e-08  1.48009163e-01 
 3.83000000e-08  1.47234329e-01 
 3.83200000e-08  1.46436301e-01 
 3.83400000e-08  1.45615199e-01 
 3.83600000e-08  1.44771149e-01 
 3.83800000e-08  1.43904279e-01 
 3.84000000e-08  1.43014722e-01 
 3.84200000e-08  1.42102611e-01 
 3.84400000e-08  1.41168087e-01 
 3.84600000e-08  1.40211293e-01 
 3.84800000e-08  1.39232373e-01 
 3.85000000e-08  1.38231478e-01 
 3.85200000e-08  1.37208760e-01 
 3.85400000e-08  1.36164377e-01 
 3.85600000e-08  1.35098487e-01 
 3.85800000e-08  1.34011254e-01 
 3.86000000e-08  1.32902844e-01 
 3.86200000e-08  1.31773428e-01 
 3.86400000e-08  1.30623179e-01 
 3.86600000e-08  1.29452273e-01 
 3.86800000e-08  1.28260890e-01 
 3.87000000e-08  1.27049214e-01 
 3.87200000e-08  1.25817431e-01 
 3.87400000e-08  1.24565730e-01 
 3.87600000e-08  1.23294305e-01 
 3.87800000e-08  1.22003352e-01 
 3.88000000e-08  1.20693070e-01 
 3.88200000e-08  1.19363662e-01 
 3.88400000e-08  1.18015332e-01 
 3.88600000e-08  1.16648290e-01 
 3.88800000e-08  1.15262748e-01 
 3.89000000e-08  1.13858920e-01 
 3.89200000e-08  1.12437023e-01 
 3.89400000e-08  1.10997279e-01 
 3.89600000e-08  1.09539912e-01 
 3.89800000e-08  1.08065147e-01 
 3.90000000e-08  1.06573215e-01 
 3.90200000e-08  1.05064348e-01 
 3.90400000e-08  1.03538780e-01 
 3.90600000e-08  1.01996750e-01 
 3.90800000e-08  1.00438499e-01 
 3.91000000e-08  9.88642697e-02 
 3.91200000e-08  9.72743087e-02 
 3.91400000e-08  9.56688646e-02 
 3.91600000e-08  9.40481890e-02 
 3.91800000e-08  9.24125357e-02 
 3.92000000e-08  9.07621613e-02 
 3.92200000e-08  8.90973249e-02 
 3.92400000e-08  8.74182880e-02 
 3.92600000e-08  8.57253145e-02 
 3.92800000e-08  8.40186707e-02 
 3.93000000e-08  8.22986254e-02 
 3.93200000e-08  8.05654496e-02 
 3.93400000e-08  7.88194164e-02 
 3.93600000e-08  7.70608013e-02 
 3.93800000e-08  7.52898821e-02 
 3.94000000e-08  7.35069384e-02 
 3.94200000e-08  7.17122522e-02 
 3.94400000e-08  6.99061074e-02 
 3.94600000e-08  6.80887899e-02 
 3.94800000e-08  6.62605876e-02 
 3.95000000e-08  6.44217903e-02 
 3.95200000e-08  6.25726896e-02 
 3.95400000e-08  6.07135790e-02 
 3.95600000e-08  5.88447537e-02 
 3.95800000e-08  5.69665106e-02 
 3.96000000e-08  5.50791483e-02 
 3.96200000e-08  5.31829671e-02 
 3.96400000e-08  5.12782686e-02 
 3.96600000e-08  4.93653563e-02 
 3.96800000e-08  4.74445349e-02 
 3.97000000e-08  4.55161105e-02 
 3.97200000e-08  4.35803906e-02 
 3.97400000e-08  4.16376841e-02 
 3.97600000e-08  3.96883011e-02 
 3.97800000e-08  3.77325527e-02 
 3.98000000e-08  3.57707515e-02 
 3.98200000e-08  3.38032109e-02 
 3.98400000e-08  3.18302456e-02 
 3.98600000e-08  2.98521709e-02 
 3.98800000e-08  2.78693033e-02 
 3.99000000e-08  2.58819603e-02 
 3.99200000e-08  2.38904598e-02 
 3.99400000e-08  2.18951208e-02 
 3.99600000e-08  1.98962628e-02 
 3.99800000e-08  1.78942061e-02 
 4.00000000e-08  1.58892715e-02 
 4.00200000e-08  1.38817803e-02 
 4.00400000e-08  1.18720543e-02 
 4.00600000e-08  9.86041575e-03 
 4.00800000e-08  7.84718722e-03 
 4.01000000e-08  5.83269159e-03 
 4.01200000e-08  3.81725195e-03 
 4.01400000e-08  1.80119162e-03 
 4.01600000e-08 -2.15166009e-04 
 4.01800000e-08 -2.23149744e-03 
 4.02000000e-08 -4.24747918e-03 
 4.02200000e-08 -6.26278780e-03 
 4.02400000e-08 -8.27709997e-03 
 4.02600000e-08 -1.02900925e-02 
 4.02800000e-08 -1.23014425e-02 
 4.03000000e-08 -1.43108274e-02 
 4.03200000e-08 -1.63179247e-02 
 4.03400000e-08 -1.83224126e-02 
 4.03600000e-08 -2.03239696e-02 
 4.03800000e-08 -2.23222749e-02 
 4.04000000e-08 -2.43170080e-02 
 4.04200000e-08 -2.63078493e-02 
 4.04400000e-08 -2.82944796e-02 
 4.04600000e-08 -3.02765807e-02 
 4.04800000e-08 -3.22538351e-02 
 4.05000000e-08 -3.42259261e-02 
 4.05200000e-08 -3.61925381e-02 
 4.05400000e-08 -3.81533562e-02 
 4.05600000e-08 -4.01080669e-02 
 4.05800000e-08 -4.20563573e-02 
 4.06000000e-08 -4.39979160e-02 
 4.06200000e-08 -4.59324327e-02 
 4.06400000e-08 -4.78595984e-02 
 4.06600000e-08 -4.97791051e-02 
 4.06800000e-08 -5.16906466e-02 
 4.07000000e-08 -5.35939178e-02 
 4.07200000e-08 -5.54886152e-02 
 4.07400000e-08 -5.73744366e-02 
 4.07600000e-08 -5.92510817e-02 
 4.07800000e-08 -6.11182516e-02 
 4.08000000e-08 -6.29756489e-02 
 4.08200000e-08 -6.48229784e-02 
 4.08400000e-08 -6.66599461e-02 
 4.08600000e-08 -6.84862603e-02 
 4.08800000e-08 -7.03016309e-02 
 4.09000000e-08 -7.21057697e-02 
 4.09200000e-08 -7.38983905e-02 
 4.09400000e-08 -7.56792092e-02 
 4.09600000e-08 -7.74479436e-02 
 4.09800000e-08 -7.92043138e-02 
 4.10000000e-08 -8.09480418e-02 
 4.10200000e-08 -8.26788519e-02 
 4.10400000e-08 -8.43964707e-02 
 4.10600000e-08 -8.61006270e-02 
 4.10800000e-08 -8.77910519e-02 
 4.11000000e-08 -8.94674789e-02 
 4.11200000e-08 -9.11296439e-02 
 4.11400000e-08 -9.27772852e-02 
 4.11600000e-08 -9.44101436e-02 
 4.11800000e-08 -9.60279625e-02 
 4.12000000e-08 -9.76304878e-02 
 4.12200000e-08 -9.92174679e-02 
 4.12400000e-08 -1.00788654e-01 
 4.12600000e-08 -1.02343800e-01 
 4.12800000e-08 -1.03882662e-01 
 4.13000000e-08 -1.05405000e-01 
 4.13200000e-08 -1.06910575e-01 
 4.13400000e-08 -1.08399153e-01 
 4.13600000e-08 -1.09870502e-01 
 4.13800000e-08 -1.11324390e-01 
 4.14000000e-08 -1.12760594e-01 
 4.14200000e-08 -1.14178888e-01 
 4.14400000e-08 -1.15579052e-01 
 4.14600000e-08 -1.16960868e-01 
 4.14800000e-08 -1.18324123e-01 
 4.15000000e-08 -1.19668604e-01 
 4.15200000e-08 -1.20994103e-01 
 4.15400000e-08 -1.22300415e-01 
 4.15600000e-08 -1.23587338e-01 
 4.15800000e-08 -1.24854673e-01 
 4.16000000e-08 -1.26102224e-01 
 4.16200000e-08 -1.27329798e-01 
 4.16400000e-08 -1.28537207e-01 
 4.16600000e-08 -1.29724263e-01 
 4.16800000e-08 -1.30890786e-01 
 4.17000000e-08 -1.32036594e-01 
 4.17200000e-08 -1.33161512e-01 
 4.17400000e-08 -1.34265368e-01 
 4.17600000e-08 -1.35347991e-01 
 4.17800000e-08 -1.36409216e-01 
 4.18000000e-08 -1.37448881e-01 
 4.18200000e-08 -1.38466826e-01 
 4.18400000e-08 -1.39462896e-01 
 4.18600000e-08 -1.40436938e-01 
 4.18800000e-08 -1.41388804e-01 
 4.19000000e-08 -1.42318349e-01 
 4.19200000e-08 -1.43225431e-01 
 4.19400000e-08 -1.44109911e-01 
 4.19600000e-08 -1.44971656e-01 
 4.19800000e-08 -1.45810533e-01 
 4.20000000e-08 -1.46626417e-01 
 4.20200000e-08 -1.47419182e-01 
 4.20400000e-08 -1.48188709e-01 
 4.20600000e-08 -1.48934881e-01 
 4.20800000e-08 -1.49657584e-01 
 4.21000000e-08 -1.50356710e-01 
 4.21200000e-08 -1.51032153e-01 
 4.21400000e-08 -1.51683810e-01 
 4.21600000e-08 -1.52311584e-01 
 4.21800000e-08 -1.52915379e-01 
 4.22000000e-08 -1.53495104e-01 
 4.22200000e-08 -1.54050672e-01 
 4.22400000e-08 -1.54582000e-01 
 4.22600000e-08 -1.55089006e-01 
 4.22800000e-08 -1.55571616e-01 
 4.23000000e-08 -1.56029756e-01 
 4.23200000e-08 -1.56463358e-01 
 4.23400000e-08 -1.56872356e-01 
 4.23600000e-08 -1.57256690e-01 
 4.23800000e-08 -1.57616301e-01 
 4.24000000e-08 -1.57951136e-01 
 4.24200000e-08 -1.58261144e-01 
 4.24400000e-08 -1.58546279e-01 
 4.24600000e-08 -1.58806499e-01 
 4.24800000e-08 -1.59041765e-01 
 4.25000000e-08 -1.59252042e-01 
 4.25200000e-08 -1.59437298e-01 
 4.25400000e-08 -1.59597506e-01 
 4.25600000e-08 -1.59732642e-01 
 4.25800000e-08 -1.59842686e-01 
 4.26000000e-08 -1.59927622e-01 
 4.26200000e-08 -1.59987437e-01 
 4.26400000e-08 -1.60022123e-01 
 4.26600000e-08 -1.60031675e-01 
 4.26800000e-08 -1.60016092e-01 
 4.27000000e-08 -1.59975376e-01 
 4.27200000e-08 -1.59909534e-01 
 4.27400000e-08 -1.59818576e-01 
 4.27600000e-08 -1.59702517e-01 
 4.27800000e-08 -1.59561373e-01 
 4.28000000e-08 -1.59395166e-01 
 4.28200000e-08 -1.59203922e-01 
 4.28400000e-08 -1.58987670e-01 
 4.28600000e-08 -1.58746442e-01 
 4.28800000e-08 -1.58480275e-01 
 4.29000000e-08 -1.58189210e-01 
 4.29200000e-08 -1.57873290e-01 
 4.29400000e-08 -1.57532564e-01 
 4.29600000e-08 -1.57167082e-01 
 4.29800000e-08 -1.56776900e-01 
 4.30000000e-08 -1.56362078e-01 
 4.30200000e-08 -1.55922678e-01 
 4.30400000e-08 -1.55458766e-01 
 4.30600000e-08 -1.54970412e-01 
 4.30800000e-08 -1.54457691e-01 
 4.31000000e-08 -1.53920681e-01 
 4.31200000e-08 -1.53359461e-01 
 4.31400000e-08 -1.52774118e-01 
 4.31600000e-08 -1.52164740e-01 
 4.31800000e-08 -1.51531420e-01 
 4.32000000e-08 -1.50874252e-01 
 4.32200000e-08 -1.50193338e-01 
 4.32400000e-08 -1.49488780e-01 
 4.32600000e-08 -1.48760685e-01 
 4.32800000e-08 -1.48009163e-01 
 4.33000000e-08 -1.47234329e-01 
 4.33200000e-08 -1.46436301e-01 
 4.33400000e-08 -1.45615199e-01 
 4.33600000e-08 -1.44771149e-01 
 4.33800000e-08 -1.43904279e-01 
 4.34000000e-08 -1.43014722e-01 
 4.34200000e-08 -1.42102611e-01 
 4.34400000e-08 -1.41168087e-01 
 4.34600000e-08 -1.40211293e-01 
 4.34800000e-08 -1.39232373e-01 
 4.35000000e-08 -1.38231478e-01 
 4.35200000e-08 -1.37208760e-01 
 4.35400000e-08 -1.36164377e-01 
 4.35600000e-08 -1.35098487e-01 
 4.35800000e-08 -1.34011254e-01 
 4.36000000e-08 -1.32902844e-01 
 4.36200000e-08 -1.31773428e-01 
 4.36400000e-08 -1.30623179e-01 
 4.36600000e-08 -1.29452273e-01 
 4.36800000e-08 -1.28260890e-01 
 4.37000000e-08 -1.27049214e-01 
 4.37200000e-08 -1.25817431e-01 
 4.37400000e-08 -1.24565730e-01 
 4.37600000e-08 -1.23294305e-01 
 4.37800000e-08 -1.22003352e-01 
 4.38000000e-08 -1.20693070e-01 
 4.38200000e-08 -1.19363662e-01 
 4.38400000e-08 -1.18015332e-01 
 4.38600000e-08 -1.16648290e-01 
 4.38800000e-08 -1.15262748e-01 
 4.39000000e-08 -1.13858920e-01 
 4.39200000e-08 -1.12437023e-01 
 4.39400000e-08 -1.10997279e-01 
 4.39600000e-08 -1.09539912e-01 
 4.39800000e-08 -1.08065147e-01 
 4.40000000e-08 -1.06573215e-01 
 4.40200000e-08 -1.05064348e-01 
 4.40400000e-08 -1.03538780e-01 
 4.40600000e-08 -1.01996750e-01 
 4.40800000e-08 -1.00438499e-01 
 4.41000000e-08 -9.88642697e-02 
 4.41200000e-08 -9.72743087e-02 
 4.41400000e-08 -9.56688646e-02 
 4.41600000e-08 -9.40481890e-02 
 4.41800000e-08 -9.24125357e-02 
 4.42000000e-08 -9.07621613e-02 
 4.42200000e-08 -8.90973249e-02 
 4.42400000e-08 -8.74182880e-02 
 4.42600000e-08 -8.57253145e-02 
 4.42800000e-08 -8.40186707e-02 
 4.43000000e-08 -8.22986254e-02 
 4.43200000e-08 -8.05654496e-02 
 4.43400000e-08 -7.88194164e-02 
 4.43600000e-08 -7.70608013e-02 
 4.43800000e-08 -7.52898821e-02 
 4.44000000e-08 -7.35069384e-02 
 4.44200000e-08 -7.17122522e-02 
 4.44400000e-08 -6.99061074e-02 
 4.44600000e-08 -6.80887899e-02 
 4.44800000e-08 -6.62605876e-02 
 4.45000000e-08 -6.44217903e-02 
 4.45200000e-08 -6.25726896e-02 
 4.45400000e-08 -6.07135790e-02 
 4.45600000e-08 -5.88447537e-02 
 4.45800000e-08 -5.69665106e-02 
 4.46000000e-08 -5.50791483e-02 
 4.46200000e-08 -5.31829671e-02 
 4.46400000e-08 -5.12782686e-02 
 4.46600000e-08 -4.93653563e-02 
 4.46800000e-08 -4.74445349e-02 
 4.47000000e-08 -4.55161105e-02 
 4.47200000e-08 -4.35803906e-02 
 4.47400000e-08 -4.16376841e-02 
 4.47600000e-08 -3.96883011e-02 
 4.47800000e-08 -3.77325527e-02 
 4.48000000e-08 -3.57707515e-02 
 4.48200000e-08 -3.38032109e-02 
 4.48400000e-08 -3.18302456e-02 
 4.48600000e-08 -2.98521709e-02 
 4.48800000e-08 -2.78693033e-02 
 4.49000000e-08 -2.58819603e-02 
 4.49200000e-08 -2.38904598e-02 
 4.49400000e-08 -2.18951208e-02 
 4.49600000e-08 -1.98962628e-02 
 4.49800000e-08 -1.78942061e-02 
 4.50000000e-08 -1.58892715e-02 
 4.50200000e-08 -1.38817803e-02 
 4.50400000e-08 -1.18720543e-02 
 4.50600000e-08 -9.86041575e-03 
 4.50800000e-08 -7.84718722e-03 
 4.51000000e-08 -5.83269159e-03 
 4.51200000e-08 -3.81725195e-03 
 4.51400000e-08 -1.80119162e-03 
 4.51600000e-08  2.15166009e-04 
 4.51800000e-08  2.23149744e-03 
 4.52000000e-08  4.24747918e-03 
 4.52200000e-08  6.26278780e-03 
 4.52400000e-08  8.27709997e-03 
 4.52600000e-08  1.02900925e-02 
 4.52800000e-08  1.23014425e-02 
 4.53000000e-08  1.43108274e-02 
 4.53200000e-08  1.63179247e-02 
 4.53400000e-08  1.83224126e-02 
 4.53600000e-08  2.03239696e-02 
 4.53800000e-08  2.23222749e-02 
 4.54000000e-08  2.43170080e-02 
 4.54200000e-08  2.63078493e-02 
 4.54400000e-08  2.82944796e-02 
 4.54600000e-08  3.02765807e-02 
 4.54800000e-08  3.22538351e-02 
 4.55000000e-08  3.42259261e-02 
 4.55200000e-08  3.61925381e-02 
 4.55400000e-08  3.81533562e-02 
 4.55600000e-08  4.01080669e-02 
 4.55800000e-08  4.20563573e-02 
 4.56000000e-08  4.39979160e-02 
 4.56200000e-08  4.59324327e-02 
 4.56400000e-08  4.78595984e-02 
 4.56600000e-08  4.97791051e-02 
 4.56800000e-08  5.16906466e-02 
 4.57000000e-08  5.35939178e-02 
 4.57200000e-08  5.54886152e-02 
 4.57400000e-08  5.73744366e-02 
 4.57600000e-08  5.92510817e-02 
 4.57800000e-08  6.11182516e-02 
 4.58000000e-08  6.29756489e-02 
 4.58200000e-08  6.48229784e-02 
 4.58400000e-08  6.66599461e-02 
 4.58600000e-08  6.84862603e-02 
 4.58800000e-08  7.03016309e-02 
 4.59000000e-08  7.21057697e-02 
 4.59200000e-08  7.38983905e-02 
 4.59400000e-08  7.56792092e-02 
 4.59600000e-08  7.74479436e-02 
 4.59800000e-08  7.92043138e-02 
 4.60000000e-08  8.09480418e-02 
 4.60200000e-08  8.26788519e-02 
 4.60400000e-08  8.43964707e-02 
 4.60600000e-08  8.61006270e-02 
 4.60800000e-08  8.77910519e-02 
 4.61000000e-08  8.94674789e-02 
 4.61200000e-08  9.11296439e-02 
 4.61400000e-08  9.27772852e-02 
 4.61600000e-08  9.44101436e-02 
 4.61800000e-08  9.60279625e-02 
 4.62000000e-08  9.76304878e-02 
 4.62200000e-08  9.92174679e-02 
 4.62400000e-08  1.00788654e-01 
 4.62600000e-08  1.02343800e-01 
 4.62800000e-08  1.03882662e-01 
 4.63000000e-08  1.05405000e-01 
 4.63200000e-08  1.06910575e-01 
 4.63400000e-08  1.08399153e-01 
 4.63600000e-08  1.09870502e-01 
 4.63800000e-08  1.11324390e-01 
 4.64000000e-08  1.12760594e-01 
 4.64200000e-08  1.14178888e-01 
 4.64400000e-08  1.15579052e-01 
 4.64600000e-08  1.16960868e-01 
 4.64800000e-08  1.18324123e-01 
 4.65000000e-08  1.19668604e-01 
 4.65200000e-08  1.20994103e-01 
 4.65400000e-08  1.22300415e-01 
 4.65600000e-08  1.23587338e-01 
 4.65800000e-08  1.24854673e-01 
 4.66000000e-08  1.26102224e-01 
 4.66200000e-08  1.27329798e-01 
 4.66400000e-08  1.28537207e-01 
 4.66600000e-08  1.29724263e-01 
 4.66800000e-08  1.30890786e-01 
 4.67000000e-08  1.32036594e-01 
 4.67200000e-08  1.33161512e-01 
 4.67400000e-08  1.34265368e-01 
 4.67600000e-08  1.35347991e-01 
 4.67800000e-08  1.36409216e-01 
 4.68000000e-08  1.37448881e-01 
 4.68200000e-08  1.38466826e-01 
 4.68400000e-08  1.39462896e-01 
 4.68600000e-08  1.40436938e-01 
 4.68800000e-08  1.41388804e-01 
 4.69000000e-08  1.42318349e-01 
 4.69200000e-08  1.43225431e-01 
 4.69400000e-08  1.44109911e-01 
 4.69600000e-08  1.44971656e-01 
 4.69800000e-08  1.45810533e-01 
 4.70000000e-08  1.46626417e-01 
 4.70200000e-08  1.47419182e-01 
 4.70400000e-08  1.48188709e-01 
 4.70600000e-08  1.48934881e-01 
 4.70800000e-08  1.49657584e-01 
 4.71000000e-08  1.50356710e-01 
 4.71200000e-08  1.51032153e-01 
 4.71400000e-08  1.51683810e-01 
 4.71600000e-08  1.52311584e-01 
 4.71800000e-08  1.52915379e-01 
 4.72000000e-08  1.53495104e-01 
 4.72200000e-08  1.54050672e-01 
 4.72400000e-08  1.54582000e-01 
 4.72600000e-08  1.55089006e-01 
 4.72800000e-08  1.55571616e-01 
 4.73000000e-08  1.56029756e-01 
 4.73200000e-08  1.56463358e-01 
 4.73400000e-08  1.56872356e-01 
 4.73600000e-08  1.57256690e-01 
 4.73800000e-08  1.57616301e-01 
 4.74000000e-08  1.57951136e-01 
 4.74200000e-08  1.58261144e-01 
 4.74400000e-08  1.58546279e-01 
 4.74600000e-08  1.58806499e-01 
 4.74800000e-08  1.59041765e-01 
 4.75000000e-08  1.59252042e-01 
 4.75200000e-08  1.59437298e-01 
 4.75400000e-08  1.59597506e-01 
 4.75600000e-08  1.59732642e-01 
 4.75800000e-08  1.59842686e-01 
 4.76000000e-08  1.59927622e-01 
 4.76200000e-08  1.59987437e-01 
 4.76400000e-08  1.60022123e-01 
 4.76600000e-08  1.60031675e-01 
 4.76800000e-08  1.60016092e-01 
 4.77000000e-08  1.59975376e-01 
 4.77200000e-08  1.59909534e-01 
 4.77400000e-08  1.59818576e-01 
 4.77600000e-08  1.59702517e-01 
 4.77800000e-08  1.59561373e-01 
 4.78000000e-08  1.59395166e-01 
 4.78200000e-08  1.59203922e-01 
 4.78400000e-08  1.58987670e-01 
 4.78600000e-08  1.58746442e-01 
 4.78800000e-08  1.58480275e-01 
 4.79000000e-08  1.58189210e-01 
 4.79200000e-08  1.57873290e-01 
 4.79400000e-08  1.57532564e-01 
 4.79600000e-08  1.57167082e-01 
 4.79800000e-08  1.56776900e-01 
 4.80000000e-08  1.56362078e-01 
 4.80200000e-08  1.55922678e-01 
 4.80400000e-08  1.55458766e-01 
 4.80600000e-08  1.54970412e-01 
 4.80800000e-08  1.54457691e-01 
 4.81000000e-08  1.53920681e-01 
 4.81200000e-08  1.53359461e-01 
 4.81400000e-08  1.52774118e-01 
 4.81600000e-08  1.52164740e-01 
 4.81800000e-08  1.51531420e-01 
 4.82000000e-08  1.50874252e-01 
 4.82200000e-08  1.50193338e-01 
 4.82400000e-08  1.49488780e-01 
 4.82600000e-08  1.48760685e-01 
 4.82800000e-08  1.48009163e-01 
 4.83000000e-08  1.47234329e-01 
 4.83200000e-08  1.46436301e-01 
 4.83400000e-08  1.45615199e-01 
 4.83600000e-08  1.44771149e-01 
 4.83800000e-08  1.43904279e-01 
 4.84000000e-08  1.43014722e-01 
 4.84200000e-08  1.42102611e-01 
 4.84400000e-08  1.41168087e-01 
 4.84600000e-08  1.40211293e-01 
 4.84800000e-08  1.39232373e-01 
 4.85000000e-08  1.38231478e-01 
 4.85200000e-08  1.37208760e-01 
 4.85400000e-08  1.36164377e-01 
 4.85600000e-08  1.35098487e-01 
 4.85800000e-08  1.34011254e-01 
 4.86000000e-08  1.32902844e-01 
 4.86200000e-08  1.31773428e-01 
 4.86400000e-08  1.30623179e-01 
 4.86600000e-08  1.29452273e-01 
 4.86800000e-08  1.28260890e-01 
 4.87000000e-08  1.27049214e-01 
 4.87200000e-08  1.25817431e-01 
 4.87400000e-08  1.24565730e-01 
 4.87600000e-08  1.23294305e-01 
 4.87800000e-08  1.22003352e-01 
 4.88000000e-08  1.20693070e-01 
 4.88200000e-08  1.19363662e-01 
 4.88400000e-08  1.18015332e-01 
 4.88600000e-08  1.16648290e-01 
 4.88800000e-08  1.15262748e-01 
 4.89000000e-08  1.13858920e-01 
 4.89200000e-08  1.12437023e-01 
 4.89400000e-08  1.10997279e-01 
 4.89600000e-08  1.09539912e-01 
 4.89800000e-08  1.08065147e-01 
 4.90000000e-08  1.06573215e-01 
 4.90200000e-08  1.05064348e-01 
 4.90400000e-08  1.03538780e-01 
 4.90600000e-08  1.01996750e-01 
 4.90800000e-08  1.00438499e-01 
 4.91000000e-08  9.88642697e-02 
 4.91200000e-08  9.72743087e-02 
 4.91400000e-08  9.56688646e-02 
 4.91600000e-08  9.40481890e-02 
 4.91800000e-08  9.24125357e-02 
 4.92000000e-08  9.07621613e-02 
 4.92200000e-08  8.90973249e-02 
 4.92400000e-08  8.74182880e-02 
 4.92600000e-08  8.57253145e-02 
 4.92800000e-08  8.40186707e-02 
 4.93000000e-08  8.22986254e-02 
 4.93200000e-08  8.05654496e-02 
 4.93400000e-08  7.88194164e-02 
 4.93600000e-08  7.70608013e-02 
 4.93800000e-08  7.52898821e-02 
 4.94000000e-08  7.35069384e-02 
 4.94200000e-08  7.17122522e-02 
 4.94400000e-08  6.99061074e-02 
 4.94600000e-08  6.80887899e-02 
 4.94800000e-08  6.62605876e-02 
 4.95000000e-08  6.44217903e-02 
 4.95200000e-08  6.25726896e-02 
 4.95400000e-08  6.07135790e-02 
 4.95600000e-08  5.88447537e-02 
 4.95800000e-08  5.69665106e-02 
 4.96000000e-08  5.50791483e-02 
 4.96200000e-08  5.31829671e-02 
 4.96400000e-08  5.12782686e-02 
 4.96600000e-08  4.93653563e-02 
 4.96800000e-08  4.74445349e-02 
 4.97000000e-08  4.55161105e-02 
 4.97200000e-08  4.35803906e-02 
 4.97400000e-08  4.16376841e-02 
 4.97600000e-08  3.96883011e-02 
 4.97800000e-08  3.77325527e-02 
 4.98000000e-08  3.57707515e-02 
 4.98200000e-08  3.38032109e-02 
 4.98400000e-08  3.18302456e-02 
 4.98600000e-08  2.98521709e-02 
 4.98800000e-08  2.78693033e-02 
 4.99000000e-08  2.58819603e-02 
 4.99200000e-08  2.38904598e-02 
 4.99400000e-08  2.18951208e-02 
 4.99600000e-08  1.98962628e-02 
 4.99800000e-08  1.78942061e-02 
 5.00000000e-08  1.58892715e-02 
 5.00200000e-08  1.38817803e-02 
 5.00400000e-08  1.18720543e-02 
 5.00600000e-08  9.86041575e-03 
 5.00800000e-08  7.84718722e-03 
 5.01000000e-08  5.83269159e-03 
 5.01200000e-08  3.81725195e-03 
 5.01400000e-08  1.80119162e-03 
 5.01600000e-08 -2.15166010e-04 
 5.01800000e-08 -2.23149744e-03 
 5.02000000e-08 -4.24747918e-03 
 5.02200000e-08 -6.26278780e-03 
 5.02400000e-08 -8.27709997e-03 
 5.02600000e-08 -1.02900925e-02 
 5.02800000e-08 -1.23014425e-02 
 5.03000000e-08 -1.43108274e-02 
 5.03200000e-08 -1.63179247e-02 
 5.03400000e-08 -1.83224126e-02 
 5.03600000e-08 -2.03239696e-02 
 5.03800000e-08 -2.23222749e-02 
 5.04000000e-08 -2.43170080e-02 
 5.04200000e-08 -2.63078493e-02 
 5.04400000e-08 -2.82944796e-02 
 5.04600000e-08 -3.02765807e-02 
 5.04800000e-08 -3.22538351e-02 
 5.05000000e-08 -3.42259261e-02 
 5.05200000e-08 -3.61925381e-02 
 5.05400000e-08 -3.81533562e-02 
 5.05600000e-08 -4.01080669e-02 
 5.05800000e-08 -4.20563573e-02 
 5.06000000e-08 -4.39979160e-02 
 5.06200000e-08 -4.59324327e-02 
 5.06400000e-08 -4.78595984e-02 
 5.06600000e-08 -4.97791051e-02 
 5.06800000e-08 -5.16906466e-02 
 5.07000000e-08 -5.35939178e-02 
 5.07200000e-08 -5.54886152e-02 
 5.07400000e-08 -5.73744366e-02 
 5.07600000e-08 -5.92510817e-02 
 5.07800000e-08 -6.11182516e-02 
 5.08000000e-08 -6.29756489e-02 
 5.08200000e-08 -6.48229784e-02 
 5.08400000e-08 -6.66599461e-02 
 5.08600000e-08 -6.84862603e-02 
 5.08800000e-08 -7.03016309e-02 
 5.09000000e-08 -7.21057697e-02 
 5.09200000e-08 -7.38983905e-02 
 5.09400000e-08 -7.56792092e-02 
 5.09600000e-08 -7.74479436e-02 
 5.09800000e-08 -7.92043138e-02 
 5.10000000e-08 -8.09480418e-02 
 5.10200000e-08 -8.26788519e-02 
 5.10400000e-08 -8.43964707e-02 
 5.10600000e-08 -8.61006270e-02 
 5.10800000e-08 -8.77910519e-02 
 5.11000000e-08 -8.94674789e-02 
 5.11200000e-08 -9.11296439e-02 
 5.11400000e-08 -9.27772852e-02 
 5.11600000e-08 -9.44101436e-02 
 5.11800000e-08 -9.60279625e-02 
 5.12000000e-08 -9.76304878e-02 
 5.12200000e-08 -9.92174679e-02 
 5.12400000e-08 -1.00788654e-01 
 5.12600000e-08 -1.02343800e-01 
 5.12800000e-08 -1.03882662e-01 
 5.13000000e-08 -1.05405000e-01 
 5.13200000e-08 -1.06910575e-01 
 5.13400000e-08 -1.08399153e-01 
 5.13600000e-08 -1.09870502e-01 
 5.13800000e-08 -1.11324390e-01 
 5.14000000e-08 -1.12760594e-01 
 5.14200000e-08 -1.14178888e-01 
 5.14400000e-08 -1.15579052e-01 
 5.14600000e-08 -1.16960868e-01 
 5.14800000e-08 -1.18324123e-01 
 5.15000000e-08 -1.19668604e-01 
 5.15200000e-08 -1.20994103e-01 
 5.15400000e-08 -1.22300415e-01 
 5.15600000e-08 -1.23587338e-01 
 5.15800000e-08 -1.24854673e-01 
 5.16000000e-08 -1.26102224e-01 
 5.16200000e-08 -1.27329798e-01 
 5.16400000e-08 -1.28537207e-01 
 5.16600000e-08 -1.29724263e-01 
 5.16800000e-08 -1.30890786e-01 
 5.17000000e-08 -1.32036594e-01 
 5.17200000e-08 -1.33161512e-01 
 5.17400000e-08 -1.34265368e-01 
 5.17600000e-08 -1.35347991e-01 
 5.17800000e-08 -1.36409216e-01 
 5.18000000e-08 -1.37448881e-01 
 5.18200000e-08 -1.38466826e-01 
 5.18400000e-08 -1.39462896e-01 
 5.18600000e-08 -1.40436938e-01 
 5.18800000e-08 -1.41388804e-01 
 5.19000000e-08 -1.42318349e-01 
 5.19200000e-08 -1.43225431e-01 
 5.19400000e-08 -1.44109911e-01 
 5.19600000e-08 -1.44971656e-01 
 5.19800000e-08 -1.45810533e-01 
 5.20000000e-08 -1.46626417e-01 
 5.20200000e-08 -1.47419182e-01 
 5.20400000e-08 -1.48188709e-01 
 5.20600000e-08 -1.48934881e-01 
 5.20800000e-08 -1.49657584e-01 
 5.21000000e-08 -1.50356710e-01 
 5.21200000e-08 -1.51032153e-01 
 5.21400000e-08 -1.51683810e-01 
 5.21600000e-08 -1.52311584e-01 
 5.21800000e-08 -1.52915379e-01 
 5.22000000e-08 -1.53495104e-01 
 5.22200000e-08 -1.54050672e-01 
 5.22400000e-08 -1.54582000e-01 
 5.22600000e-08 -1.55089006e-01 
 5.22800000e-08 -1.55571616e-01 
 5.23000000e-08 -1.56029756e-01 
 5.23200000e-08 -1.56463358e-01 
 5.23400000e-08 -1.56872356e-01 
 5.23600000e-08 -1.57256690e-01 
 5.23800000e-08 -1.57616301e-01 
 5.24000000e-08 -1.57951136e-01 
 5.24200000e-08 -1.58261144e-01 
 5.24400000e-08 -1.58546279e-01 
 5.24600000e-08 -1.58806499e-01 
 5.24800000e-08 -1.59041765e-01 
 5.25000000e-08 -1.59252042e-01 
 5.25200000e-08 -1.59437298e-01 
 5.25400000e-08 -1.59597506e-01 
 5.25600000e-08 -1.59732642e-01 
 5.25800000e-08 -1.59842686e-01 
 5.26000000e-08 -1.59927622e-01 
 5.26200000e-08 -1.59987437e-01 
 5.26400000e-08 -1.60022123e-01 
 5.26600000e-08 -1.60031675e-01 
 5.26800000e-08 -1.60016092e-01 
 5.27000000e-08 -1.59975376e-01 
 5.27200000e-08 -1.59909534e-01 
 5.27400000e-08 -1.59818576e-01 
 5.27600000e-08 -1.59702517e-01 
 5.27800000e-08 -1.59561373e-01 
 5.28000000e-08 -1.59395166e-01 
 5.28200000e-08 -1.59203922e-01 
 5.28400000e-08 -1.58987670e-01 
 5.28600000e-08 -1.58746442e-01 
 5.28800000e-08 -1.58480275e-01 
 5.29000000e-08 -1.58189210e-01 
 5.29200000e-08 -1.57873290e-01 
 5.29400000e-08 -1.57532564e-01 
 5.29600000e-08 -1.57167082e-01 
 5.29800000e-08 -1.56776900e-01 
 5.30000000e-08 -1.56362078e-01 
 5.30200000e-08 -1.55922678e-01 
 5.30400000e-08 -1.55458766e-01 
 5.30600000e-08 -1.54970412e-01 
 5.30800000e-08 -1.54457691e-01 
 5.31000000e-08 -1.53920681e-01 
 5.31200000e-08 -1.53359461e-01 
 5.31400000e-08 -1.52774118e-01 
 5.31600000e-08 -1.52164740e-01 
 5.31800000e-08 -1.51531420e-01 
 5.32000000e-08 -1.50874252e-01 
 5.32200000e-08 -1.50193338e-01 
 5.32400000e-08 -1.49488780e-01 
 5.32600000e-08 -1.48760685e-01 
 5.32800000e-08 -1.48009163e-01 
 5.33000000e-08 -1.47234329e-01 
 5.33200000e-08 -1.46436301e-01 
 5.33400000e-08 -1.45615199e-01 
 5.33600000e-08 -1.44771149e-01 
 5.33800000e-08 -1.43904279e-01 
 5.34000000e-08 -1.43014722e-01 
 5.34200000e-08 -1.42102611e-01 
 5.34400000e-08 -1.41168087e-01 
 5.34600000e-08 -1.40211293e-01 
 5.34800000e-08 -1.39232373e-01 
 5.35000000e-08 -1.38231478e-01 
 5.35200000e-08 -1.37208760e-01 
 5.35400000e-08 -1.36164377e-01 
 5.35600000e-08 -1.35098487e-01 
 5.35800000e-08 -1.34011254e-01 
 5.36000000e-08 -1.32902844e-01 
 5.36200000e-08 -1.31773428e-01 
 5.36400000e-08 -1.30623179e-01 
 5.36600000e-08 -1.29452273e-01 
 5.36800000e-08 -1.28260890e-01 
 5.37000000e-08 -1.27049214e-01 
 5.37200000e-08 -1.25817431e-01 
 5.37400000e-08 -1.24565730e-01 
 5.37600000e-08 -1.23294305e-01 
 5.37800000e-08 -1.22003352e-01 
 5.38000000e-08 -1.20693070e-01 
 5.38200000e-08 -1.19363662e-01 
 5.38400000e-08 -1.18015332e-01 
 5.38600000e-08 -1.16648290e-01 
 5.38800000e-08 -1.15262748e-01 
 5.39000000e-08 -1.13858920e-01 
 5.39200000e-08 -1.12437023e-01 
 5.39400000e-08 -1.10997279e-01 
 5.39600000e-08 -1.09539912e-01 
 5.39800000e-08 -1.08065147e-01 
 5.40000000e-08 -1.06573215e-01 
 5.40200000e-08 -1.05064348e-01 
 5.40400000e-08 -1.03538780e-01 
 5.40600000e-08 -1.01996750e-01 
 5.40800000e-08 -1.00438499e-01 
 5.41000000e-08 -9.88642697e-02 
 5.41200000e-08 -9.72743087e-02 
 5.41400000e-08 -9.56688646e-02 
 5.41600000e-08 -9.40481890e-02 
 5.41800000e-08 -9.24125357e-02 
 5.42000000e-08 -9.07621613e-02 
 5.42200000e-08 -8.90973249e-02 
 5.42400000e-08 -8.74182880e-02 
 5.42600000e-08 -8.57253145e-02 
 5.42800000e-08 -8.40186707e-02 
 5.43000000e-08 -8.22986254e-02 
 5.43200000e-08 -8.05654496e-02 
 5.43400000e-08 -7.88194164e-02 
 5.43600000e-08 -7.70608013e-02 
 5.43800000e-08 -7.52898821e-02 
 5.44000000e-08 -7.35069384e-02 
 5.44200000e-08 -7.17122522e-02 
 5.44400000e-08 -6.99061074e-02 
 5.44600000e-08 -6.80887899e-02 
 5.44800000e-08 -6.62605876e-02 
 5.45000000e-08 -6.44217903e-02 
 5.45200000e-08 -6.25726896e-02 
 5.45400000e-08 -6.07135790e-02 
 5.45600000e-08 -5.88447537e-02 
 5.45800000e-08 -5.69665106e-02 
 5.46000000e-08 -5.50791483e-02 
 5.46200000e-08 -5.31829671e-02 
 5.46400000e-08 -5.12782686e-02 
 5.46600000e-08 -4.93653563e-02 
 5.46800000e-08 -4.74445349e-02 
 5.47000000e-08 -4.55161105e-02 
 5.47200000e-08 -4.35803906e-02 
 5.47400000e-08 -4.16376841e-02 
 5.47600000e-08 -3.96883011e-02 
 5.47800000e-08 -3.77325527e-02 
 5.48000000e-08 -3.57707515e-02 
 5.48200000e-08 -3.38032109e-02 
 5.48400000e-08 -3.18302456e-02 
 5.48600000e-08 -2.98521709e-02 
 5.48800000e-08 -2.78693033e-02 
 5.49000000e-08 -2.58819603e-02 
 5.49200000e-08 -2.38904598e-02 
 5.49400000e-08 -2.18951208e-02 
 5.49600000e-08 -1.98962628e-02 
 5.49800000e-08 -1.78942061e-02 
 5.50000000e-08 -1.58892715e-02 
 5.50200000e-08 -1.38817803e-02 
 5.50400000e-08 -1.18720543e-02 
 5.50600000e-08 -9.86041575e-03 
 5.50800000e-08 -7.84718722e-03 
 5.51000000e-08 -5.83269159e-03 
 5.51200000e-08 -3.81725195e-03 
 5.51400000e-08 -1.80119161e-03 
 5.51600000e-08  2.15166010e-04 
 5.51800000e-08  2.23149744e-03 
 5.52000000e-08  4.24747918e-03 
 5.52200000e-08  6.26278780e-03 
 5.52400000e-08  8.27709997e-03 
 5.52600000e-08  1.02900925e-02 
 5.52800000e-08  1.23014425e-02 
 5.53000000e-08  1.43108274e-02 
 5.53200000e-08  1.63179247e-02 
 5.53400000e-08  1.83224126e-02 
 5.53600000e-08  2.03239696e-02 
 5.53800000e-08  2.23222749e-02 
 5.54000000e-08  2.43170080e-02 
 5.54200000e-08  2.63078493e-02 
 5.54400000e-08  2.82944796e-02 
 5.54600000e-08  3.02765807e-02 
 5.54800000e-08  3.22538351e-02 
 5.55000000e-08  3.42259261e-02 
 5.55200000e-08  3.61925381e-02 
 5.55400000e-08  3.81533562e-02 
 5.55600000e-08  4.01080669e-02 
 5.55800000e-08  4.20563573e-02 
 5.56000000e-08  4.39979160e-02 
 5.56200000e-08  4.59324327e-02 
 5.56400000e-08  4.78595984e-02 
 5.56600000e-08  4.97791051e-02 
 5.56800000e-08  5.16906466e-02 
 5.57000000e-08  5.35939178e-02 
 5.57200000e-08  5.54886152e-02 
 5.57400000e-08  5.73744366e-02 
 5.57600000e-08  5.92510817e-02 
 5.57800000e-08  6.11182516e-02 
 5.58000000e-08  6.29756489e-02 
 5.58200000e-08  6.48229784e-02 
 5.58400000e-08  6.66599461e-02 
 5.58600000e-08  6.84862603e-02 
 5.58800000e-08  7.03016309e-02 
 5.59000000e-08  7.21057697e-02 
 5.59200000e-08  7.38983905e-02 
 5.59400000e-08  7.56792092e-02 
 5.59600000e-08  7.74479436e-02 
 5.59800000e-08  7.92043138e-02 
 5.60000000e-08  8.09480418e-02 
 5.60200000e-08  8.26788519e-02 
 5.60400000e-08  8.43964707e-02 
 5.60600000e-08  8.61006270e-02 
 5.60800000e-08  8.77910519e-02 
 5.61000000e-08  8.94674789e-02 
 5.61200000e-08  9.11296439e-02 
 5.61400000e-08  9.27772852e-02 
 5.61600000e-08  9.44101436e-02 
 5.61800000e-08  9.60279625e-02 
 5.62000000e-08  9.76304878e-02 
 5.62200000e-08  9.92174679e-02 
 5.62400000e-08  1.00788654e-01 
 5.62600000e-08  1.02343800e-01 
 5.62800000e-08  1.03882662e-01 
 5.63000000e-08  1.05405000e-01 
 5.63200000e-08  1.06910575e-01 
 5.63400000e-08  1.08399153e-01 
 5.63600000e-08  1.09870502e-01 
 5.63800000e-08  1.11324390e-01 
 5.64000000e-08  1.12760594e-01 
 5.64200000e-08  1.14178888e-01 
 5.64400000e-08  1.15579052e-01 
 5.64600000e-08  1.16960868e-01 
 5.64800000e-08  1.18324123e-01 
 5.65000000e-08  1.19668604e-01 
 5.65200000e-08  1.20994103e-01 
 5.65400000e-08  1.22300415e-01 
 5.65600000e-08  1.23587338e-01 
 5.65800000e-08  1.24854673e-01 
 5.66000000e-08  1.26102224e-01 
 5.66200000e-08  1.27329798e-01 
 5.66400000e-08  1.28537207e-01 
 5.66600000e-08  1.29724263e-01 
 5.66800000e-08  1.30890786e-01 
 5.67000000e-08  1.32036594e-01 
 5.67200000e-08  1.33161512e-01 
 5.67400000e-08  1.34265368e-01 
 5.67600000e-08  1.35347991e-01 
 5.67800000e-08  1.36409216e-01 
 5.68000000e-08  1.37448881e-01 
 5.68200000e-08  1.38466826e-01 
 5.68400000e-08  1.39462896e-01 
 5.68600000e-08  1.40436938e-01 
 5.68800000e-08  1.41388804e-01 
 5.69000000e-08  1.42318349e-01 
 5.69200000e-08  1.43225431e-01 
 5.69400000e-08  1.44109911e-01 
 5.69600000e-08  1.44971656e-01 
 5.69800000e-08  1.45810533e-01 
 5.70000000e-08  1.46626417e-01 
 5.70200000e-08  1.47419182e-01 
 5.70400000e-08  1.48188709e-01 
 5.70600000e-08  1.48934881e-01 
 5.70800000e-08  1.49657584e-01 
 5.71000000e-08  1.50356710e-01 
 5.71200000e-08  1.51032153e-01 
 5.71400000e-08  1.51683810e-01 
 5.71600000e-08  1.52311584e-01 
 5.71800000e-08  1.52915379e-01 
 5.72000000e-08  1.53495104e-01 
 5.72200000e-08  1.54050672e-01 
 5.72400000e-08  1.54582000e-01 
 5.72600000e-08  1.55089006e-01 
 5.72800000e-08  1.55571616e-01 
 5.73000000e-08  1.56029756e-01 
 5.73200000e-08  1.56463358e-01 
 5.73400000e-08  1.56872356e-01 
 5.73600000e-08  1.57256690e-01 
 5.73800000e-08  1.57616301e-01 
 5.74000000e-08  1.57951136e-01 
 5.74200000e-08  1.58261144e-01 
 5.74400000e-08  1.58546279e-01 
 5.74600000e-08  1.58806499e-01 
 5.74800000e-08  1.59041765e-01 
 5.75000000e-08  1.59252042e-01 
 5.75200000e-08  1.59437298e-01 
 5.75400000e-08  1.59597506e-01 
 5.75600000e-08  1.59732642e-01 
 5.75800000e-08  1.59842686e-01 
 5.76000000e-08  1.59927622e-01 
 5.76200000e-08  1.59987437e-01 
 5.76400000e-08  1.60022123e-01 
 5.76600000e-08  1.60031675e-01 
 5.76800000e-08  1.60016092e-01 
 5.77000000e-08  1.59975376e-01 
 5.77200000e-08  1.59909534e-01 
 5.77400000e-08  1.59818576e-01 
 5.77600000e-08  1.59702517e-01 
 5.77800000e-08  1.59561373e-01 
 5.78000000e-08  1.59395166e-01 
 5.78200000e-08  1.59203922e-01 
 5.78400000e-08  1.58987670e-01 
 5.78600000e-08  1.58746442e-01 
 5.78800000e-08  1.58480275e-01 
 5.79000000e-08  1.58189210e-01 
 5.79200000e-08  1.57873290e-01 
 5.79400000e-08  1.57532564e-01 
 5.79600000e-08  1.57167082e-01 
 5.79800000e-08  1.56776900e-01 
 5.80000000e-08  1.56362078e-01 
 5.80200000e-08  1.55922678e-01 
 5.80400000e-08  1.55458766e-01 
 5.80600000e-08  1.54970412e-01 
 5.80800000e-08  1.54457691e-01 
 5.81000000e-08  1.53920681e-01 
 5.81200000e-08  1.53359461e-01 
 5.81400000e-08  1.52774118e-01 
 5.81600000e-08  1.52164740e-01 
 5.81800000e-08  1.51531420e-01 
 5.82000000e-08  1.50874252e-01 
 5.82200000e-08  1.50193338e-01 
 5.82400000e-08  1.49488780e-01 
 5.82600000e-08  1.48760685e-01 
 5.82800000e-08  1.48009163e-01 
 5.83000000e-08  1.47234329e-01 
 5.83200000e-08  1.46436301e-01 
 5.83400000e-08  1.45615199e-01 
 5.83600000e-08  1.44771149e-01 
 5.83800000e-08  1.43904279e-01 
 5.84000000e-08  1.43014722e-01 
 5.84200000e-08  1.42102611e-01 
 5.84400000e-08  1.41168087e-01 
 5.84600000e-08  1.40211293e-01 
 5.84800000e-08  1.39232373e-01 
 5.85000000e-08  1.38231478e-01 
 5.85200000e-08  1.37208760e-01 
 5.85400000e-08  1.36164377e-01 
 5.85600000e-08  1.35098487e-01 
 5.85800000e-08  1.34011254e-01 
 5.86000000e-08  1.32902844e-01 
 5.86200000e-08  1.31773428e-01 
 5.86400000e-08  1.30623179e-01 
 5.86600000e-08  1.29452273e-01 
 5.86800000e-08  1.28260890e-01 
 5.87000000e-08  1.27049214e-01 
 5.87200000e-08  1.25817431e-01 
 5.87400000e-08  1.24565730e-01 
 5.87600000e-08  1.23294305e-01 
 5.87800000e-08  1.22003352e-01 
 5.88000000e-08  1.20693070e-01 
 5.88200000e-08  1.19363662e-01 
 5.88400000e-08  1.18015332e-01 
 5.88600000e-08  1.16648290e-01 
 5.88800000e-08  1.15262748e-01 
 5.89000000e-08  1.13858920e-01 
 5.89200000e-08  1.12437023e-01 
 5.89400000e-08  1.10997279e-01 
 5.89600000e-08  1.09539912e-01 
 5.89800000e-08  1.08065147e-01 
 5.90000000e-08  1.06573215e-01 
 5.90200000e-08  1.05064348e-01 
 5.90400000e-08  1.03538780e-01 
 5.90600000e-08  1.01996750e-01 
 5.90800000e-08  1.00438499e-01 
 5.91000000e-08  9.88642697e-02 
 5.91200000e-08  9.72743087e-02 
 5.91400000e-08  9.56688646e-02 
 5.91600000e-08  9.40481890e-02 
 5.91800000e-08  9.24125357e-02 
 5.92000000e-08  9.07621613e-02 
 5.92200000e-08  8.90973249e-02 
 5.92400000e-08  8.74182880e-02 
 5.92600000e-08  8.57253145e-02 
 5.92800000e-08  8.40186707e-02 
 5.93000000e-08  8.22986254e-02 
 5.93200000e-08  8.05654496e-02 
 5.93400000e-08  7.88194164e-02 
 5.93600000e-08  7.70608013e-02 
 5.93800000e-08  7.52898821e-02 
 5.94000000e-08  7.35069384e-02 
 5.94200000e-08  7.17122522e-02 
 5.94400000e-08  6.99061074e-02 
 5.94600000e-08  6.80887899e-02 
 5.94800000e-08  6.62605876e-02 
 5.95000000e-08  6.44217903e-02 
 5.95200000e-08  6.25726896e-02 
 5.95400000e-08  6.07135790e-02 
 5.95600000e-08  5.88447537e-02 
 5.95800000e-08  5.69665106e-02 
 5.96000000e-08  5.50791483e-02 
 5.96200000e-08  5.31829671e-02 
 5.96400000e-08  5.12782686e-02 
 5.96600000e-08  4.93653563e-02 
 5.96800000e-08  4.74445349e-02 
 5.97000000e-08  4.55161105e-02 
 5.97200000e-08  4.35803906e-02 
 5.97400000e-08  4.16376841e-02 
 5.97600000e-08  3.96883011e-02 
 5.97800000e-08  3.77325527e-02 
 5.98000000e-08  3.57707515e-02 
 5.98200000e-08  3.38032109e-02 
 5.98400000e-08  3.18302456e-02 
 5.98600000e-08  2.98521709e-02 
 5.98800000e-08  2.78693033e-02 
 5.99000000e-08  2.58819603e-02 
 5.99200000e-08  2.38904598e-02 
 5.99400000e-08  2.18951208e-02 
 5.99600000e-08  1.98962628e-02 
 5.99800000e-08  1.78942061e-02 
 6.00000000e-08  1.58895239e-02 
