 0.00000000e+00  0.00000000e+00 
 2.00000000e-11  1.23840250e-04 
 4.00000000e-11  7.22175127e-05 
 6.00000000e-11 -1.25918486e-04 
 8.00000000e-11 -4.59699296e-04 
 1.00000000e-10 -9.10943747e-04 
 1.20000000e-10 -1.46369370e-03 
 1.40000000e-10 -2.10404424e-03 
 1.60000000e-10 -2.81989529e-03 
 1.80000000e-10 -3.60075682e-03 
 2.00000000e-10 -4.43752047e-03 
 2.20000000e-10 -5.32230024e-03 
 2.40000000e-10 -6.24824721e-03 
 2.60000000e-10 -7.20943084e-03 
 2.80000000e-10 -8.20069336e-03 
 3.00000000e-10 -9.21756493e-03 
 3.20000000e-10 -1.02561497e-02 
 3.40000000e-10 -1.13130671e-02 
 3.60000000e-10 -1.23853620e-02 
 3.80000000e-10 -1.34704656e-02 
 4.00000000e-10 -1.45661241e-02 
 4.20000000e-10 -1.56703736e-02 
 4.40000000e-10 -1.67814833e-02 
 4.60000000e-10 -1.78979404e-02 
 4.80000000e-10 -1.90184040e-02 
 5.00000000e-10 -2.01416978e-02 
 5.20000000e-10 -2.12667722e-02 
 5.40000000e-10 -2.23927022e-02 
 5.60000000e-10 -2.35186555e-02 
 5.80000000e-10 -2.46438951e-02 
 6.00000000e-10 -2.57677516e-02 
 6.20000000e-10 -2.68896285e-02 
 6.40000000e-10 -2.80089786e-02 
 6.60000000e-10 -2.91253109e-02 
 6.80000000e-10 -3.02381702e-02 
 7.00000000e-10 -3.13471449e-02 
 7.20000000e-10 -3.24518491e-02 
 7.40000000e-10 -3.35519314e-02 
 7.60000000e-10 -3.46470584e-02 
 7.80000000e-10 -3.57369247e-02 
 8.00000000e-10 -3.68212371e-02 
 8.20000000e-10 -3.78997250e-02 
 8.40000000e-10 -3.89721265e-02 
 8.60000000e-10 -4.00381981e-02 
 8.80000000e-10 -4.10977022e-02 
 9.00000000e-10 -4.21504165e-02 
 9.20000000e-10 -4.31961225e-02 
 9.40000000e-10 -4.42346151e-02 
 9.60000000e-10 -4.52656911e-02 
 9.80000000e-10 -4.62891593e-02 
 1.00000000e-09 -4.73048292e-02 
 1.02000000e-09 -4.83125208e-02 
 1.04000000e-09 -4.93120545e-02 
 1.06000000e-09 -5.03032600e-02 
 1.08000000e-09 -5.12859667e-02 
 1.10000000e-09 -5.22600127e-02 
 1.12000000e-09 -5.32252358e-02 
 1.14000000e-09 -5.41814813e-02 
 1.16000000e-09 -5.51285942e-02 
 1.18000000e-09 -5.60664268e-02 
 1.20000000e-09 -5.69948307e-02 
 1.22000000e-09 -5.79136645e-02 
 1.24000000e-09 -5.88227859e-02 
 1.26000000e-09 -5.97220596e-02 
 1.28000000e-09 -6.06113491e-02 
 1.30000000e-09 -6.14905246e-02 
 1.32000000e-09 -6.23594556e-02 
 1.34000000e-09 -6.32180176e-02 
 1.36000000e-09 -6.40660853e-02 
 1.38000000e-09 -6.49035397e-02 
 1.40000000e-09 -6.57302610e-02 
 1.42000000e-09 -6.65461350e-02 
 1.44000000e-09 -6.73510471e-02 
 1.46000000e-09 -6.81448884e-02 
 1.48000000e-09 -6.89275493e-02 
 1.50000000e-09 -6.96989257e-02 
 1.52000000e-09 -7.04589131e-02 
 1.54000000e-09 -7.12074122e-02 
 1.56000000e-09 -7.19443235e-02 
 1.58000000e-09 -7.26695525e-02 
 1.60000000e-09 -7.33830043e-02 
 1.62000000e-09 -7.40845892e-02 
 1.64000000e-09 -7.47742171e-02 
 1.66000000e-09 -7.54518028e-02 
 1.68000000e-09 -7.61172610e-02 
 1.70000000e-09 -7.67705109e-02 
 1.72000000e-09 -7.74114716e-02 
 1.74000000e-09 -7.80400670e-02 
 1.76000000e-09 -7.86562206e-02 
 1.78000000e-09 -7.92598605e-02 
 1.80000000e-09 -7.98509146e-02 
 1.82000000e-09 -8.04293152e-02 
 1.84000000e-09 -8.09949946e-02 
 1.86000000e-09 -8.15478891e-02 
 1.88000000e-09 -8.20879352e-02 
 1.90000000e-09 -8.26150732e-02 
 1.92000000e-09 -8.31292436e-02 
 1.94000000e-09 -8.36303907e-02 
 1.96000000e-09 -8.41184589e-02 
 1.98000000e-09 -8.45933963e-02 
 2.00000000e-09 -8.50551510e-02 
 2.02000000e-09 -8.55036750e-02 
 2.04000000e-09 -8.59389200e-02 
 2.06000000e-09 -8.63608416e-02 
 2.08000000e-09 -8.67693951e-02 
 2.10000000e-09 -8.71645395e-02 
 2.12000000e-09 -8.75462338e-02 
 2.14000000e-09 -8.79144402e-02 
 2.16000000e-09 -8.82691211e-02 
 2.18000000e-09 -8.86102418e-02 
 2.20000000e-09 -8.89377683e-02 
 2.22000000e-09 -8.92516689e-02 
 2.24000000e-09 -8.95519126e-02 
 2.26000000e-09 -8.98384712e-02 
 2.28000000e-09 -9.01113164e-02 
 2.30000000e-09 -9.03704230e-02 
 2.32000000e-09 -9.06157658e-02 
 2.34000000e-09 -9.08473224e-02 
 2.36000000e-09 -9.10650707e-02 
 2.38000000e-09 -9.12689909e-02 
 2.40000000e-09 -9.14590636e-02 
 2.42000000e-09 -9.16352720e-02 
 2.44000000e-09 -9.17975995e-02 
 2.46000000e-09 -9.19460317e-02 
 2.48000000e-09 -9.20805547e-02 
 2.50000000e-09 -9.22011569e-02 
 2.52000000e-09 -9.23078270e-02 
 2.54000000e-09 -9.24005558e-02 
 2.56000000e-09 -9.24793347e-02 
 2.58000000e-09 -9.25441572e-02 
 2.60000000e-09 -9.25950169e-02 
 2.62000000e-09 -9.26319099e-02 
 2.64000000e-09 -9.26548324e-02 
 2.66000000e-09 -9.26637831e-02 
 2.68000000e-09 -9.26587605e-02 
 2.70000000e-09 -9.26397658e-02 
 2.72000000e-09 -9.26068002e-02 
 2.74000000e-09 -9.25598670e-02 
 2.76000000e-09 -9.24989702e-02 
 2.78000000e-09 -9.24241156e-02 
 2.80000000e-09 -9.23353095e-02 
 2.82000000e-09 -9.22325604e-02 
 2.84000000e-09 -9.21158771e-02 
 2.86000000e-09 -9.19852706e-02 
 2.88000000e-09 -9.18407523e-02 
 2.90000000e-09 -9.16823357e-02 
 2.92000000e-09 -9.15100350e-02 
 2.94000000e-09 -9.13238662e-02 
 2.96000000e-09 -9.11238461e-02 
 2.98000000e-09 -9.09099936e-02 
 3.00000000e-09 -9.06823282e-02 
 3.02000000e-09 -9.04408715e-02 
 3.04000000e-09 -9.01856457e-02 
 3.06000000e-09 -8.99166753e-02 
 3.08000000e-09 -8.96339856e-02 
 3.10000000e-09 -8.93376038e-02 
 3.12000000e-09 -8.90275582e-02 
 3.14000000e-09 -8.87038790e-02 
 3.16000000e-09 -8.83665976e-02 
 3.18000000e-09 -8.80157474e-02 
 3.20000000e-09 -8.76513628e-02 
 3.22000000e-09 -8.72734804e-02 
 3.24000000e-09 -8.68821380e-02 
 3.26000000e-09 -8.64773755e-02 
 3.28000000e-09 -8.60592340e-02 
 3.30000000e-09 -8.56277568e-02 
 3.32000000e-09 -8.51829886e-02 
 3.34000000e-09 -8.47249760e-02 
 3.36000000e-09 -8.42537674e-02 
 3.38000000e-09 -8.37694132e-02 
 3.40000000e-09 -8.32719653e-02 
 3.42000000e-09 -8.27614780e-02 
 3.44000000e-09 -8.22380069e-02 
 3.46000000e-09 -8.17016101e-02 
 3.48000000e-09 -8.11523472e-02 
 3.50000000e-09 -8.05902804e-02 
 3.52000000e-09 -8.00154732e-02 
 3.54000000e-09 -7.94279918e-02 
 3.56000000e-09 -7.88279041e-02 
 3.58000000e-09 -7.82152802e-02 
 3.60000000e-09 -7.75901923e-02 
 3.62000000e-09 -7.69527150e-02 
 3.64000000e-09 -7.63029246e-02 
 3.66000000e-09 -7.56409000e-02 
 3.68000000e-09 -7.49667222e-02 
 3.70000000e-09 -7.42804745e-02 
 3.72000000e-09 -7.35822422e-02 
 3.74000000e-09 -7.28721134e-02 
 3.76000000e-09 -7.21501778e-02 
 3.78000000e-09 -7.14165281e-02 
 3.80000000e-09 -7.06712588e-02 
 3.82000000e-09 -6.99144673e-02 
 3.84000000e-09 -6.91462527e-02 
 3.86000000e-09 -6.83667170e-02 
 3.88000000e-09 -6.75759644e-02 
 3.90000000e-09 -6.67741014e-02 
 3.92000000e-09 -6.59612371e-02 
 3.94000000e-09 -6.51374828e-02 
 3.96000000e-09 -6.43029524e-02 
 3.98000000e-09 -6.34577622e-02 
 4.00000000e-09 -6.26020307e-02 
 4.02000000e-09 -6.17358791e-02 
 4.04000000e-09 -6.08594308e-02 
 4.06000000e-09 -5.99728118e-02 
 4.08000000e-09 -5.90761505e-02 
 4.10000000e-09 -5.81695775e-02 
 4.12000000e-09 -5.72532261e-02 
 4.14000000e-09 -5.63272317e-02 
 4.16000000e-09 -5.53917324e-02 
 4.18000000e-09 -5.44468684e-02 
 4.20000000e-09 -5.34927824e-02 
 4.22000000e-09 -5.25296195e-02 
 4.24000000e-09 -5.15575268e-02 
 4.26000000e-09 -5.05766542e-02 
 4.28000000e-09 -4.95871536e-02 
 4.30000000e-09 -4.85891791e-02 
 4.32000000e-09 -4.75828872e-02 
 4.34000000e-09 -4.65684367e-02 
 4.36000000e-09 -4.55459884e-02 
 4.38000000e-09 -4.45157053e-02 
 4.40000000e-09 -4.34777526e-02 
 4.42000000e-09 -4.24322976e-02 
 4.44000000e-09 -4.13795096e-02 
 4.46000000e-09 -4.03195601e-02 
 4.48000000e-09 -3.92526225e-02 
 4.50000000e-09 -3.81788721e-02 
 4.52000000e-09 -3.70984862e-02 
 4.54000000e-09 -3.60116441e-02 
 4.56000000e-09 -3.49185266e-02 
 4.58000000e-09 -3.38193168e-02 
 4.60000000e-09 -3.27141991e-02 
 4.62000000e-09 -3.16033599e-02 
 4.64000000e-09 -3.04869871e-02 
 4.66000000e-09 -2.93652704e-02 
 4.68000000e-09 -2.82384009e-02 
 4.70000000e-09 -2.71065713e-02 
 4.72000000e-09 -2.59699757e-02 
 4.74000000e-09 -2.48288097e-02 
 4.76000000e-09 -2.36832703e-02 
 4.78000000e-09 -2.25335556e-02 
 4.80000000e-09 -2.13798651e-02 
 4.82000000e-09 -2.02223996e-02 
 4.84000000e-09 -1.90613609e-02 
 4.86000000e-09 -1.78969517e-02 
 4.88000000e-09 -1.67293762e-02 
 4.90000000e-09 -1.55588391e-02 
 4.92000000e-09 -1.43855461e-02 
 4.94000000e-09 -1.32097040e-02 
 4.96000000e-09 -1.20315201e-02 
 4.98000000e-09 -1.08512026e-02 
 5.00000000e-09 -9.66896005e-03 
 5.02000000e-09 -8.48500195e-03 
 5.04000000e-09 -7.29953810e-03 
 5.06000000e-09 -6.11277885e-03 
 5.08000000e-09 -4.92493489e-03 
 5.10000000e-09 -3.73621731e-03 
 5.12000000e-09 -2.54683736e-03 
 5.14000000e-09 -1.35700661e-03 
 5.16000000e-09 -1.66936658e-04 
 5.18000000e-09  1.02316075e-03 
 5.20000000e-09  2.21307393e-03 
 5.22000000e-09  3.40259120e-03 
 5.24000000e-09  4.59150106e-03 
 5.26000000e-09  5.77959216e-03 
 5.28000000e-09  6.96665345e-03 
 5.30000000e-09  8.15247416e-03 
 5.32000000e-09  9.33684396e-03 
 5.34000000e-09  1.05195529e-02 
 5.36000000e-09  1.17003916e-02 
 5.38000000e-09  1.28791513e-02 
 5.40000000e-09  1.40556239e-02 
 5.42000000e-09  1.52296017e-02 
 5.44000000e-09  1.64008782e-02 
 5.46000000e-09  1.75692475e-02 
 5.48000000e-09  1.87345047e-02 
 5.50000000e-09  1.98964456e-02 
 5.52000000e-09  2.10548674e-02 
 5.54000000e-09  2.22095680e-02 
 5.56000000e-09  2.33603467e-02 
 5.58000000e-09  2.45070038e-02 
 5.60000000e-09  2.56493410e-02 
 5.62000000e-09  2.67871612e-02 
 5.64000000e-09  2.79202687e-02 
 5.66000000e-09  2.90484690e-02 
 5.68000000e-09  3.01715694e-02 
 5.70000000e-09  3.12893784e-02 
 5.72000000e-09  3.24017064e-02 
 5.74000000e-09  3.35083649e-02 
 5.76000000e-09  3.46091676e-02 
 5.78000000e-09  3.57039296e-02 
 5.80000000e-09  3.67924677e-02 
 5.82000000e-09  3.78746007e-02 
 5.84000000e-09  3.89501490e-02 
 5.86000000e-09  4.00189351e-02 
 5.88000000e-09  4.10807832e-02 
 5.90000000e-09  4.21355197e-02 
 5.92000000e-09  4.31829727e-02 
 5.94000000e-09  4.42229725e-02 
 5.96000000e-09  4.52553515e-02 
 5.98000000e-09  4.62799440e-02 
 6.00000000e-09  4.72965865e-02 
 6.02000000e-09  4.83051179e-02 
 6.04000000e-09  4.93053789e-02 
 6.06000000e-09  5.02972126e-02 
 6.08000000e-09  5.12804642e-02 
 6.10000000e-09  5.22549814e-02 
 6.12000000e-09  5.32206140e-02 
 6.14000000e-09  5.41772140e-02 
 6.16000000e-09  5.51246360e-02 
 6.18000000e-09  5.60627366e-02 
 6.20000000e-09  5.69913750e-02 
 6.22000000e-09  5.79104127e-02 
 6.24000000e-09  5.88197134e-02 
 6.26000000e-09  5.97191433e-02 
 6.28000000e-09  6.06085712e-02 
 6.30000000e-09  6.14878680e-02 
 6.32000000e-09  6.23569070e-02 
 6.34000000e-09  6.32155642e-02 
 6.36000000e-09  6.40637176e-02 
 6.38000000e-09  6.49012481e-02 
 6.40000000e-09  6.57280385e-02 
 6.42000000e-09  6.65439743e-02 
 6.44000000e-09  6.73489435e-02 
 6.46000000e-09  6.81428362e-02 
 6.48000000e-09  6.89255451e-02 
 6.50000000e-09  6.96969652e-02 
 6.52000000e-09  7.04569941e-02 
 6.54000000e-09  7.12055313e-02 
 6.56000000e-09  7.19424791e-02 
 6.58000000e-09  7.26677420e-02 
 6.60000000e-09  7.33812268e-02 
 6.62000000e-09  7.40828426e-02 
 6.64000000e-09  7.47725008e-02 
 6.66000000e-09  7.54501151e-02 
 6.68000000e-09  7.61156016e-02 
 6.70000000e-09  7.67688785e-02 
 6.72000000e-09  7.74098661e-02 
 6.74000000e-09  7.80384871e-02 
 6.76000000e-09  7.86546665e-02 
 6.78000000e-09  7.92583310e-02 
 6.80000000e-09  7.98494100e-02 
 6.82000000e-09  8.04278346e-02 
 6.84000000e-09  8.09935381e-02 
 6.86000000e-09  8.15464560e-02 
 6.88000000e-09  8.20865257e-02 
 6.90000000e-09  8.26136865e-02 
 6.92000000e-09  8.31278800e-02 
 6.94000000e-09  8.36290495e-02 
 6.96000000e-09  8.41171404e-02 
 6.98000000e-09  8.45920997e-02 
 7.00000000e-09  8.50538767e-02 
 7.02000000e-09  8.55024223e-02 
 7.04000000e-09  8.59376892e-02 
 7.06000000e-09  8.63596320e-02 
 7.08000000e-09  8.67682071e-02 
 7.10000000e-09  8.71633724e-02 
 7.12000000e-09  8.75450877e-02 
 7.14000000e-09  8.79133146e-02 
 7.16000000e-09  8.82680162e-02 
 7.18000000e-09  8.86091571e-02 
 7.20000000e-09  8.89367039e-02 
 7.22000000e-09  8.92506243e-02 
 7.24000000e-09  8.95508879e-02 
 7.26000000e-09  8.98374658e-02 
 7.28000000e-09  9.01103306e-02 
 7.30000000e-09  9.03694561e-02 
 7.32000000e-09  9.06148180e-02 
 7.34000000e-09  9.08463932e-02 
 7.36000000e-09  9.10641601e-02 
 7.38000000e-09  9.12680985e-02 
 7.40000000e-09  9.14581894e-02 
 7.42000000e-09  9.16344156e-02 
 7.44000000e-09  9.17967608e-02 
 7.46000000e-09  9.19452103e-02 
 7.48000000e-09  9.20797506e-02 
 7.50000000e-09  9.22003697e-02 
 7.52000000e-09  9.23070566e-02 
 7.54000000e-09  9.23998019e-02 
 7.56000000e-09  9.24785972e-02 
 7.58000000e-09  9.25434355e-02 
 7.60000000e-09  9.25943112e-02 
 7.62000000e-09  9.26312197e-02 
 7.64000000e-09  9.26541578e-02 
 7.66000000e-09  9.26631234e-02 
 7.68000000e-09  9.26581159e-02 
 7.70000000e-09  9.26391358e-02 
 7.72000000e-09  9.26061847e-02 
 7.74000000e-09  9.25592657e-02 
 7.76000000e-09  9.24983830e-02 
 7.78000000e-09  9.24235421e-02 
 7.80000000e-09  9.23347497e-02 
 7.82000000e-09  9.22320138e-02 
 7.84000000e-09  9.21153437e-02 
 7.86000000e-09  9.19847500e-02 
 7.88000000e-09  9.18402444e-02 
 7.90000000e-09  9.16818402e-02 
 7.92000000e-09  9.15095518e-02 
 7.94000000e-09  9.13233949e-02 
 7.96000000e-09  9.11233867e-02 
 7.98000000e-09  9.09095457e-02 
 8.00000000e-09  9.06818917e-02 
 8.02000000e-09  9.04404461e-02 
 8.04000000e-09  9.01852313e-02 
 8.06000000e-09  8.99162716e-02 
 8.08000000e-09  8.96335925e-02 
 8.10000000e-09  8.93372209e-02 
 8.12000000e-09  8.90271855e-02 
 8.14000000e-09  8.87035162e-02 
 8.16000000e-09  8.83662445e-02 
 8.18000000e-09  8.80154038e-02 
 8.20000000e-09  8.76510286e-02 
 8.22000000e-09  8.72731553e-02 
 8.24000000e-09  8.68818220e-02 
 8.26000000e-09  8.64770682e-02 
 8.28000000e-09  8.60589353e-02 
 8.30000000e-09  8.56274664e-02 
 8.32000000e-09  8.51827064e-02 
 8.34000000e-09  8.47247019e-02 
 8.36000000e-09  8.42535012e-02 
 8.38000000e-09  8.37691546e-02 
 8.40000000e-09  8.32717143e-02 
 8.42000000e-09  8.27612343e-02 
 8.44000000e-09  8.22377704e-02 
 8.46000000e-09  8.17013806e-02 
 8.48000000e-09  8.11521246e-02 
 8.50000000e-09  8.05900645e-02 
 8.52000000e-09  8.00152639e-02 
 8.54000000e-09  7.94277889e-02 
 8.56000000e-09  7.88277074e-02 
 8.58000000e-09  7.82150896e-02 
 8.60000000e-09  7.75900077e-02 
 8.62000000e-09  7.69525361e-02 
 8.64000000e-09  7.63027514e-02 
 8.66000000e-09  7.56407324e-02 
 8.68000000e-09  7.49665600e-02 
 8.70000000e-09  7.42803175e-02 
 8.72000000e-09  7.35820904e-02 
 8.74000000e-09  7.28719665e-02 
 8.76000000e-09  7.21500358e-02 
 8.78000000e-09  7.14163908e-02 
 8.80000000e-09  7.06711262e-02 
 8.82000000e-09  6.99143391e-02 
 8.84000000e-09  6.91461290e-02 
 8.86000000e-09  6.83665975e-02 
 8.88000000e-09  6.75758491e-02 
 8.90000000e-09  6.67739901e-02 
 8.92000000e-09  6.59611298e-02 
 8.94000000e-09  6.51373793e-02 
 8.96000000e-09  6.43028527e-02 
 8.98000000e-09  6.34576660e-02 
 9.00000000e-09  6.26019381e-02 
 9.02000000e-09  6.17357899e-02 
 9.04000000e-09  6.08593450e-02 
 9.06000000e-09  5.99727292e-02 
 9.08000000e-09  5.90760710e-02 
 9.10000000e-09  5.81695011e-02 
 9.12000000e-09  5.72531527e-02 
 9.14000000e-09  5.63271612e-02 
 9.16000000e-09  5.53916647e-02 
 9.18000000e-09  5.44468034e-02 
 9.20000000e-09  5.34927201e-02 
 9.22000000e-09  5.25295597e-02 
 9.24000000e-09  5.15574695e-02 
 9.26000000e-09  5.05765994e-02 
 9.28000000e-09  4.95871010e-02 
 9.30000000e-09  4.85891288e-02 
 9.32000000e-09  4.75828392e-02 
 9.34000000e-09  4.65683908e-02 
 9.36000000e-09  4.55459445e-02 
 9.38000000e-09  4.45156634e-02 
 9.40000000e-09  4.34777126e-02 
 9.42000000e-09  4.24322595e-02 
 9.44000000e-09  4.13794734e-02 
 9.46000000e-09  4.03195257e-02 
 9.48000000e-09  3.92525897e-02 
 9.50000000e-09  3.81788410e-02 
 9.52000000e-09  3.70984567e-02 
 9.54000000e-09  3.60116161e-02 
 9.56000000e-09  3.49185001e-02 
 9.58000000e-09  3.38192917e-02 
 9.60000000e-09  3.27141754e-02 
 9.62000000e-09  3.16033376e-02 
 9.64000000e-09  3.04869661e-02 
 9.66000000e-09  2.93652506e-02 
 9.68000000e-09  2.82383823e-02 
 9.70000000e-09  2.71065539e-02 
 9.72000000e-09  2.59699594e-02 
 9.74000000e-09  2.48287945e-02 
 9.76000000e-09  2.36832561e-02 
 9.78000000e-09  2.25335424e-02 
 9.80000000e-09  2.13798529e-02 
 9.82000000e-09  2.02223884e-02 
 9.84000000e-09  1.90613505e-02 
 9.86000000e-09  1.78969423e-02 
 9.88000000e-09  1.67293675e-02 
 9.90000000e-09  1.55588312e-02 
 9.92000000e-09  1.43855391e-02 
 9.94000000e-09  1.32096977e-02 
 9.96000000e-09  1.20315145e-02 
 9.98000000e-09  1.08511976e-02 
 1.00000000e-08  9.66895577e-03 
 1.00200000e-08  8.48499829e-03 
 1.00400000e-08  7.29953505e-03 
 1.00600000e-08  6.11277637e-03 
 1.00800000e-08  4.92493298e-03 
 1.01000000e-08  3.73621591e-03 
 1.01200000e-08  2.54683649e-03 
 1.01400000e-08  1.35700621e-03 
 1.01600000e-08  1.66936730e-04 
 1.01800000e-08 -1.02316024e-03 
 1.02000000e-08 -2.21307299e-03 
 1.02200000e-08 -3.40258986e-03 
 1.02400000e-08 -4.59149934e-03 
 1.02600000e-08 -5.77959008e-03 
 1.02800000e-08 -6.96665101e-03 
 1.03000000e-08 -8.15247140e-03 
 1.03200000e-08 -9.33684087e-03 
 1.03400000e-08 -1.05195495e-02 
 1.03600000e-08 -1.17003880e-02 
 1.03800000e-08 -1.28791474e-02 
 1.04000000e-08 -1.40556197e-02 
 1.04200000e-08 -1.52295973e-02 
 1.04400000e-08 -1.64008736e-02 
 1.04600000e-08 -1.75692426e-02 
 1.04800000e-08 -1.87344996e-02 
 1.05000000e-08 -1.98964403e-02 
 1.05200000e-08 -2.10548619e-02 
 1.05400000e-08 -2.22095624e-02 
 1.05600000e-08 -2.33603409e-02 
 1.05800000e-08 -2.45069979e-02 
 1.06000000e-08 -2.56493350e-02 
 1.06200000e-08 -2.67871551e-02 
 1.06400000e-08 -2.79202624e-02 
 1.06600000e-08 -2.90484626e-02 
 1.06800000e-08 -3.01715629e-02 
 1.07000000e-08 -3.12893719e-02 
 1.07200000e-08 -3.24016997e-02 
 1.07400000e-08 -3.35083582e-02 
 1.07600000e-08 -3.46091609e-02 
 1.07800000e-08 -3.57039228e-02 
 1.08000000e-08 -3.67924608e-02 
 1.08200000e-08 -3.78745938e-02 
 1.08400000e-08 -3.89501420e-02 
 1.08600000e-08 -4.00189281e-02 
 1.08800000e-08 -4.10807762e-02 
 1.09000000e-08 -4.21355126e-02 
 1.09200000e-08 -4.31829656e-02 
 1.09400000e-08 -4.42229654e-02 
 1.09600000e-08 -4.52553444e-02 
 1.09800000e-08 -4.62799369e-02 
 1.10000000e-08 -4.72965795e-02 
 1.10200000e-08 -4.83051108e-02 
 1.10400000e-08 -4.93053718e-02 
 1.10600000e-08 -5.02972055e-02 
 1.10800000e-08 -5.12804572e-02 
 1.11000000e-08 -5.22549744e-02 
 1.11200000e-08 -5.32206070e-02 
 1.11400000e-08 -5.41772071e-02 
 1.11600000e-08 -5.51246291e-02 
 1.11800000e-08 -5.60627297e-02 
 1.12000000e-08 -5.69913682e-02 
 1.12200000e-08 -5.79104059e-02 
 1.12400000e-08 -5.88197066e-02 
 1.12600000e-08 -5.97191366e-02 
 1.12800000e-08 -6.06085646e-02 
 1.13000000e-08 -6.14878614e-02 
 1.13200000e-08 -6.23569005e-02 
 1.13400000e-08 -6.32155577e-02 
 1.13600000e-08 -6.40637112e-02 
 1.13800000e-08 -6.49012417e-02 
 1.14000000e-08 -6.57280321e-02 
 1.14200000e-08 -6.65439681e-02 
 1.14400000e-08 -6.73489373e-02 
 1.14600000e-08 -6.81428300e-02 
 1.14800000e-08 -6.89255390e-02 
 1.15000000e-08 -6.96969592e-02 
 1.15200000e-08 -7.04569881e-02 
 1.15400000e-08 -7.12055254e-02 
 1.15600000e-08 -7.19424733e-02 
 1.15800000e-08 -7.26677363e-02 
 1.16000000e-08 -7.33812211e-02 
 1.16200000e-08 -7.40828370e-02 
 1.16400000e-08 -7.47724952e-02 
 1.16600000e-08 -7.54501097e-02 
 1.16800000e-08 -7.61155962e-02 
 1.17000000e-08 -7.67688731e-02 
 1.17200000e-08 -7.74098608e-02 
 1.17400000e-08 -7.80384820e-02 
 1.17600000e-08 -7.86546613e-02 
 1.17800000e-08 -7.92583260e-02 
 1.18000000e-08 -7.98494050e-02 
 1.18200000e-08 -8.04278297e-02 
 1.18400000e-08 -8.09935333e-02 
 1.18600000e-08 -8.15464513e-02 
 1.18800000e-08 -8.20865210e-02 
 1.19000000e-08 -8.26136819e-02 
 1.19200000e-08 -8.31278755e-02 
 1.19400000e-08 -8.36290451e-02 
 1.19600000e-08 -8.41171360e-02 
 1.19800000e-08 -8.45920954e-02 
 1.20000000e-08 -8.50538725e-02 
 1.20200000e-08 -8.55024181e-02 
 1.20400000e-08 -8.59376851e-02 
 1.20600000e-08 -8.63596280e-02 
 1.20800000e-08 -8.67682031e-02 
 1.21000000e-08 -8.71633685e-02 
 1.21200000e-08 -8.75450839e-02 
 1.21400000e-08 -8.79133109e-02 
 1.21600000e-08 -8.82680125e-02 
 1.21800000e-08 -8.86091535e-02 
 1.22000000e-08 -8.89367003e-02 
 1.22200000e-08 -8.92506208e-02 
 1.22400000e-08 -8.95508845e-02 
 1.22600000e-08 -8.98374625e-02 
 1.22800000e-08 -9.01103273e-02 
 1.23000000e-08 -9.03694529e-02 
 1.23200000e-08 -9.06148149e-02 
 1.23400000e-08 -9.08463901e-02 
 1.23600000e-08 -9.10641571e-02 
 1.23800000e-08 -9.12680955e-02 
 1.24000000e-08 -9.14581865e-02 
 1.24200000e-08 -9.16344127e-02 
 1.24400000e-08 -9.17967580e-02 
 1.24600000e-08 -9.19452075e-02 
 1.24800000e-08 -9.20797479e-02 
 1.25000000e-08 -9.22003671e-02 
 1.25200000e-08 -9.23070540e-02 
 1.25400000e-08 -9.23997994e-02 
 1.25600000e-08 -9.24785947e-02 
 1.25800000e-08 -9.25434331e-02 
 1.26000000e-08 -9.25943089e-02 
 1.26200000e-08 -9.26312174e-02 
 1.26400000e-08 -9.26541555e-02 
 1.26600000e-08 -9.26631212e-02 
 1.26800000e-08 -9.26581138e-02 
 1.27000000e-08 -9.26391337e-02 
 1.27200000e-08 -9.26061827e-02 
 1.27400000e-08 -9.25592637e-02 
 1.27600000e-08 -9.24983810e-02 
 1.27800000e-08 -9.24235402e-02 
 1.28000000e-08 -9.23347478e-02 
 1.28200000e-08 -9.22320120e-02 
 1.28400000e-08 -9.21153419e-02 
 1.28600000e-08 -9.19847482e-02 
 1.28800000e-08 -9.18402427e-02 
 1.29000000e-08 -9.16818385e-02 
 1.29200000e-08 -9.15095501e-02 
 1.29400000e-08 -9.13233933e-02 
 1.29600000e-08 -9.11233852e-02 
 1.29800000e-08 -9.09095442e-02 
 1.30000000e-08 -9.06818903e-02 
 1.30200000e-08 -9.04404446e-02 
 1.30400000e-08 -9.01852299e-02 
 1.30600000e-08 -8.99162703e-02 
 1.30800000e-08 -8.96335911e-02 
 1.31000000e-08 -8.93372196e-02 
 1.31200000e-08 -8.90271842e-02 
 1.31400000e-08 -8.87035149e-02 
 1.31600000e-08 -8.83662434e-02 
 1.31800000e-08 -8.80154026e-02 
 1.32000000e-08 -8.76510275e-02 
 1.32200000e-08 -8.72731542e-02 
 1.32400000e-08 -8.68818209e-02 
 1.32600000e-08 -8.64770671e-02 
 1.32800000e-08 -8.60589343e-02 
 1.33000000e-08 -8.56274655e-02 
 1.33200000e-08 -8.51827055e-02 
 1.33400000e-08 -8.47247010e-02 
 1.33600000e-08 -8.42535003e-02 
 1.33800000e-08 -8.37691538e-02 
 1.34000000e-08 -8.32717135e-02 
 1.34200000e-08 -8.27612335e-02 
 1.34400000e-08 -8.22377696e-02 
 1.34600000e-08 -8.17013798e-02 
 1.34800000e-08 -8.11521239e-02 
 1.35000000e-08 -8.05900637e-02 
 1.35200000e-08 -8.00152632e-02 
 1.35400000e-08 -7.94277882e-02 
 1.35600000e-08 -7.88277067e-02 
 1.35800000e-08 -7.82150890e-02 
 1.36000000e-08 -7.75900071e-02 
 1.36200000e-08 -7.69525355e-02 
 1.36400000e-08 -7.63027508e-02 
 1.36600000e-08 -7.56407318e-02 
 1.36800000e-08 -7.49665595e-02 
 1.37000000e-08 -7.42803170e-02 
 1.37200000e-08 -7.35820899e-02 
 1.37400000e-08 -7.28719660e-02 
 1.37600000e-08 -7.21500353e-02 
 1.37800000e-08 -7.14163904e-02 
 1.38000000e-08 -7.06711258e-02 
 1.38200000e-08 -6.99143387e-02 
 1.38400000e-08 -6.91461286e-02 
 1.38600000e-08 -6.83665971e-02 
 1.38800000e-08 -6.75758487e-02 
 1.39000000e-08 -6.67739898e-02 
 1.39200000e-08 -6.59611294e-02 
 1.39400000e-08 -6.51373790e-02 
 1.39600000e-08 -6.43028523e-02 
 1.39800000e-08 -6.34576657e-02 
 1.40000000e-08 -6.26019378e-02 
 1.40200000e-08 -6.17357896e-02 
 1.40400000e-08 -6.08593447e-02 
 1.40600000e-08 -5.99727290e-02 
 1.40800000e-08 -5.90760708e-02 
 1.41000000e-08 -5.81695009e-02 
 1.41200000e-08 -5.72531524e-02 
 1.41400000e-08 -5.63271610e-02 
 1.41600000e-08 -5.53916645e-02 
 1.41800000e-08 -5.44468032e-02 
 1.42000000e-08 -5.34927199e-02 
 1.42200000e-08 -5.25295595e-02 
 1.42400000e-08 -5.15574694e-02 
 1.42600000e-08 -5.05765992e-02 
 1.42800000e-08 -4.95871009e-02 
 1.43000000e-08 -4.85891287e-02 
 1.43200000e-08 -4.75828390e-02 
 1.43400000e-08 -4.65683906e-02 
 1.43600000e-08 -4.55459444e-02 
 1.43800000e-08 -4.45156633e-02 
 1.44000000e-08 -4.34777125e-02 
 1.44200000e-08 -4.24322594e-02 
 1.44400000e-08 -4.13794733e-02 
 1.44600000e-08 -4.03195255e-02 
 1.44800000e-08 -3.92525896e-02 
 1.45000000e-08 -3.81788409e-02 
 1.45200000e-08 -3.70984566e-02 
 1.45400000e-08 -3.60116160e-02 
 1.45600000e-08 -3.49185000e-02 
 1.45800000e-08 -3.38192916e-02 
 1.46000000e-08 -3.27141753e-02 
 1.46200000e-08 -3.16033375e-02 
 1.46400000e-08 -3.04869660e-02 
 1.46600000e-08 -2.93652506e-02 
 1.46800000e-08 -2.82383823e-02 
 1.47000000e-08 -2.71065538e-02 
 1.47200000e-08 -2.59699593e-02 
 1.47400000e-08 -2.48287945e-02 
 1.47600000e-08 -2.36832560e-02 
 1.47800000e-08 -2.25335424e-02 
 1.48000000e-08 -2.13798529e-02 
 1.48200000e-08 -2.02223883e-02 
 1.48400000e-08 -1.90613505e-02 
 1.48600000e-08 -1.78969422e-02 
 1.48800000e-08 -1.67293675e-02 
 1.49000000e-08 -1.55588312e-02 
 1.49200000e-08 -1.43855390e-02 
 1.49400000e-08 -1.32096977e-02 
 1.49600000e-08 -1.20315145e-02 
 1.49800000e-08 -1.08511976e-02 
 1.50000000e-08 -9.66895576e-03 
 1.50200000e-08 -8.48499828e-03 
 1.50400000e-08 -7.29953504e-03 
 1.50600000e-08 -6.11277637e-03 
 1.50800000e-08 -4.92493297e-03 
 1.51000000e-08 -3.73621591e-03 
 1.51200000e-08 -2.54683648e-03 
 1.51400000e-08 -1.35700621e-03 
 1.51600000e-08 -1.66936730e-04 
 1.51800000e-08  1.02316024e-03 
 1.52000000e-08  2.21307299e-03 
 1.52200000e-08  3.40258986e-03 
 1.52400000e-08  4.59149933e-03 
 1.52600000e-08  5.77959007e-03 
 1.52800000e-08  6.96665100e-03 
 1.53000000e-08  8.15247139e-03 
 1.53200000e-08  9.33684086e-03 
 1.53400000e-08  1.05195495e-02 
 1.53600000e-08  1.17003880e-02 
 1.53800000e-08  1.28791474e-02 
 1.54000000e-08  1.40556196e-02 
 1.54200000e-08  1.52295973e-02 
 1.54400000e-08  1.64008735e-02 
 1.54600000e-08  1.75692426e-02 
 1.54800000e-08  1.87344996e-02 
 1.55000000e-08  1.98964403e-02 
 1.55200000e-08  2.10548619e-02 
 1.55400000e-08  2.22095624e-02 
 1.55600000e-08  2.33603409e-02 
 1.55800000e-08  2.45069979e-02 
 1.56000000e-08  2.56493350e-02 
 1.56200000e-08  2.67871550e-02 
 1.56400000e-08  2.79202624e-02 
 1.56600000e-08  2.90484626e-02 
 1.56800000e-08  3.01715629e-02 
 1.57000000e-08  3.12893718e-02 
 1.57200000e-08  3.24016997e-02 
 1.57400000e-08  3.35083582e-02 
 1.57600000e-08  3.46091608e-02 
 1.57800000e-08  3.57039227e-02 
 1.58000000e-08  3.67924608e-02 
 1.58200000e-08  3.78745937e-02 
 1.58400000e-08  3.89501420e-02 
 1.58600000e-08  4.00189281e-02 
 1.58800000e-08  4.10807762e-02 
 1.59000000e-08  4.21355126e-02 
 1.59200000e-08  4.31829656e-02 
 1.59400000e-08  4.42229654e-02 
 1.59600000e-08  4.52553443e-02 
 1.59800000e-08  4.62799368e-02 
 1.60000000e-08  4.72965794e-02 
 1.60200000e-08  4.83051108e-02 
 1.60400000e-08  4.93053718e-02 
 1.60600000e-08  5.02972055e-02 
 1.60800000e-08  5.12804572e-02 
 1.61000000e-08  5.22549744e-02 
 1.61200000e-08  5.32206070e-02 
 1.61400000e-08  5.41772071e-02 
 1.61600000e-08  5.51246291e-02 
 1.61800000e-08  5.60627297e-02 
 1.62000000e-08  5.69913682e-02 
 1.62200000e-08  5.79104058e-02 
 1.62400000e-08  5.88197066e-02 
 1.62600000e-08  5.97191366e-02 
 1.62800000e-08  6.06085645e-02 
 1.63000000e-08  6.14878613e-02 
 1.63200000e-08  6.23569004e-02 
 1.63400000e-08  6.32155576e-02 
 1.63600000e-08  6.40637112e-02 
 1.63800000e-08  6.49012416e-02 
 1.64000000e-08  6.57280321e-02 
 1.64200000e-08  6.65439680e-02 
 1.64400000e-08  6.73489372e-02 
 1.64600000e-08  6.81428300e-02 
 1.64800000e-08  6.89255390e-02 
 1.65000000e-08  6.96969592e-02 
 1.65200000e-08  7.04569881e-02 
 1.65400000e-08  7.12055254e-02 
 1.65600000e-08  7.19424733e-02 
 1.65800000e-08  7.26677363e-02 
 1.66000000e-08  7.33812211e-02 
 1.66200000e-08  7.40828369e-02 
 1.66400000e-08  7.47724952e-02 
 1.66600000e-08  7.54501097e-02 
 1.66800000e-08  7.61155962e-02 
 1.67000000e-08  7.67688731e-02 
 1.67200000e-08  7.74098608e-02 
 1.67400000e-08  7.80384819e-02 
 1.67600000e-08  7.86546613e-02 
 1.67800000e-08  7.92583260e-02 
 1.68000000e-08  7.98494050e-02 
 1.68200000e-08  8.04278297e-02 
 1.68400000e-08  8.09935333e-02 
 1.68600000e-08  8.15464513e-02 
 1.68800000e-08  8.20865210e-02 
 1.69000000e-08  8.26136819e-02 
 1.69200000e-08  8.31278755e-02 
 1.69400000e-08  8.36290451e-02 
 1.69600000e-08  8.41171360e-02 
 1.69800000e-08  8.45920954e-02 
 1.70000000e-08  8.50538725e-02 
 1.70200000e-08  8.55024181e-02 
 1.70400000e-08  8.59376851e-02 
 1.70600000e-08  8.63596280e-02 
 1.70800000e-08  8.67682031e-02 
 1.71000000e-08  8.71633685e-02 
 1.71200000e-08  8.75450839e-02 
 1.71400000e-08  8.79133109e-02 
 1.71600000e-08  8.82680125e-02 
 1.71800000e-08  8.86091535e-02 
 1.72000000e-08  8.89367003e-02 
 1.72200000e-08  8.92506208e-02 
 1.72400000e-08  8.95508845e-02 
 1.72600000e-08  8.98374625e-02 
 1.72800000e-08  9.01103273e-02 
 1.73000000e-08  9.03694529e-02 
 1.73200000e-08  9.06148148e-02 
 1.73400000e-08  9.08463901e-02 
 1.73600000e-08  9.10641571e-02 
 1.73800000e-08  9.12680955e-02 
 1.74000000e-08  9.14581865e-02 
 1.74200000e-08  9.16344127e-02 
 1.74400000e-08  9.17967580e-02 
 1.74600000e-08  9.19452075e-02 
 1.74800000e-08  9.20797479e-02 
 1.75000000e-08  9.22003671e-02 
 1.75200000e-08  9.23070540e-02 
 1.75400000e-08  9.23997994e-02 
 1.75600000e-08  9.24785947e-02 
 1.75800000e-08  9.25434331e-02 
 1.76000000e-08  9.25943088e-02 
 1.76200000e-08  9.26312174e-02 
 1.76400000e-08  9.26541555e-02 
 1.76600000e-08  9.26631212e-02 
 1.76800000e-08  9.26581138e-02 
 1.77000000e-08  9.26391337e-02 
 1.77200000e-08  9.26061826e-02 
 1.77400000e-08  9.25592637e-02 
 1.77600000e-08  9.24983810e-02 
 1.77800000e-08  9.24235402e-02 
 1.78000000e-08  9.23347478e-02 
 1.78200000e-08  9.22320120e-02 
 1.78400000e-08  9.21153419e-02 
 1.78600000e-08  9.19847482e-02 
 1.78800000e-08  9.18402427e-02 
 1.79000000e-08  9.16818385e-02 
 1.79200000e-08  9.15095501e-02 
 1.79400000e-08  9.13233933e-02 
 1.79600000e-08  9.11233852e-02 
 1.79800000e-08  9.09095442e-02 
 1.80000000e-08  9.06818903e-02 
 1.80200000e-08  9.04404446e-02 
 1.80400000e-08  9.01852299e-02 
 1.80600000e-08  8.99162702e-02 
 1.80800000e-08  8.96335911e-02 
 1.81000000e-08  8.93372196e-02 
 1.81200000e-08  8.90271842e-02 
 1.81400000e-08  8.87035149e-02 
 1.81600000e-08  8.83662434e-02 
 1.81800000e-08  8.80154026e-02 
 1.82000000e-08  8.76510275e-02 
 1.82200000e-08  8.72731542e-02 
 1.82400000e-08  8.68818209e-02 
 1.82600000e-08  8.64770671e-02 
 1.82800000e-08  8.60589343e-02 
 1.83000000e-08  8.56274655e-02 
 1.83200000e-08  8.51827055e-02 
 1.83400000e-08  8.47247010e-02 
 1.83600000e-08  8.42535003e-02 
 1.83800000e-08  8.37691538e-02 
 1.84000000e-08  8.32717135e-02 
 1.84200000e-08  8.27612335e-02 
 1.84400000e-08  8.22377696e-02 
 1.84600000e-08  8.17013798e-02 
 1.84800000e-08  8.11521239e-02 
 1.85000000e-08  8.05900637e-02 
 1.85200000e-08  8.00152632e-02 
 1.85400000e-08  7.94277882e-02 
 1.85600000e-08  7.88277067e-02 
 1.85800000e-08  7.82150890e-02 
 1.86000000e-08  7.75900071e-02 
 1.86200000e-08  7.69525355e-02 
 1.86400000e-08  7.63027508e-02 
 1.86600000e-08  7.56407318e-02 
 1.86800000e-08  7.49665594e-02 
 1.87000000e-08  7.42803170e-02 
 1.87200000e-08  7.35820899e-02 
 1.87400000e-08  7.28719660e-02 
 1.87600000e-08  7.21500353e-02 
 1.87800000e-08  7.14163904e-02 
 1.88000000e-08  7.06711258e-02 
 1.88200000e-08  6.99143387e-02 
 1.88400000e-08  6.91461286e-02 
 1.88600000e-08  6.83665971e-02 
 1.88800000e-08  6.75758487e-02 
 1.89000000e-08  6.67739898e-02 
 1.89200000e-08  6.59611294e-02 
 1.89400000e-08  6.51373790e-02 
 1.89600000e-08  6.43028523e-02 
 1.89800000e-08  6.34576657e-02 
 1.90000000e-08  6.26019378e-02 
 1.90200000e-08  6.17357896e-02 
 1.90400000e-08  6.08593447e-02 
 1.90600000e-08  5.99727290e-02 
 1.90800000e-08  5.90760708e-02 
 1.91000000e-08  5.81695009e-02 
 1.91200000e-08  5.72531524e-02 
 1.91400000e-08  5.63271610e-02 
 1.91600000e-08  5.53916645e-02 
 1.91800000e-08  5.44468032e-02 
 1.92000000e-08  5.34927199e-02 
 1.92200000e-08  5.25295595e-02 
 1.92400000e-08  5.15574694e-02 
 1.92600000e-08  5.05765992e-02 
 1.92800000e-08  4.95871009e-02 
 1.93000000e-08  4.85891287e-02 
 1.93200000e-08  4.75828390e-02 
 1.93400000e-08  4.65683906e-02 
 1.93600000e-08  4.55459444e-02 
 1.93800000e-08  4.45156633e-02 
 1.94000000e-08  4.34777125e-02 
 1.94200000e-08  4.24322594e-02 
 1.94400000e-08  4.13794733e-02 
 1.94600000e-08  4.03195255e-02 
 1.94800000e-08  3.92525896e-02 
 1.95000000e-08  3.81788409e-02 
 1.95200000e-08  3.70984566e-02 
 1.95400000e-08  3.60116160e-02 
 1.95600000e-08  3.49185000e-02 
 1.95800000e-08  3.38192916e-02 
 1.96000000e-08  3.27141753e-02 
 1.96200000e-08  3.16033375e-02 
 1.96400000e-08  3.04869660e-02 
 1.96600000e-08  2.93652506e-02 
 1.96800000e-08  2.82383823e-02 
 1.97000000e-08  2.71065538e-02 
 1.97200000e-08  2.59699593e-02 
 1.97400000e-08  2.48287945e-02 
 1.97600000e-08  2.36832560e-02 
 1.97800000e-08  2.25335424e-02 
 1.98000000e-08  2.13798529e-02 
 1.98200000e-08  2.02223883e-02 
 1.98400000e-08  1.90613505e-02 
 1.98600000e-08  1.78969422e-02 
 1.98800000e-08  1.67293675e-02 
 1.99000000e-08  1.55588312e-02 
 1.99200000e-08  1.43855390e-02 
 1.99400000e-08  1.32096977e-02 
 1.99600000e-08  1.20315145e-02 
 1.99800000e-08  1.08511976e-02 
 2.00000000e-08  9.66895576e-03 
 2.00200000e-08  8.48499828e-03 
 2.00400000e-08  7.29953504e-03 
 2.00600000e-08  6.11277637e-03 
 2.00800000e-08  4.92493297e-03 
 2.01000000e-08  3.73621591e-03 
 2.01200000e-08  2.54683648e-03 
 2.01400000e-08  1.35700621e-03 
 2.01600000e-08  1.66936730e-04 
 2.01800000e-08 -1.02316024e-03 
 2.02000000e-08 -2.21307299e-03 
 2.02200000e-08 -3.40258986e-03 
 2.02400000e-08 -4.59149933e-03 
 2.02600000e-08 -5.77959007e-03 
 2.02800000e-08 -6.96665100e-03 
 2.03000000e-08 -8.15247139e-03 
 2.03200000e-08 -9.33684086e-03 
 2.03400000e-08 -1.05195495e-02 
 2.03600000e-08 -1.17003880e-02 
 2.03800000e-08 -1.28791474e-02 
 2.04000000e-08 -1.40556196e-02 
 2.04200000e-08 -1.52295973e-02 
 2.04400000e-08 -1.64008735e-02 
 2.04600000e-08 -1.75692426e-02 
 2.04800000e-08 -1.87344996e-02 
 2.05000000e-08 -1.98964403e-02 
 2.05200000e-08 -2.10548619e-02 
 2.05400000e-08 -2.22095624e-02 
 2.05600000e-08 -2.33603409e-02 
 2.05800000e-08 -2.45069979e-02 
 2.06000000e-08 -2.56493350e-02 
 2.06200000e-08 -2.67871550e-02 
 2.06400000e-08 -2.79202624e-02 
 2.06600000e-08 -2.90484626e-02 
 2.06800000e-08 -3.01715629e-02 
 2.07000000e-08 -3.12893718e-02 
 2.07200000e-08 -3.24016997e-02 
 2.07400000e-08 -3.35083582e-02 
 2.07600000e-08 -3.46091608e-02 
 2.07800000e-08 -3.57039227e-02 
 2.08000000e-08 -3.67924608e-02 
 2.08200000e-08 -3.78745937e-02 
 2.08400000e-08 -3.89501420e-02 
 2.08600000e-08 -4.00189281e-02 
 2.08800000e-08 -4.10807762e-02 
 2.09000000e-08 -4.21355126e-02 
 2.09200000e-08 -4.31829656e-02 
 2.09400000e-08 -4.42229654e-02 
 2.09600000e-08 -4.52553443e-02 
 2.09800000e-08 -4.62799368e-02 
 2.10000000e-08 -4.72965794e-02 
 2.10200000e-08 -4.83051108e-02 
 2.10400000e-08 -4.93053718e-02 
 2.10600000e-08 -5.02972055e-02 
 2.10800000e-08 -5.12804572e-02 
 2.11000000e-08 -5.22549744e-02 
 2.11200000e-08 -5.32206070e-02 
 2.11400000e-08 -5.41772071e-02 
 2.11600000e-08 -5.51246291e-02 
 2.11800000e-08 -5.60627297e-02 
 2.12000000e-08 -5.69913682e-02 
 2.12200000e-08 -5.79104058e-02 
 2.12400000e-08 -5.88197066e-02 
 2.12600000e-08 -5.97191366e-02 
 2.12800000e-08 -6.06085645e-02 
 2.13000000e-08 -6.14878613e-02 
 2.13200000e-08 -6.23569004e-02 
 2.13400000e-08 -6.32155576e-02 
 2.13600000e-08 -6.40637112e-02 
 2.13800000e-08 -6.49012416e-02 
 2.14000000e-08 -6.57280321e-02 
 2.14200000e-08 -6.65439680e-02 
 2.14400000e-08 -6.73489372e-02 
 2.14600000e-08 -6.81428300e-02 
 2.14800000e-08 -6.89255390e-02 
 2.15000000e-08 -6.96969592e-02 
 2.15200000e-08 -7.04569881e-02 
 2.15400000e-08 -7.12055254e-02 
 2.15600000e-08 -7.19424733e-02 
 2.15800000e-08 -7.26677363e-02 
 2.16000000e-08 -7.33812211e-02 
 2.16200000e-08 -7.40828369e-02 
 2.16400000e-08 -7.47724952e-02 
 2.16600000e-08 -7.54501097e-02 
 2.16800000e-08 -7.61155962e-02 
 2.17000000e-08 -7.67688731e-02 
 2.17200000e-08 -7.74098608e-02 
 2.17400000e-08 -7.80384819e-02 
 2.17600000e-08 -7.86546613e-02 
 2.17800000e-08 -7.92583260e-02 
 2.18000000e-08 -7.98494050e-02 
 2.18200000e-08 -8.04278297e-02 
 2.18400000e-08 -8.09935333e-02 
 2.18600000e-08 -8.15464513e-02 
 2.18800000e-08 -8.20865210e-02 
 2.19000000e-08 -8.26136819e-02 
 2.19200000e-08 -8.31278755e-02 
 2.19400000e-08 -8.36290451e-02 
 2.19600000e-08 -8.41171360e-02 
 2.19800000e-08 -8.45920954e-02 
 2.20000000e-08 -8.50538725e-02 
 2.20200000e-08 -8.55024181e-02 
 2.20400000e-08 -8.59376851e-02 
 2.20600000e-08 -8.63596280e-02 
 2.20800000e-08 -8.67682031e-02 
 2.21000000e-08 -8.71633685e-02 
 2.21200000e-08 -8.75450839e-02 
 2.21400000e-08 -8.79133109e-02 
 2.21600000e-08 -8.82680125e-02 
 2.21800000e-08 -8.86091535e-02 
 2.22000000e-08 -8.89367003e-02 
 2.22200000e-08 -8.92506208e-02 
 2.22400000e-08 -8.95508845e-02 
 2.22600000e-08 -8.98374625e-02 
 2.22800000e-08 -9.01103273e-02 
 2.23000000e-08 -9.03694529e-02 
 2.23200000e-08 -9.06148148e-02 
 2.23400000e-08 -9.08463901e-02 
 2.23600000e-08 -9.10641571e-02 
 2.23800000e-08 -9.12680955e-02 
 2.24000000e-08 -9.14581865e-02 
 2.24200000e-08 -9.16344127e-02 
 2.24400000e-08 -9.17967580e-02 
 2.24600000e-08 -9.19452075e-02 
 2.24800000e-08 -9.20797479e-02 
 2.25000000e-08 -9.22003671e-02 
 2.25200000e-08 -9.23070540e-02 
 2.25400000e-08 -9.23997994e-02 
 2.25600000e-08 -9.24785947e-02 
 2.25800000e-08 -9.25434331e-02 
 2.26000000e-08 -9.25943088e-02 
 2.26200000e-08 -9.26312174e-02 
 2.26400000e-08 -9.26541555e-02 
 2.26600000e-08 -9.26631212e-02 
 2.26800000e-08 -9.26581138e-02 
 2.27000000e-08 -9.26391337e-02 
 2.27200000e-08 -9.26061826e-02 
 2.27400000e-08 -9.25592637e-02 
 2.27600000e-08 -9.24983810e-02 
 2.27800000e-08 -9.24235402e-02 
 2.28000000e-08 -9.23347478e-02 
 2.28200000e-08 -9.22320120e-02 
 2.28400000e-08 -9.21153419e-02 
 2.28600000e-08 -9.19847482e-02 
 2.28800000e-08 -9.18402427e-02 
 2.29000000e-08 -9.16818385e-02 
 2.29200000e-08 -9.15095501e-02 
 2.29400000e-08 -9.13233933e-02 
 2.29600000e-08 -9.11233852e-02 
 2.29800000e-08 -9.09095442e-02 
 2.30000000e-08 -9.06818903e-02 
 2.30200000e-08 -9.04404446e-02 
 2.30400000e-08 -9.01852299e-02 
 2.30600000e-08 -8.99162702e-02 
 2.30800000e-08 -8.96335911e-02 
 2.31000000e-08 -8.93372196e-02 
 2.31200000e-08 -8.90271842e-02 
 2.31400000e-08 -8.87035149e-02 
 2.31600000e-08 -8.83662434e-02 
 2.31800000e-08 -8.80154026e-02 
 2.32000000e-08 -8.76510275e-02 
 2.32200000e-08 -8.72731542e-02 
 2.32400000e-08 -8.68818209e-02 
 2.32600000e-08 -8.64770671e-02 
 2.32800000e-08 -8.60589343e-02 
 2.33000000e-08 -8.56274655e-02 
 2.33200000e-08 -8.51827055e-02 
 2.33400000e-08 -8.47247010e-02 
 2.33600000e-08 -8.42535003e-02 
 2.33800000e-08 -8.37691538e-02 
 2.34000000e-08 -8.32717135e-02 
 2.34200000e-08 -8.27612335e-02 
 2.34400000e-08 -8.22377696e-02 
 2.34600000e-08 -8.17013798e-02 
 2.34800000e-08 -8.11521239e-02 
 2.35000000e-08 -8.05900637e-02 
 2.35200000e-08 -8.00152632e-02 
 2.35400000e-08 -7.94277882e-02 
 2.35600000e-08 -7.88277067e-02 
 2.35800000e-08 -7.82150890e-02 
 2.36000000e-08 -7.75900071e-02 
 2.36200000e-08 -7.69525355e-02 
 2.36400000e-08 -7.63027508e-02 
 2.36600000e-08 -7.56407318e-02 
 2.36800000e-08 -7.49665594e-02 
 2.37000000e-08 -7.42803170e-02 
 2.37200000e-08 -7.35820899e-02 
 2.37400000e-08 -7.28719660e-02 
 2.37600000e-08 -7.21500353e-02 
 2.37800000e-08 -7.14163904e-02 
 2.38000000e-08 -7.06711258e-02 
 2.38200000e-08 -6.99143387e-02 
 2.38400000e-08 -6.91461286e-02 
 2.38600000e-08 -6.83665971e-02 
 2.38800000e-08 -6.75758487e-02 
 2.39000000e-08 -6.67739898e-02 
 2.39200000e-08 -6.59611294e-02 
 2.39400000e-08 -6.51373790e-02 
 2.39600000e-08 -6.43028523e-02 
 2.39800000e-08 -6.34576657e-02 
 2.40000000e-08 -6.26019378e-02 
 2.40200000e-08 -6.17357896e-02 
 2.40400000e-08 -6.08593447e-02 
 2.40600000e-08 -5.99727290e-02 
 2.40800000e-08 -5.90760708e-02 
 2.41000000e-08 -5.81695009e-02 
 2.41200000e-08 -5.72531524e-02 
 2.41400000e-08 -5.63271610e-02 
 2.41600000e-08 -5.53916645e-02 
 2.41800000e-08 -5.44468032e-02 
 2.42000000e-08 -5.34927199e-02 
 2.42200000e-08 -5.25295595e-02 
 2.42400000e-08 -5.15574694e-02 
 2.42600000e-08 -5.05765992e-02 
 2.42800000e-08 -4.95871009e-02 
 2.43000000e-08 -4.85891287e-02 
 2.43200000e-08 -4.75828390e-02 
 2.43400000e-08 -4.65683906e-02 
 2.43600000e-08 -4.55459444e-02 
 2.43800000e-08 -4.45156633e-02 
 2.44000000e-08 -4.34777125e-02 
 2.44200000e-08 -4.24322594e-02 
 2.44400000e-08 -4.13794733e-02 
 2.44600000e-08 -4.03195255e-02 
 2.44800000e-08 -3.92525896e-02 
 2.45000000e-08 -3.81788409e-02 
 2.45200000e-08 -3.70984566e-02 
 2.45400000e-08 -3.60116160e-02 
 2.45600000e-08 -3.49185000e-02 
 2.45800000e-08 -3.38192916e-02 
 2.46000000e-08 -3.27141753e-02 
 2.46200000e-08 -3.16033375e-02 
 2.46400000e-08 -3.04869660e-02 
 2.46600000e-08 -2.93652506e-02 
 2.46800000e-08 -2.82383823e-02 
 2.47000000e-08 -2.71065538e-02 
 2.47200000e-08 -2.59699593e-02 
 2.47400000e-08 -2.48287945e-02 
 2.47600000e-08 -2.36832560e-02 
 2.47800000e-08 -2.25335424e-02 
 2.48000000e-08 -2.13798529e-02 
 2.48200000e-08 -2.02223883e-02 
 2.48400000e-08 -1.90613505e-02 
 2.48600000e-08 -1.78969422e-02 
 2.48800000e-08 -1.67293675e-02 
 2.49000000e-08 -1.55588312e-02 
 2.49200000e-08 -1.43855390e-02 
 2.49400000e-08 -1.32096977e-02 
 2.49600000e-08 -1.20315145e-02 
 2.49800000e-08 -1.08511976e-02 
 2.50000000e-08 -9.66895576e-03 
 2.50200000e-08 -8.48499828e-03 
 2.50400000e-08 -7.29953504e-03 
 2.50600000e-08 -6.11277637e-03 
 2.50800000e-08 -4.92493297e-03 
 2.51000000e-08 -3.73621591e-03 
 2.51200000e-08 -2.54683648e-03 
 2.51400000e-08 -1.35700621e-03 
 2.51600000e-08 -1.66936730e-04 
 2.51800000e-08  1.02316024e-03 
 2.52000000e-08  2.21307299e-03 
 2.52200000e-08  3.40258986e-03 
 2.52400000e-08  4.59149933e-03 
 2.52600000e-08  5.77959007e-03 
 2.52800000e-08  6.96665100e-03 
 2.53000000e-08  8.15247139e-03 
 2.53200000e-08  9.33684086e-03 
 2.53400000e-08  1.05195495e-02 
 2.53600000e-08  1.17003880e-02 
 2.53800000e-08  1.28791474e-02 
 2.54000000e-08  1.40556196e-02 
 2.54200000e-08  1.52295973e-02 
 2.54400000e-08  1.64008735e-02 
 2.54600000e-08  1.75692426e-02 
 2.54800000e-08  1.87344996e-02 
 2.55000000e-08  1.98964403e-02 
 2.55200000e-08  2.10548619e-02 
 2.55400000e-08  2.22095624e-02 
 2.55600000e-08  2.33603409e-02 
 2.55800000e-08  2.45069979e-02 
 2.56000000e-08  2.56493350e-02 
 2.56200000e-08  2.67871550e-02 
 2.56400000e-08  2.79202624e-02 
 2.56600000e-08  2.90484626e-02 
 2.56800000e-08  3.01715629e-02 
 2.57000000e-08  3.12893718e-02 
 2.57200000e-08  3.24016997e-02 
 2.57400000e-08  3.35083582e-02 
 2.57600000e-08  3.46091608e-02 
 2.57800000e-08  3.57039227e-02 
 2.58000000e-08  3.67924608e-02 
 2.58200000e-08  3.78745937e-02 
 2.58400000e-08  3.89501420e-02 
 2.58600000e-08  4.00189281e-02 
 2.58800000e-08  4.10807762e-02 
 2.59000000e-08  4.21355126e-02 
 2.59200000e-08  4.31829656e-02 
 2.59400000e-08  4.42229654e-02 
 2.59600000e-08  4.52553443e-02 
 2.59800000e-08  4.62799368e-02 
 2.60000000e-08  4.72965794e-02 
 2.60200000e-08  4.83051108e-02 
 2.60400000e-08  4.93053718e-02 
 2.60600000e-08  5.02972055e-02 
 2.60800000e-08  5.12804572e-02 
 2.61000000e-08  5.22549744e-02 
 2.61200000e-08  5.32206070e-02 
 2.61400000e-08  5.41772071e-02 
 2.61600000e-08  5.51246291e-02 
 2.61800000e-08  5.60627297e-02 
 2.62000000e-08  5.69913682e-02 
 2.62200000e-08  5.79104058e-02 
 2.62400000e-08  5.88197066e-02 
 2.62600000e-08  5.97191366e-02 
 2.62800000e-08  6.06085645e-02 
 2.63000000e-08  6.14878613e-02 
 2.63200000e-08  6.23569004e-02 
 2.63400000e-08  6.32155576e-02 
 2.63600000e-08  6.40637112e-02 
 2.63800000e-08  6.49012416e-02 
 2.64000000e-08  6.57280321e-02 
 2.64200000e-08  6.65439680e-02 
 2.64400000e-08  6.73489372e-02 
 2.64600000e-08  6.81428300e-02 
 2.64800000e-08  6.89255390e-02 
 2.65000000e-08  6.96969592e-02 
 2.65200000e-08  7.04569881e-02 
 2.65400000e-08  7.12055254e-02 
 2.65600000e-08  7.19424733e-02 
 2.65800000e-08  7.26677363e-02 
 2.66000000e-08  7.33812211e-02 
 2.66200000e-08  7.40828369e-02 
 2.66400000e-08  7.47724952e-02 
 2.66600000e-08  7.54501097e-02 
 2.66800000e-08  7.61155962e-02 
 2.67000000e-08  7.67688731e-02 
 2.67200000e-08  7.74098608e-02 
 2.67400000e-08  7.80384819e-02 
 2.67600000e-08  7.86546613e-02 
 2.67800000e-08  7.92583260e-02 
 2.68000000e-08  7.98494050e-02 
 2.68200000e-08  8.04278297e-02 
 2.68400000e-08  8.09935333e-02 
 2.68600000e-08  8.15464513e-02 
 2.68800000e-08  8.20865210e-02 
 2.69000000e-08  8.26136819e-02 
 2.69200000e-08  8.31278755e-02 
 2.69400000e-08  8.36290451e-02 
 2.69600000e-08  8.41171360e-02 
 2.69800000e-08  8.45920954e-02 
 2.70000000e-08  8.50538725e-02 
 2.70200000e-08  8.55024181e-02 
 2.70400000e-08  8.59376851e-02 
 2.70600000e-08  8.63596280e-02 
 2.70800000e-08  8.67682031e-02 
 2.71000000e-08  8.71633685e-02 
 2.71200000e-08  8.75450839e-02 
 2.71400000e-08  8.79133109e-02 
 2.71600000e-08  8.82680125e-02 
 2.71800000e-08  8.86091535e-02 
 2.72000000e-08  8.89367003e-02 
 2.72200000e-08  8.92506208e-02 
 2.72400000e-08  8.95508845e-02 
 2.72600000e-08  8.98374625e-02 
 2.72800000e-08  9.01103273e-02 
 2.73000000e-08  9.03694529e-02 
 2.73200000e-08  9.06148148e-02 
 2.73400000e-08  9.08463901e-02 
 2.73600000e-08  9.10641571e-02 
 2.73800000e-08  9.12680955e-02 
 2.74000000e-08  9.14581865e-02 
 2.74200000e-08  9.16344127e-02 
 2.74400000e-08  9.17967580e-02 
 2.74600000e-08  9.19452075e-02 
 2.74800000e-08  9.20797479e-02 
 2.75000000e-08  9.22003671e-02 
 2.75200000e-08  9.23070540e-02 
 2.75400000e-08  9.23997994e-02 
 2.75600000e-08  9.24785947e-02 
 2.75800000e-08  9.25434331e-02 
 2.76000000e-08  9.25943088e-02 
 2.76200000e-08  9.26312174e-02 
 2.76400000e-08  9.26541555e-02 
 2.76600000e-08  9.26631212e-02 
 2.76800000e-08  9.26581138e-02 
 2.77000000e-08  9.26391337e-02 
 2.77200000e-08  9.26061826e-02 
 2.77400000e-08  9.25592637e-02 
 2.77600000e-08  9.24983810e-02 
 2.77800000e-08  9.24235402e-02 
 2.78000000e-08  9.23347478e-02 
 2.78200000e-08  9.22320120e-02 
 2.78400000e-08  9.21153419e-02 
 2.78600000e-08  9.19847482e-02 
 2.78800000e-08  9.18402427e-02 
 2.79000000e-08  9.16818385e-02 
 2.79200000e-08  9.15095501e-02 
 2.79400000e-08  9.13233933e-02 
 2.79600000e-08  9.11233852e-02 
 2.79800000e-08  9.09095442e-02 
 2.80000000e-08  9.06818903e-02 
 2.80200000e-08  9.04404446e-02 
 2.80400000e-08  9.01852299e-02 
 2.80600000e-08  8.99162702e-02 
 2.80800000e-08  8.96335911e-02 
 2.81000000e-08  8.93372196e-02 
 2.81200000e-08  8.90271842e-02 
 2.81400000e-08  8.87035149e-02 
 2.81600000e-08  8.83662434e-02 
 2.81800000e-08  8.80154026e-02 
 2.82000000e-08  8.76510275e-02 
 2.82200000e-08  8.72731542e-02 
 2.82400000e-08  8.68818209e-02 
 2.82600000e-08  8.64770671e-02 
 2.82800000e-08  8.60589343e-02 
 2.83000000e-08  8.56274655e-02 
 2.83200000e-08  8.51827055e-02 
 2.83400000e-08  8.47247010e-02 
 2.83600000e-08  8.42535003e-02 
 2.83800000e-08  8.37691538e-02 
 2.84000000e-08  8.32717135e-02 
 2.84200000e-08  8.27612335e-02 
 2.84400000e-08  8.22377696e-02 
 2.84600000e-08  8.17013798e-02 
 2.84800000e-08  8.11521239e-02 
 2.85000000e-08  8.05900637e-02 
 2.85200000e-08  8.00152632e-02 
 2.85400000e-08  7.94277882e-02 
 2.85600000e-08  7.88277067e-02 
 2.85800000e-08  7.82150890e-02 
 2.86000000e-08  7.75900071e-02 
 2.86200000e-08  7.69525355e-02 
 2.86400000e-08  7.63027508e-02 
 2.86600000e-08  7.56407318e-02 
 2.86800000e-08  7.49665594e-02 
 2.87000000e-08  7.42803170e-02 
 2.87200000e-08  7.35820899e-02 
 2.87400000e-08  7.28719660e-02 
 2.87600000e-08  7.21500353e-02 
 2.87800000e-08  7.14163904e-02 
 2.88000000e-08  7.06711258e-02 
 2.88200000e-08  6.99143387e-02 
 2.88400000e-08  6.91461286e-02 
 2.88600000e-08  6.83665971e-02 
 2.88800000e-08  6.75758487e-02 
 2.89000000e-08  6.67739898e-02 
 2.89200000e-08  6.59611294e-02 
 2.89400000e-08  6.51373790e-02 
 2.89600000e-08  6.43028523e-02 
 2.89800000e-08  6.34576657e-02 
 2.90000000e-08  6.26019378e-02 
 2.90200000e-08  6.17357896e-02 
 2.90400000e-08  6.08593447e-02 
 2.90600000e-08  5.99727290e-02 
 2.90800000e-08  5.90760708e-02 
 2.91000000e-08  5.81695009e-02 
 2.91200000e-08  5.72531524e-02 
 2.91400000e-08  5.63271610e-02 
 2.91600000e-08  5.53916645e-02 
 2.91800000e-08  5.44468032e-02 
 2.92000000e-08  5.34927199e-02 
 2.92200000e-08  5.25295595e-02 
 2.92400000e-08  5.15574694e-02 
 2.92600000e-08  5.05765992e-02 
 2.92800000e-08  4.95871009e-02 
 2.93000000e-08  4.85891287e-02 
 2.93200000e-08  4.75828390e-02 
 2.93400000e-08  4.65683906e-02 
 2.93600000e-08  4.55459444e-02 
 2.93800000e-08  4.45156633e-02 
 2.94000000e-08  4.34777125e-02 
 2.94200000e-08  4.24322594e-02 
 2.94400000e-08  4.13794733e-02 
 2.94600000e-08  4.03195255e-02 
 2.94800000e-08  3.92525896e-02 
 2.95000000e-08  3.81788409e-02 
 2.95200000e-08  3.70984566e-02 
 2.95400000e-08  3.60116160e-02 
 2.95600000e-08  3.49185000e-02 
 2.95800000e-08  3.38192916e-02 
 2.96000000e-08  3.27141753e-02 
 2.96200000e-08  3.16033375e-02 
 2.96400000e-08  3.04869660e-02 
 2.96600000e-08  2.93652506e-02 
 2.96800000e-08  2.82383823e-02 
 2.97000000e-08  2.71065538e-02 
 2.97200000e-08  2.59699593e-02 
 2.97400000e-08  2.48287945e-02 
 2.97600000e-08  2.36832560e-02 
 2.97800000e-08  2.25335424e-02 
 2.98000000e-08  2.13798529e-02 
 2.98200000e-08  2.02223883e-02 
 2.98400000e-08  1.90613505e-02 
 2.98600000e-08  1.78969422e-02 
 2.98800000e-08  1.67293675e-02 
 2.99000000e-08  1.55588312e-02 
 2.99200000e-08  1.43855390e-02 
 2.99400000e-08  1.32096977e-02 
 2.99600000e-08  1.20315145e-02 
 2.99800000e-08  1.08511976e-02 
 3.00000000e-08  9.66895576e-03 
 3.00200000e-08  8.48499828e-03 
 3.00400000e-08  7.29953504e-03 
 3.00600000e-08  6.11277637e-03 
 3.00800000e-08  4.92493297e-03 
 3.01000000e-08  3.73621591e-03 
 3.01200000e-08  2.54683648e-03 
 3.01400000e-08  1.35700621e-03 
 3.01600000e-08  1.66936730e-04 
 3.01800000e-08 -1.02316024e-03 
 3.02000000e-08 -2.21307299e-03 
 3.02200000e-08 -3.40258986e-03 
 3.02400000e-08 -4.59149933e-03 
 3.02600000e-08 -5.77959007e-03 
 3.02800000e-08 -6.96665100e-03 
 3.03000000e-08 -8.15247139e-03 
 3.03200000e-08 -9.33684086e-03 
 3.03400000e-08 -1.05195495e-02 
 3.03600000e-08 -1.17003880e-02 
 3.03800000e-08 -1.28791474e-02 
 3.04000000e-08 -1.40556196e-02 
 3.04200000e-08 -1.52295973e-02 
 3.04400000e-08 -1.64008735e-02 
 3.04600000e-08 -1.75692426e-02 
 3.04800000e-08 -1.87344996e-02 
 3.05000000e-08 -1.98964403e-02 
 3.05200000e-08 -2.10548619e-02 
 3.05400000e-08 -2.22095624e-02 
 3.05600000e-08 -2.33603409e-02 
 3.05800000e-08 -2.45069979e-02 
 3.06000000e-08 -2.56493350e-02 
 3.06200000e-08 -2.67871550e-02 
 3.06400000e-08 -2.79202624e-02 
 3.06600000e-08 -2.90484626e-02 
 3.06800000e-08 -3.01715629e-02 
 3.07000000e-08 -3.12893718e-02 
 3.07200000e-08 -3.24016997e-02 
 3.07400000e-08 -3.35083582e-02 
 3.07600000e-08 -3.46091608e-02 
 3.07800000e-08 -3.57039227e-02 
 3.08000000e-08 -3.67924608e-02 
 3.08200000e-08 -3.78745937e-02 
 3.08400000e-08 -3.89501420e-02 
 3.08600000e-08 -4.00189281e-02 
 3.08800000e-08 -4.10807762e-02 
 3.09000000e-08 -4.21355126e-02 
 3.09200000e-08 -4.31829656e-02 
 3.09400000e-08 -4.42229654e-02 
 3.09600000e-08 -4.52553443e-02 
 3.09800000e-08 -4.62799368e-02 
 3.10000000e-08 -4.72965794e-02 
 3.10200000e-08 -4.83051108e-02 
 3.10400000e-08 -4.93053718e-02 
 3.10600000e-08 -5.02972055e-02 
 3.10800000e-08 -5.12804572e-02 
 3.11000000e-08 -5.22549744e-02 
 3.11200000e-08 -5.32206070e-02 
 3.11400000e-08 -5.41772071e-02 
 3.11600000e-08 -5.51246291e-02 
 3.11800000e-08 -5.60627297e-02 
 3.12000000e-08 -5.69913682e-02 
 3.12200000e-08 -5.79104058e-02 
 3.12400000e-08 -5.88197066e-02 
 3.12600000e-08 -5.97191366e-02 
 3.12800000e-08 -6.06085645e-02 
 3.13000000e-08 -6.14878613e-02 
 3.13200000e-08 -6.23569004e-02 
 3.13400000e-08 -6.32155576e-02 
 3.13600000e-08 -6.40637112e-02 
 3.13800000e-08 -6.49012416e-02 
 3.14000000e-08 -6.57280321e-02 
 3.14200000e-08 -6.65439680e-02 
 3.14400000e-08 -6.73489372e-02 
 3.14600000e-08 -6.81428300e-02 
 3.14800000e-08 -6.89255390e-02 
 3.15000000e-08 -6.96969592e-02 
 3.15200000e-08 -7.04569881e-02 
 3.15400000e-08 -7.12055254e-02 
 3.15600000e-08 -7.19424733e-02 
 3.15800000e-08 -7.26677363e-02 
 3.16000000e-08 -7.33812211e-02 
 3.16200000e-08 -7.40828369e-02 
 3.16400000e-08 -7.47724952e-02 
 3.16600000e-08 -7.54501097e-02 
 3.16800000e-08 -7.61155962e-02 
 3.17000000e-08 -7.67688731e-02 
 3.17200000e-08 -7.74098608e-02 
 3.17400000e-08 -7.80384819e-02 
 3.17600000e-08 -7.86546613e-02 
 3.17800000e-08 -7.92583260e-02 
 3.18000000e-08 -7.98494050e-02 
 3.18200000e-08 -8.04278297e-02 
 3.18400000e-08 -8.09935333e-02 
 3.18600000e-08 -8.15464513e-02 
 3.18800000e-08 -8.20865210e-02 
 3.19000000e-08 -8.26136819e-02 
 3.19200000e-08 -8.31278755e-02 
 3.19400000e-08 -8.36290451e-02 
 3.19600000e-08 -8.41171360e-02 
 3.19800000e-08 -8.45920954e-02 
 3.20000000e-08 -8.50538725e-02 
 3.20200000e-08 -8.55024181e-02 
 3.20400000e-08 -8.59376851e-02 
 3.20600000e-08 -8.63596280e-02 
 3.20800000e-08 -8.67682031e-02 
 3.21000000e-08 -8.71633685e-02 
 3.21200000e-08 -8.75450839e-02 
 3.21400000e-08 -8.79133109e-02 
 3.21600000e-08 -8.82680125e-02 
 3.21800000e-08 -8.86091535e-02 
 3.22000000e-08 -8.89367003e-02 
 3.22200000e-08 -8.92506208e-02 
 3.22400000e-08 -8.95508845e-02 
 3.22600000e-08 -8.98374625e-02 
 3.22800000e-08 -9.01103273e-02 
 3.23000000e-08 -9.03694529e-02 
 3.23200000e-08 -9.06148148e-02 
 3.23400000e-08 -9.08463901e-02 
 3.23600000e-08 -9.10641571e-02 
 3.23800000e-08 -9.12680955e-02 
 3.24000000e-08 -9.14581865e-02 
 3.24200000e-08 -9.16344127e-02 
 3.24400000e-08 -9.17967580e-02 
 3.24600000e-08 -9.19452075e-02 
 3.24800000e-08 -9.20797479e-02 
 3.25000000e-08 -9.22003671e-02 
 3.25200000e-08 -9.23070540e-02 
 3.25400000e-08 -9.23997994e-02 
 3.25600000e-08 -9.24785947e-02 
 3.25800000e-08 -9.25434331e-02 
 3.26000000e-08 -9.25943088e-02 
 3.26200000e-08 -9.26312174e-02 
 3.26400000e-08 -9.26541555e-02 
 3.26600000e-08 -9.26631212e-02 
 3.26800000e-08 -9.26581138e-02 
 3.27000000e-08 -9.26391337e-02 
 3.27200000e-08 -9.26061826e-02 
 3.27400000e-08 -9.25592637e-02 
 3.27600000e-08 -9.24983810e-02 
 3.27800000e-08 -9.24235402e-02 
 3.28000000e-08 -9.23347478e-02 
 3.28200000e-08 -9.22320120e-02 
 3.28400000e-08 -9.21153419e-02 
 3.28600000e-08 -9.19847482e-02 
 3.28800000e-08 -9.18402427e-02 
 3.29000000e-08 -9.16818385e-02 
 3.29200000e-08 -9.15095501e-02 
 3.29400000e-08 -9.13233933e-02 
 3.29600000e-08 -9.11233852e-02 
 3.29800000e-08 -9.09095442e-02 
 3.30000000e-08 -9.06818903e-02 
 3.30200000e-08 -9.04404446e-02 
 3.30400000e-08 -9.01852299e-02 
 3.30600000e-08 -8.99162702e-02 
 3.30800000e-08 -8.96335911e-02 
 3.31000000e-08 -8.93372196e-02 
 3.31200000e-08 -8.90271842e-02 
 3.31400000e-08 -8.87035149e-02 
 3.31600000e-08 -8.83662434e-02 
 3.31800000e-08 -8.80154026e-02 
 3.32000000e-08 -8.76510275e-02 
 3.32200000e-08 -8.72731542e-02 
 3.32400000e-08 -8.68818209e-02 
 3.32600000e-08 -8.64770671e-02 
 3.32800000e-08 -8.60589343e-02 
 3.33000000e-08 -8.56274655e-02 
 3.33200000e-08 -8.51827055e-02 
 3.33400000e-08 -8.47247010e-02 
 3.33600000e-08 -8.42535003e-02 
 3.33800000e-08 -8.37691538e-02 
 3.34000000e-08 -8.32717135e-02 
 3.34200000e-08 -8.27612335e-02 
 3.34400000e-08 -8.22377696e-02 
 3.34600000e-08 -8.17013798e-02 
 3.34800000e-08 -8.11521239e-02 
 3.35000000e-08 -8.05900637e-02 
 3.35200000e-08 -8.00152632e-02 
 3.35400000e-08 -7.94277882e-02 
 3.35600000e-08 -7.88277067e-02 
 3.35800000e-08 -7.82150890e-02 
 3.36000000e-08 -7.75900071e-02 
 3.36200000e-08 -7.69525355e-02 
 3.36400000e-08 -7.63027508e-02 
 3.36600000e-08 -7.56407318e-02 
 3.36800000e-08 -7.49665594e-02 
 3.37000000e-08 -7.42803170e-02 
 3.37200000e-08 -7.35820899e-02 
 3.37400000e-08 -7.28719660e-02 
 3.37600000e-08 -7.21500353e-02 
 3.37800000e-08 -7.14163904e-02 
 3.38000000e-08 -7.06711258e-02 
 3.38200000e-08 -6.99143387e-02 
 3.38400000e-08 -6.91461286e-02 
 3.38600000e-08 -6.83665971e-02 
 3.38800000e-08 -6.75758487e-02 
 3.39000000e-08 -6.67739898e-02 
 3.39200000e-08 -6.59611294e-02 
 3.39400000e-08 -6.51373790e-02 
 3.39600000e-08 -6.43028523e-02 
 3.39800000e-08 -6.34576657e-02 
 3.40000000e-08 -6.26019378e-02 
 3.40200000e-08 -6.17357896e-02 
 3.40400000e-08 -6.08593447e-02 
 3.40600000e-08 -5.99727290e-02 
 3.40800000e-08 -5.90760708e-02 
 3.41000000e-08 -5.81695009e-02 
 3.41200000e-08 -5.72531524e-02 
 3.41400000e-08 -5.63271610e-02 
 3.41600000e-08 -5.53916645e-02 
 3.41800000e-08 -5.44468032e-02 
 3.42000000e-08 -5.34927199e-02 
 3.42200000e-08 -5.25295595e-02 
 3.42400000e-08 -5.15574694e-02 
 3.42600000e-08 -5.05765992e-02 
 3.42800000e-08 -4.95871009e-02 
 3.43000000e-08 -4.85891287e-02 
 3.43200000e-08 -4.75828390e-02 
 3.43400000e-08 -4.65683906e-02 
 3.43600000e-08 -4.55459444e-02 
 3.43800000e-08 -4.45156633e-02 
 3.44000000e-08 -4.34777125e-02 
 3.44200000e-08 -4.24322594e-02 
 3.44400000e-08 -4.13794733e-02 
 3.44600000e-08 -4.03195255e-02 
 3.44800000e-08 -3.92525896e-02 
 3.45000000e-08 -3.81788409e-02 
 3.45200000e-08 -3.70984566e-02 
 3.45400000e-08 -3.60116160e-02 
 3.45600000e-08 -3.49185000e-02 
 3.45800000e-08 -3.38192916e-02 
 3.46000000e-08 -3.27141753e-02 
 3.46200000e-08 -3.16033375e-02 
 3.46400000e-08 -3.04869660e-02 
 3.46600000e-08 -2.93652506e-02 
 3.46800000e-08 -2.82383823e-02 
 3.47000000e-08 -2.71065538e-02 
 3.47200000e-08 -2.59699593e-02 
 3.47400000e-08 -2.48287944e-02 
 3.47600000e-08 -2.36832560e-02 
 3.47800000e-08 -2.25335424e-02 
 3.48000000e-08 -2.13798529e-02 
 3.48200000e-08 -2.02223883e-02 
 3.48400000e-08 -1.90613505e-02 
 3.48600000e-08 -1.78969422e-02 
 3.48800000e-08 -1.67293675e-02 
 3.49000000e-08 -1.55588312e-02 
 3.49200000e-08 -1.43855390e-02 
 3.49400000e-08 -1.32096977e-02 
 3.49600000e-08 -1.20315145e-02 
 3.49800000e-08 -1.08511976e-02 
 3.50000000e-08 -9.66895576e-03 
 3.50200000e-08 -8.48499828e-03 
 3.50400000e-08 -7.29953504e-03 
 3.50600000e-08 -6.11277637e-03 
 3.50800000e-08 -4.92493297e-03 
 3.51000000e-08 -3.73621591e-03 
 3.51200000e-08 -2.54683648e-03 
 3.51400000e-08 -1.35700621e-03 
 3.51600000e-08 -1.66936730e-04 
 3.51800000e-08  1.02316024e-03 
 3.52000000e-08  2.21307299e-03 
 3.52200000e-08  3.40258986e-03 
 3.52400000e-08  4.59149933e-03 
 3.52600000e-08  5.77959007e-03 
 3.52800000e-08  6.96665100e-03 
 3.53000000e-08  8.15247139e-03 
 3.53200000e-08  9.33684086e-03 
 3.53400000e-08  1.05195495e-02 
 3.53600000e-08  1.17003880e-02 
 3.53800000e-08  1.28791474e-02 
 3.54000000e-08  1.40556196e-02 
 3.54200000e-08  1.52295973e-02 
 3.54400000e-08  1.64008735e-02 
 3.54600000e-08  1.75692426e-02 
 3.54800000e-08  1.87344996e-02 
 3.55000000e-08  1.98964403e-02 
 3.55200000e-08  2.10548619e-02 
 3.55400000e-08  2.22095624e-02 
 3.55600000e-08  2.33603409e-02 
 3.55800000e-08  2.45069979e-02 
 3.56000000e-08  2.56493350e-02 
 3.56200000e-08  2.67871550e-02 
 3.56400000e-08  2.79202624e-02 
 3.56600000e-08  2.90484626e-02 
 3.56800000e-08  3.01715629e-02 
 3.57000000e-08  3.12893718e-02 
 3.57200000e-08  3.24016997e-02 
 3.57400000e-08  3.35083582e-02 
 3.57600000e-08  3.46091608e-02 
 3.57800000e-08  3.57039227e-02 
 3.58000000e-08  3.67924608e-02 
 3.58200000e-08  3.78745937e-02 
 3.58400000e-08  3.89501420e-02 
 3.58600000e-08  4.00189281e-02 
 3.58800000e-08  4.10807762e-02 
 3.59000000e-08  4.21355126e-02 
 3.59200000e-08  4.31829656e-02 
 3.59400000e-08  4.42229654e-02 
 3.59600000e-08  4.52553443e-02 
 3.59800000e-08  4.62799368e-02 
 3.60000000e-08  4.72965794e-02 
 3.60200000e-08  4.83051108e-02 
 3.60400000e-08  4.93053718e-02 
 3.60600000e-08  5.02972055e-02 
 3.60800000e-08  5.12804572e-02 
 3.61000000e-08  5.22549744e-02 
 3.61200000e-08  5.32206070e-02 
 3.61400000e-08  5.41772071e-02 
 3.61600000e-08  5.51246291e-02 
 3.61800000e-08  5.60627297e-02 
 3.62000000e-08  5.69913682e-02 
 3.62200000e-08  5.79104058e-02 
 3.62400000e-08  5.88197066e-02 
 3.62600000e-08  5.97191366e-02 
 3.62800000e-08  6.06085645e-02 
 3.63000000e-08  6.14878613e-02 
 3.63200000e-08  6.23569004e-02 
 3.63400000e-08  6.32155576e-02 
 3.63600000e-08  6.40637112e-02 
 3.63800000e-08  6.49012416e-02 
 3.64000000e-08  6.57280321e-02 
 3.64200000e-08  6.65439680e-02 
 3.64400000e-08  6.73489372e-02 
 3.64600000e-08  6.81428300e-02 
 3.64800000e-08  6.89255390e-02 
 3.65000000e-08  6.96969592e-02 
 3.65200000e-08  7.04569881e-02 
 3.65400000e-08  7.12055254e-02 
 3.65600000e-08  7.19424733e-02 
 3.65800000e-08  7.26677363e-02 
 3.66000000e-08  7.33812211e-02 
 3.66200000e-08  7.40828369e-02 
 3.66400000e-08  7.47724952e-02 
 3.66600000e-08  7.54501097e-02 
 3.66800000e-08  7.61155962e-02 
 3.67000000e-08  7.67688731e-02 
 3.67200000e-08  7.74098608e-02 
 3.67400000e-08  7.80384819e-02 
 3.67600000e-08  7.86546613e-02 
 3.67800000e-08  7.92583260e-02 
 3.68000000e-08  7.98494050e-02 
 3.68200000e-08  8.04278297e-02 
 3.68400000e-08  8.09935333e-02 
 3.68600000e-08  8.15464513e-02 
 3.68800000e-08  8.20865210e-02 
 3.69000000e-08  8.26136819e-02 
 3.69200000e-08  8.31278755e-02 
 3.69400000e-08  8.36290451e-02 
 3.69600000e-08  8.41171360e-02 
 3.69800000e-08  8.45920954e-02 
 3.70000000e-08  8.50538725e-02 
 3.70200000e-08  8.55024181e-02 
 3.70400000e-08  8.59376851e-02 
 3.70600000e-08  8.63596280e-02 
 3.70800000e-08  8.67682031e-02 
 3.71000000e-08  8.71633685e-02 
 3.71200000e-08  8.75450839e-02 
 3.71400000e-08  8.79133109e-02 
 3.71600000e-08  8.82680125e-02 
 3.71800000e-08  8.86091535e-02 
 3.72000000e-08  8.89367003e-02 
 3.72200000e-08  8.92506208e-02 
 3.72400000e-08  8.95508845e-02 
 3.72600000e-08  8.98374625e-02 
 3.72800000e-08  9.01103273e-02 
 3.73000000e-08  9.03694529e-02 
 3.73200000e-08  9.06148148e-02 
 3.73400000e-08  9.08463901e-02 
 3.73600000e-08  9.10641571e-02 
 3.73800000e-08  9.12680955e-02 
 3.74000000e-08  9.14581865e-02 
 3.74200000e-08  9.16344127e-02 
 3.74400000e-08  9.17967580e-02 
 3.74600000e-08  9.19452075e-02 
 3.74800000e-08  9.20797479e-02 
 3.75000000e-08  9.22003671e-02 
 3.75200000e-08  9.23070540e-02 
 3.75400000e-08  9.23997994e-02 
 3.75600000e-08  9.24785947e-02 
 3.75800000e-08  9.25434331e-02 
 3.76000000e-08  9.25943088e-02 
 3.76200000e-08  9.26312174e-02 
 3.76400000e-08  9.26541555e-02 
 3.76600000e-08  9.26631212e-02 
 3.76800000e-08  9.26581138e-02 
 3.77000000e-08  9.26391337e-02 
 3.77200000e-08  9.26061826e-02 
 3.77400000e-08  9.25592637e-02 
 3.77600000e-08  9.24983810e-02 
 3.77800000e-08  9.24235402e-02 
 3.78000000e-08  9.23347478e-02 
 3.78200000e-08  9.22320120e-02 
 3.78400000e-08  9.21153419e-02 
 3.78600000e-08  9.19847482e-02 
 3.78800000e-08  9.18402427e-02 
 3.79000000e-08  9.16818385e-02 
 3.79200000e-08  9.15095501e-02 
 3.79400000e-08  9.13233933e-02 
 3.79600000e-08  9.11233852e-02 
 3.79800000e-08  9.09095442e-02 
 3.80000000e-08  9.06818903e-02 
 3.80200000e-08  9.04404446e-02 
 3.80400000e-08  9.01852299e-02 
 3.80600000e-08  8.99162702e-02 
 3.80800000e-08  8.96335911e-02 
 3.81000000e-08  8.93372196e-02 
 3.81200000e-08  8.90271842e-02 
 3.81400000e-08  8.87035149e-02 
 3.81600000e-08  8.83662434e-02 
 3.81800000e-08  8.80154026e-02 
 3.82000000e-08  8.76510275e-02 
 3.82200000e-08  8.72731542e-02 
 3.82400000e-08  8.68818209e-02 
 3.82600000e-08  8.64770671e-02 
 3.82800000e-08  8.60589343e-02 
 3.83000000e-08  8.56274655e-02 
 3.83200000e-08  8.51827055e-02 
 3.83400000e-08  8.47247010e-02 
 3.83600000e-08  8.42535003e-02 
 3.83800000e-08  8.37691538e-02 
 3.84000000e-08  8.32717135e-02 
 3.84200000e-08  8.27612335e-02 
 3.84400000e-08  8.22377696e-02 
 3.84600000e-08  8.17013798e-02 
 3.84800000e-08  8.11521239e-02 
 3.85000000e-08  8.05900637e-02 
 3.85200000e-08  8.00152632e-02 
 3.85400000e-08  7.94277882e-02 
 3.85600000e-08  7.88277067e-02 
 3.85800000e-08  7.82150890e-02 
 3.86000000e-08  7.75900071e-02 
 3.86200000e-08  7.69525355e-02 
 3.86400000e-08  7.63027508e-02 
 3.86600000e-08  7.56407318e-02 
 3.86800000e-08  7.49665594e-02 
 3.87000000e-08  7.42803170e-02 
 3.87200000e-08  7.35820899e-02 
 3.87400000e-08  7.28719660e-02 
 3.87600000e-08  7.21500353e-02 
 3.87800000e-08  7.14163904e-02 
 3.88000000e-08  7.06711258e-02 
 3.88200000e-08  6.99143387e-02 
 3.88400000e-08  6.91461286e-02 
 3.88600000e-08  6.83665971e-02 
 3.88800000e-08  6.75758487e-02 
 3.89000000e-08  6.67739898e-02 
 3.89200000e-08  6.59611294e-02 
 3.89400000e-08  6.51373790e-02 
 3.89600000e-08  6.43028523e-02 
 3.89800000e-08  6.34576657e-02 
 3.90000000e-08  6.26019378e-02 
 3.90200000e-08  6.17357896e-02 
 3.90400000e-08  6.08593447e-02 
 3.90600000e-08  5.99727290e-02 
 3.90800000e-08  5.90760708e-02 
 3.91000000e-08  5.81695009e-02 
 3.91200000e-08  5.72531524e-02 
 3.91400000e-08  5.63271610e-02 
 3.91600000e-08  5.53916645e-02 
 3.91800000e-08  5.44468032e-02 
 3.92000000e-08  5.34927199e-02 
 3.92200000e-08  5.25295595e-02 
 3.92400000e-08  5.15574694e-02 
 3.92600000e-08  5.05765992e-02 
 3.92800000e-08  4.95871009e-02 
 3.93000000e-08  4.85891287e-02 
 3.93200000e-08  4.75828390e-02 
 3.93400000e-08  4.65683906e-02 
 3.93600000e-08  4.55459444e-02 
 3.93800000e-08  4.45156633e-02 
 3.94000000e-08  4.34777125e-02 
 3.94200000e-08  4.24322594e-02 
 3.94400000e-08  4.13794733e-02 
 3.94600000e-08  4.03195255e-02 
 3.94800000e-08  3.92525896e-02 
 3.95000000e-08  3.81788409e-02 
 3.95200000e-08  3.70984566e-02 
 3.95400000e-08  3.60116160e-02 
 3.95600000e-08  3.49185000e-02 
 3.95800000e-08  3.38192916e-02 
 3.96000000e-08  3.27141753e-02 
 3.96200000e-08  3.16033375e-02 
 3.96400000e-08  3.04869660e-02 
 3.96600000e-08  2.93652506e-02 
 3.96800000e-08  2.82383823e-02 
 3.97000000e-08  2.71065538e-02 
 3.97200000e-08  2.59699593e-02 
 3.97400000e-08  2.48287945e-02 
 3.97600000e-08  2.36832560e-02 
 3.97800000e-08  2.25335424e-02 
 3.98000000e-08  2.13798529e-02 
 3.98200000e-08  2.02223883e-02 
 3.98400000e-08  1.90613505e-02 
 3.98600000e-08  1.78969422e-02 
 3.98800000e-08  1.67293675e-02 
 3.99000000e-08  1.55588312e-02 
 3.99200000e-08  1.43855390e-02 
 3.99400000e-08  1.32096977e-02 
 3.99600000e-08  1.20315145e-02 
 3.99800000e-08  1.08511976e-02 
 4.00000000e-08  9.66895576e-03 
 4.00200000e-08  8.48499828e-03 
 4.00400000e-08  7.29953504e-03 
 4.00600000e-08  6.11277637e-03 
 4.00800000e-08  4.92493297e-03 
 4.01000000e-08  3.73621591e-03 
 4.01200000e-08  2.54683648e-03 
 4.01400000e-08  1.35700621e-03 
 4.01600000e-08  1.66936730e-04 
 4.01800000e-08 -1.02316024e-03 
 4.02000000e-08 -2.21307299e-03 
 4.02200000e-08 -3.40258986e-03 
 4.02400000e-08 -4.59149933e-03 
 4.02600000e-08 -5.77959007e-03 
 4.02800000e-08 -6.96665100e-03 
 4.03000000e-08 -8.15247139e-03 
 4.03200000e-08 -9.33684086e-03 
 4.03400000e-08 -1.05195495e-02 
 4.03600000e-08 -1.17003880e-02 
 4.03800000e-08 -1.28791474e-02 
 4.04000000e-08 -1.40556196e-02 
 4.04200000e-08 -1.52295973e-02 
 4.04400000e-08 -1.64008735e-02 
 4.04600000e-08 -1.75692426e-02 
 4.04800000e-08 -1.87344996e-02 
 4.05000000e-08 -1.98964403e-02 
 4.05200000e-08 -2.10548619e-02 
 4.05400000e-08 -2.22095624e-02 
 4.05600000e-08 -2.33603409e-02 
 4.05800000e-08 -2.45069979e-02 
 4.06000000e-08 -2.56493350e-02 
 4.06200000e-08 -2.67871550e-02 
 4.06400000e-08 -2.79202624e-02 
 4.06600000e-08 -2.90484626e-02 
 4.06800000e-08 -3.01715629e-02 
 4.07000000e-08 -3.12893718e-02 
 4.07200000e-08 -3.24016997e-02 
 4.07400000e-08 -3.35083582e-02 
 4.07600000e-08 -3.46091608e-02 
 4.07800000e-08 -3.57039227e-02 
 4.08000000e-08 -3.67924608e-02 
 4.08200000e-08 -3.78745937e-02 
 4.08400000e-08 -3.89501420e-02 
 4.08600000e-08 -4.00189281e-02 
 4.08800000e-08 -4.10807762e-02 
 4.09000000e-08 -4.21355126e-02 
 4.09200000e-08 -4.31829656e-02 
 4.09400000e-08 -4.42229654e-02 
 4.09600000e-08 -4.52553443e-02 
 4.09800000e-08 -4.62799368e-02 
 4.10000000e-08 -4.72965794e-02 
 4.10200000e-08 -4.83051108e-02 
 4.10400000e-08 -4.93053718e-02 
 4.10600000e-08 -5.02972055e-02 
 4.10800000e-08 -5.12804572e-02 
 4.11000000e-08 -5.22549744e-02 
 4.11200000e-08 -5.32206070e-02 
 4.11400000e-08 -5.41772071e-02 
 4.11600000e-08 -5.51246291e-02 
 4.11800000e-08 -5.60627297e-02 
 4.12000000e-08 -5.69913682e-02 
 4.12200000e-08 -5.79104058e-02 
 4.12400000e-08 -5.88197066e-02 
 4.12600000e-08 -5.97191366e-02 
 4.12800000e-08 -6.06085645e-02 
 4.13000000e-08 -6.14878613e-02 
 4.13200000e-08 -6.23569004e-02 
 4.13400000e-08 -6.32155576e-02 
 4.13600000e-08 -6.40637112e-02 
 4.13800000e-08 -6.49012416e-02 
 4.14000000e-08 -6.57280321e-02 
 4.14200000e-08 -6.65439680e-02 
 4.14400000e-08 -6.73489372e-02 
 4.14600000e-08 -6.81428300e-02 
 4.14800000e-08 -6.89255390e-02 
 4.15000000e-08 -6.96969592e-02 
 4.15200000e-08 -7.04569881e-02 
 4.15400000e-08 -7.12055254e-02 
 4.15600000e-08 -7.19424733e-02 
 4.15800000e-08 -7.26677363e-02 
 4.16000000e-08 -7.33812211e-02 
 4.16200000e-08 -7.40828369e-02 
 4.16400000e-08 -7.47724952e-02 
 4.16600000e-08 -7.54501097e-02 
 4.16800000e-08 -7.61155962e-02 
 4.17000000e-08 -7.67688731e-02 
 4.17200000e-08 -7.74098608e-02 
 4.17400000e-08 -7.80384819e-02 
 4.17600000e-08 -7.86546613e-02 
 4.17800000e-08 -7.92583260e-02 
 4.18000000e-08 -7.98494050e-02 
 4.18200000e-08 -8.04278297e-02 
 4.18400000e-08 -8.09935333e-02 
 4.18600000e-08 -8.15464513e-02 
 4.18800000e-08 -8.20865210e-02 
 4.19000000e-08 -8.26136819e-02 
 4.19200000e-08 -8.31278755e-02 
 4.19400000e-08 -8.36290451e-02 
 4.19600000e-08 -8.41171360e-02 
 4.19800000e-08 -8.45920954e-02 
 4.20000000e-08 -8.50538725e-02 
 4.20200000e-08 -8.55024181e-02 
 4.20400000e-08 -8.59376851e-02 
 4.20600000e-08 -8.63596280e-02 
 4.20800000e-08 -8.67682031e-02 
 4.21000000e-08 -8.71633685e-02 
 4.21200000e-08 -8.75450839e-02 
 4.21400000e-08 -8.79133109e-02 
 4.21600000e-08 -8.82680125e-02 
 4.21800000e-08 -8.86091535e-02 
 4.22000000e-08 -8.89367003e-02 
 4.22200000e-08 -8.92506208e-02 
 4.22400000e-08 -8.95508845e-02 
 4.22600000e-08 -8.98374625e-02 
 4.22800000e-08 -9.01103273e-02 
 4.23000000e-08 -9.03694529e-02 
 4.23200000e-08 -9.06148148e-02 
 4.23400000e-08 -9.08463901e-02 
 4.23600000e-08 -9.10641571e-02 
 4.23800000e-08 -9.12680955e-02 
 4.24000000e-08 -9.14581865e-02 
 4.24200000e-08 -9.16344127e-02 
 4.24400000e-08 -9.17967580e-02 
 4.24600000e-08 -9.19452075e-02 
 4.24800000e-08 -9.20797479e-02 
 4.25000000e-08 -9.22003671e-02 
 4.25200000e-08 -9.23070540e-02 
 4.25400000e-08 -9.23997994e-02 
 4.25600000e-08 -9.24785947e-02 
 4.25800000e-08 -9.25434331e-02 
 4.26000000e-08 -9.25943088e-02 
 4.26200000e-08 -9.26312174e-02 
 4.26400000e-08 -9.26541555e-02 
 4.26600000e-08 -9.26631212e-02 
 4.26800000e-08 -9.26581138e-02 
 4.27000000e-08 -9.26391337e-02 
 4.27200000e-08 -9.26061826e-02 
 4.27400000e-08 -9.25592637e-02 
 4.27600000e-08 -9.24983810e-02 
 4.27800000e-08 -9.24235402e-02 
 4.28000000e-08 -9.23347478e-02 
 4.28200000e-08 -9.22320120e-02 
 4.28400000e-08 -9.21153419e-02 
 4.28600000e-08 -9.19847482e-02 
 4.28800000e-08 -9.18402427e-02 
 4.29000000e-08 -9.16818385e-02 
 4.29200000e-08 -9.15095501e-02 
 4.29400000e-08 -9.13233933e-02 
 4.29600000e-08 -9.11233852e-02 
 4.29800000e-08 -9.09095442e-02 
 4.30000000e-08 -9.06818903e-02 
 4.30200000e-08 -9.04404446e-02 
 4.30400000e-08 -9.01852299e-02 
 4.30600000e-08 -8.99162702e-02 
 4.30800000e-08 -8.96335911e-02 
 4.31000000e-08 -8.93372196e-02 
 4.31200000e-08 -8.90271842e-02 
 4.31400000e-08 -8.87035149e-02 
 4.31600000e-08 -8.83662434e-02 
 4.31800000e-08 -8.80154026e-02 
 4.32000000e-08 -8.76510275e-02 
 4.32200000e-08 -8.72731542e-02 
 4.32400000e-08 -8.68818209e-02 
 4.32600000e-08 -8.64770671e-02 
 4.32800000e-08 -8.60589343e-02 
 4.33000000e-08 -8.56274655e-02 
 4.33200000e-08 -8.51827055e-02 
 4.33400000e-08 -8.47247010e-02 
 4.33600000e-08 -8.42535003e-02 
 4.33800000e-08 -8.37691538e-02 
 4.34000000e-08 -8.32717135e-02 
 4.34200000e-08 -8.27612335e-02 
 4.34400000e-08 -8.22377696e-02 
 4.34600000e-08 -8.17013798e-02 
 4.34800000e-08 -8.11521239e-02 
 4.35000000e-08 -8.05900637e-02 
 4.35200000e-08 -8.00152632e-02 
 4.35400000e-08 -7.94277882e-02 
 4.35600000e-08 -7.88277067e-02 
 4.35800000e-08 -7.82150890e-02 
 4.36000000e-08 -7.75900071e-02 
 4.36200000e-08 -7.69525355e-02 
 4.36400000e-08 -7.63027508e-02 
 4.36600000e-08 -7.56407318e-02 
 4.36800000e-08 -7.49665594e-02 
 4.37000000e-08 -7.42803170e-02 
 4.37200000e-08 -7.35820899e-02 
 4.37400000e-08 -7.28719660e-02 
 4.37600000e-08 -7.21500353e-02 
 4.37800000e-08 -7.14163904e-02 
 4.38000000e-08 -7.06711258e-02 
 4.38200000e-08 -6.99143387e-02 
 4.38400000e-08 -6.91461286e-02 
 4.38600000e-08 -6.83665971e-02 
 4.38800000e-08 -6.75758487e-02 
 4.39000000e-08 -6.67739898e-02 
 4.39200000e-08 -6.59611294e-02 
 4.39400000e-08 -6.51373790e-02 
 4.39600000e-08 -6.43028523e-02 
 4.39800000e-08 -6.34576657e-02 
 4.40000000e-08 -6.26019378e-02 
 4.40200000e-08 -6.17357896e-02 
 4.40400000e-08 -6.08593447e-02 
 4.40600000e-08 -5.99727290e-02 
 4.40800000e-08 -5.90760708e-02 
 4.41000000e-08 -5.81695009e-02 
 4.41200000e-08 -5.72531524e-02 
 4.41400000e-08 -5.63271610e-02 
 4.41600000e-08 -5.53916645e-02 
 4.41800000e-08 -5.44468032e-02 
 4.42000000e-08 -5.34927199e-02 
 4.42200000e-08 -5.25295595e-02 
 4.42400000e-08 -5.15574694e-02 
 4.42600000e-08 -5.05765992e-02 
 4.42800000e-08 -4.95871009e-02 
 4.43000000e-08 -4.85891287e-02 
 4.43200000e-08 -4.75828390e-02 
 4.43400000e-08 -4.65683906e-02 
 4.43600000e-08 -4.55459444e-02 
 4.43800000e-08 -4.45156633e-02 
 4.44000000e-08 -4.34777125e-02 
 4.44200000e-08 -4.24322594e-02 
 4.44400000e-08 -4.13794733e-02 
 4.44600000e-08 -4.03195255e-02 
 4.44800000e-08 -3.92525896e-02 
 4.45000000e-08 -3.81788409e-02 
 4.45200000e-08 -3.70984566e-02 
 4.45400000e-08 -3.60116160e-02 
 4.45600000e-08 -3.49185000e-02 
 4.45800000e-08 -3.38192916e-02 
 4.46000000e-08 -3.27141753e-02 
 4.46200000e-08 -3.16033375e-02 
 4.46400000e-08 -3.04869660e-02 
 4.46600000e-08 -2.93652506e-02 
 4.46800000e-08 -2.82383823e-02 
 4.47000000e-08 -2.71065538e-02 
 4.47200000e-08 -2.59699593e-02 
 4.47400000e-08 -2.48287945e-02 
 4.47600000e-08 -2.36832560e-02 
 4.47800000e-08 -2.25335424e-02 
 4.48000000e-08 -2.13798529e-02 
 4.48200000e-08 -2.02223883e-02 
 4.48400000e-08 -1.90613505e-02 
 4.48600000e-08 -1.78969422e-02 
 4.48800000e-08 -1.67293675e-02 
 4.49000000e-08 -1.55588312e-02 
 4.49200000e-08 -1.43855390e-02 
 4.49400000e-08 -1.32096977e-02 
 4.49600000e-08 -1.20315145e-02 
 4.49800000e-08 -1.08511976e-02 
 4.50000000e-08 -9.66895576e-03 
 4.50200000e-08 -8.48499828e-03 
 4.50400000e-08 -7.29953504e-03 
 4.50600000e-08 -6.11277637e-03 
 4.50800000e-08 -4.92493297e-03 
 4.51000000e-08 -3.73621591e-03 
 4.51200000e-08 -2.54683648e-03 
 4.51400000e-08 -1.35700621e-03 
 4.51600000e-08 -1.66936730e-04 
 4.51800000e-08  1.02316024e-03 
 4.52000000e-08  2.21307299e-03 
 4.52200000e-08  3.40258986e-03 
 4.52400000e-08  4.59149933e-03 
 4.52600000e-08  5.77959007e-03 
 4.52800000e-08  6.96665100e-03 
 4.53000000e-08  8.15247139e-03 
 4.53200000e-08  9.33684086e-03 
 4.53400000e-08  1.05195495e-02 
 4.53600000e-08  1.17003880e-02 
 4.53800000e-08  1.28791474e-02 
 4.54000000e-08  1.40556196e-02 
 4.54200000e-08  1.52295973e-02 
 4.54400000e-08  1.64008735e-02 
 4.54600000e-08  1.75692426e-02 
 4.54800000e-08  1.87344996e-02 
 4.55000000e-08  1.98964403e-02 
 4.55200000e-08  2.10548619e-02 
 4.55400000e-08  2.22095624e-02 
 4.55600000e-08  2.33603409e-02 
 4.55800000e-08  2.45069979e-02 
 4.56000000e-08  2.56493350e-02 
 4.56200000e-08  2.67871550e-02 
 4.56400000e-08  2.79202624e-02 
 4.56600000e-08  2.90484626e-02 
 4.56800000e-08  3.01715629e-02 
 4.57000000e-08  3.12893718e-02 
 4.57200000e-08  3.24016997e-02 
 4.57400000e-08  3.35083582e-02 
 4.57600000e-08  3.46091608e-02 
 4.57800000e-08  3.57039227e-02 
 4.58000000e-08  3.67924608e-02 
 4.58200000e-08  3.78745937e-02 
 4.58400000e-08  3.89501420e-02 
 4.58600000e-08  4.00189281e-02 
 4.58800000e-08  4.10807762e-02 
 4.59000000e-08  4.21355126e-02 
 4.59200000e-08  4.31829656e-02 
 4.59400000e-08  4.42229654e-02 
 4.59600000e-08  4.52553443e-02 
 4.59800000e-08  4.62799368e-02 
 4.60000000e-08  4.72965794e-02 
 4.60200000e-08  4.83051108e-02 
 4.60400000e-08  4.93053718e-02 
 4.60600000e-08  5.02972055e-02 
 4.60800000e-08  5.12804572e-02 
 4.61000000e-08  5.22549744e-02 
 4.61200000e-08  5.32206070e-02 
 4.61400000e-08  5.41772071e-02 
 4.61600000e-08  5.51246291e-02 
 4.61800000e-08  5.60627297e-02 
 4.62000000e-08  5.69913682e-02 
 4.62200000e-08  5.79104058e-02 
 4.62400000e-08  5.88197066e-02 
 4.62600000e-08  5.97191366e-02 
 4.62800000e-08  6.06085645e-02 
 4.63000000e-08  6.14878613e-02 
 4.63200000e-08  6.23569004e-02 
 4.63400000e-08  6.32155576e-02 
 4.63600000e-08  6.40637112e-02 
 4.63800000e-08  6.49012416e-02 
 4.64000000e-08  6.57280321e-02 
 4.64200000e-08  6.65439680e-02 
 4.64400000e-08  6.73489372e-02 
 4.64600000e-08  6.81428300e-02 
 4.64800000e-08  6.89255390e-02 
 4.65000000e-08  6.96969592e-02 
 4.65200000e-08  7.04569881e-02 
 4.65400000e-08  7.12055254e-02 
 4.65600000e-08  7.19424733e-02 
 4.65800000e-08  7.26677363e-02 
 4.66000000e-08  7.33812211e-02 
 4.66200000e-08  7.40828369e-02 
 4.66400000e-08  7.47724952e-02 
 4.66600000e-08  7.54501097e-02 
 4.66800000e-08  7.61155962e-02 
 4.67000000e-08  7.67688731e-02 
 4.67200000e-08  7.74098608e-02 
 4.67400000e-08  7.80384819e-02 
 4.67600000e-08  7.86546613e-02 
 4.67800000e-08  7.92583260e-02 
 4.68000000e-08  7.98494050e-02 
 4.68200000e-08  8.04278297e-02 
 4.68400000e-08  8.09935333e-02 
 4.68600000e-08  8.15464513e-02 
 4.68800000e-08  8.20865210e-02 
 4.69000000e-08  8.26136819e-02 
 4.69200000e-08  8.31278755e-02 
 4.69400000e-08  8.36290451e-02 
 4.69600000e-08  8.41171360e-02 
 4.69800000e-08  8.45920954e-02 
 4.70000000e-08  8.50538725e-02 
 4.70200000e-08  8.55024181e-02 
 4.70400000e-08  8.59376851e-02 
 4.70600000e-08  8.63596280e-02 
 4.70800000e-08  8.67682031e-02 
 4.71000000e-08  8.71633685e-02 
 4.71200000e-08  8.75450839e-02 
 4.71400000e-08  8.79133109e-02 
 4.71600000e-08  8.82680125e-02 
 4.71800000e-08  8.86091535e-02 
 4.72000000e-08  8.89367003e-02 
 4.72200000e-08  8.92506208e-02 
 4.72400000e-08  8.95508845e-02 
 4.72600000e-08  8.98374625e-02 
 4.72800000e-08  9.01103273e-02 
 4.73000000e-08  9.03694529e-02 
 4.73200000e-08  9.06148148e-02 
 4.73400000e-08  9.08463901e-02 
 4.73600000e-08  9.10641571e-02 
 4.73800000e-08  9.12680955e-02 
 4.74000000e-08  9.14581865e-02 
 4.74200000e-08  9.16344127e-02 
 4.74400000e-08  9.17967580e-02 
 4.74600000e-08  9.19452075e-02 
 4.74800000e-08  9.20797479e-02 
 4.75000000e-08  9.22003671e-02 
 4.75200000e-08  9.23070540e-02 
 4.75400000e-08  9.23997994e-02 
 4.75600000e-08  9.24785947e-02 
 4.75800000e-08  9.25434331e-02 
 4.76000000e-08  9.25943088e-02 
 4.76200000e-08  9.26312174e-02 
 4.76400000e-08  9.26541555e-02 
 4.76600000e-08  9.26631212e-02 
 4.76800000e-08  9.26581138e-02 
 4.77000000e-08  9.26391337e-02 
 4.77200000e-08  9.26061826e-02 
 4.77400000e-08  9.25592637e-02 
 4.77600000e-08  9.24983810e-02 
 4.77800000e-08  9.24235402e-02 
 4.78000000e-08  9.23347478e-02 
 4.78200000e-08  9.22320120e-02 
 4.78400000e-08  9.21153419e-02 
 4.78600000e-08  9.19847482e-02 
 4.78800000e-08  9.18402427e-02 
 4.79000000e-08  9.16818385e-02 
 4.79200000e-08  9.15095501e-02 
 4.79400000e-08  9.13233933e-02 
 4.79600000e-08  9.11233852e-02 
 4.79800000e-08  9.09095442e-02 
 4.80000000e-08  9.06818903e-02 
 4.80200000e-08  9.04404446e-02 
 4.80400000e-08  9.01852299e-02 
 4.80600000e-08  8.99162702e-02 
 4.80800000e-08  8.96335911e-02 
 4.81000000e-08  8.93372196e-02 
 4.81200000e-08  8.90271842e-02 
 4.81400000e-08  8.87035149e-02 
 4.81600000e-08  8.83662434e-02 
 4.81800000e-08  8.80154026e-02 
 4.82000000e-08  8.76510275e-02 
 4.82200000e-08  8.72731542e-02 
 4.82400000e-08  8.68818209e-02 
 4.82600000e-08  8.64770671e-02 
 4.82800000e-08  8.60589343e-02 
 4.83000000e-08  8.56274655e-02 
 4.83200000e-08  8.51827055e-02 
 4.83400000e-08  8.47247010e-02 
 4.83600000e-08  8.42535003e-02 
 4.83800000e-08  8.37691538e-02 
 4.84000000e-08  8.32717135e-02 
 4.84200000e-08  8.27612335e-02 
 4.84400000e-08  8.22377696e-02 
 4.84600000e-08  8.17013798e-02 
 4.84800000e-08  8.11521239e-02 
 4.85000000e-08  8.05900637e-02 
 4.85200000e-08  8.00152632e-02 
 4.85400000e-08  7.94277882e-02 
 4.85600000e-08  7.88277067e-02 
 4.85800000e-08  7.82150890e-02 
 4.86000000e-08  7.75900071e-02 
 4.86200000e-08  7.69525355e-02 
 4.86400000e-08  7.63027508e-02 
 4.86600000e-08  7.56407318e-02 
 4.86800000e-08  7.49665594e-02 
 4.87000000e-08  7.42803170e-02 
 4.87200000e-08  7.35820899e-02 
 4.87400000e-08  7.28719660e-02 
 4.87600000e-08  7.21500353e-02 
 4.87800000e-08  7.14163904e-02 
 4.88000000e-08  7.06711258e-02 
 4.88200000e-08  6.99143387e-02 
 4.88400000e-08  6.91461286e-02 
 4.88600000e-08  6.83665971e-02 
 4.88800000e-08  6.75758487e-02 
 4.89000000e-08  6.67739898e-02 
 4.89200000e-08  6.59611294e-02 
 4.89400000e-08  6.51373790e-02 
 4.89600000e-08  6.43028523e-02 
 4.89800000e-08  6.34576657e-02 
 4.90000000e-08  6.26019378e-02 
 4.90200000e-08  6.17357896e-02 
 4.90400000e-08  6.08593447e-02 
 4.90600000e-08  5.99727290e-02 
 4.90800000e-08  5.90760708e-02 
 4.91000000e-08  5.81695009e-02 
 4.91200000e-08  5.72531524e-02 
 4.91400000e-08  5.63271610e-02 
 4.91600000e-08  5.53916645e-02 
 4.91800000e-08  5.44468032e-02 
 4.92000000e-08  5.34927199e-02 
 4.92200000e-08  5.25295595e-02 
 4.92400000e-08  5.15574694e-02 
 4.92600000e-08  5.05765992e-02 
 4.92800000e-08  4.95871009e-02 
 4.93000000e-08  4.85891287e-02 
 4.93200000e-08  4.75828390e-02 
 4.93400000e-08  4.65683906e-02 
 4.93600000e-08  4.55459444e-02 
 4.93800000e-08  4.45156633e-02 
 4.94000000e-08  4.34777125e-02 
 4.94200000e-08  4.24322594e-02 
 4.94400000e-08  4.13794733e-02 
 4.94600000e-08  4.03195255e-02 
 4.94800000e-08  3.92525896e-02 
 4.95000000e-08  3.81788409e-02 
 4.95200000e-08  3.70984566e-02 
 4.95400000e-08  3.60116160e-02 
 4.95600000e-08  3.49185000e-02 
 4.95800000e-08  3.38192916e-02 
 4.96000000e-08  3.27141753e-02 
 4.96200000e-08  3.16033375e-02 
 4.96400000e-08  3.04869660e-02 
 4.96600000e-08  2.93652506e-02 
 4.96800000e-08  2.82383823e-02 
 4.97000000e-08  2.71065538e-02 
 4.97200000e-08  2.59699593e-02 
 4.97400000e-08  2.48287945e-02 
 4.97600000e-08  2.36832560e-02 
 4.97800000e-08  2.25335424e-02 
 4.98000000e-08  2.13798529e-02 
 4.98200000e-08  2.02223883e-02 
 4.98400000e-08  1.90613505e-02 
 4.98600000e-08  1.78969422e-02 
 4.98800000e-08  1.67293675e-02 
 4.99000000e-08  1.55588312e-02 
 4.99200000e-08  1.43855390e-02 
 4.99400000e-08  1.32096977e-02 
 4.99600000e-08  1.20315145e-02 
 4.99800000e-08  1.08511976e-02 
 5.00000000e-08  9.66895576e-03 
 5.00200000e-08  8.48499828e-03 
 5.00400000e-08  7.29953504e-03 
 5.00600000e-08  6.11277637e-03 
 5.00800000e-08  4.92493297e-03 
 5.01000000e-08  3.73621591e-03 
 5.01200000e-08  2.54683648e-03 
 5.01400000e-08  1.35700621e-03 
 5.01600000e-08  1.66936730e-04 
 5.01800000e-08 -1.02316024e-03 
 5.02000000e-08 -2.21307299e-03 
 5.02200000e-08 -3.40258986e-03 
 5.02400000e-08 -4.59149933e-03 
 5.02600000e-08 -5.77959007e-03 
 5.02800000e-08 -6.96665100e-03 
 5.03000000e-08 -8.15247139e-03 
 5.03200000e-08 -9.33684086e-03 
 5.03400000e-08 -1.05195495e-02 
 5.03600000e-08 -1.17003880e-02 
 5.03800000e-08 -1.28791474e-02 
 5.04000000e-08 -1.40556196e-02 
 5.04200000e-08 -1.52295973e-02 
 5.04400000e-08 -1.64008735e-02 
 5.04600000e-08 -1.75692426e-02 
 5.04800000e-08 -1.87344996e-02 
 5.05000000e-08 -1.98964403e-02 
 5.05200000e-08 -2.10548619e-02 
 5.05400000e-08 -2.22095624e-02 
 5.05600000e-08 -2.33603409e-02 
 5.05800000e-08 -2.45069979e-02 
 5.06000000e-08 -2.56493350e-02 
 5.06200000e-08 -2.67871550e-02 
 5.06400000e-08 -2.79202624e-02 
 5.06600000e-08 -2.90484626e-02 
 5.06800000e-08 -3.01715629e-02 
 5.07000000e-08 -3.12893718e-02 
 5.07200000e-08 -3.24016997e-02 
 5.07400000e-08 -3.35083582e-02 
 5.07600000e-08 -3.46091608e-02 
 5.07800000e-08 -3.57039227e-02 
 5.08000000e-08 -3.67924608e-02 
 5.08200000e-08 -3.78745937e-02 
 5.08400000e-08 -3.89501420e-02 
 5.08600000e-08 -4.00189281e-02 
 5.08800000e-08 -4.10807762e-02 
 5.09000000e-08 -4.21355126e-02 
 5.09200000e-08 -4.31829656e-02 
 5.09400000e-08 -4.42229654e-02 
 5.09600000e-08 -4.52553443e-02 
 5.09800000e-08 -4.62799368e-02 
 5.10000000e-08 -4.72965794e-02 
 5.10200000e-08 -4.83051108e-02 
 5.10400000e-08 -4.93053718e-02 
 5.10600000e-08 -5.02972055e-02 
 5.10800000e-08 -5.12804572e-02 
 5.11000000e-08 -5.22549744e-02 
 5.11200000e-08 -5.32206070e-02 
 5.11400000e-08 -5.41772071e-02 
 5.11600000e-08 -5.51246291e-02 
 5.11800000e-08 -5.60627297e-02 
 5.12000000e-08 -5.69913682e-02 
 5.12200000e-08 -5.79104058e-02 
 5.12400000e-08 -5.88197066e-02 
 5.12600000e-08 -5.97191366e-02 
 5.12800000e-08 -6.06085645e-02 
 5.13000000e-08 -6.14878613e-02 
 5.13200000e-08 -6.23569004e-02 
 5.13400000e-08 -6.32155576e-02 
 5.13600000e-08 -6.40637112e-02 
 5.13800000e-08 -6.49012416e-02 
 5.14000000e-08 -6.57280321e-02 
 5.14200000e-08 -6.65439680e-02 
 5.14400000e-08 -6.73489372e-02 
 5.14600000e-08 -6.81428300e-02 
 5.14800000e-08 -6.89255390e-02 
 5.15000000e-08 -6.96969592e-02 
 5.15200000e-08 -7.04569881e-02 
 5.15400000e-08 -7.12055254e-02 
 5.15600000e-08 -7.19424733e-02 
 5.15800000e-08 -7.26677363e-02 
 5.16000000e-08 -7.33812211e-02 
 5.16200000e-08 -7.40828369e-02 
 5.16400000e-08 -7.47724952e-02 
 5.16600000e-08 -7.54501097e-02 
 5.16800000e-08 -7.61155962e-02 
 5.17000000e-08 -7.67688731e-02 
 5.17200000e-08 -7.74098608e-02 
 5.17400000e-08 -7.80384819e-02 
 5.17600000e-08 -7.86546613e-02 
 5.17800000e-08 -7.92583260e-02 
 5.18000000e-08 -7.98494050e-02 
 5.18200000e-08 -8.04278297e-02 
 5.18400000e-08 -8.09935333e-02 
 5.18600000e-08 -8.15464513e-02 
 5.18800000e-08 -8.20865210e-02 
 5.19000000e-08 -8.26136819e-02 
 5.19200000e-08 -8.31278755e-02 
 5.19400000e-08 -8.36290451e-02 
 5.19600000e-08 -8.41171360e-02 
 5.19800000e-08 -8.45920954e-02 
 5.20000000e-08 -8.50538725e-02 
 5.20200000e-08 -8.55024181e-02 
 5.20400000e-08 -8.59376851e-02 
 5.20600000e-08 -8.63596280e-02 
 5.20800000e-08 -8.67682031e-02 
 5.21000000e-08 -8.71633685e-02 
 5.21200000e-08 -8.75450839e-02 
 5.21400000e-08 -8.79133109e-02 
 5.21600000e-08 -8.82680125e-02 
 5.21800000e-08 -8.86091535e-02 
 5.22000000e-08 -8.89367003e-02 
 5.22200000e-08 -8.92506208e-02 
 5.22400000e-08 -8.95508845e-02 
 5.22600000e-08 -8.98374625e-02 
 5.22800000e-08 -9.01103273e-02 
 5.23000000e-08 -9.03694529e-02 
 5.23200000e-08 -9.06148148e-02 
 5.23400000e-08 -9.08463901e-02 
 5.23600000e-08 -9.10641571e-02 
 5.23800000e-08 -9.12680955e-02 
 5.24000000e-08 -9.14581865e-02 
 5.24200000e-08 -9.16344127e-02 
 5.24400000e-08 -9.17967580e-02 
 5.24600000e-08 -9.19452075e-02 
 5.24800000e-08 -9.20797479e-02 
 5.25000000e-08 -9.22003671e-02 
 5.25200000e-08 -9.23070540e-02 
 5.25400000e-08 -9.23997994e-02 
 5.25600000e-08 -9.24785947e-02 
 5.25800000e-08 -9.25434331e-02 
 5.26000000e-08 -9.25943088e-02 
 5.26200000e-08 -9.26312174e-02 
 5.26400000e-08 -9.26541555e-02 
 5.26600000e-08 -9.26631212e-02 
 5.26800000e-08 -9.26581138e-02 
 5.27000000e-08 -9.26391337e-02 
 5.27200000e-08 -9.26061826e-02 
 5.27400000e-08 -9.25592637e-02 
 5.27600000e-08 -9.24983810e-02 
 5.27800000e-08 -9.24235402e-02 
 5.28000000e-08 -9.23347478e-02 
 5.28200000e-08 -9.22320120e-02 
 5.28400000e-08 -9.21153419e-02 
 5.28600000e-08 -9.19847482e-02 
 5.28800000e-08 -9.18402427e-02 
 5.29000000e-08 -9.16818385e-02 
 5.29200000e-08 -9.15095501e-02 
 5.29400000e-08 -9.13233933e-02 
 5.29600000e-08 -9.11233852e-02 
 5.29800000e-08 -9.09095442e-02 
 5.30000000e-08 -9.06818903e-02 
 5.30200000e-08 -9.04404446e-02 
 5.30400000e-08 -9.01852299e-02 
 5.30600000e-08 -8.99162702e-02 
 5.30800000e-08 -8.96335911e-02 
 5.31000000e-08 -8.93372196e-02 
 5.31200000e-08 -8.90271842e-02 
 5.31400000e-08 -8.87035149e-02 
 5.31600000e-08 -8.83662434e-02 
 5.31800000e-08 -8.80154026e-02 
 5.32000000e-08 -8.76510275e-02 
 5.32200000e-08 -8.72731542e-02 
 5.32400000e-08 -8.68818209e-02 
 5.32600000e-08 -8.64770671e-02 
 5.32800000e-08 -8.60589343e-02 
 5.33000000e-08 -8.56274655e-02 
 5.33200000e-08 -8.51827055e-02 
 5.33400000e-08 -8.47247010e-02 
 5.33600000e-08 -8.42535003e-02 
 5.33800000e-08 -8.37691538e-02 
 5.34000000e-08 -8.32717135e-02 
 5.34200000e-08 -8.27612335e-02 
 5.34400000e-08 -8.22377696e-02 
 5.34600000e-08 -8.17013798e-02 
 5.34800000e-08 -8.11521239e-02 
 5.35000000e-08 -8.05900637e-02 
 5.35200000e-08 -8.00152632e-02 
 5.35400000e-08 -7.94277882e-02 
 5.35600000e-08 -7.88277067e-02 
 5.35800000e-08 -7.82150890e-02 
 5.36000000e-08 -7.75900071e-02 
 5.36200000e-08 -7.69525355e-02 
 5.36400000e-08 -7.63027508e-02 
 5.36600000e-08 -7.56407318e-02 
 5.36800000e-08 -7.49665594e-02 
 5.37000000e-08 -7.42803170e-02 
 5.37200000e-08 -7.35820899e-02 
 5.37400000e-08 -7.28719660e-02 
 5.37600000e-08 -7.21500353e-02 
 5.37800000e-08 -7.14163904e-02 
 5.38000000e-08 -7.06711258e-02 
 5.38200000e-08 -6.99143387e-02 
 5.38400000e-08 -6.91461286e-02 
 5.38600000e-08 -6.83665971e-02 
 5.38800000e-08 -6.75758487e-02 
 5.39000000e-08 -6.67739898e-02 
 5.39200000e-08 -6.59611294e-02 
 5.39400000e-08 -6.51373790e-02 
 5.39600000e-08 -6.43028523e-02 
 5.39800000e-08 -6.34576657e-02 
 5.40000000e-08 -6.26019378e-02 
 5.40200000e-08 -6.17357896e-02 
 5.40400000e-08 -6.08593447e-02 
 5.40600000e-08 -5.99727290e-02 
 5.40800000e-08 -5.90760708e-02 
 5.41000000e-08 -5.81695009e-02 
 5.41200000e-08 -5.72531524e-02 
 5.41400000e-08 -5.63271610e-02 
 5.41600000e-08 -5.53916645e-02 
 5.41800000e-08 -5.44468032e-02 
 5.42000000e-08 -5.34927199e-02 
 5.42200000e-08 -5.25295595e-02 
 5.42400000e-08 -5.15574694e-02 
 5.42600000e-08 -5.05765992e-02 
 5.42800000e-08 -4.95871009e-02 
 5.43000000e-08 -4.85891287e-02 
 5.43200000e-08 -4.75828390e-02 
 5.43400000e-08 -4.65683906e-02 
 5.43600000e-08 -4.55459444e-02 
 5.43800000e-08 -4.45156633e-02 
 5.44000000e-08 -4.34777125e-02 
 5.44200000e-08 -4.24322594e-02 
 5.44400000e-08 -4.13794733e-02 
 5.44600000e-08 -4.03195255e-02 
 5.44800000e-08 -3.92525896e-02 
 5.45000000e-08 -3.81788409e-02 
 5.45200000e-08 -3.70984566e-02 
 5.45400000e-08 -3.60116160e-02 
 5.45600000e-08 -3.49185000e-02 
 5.45800000e-08 -3.38192916e-02 
 5.46000000e-08 -3.27141753e-02 
 5.46200000e-08 -3.16033375e-02 
 5.46400000e-08 -3.04869660e-02 
 5.46600000e-08 -2.93652506e-02 
 5.46800000e-08 -2.82383823e-02 
 5.47000000e-08 -2.71065538e-02 
 5.47200000e-08 -2.59699593e-02 
 5.47400000e-08 -2.48287945e-02 
 5.47600000e-08 -2.36832560e-02 
 5.47800000e-08 -2.25335424e-02 
 5.48000000e-08 -2.13798529e-02 
 5.48200000e-08 -2.02223883e-02 
 5.48400000e-08 -1.90613505e-02 
 5.48600000e-08 -1.78969422e-02 
 5.48800000e-08 -1.67293675e-02 
 5.49000000e-08 -1.55588312e-02 
 5.49200000e-08 -1.43855390e-02 
 5.49400000e-08 -1.32096977e-02 
 5.49600000e-08 -1.20315145e-02 
 5.49800000e-08 -1.08511976e-02 
 5.50000000e-08 -9.66895576e-03 
 5.50200000e-08 -8.48499828e-03 
 5.50400000e-08 -7.29953504e-03 
 5.50600000e-08 -6.11277637e-03 
 5.50800000e-08 -4.92493297e-03 
 5.51000000e-08 -3.73621591e-03 
 5.51200000e-08 -2.54683648e-03 
 5.51400000e-08 -1.35700621e-03 
 5.51600000e-08 -1.66936730e-04 
 5.51800000e-08  1.02316024e-03 
 5.52000000e-08  2.21307299e-03 
 5.52200000e-08  3.40258986e-03 
 5.52400000e-08  4.59149933e-03 
 5.52600000e-08  5.77959007e-03 
 5.52800000e-08  6.96665100e-03 
 5.53000000e-08  8.15247139e-03 
 5.53200000e-08  9.33684086e-03 
 5.53400000e-08  1.05195495e-02 
 5.53600000e-08  1.17003880e-02 
 5.53800000e-08  1.28791474e-02 
 5.54000000e-08  1.40556196e-02 
 5.54200000e-08  1.52295973e-02 
 5.54400000e-08  1.64008735e-02 
 5.54600000e-08  1.75692426e-02 
 5.54800000e-08  1.87344996e-02 
 5.55000000e-08  1.98964403e-02 
 5.55200000e-08  2.10548619e-02 
 5.55400000e-08  2.22095624e-02 
 5.55600000e-08  2.33603409e-02 
 5.55800000e-08  2.45069979e-02 
 5.56000000e-08  2.56493350e-02 
 5.56200000e-08  2.67871550e-02 
 5.56400000e-08  2.79202624e-02 
 5.56600000e-08  2.90484626e-02 
 5.56800000e-08  3.01715629e-02 
 5.57000000e-08  3.12893718e-02 
 5.57200000e-08  3.24016997e-02 
 5.57400000e-08  3.35083582e-02 
 5.57600000e-08  3.46091608e-02 
 5.57800000e-08  3.57039227e-02 
 5.58000000e-08  3.67924608e-02 
 5.58200000e-08  3.78745937e-02 
 5.58400000e-08  3.89501420e-02 
 5.58600000e-08  4.00189281e-02 
 5.58800000e-08  4.10807762e-02 
 5.59000000e-08  4.21355126e-02 
 5.59200000e-08  4.31829656e-02 
 5.59400000e-08  4.42229654e-02 
 5.59600000e-08  4.52553443e-02 
 5.59800000e-08  4.62799368e-02 
 5.60000000e-08  4.72965794e-02 
 5.60200000e-08  4.83051108e-02 
 5.60400000e-08  4.93053718e-02 
 5.60600000e-08  5.02972055e-02 
 5.60800000e-08  5.12804572e-02 
 5.61000000e-08  5.22549744e-02 
 5.61200000e-08  5.32206070e-02 
 5.61400000e-08  5.41772071e-02 
 5.61600000e-08  5.51246291e-02 
 5.61800000e-08  5.60627297e-02 
 5.62000000e-08  5.69913682e-02 
 5.62200000e-08  5.79104058e-02 
 5.62400000e-08  5.88197066e-02 
 5.62600000e-08  5.97191366e-02 
 5.62800000e-08  6.06085645e-02 
 5.63000000e-08  6.14878613e-02 
 5.63200000e-08  6.23569004e-02 
 5.63400000e-08  6.32155576e-02 
 5.63600000e-08  6.40637112e-02 
 5.63800000e-08  6.49012416e-02 
 5.64000000e-08  6.57280321e-02 
 5.64200000e-08  6.65439680e-02 
 5.64400000e-08  6.73489372e-02 
 5.64600000e-08  6.81428300e-02 
 5.64800000e-08  6.89255390e-02 
 5.65000000e-08  6.96969592e-02 
 5.65200000e-08  7.04569881e-02 
 5.65400000e-08  7.12055254e-02 
 5.65600000e-08  7.19424733e-02 
 5.65800000e-08  7.26677363e-02 
 5.66000000e-08  7.33812211e-02 
 5.66200000e-08  7.40828369e-02 
 5.66400000e-08  7.47724952e-02 
 5.66600000e-08  7.54501097e-02 
 5.66800000e-08  7.61155962e-02 
 5.67000000e-08  7.67688731e-02 
 5.67200000e-08  7.74098608e-02 
 5.67400000e-08  7.80384819e-02 
 5.67600000e-08  7.86546613e-02 
 5.67800000e-08  7.92583260e-02 
 5.68000000e-08  7.98494050e-02 
 5.68200000e-08  8.04278297e-02 
 5.68400000e-08  8.09935333e-02 
 5.68600000e-08  8.15464513e-02 
 5.68800000e-08  8.20865210e-02 
 5.69000000e-08  8.26136819e-02 
 5.69200000e-08  8.31278755e-02 
 5.69400000e-08  8.36290451e-02 
 5.69600000e-08  8.41171360e-02 
 5.69800000e-08  8.45920954e-02 
 5.70000000e-08  8.50538725e-02 
 5.70200000e-08  8.55024181e-02 
 5.70400000e-08  8.59376851e-02 
 5.70600000e-08  8.63596280e-02 
 5.70800000e-08  8.67682031e-02 
 5.71000000e-08  8.71633685e-02 
 5.71200000e-08  8.75450839e-02 
 5.71400000e-08  8.79133109e-02 
 5.71600000e-08  8.82680125e-02 
 5.71800000e-08  8.86091535e-02 
 5.72000000e-08  8.89367003e-02 
 5.72200000e-08  8.92506208e-02 
 5.72400000e-08  8.95508845e-02 
 5.72600000e-08  8.98374625e-02 
 5.72800000e-08  9.01103273e-02 
 5.73000000e-08  9.03694529e-02 
 5.73200000e-08  9.06148148e-02 
 5.73400000e-08  9.08463901e-02 
 5.73600000e-08  9.10641571e-02 
 5.73800000e-08  9.12680955e-02 
 5.74000000e-08  9.14581865e-02 
 5.74200000e-08  9.16344127e-02 
 5.74400000e-08  9.17967580e-02 
 5.74600000e-08  9.19452075e-02 
 5.74800000e-08  9.20797479e-02 
 5.75000000e-08  9.22003671e-02 
 5.75200000e-08  9.23070540e-02 
 5.75400000e-08  9.23997994e-02 
 5.75600000e-08  9.24785947e-02 
 5.75800000e-08  9.25434331e-02 
 5.76000000e-08  9.25943088e-02 
 5.76200000e-08  9.26312174e-02 
 5.76400000e-08  9.26541555e-02 
 5.76600000e-08  9.26631212e-02 
 5.76800000e-08  9.26581138e-02 
 5.77000000e-08  9.26391337e-02 
 5.77200000e-08  9.26061826e-02 
 5.77400000e-08  9.25592637e-02 
 5.77600000e-08  9.24983810e-02 
 5.77800000e-08  9.24235402e-02 
 5.78000000e-08  9.23347478e-02 
 5.78200000e-08  9.22320120e-02 
 5.78400000e-08  9.21153419e-02 
 5.78600000e-08  9.19847482e-02 
 5.78800000e-08  9.18402427e-02 
 5.79000000e-08  9.16818385e-02 
 5.79200000e-08  9.15095501e-02 
 5.79400000e-08  9.13233933e-02 
 5.79600000e-08  9.11233852e-02 
 5.79800000e-08  9.09095442e-02 
 5.80000000e-08  9.06818903e-02 
 5.80200000e-08  9.04404446e-02 
 5.80400000e-08  9.01852299e-02 
 5.80600000e-08  8.99162702e-02 
 5.80800000e-08  8.96335911e-02 
 5.81000000e-08  8.93372196e-02 
 5.81200000e-08  8.90271842e-02 
 5.81400000e-08  8.87035149e-02 
 5.81600000e-08  8.83662434e-02 
 5.81800000e-08  8.80154026e-02 
 5.82000000e-08  8.76510275e-02 
 5.82200000e-08  8.72731542e-02 
 5.82400000e-08  8.68818209e-02 
 5.82600000e-08  8.64770671e-02 
 5.82800000e-08  8.60589343e-02 
 5.83000000e-08  8.56274655e-02 
 5.83200000e-08  8.51827055e-02 
 5.83400000e-08  8.47247010e-02 
 5.83600000e-08  8.42535003e-02 
 5.83800000e-08  8.37691538e-02 
 5.84000000e-08  8.32717135e-02 
 5.84200000e-08  8.27612335e-02 
 5.84400000e-08  8.22377696e-02 
 5.84600000e-08  8.17013798e-02 
 5.84800000e-08  8.11521239e-02 
 5.85000000e-08  8.05900637e-02 
 5.85200000e-08  8.00152632e-02 
 5.85400000e-08  7.94277882e-02 
 5.85600000e-08  7.88277067e-02 
 5.85800000e-08  7.82150890e-02 
 5.86000000e-08  7.75900071e-02 
 5.86200000e-08  7.69525355e-02 
 5.86400000e-08  7.63027508e-02 
 5.86600000e-08  7.56407318e-02 
 5.86800000e-08  7.49665594e-02 
 5.87000000e-08  7.42803170e-02 
 5.87200000e-08  7.35820899e-02 
 5.87400000e-08  7.28719660e-02 
 5.87600000e-08  7.21500353e-02 
 5.87800000e-08  7.14163904e-02 
 5.88000000e-08  7.06711258e-02 
 5.88200000e-08  6.99143387e-02 
 5.88400000e-08  6.91461286e-02 
 5.88600000e-08  6.83665971e-02 
 5.88800000e-08  6.75758487e-02 
 5.89000000e-08  6.67739898e-02 
 5.89200000e-08  6.59611294e-02 
 5.89400000e-08  6.51373790e-02 
 5.89600000e-08  6.43028523e-02 
 5.89800000e-08  6.34576657e-02 
 5.90000000e-08  6.26019378e-02 
 5.90200000e-08  6.17357896e-02 
 5.90400000e-08  6.08593447e-02 
 5.90600000e-08  5.99727290e-02 
 5.90800000e-08  5.90760708e-02 
 5.91000000e-08  5.81695009e-02 
 5.91200000e-08  5.72531524e-02 
 5.91400000e-08  5.63271610e-02 
 5.91600000e-08  5.53916645e-02 
 5.91800000e-08  5.44468032e-02 
 5.92000000e-08  5.34927199e-02 
 5.92200000e-08  5.25295595e-02 
 5.92400000e-08  5.15574694e-02 
 5.92600000e-08  5.05765992e-02 
 5.92800000e-08  4.95871009e-02 
 5.93000000e-08  4.85891287e-02 
 5.93200000e-08  4.75828390e-02 
 5.93400000e-08  4.65683906e-02 
 5.93600000e-08  4.55459444e-02 
 5.93800000e-08  4.45156633e-02 
 5.94000000e-08  4.34777125e-02 
 5.94200000e-08  4.24322594e-02 
 5.94400000e-08  4.13794733e-02 
 5.94600000e-08  4.03195255e-02 
 5.94800000e-08  3.92525896e-02 
 5.95000000e-08  3.81788409e-02 
 5.95200000e-08  3.70984566e-02 
 5.95400000e-08  3.60116160e-02 
 5.95600000e-08  3.49185000e-02 
 5.95800000e-08  3.38192916e-02 
 5.96000000e-08  3.27141753e-02 
 5.96200000e-08  3.16033375e-02 
 5.96400000e-08  3.04869660e-02 
 5.96600000e-08  2.93652506e-02 
 5.96800000e-08  2.82383823e-02 
 5.97000000e-08  2.71065538e-02 
 5.97200000e-08  2.59699593e-02 
 5.97400000e-08  2.48287944e-02 
 5.97600000e-08  2.36832560e-02 
 5.97800000e-08  2.25335424e-02 
 5.98000000e-08  2.13798529e-02 
 5.98200000e-08  2.02223883e-02 
 5.98400000e-08  1.90613505e-02 
 5.98600000e-08  1.78969422e-02 
 5.98800000e-08  1.67293675e-02 
 5.99000000e-08  1.55588312e-02 
 5.99200000e-08  1.43855390e-02 
 5.99400000e-08  1.32096977e-02 
 5.99600000e-08  1.20315145e-02 
 5.99800000e-08  1.08511976e-02 
 6.00000000e-08  9.66912504e-03 
