 1.00000000e+06 -5.81043619e-02  6.88858837e-05 
 1.05932636e+06 -5.81043553e-02  7.29726222e-05 
 1.12217233e+06 -5.81043479e-02  7.73018101e-05 
 1.18874673e+06 -5.81043397e-02  8.18878306e-05 
 1.25927075e+06 -5.81043304e-02  8.67459204e-05 
 1.33397869e+06 -5.81043200e-02  9.18922197e-05 
 1.41311879e+06 -5.81043083e-02  9.73438264e-05 
 1.49695398e+06 -5.81042952e-02  1.03118853e-04 
 1.58576281e+06 -5.81042805e-02  1.09236485e-04 
 1.67984034e+06 -5.81042639e-02  1.15717047e-04 
 1.77949915e+06 -5.81042454e-02  1.22582070e-04 
 1.88507036e+06 -5.81042246e-02  1.29854361e-04 
 1.99690471e+06 -5.81042013e-02  1.37558079e-04 
 2.11537380e+06 -5.81041751e-02  1.45718818e-04 
 2.24087122e+06 -5.81041457e-02  1.54363689e-04 
 2.37381395e+06 -5.81041127e-02  1.63521411e-04 
 2.51464369e+06 -5.81040757e-02  1.73222405e-04 
 2.66382834e+06 -5.81040342e-02  1.83498898e-04 
 2.82186357e+06 -5.81039876e-02  1.94385028e-04 
 2.98927446e+06 -5.81039353e-02  2.05916957e-04 
 3.16661723e+06 -5.81038766e-02  2.18132989e-04 
 3.35448110e+06 -5.81038107e-02  2.31073704e-04 
 3.55349024e+06 -5.81037368e-02  2.44782083e-04 
 3.76430588e+06 -5.81036539e-02  2.59303658e-04 
 3.98762844e+06 -5.81035608e-02  2.74686659e-04 
 4.22419991e+06 -5.81034564e-02  2.90982176e-04 
 4.47480631e+06 -5.81033392e-02  3.08244326e-04 
 4.74028027e+06 -5.81032077e-02  3.26530431e-04 
 5.02150383e+06 -5.81030602e-02  3.45901214e-04 
 5.31941137e+06 -5.81028946e-02  3.66420991e-04 
 5.63499267e+06 -5.81027087e-02  3.88157890e-04 
 5.96929627e+06 -5.81025002e-02  4.11184072e-04 
 6.32343288e+06 -5.81022662e-02  4.35575971e-04 
 6.69857912e+06 -5.81020037e-02  4.61414547e-04 
 7.09598142e+06 -5.81017090e-02  4.88785548e-04 
 7.51696016e+06 -5.81013784e-02  5.17779797e-04 
 7.96291403e+06 -5.81010074e-02  5.48493486e-04 
 8.43532472e+06 -5.81005910e-02  5.81028495e-04 
 8.93576181e+06 -5.81001239e-02  6.15492723e-04 
 9.46588802e+06 -5.80995996e-02  6.52000441e-04 
 1.00274647e+07 -5.80990114e-02  6.90672666e-04 
 1.06223576e+07 -5.80983513e-02  7.31637553e-04 
 1.12525434e+07 -5.80976106e-02  7.75030812e-04 
 1.19201159e+07 -5.80967795e-02  8.20996146e-04 
 1.26272929e+07 -5.80958468e-02  8.69685715e-04 
 1.33764242e+07 -5.80948004e-02  9.21260625e-04 
 1.41699988e+07 -5.80936262e-02  9.75891443e-04 
 1.50106532e+07 -5.80923087e-02  1.03375874e-03 
 1.59011806e+07 -5.80908303e-02  1.09505366e-03 
 1.68445397e+07 -5.80891716e-02  1.15997854e-03 
 1.78438649e+07 -5.80873105e-02  1.22874750e-03 
 1.89024764e+07 -5.80852224e-02  1.30158716e-03 
 2.00238915e+07 -5.80828795e-02  1.37873730e-03 
 2.12118361e+07 -5.80802510e-02  1.46045160e-03 
 2.24702570e+07 -5.80773020e-02  1.54699842e-03 
 2.38033356e+07 -5.80739936e-02  1.63866157e-03 
 2.52155008e+07 -5.80702820e-02  1.73574117e-03 
 2.67114446e+07 -5.80661183e-02  1.83855449e-03 
 2.82961373e+07 -5.80614475e-02  1.94743686e-03 
 2.99748441e+07 -5.80562083e-02  2.06274261e-03 
 3.17531424e+07 -5.80503316e-02  2.18484602e-03 
 3.36369407e+07 -5.80437403e-02  2.31414228e-03 
 3.56324979e+07 -5.80363480e-02  2.45104854e-03 
 3.77464443e+07 -5.80280578e-02  2.59600488e-03 
 3.99858033e+07 -5.80187614e-02  2.74947539e-03 
 4.23580154e+07 -5.80083376e-02  2.91194917e-03 
 4.48709622e+07 -5.79966509e-02  3.08394135e-03 
 4.75329930e+07 -5.79835496e-02  3.26599410e-03 
 5.03529523e+07 -5.79688643e-02  3.45867758e-03 
 5.33402096e+07 -5.79524058e-02  3.66259084e-03 
 5.65046900e+07 -5.79339629e-02  3.87836264e-03 
 5.98569075e+07 -5.79132998e-02  4.10665216e-03 
 6.34079998e+07 -5.78901537e-02  4.34814953e-03 
 6.71697655e+07 -5.78642319e-02  4.60357629e-03 
 7.11547031e+07 -5.78352086e-02  4.87368544e-03 
 7.53760525e+07 -5.78027215e-02  5.15926142e-03 
 7.98478392e+07 -5.77663682e-02  5.46111960e-03 
 8.45849207e+07 -5.77257025e-02  5.78010540e-03 
 8.96030360e+07 -5.76802302e-02  6.11709297e-03 
 9.49188578e+07 -5.76294046e-02  6.47298327e-03 
 1.00550048e+08 -5.75726226e-02  6.84870146e-03 
 1.06515316e+08 -5.75092197e-02  7.24519354e-03 
 1.12834482e+08 -5.74384658e-02  7.66342214e-03 
 1.19528541e+08 -5.73595607e-02  8.10436124e-03 
 1.26619734e+08 -5.72716301e-02  8.56898986e-03 
 1.34131621e+08 -5.71737217e-02  9.05828448e-03 
 1.42089162e+08 -5.70648028e-02  9.57321012e-03 
 1.50518795e+08 -5.69437575e-02  1.01147101e-02 
 1.59448526e+08 -5.68093871e-02  1.06836943e-02 
 1.68908027e+08 -5.66604104e-02  1.12810259e-02 
 1.78928725e+08 -5.64954674e-02  1.19075071e-02 
 1.89543915e+08 -5.63131252e-02  1.25638633e-02 
 2.00788865e+08 -5.61118874e-02  1.32507265e-02 
 2.12700937e+08 -5.58902070e-02  1.39686188e-02 
 2.25319709e+08 -5.56465042e-02  1.47179351e-02 
 2.38687107e+08 -5.53791887e-02  1.54989276e-02 
 2.52847543e+08 -5.50866876e-02  1.63116927e-02 
 2.67848067e+08 -5.47674787e-02  1.71561602e-02 
 2.83738518e+08 -5.44201297e-02  1.80320881e-02 
 3.00571690e+08 -5.40433418e-02  1.89390643e-02 
 3.18403514e+08 -5.36359989e-02  1.98765157e-02 
 3.37293235e+08 -5.31972188e-02  2.08437282e-02 
 3.57303614e+08 -5.27264061e-02  2.18398777e-02 
 3.78501137e+08 -5.22233032e-02  2.28640753e-02 
 4.00956231e+08 -5.16880376e-02  2.39154249e-02 
 4.24743504e+08 -5.11211604e-02  2.49930954e-02 
 4.49941989e+08 -5.05236739e-02  2.60964052e-02 
 4.76635408e+08 -4.98970431e-02  2.72249178e-02 
 5.04912451e+08 -4.92431888e-02  2.83785446e-02 
 5.34867068e+08 -4.85644596e-02  2.95576505e-02 
 5.66598783e+08 -4.78635816e-02  3.07631580e-02 
 6.00213026e+08 -4.71435850e-02  3.19966438e-02 
 6.35821479e+08 -4.64077106e-02  3.32604218e-02 
 6.73542451e+08 -4.56592991e-02  3.45576083e-02 
 7.13501272e+08 -4.49016677e-02  3.58921654e-02 
 7.55830704e+08 -4.41379801e-02  3.72689186e-02 
 8.00671387e+08 -4.33711159e-02  3.86935513e-02 
 8.48172305e+08 -4.26035461e-02  4.01725732e-02 
 8.98491278e+08 -4.18372189e-02  4.17132691e-02 
 9.51795494e+08 -4.10734620e-02  4.33236302e-02 
 1.00826205e+09 -4.03129018e-02  4.50122740e-02 
 1.06807857e+09 -3.95554017e-02  4.67883579e-02 
 1.13144378e+09 -3.88000197e-02  4.86614915e-02 
 1.19856822e+09 -3.80449806e-02  5.06416528e-02 
 1.26967491e+09 -3.72876633e-02  5.27391117e-02 
 1.34500010e+09 -3.65245958e-02  5.49643623e-02 
 1.42479405e+09 -3.57514569e-02  5.73280665e-02 
 1.50932190e+09 -3.49630788e-02  5.98410087e-02 
 1.59886447e+09 -3.41534478e-02  6.25140595e-02 
 1.69371927e+09 -3.33156989e-02  6.53581483e-02 
 1.79420147e+09 -3.24421035e-02  6.83842412e-02 
 1.90064491e+09 -3.15240461e-02  7.16033226e-02 
 2.01340325e+09 -3.05519905e-02  7.50263763e-02 
 2.13285113e+09 -2.95154338e-02  7.86643635e-02 
 2.25938542e+09 -2.84028476e-02  8.25281952e-02 
 2.39342653e+09 -2.72016086e-02  8.66286940e-02 
 2.53541981e+09 -2.58979163e-02  9.09765439e-02 
 2.68583703e+09 -2.44767020e-02  9.55822233e-02 
 2.84517796e+09 -2.29215286e-02  1.00455919e-01 
 3.01397201e+09 -2.12144841e-02  1.05607417e-01 
 3.19277999e+09 -1.93360719e-02  1.11045968e-01 
 3.38219600e+09 -1.72651002e-02  1.16780120e-01 
 3.58284937e+09 -1.49785756e-02  1.22817521e-01 
 3.79540678e+09 -1.24516056e-02  1.29164686e-01 
 4.02057444e+09 -9.65731649e-03  1.35826720e-01 
 4.25910048e+09 -6.56679338e-03  1.42807001e-01 
 4.51177740e+09 -3.14905239e-03  1.50106823e-01 
 4.77944472e+09  6.28945711e-04  1.57724988e-01 
 5.06299177e+09  4.80222784e-03  1.65657359e-01 
 5.36336063e+09  9.40767392e-03  1.73896372e-01 
 5.68154929e+09  1.44838002e-02  1.82430515e-01 
 6.01861492e+09  2.00704456e-02  1.91243780e-01 
 6.37567742e+09  2.62083444e-02  2.00315104e-01 
 6.75392314e+09  3.29385713e-02  2.09617827e-01 
 7.15460881e+09  4.03018453e-02  2.19119172e-01 
 7.57906569e+09  4.83376828e-02  2.28779798e-01 
 8.02870406e+09  5.70833964e-02  2.38553449e-01 
 8.50501783e+09  6.65729440e-02  2.48386742e-01 
 9.00958956e+09  7.68356414e-02  2.58219155e-01 
 9.54409570e+09  8.78947669e-02  2.67983234e-01 
 1.01103121e+10  9.97660982e-02  2.77605089e-01 
 1.07101201e+10  1.12456439e-01  2.87005205e-01 
 1.13455126e+10  1.25962205e-01  2.96099598e-01 
 1.20186005e+10  1.40268161e-01  3.04801327e-01 
 1.27316203e+10  1.55346391e-01  3.13022350e-01 
 1.34869410e+10  1.71155609e-01  3.20675682e-01 
 1.42870721e+10  1.87640897e-01  3.27677794e-01 
 1.51346720e+10  2.04733942e-01  3.33951153e-01 
 1.60325570e+10  2.22353833e-01  3.39426778e-01 
 1.69837102e+10  2.40408420e-01  3.44046685e-01 
 1.79912919e+10  2.58796235e-01  3.47766060e-01 
 1.90586497e+10  2.77408884e-01  3.50555033e-01 
 2.01893300e+10  2.96133837e-01  3.52399931e-01 
 2.13870894e+10  3.14857444e-01  3.53303905e-01 
 2.26559075e+10  3.33468057e-01  3.53286910e-01 
 2.40000000e+10  3.51859059e-01  3.52385014e-01 
